-26.730469
-25.336061
-24.059841
-22.422246
-21.748543
-21.416460
-20.635128
-18.631560
-15.552214
-12.749263
-9.348222
-4.597732
0.066928
3.996917
6.996734
9.005070
11.058024
13.508286
16.688449
19.586257
21.854469
23.913554
25.738137
27.346781
27.778660
27.124371
25.198119
23.080792
21.411691
20.143986
19.229991
18.233061
16.883271
14.967237
12.315001
9.373597
6.680148
3.112555
-0.646285
-3.951788
-6.476470
-8.808545
-11.682681
-14.435393
-16.810383
-19.327402
-21.468060
-23.497513
-25.516748
-26.798078
-27.546031
-26.734556
-25.109393
-23.965154
-22.236960
-21.287203
-20.952736
-20.247698
-18.525294
-15.442882
-12.613876
-9.700400
-5.271435
-0.515325
3.576449
6.604706
8.802755
10.694947
12.818745
15.728814
18.502474
20.811387
23.021528
25.072438
26.813745
27.403321
26.905877
25.188071
23.034641
21.349362
20.122698
19.191844
18.277339
17.093420
15.310560
12.914964
9.952443
7.233279
4.038640
0.060286
-3.297159
-5.904266
-8.037090
-10.673489
-13.484103
-15.824352
-18.450873
-20.652499
-22.752285
-24.837766
-26.227065
-27.237790
-26.782240
-25.330271
-24.192163
-22.669860
-21.580628
-21.321774
-20.756721
-19.242082
-16.376632
-13.369492
-10.574034
-6.264448
-1.425913
2.775022
6.094149
8.371047
10.353667
12.568576
15.538931
18.401146
20.848342
22.899594
24.823972
26.721784
27.568511
27.367728
25.821584
23.689270
21.736792
20.296233
19.355501
18.564292
17.400299
15.645708
13.384819
10.578121
7.833753
4.667895
0.752892
-2.745049
-5.588872
-7.824217
-10.313647
-13.252667
-15.679938
-18.354484
-20.696947
-22.784131
-24.956465
-26.535988
-27.555908
-27.311359
-25.713103
-24.544341
-22.867067
-21.661179
-21.275112
-20.747014
-19.511325
-16.610282
-13.590370
-10.836465
-6.991114
-2.120393
2.133506
5.661930
7.931505
10.008471
12.201752
14.861822
17.856019
20.381553
22.610937
24.564607
26.461056
27.498688
27.407919
26.100704
23.987123
22.106000
20.721640
19.616399
18.561397
17.520019
15.939644
13.723033
10.929278
8.178779
5.264963
1.409224
-2.280133
-5.361353
-7.576602
-9.952102
-12.783664
-15.367270
-17.836435
-20.245995
-22.220271
-24.494614
-26.069369
-27.122157
-27.418137
-26.106664
-24.821418
-23.330280
-21.810872
-21.342720
-20.977088
-19.952229
-17.515251
-14.307840
-11.528730
-7.884502
-2.933741
1.537630
5.294255
7.740429
9.729692
11.927400
14.457021
17.529896
20.121166
22.284985
24.278675
26.066644
27.347973
27.414049
26.336568
24.307626
22.168500
20.711081
19.655398
18.708195
17.703601
16.165801
14.129026
11.417525
8.519377
5.724260
2.085652
-1.725640
-4.717622
-7.013083
-9.308032
-12.197154
-14.723028
-17.270361
-19.738504
-21.750246
-23.968220
-25.830269
-26.925462
-27.270487
-25.990691
-24.638346
-23.265736
-21.845273
-21.240541
-20.940304
-20.027331
-17.753329
-14.621701
-11.985983
-8.655105
-3.942762
0.547171
4.375151
7.053954
9.139947
11.238371
13.627665
16.684362
19.412211
21.699837
23.764712
25.701012
27.228594
27.507373
26.751416
24.787698
22.760119
21.280221
20.099538
19.163745
18.130200
16.615561
14.693056
12.004716
8.933885
6.172657
2.620220
-1.258680
-4.343305
-6.784201
-8.978673
-11.818068
-14.368125
-16.930784
-19.537210
-21.620989
-23.849181
-25.778328
-26.926143
-27.456965
-26.497160
-25.212594
-23.944889
-22.273404
-21.589143
-21.306787
-20.532778
-18.632412
-15.309368
-12.547800
-9.444611
-4.783017
0.012262
3.957748
6.851298
9.045941
11.203970
13.617958
16.512700
19.361973
21.622522
23.661341
25.551660
27.048077
27.689423
27.073451
25.272199
23.066657
21.397046
20.086765
19.183329
18.136501
16.829457
15.063626
12.497050
9.597540
6.804466
3.504923
-0.414678
-3.764118
-6.317922
-8.536918
-11.282137
-14.097350
-16.455991
-19.000598
-21.181958
-23.407766
-25.495972
-26.788201
-27.554035
-26.768957
-25.343554
-24.072613
-22.358724
-21.427189
-21.215337
-20.684174
-18.800838
-15.733412
-12.838159
-9.892838
-5.410228
-0.600474
3.469331
6.513255
8.661236
10.666847
12.905598
15.803405
18.600907
21.086250
23.209027
25.014196
26.729448
27.498177
27.065958
25.414399
23.154702
21.539586
20.297595
19.237314
18.258606
16.918182
15.249593
12.847866
9.855543
7.159369
3.943784
-0.016689
-3.472737
-6.169932
-8.285046
-10.881424
-13.709749
-16.056470
-18.665109
-20.857538
-22.985254
-25.082656
-26.374034
-27.275596
-26.934828
-25.518622
-24.479798
-22.807802
-21.611452
-21.291801
-20.706143
-19.289425
-16.342912
-13.228995
-10.440860
-6.076438
-1.403945
2.815723
6.027562
8.429970
10.489396
12.668541
15.313625
18.176862
20.742927
22.867407
24.765389
26.496478
27.424097
27.206625
25.697436
23.352759
21.712610
20.312922
19.313438
18.502644
17.465012
15.845810
13.617618
10.580165
7.860831
4.809414
1.008511
-2.605745
-5.477326
-7.544245
-10.029588
-13.061932
-15.532800
-18.106358
-20.485095
-22.505862
-24.796895
-26.350362
-27.276788
-27.091503
-25.706972
-24.493762
-22.945234
-21.671397
-21.404198
-20.990542
-19.652843
-16.887699
-13.876813
-11.226109
-7.278579
-2.542904
1.785755
5.237886
7.701772
9.879896
12.001651
14.636517
17.634630
20.308154
22.553716
24.449996
26.429551
27.588436
27.592012
26.376929
24.131536
22.316830
20.969425
19.723347
18.761839
17.677375
16.133615
13.975757
11.097193
8.299521
5.428110
1.526390
-2.364601
-5.298512
-7.659367
-9.817226
-12.778555
-15.331847
-17.903192
-20.245654
-22.376776
-24.657079
-26.330267
-27.334520
-27.398041
-26.144811
-24.899074
-23.373876
-21.878992
-21.505015
-21.075181
-20.022392
-17.458882
-14.252152
-11.664288
-7.805484
-2.837522
1.583951
5.287443
7.938317
10.084936
12.169906
14.590195
17.727954
20.393814
22.597313
24.364846
26.232004
27.480636
27.520316
26.507548
24.252960
22.247178
20.719085
19.557987
18.506220
17.612832
16.154562
14.028719
11.153732
8.349589
5.508150
1.970870
-1.925571
-4.915169
-7.236855
-9.414128
-12.481213
-14.992441
-17.384461
-19.810029
-21.911178
-24.165937
-25.873525
-27.000223
-27.261632
-26.054382
-24.777651
-23.291622
-21.840845
-21.299805
-21.051679
-20.054238
-17.794882
-14.532975
-12.034348
-8.591754
-3.879241
0.615290
4.393544
7.006100
9.145396
11.292696
13.742447
16.604151
19.313097
21.703414
23.634093
25.768621
27.215992
27.458327
26.598998
24.627107
22.691318
21.161352
19.930431
18.956491
18.021039
16.520364
14.680283
11.936426
9.032658
6.356239
2.703667
-1.335655
-4.458598
-6.868669
-8.964709
-11.896917
-14.476946
-16.889572
-19.517626
-21.704776
-23.942164
-25.751591
-26.950836
-27.565616
-26.522705
-25.156736
-23.891756
-22.125925
-21.463803
-21.288054
-20.378317
-18.311228
-15.173980
-12.315171
-9.069272
-4.285063
0.432730
4.217965
7.120541
9.150505
11.211634
13.635499
16.652175
19.548961
21.790436
23.703575
25.604452
27.153492
27.542795
26.830775
24.888005
22.711924
21.041121
19.847836
18.792663
18.025466
16.709396
14.773267
12.165989
9.208236
6.615264
3.147636
-0.792231
-4.036256
-6.522281
-8.696488
-11.588676
-14.352458
-16.669035
-19.302198
-21.304233
-23.512500
-25.534289
-26.690790
-27.321577
-26.613814
-25.022541
-23.811204
-22.120987
-21.294185
-21.002974
-20.224367
-18.436909
-15.373741
-12.667690
-9.744508
-5.210808
-0.532866
3.462519
6.419591
8.674519
10.798659
12.956176
15.758787
18.645014
20.958696
23.070574
25.036165
26.816300
27.478422
26.958670
25.322097
23.149082
21.516085
20.259789
19.162723
18.466030
17.186233
15.418189
12.972185
10.095324
7.364409
3.986870
0.066246
-3.317424
-5.905458
-8.038793
-10.839360
-13.602291
-15.926872
-18.621513
-20.859071
-23.140226
-25.086233
-26.361431
-27.350017
-26.847805
-25.452886
-24.326359
-22.756713
-21.691493
-21.516766
-20.826885
-19.337450
-16.435214
-13.390269
-10.512386
-6.193093
-1.414674
2.813680
6.084612
8.400338
10.400840
12.716566
15.594619
18.593243
21.052190
23.160151
24.998699
26.877948
27.623687
27.290242
25.822265
23.700680
21.786179
20.295722
19.320931
18.455642
17.273426
15.610967
13.358934
10.394880
7.606574
4.475968
0.513622
-2.961840
-5.826780
-7.986171
-10.562624
-13.465030
-15.822990
-18.447127
-20.781074
-22.886651
-24.960382
-26.457650
-27.480125
-27.042287
-25.496823
-24.221965
-22.745473
-21.413735
-21.081482
-20.650285
-19.338812
-16.410862
-13.367449
-10.645900
-6.791864
-1.999821
2.286434
5.741630
8.103848
10.040658
12.187277
14.910698
17.870835
20.379850
22.624561
24.481841
26.500736
27.549267
27.308634
25.959866
23.880005
22.018467
20.520687
19.373894
18.413237
17.349379
15.768153
13.618299
10.735989
7.896083
4.963534
1.119546
-2.583947
-5.337511
-7.605893
-10.003703
-12.755905
-15.241248
-17.742089
-20.183665
-22.092036
-24.305923
-25.845085
-26.830946
-26.936020
-25.608199
-24.489505
-23.078918
-21.588632
-21.157265
-20.775114
-19.678218
-17.227956
-14.033658
-11.363029
-7.619687
-2.756800
1.603535
5.295447
7.842268
9.805816
11.972359
14.577763
17.538922
20.048789
22.327559
24.192504
26.144300
27.397190
27.420180
26.346104
24.200337
22.242750
20.663568
19.585746
18.720457
17.742429
16.252654
14.258283
11.536394
8.664472
5.726644
1.990114
-1.790864
-4.711832
-7.300717
-9.609801
-12.535027
-15.130554
-17.565659
-20.111799
-22.182124
-24.493762
-26.131698
-27.303866
-27.628967
-26.355130
-24.946928
-23.683310
-22.092547
-21.533966
-21.226406
-20.277160
-17.979826
-14.626810
-11.946985
-8.517504
-3.719670
0.779118
4.615273
7.336140
9.514264
11.705160
14.175858
17.165627
19.809348
22.295713
24.246318
26.257719
27.775594
28.078215
27.263846
25.285653
23.162365
21.669524
20.436389
19.467047
18.372706
16.810213
14.844452
12.267147
9.185076
6.336144
2.603871
-1.292569
-4.485675
-6.949902
-9.363549
-12.180124
-14.861482
-17.376287
-20.081486
-22.255863
-24.433136
-26.319368
-27.372496
-27.974333
-26.879822
-25.518451
-24.266924
-22.523233
-21.507570
-21.203416
-20.370313
-18.339327
-15.012537
-12.193067
-8.816719
-4.078320
0.672340
4.636220
7.517678
9.637049
11.739731
14.192377
17.165456
19.832509
22.088970
23.960727
25.740181
27.124541
27.688571
26.893275
24.901628
22.545712
20.799296
19.447122
18.243960
17.301355
15.965870
14.164107
11.618308
8.492810
5.647966
2.227340
-1.620565
-4.891157
-7.418224
-9.591239
-12.126139
-14.765092
-16.992944
-19.420896
-21.353109
-23.353270
-25.197097
-26.182788
-26.679890
-25.510277
-23.929051
-22.583008
-20.742076
-19.787039
-19.525630
-18.940653
-17.159666
-13.991424
-11.303765
-8.449214
-4.284722
0.271457
4.009349
6.774323
8.794580
10.614736
12.720312
15.380212
17.891441
20.198481
22.195407
23.942845
25.563070
26.181425
25.786332
24.109398
21.996498
20.483732
19.403185
18.555096
17.734596
16.634805
15.272072
13.165815
10.376487
7.835116
4.746403
0.953163
-2.245222
-4.862377
-6.899493
-9.465047
-12.244497
-14.711108
-17.316171
-19.687414
-21.964822
-24.211236
-25.832653
-26.895148
-26.634080

