-1.554830
-6.012235
-9.537595
-12.489898
-15.377317
-18.106529
-20.714147
-22.678035
-24.272885
-25.928531
-27.122668
-27.875049
-28.198276
-28.557948
-28.193338
-26.709523
-24.760110
-22.490876
-20.394155
-18.206494
-15.528202
-12.576069
-9.779249
-6.679467
-3.338541
-0.155994
2.796309
6.074905
9.571654
12.562275
14.953102
16.859770
18.739189
20.633936
22.101743
23.381540
24.881363
26.416779
27.569192
27.564423
26.927676
25.845425
24.094411
22.398744
20.310538
17.839670
15.354497
12.744154
9.675707
6.331205
2.951111
-0.889812
-5.253213
-8.835452
-11.753525
-14.592409
-17.279046
-19.961255
-22.001777
-23.733888
-25.455100
-26.714461
-27.634757
-28.116022
-28.413023
-28.277465
-26.824985
-25.204250
-23.004498
-20.879848
-18.737146
-16.061578
-13.086796
-10.055133
-6.993158
-3.740958
-0.608989
2.293587
5.448375
9.182521
12.314320
14.642988
16.648940
18.402679
20.467894
21.992070
23.222310
24.562904
26.010105
27.320726
27.407408
27.029514
26.093040
24.478606
22.787196
20.803724
18.391098
15.985285
13.432843
10.701759
7.319110
3.945487
0.130790
-4.373278
-8.340733
-11.334249
-14.178583
-16.890083
-19.648075
-21.733386
-23.488488
-25.363479
-26.653664
-27.737277
-28.326000
-28.566122
-28.506007
-27.352231
-25.591850
-23.549625
-21.353960
-19.367082
-16.828265
-14.054264
-11.235135
-8.055142
-4.783698
-1.325267
1.636744
4.801750
8.346013
11.602470
14.115061
16.285862
18.215520
20.484243
22.045715
23.444891
24.745975
26.201180
27.699641
27.939251
27.486426
26.627609
25.015559
23.296390
21.415268
19.006048
16.499928
13.802222
10.886022
7.601125
4.071678
0.472750
-3.902231
-7.931675
-10.947500
-13.943740
-16.821623
-19.485610
-21.748202
-23.505347
-25.381020
-26.750054
-27.791943
-28.477907
-28.794152
-28.837579
-27.849845
-26.037693
-24.179220
-21.816151
-19.784995
-17.103638
-14.098883
-11.010511
-7.951771
-4.735334
-1.417228
1.560109
4.709789
8.350951
11.685916
14.166151
16.352109
18.127135
20.030567
21.692174
22.868088
24.363484
25.743246
27.133397
27.584178
27.202368
26.435511
24.942671
23.248536
21.305425
19.146885
16.583034
14.058692
11.302062
8.198874
4.814352
1.051596
-3.107616
-7.379736
-10.434389
-13.308695
-16.141278
-18.903528
-21.226406
-23.052863
-24.871656
-26.392426
-27.478422
-28.138161
-28.436354
-28.629644
-27.683803
-26.171378
-24.084875
-21.874905
-19.917999
-17.593248
-14.777354
-11.861495
-8.839709
-5.757468
-2.374138
0.621421
3.666878
7.179976
10.513408
13.259820
15.525648
17.541988
19.630534
21.427870
22.756202
24.125065
25.588615
27.086054
27.887821
27.576174
26.941470
25.491033
23.748534
21.933317
19.710064
17.168011
14.630045
11.834247
8.720841
5.199228
1.622609
-2.385889
-6.538459
-9.860822
-12.846334
-15.806981
-18.580641
-20.988498
-22.784301
-24.630342
-26.196241
-27.266911
-28.057439
-28.599501
-28.824977
-28.066465
-26.438066
-24.694204
-22.300141
-20.245995
-17.841543
-15.028715
-12.153387
-9.059055
-5.927937
-2.539328
0.532014
3.577641
7.134846
10.600771
13.325385
15.571288
17.374243
19.354309
21.140065
22.527490
23.905550
25.167636
26.627949
27.521678
27.322088
26.808637
25.439262
23.667472
21.947452
19.708361
17.186914
14.703955
12.190683
9.065866
5.687305
2.164500
-1.807383
-6.218638
-9.601627
-12.466908
-15.276500
-17.904384
-20.403011
-22.431442
-24.167640
-25.662865
-26.715142
-27.557782
-27.939933
-28.282234
-27.868237
-26.409626
-24.621998
-22.272893
-20.167317
-18.145357
-15.531097
-12.687956
-9.785550
-6.741456
-3.595352
-0.381470
2.528599
5.969320
9.457043
12.361833
14.800004
16.754525
18.741233
20.587274
22.085564
23.403168
24.788550
26.375907
27.633735
27.657236
27.126585
25.976385
24.212939
22.593737
20.588807
18.180268
15.636683
13.003690
10.070120
6.744521
3.279618
-0.581230
-4.910571
-8.560249
-11.596339
-14.420748
-17.240729
-19.800493
-21.908454
-23.715837
-25.592702
-26.871136
-27.934994
-28.533765
-28.820208
-28.663533
-27.333157
-25.538717
-23.376260
-21.363837
-19.282784
-16.609771
-13.653721
-10.457039
-7.334266
-4.109655
-0.839574
2.180849
5.426066
9.013074
12.194770
14.569589
16.700881
18.509115
20.564113
22.085564
23.439271
24.802344
26.177338
27.541944
27.659450
27.140209
26.171207
24.479798
22.721801
20.791122
18.440315
15.826225
13.269186
10.441371
7.091250
3.576619
-0.095708
-4.535743
-8.586645
-11.536394
-14.455659
-17.066513
-19.750595
-21.865879
-23.589475
-25.389365
-26.432276
-27.453048
-28.007030
-28.320040
-28.195722
-27.073111
-25.200163
-23.019995
-20.831142
-18.995830
-16.443048
-13.514076
-10.709933
-7.549184
-4.533359
-1.113074
1.893384
4.894052
8.404425
11.560917
14.134645
16.184023
17.869473
19.956146
21.545035
22.864682
24.200508
25.597811
26.986940
27.456794
26.988132
26.153837
24.492911
22.869110
21.030733
18.611465
16.188451
13.751132
10.954312
7.716758
4.342624
0.891004
-3.346545
-7.398980
-10.412250
-13.405255
-16.098193
-18.775804
-21.205800
-23.003135
-24.743932
-26.336908
-27.506522
-28.227227
-28.545856
-28.736251
-27.771677
-26.175635
-24.183648
-21.817344
-19.979647
-17.494644
-14.606544
-11.578628
-8.596522
-5.436625
-2.083608
1.075779
4.215751
7.792371
11.275836
13.841220
15.990394
17.764057
19.842046
21.632229
22.935356
24.419171
25.831461
27.286836
27.909790
27.533940
26.725190
25.248357
23.622683
21.791628
19.418853
16.970975
14.324018
11.559895
8.293731
4.766498
1.261575
-2.949919
-7.209778
-10.455847
-13.518844
-16.174316
-18.848010
-21.498033
-23.276806
-25.027479
-26.441813
-27.459179
-28.189080
-28.432948
-28.539215
-27.822767
-26.121821
-24.027143
-21.567345
-19.651140
-17.274107
-14.386858
-11.491946
-8.448533
-5.326441
-2.021790
1.048871
4.031999
7.343463
10.785546
13.563803
15.858412
17.444917
19.382579
21.216529
22.553546
23.836919
25.238480
26.673930
27.443852
27.165413
26.355130
24.936880
23.202385
21.372523
19.176858
16.773428
14.359781
11.750460
8.524827
5.140986
1.823902
-2.060107
-6.237882
-9.522949
-12.508290
-15.185731
-17.937081
-20.405735
-22.190809
-23.995978
-25.530372
-26.782581
-27.604273
-28.027466
-28.211560
-27.849334
-26.325158
-24.443865
-22.290775
-20.339659
-18.012694
-15.135663
-12.265444
-9.263584
-6.226982
-2.975123
0.145095
3.172159
6.550380
10.118825
13.092416
15.324524
17.073154
18.965857
20.904371
22.333179
23.687737
25.077377
26.587759
27.547734
27.448620
26.920353
25.692667
23.995127
22.283111
20.013026
17.592396
15.135322
12.546267
9.410041
6.013427
2.470187
-1.473938
-6.062644
-9.517499
-12.460947
-15.291657
-18.001965
-20.651817
-22.644486
-24.410997
-26.054212
-27.329751
-28.115852
-28.467689
-28.709003
-28.327874
-26.877778
-24.942330
-22.644826
-20.655394
-18.474374
-15.656948
-12.670415
-9.514264
-6.541695
-3.138951
0.086852
3.046819
6.323542
9.974241
12.916667
15.310901
17.177207
19.127641
21.164417
22.569554
23.854119
25.217874
26.686362
27.832644
27.695724
27.030025
25.904860
24.065460
22.211586
20.037549
17.639399
15.097686
12.468781
9.415320
6.135362
2.670288
-1.039675
-5.463191
-8.938994
-11.938640
-14.761175
-17.403534
-20.009279
-21.985599
-23.723670
-25.488819
-26.730129
-27.682952
-28.211219
-28.387308
-28.199128
-26.774406
-24.868080
-22.709540
-20.740543
-18.619640
-15.854495
-12.930632
-9.991952
-6.985324
-3.639289
-0.485693
2.410071
5.654778
9.294578
12.352126
14.622722
16.446284
18.278531
20.391600
21.771022
22.995131
24.466855
25.888341
27.141912
27.220249
26.839972
25.969914
24.354288
22.635119
20.502976
18.233231
15.814304
13.283151
10.421106
7.116454
3.741639
0.002214
-4.481758
-8.186613
-11.188984
-14.216389
-16.879865
-19.644329
-21.820068
-23.742403
-25.594234
-26.901790
-27.704239
-28.287854
-28.598649
-28.606653
-27.442830
-25.610243
-23.466178
-21.277666
-19.260475
-16.661882
-13.763053
-10.854176
-7.793052
-4.464899
-1.065731
2.005781
5.145924
8.858783
12.098721
14.567545
16.543865
18.503496
20.622185
22.219590
23.466860
24.769987
26.343380
27.680738
27.971949
27.475187
26.562384
24.843727
23.063592
21.018301
18.649782
16.148431
13.491086
10.598217
7.236004
3.752368
0.086001
-4.297665
-8.265121
-11.334249
-14.238698
-17.100402
-19.810370
-21.870817
-23.596457
-25.402818
-26.835033
-27.867045
-28.346777
-28.585196
-28.699296
-27.466502
-25.695903
-23.632731
-21.523748
-19.473519
-16.818387
-13.915300
-10.870525
-7.786580
-4.530294
-1.197202
1.725299
4.838194
8.347034
11.662245
14.172452
16.179425
17.906768
19.852264
21.551507
22.771018
24.225542
25.535311
26.891232
27.326345
27.009930
26.312215
24.713448
23.021017
21.073307
18.778358
16.300849
13.752665
11.018855
8.045946
4.616465
1.054151
-3.266845
-7.405451
-10.348218
-13.313634
-16.036885
-18.778699
-21.006550
-22.795030
-24.655717
-26.103599
-27.138165
-27.813911
-28.263330
-28.511967
-27.617046
-26.013851
-23.995468
-21.676847
-19.732884
-17.308508
-14.721496
-11.897598
-8.838858
-5.681685
-2.406665
0.643390
3.709282
7.230384
10.618312
13.271230
15.433686
17.300333
19.383941
21.286011
22.613491
24.112974
25.531224
27.085883
27.737447
27.440275
26.733535
25.267601
23.510115
21.839823
19.476754
17.145532
14.566524
11.725085
8.583069
5.083765
1.684257
-2.394744
-6.778070
-9.881428
-12.934038
-15.647071
-18.436228
-20.820073
-22.723334
-24.659804
-26.115520
-27.321918
-28.139864
-28.537342
-28.672559
-27.997153
-26.406050
-24.621657
-22.367580
-20.451546
-18.045221
-15.169212
-12.201922
-9.044068
-5.858285
-2.576624
0.531844
3.523656
7.133143
10.761874
13.224908
15.376806
17.315831
19.265073
21.238497
22.437913
23.808479
25.315966
26.785816
27.541433
27.335542
26.847124
25.528158
23.754154
22.014039
19.834042
17.366239
14.798301
12.196984
9.111847
5.645411
2.252715
-1.759018
-5.883660
-9.459427
-12.385845
-15.115397
-17.714500
-20.250934
-22.301333
-24.213110
-25.751931
-26.867901
-27.630670
-27.984892
-28.289046
-27.930737
-26.399408
-24.584702
-22.136654
-20.164081
-17.991917
-15.271561
-12.477466
-9.421280
-6.297146
-3.079517
-0.179836
2.863407
6.002869
9.709086
12.655939
14.965364
16.853469
18.681969
20.511150
21.909646
23.278339
24.678367
26.242903
27.409451
27.352231
26.730810
25.524412
23.875577
22.247859
20.133938
17.824684
15.405416
12.742792
9.720325
6.305661
2.909728
-0.899349
-5.163806
-8.730377
-11.653730
-14.623914
-17.290626
-19.926684
-21.927697
-23.861953
-25.573117
-26.849679
-27.831282
-28.483357
-28.607675
-28.361763
-27.038710
-25.356327
-23.169177
-21.106175
-18.962281
-16.181810
-13.224057
-10.139602
-7.056849
-3.761394
-0.567947
2.445834
5.745717
9.441716
12.543201
14.964002
16.921588
18.779721
20.736286
22.153173
23.548262
24.894817
26.410818
27.623006
27.700833
27.244261
26.247501
24.420534
22.784472
20.687921
18.212966
15.726089
13.222013
10.323865
6.911073
3.320830
-0.425237

