-7.916178
-10.997568
-13.559035
-16.249248
-18.685886
-20.793506
-23.151466
-25.651625
-27.957133
-29.851198
-31.079565
-31.396661
-30.475514
-28.969731
-26.687554
-24.018969
-22.218398
-20.942347
-19.202232
-16.347510
-13.193573
-10.285378
-6.535053
-1.182556
4.226480
8.321830
11.384147
14.191185
16.537564
18.173116
20.120144
21.927186
23.382391
25.099175
26.953731
28.518609
28.919663
28.228419
27.015550
24.921043
22.742748
21.437917
20.189966
18.545900
16.339336
13.928413
11.255741
8.095843
4.811117
0.996079
-3.442253
-7.338354
-10.327612
-12.864385
-15.554939
-18.029894
-20.039422
-22.249392
-24.603605
-26.964460
-28.967857
-30.320712
-31.026091
-30.501740
-29.130493
-27.061190
-24.179731
-22.398233
-21.064111
-19.495317
-16.871350
-13.738871
-10.971172
-7.373946
-2.291884
3.260033
7.520914
10.686261
13.533320
16.126973
17.814807
19.502980
21.372012
22.734063
24.626766
26.646342
28.432948
29.026951
28.433800
27.355637
25.291102
23.196084
21.833692
20.744119
19.238165
17.223699
14.827422
12.203455
9.076595
5.928278
2.089569
-2.326625
-6.389107
-9.584938
-12.243986
-14.889411
-17.502478
-19.679240
-22.107703
-24.544512
-27.006013
-29.182775
-30.451672
-31.285286
-30.934470
-29.600348
-27.697086
-25.084019
-23.059164
-21.839312
-20.258767
-17.772913
-14.569589
-11.823177
-8.555651
-3.477335
1.964399
6.712164
10.070630
13.038090
15.717575
17.645700
19.429582
21.487815
23.027318
24.894135
26.710374
28.642246
29.423918
29.011965
28.145824
26.220424
23.953574
22.340161
21.091870
19.524949
17.535346
15.168701
12.623242
9.526014
6.239074
2.601147
-1.980577
-6.172827
-9.532826
-12.236834
-14.833042
-17.522914
-19.762175
-21.849019
-24.251427
-26.699305
-28.974840
-30.463934
-31.451668
-31.333991
-30.103070
-28.172902
-25.461572
-23.095097
-21.926335
-20.315477
-18.045732
-14.752150
-11.836631
-8.459943
-3.619194
1.864604
6.721871
10.183879
13.177054
15.907458
17.740386
19.279378
21.253824
22.708859
24.264881
26.182107
28.015375
29.147182
28.693335
27.701003
25.900602
23.609400
22.001948
20.922933
19.569908
17.611129
15.489714
12.859447
9.882620
6.641320
3.252370
-1.062666
-5.491972
-8.699553
-11.503186
-14.013903
-16.729150
-19.004515
-21.239689
-23.633242
-26.079416
-28.334175
-29.959338
-30.965294
-30.971084
-29.869590
-28.240851
-25.627443
-23.401805
-21.913052
-20.509618
-18.396207
-15.378509
-12.533154
-9.558371
-4.999467
0.322376
5.304813
8.974416
11.966058
14.810222
16.796759
18.497024
20.529372
22.242750
23.898738
25.779349
27.796371
29.114655
28.995275
28.212922
26.756355
24.494784
22.701877
21.503483
20.123039
18.245833
16.057151
13.572659
10.691541
7.431677
4.042728
-0.307219
-4.845858
-8.310931
-11.069775
-13.754198
-16.532285
-18.960578
-21.081482
-23.407255
-25.843382
-28.270313
-30.025414
-31.095062
-31.296015
-30.418294
-28.702872
-26.129654
-23.566655
-22.249052
-20.843744
-18.882581
-15.811409
-12.755905
-9.839875
-5.478007
0.076294
5.229030
9.024143
12.026855
14.966386
17.095634
18.644503
20.633084
22.260121
23.816654
25.659118
27.617046
29.085704
28.895480
28.062037
26.624543
24.405207
22.541625
21.273409
19.994804
18.263033
15.979665
13.488872
10.650669
7.594313
4.227843
0.146117
-4.405294
-8.059399
-10.984114
-13.517312
-16.196115
-18.514735
-20.436049
-22.680589
-25.158269
-27.499369
-29.222795
-30.362776
-30.784437
-29.955081
-28.461388
-26.184491
-23.619277
-22.030558
-20.672253
-18.884454
-16.216721
-13.257946
-10.490077
-6.581375
-1.278264
3.948723
7.940190
10.912418
13.831684
16.110625
17.697130
19.730330
21.594422
23.197787
24.918999
26.974508
28.634753
28.943675
28.338262
27.244261
25.232690
23.215158
21.883590
20.598514
19.018991
16.859429
14.470475
11.647258
8.465903
5.244698
1.384020
-3.103188
-6.878546
-9.777205
-12.334245
-15.170404
-17.726081
-19.934518
-22.260462
-24.768284
-27.197599
-29.270308
-30.517067
-31.243563
-30.779498
-29.377597
-27.408430
-24.749041
-22.958006
-21.654878
-20.045383
-17.332690
-14.162064
-11.332546
-7.508993
-2.368518
3.072534
7.360322
10.626657
13.560738
16.111476
17.937933
19.745827
21.729640
23.144654
24.954421
26.887996
28.686864
29.224668
28.557437
27.524573
25.552341
23.344925
21.915265
20.723683
19.056456
17.035518
14.705658
11.956011
8.906807
5.749975
1.995734
-2.579008
-6.580182
-9.785720
-12.654918
-15.307324
-17.924820
-19.927536
-22.145850
-24.525779
-26.922567
-28.988974
-30.137811
-30.959334
-30.580589
-29.287338
-27.213267
-24.587086
-22.398063
-21.053893
-19.531420
-17.271723
-14.131750
-11.248929
-8.009332
-2.975804
2.362898
7.018362
10.394199
13.134480
15.687602
17.459903
19.264732
21.209887
22.564956
24.378129
26.292631
28.141226
28.887136
28.336729
27.314425
25.594064
23.336751
21.787201
20.655394
19.302879
17.377479
15.013559
12.516465
9.567908
6.362540
2.780812
-1.625674
-5.672489
-8.904253
-11.576584
-14.139584
-16.878162
-18.919366
-21.070753
-23.592200
-26.111943
-28.304543
-29.999188
-31.082971
-31.019790
-29.806410
-28.084176
-25.476898
-23.371152
-22.105319
-20.559345
-18.463475
-15.307324
-12.401342
-9.060587
-4.299198
1.090424
5.957229
9.554795
12.532473
15.302045
17.372029
19.036021
21.093232
22.561550
24.252789
26.232515
28.123174
29.268605
28.958491
28.068679
26.497330
24.281059
22.533962
21.427529
20.074333
18.167325
15.776839
13.310909
10.240929
7.047823
3.489597
-0.951971
-5.267688
-8.761202
-11.605706
-14.327935
-17.143999
-19.247872
-21.288565
-23.906572
-26.268278
-28.549092
-30.135768
-31.194176
-31.317132
-30.142580
-28.346436
-25.847980
-23.343052
-21.746669
-20.193032
-18.192189
-15.189307
-12.213843
-9.264265
-4.710129
0.724792
5.697353
9.504046
12.428420
15.034846
17.105341
18.776485
20.863840
22.281238
23.811545
25.771175
27.724675
28.886284
28.698955
27.762311
26.244095
24.008240
22.109406
20.971809
19.673279
17.826557
15.629871
13.213158
10.403565
7.282155
3.809588
-0.375509
-4.610504
-8.006266
-10.740076
-13.335092
-16.164098
-18.397059
-20.452738
-22.800480
-25.165933
-27.511971
-29.255663
-30.534778
-30.886105
-29.987267
-28.335708
-26.046549
-23.489680
-21.975381
-20.693541
-18.883262
-15.966892
-12.942553
-10.167020
-5.882468
-0.528097
4.579169
8.579493
11.666843
14.449017
16.659158
18.373217
20.273072
21.860259
23.404871
25.371143
27.421713
28.931924
28.915405
28.107166
26.696239
24.526119
22.682292
21.547760
20.368951
18.701724
16.431979
13.977800
11.146920
7.974420
4.561458
0.485863
-4.007305
-7.605382
-10.656970
-13.270378
-16.048636
-18.467563
-20.592213
-23.025615
-25.496994
-27.811016
-29.598985
-30.906541
-31.322581
-30.507530
-29.034955
-26.774577
-24.176666
-22.394827
-21.013362
-19.212961
-16.358069
-13.275317
-10.434219
-6.389107
-1.135043
4.320656
8.428778
11.543036
14.370680
16.818557
18.437760
20.408801
22.074665
23.573126
25.538547
27.538027
29.133047
29.365505
28.609208
27.377435
25.126593
22.972482
21.728448
20.404032
18.628325
16.403709
14.019694
11.213677
7.959775
4.588025
0.678131
-3.831557
-7.456711
-10.437284
-12.911047
-15.735797
-18.218075
-20.262344
-22.591012
-24.969918
-27.294840
-29.245615
-30.445712
-31.032392
-30.422381
-28.882367
-26.787519
-24.129323
-22.232192
-20.997013
-19.421918
-16.697305
-13.501644
-10.726963
-6.988900
-1.866988
3.612212
7.803951
10.912589
13.802052
16.289779
17.987319
19.738334
21.436214
22.848163
24.769136
26.658944
28.384583
28.926645
28.264693
27.099337
25.018794
22.912536
21.653516
20.542315
18.945932
16.829286
14.659848
12.101957
9.056670
5.851814
2.017021
-2.510207
-6.482942
-9.643861
-12.225594
-14.891284
-17.512696
-19.492252
-21.826710
-24.354628
-26.961735
-29.156549
-30.589104
-31.241860
-30.819859
-29.468366
-27.512653
-24.914571
-22.897891
-21.662542
-20.037719
-17.566511
-14.434883
-11.659690
-8.093119
-2.973080
2.500500
7.133314
10.461978
13.321808
15.980686
17.817531
19.623382
21.503653
23.087604
24.990354
26.991027
28.751578
29.377937
28.888157
27.818850
25.918484
23.721627
22.286006
21.082674
19.508089
17.391954
15.025139
12.370348
9.143693
5.839552
2.100468
-2.442428
-6.473916
-9.612356
-12.238026
-14.918191
-17.576047
-19.853115
-22.094079
-24.370296
-26.761464
-28.886795
-30.423062
-31.288522
-30.911650
-29.596601
-27.808292
-25.028672
-22.844757
-21.519661
-20.091704
-17.638377
-14.366593
-11.573689
-8.198363
-3.272125
2.116305
6.836142
10.206018
13.152191
15.805108
17.676694
19.310543
21.186386
22.567170
24.151632
26.108708
27.963434
28.976372
28.450489
27.441127
25.685174
23.494107
21.963630
20.789759
19.386155
17.395360
15.155418
12.642145
9.610483
6.412608
3.068447
-1.337017
-5.534887
-8.885520
-11.633805
-14.044728
-16.780751
-18.925667
-21.136318
-23.512159
-25.989839
-28.305224
-29.823780
-30.765533
-30.682087
-29.578039
-27.897528
-25.354624
-23.109232
-21.768127
-20.331315
-18.211773
-15.072823
-12.418372
-9.387221
-4.754748
0.790017
5.657332
9.142671
12.106555
14.854329
16.899960
18.571104
20.615033
22.209542
23.896864
25.885105
27.796200
29.056413
28.783083
27.992896
26.444367
24.232183
22.497858
21.342891
19.898244
18.127816
15.755040
13.386352
10.431664
7.127353
3.741128
-0.591619
-4.869699
-8.307014
-11.265789
-13.749770
-16.611985
-18.782275
-20.910672
-23.185015
-25.668144
-28.115341
-29.742547
-30.988114
-31.271492
-30.293805
-28.559140
-26.049103
-23.554734
-22.186892
-20.838806
-18.958875
-15.909672
-12.907471
-9.965556
-5.477326
0.096219
5.250488
8.987359
12.010506
14.946801
17.185722
18.489531
20.411866
22.163051
23.746490
25.814431
27.673415
29.100691
29.120275
28.236083
26.653835
24.462598
22.725548
21.512679
20.217385
18.419709
16.188622
13.739892
10.806492
7.661751
4.361187
0.198569
-4.139798
-7.778747
-10.487352
-13.383627
-16.207865
-18.526145
-20.477772
-22.796903
-25.287867
-27.743408
-29.482671
-30.643940
-30.993393
-30.112777
-28.588772
-26.313918
-23.630857
-22.025790
-20.560878
-18.851416
-16.083547
-13.162749
-10.460275
-6.339720
-0.808239
4.406827
8.287600
11.409691
13.990913
16.384806
17.944234
19.875424
21.657433
23.155042
24.998529
27.053356
28.713431
28.812034
28.086220
26.861089
24.703230
22.621495
21.408285
20.287207
18.733059
16.567877
14.275483
11.551550
8.334432
5.011899
1.024178
-3.421307
-7.094826
-9.946312
-12.525320
-15.266963
-17.844949
-19.872870
-22.197792
-24.626936
-27.163369
-29.095752
-30.443498
-31.144789
-30.689580
-29.127768
-26.956967
-24.340493
-22.681100
-21.382400
-19.720963
-16.982555
-13.865062
-11.050361
-7.234641
-1.924208
3.462349
7.716928
10.936601
13.845307
16.344615
17.998048
19.901821
21.702392
23.180757
25.004319
26.988983
28.827872
29.262134
28.632539
27.419669
25.344917
23.281063
21.960565
20.694392
19.203084
17.081159
14.648778
11.972019
8.871555
5.579846
1.661437
-2.973080
-6.865774

