-25.550638
-24.652311
-23.232017
-22.297927
-22.222996
-21.896022
-20.541123
-17.705645
-14.704466
-11.876992
-7.631608
-2.621072
1.757486
5.005087
7.412093
9.737866
12.235641
15.227965
18.423966
21.204097
23.517098
25.728771
27.554376
28.635434
28.527975
27.062723
24.875743
23.086582
21.741220
20.591191
19.646202
18.374750
16.627823
14.142479
10.999101
7.968119
4.741635
0.624486
-3.171308
-6.130934
-8.630242
-11.299508
-14.340367
-16.874245
-19.534997
-21.885633
-23.980652
-26.157073
-27.634076
-28.427158
-27.907406
-26.297569
-24.851050
-22.991555
-21.477767
-20.895685
-20.236117
-18.702405
-15.703269
-12.436935
-9.568930
-5.471366
-0.549555
3.726142
7.053103
9.300538
11.453799
13.333218
15.842404
18.582174
20.961761
22.857700
24.603094
26.248693
27.060509
26.767254
25.113991
22.711413
20.629849
19.304752
18.115384
17.025130
16.006913
14.446122
12.513229
9.793554
7.133654
4.378217
0.686646
-2.718312
-5.444629
-7.370199
-9.518691
-12.181146
-14.388902
-16.720806
-19.014052
-20.921401
-23.102420
-24.502788
-25.643621
-25.718382
-24.488313
-23.491212
-22.248541
-20.976918
-20.732369
-20.575523
-19.743953
-17.341375
-14.433180
-12.018681
-8.307355
-3.669603
0.596728
4.135881
6.565366
8.678947
10.881765
13.419560
16.549144
19.274439
21.625587
23.619447
25.554044
27.073281
27.347463
26.494775
24.474348
22.670712
21.359921
20.389046
19.514731
18.619640
17.255545
15.430621
12.508971
9.637390
6.609133
2.801759
-0.988926
-4.229546
-6.734644
-9.295259
-12.443747
-15.245506
-17.822640
-20.512853
-22.698300
-25.142091
-26.982171
-28.168474
-28.481994
-27.170011
-25.866883
-24.401120
-22.701195
-22.062234
-21.721125
-20.527329
-17.916305
-14.545918
-11.744670
-7.957901
-3.000498
1.652581
5.464554
8.259330
10.457209
12.765271
15.061072
18.158640
20.809003
23.147379
25.090320
27.028833
28.256008
28.326341
27.169159
24.845089
22.669009
21.080800
19.687755
18.366575
17.291478
15.707527
13.614212
10.771751
7.704156
4.982778
1.254082
-2.624648
-5.681515
-7.944788
-10.061775
-12.784004
-15.147584
-17.497369
-19.699165
-21.719933
-23.770162
-25.460890
-26.351043
-26.619775
-25.567157
-24.062736
-22.806099
-21.093743
-20.412377
-20.227943
-19.455297
-17.351593
-14.297281
-11.657476
-8.488383
-3.864595
0.667742
4.397290
6.978512
9.120022
11.049850
13.455493
16.369309
19.027846
21.239689
23.147890
25.010960
26.536839
26.884079
26.202542
24.264199
22.235938
20.802191
19.612142
18.718583
17.919881
16.850914
15.204804
12.636696
9.800196
7.105725
3.660066
-0.213044
-3.360680
-5.807025
-8.052417
-10.918719
-13.694763
-16.225066
-18.841369
-21.121502
-23.471287
-25.598151
-26.890039
-27.707134
-26.941981
-25.514705
-24.245977
-22.761822
-21.979639
-21.877629
-21.196093
-19.132069
-15.919379
-13.136012
-9.961299
-5.260876
-0.478710
3.417901
6.484304
8.873769
11.185067
13.407639
16.469955
19.425494
21.912200
23.983036
25.888852
27.594737
28.222118
27.629137
25.762490
23.593903
21.989005
20.595959
19.380195
18.389055
16.946452
15.205656
12.593440
9.632281
6.888253
3.357785
-0.657524
-4.098075
-6.674698
-8.731229
-11.486326
-14.255047
-16.590868
-19.169876
-21.336249
-23.494278
-25.358370
-26.637997
-27.343886
-26.681934
-25.185176
-23.976054
-22.342375
-21.258422
-20.990542
-20.334380
-18.585069
-15.674489
-12.767826
-9.746552
-5.317075
-0.537464
3.566401
6.583759
8.756604
10.837146
12.969290
15.814645
18.717391
20.993948
22.890738
24.737460
26.433638
27.201005
26.727063
25.129999
22.908619
21.256038
19.961255
18.811056
18.025466
16.965015
15.480859
13.091394
10.303940
7.600955
4.496404
0.638621
-2.777917
-5.438839
-7.620539
-10.264771
-13.216564
-15.527180
-18.117768
-20.434346
-22.640228
-24.925300
-26.359388
-27.246816
-26.951006
-25.539058
-24.309158
-22.742408
-21.650961
-21.352427
-20.928213
-19.491911
-16.669205
-13.600928
-10.912078
-6.791864
-2.055168
2.133335
5.537442
7.863385
10.043553
12.277365
15.070098
17.976080
20.556109
22.692169
24.673768
26.741198
27.782917
27.634587
26.262317
24.150951
22.265571
20.851237
19.739526
18.703767
17.630373
16.005039
13.859442
10.886533
8.115258
5.106074
1.119035
-2.495221
-5.413975
-7.687296
-10.176386
-13.133287
-15.642132
-18.098865
-20.479815
-22.650106
-24.815628
-26.270832
-27.301311
-27.311529
-25.917973
-24.734395
-23.468903
-21.988494
-21.529198
-21.060024
-19.917658
-17.229489
-14.070954
-11.377335
-7.314682
-2.535241
1.846552
5.339725
7.902043
9.939671
12.220825
14.837129
17.826727
20.229646
22.410154
24.405888
26.156562
27.513845
27.349506
26.320900
24.281570
22.176334
20.729814
19.532783
18.677882
17.702920
16.116755
14.222009
11.389596
8.602142
5.699226
1.888786
-1.891000
-4.726989
-7.085800
-9.464196
-12.419905
-14.888218
-17.350742
-19.894498
-22.003821
-24.201870
-25.964975
-27.075495
-27.299949
-25.915759
-24.619443
-23.279190
-21.703584
-21.266937
-20.908628
-19.927536
-17.700195
-14.541490
-11.797292
-8.402211
-3.655638
0.832762
4.600627
7.161413
9.335620
11.438983
13.880048
17.051526
19.677707
21.978787
24.066823
26.103428
27.501243
27.715819
26.730299
24.778162
22.734574
21.225895
20.111118
19.037553
18.053395
16.532625
14.618635
11.856556
8.836644
6.080525
2.420630
-1.495736
-4.579680
-6.964547
-9.330341
-12.203285
-14.760154
-17.152343
-19.731011
-21.669524
-23.936714
-25.728600
-26.890210
-27.443341
-26.281391
-24.915252
-23.630517
-22.047928
-21.349532
-20.936728
-20.050832
-18.162387
-14.966897
-12.171950
-8.856739
-4.157509
0.463894
4.378387
7.185084
9.202787
11.345489
13.778550
16.817025
19.463812
21.716186
23.713112
25.551489
27.131013
27.534621
26.770490
24.890559
22.700684
20.948478
19.755534
18.874407
18.062251
16.611133
14.782974
12.293032
9.418385
6.666524
3.267186
-0.669445
-3.855228
-6.264789
-8.508308
-11.298827
-14.052902
-16.526154
-19.085578
-21.232707
-23.447275
-25.372165
-26.786327
-27.452026
-26.457310
-24.957827
-23.717369
-22.185019
-21.461419
-21.199158
-20.592213
-18.712793
-15.522071
-12.732233
-9.625639
-5.217450
-0.534909
3.421136
6.478344
8.481400
10.673659
13.052906
15.954460
18.792834
21.242585
23.389544
25.316817
27.028493
27.673926
27.117729
25.442498
23.328406
21.626098
20.403862
19.425154
18.452406
17.057317
15.271221
12.828452
9.942736
7.184574
3.766673
-0.236545
-3.667389
-6.219149
-8.374282
-11.080844
-13.812440
-16.164780
-18.831662
-21.045208
-23.197617
-25.242737
-26.639870
-27.370793
-26.736941
-25.143964
-24.105481
-22.507565
-21.471296
-21.221808
-20.615373
-18.993957
-15.992607
-12.959923
-10.006087
-5.714553
-0.846727
3.298351
6.398303
8.568423
10.628700
12.962648
15.819243
18.689973
21.073648
23.087093
24.968726
26.771171
27.408259
27.039051
25.461401
23.244108
21.410670
20.186560
19.059011
18.186910
16.915798
15.290465
13.048989
10.131598
7.404089
4.270928
0.331402
-3.076281
-5.838020
-8.100782
-10.632106
-13.564995
-16.029051
-18.605164
-20.737648
-22.842373
-25.075674
-26.511635
-27.331454
-26.943343
-25.308813
-24.132047
-22.433485
-21.321433
-21.020515
-20.541974
-19.137859
-16.244820
-13.272762
-10.548830
-6.393364
-1.633338
2.498286
5.811453
8.004223
10.116782
12.389762
15.062264
17.906768
20.440136
22.661686
24.711064
26.540927
27.500902
27.387653
25.947094
23.740019
21.990538
20.730325
19.706828
18.726928
17.477615
15.879018
13.802392
10.761533
7.974080
4.974433
0.971556
-2.664498
-5.532333
-7.693938
-10.110480
-13.005052
-15.543870
-18.242257
-20.559686
-22.650446
-24.889367
-26.376418
-27.345419
-27.176312
-25.751080
-24.673258
-23.146697
-21.818025
-21.494116
-20.973682
-19.728286
-17.010144
-14.019183
-11.317049
-7.317236
-2.261741
2.168587
5.659035
8.032833
10.122572
12.427739
15.150820
18.254689
20.796061
22.902318
24.818352
26.617050
27.709348
27.687379
26.443516
24.273566
22.212097
20.828077
19.659485
18.613168
17.430442
15.932151
13.870852
10.986839
8.070128
5.029610
1.238925
-2.513954
-5.394391
-7.638591
-9.973219
-12.903724
-15.357392
-17.908982
-20.245825
-22.254842
-24.563415
-26.179382
-27.184997
-27.228424
-25.764704
-24.448974
-22.952046
-21.529879
-21.066666
-20.896537
-19.851582
-17.203093
-14.017991
-11.346851
-7.772616
-3.015484
1.482282
5.079167
7.469143
9.656123
11.795759
14.289277
17.150981
19.827911
22.106000
24.021864
25.972639
27.313062
27.492898
26.421036
24.322442
22.351061
20.899091
19.832679
18.832513
17.809527
16.303233
14.284849
11.603662
8.709601
5.988053
2.184766
-1.703671
-4.702296
-6.935937
-9.188993
-12.147086
-14.690501
-17.277173
-19.768817
-21.874223
-24.215834
-25.991542
-26.951347
-27.352061
-26.200669
-25.033781
-23.828064
-22.089652
-21.563428
-21.265745
-20.419530
-18.082687
-14.893327
-12.224913
-8.730548
-3.904956
0.766856
4.468134
7.110153
9.280443
11.443581
13.925518
17.035348
19.808326
22.176845
23.932287
25.806597
27.359894
27.706623
26.795694
24.777991
22.680589
21.132571
19.892284
18.844604
17.863342
16.465187
14.665638
12.061596
9.061439
6.368501
2.763782
-1.082420
-4.254069
-6.682192
-8.978333
-11.860984
-14.642136
-16.921248
-19.601243
-21.544865
-23.766415
-25.824479
-26.943173
-27.544328
-26.443856
-24.979285
-23.874385
-22.029706
-21.255698
-20.834378
-20.107201
-17.963818
-14.873402
-12.220315
-8.965731
-4.465921
0.138794
4.049880
7.032667
9.185416
11.267321
13.419901
16.293355
18.993446
21.357366
23.413726
25.301491
27.041776
27.588946
26.879992
24.999891
22.831474
21.340847
20.215341
18.885136
17.910004
16.734941
15.009131
12.618984
9.542533
6.828819
3.530809
-0.468833
-3.943954
-6.432363
-8.429119
-11.217594
-14.021908
-16.422612
-18.982376
-21.187237
-23.438079
-25.454078
-26.706968
-27.566978
-26.752268
-25.369610
-23.998363
-22.701195
-21.730832
-21.430935
-20.723002
-18.978289
-16.061919
-13.305119
-10.236161
-5.754743
-0.878402
3.291198
6.384509
8.523635
10.741098
13.000625
16.030073
18.878324
21.319219
23.360082
25.211913
27.057784
27.954749
27.463606
25.594064
23.497513
21.559681
20.405395
19.382749
18.492426
17.273085
15.568052
13.089691
10.145392
7.386037
4.080193
0.133174
-3.254414
-5.912270
-8.170434
-10.824374
-13.607230
-16.011681
-18.688781
-20.860093
-22.988490
-25.183644
-26.601042
-27.483361
-26.970421
-25.444542
-24.159295
-22.590501
-21.457842
-21.254335
-20.685537
-19.139903
-16.159671
-13.273103
-10.446651
-6.268365
-1.505954
2.493347
5.958251
8.310590
10.401181
12.580156
15.328101
18.274614
20.778690
22.929737
24.915934
26.814938
27.744089
27.499199
25.983197
23.835727
21.967888
20.583017
19.471645
18.500601
17.294543
15.692881
13.453109
10.454484
7.717780
4.593985
0.659568
-3.009694
-5.794593
-7.917540
-10.362864
-13.319935
-15.671764
-18.236467
-20.623548
-22.675480
-24.794681
-26.223319
-27.182783
-27.029003
-25.550127

