-34.741334
-33.294814
-31.098298
-28.250728
-25.265047
-22.134611
-18.533128
-15.093088
-11.331524
-7.077626
-2.526556
2.109153
6.515469
11.346510
15.551703
18.772227
21.862303
24.480820
26.690619
28.389011
29.996293
31.925099
33.966133
35.086870
35.375527
34.958294
33.437695
31.287670
28.580087
25.644302
22.835902
19.861971
16.734600
13.594968
10.264431
6.039313
1.718146
-2.425228
-7.075923
-11.159863
-15.216896
-19.048793
-22.798947
-26.269981
-28.679201
-30.541761
-32.141549
-34.225157
-35.758529
-35.809960
-35.538163
-34.949098
-33.528294
-31.725509
-28.942483
-26.053020
-22.883586
-19.314119
-15.908139
-12.119838
-8.050885
-3.607784
0.939710
5.477326
10.259492
14.723028
18.171242
21.152837
24.138348
26.502780
28.183631
30.007362
32.021148
34.155505
35.617011
36.024536
35.745246
34.590960
32.482999
29.693501
26.675122
23.804903
20.838465
17.492941
14.310735
10.979516
6.808553
2.262422
-2.090250
-6.752355
-10.976791
-14.923641
-18.997703
-22.728443
-26.314259
-28.962237
-30.702693
-32.329559
-34.369230
-36.080905
-36.290884
-36.071198
-35.574096
-34.277439
-32.311678
-29.616867
-26.475021
-23.361444
-19.790104
-16.373226
-12.484789
-8.318765
-3.853696
0.859499
5.403587
10.339533
14.927217
18.321105
21.328585
24.366379
26.815619
28.654507
30.145305
32.019785
34.030335
35.484518
35.903965
35.646813
34.541743
32.299587
29.502937
26.459694
23.469414
20.669699
17.612491
14.228140
11.049509
6.957395
2.569471
-1.707247
-6.356410
-10.483095
-14.554092
-18.560716
-22.146361
-25.744098
-28.400932
-30.262130
-31.752586
-33.859696
-35.621439
-36.126375
-35.691602
-35.303661
-34.041405
-32.379287
-29.752254
-26.742731
-23.608719
-20.088298
-16.752311
-13.177054
-9.225607
-4.765306
-0.281334
4.222904
8.953639
13.599907
17.303058
20.220961
23.346628
25.928531
27.513163
29.279505
31.267575
33.525399
35.184111
35.791908
35.668952
34.704379
32.831941
30.119419
27.315617
24.070569
21.304403
18.202066
14.671939
11.638573
7.938317
3.475291
-0.981263
-5.557367
-9.861674
-13.839177
-17.775467
-21.491051
-25.139366
-28.090818
-30.041422
-31.790052
-33.476182
-35.483326
-36.185128
-35.856622
-35.615308
-34.431560
-32.772848
-30.321053
-27.189084
-24.258920
-20.777328
-17.258951
-13.606548
-9.319612
-4.947696
-0.465427
4.126004
8.891140
13.679607
17.382758
20.637683
23.597649
26.246309
27.974333
29.527630
31.253099
33.356122
35.070862
35.578353
35.625526
34.797703
32.917942
30.216490
27.216332
24.253811
21.436555
18.397570
14.937775
11.873926
8.049352
3.598418
-0.634875
-5.214555
-9.490422
-13.600928
-17.614535
-21.336590
-24.935177
-27.893271
-29.930558
-31.577519
-33.331599
-35.371099
-36.023004
-35.802126
-35.585165
-34.332957
-32.661131
-30.359541
-27.300290
-24.240017
-20.816326
-17.348187
-13.808012
-9.687117
-5.337170
-0.929832
3.590584
8.232594
13.050863
16.952923
19.899607
23.010288
25.573117
27.618408
29.128279
30.936684
33.205237
34.955740
35.732985
35.736050
35.177469
33.455747
30.823946
27.892419
24.867398
21.811043
18.787725
15.530246
12.470143
8.848054
4.287277
-0.073058
-4.393884
-8.955002
-12.892825
-17.083032
-20.907777
-24.452550
-27.457135
-29.613291
-31.323774
-32.944850
-35.000018
-35.996607
-35.790886
-35.611221
-34.552983
-32.856124
-30.695881
-27.633054
-24.559328
-21.299124
-17.876625
-14.410019
-10.256256
-5.955356
-1.620565
3.064701
7.709776
12.466737
16.422953
19.611972
22.618260
25.274072
27.259077
28.760603
30.460017
32.640185
34.625019
35.365990
35.455397
35.003594
33.369064
30.847788
27.960028
25.116716
22.299119
19.401823
16.085761
13.058015
9.560074
5.169255
0.963552
-3.541538
-7.917200
-12.125288
-16.185386
-20.070757
-23.608378
-26.775939
-29.099328
-30.801637
-32.556908
-34.731627
-36.087717
-35.915545
-35.712549
-34.979582
-33.426796
-31.513316
-28.354781
-25.449651
-22.259951
-18.752643
-15.422787
-11.484793
-7.238899
-2.793074
1.739093
6.542887
11.429957
15.605347
18.753495
21.947622
24.913039
27.182613
28.893096
30.747652
32.849823
34.922021
35.996607
36.293439
35.867010
34.484523
32.024213
29.174600
26.212249
23.221799
20.084211
16.727277
13.560738
10.068246
5.621229
1.083272
-3.318276
-7.780450
-11.919567
-16.069072
-20.074163
-23.754495
-27.078050
-29.509749
-31.304019
-32.807418
-34.728050
-36.249161
-36.232812
-36.136423
-35.391024
-34.022672
-32.163688
-29.111760
-25.953565
-22.718396
-19.156081
-15.712976
-11.777026
-7.396766
-2.864770
1.878398
6.389959
11.212655
15.494994
18.887009
22.229978
25.041274
27.056422
28.624194
30.412504
32.308272
34.431219
35.505465
35.738264
35.439389
34.085512
31.687532
28.715474
25.887319
22.936378
20.070246
16.878843
13.670070
10.504382
6.178617
1.707929
-2.527578
-7.018021
-11.143684
-15.208210
-19.127471
-22.798606
-26.202202
-28.716326
-30.556917
-32.136951
-34.116336
-35.820689
-35.900899
-35.607644
-35.018580
-33.669983
-31.874691
-29.144628
-26.139702
-22.975036
-19.496339
-16.043527
-12.426206
-8.225441
-3.922667
0.611544
5.240440
9.995018
14.536210
18.006223
21.130698
24.038042
26.436874
27.987106
29.791253
31.752586
33.862931
35.219022
35.712549
35.551616
34.579550
32.429695
29.638665
26.713439
23.850032
20.927531
17.669371
14.506068
11.309215
7.131100
2.721718
-1.632827
-6.144898
-10.414975
-14.584916
-18.573999
-22.198473
-25.622334
-28.410128
-30.500037
-31.917606
-33.789533
-35.626207
-35.973787
-35.895790
-35.444668
-34.114633
-32.489811
-29.641730
-26.525600
-23.485933
-20.242419
-16.835587
-12.968949
-8.757966
-4.436459
0.069312
4.723242
9.465899
14.098542
17.627478
20.751272
23.707662
26.167801
27.848312
29.433795
31.383889
33.475331
34.983158
35.551786
35.568305
34.472602
32.543966
29.704741
26.893956
24.105140
21.274430
18.095459
14.771734
11.766297
7.696492
3.264461
-0.962870
-5.447013
-9.691375
-13.640097
-17.734255
-21.426848
-24.975368
-27.915921
-30.044658
-31.483003
-33.203363
-35.329206
-36.011764
-35.615138
-35.228218
-34.136261
-32.592331
-30.083827
-27.106660
-24.073805
-20.609753
-17.084224
-13.626984
-9.467261
-5.384343
-0.996249
3.449917
8.201088
12.951578
16.663756
19.747530
22.761651
25.302683
27.260610
28.920003
30.774048
33.013650
34.819330
35.545826
35.627059
34.970726
33.269099
30.570882
27.675629
24.865525
21.792991
18.857036
15.540464
12.562616
8.853674
4.443952
0.099625
-4.365274
-8.771249
-12.773446
-16.666480
-20.493610
-24.088451
-27.291775
-29.498168
-31.197071
-32.766887
-34.927811
-36.096913
-35.729749
-35.562856
-34.728561
-33.320529
-31.173400
-28.116873
-25.128978
-21.956648
-18.460240
-14.897585
-10.938985
-6.548166
-2.090250
2.552271
7.177762
12.036221
16.116074
19.453083
22.567511
25.330441
27.381352
28.968198
30.791759
32.817636
34.806388
35.814217
35.997970
35.455567
33.912318
31.327861
28.446061
25.507552
22.641420
19.592898
16.220127
13.089521
9.567056
5.201442
0.873293
-3.477505
-7.944277
-12.088333
-16.058343
-20.034484
-23.692165
-27.054719
-29.346773
-31.158243
-32.739810
-34.757342
-36.045653
-35.888978
-35.653455
-34.818649
-33.399037
-31.431232
-28.384754
-25.486095
-22.225210
-18.635307
-15.140091
-11.342083
-7.196154
-2.778769
1.843316
6.349938
11.015109
15.371527
18.734080
21.786179
24.483034
26.681253
28.430394
30.031204
32.037837
34.088407
35.234009
35.471746
35.179853
33.842325
31.625884
28.905698
25.831802
22.889716
19.992249
16.579798
13.581003
10.374614
5.926064
1.671825
-2.582925
-7.125820
-11.188814
-15.153204
-19.062247
-22.717033
-26.089123
-28.706278
-30.470916
-32.017231
-33.991167
-35.724640
-35.857643
-35.733325
-35.259042
-33.971752
-32.205752
-29.178858
-26.142767
-23.047413
-19.631045
-16.189814
-12.497902
-8.261715
-3.932033
0.623124
5.309582
10.097878
14.640944
18.034833
21.203586
24.097306
26.428699
28.133222
29.881171
31.749521
33.937863
35.348790
35.782201
35.483497
34.378086
32.252073
29.489824
26.565450
23.700680
20.809514
17.791986
14.481374
11.173827
7.103852
2.748115
-1.520940
-6.133318
-10.306154
-14.349733
-18.386160
-22.148916
-25.782926
-28.477056
-30.346257
-31.963927
-33.870595
-35.765682
-36.077499
-35.828863
-35.364968
-34.126554
-32.440254
-29.835190
-26.697772
-23.634434
-20.044020
-16.549144
-13.051714
-8.917366
-4.637923
-0.155483
4.382133
9.036575
13.769014
17.476082
20.481518
23.491212
25.846447
27.695554
29.357501
31.279836
33.449275
35.102878
35.734177
35.461187
34.504107
32.703366
30.000380
27.038370
24.143968
21.282605
18.216542
14.982905
11.956521
8.101123
3.509181
-0.757660
-5.223581
-9.549856
-13.483082
-17.353807
-21.201032
-24.750573
-27.706453
-29.733351
-31.341485
-33.007520
-35.119908
-35.906179
-35.636084
-35.441944
-34.392050
-32.886267
-30.481815
-27.367387
-24.516072
-21.092040
-17.652682
-14.147588
-10.174513
-5.790847
-1.241820
3.349611
8.023296
12.796606
16.442026
19.739355
22.773402
25.428193
27.360405
28.823103
30.792100
32.909087
34.827505
35.666227
35.690580
34.851006
33.270461
30.764682
27.657236
24.920702
22.109747
19.137348
15.813964
12.642826
8.894375
4.421473
0.153439
-4.301923
-8.675541
-12.819256
-16.907794
-20.760809
-24.467877
-27.593204
-29.644796
-31.418971
-33.173731
-35.291059
-36.163841
-35.963058
-35.776411
-34.839596
-33.264841
-31.070709
-27.992214
-24.918147
-21.445751
-17.856019
-14.552389
-10.519539
-6.129401
-1.599278
2.909047
7.566043
12.423311
16.491924
19.688606
22.752626
25.461742
27.498007
29.186862
30.895642
33.092499
34.966469
35.889319
35.873141
35.286801
33.728055
31.190940
28.091669
25.079761
22.142785
19.123043
15.783651
12.728487
9.231227
4.668917
0.254427
-4.254920
-8.564336
-12.609959
-16.593593
-20.384959
-23.924794
-27.098996
-29.411997
-31.168631
-32.789367
-34.657036
-35.929510
-35.665716
-35.333974
-34.633364
-33.178329
-31.093359
-28.074299
-25.027479
-21.790777
-18.206154
-14.665978
-10.807855
-6.411416
-1.985005
2.519063
7.073539
12.021065
16.116585
19.369807
22.441830
25.236607
27.238471
28.696230
30.410971
32.427311
34.367527
35.455227
35.626037
35.175255
33.674751
31.164544
28.248685
25.368248
22.504500
19.555432
16.357218
13.287238
9.940181
5.590064
1.283033
-3.220013
-7.651193
-11.765105
-15.885489
-19.786358
-23.502793
-26.757036
-29.046195
-30.863115
-32.547883
-34.557922
-36.032881
-35.860879
-35.695178
-34.846919
-33.443315
-31.434298
-28.588261
-25.590658
-22.365877
-18.840347
-15.486309
-11.507443
-7.228681
-2.888611
1.688174
6.209271
11.137213
15.317883
18.571275
21.534477
24.489335
26.703562
28.372492
30.179535
32.332114
34.458637
35.506657
35.791738
35.258872
33.984355
31.851189
28.772354
25.886808
23.021698
20.119803
16.725404
13.486488
10.224240
5.857774
1.439537
-2.910580
-7.455349
-11.499950
-15.490566
-19.429922
-23.202215
-26.672227
-29.087748
-30.799253
-32.440083
-34.440245
-36.118712
-36.131484
-35.988263
-35.315582

