-14.774288
-17.502819
-19.587619
-21.723339
-24.119616
-26.636635
-28.906890
-30.288015
-31.020982
-30.611924
-29.436180
-27.493238
-24.927173
-22.821426
-21.565642
-20.001105
-17.517294
-14.411552
-11.671271
-8.394718
-3.326961
1.955373
6.638254
10.078124
12.958901
15.643324
17.436062
19.128323
21.073818
22.579602
24.247169
26.255505
28.156553
29.021502
28.627770
27.606487
25.765555
23.696593
22.120816
20.985092
19.350733
17.463309
15.129021
12.576750
9.485313
6.370715
2.682550
-1.835312
-5.990267
-9.067059
-11.711802
-14.427219
-17.049823
-19.192355
-21.335738
-23.803200
-26.186023
-28.480802
-30.072076
-31.068666
-30.948435
-29.680388
-27.968884
-25.148732
-23.196765
-21.893467
-20.367759
-18.128157
-14.883791
-12.084416
-8.785554
-3.702470
1.819985
6.487029
9.922641
12.800694
15.589510
17.484256
19.227096
21.303211
22.798436
24.574484
26.460035
28.356654
29.337747
28.832640
27.818169
26.026283
23.860931
22.366558
21.234410
19.762857
17.788070
15.465873
12.819426
9.707553
6.475278
2.965416
-1.561471
-5.828823
-9.149654
-11.846508
-14.570270
-17.433507
-19.444908
-21.650451
-23.960045
-26.458332
-28.808287
-30.300788
-31.228747
-31.146663
-29.830422
-27.878114
-25.217193
-22.968224
-21.691833
-20.117589
-17.875433
-14.692545
-11.913776
-8.718286
-3.802947
1.690388
6.499290
9.923662
12.836627
15.558686
17.322983
19.062757
21.116052
22.632224
24.283613
26.267086
28.143440
29.204914
28.693335
27.696746
25.979791
23.786511
22.255693
21.106345
19.546407
17.589160
15.324184
12.722186
9.720155
6.487199
2.982957
-1.363073
-5.738735
-8.891821
-11.558873
-14.247554
-17.097507
-19.145012
-21.323987
-23.617915
-25.961740
-28.260606
-29.799768
-30.801637
-30.909436
-29.750041
-28.049094
-25.376592
-23.140226
-21.773577
-20.460061
-18.296071
-15.068906
-12.251990
-9.135348
-4.494701
1.195329
6.140471
9.693248
12.706007
15.392814
17.216546
18.979652
20.916292
22.418669
23.967709
25.809322
27.947596
29.075997
28.776441
27.805226
26.198796
23.920366
22.368601
21.213463
19.834042
18.023423
15.682834
13.118131
10.104520
6.882633
3.480911
-0.927448
-5.283696
-8.608103
-11.373929
-14.024292
-16.907283
-19.124065
-21.172251
-23.485933
-25.903497
-28.257881
-29.793978
-30.799934
-31.066111
-29.894965
-28.107337
-25.636469
-23.274762
-21.954945
-20.435027
-18.342393
-15.261684
-12.506076
-9.512731
-5.001341
0.571012
5.412272
9.223393
12.119498
14.929601
16.988175
18.496854
20.598343
22.070919
23.683650
25.676829
27.715649
29.028995
28.805052
27.973992
26.505164
24.285827
22.644826
21.434341
20.073482
18.226589
16.055107
13.536045
10.596343
7.386718
4.093477
-0.303813
-4.634176
-8.016314
-10.828291
-13.398102
-16.214507
-18.485614
-20.636831
-23.202045
-25.433302
-27.908257
-29.722112
-30.965975
-31.255824
-30.354261
-28.693676
-26.286159
-23.849862
-22.407089
-20.962954
-19.081320
-15.969276
-13.038261
-10.123593
-5.659546
-0.286443
4.994699
8.777380
11.847530
14.818736
16.988175
18.703767
20.663227
22.373370
23.802519
25.734391
27.568681
29.078381
28.993743
28.106655
26.718548
24.516923
22.683995
21.376950
20.201547
18.355165
16.144514
13.550009
10.789292
7.685934
4.400355
0.135728
-4.267693
-7.853508
-10.857241
-13.456856
-16.194923
-18.497705
-20.504338
-22.744281
-25.155204
-27.549267
-29.341834
-30.545507
-30.984027
-30.094726
-28.414215
-26.107686
-23.542472
-21.995647
-20.624569
-18.727098
-15.972342
-12.961626
-10.203293
-6.142344
-0.981774
4.266841
8.405958
11.454821
14.271906
16.405923
17.965521
19.893817
21.577903
23.057801
24.833339
26.828562
28.514862
28.592518
27.851888
26.650429
24.555411
22.604465
21.470955
20.260811
18.650804
16.500269
14.105524
11.397941
8.185421
5.091940
1.054662
-3.486531
-7.095337
-10.031462
-12.548481
-15.301194
-17.771891
-19.770861
-22.196429
-24.642774
-26.993922
-29.042619
-30.400412
-31.170675
-30.609540
-29.178517
-27.024916
-24.458851
-22.683144
-21.348851
-19.700016
-17.112153
-13.929605
-11.144195
-7.380077
-2.092634
3.274168
7.719823
10.877337
13.777528
16.289779
18.039261
19.954784
21.797419
23.143291
25.013685
27.066469
28.896161
29.416595
28.666939
27.738299
25.650603
23.383072
22.141933
20.927702
19.382579
17.263208
14.737674
12.060744
8.909873
5.615779
1.748460
-2.834286
-6.833076
-9.959596
-12.631757
-15.409504
-18.056631
-20.291635
-22.702728
-25.058133
-27.395657
-29.506854
-30.829055
-31.488793
-30.914715
-29.398884
-27.208499
-24.653843
-22.824321
-21.432979
-19.697632
-17.066002
-13.915982
-11.075565
-7.810252
-3.014803
2.610513
7.430315
10.546786
13.344799
15.851770
17.688104
19.427879
21.372352
22.704431
24.366890
26.301827
28.060164
28.801135
28.311184
27.273212
25.426660
23.264715
21.872350
20.820924
19.231353
17.284325
14.834063
12.278216
9.245362
6.214721
2.608640
-1.838718
-5.761385
-8.862019
-11.443411
-14.110804
-16.647066
-18.856866
-21.058321
-23.341349
-25.603771
-27.730635
-29.529844
-30.604260
-30.546188
-29.304879
-27.667795
-25.070395
-23.005860
-21.851233
-20.317520
-18.332175
-15.244825
-12.396744
-9.295940
-4.648822
0.863927
5.820649
9.285722
12.274299
14.930793
16.873223
18.595968
20.734583
22.267273
23.640735
25.759935
27.721780
28.840644
28.713942
28.031213
26.326180
24.065460
22.532770
21.603278
20.204101
18.385819
16.043016
13.514927
10.491780
7.278579
3.927265
-0.536272
-4.770415
-8.234297
-11.182002
-13.802392
-16.607898
-18.899611
-21.052701
-23.526634
-25.829588
-28.216839
-29.993909
-31.130654
-31.299080
-30.215297
-28.477056
-26.089634
-23.612295
-22.118602
-20.519836
-18.555777
-15.527180
-12.526512
-9.630237
-5.320821
0.127554
5.349602
9.208407
12.164967
14.924322
17.065832
18.697126
20.719596
22.267444
23.816824
25.730474
27.656215
29.017925
28.860739
28.012991
26.697431
24.358034
22.506884
21.258252
19.948653
17.995494
15.802724
13.285024
10.534866
7.331712
4.095009
-0.084128
-4.497085
-7.935252
-10.892664
-13.333729
-15.903030
-18.267632
-20.356519
-22.753818
-24.968045
-27.212926
-29.019969
-30.225004
-30.689580
-29.947247
-28.348480
-26.050295
-23.505007
-21.898917
-20.580121
-19.001280
-16.234091
-13.070958
-10.318926
-6.471702
-1.289334
4.042557
8.133820
11.068242
13.903379
16.369309
17.944915
19.829103
21.472488
22.781747
24.681091
26.647193
28.279339
28.651782
28.042112
26.968036
24.843216
22.844246
21.791969
20.663909
18.930946
16.944919
14.669725
11.956862
8.794410
5.754914
1.762594
-2.747263
-6.661245
-9.847369
-12.520381
-15.204123
-17.754180
-19.920383
-22.273575
-24.672576
-27.112450
-29.193674
-30.571393
-31.316962
-30.810663
-29.510430
-27.285644
-24.666786
-22.817169
-21.529538
-19.782100
-17.287050
-14.072997
-11.287928
-7.719994
-2.573899
3.010205
7.545437
10.738884
13.616426
16.177041
17.816680
19.619124
21.613155
23.061207
24.871145
26.875564
28.670345
29.207809
28.675795
27.657236
25.598322
23.433481
21.983385
20.845618
19.276994
17.118284
14.759643
12.090036
9.078469
5.760533
2.057382
-2.399853
-6.410735
-9.555817
-12.227467
-14.784847
-17.313106
-19.474540
-21.698645
-24.007729
-26.162863
-28.481654
-29.964617
-30.925955
-30.723299
-29.511111
-27.595248
-24.870293
-22.873708
-21.465165
-19.969259
-17.696108
-14.586960
-11.794567
-8.559908
-3.822361
1.866136
6.637233
9.948696
12.857914
15.554088
17.435551
19.138541
21.019323
22.491557
24.222306
26.184491
28.014353
29.021331
28.626578
27.762481
25.876079
23.695912
22.175482
21.182810
19.734757
17.848185
15.526329
12.979507
9.917191
6.634508
3.174373
-1.223598
-5.449738
-8.755752
-11.506762
-14.131069
-16.919374
-19.162893
-21.203416
-23.792131
-26.015554
-28.291259
-29.842002
-30.864307
-30.866010
-29.867717
-28.030361
-25.436367
-23.115703
-21.721636
-20.239183
-18.107721
-14.979499
-12.246711
-9.307691
-4.706894
0.690733
5.648306
9.413958
12.322494
15.125104
17.087970
18.638032
20.695925
22.239515
23.823636
25.723491
27.721098
28.942823
28.650590
27.844565
26.314429
23.989507
22.394317
21.157776
19.833020
17.942190
15.736307
13.287238
10.287080
7.193089
3.863403
-0.541040
-4.892349
-8.311612
-11.086464
-13.622727
-16.278028
-18.583536
-20.678043
-23.075683
-25.395325
-27.816977
-29.502766
-30.705418
-31.026772
-30.133554
-28.555393
-26.115009
-23.654870
-22.213629
-20.803894
-18.893991
-15.947478
-12.892655
-9.984289
-5.569799
-0.197036
5.089385
8.905445
11.940173
14.903886
16.996350
18.629006
20.567179
22.250925
23.759093
25.630678
27.601889
29.134921
29.091154
28.300285
26.904685
24.607182
22.771358
21.582161
20.224026
18.570934
16.317197
13.859102
10.828291
7.653236
4.474265
0.195333
-4.303285
-7.915497
-10.801554
-13.367108
-16.144855
-18.688100
-20.717382
-22.990533
-25.426490
-27.741875
-29.641049
-30.682768
-31.109027
-30.362265
-28.695890
-26.216677
-23.643630
-22.185019
-20.700863
-18.695763
-15.950714
-12.921095
-10.164636
-6.208079
-0.881808
4.443611
8.481230
11.531966
14.335939
16.606365
18.072639
19.992079
21.806444
23.165090
24.974687
26.933636
28.610229
28.820208
28.003965
26.886633
24.696929
22.643805
21.450690
20.225900
18.579619
16.405923
14.096498
11.385850
8.161919
5.096708
0.956059
-3.555162
-7.199730
-10.114568
-12.515783
-15.356370
-17.809868
-19.790956
-22.218398
-24.649586
-27.003629
-28.979267
-30.328206
-30.950648
-30.441965
-29.003961
-26.839120
-24.253130
-22.674969
-21.371841
-19.680773
-16.983237
-13.845648
-11.150837
-7.211821
-1.932553
3.412621
7.686445
10.745525
13.641119
16.238519
17.960072
19.782100
21.818536
23.294858
25.037357
27.061190
28.896161
29.305901
28.674432
27.527979
25.452035
23.341860
21.989005
20.894834
19.344262
17.190831
14.727116
11.932339
8.575405
5.413294
1.575947
-3.008332
-6.961652
-10.051898
-12.669223
-15.500954
-18.128668
-20.190648
-22.505862
-24.790764
-27.140720
-29.259580
-30.533757
-31.213249
-30.746971
-29.355969
-27.132715
-24.460043
-22.588287
-21.131039
-19.395522
-16.925846
-13.728653
-11.139938
-7.461991
-2.335991
2.995219
7.451773
10.786057
13.702597
16.170229
17.780066
19.533464
21.515914
22.827387
24.628128
26.561362
28.428010
29.137986
28.396845
27.332306
25.365012
23.164579
21.681275
20.474195
19.008773
17.016275
14.619487
11.961290
8.879048
5.748272
2.020257
-2.594164
-6.476641
-9.515115
-12.070451
-14.704806
-17.246689
-19.312075
-21.494968
-24.011816
-26.322944
-28.452192
-29.921191
-30.771494
-30.527796
-29.237952
-27.288880
-24.704593
-22.816488
-21.641425
-20.014559
-17.749412
-14.657974
-11.908157
-8.424691
-3.488404
1.926422
6.582056
10.004214
12.841565
15.619653
17.369304
19.109760
21.097149
22.517272
24.184840
26.295015
28.180054
29.050452
28.627770
27.696065
25.868246
23.721116
22.235428
21.145855
19.749573
17.799480
15.445266
12.810741
9.735312
6.557362
2.965757
-1.635381
-5.748613
-9.034531
-11.766979
-14.534848

