-33.866508
-32.010419
-29.059138
-25.951351
-22.713627
-19.294024
-16.014065
-12.130226
-7.775170
-3.214734
1.255785
5.918912
10.718788
15.122209
18.390928
21.503483
24.503469
26.668140
28.334175
29.954740
32.106808
34.111738
35.318307
35.666398
35.283395
33.946378
31.677825
28.750386
25.921038
23.093734
20.121677
16.837461
13.650826
10.337489
6.074394
1.551764
-2.875498
-7.274491
-11.552743
-15.649796
-19.773245
-23.345947
-26.813745
-29.333149
-31.144449
-32.657044
-34.738098
-36.358322
-36.435638
-36.070687
-35.406010
-34.056561
-32.099656
-29.156889
-25.988817
-22.796563
-19.158295
-15.678065
-11.879887
-7.685763
-3.290006
1.381976
5.855049
11.014598
15.332869
18.670218
21.878992
24.696418
26.993241
28.640372
30.269793
32.422543
34.570353
35.733325
35.997799
35.569668
34.324101
32.003266
29.037850
26.137659
23.206813
20.396199
16.981874
13.784511
10.591234
6.265640
1.666376
-2.767699
-7.261378
-11.403731
-15.417167
-19.287041
-22.916113
-26.279177
-28.904847
-30.706099
-32.304525
-34.194844
-35.867861
-36.028283
-35.820348
-35.186495
-33.882005
-32.222101
-29.300281
-26.259422
-23.004668
-19.587278
-16.211271
-12.430464
-8.204324
-3.929649
0.680344
5.360331
10.221004
14.781271
18.083027
21.292823
24.246318
26.595252
28.244427
29.831103
31.905174
34.095390
35.470043
35.825968
35.595383
34.476008
32.125201
29.393605
26.507548
23.627451
20.656586
17.443555
14.218433
11.144195
6.859984
2.316577
-2.041033
-6.603003
-10.804789
-14.880555
-19.011838
-22.690296
-26.101896
-28.792109
-30.611243
-32.305547
-34.264156
-36.018406
-36.433254
-36.055531
-35.470894
-34.201656
-32.502413
-29.616356
-26.562895
-23.386478
-19.829103
-16.371693
-12.544564
-8.295945
-3.987210
0.701632
5.228690
10.152885
14.607055
18.037217
21.025794
24.046557
26.599850
28.298582
29.996293
31.923396
34.139838
35.524198
35.920995
35.757337
34.569332
32.268252
29.571227
26.639019
23.691825
20.705291
17.284836
14.218773
11.046103
6.930828
2.384015
-1.901048
-6.468807
-10.556664
-14.609950
-18.588815
-22.243432
-25.764704
-28.514011
-30.351366
-31.946216
-33.747980
-35.651071
-36.068814
-35.776240
-35.369737
-34.143414
-32.545669
-29.839618
-26.629652
-23.432119
-19.993612
-16.638722
-12.899978
-8.739063
-4.510709
0.122445
4.798855
9.591579
14.246702
17.654896
20.810877
23.817505
26.299953
27.927671
29.557943
31.498671
33.761774
35.146475
35.735369
35.551616
34.581593
32.565934
29.659271
26.860918
23.875237
21.054574
17.909493
14.715024
11.582715
7.508142
2.966097
-1.349449
-5.868333
-10.056155
-14.158147
-18.204280
-21.999393
-25.491544
-28.422560
-30.411312
-32.063212
-33.802986
-35.888808
-36.360196
-35.994734
-35.649197
-34.432922
-32.828535
-30.220917
-27.097123
-24.143628
-20.461593
-17.028025
-13.458729
-9.404080
-5.050216
-0.548022
4.089730
8.867128
13.587986
17.249414
20.470619
23.460899
26.157924
27.890546
29.502937
31.425612
33.548730
35.352707
35.884891
35.853727
35.085508
33.090966
30.424935
27.475868
24.578401
21.625417
18.515417
15.072823
12.062958
8.180652
3.530639
-0.753062
-5.281312
-9.575571
-13.715540
-17.596654
-21.423783
-24.999721
-28.147527
-30.106306
-31.643595
-33.428328
-35.580567
-36.275217
-35.986900
-35.834994
-34.754787
-33.168793
-30.716487
-27.625561
-24.490527
-21.088975
-17.625434
-14.047282
-9.992123
-5.663463
-1.115969
3.622770
8.323874
13.091564
16.854320
19.999743
23.169177
25.796550
27.688231
29.277972
31.106302
33.080748
34.979922
35.767896
35.809960
35.073757
33.169644
30.550276
27.718714
24.786847
21.943365
18.833365
15.505041
12.550695
8.699724
4.210132
-0.091621
-4.525696
-8.905445
-12.805292
-16.879014
-20.642962
-24.298600
-27.483531
-29.626744
-31.326158
-32.846928
-35.086019
-36.189045
-35.854919
-35.617181
-34.657546
-33.185482
-30.965464
-27.856997
-24.899415
-21.587440
-17.981529
-14.543533
-10.616098
-6.432874
-2.013275
2.608640
7.300207
12.087141
16.199180
19.439629
22.511142
25.232860
27.301482
28.946400
30.700820
32.837561
34.807239
35.810130
35.865988
35.278116
33.659765
31.144960
28.253453
25.267260
22.292478
19.296919
15.989201
12.946469
9.447847
4.886559
0.707592
-3.777231
-8.406469
-12.311595
-16.340699
-20.125253
-23.745809
-27.149916
-29.406888
-31.054020
-32.721247
-34.747124
-36.101171
-35.985368
-35.766704
-34.993035
-33.570187
-31.574283
-28.792449
-25.897537
-22.614002
-19.030912
-15.539442
-11.621884
-7.269212
-2.686977
1.966102
6.747757
11.494160
15.534844
18.834046
22.058998
25.027309
27.147021
28.782913
30.273199
32.113109
34.201145
35.680362
35.803999
35.369396
33.910445
31.659263
28.819527
25.921209
22.965670
20.024776
16.755717
13.561419
10.285888
6.082569
1.627888
-2.751180
-7.221188
-11.256933
-15.161037
-19.191674
-22.816999
-26.355812
-28.911999
-30.735391
-32.226869
-34.313883
-36.042418
-35.992180
-35.722767
-35.056387
-33.762285
-31.779323
-29.077871
-26.094743
-22.875581
-19.221817
-15.663930
-12.166670
-8.043562
-3.634862
1.016344
5.393880
10.240589
14.550686
17.725570
20.963464
23.738657
26.050465
27.851548
29.502596
31.460694
33.487082
35.027266
35.429001
35.304683
34.081084
31.870093
29.149566
26.386976
23.491383
20.359584
17.297098
14.093093
10.971682
7.005419
2.759014
-1.632486
-6.263937
-10.376828
-14.172622
-18.195595
-21.806615
-25.318350
-28.063399
-29.931750
-31.553166
-33.370427
-35.385915
-35.667249
-35.456419
-35.177469
-33.930370
-32.257182
-29.653140
-26.588440
-23.646184
-20.114694
-16.737155
-13.176032
-9.097201
-4.709959
-0.149523
4.507984
9.080512
13.731377
17.305102
20.534481
23.518290
26.000398
27.816125
29.389347
31.256505
33.377068
34.993887
35.709824
35.584995
34.605265
32.687698
30.012301
27.228424
24.273055
21.493265
18.415962
15.165976
12.053081
8.136545
3.633840
-0.558240
-5.132471
-9.369169
-13.420241
-17.441511
-21.356344
-24.879319
-27.926820
-29.859202
-31.465633
-33.163003
-35.320691
-36.085503
-35.706588
-35.597427
-34.463065
-32.770634
-30.440433
-27.443341
-24.546555
-21.054234
-17.508609
-13.993297
-10.007279
-5.706549
-1.302958
3.373623
8.101974
12.893847
16.724042
19.913401
22.856167
25.531564
27.599505
29.240847
30.931745
33.077683
34.996952
35.834653
35.797187
35.137619
33.567974
30.985900
28.090988
25.081635
22.122690
19.103800
15.724216
12.540817
8.961133
4.504749
0.207084
-4.340240
-8.776699
-12.611151
-16.537224
-20.496505
-24.038894
-27.171373
-29.377937
-31.100682
-32.570873
-34.696375
-35.836186
-35.706248
-35.619055
-34.792423
-33.237083
-31.156540
-28.235742
-25.207315
-21.874053
-18.304757
-14.868804
-10.971172
-6.647621
-2.227340
2.187150
6.963525
11.749268
15.864032
18.975905
22.214821
24.956294
27.059998
28.604269
30.299595
32.310486
34.371104
35.518408
35.709483
35.208464
33.787319
31.347104
28.433289
25.564773
22.695405
19.743272
16.563960
13.500793
10.122742
5.878380
1.572371
-2.902406
-7.341078
-11.482750
-15.504530
-19.368614
-23.104634
-26.482344
-28.991699
-30.611753
-32.404321
-34.551110
-36.135912
-36.121437
-35.887786
-35.294294
-33.822230
-31.820536
-29.024908
-26.082141
-22.897380
-19.110101
-15.827928
-11.978660
-7.788113
-3.374304
1.210826
5.835465
10.788952
15.077080
18.511500
21.686895
24.653503
26.930741
28.602396
30.322415
32.241515
34.441948
35.748652
36.035095
35.741159
34.540551
32.300268
29.478414
26.414565
23.440804
20.516941
17.181976
13.864551
10.695457
6.508657
2.099105
-2.380950
-6.905794
-11.075905
-15.031099
-19.039256
-22.678716
-26.129825
-28.676305
-30.445882
-32.086032
-33.955404
-35.747630
-35.927977
-35.709824
-35.203525
-33.860207
-32.051461
-29.353585
-26.165247
-23.297071
-19.615718
-16.248396
-12.513740
-8.361680
-4.010371
0.410591
5.057710
9.815012
14.350414
17.720801
20.795550
23.733888
26.174613
27.785812
29.340812
31.337227
33.385754
34.858840
35.419294
35.229410
34.171854
32.137292
29.392583
26.697942
23.854801
21.017620
17.825365
14.610291
11.524643
7.442917
3.081901
-1.164164
-5.731583
-9.827954
-14.002323
-17.995834
-21.823815
-25.402818
-28.193848
-30.184814
-31.713588
-33.494915
-35.626888
-36.137274
-35.919803
-35.603728
-34.385749
-32.667603
-30.161824
-27.061531
-23.974180
-20.416805
-17.028706
-13.312953
-9.253025
-4.937989
-0.417743
4.165002
8.958238
13.723203
17.377649
20.532608
23.570572
26.002611
27.902637
29.568842
31.606129
33.694506
35.427128
36.074775
36.016192
35.208804
33.128602
30.368396
27.379819
24.465493
21.602086
18.316848
14.977115
11.970486
7.998943
3.465073
-0.846727
-5.453825
-9.740761
-13.704130
-17.743281
-21.351065
-24.960893
-27.932780
-30.012642
-31.580925
-33.168622
-35.262278
-35.979577
-35.675253
-35.349982
-34.231118
-32.607147
-30.346768
-27.233022
-24.118934
-20.805938
-17.242943
-13.829129
-9.681668
-5.397286
-1.040697
3.571340
8.399146
13.123580
16.660179
19.854818
23.076875
25.565454
27.381522
28.920855
30.710527
32.765014
34.610033
35.299914
35.352877
34.585340
32.815422
30.083486
27.274234
24.539573
21.652324
18.577405
15.300342
12.363025
8.723225
4.200084
0.025715
-4.438162
-8.874791
-12.813296
-16.839504
-20.632233
-24.345432
-27.434485
-29.523713
-31.273024
-32.771315
-35.105433
-36.135571
-35.893747
-35.711186
-34.638473
-33.278465
-31.036479
-27.964796
-25.006703
-21.726574
-18.134798
-14.650992
-10.715723
-6.373440
-1.996756
2.660411
7.395233
12.309722
16.231367
19.477265
22.576536
25.350537
27.369772
28.977735
30.802829
32.972779
34.983499
35.812344
35.784755
35.130467
33.567803
31.068836
28.107677
25.354113
22.516762
19.365208
15.990394
12.923990
9.258134
4.820824
0.438860
-4.011903
-8.461135
-12.598378
-16.526665
-20.305599
-23.933479
-27.163199
-29.455423
-31.283753
-32.797882
-34.805707
-36.086866
-35.937003
-35.734688
-34.799576
-33.383199
-31.320027
-28.306246
-25.330271
-21.983896
-18.371855
-14.962299
-10.957888
-6.724766
-2.326114
2.153090
6.877014
11.640787
15.715190
18.999747
22.119965
24.880852
26.966844
28.418643
30.142239
32.212053
34.175089
35.160950
35.486221
35.073076
33.577340
31.096424
28.267588
25.501251
22.616386
19.770861
16.434704
13.444935
10.232244
5.777734
1.438345
-2.923523
-7.389614
-11.533328
-15.582187
-19.414936
-23.060867
-26.501077
-28.975180
-30.721085
-32.314914
-34.381662
-36.051444
-36.018917
-35.768066
-35.111904
-33.762455
-31.783921
-28.896502
-25.791781
-22.678886
-19.095625
-15.607561
-11.859792
-7.639953
-3.264121
1.344510
6.034204
10.948692
15.167679
18.417495
21.653686
24.494955
26.693174
28.375217
30.225004
32.306739
34.415381
35.624674
36.041396
35.543953
34.348454
31.922715
29.059989
26.181766
23.241384
20.189115
16.949858
13.682502
10.365418
6.021942
1.583781
-2.876520
-7.346528
-11.540992
-15.542337
-19.407954
-23.129668
-26.580095
-29.115847
-30.839443
-32.337052
-34.199442
-35.880634
-35.818986
-35.607644
-34.992695
-33.664192

