-11.091913
-14.078787
-16.778537
-19.327062
-21.443197
-23.244108
-25.216341
-26.525429
-27.434656
-27.952194
-28.377260
-28.353078
-27.343716
-25.590488
-23.554734
-21.323477
-19.278526
-16.714164
-13.890777
-10.982922
-7.847207
-4.720688
-1.359326
1.571860
4.647970
8.214882
11.439153
13.848713
15.967063
17.853464
19.858735
21.537372
22.872005
24.277823
25.820732
27.124541
27.506692
27.241366
26.313748
24.706806
22.868259
21.108389
18.704448
16.205822
13.597182
10.868481
7.512910
4.085132
0.479051
-3.642184
-7.498946
-10.610989
-13.527870
-16.328437
-19.031252
-21.372523
-23.062059
-24.938754
-26.369606
-27.497837
-28.208154
-28.578554
-28.839452
-27.617727
-26.085888
-23.996149
-21.680934
-19.729308
-17.038243
-14.211450
-11.313643
-8.116961
-4.869529
-1.596212
1.430852
4.564183
8.294582
11.652367
14.143501
16.309364
18.057653
20.107712
21.658284
23.013694
24.554559
25.983197
27.396338
27.805907
27.455091
26.625054
24.984224
23.265226
21.392107
19.087281
16.550677
13.945103
11.095149
7.921628
4.391330
0.685794
-3.643547
-7.674013
-10.824033
-13.896057
-16.547782
-19.332511
-21.548441
-23.425817
-25.321415
-26.648045
-27.667114
-28.348480
-28.562886
-28.526783
-27.593204
-25.866713
-23.913894
-21.562236
-19.582169
-17.016275
-14.144693
-11.235135
-8.102655
-4.879747
-1.588549
1.388959
4.471030
8.046457
11.245864
13.854504
16.016449
17.810038
19.741229
21.466187
22.741726
24.255003
25.624548
27.057784
27.618408
27.219227
26.461397
24.864333
22.979975
21.149942
18.887179
16.375950
13.873237
11.041675
7.833072
4.401888
0.691754
-3.345864
-7.313831
-10.418892
-13.418538
-16.037226
-18.829278
-21.135126
-22.930588
-24.789572
-26.185513
-27.204071
-27.957644
-28.223140
-28.486592
-27.581964
-26.063919
-24.107013
-22.000074
-19.994634
-17.353807
-14.433690
-11.448860
-8.410386
-5.201782
-1.903261
1.102175
4.208599
7.725613
11.039802
13.864551
15.978473
17.753158
19.619295
21.187408
22.619281
23.997681
25.452035
26.898214
27.564253
27.219057
26.590484
25.039060
23.296050
21.511827
19.172771
16.665459
14.127834
11.394364
8.286408
4.775013
1.188517
-2.914156
-7.079329
-10.218280
-13.251134
-15.994140
-18.649272
-20.989691
-22.859573
-24.788550
-26.236773
-27.286155
-28.142929
-28.344052
-28.420857
-27.699981
-26.097809
-24.258239
-21.875075
-19.846133
-17.434529
-14.738185
-11.792524
-8.751835
-5.570139
-2.425739
0.681537
3.648826
7.189683
10.662249
13.257265
15.622548
17.353296
19.304582
21.167994
22.546564
23.954766
25.358711
26.842867
27.657577
27.429717
26.929719
25.422062
23.602758
21.801506
19.647224
17.153025
14.641115
11.947836
8.956535
5.360161
1.907689
-2.104044
-6.412608
-9.685755
-12.698344
-15.517473
-18.281596
-20.930767
-22.576366
-24.484566
-26.117052
-27.335031
-28.129986
-28.587750
-28.777122
-28.222288
-26.727745
-24.895157
-22.545542
-20.610435
-18.168177
-15.398264
-12.449537
-9.280784
-6.167548
-2.649512
0.362396
3.407853
6.945133
10.419743
13.299840
15.497378
17.385483
19.216367
21.139724
22.401128
23.834024
25.155544
26.545695
27.517421
27.295862
26.760272
25.402648
23.776633
21.971634
19.804410
17.193556
14.747381
12.155771
9.106227
5.551406
2.178294
-1.721042
-6.158692
-9.539127
-12.461969
-15.244654
-17.998900
-20.513535
-22.402321
-24.229288
-25.805405
-26.907580
-27.720588
-28.051308
-28.176137
-27.821575
-26.447773
-24.727072
-22.401980
-20.233563
-18.061399
-15.270199
-12.379714
-9.405102
-6.520748
-3.221035
-0.042064
2.902406
6.239244
9.630748
12.491941
14.858927
16.657795
18.515927
20.404032
21.804741
23.265055
24.599348
26.113476
27.302674
27.229786
26.733024
25.655542
23.856844
22.180932
20.082848
17.689466
15.279225
12.672118
9.859460
6.391662
2.889463
-0.809431
-5.183731
-8.678777
-11.647429
-14.506068
-17.181294
-19.916466
-21.972997
-23.666961
-25.473322
-26.757377
-27.823278
-28.356484
-28.631176
-28.413194
-27.176823
-25.426660
-23.190124
-21.140575
-19.122362
-16.340017
-13.360296
-10.364056
-7.186106
-3.888777
-0.551939
2.373798
5.616290
9.267330
12.394871
14.841046
16.822474
18.605505
20.627635
22.150619
23.530722
24.910484
26.306425
27.726548
27.795008
27.175461
26.336227
24.646861
22.976739
20.912886
18.282618
15.753678
13.138056
10.201761
6.873267
3.381627
-0.329699
-4.712854
-8.581536
-11.689322
-14.626469
-17.529896
-20.358222
-22.407940
-24.070740
-25.855984
-27.084861
-27.972460
-28.379815
-28.549092
-28.320892
-27.259588
-25.678022
-23.427861
-21.041291
-18.877132
-16.285181
-13.368470
-10.551555
-7.735661
-4.480055
-0.839744
1.989773
5.100795
8.614915
11.861835
14.292002
16.325372
17.959390
19.887005
21.508592
22.755521
24.147204
25.670358
27.034283
27.351379
26.953731
26.149920
24.600880
22.787537
20.950522
18.513543
16.082355
13.533660
10.909012
7.627521
4.177264
0.811304
-3.354549
-7.283688
-10.343109
-13.135331
-15.972001
-18.752473
-20.939112
-22.540263
-24.253981
-25.885446
-27.026619
-27.662856
-27.901105
-28.210538
-27.299609
-25.844915
-24.002620
-21.679742
-19.959211
-17.449345
-14.520373
-11.583226
-8.616107
-5.576611
-2.126864
0.794785
3.931011
7.406643
10.798148
13.465881
15.744993
17.526661
19.234249
21.148239
22.494963
23.913043
25.535311
27.221101
27.702876
27.312040
26.654005
25.334188
23.537704
21.786519
19.482204
17.017126
14.459235
11.724234
8.658852
5.055496
1.670292
-2.476658
-6.831033
-10.045426
-13.008458
-15.816518
-18.574340
-21.142789
-22.903340
-24.739163
-26.363645
-27.466161
-28.168985
-28.410639
-28.549603
-28.021336
-26.419674
-24.487291
-22.004672
-20.025117
-17.674821
-14.770542
-11.864560
-8.825234
-5.782332
-2.377204
0.812667
3.717627
7.125820
10.593959
13.390950
15.659843
17.434699
19.378662
21.261658
22.565978
23.881538
25.158269
26.594230
27.548415
27.193853
26.611090
25.252615
23.467370
21.522897
19.390242
16.859089
14.485121
11.816536
8.838177
5.332572
1.929828
-1.839059
-6.234305
-9.495701
-12.228148
-15.021733
-17.750263
-20.393474
-22.102935
-23.766075
-25.405884
-26.593208
-27.469056
-27.933121
-28.168133
-27.771848
-26.388850
-24.638517
-22.374562
-20.486287
-18.321616
-15.430961
-12.522766
-9.652376
-6.672314
-3.340585
-0.176259
2.614771
5.894729
9.565013
12.444939
14.785869
16.554253
18.273592
20.328930
21.764551
23.066316
24.506875
25.991372
27.278491
27.157239
26.671035
25.878804
24.269308
22.492920
20.553385
18.249410
15.692711
13.051544
10.305643
6.809064
3.425734
-0.376872
-4.842622
-8.506094
-11.452266
-14.393330
-17.272745
-20.101922
-22.125414
-23.915938
-25.656394
-26.877608
-27.764184
-28.252091
-28.658765
-28.427499
-27.292286
-25.629316
-23.458004
-21.119799
-19.111804
-16.324520
-13.441358
-10.408163
-7.426909
-4.112550
-0.770944
2.163649
5.401543
9.091922
12.158155
14.622041
16.646215
18.383435
20.347834
21.940129
23.275273
24.607182
26.198115
27.623858
27.723142
27.237109
26.242222
24.519988
22.773743
20.731517
18.344947
15.857731
13.383797
10.422809
7.049526
3.597396
0.055177
-4.221371
-8.120196
-10.976110
-13.762202
-16.622203
-19.427708
-21.616220
-23.136309
-25.077377
-26.377439
-27.385609
-27.934994
-28.280360
-28.357506
-27.328730
-25.843722
-23.741892
-21.504334
-19.521884
-16.950539
-14.038767
-11.018855
-8.096354
-4.883494
-1.537630
1.313516
4.422494
8.046968
11.420931
14.016458
16.036374
17.828941
19.808156
21.470274
22.696086
24.158955
25.685685
27.214118
27.559996
27.171203
26.439939
24.935518
23.119620
21.300316
19.002812
16.576222
14.066526
11.247737
8.125135
4.659721
1.104730
-3.159216
-7.221188
-10.280269
-13.248750
-16.041143
-18.674306
-21.254676
-22.914921
-24.798938
-26.240349
-27.282408
-27.916431
-28.346266
-28.361763
-27.548075
-25.963443
-24.063587
-21.758250
-19.771882
-17.270190
-14.483077
-11.579990
-8.533512
-5.428961
-2.128737
0.952653
3.902572
7.416351
10.752848
13.345480
15.637364
17.444577
19.416809
21.149601
22.478785
23.806947
25.172744
26.776961
27.541263
27.161837
26.653154
25.070906
23.346118
21.476064
19.263370
16.826221
14.210599
11.629207
8.598225
5.071504
1.618692
-2.412455
-6.580693
-9.782825
-12.612343
-15.449354
-18.232550
-20.749569
-22.528853
-24.427516
-25.912183
-27.091844
-27.886970
-28.295858
-28.583663
-27.995961
-26.447603
-24.603435
-22.303547
-20.360265
-18.077237
-15.129702
-12.181657
-9.046452
-6.045614
-2.643892
0.493526
3.481252
7.077456
10.523966
13.340030
15.561240
17.436913
19.328254
21.104813
22.411687
23.876429
25.232179
26.745626
27.754647
27.505670
26.977233
25.671210
23.842880
22.155387
19.864525
17.435380
14.745849
12.122222
9.245362
5.685943
2.206734
-1.836845
-6.187643
-9.570462
-12.527704
-15.524455
-18.144676
-20.650285
-22.548437
-24.267776
-25.999887
-26.990175
-27.847801
-28.346947
-28.448956
-27.847631
-26.406390
-24.739504
-22.322450
-20.091874
-18.023934
-15.246868
-12.396744
-9.412766
-6.388426
-2.965416
0.123978
3.042391
6.337166
9.861333
12.650320
14.971665
17.007249
18.767629
20.688091
22.063255
23.429564
24.800471
26.183980
27.392762
27.275937
26.718037
25.576864
23.847307
22.122008
19.936391
17.582859
15.102625
12.428761
9.682689
6.178107
2.775703
-0.932046
-5.221197
-8.641992
-11.758123
-14.626810
-17.285858
-20.019327
-21.987302
-23.679052
-25.389024
-26.623351
-27.543477
-28.201171
-28.482676
-28.268610
-26.962246
-25.321075
-23.094416
-20.986795
-18.856525
-16.105175
-13.255732
-10.185412
-7.138423
-3.767014
-0.607286
2.253907
5.565201
9.364911
12.434210
14.786039
16.891445
18.735954
20.589828
22.060020
23.484911
24.863141
26.453904
27.758905
27.823618
27.323791
26.208333
24.529014
22.854805
20.815134
18.406085
15.900816
13.108253
10.250977
6.807021
3.228698
-0.614950
-5.053622
-8.725439
-11.744499
-14.649970
-17.424822
-20.202228
-22.206817
-23.945400
-25.742054
-26.863813
-27.725697
-28.193508
-28.499705
-28.268099
-27.100359
-25.466851
-23.159640
-20.902838
-18.867595
-16.105516
-13.307674
-10.260684
-7.196154
-3.982271
-0.784738
2.228533
5.450078
8.977652
12.027706
14.429944
16.547441
18.213476
20.250763
21.737473
23.086241
24.546385
25.838103
27.207817
27.381011
26.885441
25.899751
24.216345
22.524255
20.585741
18.106358
15.563965
13.012886
10.276522
7.055998
3.531149
0.052793
-4.208088
-8.034876
-11.054788
-13.915982
-16.598191
-19.243104
-21.474021
-23.063762
-24.843216
-26.255165
-27.279343
-27.958666
-28.259924
-28.250217
-27.181421
-25.595767
-23.631028
-21.361964
-19.484077
-16.986643
-14.090027
-11.065177
-8.005074
-4.795790
-1.488073
1.560960
4.593134
8.306333
11.454480
13.954299
16.085761
17.866577
19.848176
21.603448
22.895166
24.311543
25.802510
27.227913
27.555908
27.239663
26.438917
24.872507
23.247344
21.380016
19.001280
16.438450
13.872215
11.136872
7.917200
4.366807
0.837701
-3.548690
-7.542372
-10.741949

