-31.872477
-28.929881
-25.841168
-22.703409
-19.288233
-15.703780
-11.891467
-7.602147
-3.304652
1.338720
5.951439
10.824033
15.157631
18.424307
21.556105
24.356161
26.522875
28.101717
29.763665
31.776258
33.731801
35.089765
35.586698
35.268920
33.901760
31.670332
28.852224
26.065281
23.212092
20.451375
17.138209
14.035191
10.784694
6.566048
2.189875
-2.050059
-6.492649
-10.648966
-14.658145
-18.623216
-22.290434
-25.744268
-28.537001
-30.331101
-31.946557
-33.885070
-35.760403
-35.867691
-35.658053
-35.296168
-33.962045
-32.302993
-29.596431
-26.615347
-23.561716
-20.017964
-16.444921
-12.660367
-8.677755
-4.333939
0.140156
4.722050
9.599924
14.294897
17.769677
20.965508
23.932968
26.323795
28.060504
29.788528
31.856980
34.067631
35.595894
36.120755
35.979748
34.931387
32.713584
29.942649
26.903323
23.940631
21.050147
17.758267
14.528547
11.419569
7.197176
2.726146
-1.771791
-6.393705
-10.686432
-14.657634
-18.507413
-22.117921
-25.793825
-28.398548
-30.463423
-31.997306
-33.863442
-35.858665
-36.157199
-35.841124
-35.393068
-34.192290
-32.412154
-29.751403
-26.591846
-23.607016
-19.980839
-16.481025
-12.638228
-8.604016
-4.099948
0.470877
4.979372
9.749447
14.318739
17.861809
21.061727
24.140562
26.489837
28.154850
29.811008
31.588759
33.629281
35.027436
35.583632
35.495588
34.394435
32.457454
29.638495
26.589973
23.720094
20.845618
17.738002
14.520373
11.429105
7.334096
2.984660
-1.164845
-5.750486
-10.033335
-14.092582
-18.034152
-21.816322
-25.353432
-28.198957
-30.121803
-31.684126
-33.547027
-35.545485
-36.160435
-35.855770
-35.606282
-34.393242
-32.712902
-30.157566
-27.113642
-24.057286
-20.606347
-17.090525
-13.500452
-9.406975
-5.136388
-0.566244
3.960643
8.673668
13.487339
17.134462
20.229646
23.172072
25.751591
27.575493
29.266562
31.221083
33.403635
35.138982
35.845722
35.824265
34.971748
33.007690
30.391387
27.524914
24.641241
21.598509
18.602269
15.205996
12.135335
8.204494
3.772293
-0.532184
-5.150352
-9.479012
-13.485295
-17.415796
-21.327904
-24.926492
-27.965818
-30.006341
-31.579392
-33.353567
-35.362244
-36.081076
-35.887446
-35.783904
-34.719195
-33.163513
-30.773367
-27.674437
-24.640560
-21.166291
-17.633608
-14.101607
-10.053601
-5.789314
-1.218149
3.294774
7.917540
12.828282
16.595636
19.733565
22.821086
25.423595
27.398041
28.981481
30.745438
32.773188
34.761259
35.596064
35.676956
34.954037
33.267736
30.732666
27.674607
24.843557
22.084713
19.065312
15.732731
12.722186
9.066888
4.566738
0.449930
-4.131453
-8.487872
-12.559039
-16.598361
-20.356689
-24.107524
-27.252265
-29.335022
-31.025750
-32.841819
-35.000869
-35.959993
-35.652433
-35.427298
-34.415211
-33.029829
-30.802999
-27.793816
-24.887834
-21.588462
-17.902170
-14.589344
-10.620185
-6.346192
-1.970359
2.563681
7.128545
12.053762
16.117947
19.289255
22.366388
25.103944
27.109895
28.657062
30.419997
32.552140
34.499850
35.536800
35.773516
35.184281
33.779144
31.248842
28.371981
25.302342
22.396360
19.411189
16.127654
12.958731
9.571144
5.098070
0.769411
-3.638097
-8.143187
-12.218271
-16.179085
-19.928217
-23.534468
-26.848486
-29.164553
-30.959163
-32.577855
-34.493208
-35.956757
-35.922187
-35.745416
-35.038846
-33.716645
-31.752927
-28.879132
-25.926828
-22.689274
-19.116913
-15.820946
-11.863368
-7.452454
-3.024680
1.624482
6.059238
10.978324
15.349218
18.564122
21.726745
24.623871
26.878289
28.409958
30.180046
32.142912
34.291063
35.494225
35.739797
35.499505
34.166915
31.838417
28.974840
26.025431
23.134095
20.275457
16.879695
13.692890
10.441542
6.195818
1.959120
-2.519233
-7.094315
-11.101450
-15.288421
-19.183670
-22.811208
-26.230642
-28.719732
-30.505998
-32.173395
-34.064225
-35.874673
-36.066089
-35.786118
-35.222428
-33.873660
-32.103573
-29.393775
-26.267937
-23.241895
-19.642455
-16.273090
-12.531791
-8.381094
-4.011903
0.456742
5.032846
9.944609
14.468942
17.846823
20.814283
23.768970
26.041269
27.787174
29.391561
31.311342
33.529656
35.171679
35.508701
35.384553
34.255981
32.180718
29.514347
26.545525
23.597479
20.800829
17.660005
14.390094
11.374440
7.413455
2.888611
-1.363243
-5.855731
-10.108948
-14.017820
-17.890079
-21.542140
-25.068351
-27.775424
-29.797554
-31.473296
-33.282382
-35.318477
-35.700968
-35.518748
-35.113437
-33.887454
-32.413006
-29.885428
-26.913030
-24.041448
-20.556961
-17.076901
-13.481038
-9.310246
-4.907506
-0.248126
4.391330
9.148972
13.745853
17.163072
20.181792
23.224865
25.954587
27.816125
29.337406
31.168461
33.346755
34.997634
35.614627
35.576820
34.744229
32.861914
30.157225
27.132886
24.393116
21.564450
18.537726
15.131065
12.057679
8.390290
3.777061
-0.527927
-5.013772
-9.409189
-13.506583
-17.484426
-21.253824
-24.918318
-27.958495
-29.974324
-31.672035
-33.387457
-35.476514
-36.364283
-36.127397
-35.895790
-34.643412
-33.070019
-30.805724
-27.751752
-24.788039
-21.385806
-17.856359
-14.330319
-10.241100
-5.904777
-1.490968
3.098420
7.749455
12.534005
16.440494
19.504513
22.584541
25.389535
27.461393
29.050112
30.853067
33.102887
34.896476
35.713570
35.829885
35.185644
33.372641
30.855792
28.019292
25.237628
22.427014
19.271544
15.836273
12.737513
9.146588
4.664830
0.385216
-4.209450
-8.573532
-12.504373
-16.623054
-20.323992
-24.101904
-27.259077
-29.440267
-31.157051
-32.658747
-34.779821
-35.927466
-35.895790
-35.762446
-34.909759
-33.409255
-31.321730
-28.222118
-25.230306
-21.968399
-18.526145
-15.154566
-11.082036
-6.827457
-2.457585
2.157688
6.776026
11.680126
15.738351
19.033636
22.159304
24.898393
26.923418
28.470584
30.297722
32.382522
34.370933
35.382680
35.624674
35.226175
33.736910
31.271832
28.406041
25.465999
22.671052
19.879852
16.580139
13.515098
10.164465
5.652564
1.382487
-3.040859
-7.478339
-11.549677
-15.610286
-19.444227
-23.086241
-26.462419
-28.849500
-30.728068
-32.318490
-34.375872
-35.821199
-35.836015
-35.675423
-34.889153
-33.481291
-31.625032
-28.708492
-25.717531
-22.478274
-18.913576
-15.535014
-11.672633
-7.442236
-3.021785
1.472916
6.089040
10.986669
15.262536
18.454960
21.689790
24.552856
26.717186
28.357676
29.997315
32.005651
34.201486
35.389321
35.863434
35.479239
34.248999
31.908921
29.133558
26.206119
23.113489
20.142623
16.829286
13.603824
10.344812
6.112371
1.591614
-2.754416
-7.206883
-11.470829
-15.462467
-19.385304
-23.001432
-26.513849
-29.016222
-30.816283
-32.358170
-34.289360
-36.144086
-36.306892
-36.068133
-35.581418
-34.234013
-32.455240
-29.615675
-26.450838
-23.326363
-19.783803
-16.312088
-12.579135
-8.192233
-3.701448
0.909567
5.560092
10.510853
15.032802
18.368108
21.490029
24.463960
26.772703
28.485911
30.107839
32.117878
34.235375
35.632338
35.994393
35.659926
34.451996
32.270466
29.421874
26.519980
23.620640
20.628827
17.535516
14.333895
10.965381
6.677594
2.181530
-2.068622
-6.617819
-10.793550
-14.996699
-18.798283
-22.608382
-26.108197
-28.867381
-30.734709
-32.262972
-34.177303
-36.015681
-36.274535
-35.919973
-35.431215
-34.149545
-32.358851
-29.520137
-26.474680
-23.322446
-19.763027
-16.291142
-12.596675
-8.424350
-4.176753
0.396286
4.855735
9.835958
14.304604
17.696619
20.825011
23.831810
26.164225
27.854443
29.411827
31.367370
33.554350
35.035270
35.638128
35.359519
34.435306
32.412495
29.609714
26.632718
23.728779
20.752464
17.562253
14.460427
11.364562
7.213524
2.805846
-1.583099
-6.045784
-10.225262
-14.245340
-18.180098
-21.783284
-25.335380
-28.047221
-29.981307
-31.598977
-33.405508
-35.330568
-35.722085
-35.502229
-35.077163
-33.899716
-32.335520
-29.672044
-26.526451
-23.604121
-20.177705
-16.713824
-13.075045
-8.972202
-4.627534
-0.008685
4.513093
9.344476
13.935566
17.580475
20.755870
23.792471
26.160819
27.883053
29.520307
31.457288
33.648695
35.222939
35.872630
35.739626
34.827335
32.773358
30.018432
27.170522
24.166277
21.335568
18.291473
14.961106
11.882271
7.822854
3.289495
-0.965255
-5.580017
-10.002681
-14.107738
-18.043007
-21.910838
-25.480986
-28.385775
-30.296019
-31.868901
-33.637456
-35.814728
-36.237580
-35.920484
-35.600151
-34.451485
-32.836369
-30.258894
-27.057273
-24.060011
-20.539420
-17.037903
-13.323682
-9.237698
-4.916191
-0.300067
4.281146
8.995874
13.683353
17.509801
20.650285
23.687226
26.105302
28.030872
29.603243
31.492370
33.646311
35.317114
36.022493
35.864115
35.010747
33.171007
30.366693
27.544498
24.377448
21.391426
18.255029
14.981542
11.857407
7.837330
3.357104
-0.863586
-5.471706
-9.825230
-13.891288
-17.880883
-21.461078
-25.038208
-27.973482
-30.082975
-31.699623
-33.298901
-35.473789
-36.220891
-35.928147
-35.631657
-34.554686
-33.130816
-30.672380
-27.563572
-24.632386
-21.178211
-17.669712
-14.137370
-9.990931
-5.694798
-1.086337
3.573554
8.168221
12.899637
16.864879
20.095621
23.189613
25.723151
27.687379
29.267754
31.090805
33.187526
34.968342
35.800253
35.749674
34.986905
33.279657
30.569179
27.655704
24.729627
21.792650
18.742766
15.432494
12.394530
8.548839
4.057714
-0.161273
-4.707234
-9.168386
-13.193573
-17.229659
-20.971809
-24.763175
-27.761970
-29.874189
-31.496457
-33.274037
-35.389321
-36.305700
-35.902091
-35.644940
-34.634897
-33.002070
-30.694689
-27.672563
-24.687392
-21.399941
-17.716544
-14.138733
-10.153055
-5.707060
-1.298019
3.282002
7.977315
12.749944
16.632421
19.730330
22.892441
25.358711
27.441127
29.004472
30.565262
32.851015
34.851687
35.648176
35.694497
35.068989
33.551455
30.963080
27.926309
24.962766
21.985940
19.120659
15.710252
12.676546
9.124790
4.681349
0.388622
-4.150697
-8.585112
-12.550184
-16.573497
-20.428044
-24.222987
-27.363641
-29.498850
-31.215123
-32.830068
-34.916742
-36.097084
-35.911117
-35.837718
-35.076312
-33.765861
-31.569856
-28.497832
-25.508404
-22.120135
-18.529381
-15.023266
-11.160544
-6.735155
-2.251863
2.404792
7.072176
11.996542
16.153370
19.303731
22.418840
25.246995
27.300801
29.024737
30.780690
32.675607
34.840448
35.776922
35.931383
35.416569
33.967325
31.272003
28.610911
25.615181
22.535324
19.615889
16.324861
13.162749
9.648970
5.082573
0.853539
-3.720181
-8.210625
-12.100935
-16.172954
-20.114694
-23.825509
-27.047396
-29.370274
-31.096254
-32.725845
-34.838234
-36.234174
-36.062513
-35.751377
-34.944671
-33.400570
-31.323263
-28.242213
-25.372675
-21.988664
-18.352781
-14.947993
-11.147601
-6.898301
-2.460991
2.099276
6.508657
11.501993
15.583379
18.847329
21.920545
24.622508
26.761634
28.382369
30.103922
32.127074
34.170832
35.300766
35.519430
35.065753
33.746277
31.477894
28.588942
25.554725
22.689615
19.688095
16.328437
13.290303
9.892157
5.621910
1.263618
-3.011397
-7.526023
-11.513403
-15.520539
-19.309180
-22.886821
-26.472126
-28.635434
-30.538865
-32.058614
-33.932413
-35.521644
-35.501719
-35.304683
-34.787314
-33.429861
-31.527281

