-21.303722
-20.935876
-19.956827
-17.572301
-14.476265
-11.654752
-7.988385
-3.062827
1.349619
5.096367
7.640464
9.695632
11.722020
14.180967
17.303058
19.896882
22.091014
23.958513
25.844404
27.218546
27.215651
26.283094
24.363654
22.329262
20.763874
19.591195
18.589326
17.679078
16.196455
14.340026
11.521408
8.760861
5.952120
2.273151
-1.454013
-4.449912
-6.784712
-9.108952
-12.043885
-14.636006
-17.034667
-19.457851
-21.613496
-23.855993
-25.695222
-26.847976
-27.400596
-26.129825
-24.799790
-23.529189
-21.873713
-21.278518
-21.020685
-20.312071
-18.173456
-15.013048
-12.229340
-8.769546
-4.156828
0.458785
4.163299
6.864071
8.984974
11.150326
13.569253
16.604832
19.320250
21.711929
23.775952
25.872673
27.472292
27.806248
26.973316
25.033440
22.892271
21.464654
20.218917
19.326210
18.284491
16.821453
14.869486
12.057338
9.094136
6.358624
2.624989
-1.165697
-4.419940
-6.862538
-9.133135
-12.016296
-14.624085
-16.984599
-19.724880
-21.661520
-24.066142
-25.854111
-26.987961
-27.616365
-26.533944
-25.118079
-23.853949
-22.265060
-21.410329
-21.075181
-20.228454
-18.206154
-14.921938
-12.219463
-8.840902
-4.312311
0.458615
4.401548
7.222210
9.368147
11.408159
13.730015
16.782624
19.591876
21.807807
23.717540
25.707143
27.215311
27.585030
26.750224
24.877105
22.717885
21.010978
19.834382
18.773930
17.765931
16.496692
14.689990
12.250117
9.365252
6.573711
2.960137
-0.887769
-3.986870
-6.529944
-8.685078
-11.511190
-14.161212
-16.568729
-19.125768
-21.282264
-23.543664
-25.557961
-26.805231
-27.501243
-26.605129
-25.064775
-23.894140
-22.231851
-21.340336
-21.123886
-20.541293
-18.668175
-15.516281
-12.601614
-9.521927
-4.963023
-0.336681
3.643376
6.536756
8.613212
10.778052
13.065679
16.038588
18.807990
21.241733
23.280552
25.281736
26.967696
27.567489
27.063404
25.414228
23.316826
21.719592
20.404713
19.368955
18.426691
17.072133
15.079805
12.720653
9.746722
7.068770
3.692933
-0.184093
-3.545114
-6.321498
-8.514779
-11.219808
-13.936077
-16.375950
-18.916471
-21.080290
-23.263693
-25.388684
-26.721273
-27.517762
-26.771852
-25.320564
-24.235419
-22.541625
-21.519831
-21.278858
-20.739010
-19.139392
-16.054085
-13.132947
-10.224070
-5.734818
-0.926597
3.280640
6.358113
8.468458
10.615417
12.725081
15.596492
18.520526
20.935535
23.116895
25.037357
26.770149
27.415582
27.136121
25.520665
23.310525
21.557297
20.330974
19.334384
18.284832
17.167670
15.538931
13.227292
10.244165
7.538285
4.343135
0.436136
-2.839736
-5.649839
-7.777725
-10.457890
-13.397081
-15.804086
-18.487147
-20.726919
-22.745473
-24.992909
-26.540756
-27.569873
-27.106830
-25.553192
-24.352585
-22.663219
-21.505696
-21.084888
-20.635639
-19.361803
-16.495160
-13.326577
-10.746547
-6.583759
-1.730578
2.503054
5.803789
8.062124
10.179962
12.328625
15.030759
18.005712
20.490544
22.686890
24.598156
26.509251
27.587754
27.368239
25.989158
23.814780
21.873031
20.689964
19.544874
18.665961
17.438275
15.803746
13.611828
10.711636
7.850954
4.905633
0.972578
-2.589226
-5.409888
-7.608959
-10.073185
-12.983254
-15.367440
-17.880031
-20.270688
-22.293329
-24.629661
-26.137659
-27.041435
-27.082818
-25.728430
-24.624722
-23.171731
-21.835225
-21.391256
-21.007742
-19.928047
-17.293521
-14.148440
-11.713334
-7.830858
-2.872944
1.535756
5.180836
7.559742
9.793895
11.995520
14.524119
17.567362
20.140409
22.343738
24.155719
26.128973
27.377776
27.547734
26.476213
24.307455
22.384950
20.901135
19.666638
18.685716
17.705645
16.217061
14.336790
11.486837
8.631774
5.792550
1.976831
-1.685108
-4.852670
-7.207905
-9.356907
-12.398788
-14.903034
-17.314128
-19.777843
-21.865879
-24.186032
-26.074137
-27.120795
-27.503286
-26.207651
-24.782079
-23.371322
-21.782432
-21.229642
-21.033628
-20.099708
-17.908130
-14.564480
-11.915990
-8.393015
-3.664664
0.850473
4.470859
7.073198
9.182351
11.255060
13.638905
16.599723
19.372702
21.643639
23.729801
25.599854
27.041606
27.402639
26.686702
24.611780
22.616216
21.132912
19.959211
19.047771
17.998219
16.468593
14.592409
11.967080
8.968796
6.341083
2.917392
-1.003061
-4.142693
-6.576606
-8.801562
-11.579820
-14.233930
-16.598191
-19.134964
-21.147728
-23.494278
-25.476388
-26.646342
-27.334179
-26.311534
-24.988481
-23.720775
-22.079945
-21.417141
-21.190303
-20.592553
-18.790449
-15.552895
-12.749434
-9.644542
-5.003384
-0.249488
3.819466
6.781816
8.946317
10.941880
13.069596
15.994821
18.899100
21.483558
23.562908
25.355816
26.946919
27.563913
26.967525
25.197949
23.050649
21.431787
20.193032
19.098691
18.081835
16.968421
15.240397
12.879542
9.815352
7.090228
3.888437
-0.204529
-3.523827
-6.060941
-8.256776
-10.999271
-13.760499
-16.157627
-18.806628
-21.030392
-23.164749
-25.360584
-26.605981
-27.419840
-26.830605
-25.386810
-24.251938
-22.470100
-21.459035
-21.282945
-20.750420
-19.168343
-16.078268
-13.114384
-10.270051
-5.947181
-1.205206
2.792392
5.965063
8.202621
10.317053
12.575899
15.360458
18.294368
20.821946
22.969416
24.847133
26.660476
27.667284
27.349676
25.872162
23.744447
22.040946
20.589999
19.448314
18.539599
17.436232
15.764918
13.383286
10.378361
7.655110
4.543747
0.576973
-2.971036
-5.874634
-8.027383
-10.501657
-13.438293
-15.683174
-18.305268
-20.537717
-22.638185
-24.949483
-26.296888
-27.331965
-27.006694
-25.613138
-24.436712
-22.830452
-21.513360
-21.226747
-20.778349
-19.527333
-16.743285
-13.739382
-11.048147
-6.791183
-1.933915
2.284220
5.661419
7.926226
9.987525
12.012209
14.837469
17.920562
20.477431
22.624390
24.485758
26.392256
27.410473
27.236087
25.899240
23.780039
22.010633
20.679065
19.525800
18.587794
17.383609
15.834059
13.763905
10.885171
8.133139
5.285570
1.322201
-2.165352
-5.048854
-7.261549
-9.710789
-12.728998
-15.186242
-17.683165
-20.100560
-22.152833
-24.520670
-26.068517
-27.140890
-27.151619
-25.819710
-24.637495
-23.092542
-21.663904
-21.290949
-20.930597
-19.870826
-17.220122
-14.077595
-11.473554
-7.696663
-2.866813
1.548529
5.058561
7.594143
9.733098
11.827946
14.337131
17.470292
20.049810
22.239344
24.205957
26.119607
27.409622
27.619600
26.448965
24.440118
22.360427
20.986114
19.722325
18.800156
17.812252
16.161544
14.163596
11.409862
8.553096
5.698885
1.945325
-1.958609
-4.965067
-7.170609
-9.596007
-12.436254
-14.910017
-17.317363
-19.917318
-21.993433
-24.363313
-26.068517
-27.091333
-27.465991
-26.162352
-24.822950
-23.495299
-22.013869
-21.595614
-21.322284
-20.344257
-18.008096
-14.822653
-12.077604
-8.519036
-3.532852
1.052448
4.753556
7.354532
9.523800
11.671952
14.119829
17.247711
19.968407
22.302525
24.256195
26.107856
27.495452
27.674777
26.760953
24.702208
22.636993
21.217551
20.030056
18.996171
17.990214
16.464676
14.351266
11.777026
8.935928
6.034715
2.338716
-1.465593
-4.505771
-6.914990
-9.225266
-12.353659
-14.818226
-17.358065
-19.764049
-21.897725
-24.171386
-25.962421
-27.128458
-27.661494
-26.541778
-25.036676
-23.659468
-22.013017
-21.291971
-20.921060
-20.153693
-17.928226
-14.750957
-12.061766
-8.635862
-3.830024
0.717981
4.575082
7.181849
9.361165
11.258296
13.529914
16.508273
19.299132
21.645001
23.724692
25.679384
27.256182
27.617046
26.704073
24.758918
22.469418
21.088634
19.994634
19.010305
18.039601
16.650302
14.630045
11.961460
9.123257
6.369352
2.740281
-1.078844
-4.270247
-6.680829
-8.855547
-11.752333
-14.415128
-16.764402
-19.342218
-21.376610
-23.656573
-25.596278
-26.681083
-27.314254
-26.292460
-24.930239
-23.683139
-22.079263
-21.417141
-21.106175
-20.293849
-18.372025
-15.287910
-12.556825
-9.318420
-4.667384
-0.001873
4.029955
6.857089
9.024314
11.027030
13.431822
16.489029
19.336258
21.607535
23.635285
25.593213
27.226721
27.692318
26.913030
25.055919
22.868429
21.327564
20.071098
19.059692
18.243960
16.825369
15.058347
12.602806
9.610653
6.857940
3.302097
-0.673362
-3.856931
-6.401198
-8.693082
-11.552913
-14.188460
-16.681296
-19.286019
-21.435363
-23.686205
-25.685855
-26.922396
-27.802842
-26.800973
-25.259597
-24.025270
-22.386483
-21.518639
-21.207162
-20.529883
-18.741574
-15.545062
-12.702261
-9.550367
-5.002873
-0.261409
3.800222
6.718636
8.813824
10.817221
13.246707
16.215869
19.094433
21.373715
23.581471
25.504146
27.212926
27.830601
27.180399
25.450332
23.159810
21.540948
20.376103
19.282613
18.458366
16.935553
15.010493
12.514080
9.584427
6.797825
3.300905
-0.608138
-3.795964
-6.434917
-8.616277
-11.387723
-14.127323
-16.373566
-18.912383
-21.051850
-23.319040
-25.385618
-26.475872
-27.413879
-26.719230
-25.243589
-24.042470
-22.433315
-21.612304
-21.325009
-20.695925
-19.075019
-15.921593
-13.090202
-10.173491
-5.703143
-0.908545
3.267016
6.456035
8.544581
10.608775
12.996197
15.942880
18.834727
21.127633
23.280382
25.182792
26.954412
27.672223
27.210372
25.626762
23.311206
21.573305
20.373719
19.218922
18.346310
17.141955
15.373400
13.077770
10.121890
7.393871
3.988573
0.012602
-3.273657
-5.975962
-8.186613
-10.844980
-13.683864
-16.073840
-18.827915
-20.966530
-23.155723
-25.298595
-26.724679
-27.664559
-27.139357
-25.553874
-24.354117
-22.683995
-21.470785
-21.151985
-20.618609
-19.076892
-16.160522
-13.055120
-10.184220
-5.936963
-1.079185
2.982787
6.150007
8.388077
10.420935
12.628181
15.474898
18.492426
20.748717
23.017441
24.850368
26.422228
27.429036
27.238641
25.702034
23.454257
21.752119
20.646538
19.466196
18.390247
17.125947
15.299661
13.151339
10.172299
7.511207
4.456895
0.574759
-2.905471
-5.737032
-7.915156
-10.401011
-13.270548
-15.643665
-18.274614
-20.499570
-22.558314
-24.889708
-26.294334
-27.288028
-27.040584
-25.533949
-24.435009
-22.980145
-21.896873
-21.559511
-21.102599
-19.820758
-16.903366
-13.819592
-11.046103
-6.942579
-1.916715
2.368007
5.764110
8.074897
10.136025
12.349401
15.072312
18.111638
20.704780
22.927523
25.020667
26.848146
27.637482
27.592182
26.089123
23.838111
22.000926
20.794187
19.508089
18.812418
17.619133
15.806130
13.664450
10.808366
7.962670
4.890646
0.849111
-2.585990
-5.541359
-7.762398
-10.076080
-13.066360
-15.629189
-18.220629
-20.459209
-22.549629
-24.833509
-26.349681
-27.389356
-27.347803
-25.835718
-24.507046
-22.950513
-21.515744
-21.060705
-20.608391
-19.553389
-16.755206
-13.540983
-10.910886
-7.080862
-2.226148
2.152749
5.628892
7.856062
10.013751
12.008122
14.647075
17.668860
20.101581
22.345100
24.319036
26.227406
27.397701
27.342013
26.152475
23.930073
21.976062
20.694733
19.658804
18.707854
17.535005
15.995843
13.820274
10.925531
8.201429
5.227157
1.470532
-2.207075
-5.099092
-7.387570
-9.711129
-12.699025
-15.110970
-17.568895
-20.153352
-21.906069
-24.342367
-25.909117
-26.878629
-27.038200
-25.661162
-24.429900
-23.119450
-21.650961
-21.114520

