-13.830662
-16.593082
-19.364868
-21.711247
-23.560524
-25.262322
-26.625395
-27.545520
-28.258392
-28.479270
-28.587069
-27.547053
-25.871822
-23.804733
-21.412543
-19.462960
-16.901834
-14.106887
-11.092254
-8.003031
-4.975796
-1.517534
1.630613
4.736526
8.208241
11.528560
14.056308
16.227109
18.015589
20.046234
21.646874
22.999900
24.344240
25.678703
27.149234
27.608531
27.211734
26.431254
24.781397
23.048265
21.206141
18.935885
16.332694
13.807671
11.011362
7.785729
4.228864
0.848089
-3.329686
-7.400002
-10.414464
-13.293198
-16.069242
-18.902676
-21.278177
-23.009607
-24.648224
-26.025942
-27.155706
-27.845757
-28.253113
-28.406722
-27.598313
-25.920187
-23.934841
-21.680423
-19.776140
-17.278876
-14.418534
-11.412416
-8.352484
-5.245720
-1.918418
1.105070
4.111528
7.741622
11.047976
13.782467
15.813112
17.573152
19.491570
21.146876
22.531407
24.020331
25.323970
26.955434
27.543647
27.210202
26.493243
25.070565
23.461751
21.762167
19.342899
17.051697
14.401334
11.725255
8.573021
5.023309
1.541376
-2.684253
-6.893192
-10.122572
-13.022593
-15.804768
-18.562419
-21.128825
-22.919008
-24.817330
-26.258230
-27.444533
-28.105123
-28.397015
-28.629644
-27.897017
-26.360239
-24.468728
-22.060531
-20.012174
-17.695597
-14.860800
-11.788436
-8.760520
-5.679641
-2.373287
0.776223
3.831897
7.273981
10.862350
13.583728
15.720299
17.640591
19.569397
21.483047
22.861958
24.144650
25.414228
26.935850
27.820894
27.463606
26.791947
25.337424
23.604972
21.764551
19.471645
16.963141
14.382260
11.646918
8.517163
4.984481
1.525368
-2.420289
-6.746054
-10.020222
-12.875795
-15.685047
-18.468584
-20.985944
-22.780044
-24.455275
-26.015043
-27.093206
-27.931077
-28.264693
-28.543302
-28.027637
-26.459353
-24.585724
-22.286006
-20.378317
-18.044029
-15.214341
-12.233428
-9.254728
-6.148134
-2.759184
0.448738
3.462349
6.861346
10.327441
13.132777
15.423298
17.192704
18.889563
20.899432
22.237471
23.611273
24.958679
26.575668
27.520997
27.210031
26.643447
25.399072
23.758922
21.973508
19.814457
17.355680
14.897755
12.238366
9.223904
5.847727
2.462353
-1.524006
-5.941902
-9.358610
-12.313128
-15.132938
-17.875092
-20.496334
-22.335223
-24.122851
-25.793655
-26.899236
-27.787856
-28.086390
-28.425455
-28.088263
-26.604959
-24.893114
-22.627286
-20.580973
-18.438782
-15.590531
-12.706518
-9.742294
-6.801060
-3.392867
-0.240632
2.709457
5.990267
9.631600
12.677056
14.842749
16.812767
18.731185
20.708016
22.086757
23.454428
24.817841
26.333843
27.689253
27.541603
26.997498
25.821584
24.058138
22.351231
20.129681
17.727273
15.345982
12.689659
9.608439
6.185259
2.868005
-0.837530
-5.196503
-8.709601
-11.728321
-14.525141
-17.211778
-20.022052
-21.984747
-23.591178
-25.497164
-26.701348
-27.584519
-28.098822
-28.395482
-28.279168
-26.914562
-25.200333
-23.009947
-20.872525
-18.872363
-16.081333
-13.220821
-10.173150
-7.100276
-3.875494
-0.624146
2.342122
5.532673
9.296451
12.385845
14.849220
16.717230
18.436738
20.382915
21.895170
23.175137
24.604116
25.998695
27.412346
27.581283
27.101210
26.116882
24.451869
22.838627
20.872695
18.503496
16.112328
13.438634
10.602304
7.399491
3.848246
0.094686
-4.377876
-8.226974
-11.264767
-14.129707
-16.834055
-19.613504
-21.764891
-23.541791
-25.512321
-26.785646
-27.651276
-28.207132
-28.429031
-28.557607
-27.372156
-25.644984
-23.595435
-21.379675
-19.457511
-16.881227
-14.094455
-11.014257
-8.016995
-4.694632
-1.373461
1.555681
4.785912
8.326939
11.533669
14.083726
16.176190
17.966543
20.120825
21.746840
23.009947
24.413892
25.769132
27.334349
27.607339
27.165583
26.524918
24.741718
23.026807
21.159649
18.827404
16.352619
13.743980
10.820627
7.624967
4.135200
0.610692
-3.543241
-7.499797
-10.485990
-13.443742
-16.216891
-18.845115
-21.221978
-22.842884
-24.688074
-26.010445
-27.057103
-27.686868
-28.103760
-28.281042
-27.364152
-25.773559
-23.764542
-21.549293
-19.546747
-17.090184
-14.148951
-11.301041
-8.364235
-5.244017
-1.886742
1.003572
4.005773
7.479702
10.918209
13.630220
15.611478
17.232214
19.116913
20.837103
22.024087
23.450851
24.926833
26.366370
27.143104
26.849168
26.220424
24.847133
23.171221
21.437236
19.262689
16.946452
14.395203
11.759315
8.771760
5.331550
1.955714
-2.189704
-6.392683
-9.577104
-12.585606
-15.396050
-18.174308
-20.776646
-22.520678
-24.372510
-25.984730
-27.110577
-27.835369
-28.140204
-28.363126
-27.751582
-26.330267
-24.680580
-22.432634
-20.418848
-17.957687
-15.091896
-12.300355
-9.298325
-6.178447
-2.843482
0.298875
3.293242
6.714548
10.300704
13.130903
15.364374
17.373051
19.366060
21.345445
22.603955
23.941653
25.442498
26.813405
27.779511
27.692318
27.112961
25.781223
24.033955
22.272382
20.018475
17.510482
15.025479
12.268850
9.258645
5.793912
2.309254
-1.713889
-6.142344
-9.432350
-12.415307
-15.267815
-17.955984
-20.544359
-22.392614
-24.127960
-25.823457
-26.947771
-27.869599
-28.362104
-28.577873
-28.196062
-26.714972
-24.845770
-22.637844
-20.562410
-18.348353
-15.575034
-12.728827
-9.704658
-6.490776
-3.246069
-0.011410
2.943618
6.268535
9.640626
12.537752
14.890773
16.820601
18.656594
20.498378
21.868263
23.200001
24.542468
25.951862
27.082307
26.994092
26.549441
25.608540
23.848670
22.315979
20.192180
17.875092
15.398605
12.760844
10.053941
6.668057
3.360340
-0.417403
-4.797663
-8.426905
-11.315175
-14.256409
-16.939981
-19.644329
-21.714483
-23.534128
-25.319202
-26.388339
-27.328219
-27.969054
-28.280531
-28.230974
-27.040073
-25.452546
-23.156575
-20.966189
-18.938439
-16.343764
-13.602291
-10.608435
-7.663795
-4.477671
-1.240628
1.774005
5.094664
8.703130
11.832884
14.268841
16.199861
18.054928
20.154374
21.735600
23.167815
24.713789
26.101385
27.624198
27.839456
27.441638
26.484558
24.772372
23.103952
21.127122
18.779550
16.309023
13.665642
10.802576
7.402556
3.978695
0.202315
-4.228183
-8.063316
-11.091062
-14.063460
-16.818387
-19.614186
-21.726574
-23.463624
-25.375911
-26.674271
-27.683462
-28.276443
-28.632539
-28.587409
-27.396509
-25.754486
-23.699318
-21.365881
-19.419193
-16.775131
-13.867446
-10.798488
-7.724081
-4.336323
-1.052277
2.011061
5.091940
8.739744
11.898790
14.474562
16.561236
18.211433
20.208188
21.842378
23.096970
24.427176
25.819029
27.118921
27.472462
27.113983
26.169504
24.543319
22.879158
21.046741
18.563952
16.116244
13.517312
10.769027
7.617984
4.088538
0.547171
-3.677777
-7.700920
-10.761874
-13.783148
-16.466379
-19.125257
-21.432468
-23.178203
-24.949483
-26.396172
-27.278321
-27.904170
-28.255667
-28.367724
-27.361257
-25.705610
-23.768459
-21.510124
-19.620146
-17.180613
-14.352117
-11.513403
-8.515290
-5.375147
-2.001524
0.990289
4.051753
7.661240
10.968106
13.540472
15.681131
17.485278
19.426857
21.385636
22.812060
24.185351
25.596278
27.137995
27.810846
27.423075
26.712418
25.075844
23.558480
21.659817
19.434180
16.853128
14.309713
11.523621
8.311442
4.740783
1.189368
-2.866813
-7.009166
-10.199887
-13.161216
-15.860455
-18.750259
-21.156924
-22.994620
-24.829081
-26.284286
-27.297906
-28.119087
-28.427839
-28.757538
-27.834858
-26.376758
-24.446249
-22.093739
-20.038571
-17.543350
-14.572654
-11.632783
-8.516823
-5.271094
-2.007314
1.138619
4.041536
7.746390
11.255060
13.913768
16.043016
17.798288
19.640752
21.405220
22.775957
24.118253
25.429215
26.925973
27.477401
27.131694
26.476894
24.918999
23.193530
21.452052
19.147907
16.684873
14.101097
11.396578
8.317913
4.825933
1.411949
-2.753394
-6.934575
-10.111673
-13.082198
-15.745163
-18.407447
-20.916462
-22.778341
-24.555411
-26.028156
-27.073451
-27.807099
-28.039217
-28.236253
-27.516059
-26.066303
-24.091516
-21.748543
-19.740207
-17.498732
-14.711959
-11.793716
-8.763415
-5.710636
-2.457925
0.660249
3.562144
7.092101
10.514941
13.230017
15.538250
17.286539
19.277334
21.254505
22.586414
23.948295
25.323629
26.821579
27.706623
27.446917
26.717867
25.340489
23.706300
21.877970
19.647394
17.203433
14.622382
11.894533
8.775166
5.142859
1.766511
-2.169439
-6.476981
-9.793895
-12.778725
-15.548808
-18.288238
-20.980154
-22.822108
-24.624722
-26.171378
-27.311870
-28.102228
-28.412512
-28.699126
-28.203045
-26.773896
-24.772031
-22.423267
-20.353283
-18.100398
-15.075036
-12.126139
-9.037427
-5.921636
-2.612557
0.585829
3.514971
7.043396
10.721854
13.531787
15.934535
17.587628
19.334214
21.221127
22.623709
23.898908
25.194883
26.730640
27.760267
27.434145
26.793991
25.414739
23.685353
22.072962
19.868442
17.393487
14.811073
12.148959
9.235144
5.601645
2.140829
-1.854215
-6.192241
-9.581361
-12.645551
-15.413421
-18.070596
-20.662546
-22.520508
-24.318184
-25.975704
-27.094909
-27.927160
-28.181587
-28.352908
-28.026445
-26.617391
-24.663891
-22.365536
-20.383086
-18.321787
-15.531608
-12.663092
-9.697335
-6.674869
-3.391334
-0.124829
2.705370
6.030798
9.679113
12.544394
14.897415
16.817195
18.672603
20.741224
22.224528
23.664577
24.994952
26.561533
27.794668
27.628456
27.107000
26.005166
24.265221
22.599186
20.311049
18.015759
15.485287
12.844120
9.714365
6.215061
2.702815
-1.131296
-5.515303
-9.005410
-11.940173
-14.795916
-17.526831
-20.244122
-22.322961
-24.048431
-25.778498
-27.071408
-27.958666
-28.479610
-28.755665
-28.389181
-26.998350
-25.169849
-22.883756
-20.713125
-18.754346
-15.763896
-12.897934
-10.044915
-6.713356
-3.261226
-0.024182
2.982957
6.338869
10.138580
13.076918
15.286207
17.102786
18.835068
20.874568
22.175142
23.540599
24.888005
26.320730
27.500391
27.351039
26.788882
25.751420
23.972307
22.253650
20.091193
17.705475
15.283142
12.558699
9.677070
6.332738
2.897808
-0.818627
-5.257641
-8.914471
-11.984280
-14.759983
-17.360449
-20.063094
-21.978446
-23.644141
-25.346960
-26.636464
-27.379479
-27.877774
-28.146505
-27.968543
-26.707479
-24.977071
-22.847482
-20.739351
-18.717051
-16.047784
-13.073512
-10.185071
-7.423333
-4.008157
-0.905139
1.968827
5.207232
8.924689
11.812278
14.457703
16.367435
18.068211
20.165443
21.843229
23.188080
24.631364
26.014192
27.546712
27.559144
27.171203
26.389360
24.674961
22.968735
20.904882
18.660682
16.221660
13.578619
10.654245
7.247584
3.669432
-0.042064
-4.340240
-8.158003
-11.156627
-14.039789
-16.800165
-19.720452
-21.840334
-23.553712
-25.444371
-26.820047
-27.785812
-28.296539
-28.606653
-28.740338
-27.432101
-25.853770
-23.660660
-21.423442
-19.479990
-16.758783
-13.752495
-10.695287
-7.597208
-4.347222
-0.997611
1.996245
5.209276
8.934396
12.255056
14.746870
16.633613
18.407106
20.296233
21.831819
23.219926
24.542638
26.029519
27.334179
27.581624
27.028322
26.159968
24.425473
22.772040
20.842893
18.255881
16.080993
13.315337
10.547127
7.291351
3.825086
0.235523
-4.082748
-8.009842
-10.991267
-13.862337

