0.634875
3.586156
1.136065
0.176941
0.564201
-1.799379
-1.695326
1.856089
-1.561131
-2.011912
0.423023
-1.834461
-2.035584
1.250165
0.020776
-0.709636
3.440380
2.351659
-0.001703
0.597068
-0.740801
-2.810955
0.750848
0.013113
-2.767699
0.105756
-0.800916
-2.554655
0.217812
0.791379
-1.446349
2.183233
3.506967
0.683410
0.378234
0.213555
-2.377374
-0.580720
1.386915
-2.556699
-1.044955
0.179325
-2.445493
-1.055683
1.479558
-0.864778
0.333956
3.744704
1.469510
0.148671
0.533036
-1.565559
-1.911266
1.788139
-1.068456
-2.318280
0.357798
-1.856089
-2.379247
0.907523
0.081403
-1.092638
3.144230
2.552952
0.184774
0.408718
-0.537804
-2.699580
0.701972
0.595536
-2.559594
0.261920
-0.267540
-2.348082
0.128576
1.297338
-1.236541
1.803296
3.685100
0.970023
0.354222
0.401906
-2.216271
-0.985520
1.606430
-2.382994
-1.226493
0.404290
-2.278430
-1.413822
1.528263
-0.671489
0.083787
3.752198
1.681021
0.106267
0.684943
-1.444306
-2.461502
1.437153
-0.942945
-2.643381
0.381129
-1.509190
-2.409049
0.868695
0.391517
-1.054151
2.935955
2.862726
0.340939
0.569480
-0.072888
-2.431188
0.432900
1.030479
-2.672332
-0.187159
-0.278439
-2.621923
-0.383343
1.277072
-1.193455
1.389640
3.660577
0.959635
0.177111
0.252553
-2.281496
-1.482282
1.600300
-2.118008
-1.712527
0.477518
-2.080543
-1.798528
1.246078
-0.704186
-0.517028
3.480230
1.916204
0.186137
0.540359
-1.005445
-2.608299
1.210996
-0.406333
-2.655983
0.401395
-1.046317
-2.244881
0.922850
0.882660
-1.121419
2.722229
3.342799
0.592640
0.539677
0.160081
-2.579008
-0.084979
0.994887
-2.811296
-0.687497
-0.245231
-2.790689
-0.789506
1.351493
-1.122270
0.816924
3.658363
1.132318
0.203507
0.427791
-1.829352
-1.584121
1.710653
-1.681702
-2.019576
0.426258
-2.033029
-2.081735
1.236711
-0.219345
-0.652926
3.565209
2.367667
0.360182
0.827483
-0.509705
-2.483640
1.215764
0.045810
-2.542394
0.342471
-0.780821
-2.418416
0.472069
0.988075
-1.363243
1.994882
3.222568
0.430175
0.229563
-0.023672
-2.700090
-0.691925
1.283714
-2.770254
-1.033374
0.081744
-2.566746
-1.023497
1.469340
-0.888620
0.588553
3.791026
1.418591
0.149863
0.583444
-1.652411
-1.876865
1.698903
-1.144409
-1.953329
0.691414
-1.668419
-2.066238
1.100642
0.082765
-0.815902
3.399168
2.692257
0.262601
0.531844
-0.564882
-2.611535
0.710487
0.404460
-2.866983
0.029973
-0.614098
-2.711841
0.045300
1.036269
-1.498972
1.636403
3.301757
0.590256
0.227179
0.227690
-2.466440
-0.886917
1.626015
-2.420459
-1.190560
0.367165
-2.221550
-1.122611
1.646791
-0.688689
0.238078
3.841775
1.698732
0.215599
0.748634
-1.265151
-2.152068
1.595531
-0.938347
-2.409390
0.522307
-1.432725
-2.337694
0.906161
0.278779
-1.059089
3.129925
2.780301
0.164168
0.397648
-0.518220
-2.837011
0.225816
0.551258
-2.821684
-0.097922
-0.362396
-2.733469
-0.280823
1.217978
-1.259191
1.456738
3.752879
1.150710
0.547341
0.611373
-2.016681
-1.001699
1.831225
-1.965761
-1.460143
0.425577
-2.202647
-1.474278
1.425913
-0.568117
-0.315564
3.538302
1.652922
-0.024693
0.569310
-1.226834
-2.621583
1.257488
-0.668083
-2.693108
0.307219
-1.314538
-2.557039
0.686305
0.543935
-1.351322
2.458777
2.898659
0.268391
0.428983
-0.127043
-2.617495
0.053133
1.079014
-2.815383
-0.377383
0.060116
-2.515827
-0.482798
1.418420
-1.097577
1.283203
3.947701
1.227685
0.329529
0.576973
-2.031156
-1.631464
1.500334
-1.974957
-1.889978
0.332253
-2.298015
-1.769236
1.220363
-0.503744
-0.727347
3.385203
2.184766
0.144584
0.606264
-0.751700
-2.347912
1.173019
-0.116825
-2.644914
0.262601
-1.009532
-2.518552
0.504596
0.945159
-1.205887
2.415180
3.156662
0.419276
0.442777
-0.018392
-2.532176
-0.145265
1.417909
-2.652918
-0.551258
0.120231
-2.378736
-0.753062
1.390151
-1.122100
0.617334
3.654787
1.038143
-0.089066
0.309774
-1.999821
-2.099786
1.509701
-1.794440
-2.108983
0.480584
-1.875673
-1.926933
1.226153
-0.021798
-0.725644
3.456218
2.562489
0.259025
0.622102
-0.502041
-2.491134
0.999996
0.260047
-2.770254
0.391858
-0.724111
-2.700261
0.307390
1.024519
-1.184940
2.194984
3.444638
0.728709
0.466449
0.145095
-2.637591
-0.790868
1.329354
-2.752372
-1.249484
-0.023331
-2.641167
-1.173360
1.408713
-0.985520
-0.018903
3.574746
1.234838
0.136580
0.791209
-1.293761
-1.955373
1.650197
-1.145431
-2.205202
0.743014
-1.426254
-1.691920
1.569475
0.499146
-0.738416
3.379924
2.797842
0.371252
0.680004
-0.255789
-2.533027
0.885044
0.607456
-2.763782
-0.040191
-0.690051
-2.821684
-0.250850
1.096725
-1.398155
1.815217
3.545965
0.737565
0.294447
0.223092
-2.454690
-1.157011
1.537119
-2.430167
-1.418931
0.339236
-2.481256
-1.436813
1.316752
-0.830208
0.084298
3.885371
1.823902
0.376701
0.796148
-1.105411
-1.988241
1.621246
-0.646796
-2.303805
0.588213
-1.357283
-2.202306
0.943967
0.409058
-1.191923
2.868686
2.713203
0.162806
0.538656
-0.341620
-2.720526
0.434262
0.832932
-2.984319
-0.347240
-0.404801
-2.580881
-0.234161
1.208271
-1.380444
1.242672
3.403085
0.765153
0.053985
0.361374
-2.212865
-1.279456
1.727683
-1.864774
-1.476662
0.595195
-2.098083
-1.473086
1.542057
-0.332764
-0.101668
3.869534
2.180849
0.361545
0.652756
-1.322542
-2.473082
1.195329
-0.607797
-2.644914
0.538996
-1.287971
-2.580881
0.602007
0.515154
-1.378400
2.578156
2.963373
0.356776
0.384535
-0.083447
-2.523320
0.150033
1.145090
-2.698217
-0.499828
-0.104223
-2.465929
-0.434773
1.444306
-1.102005
1.238755
3.802265
1.213551
0.315394
0.647477
-1.784052
-1.418931
1.883847
-1.663821
-1.664502
0.662633
-1.934767
-1.714740
1.313857
-0.296150
-0.646796
3.408704
2.009187
-0.011069
0.393220
-1.036440
-2.764804
0.801768
-0.561305
-3.018379
0.162465
-1.189028
-2.547673
0.458104
0.881468
-1.146793
2.607448
3.432376
0.684261
0.625678
0.273500
-2.450432
-0.086342
1.443965
-2.574750
-0.571353
0.076635
-2.503736
-0.647306
1.446009
-1.099110
0.790358
3.767865
1.415355
0.267199
0.510045
-1.772812
-1.779113
1.528093
-1.690217
-2.094848
0.277928
-2.127375
-2.257654
1.003402
-0.292063
-0.802449
3.333603
2.033881
0.055858
0.516347
-0.821011
-2.641678
1.076800
0.140156
-2.734831
0.329188
-0.599623
-2.264466
0.549385
1.115629
-1.129253
2.403089
3.459794
0.652075
0.556878
0.301259
-2.425909
-0.490120
1.428638
-2.639805
-0.947203
-0.004428
-2.465759
-1.137938
1.366649
-1.134362
0.360523
3.700256
1.245226
0.054155
0.472580
-1.808746
-1.997266
1.517364
-1.548869
-2.218825
0.425066
-1.934256
-2.201285
1.197542
0.132493
-0.743696
3.434420
2.596549
0.296661
0.684091
-0.387090
-2.427442
0.978538
0.539337
-2.640656
0.229222
-0.568969
-2.518722
0.094857
0.931535
-1.295294
1.917737
3.418412
0.617504
0.259195
0.174386
-2.449240
-0.977516
1.344340
-2.642018
-1.196350
0.303984
-2.429996
-1.198735
1.368182
-1.061133
0.000681
3.567253
1.464401
0.089918
0.597920
-1.402753
-2.085141
1.608474
-1.118864
-2.142191
0.685113
-1.334974
-1.866988
1.313857
0.580038
-0.728198
3.387587
2.729722
0.438009
0.654629
-0.423704
-2.800056
0.513281
0.433411
-2.944640
-0.196184
-0.717981
-2.726657
-0.152247
1.164845
-1.380444
1.605579
3.474440
0.718662
0.133174
0.295298
-2.167395
-0.862564
1.606601
-2.341781
-1.272133
0.339236
-2.292735
-1.314027
1.480920
-0.565052
0.107288
3.674882
1.731259
0.195333
0.644241
-1.237563
-2.032178
1.669952
-0.770603
-2.499308
0.511238
-1.493352
-2.304316
0.845534
0.352519
-1.024348
2.950430
2.802781
0.219515
0.335489
-0.437157
-2.940723
0.011410
0.513451
-2.962351
-0.312328
-0.382151
-2.636909
-0.221389
1.167229
-1.449926
1.365117
3.658874
0.937496
0.424555
0.504596
-2.082927
-1.166207
1.561812
-2.320324
-1.557044
0.370060
-2.262252
-1.653944
1.385212
-0.508002
-0.131471
3.670284
1.906157
0.106777
0.516347
-1.253571
-2.366815
1.512766
-0.554153
-2.592291
0.242165
-1.534905
-2.506631
0.521285
0.416040
-1.324075
2.573899
2.899170
0.221218
0.286443
-0.170129
-2.745731
0.015668
0.889812
-2.719675
-0.141178
-0.047513
-2.520255
-0.328507
1.462017
-1.189368
1.166378
3.730229
1.206739
0.322035
0.621762
-1.955373
-1.646961
1.540525
-2.018894
-1.793248
0.449249
-2.132824
-1.809256
1.128742
-0.497273
-0.439201
3.559589
1.882144
0.014986
0.467811
-1.191412
-2.737216
1.093319
-0.339576
-2.667393
0.342131
-1.050234
-2.495561
0.565222
0.790868
-1.193115
2.625840
3.413132
0.674725
0.442266
0.115463
-2.406665
-0.039509
1.399176
-2.628565
-0.573737
-0.017200
-2.508674
-0.625338
1.478706
-1.158374
0.638451
3.634521
1.161609
0.202485
0.533547
-1.891000
-1.875503
1.617159
-1.731089
-2.136060
0.514133
-1.889467
-1.834631
1.359837
-0.176600
-0.751359
3.352336
2.159902
0.127895
0.544616
-0.648839
-2.547503
1.095363
0.176259
-2.687659
0.283207
-0.827653
-2.526385
0.417914
1.107965
-1.080036
2.487387
3.633669
0.791039
0.335319
0.012602
-2.647979
-0.627892
1.358305
-2.708946
-0.952653
0.031676
-2.753564
-1.375675
1.168081
-1.324586
0.239611
3.586837
1.312154
0.151736
0.643900
-1.647643
-1.943452
1.673528
-1.332249
-2.238750
0.371763
-1.772472
-2.066919
1.022816
0.018052
-1.026903
3.116471
2.487728
0.096049
0.454698
-0.382321
-2.495050
0.923872
0.558581
-2.705199
0.111716
-0.546830
-2.562148
0.026396
1.219170
-1.303639
1.754931
3.511054
0.526905
0.066757
-0.000170
-2.594505
-1.091957
1.417909
-2.508504
-1.219852
0.206062
-2.355576
-1.222576
1.379251
-0.721046
0.190905
3.798178
1.794781
0.398670
0.774009
-1.242161
-2.233471
1.458441
-0.795126
-2.342803
0.624486
-1.372780
-2.229043
1.112223
0.524521
-1.008681
2.931697
2.702475
0.201293
0.425407
-0.272478
-2.554485
0.483819
0.630277
-2.934762
-0.397648
-0.584636
-2.845185
-0.481946
1.144239
-1.320158
1.349449
3.513268
0.746420
0.150374
0.273670
-2.209629
-1.133169
1.738071
-2.068111
-1.383168
0.685283
-2.024174
-1.459462
1.541036
-0.304324
-0.021287
3.773996
2.144405
0.357968
0.804663
-1.015323
-2.318621
1.391172
-0.573737
-2.520936
0.449930
-1.180172
-2.404111
0.837871
0.549385
-1.264640
2.548695
3.009864
0.323227
0.299215
-0.155653
-2.741814
0.079189
0.978368
-2.931527
-0.588553

