-2.996922
-0.842299
-0.316756
-0.683410
0.464746
-0.407015
-1.476322
0.132152
-0.307219
-0.742504
1.486370
2.069814
0.659568
1.098428
1.219511
-2.599784
-2.088036
-0.455379
-1.422337
-0.045129
0.272478
-1.383850
-0.645603
0.159740
-1.099961
0.430686
1.840762
0.940902
0.490120
1.607622
-0.987053
-2.559083
-0.099455
-0.766516
-0.670978
0.414167
-0.825269
-1.176596
0.316756
-0.700951
-0.286783
1.817771
1.497439
0.332253
1.342297
0.433922
-2.943618
-1.053810
-0.335489
-0.999485
0.282015
-0.274181
-1.488413
-0.072377
-0.151396
-1.028265
1.110520
1.774005
0.547171
0.731094
1.236711
-2.317258
-2.270085
-0.369719
-1.046998
-0.137431
0.451633
-1.122952
-0.578676
0.335489
-0.934090
0.511578
2.099616
1.396622
0.750337
1.990965
-0.308411
-2.546992
-0.234331
-0.517709
-0.633001
0.615631
-0.477348
-1.153776
0.452314
-0.590937
-0.349794
1.675912
1.492500
0.286783
1.312154
0.715426
-2.662965
-1.236200
-0.387771
-1.127890
0.318629
-0.170640
-1.643726
-0.214406
-0.086512
-1.098428
0.973599
1.737390
0.614098
0.743014
1.464231
-1.689877
-2.209118
-0.074421
-0.899008
-0.146798
0.597920
-0.967298
-0.801938
0.437839
-0.780991
0.381810
2.028261
1.391513
0.570331
1.631294
-0.291041
-2.899170
-0.629084
-0.657865
-0.837530
0.406674
-0.568458
-1.460484
0.083957
-0.676768
-0.884192
1.373461
1.583951
0.305857
1.054151
0.775371
-2.706902
-1.620054
-0.313350
-1.070159
0.089918
0.220197
-1.489776
-0.301259
0.211511
-0.929322
0.913143
1.923868
0.976494
0.896624
1.667568
-1.339402
-2.342633
0.070844
-0.657695
-0.216791
0.704016
-0.852176
-0.867333
0.280653
-0.876699
-0.011580
1.798017
1.161269
0.291041
1.463039
-0.092813
-3.161260
-1.002039
-0.665869
-0.958783
0.282015
-0.327485
-1.301595
0.086682
-0.329018
-0.839063
1.430001
1.738923
0.486374
1.252549
1.325096
-2.373627
-1.621928
-0.090258
-1.008340
0.126702
0.462021
-1.242501
-0.291041
0.342642
-0.705549
0.881978
2.069473
1.088040
0.675917
1.681873
-1.228707
-2.885035
-0.348943
-0.905480
-0.699759
0.281504
-1.095022
-1.466615
0.167745
-1.067604
-0.413145
1.774686
1.385212
0.331061
1.372950
0.323738
-2.813850
-0.946522
-0.305857
-0.751700
0.563519
-0.120401
-1.405988
-0.095027
-0.239270
-0.857285
1.384360
1.981599
0.805174
1.079185
1.462698
-2.128056
-2.068281
-0.203507
-1.132318
-0.081062
0.400884
-0.959124
-0.431538
0.392880
-1.158544
0.278439
1.764127
0.743696
0.349794
1.586676
-0.832932
-2.879926
-0.504085
-0.846897
-0.785930
0.370060
-0.892196
-1.311302
0.359501
-0.652926
-0.385216
1.781327
1.724107
0.593151
1.565218
0.721897
-2.620561
-0.954015
-0.200101
-0.944648
0.455209
0.060456
-1.425403
-0.133855
-0.091451
-0.924894
1.122611
1.934256
0.676428
0.729050
1.364265
-1.993350
-2.199752
-0.225816
-1.174722
-0.273841
0.335148
-1.289334
-1.003572
0.115292
-1.119035
0.174556
1.832417
1.082761
0.474623
1.698051
-0.278439
-2.780131
-0.425407
-0.469514
-0.559943
0.659738
-0.371081
-1.012087
0.559432
-0.185966
-0.402757
1.676253
1.574414
0.397989
1.088040
0.745910
-2.794947
-1.522643
-0.385216
-1.115288
0.227860
-0.011580
-1.680681
-0.492164
-0.126021
-1.206228
0.741652
1.788991
0.588213
0.596898
1.466445
-1.738753
-2.704178
-0.287805
-0.990289
-0.258854
0.528097
-0.974451
-0.939710
0.431708
-0.951290
0.163146
2.139126
1.481431
0.598260
1.777751
0.029121
-2.744879
-0.499317
-0.527586
-0.880957
0.470877
-0.410761
-1.449244
0.015497
-0.478540
-0.866652
1.226664
1.316752
0.470536
1.031501
0.966958
-2.621412
-1.724788
-0.152588
-1.153946
-0.040872
0.182050
-1.269749
-0.426599
0.269243
-0.860861
0.764983
1.889638
0.786952
0.489269
1.655647
-1.256807
-2.545459
-0.153610
-0.725474
-0.199931
0.544276
-0.860861
-0.942435
0.493867
-0.911100
0.039339
1.944644
1.533542
0.448397
1.408202
-0.053985
-3.192765
-1.127379
-0.816584
-1.233135
0.095027
-0.476837
-1.625334
-0.098603
-0.567947
-0.998633
1.243012
1.625163
0.504426
0.963892
1.291207
-2.272981
-1.760381
0.035422
-0.905139
0.083106
0.454358
-1.139811
-0.454869
0.311988
-1.040697
0.848770
2.017702
0.978197
0.726155
1.809086
-0.838723
-2.714566
-0.370571
-0.805684
-0.541721
0.415700
-0.900541
-1.173190
0.328336
-0.991310
-0.574929
1.486540
1.130785
0.171321
1.351493
0.422001
-3.211498
-1.209293
-0.703675
-1.159736
0.354562
-0.065395
-1.407691
0.050919
0.065054
-0.655481
1.619032
2.082246
0.986883
1.215424
1.574755
-1.901558
-1.748119
0.284910
-0.610862
0.212874
0.628063
-1.188346
-0.646455
0.234502
-1.066753
0.408377
1.943282
1.114096
0.404801
1.655476
-0.867333
-2.913475
-0.578165
-0.935452
-0.750167
0.468493
-0.713553
-1.446860
0.221389
-0.863416
-0.763280
1.561131
1.407010
0.432389
1.312665
0.722068
-2.669947
-1.074076
-0.291041
-0.897987
0.446865
0.216450
-1.133851
0.024693
0.241654
-0.885044
1.017196
1.778432
0.699588
0.763110
1.576458
-1.715592
-2.100979
-0.123467
-1.100131
-0.264474
0.196525
-1.339061
-0.819990
0.415530
-1.061814
0.179495
1.863071
1.129763
0.313861
1.302106
-0.723430
-3.090245
-0.718321
-0.642538
-0.842639
0.562838
-0.564371
-1.439197
0.132152
-0.411783
-0.506639
1.774175
1.793930
0.690392
1.435791
1.050745
-2.706562
-1.501867
-0.206743
-0.959975
0.236205
0.061648
-1.255785
-0.262090
0.092132
-1.072884
0.892878
1.649516
0.497273
0.495740
1.487221
-1.721212
-2.512080
-0.276225
-0.972237
-0.450781
0.459467
-0.897135
-0.840936
0.520093
-0.819819
0.042064
1.877887
1.320498
0.484330
1.632316
-0.043426
-2.740111
-0.566244
-0.433411
-0.749997
0.620740
-0.197717
-1.275710
0.392709
-0.114611
-0.495229
1.726321
1.835823
0.574589
1.151902
1.060792
-2.753905
-1.815898
-0.428302
-1.275199
-0.194652
0.020776
-1.550402
-0.680515
-0.119890
-1.300914
0.667572
1.710824
0.708273
0.447035
1.688514
-1.260894
-2.397299
0.011240
-0.599282
-0.118358
0.778096
-0.698396
-0.817095
0.648499
-0.679323
0.089237
2.034903
1.480920
0.558240
1.660075
0.120401
-2.972398
-0.843150
-0.403098
-0.946351
0.298875
-0.314713
-1.501186
-0.122956
-0.387941
-0.923872
1.146453
1.557384
0.250340
0.777245
1.012427
-2.539669
-1.940898
-0.548533
-1.267535
-0.079189
0.163487
-1.386574
-0.396967
0.388111
-0.969342
0.829186
2.249309
1.295294
0.810623
1.876354
-0.897305
-2.495902
-0.175919
-0.754595
-0.297342
0.689711
-0.668934
-1.040867
0.497614
-0.804492
-0.333105
1.628058
1.421486
0.201804
1.335996
0.178303
-3.032855
-1.030649
-0.602518
-1.165526
0.176430
-0.470706
-1.574925
-0.168085
-0.371252
-0.892707
1.285417
1.745054
0.544276
0.974791
1.369204
-2.125672
-1.872608
-0.057050
-0.884703
0.197547
0.623465
-0.961167
-0.402076
0.465427
-0.913313
0.638621
2.157007
1.246418
0.642368
1.709632
-0.752211
-2.843652
-0.490461
-1.005616
-0.805174
0.451463
-0.715426
-1.310962
0.232628
-0.913824
-0.582593
1.602684
1.293421
0.315223
1.295124
0.415359
-2.919265
-1.130104
-0.402246
-1.142706
0.281845
-0.016519
-1.407351
0.017541
0.013794
-0.615801
1.412119
2.111026
0.950268
1.061133
1.760721
-1.704693
-1.672847
0.173194
-0.613076
0.227860
0.580890
-1.241650
-0.723089
0.245401
-1.143898
0.161103
1.646451
0.925575
0.248637
1.502889
-0.804322
-2.976486
-0.551088
-0.790698
-0.796659
0.542573
-0.481435
-1.091446
0.417914
-0.558751
-0.440734
1.666716
1.489094
0.314202
1.203844
0.729901
-2.748115
-1.253911
-0.196866
-0.891345
0.337362
0.022479
-1.303298
-0.120401
-0.012602
-1.029117
1.190560
1.965250
0.841618
0.804152
1.434258
-1.981429
-2.519573
-0.389814
-1.268217
-0.433752
0.346729
-1.184940
-0.975302
0.190735
-1.154968
0.003065
1.660415
0.951631
0.393391
1.571860
-0.497614
-2.842290
-0.396967
-0.603880
-0.707422
0.417914
-0.607967
-1.316241
0.234842
-0.560965
-0.409569
1.770428
1.707929
0.344855
1.139300
0.754425
-2.760717
-1.493863
-0.223092
-0.960146
0.175578
0.063181
-1.362903
-0.136239
0.042915
-1.166378
0.741822
1.621417
0.629425
0.571864
1.496928
-1.791034
-2.574069
-0.301940
-1.114947
-0.436817
0.510897
-1.037291
-0.950098
0.358139
-0.873804
0.307560
2.009187
1.290526
0.576632
1.818112
-0.076294
-2.787454
-0.592640
-0.459296
-0.777755
0.547852
-0.394412
-1.555341
0.079700
-0.506980
-0.782354
1.500164
1.581226
0.323909
0.876699
0.932387
-2.600976
-1.580034
-0.331572
-1.118524
0.044448
-0.042575
-1.584462
-0.529630
-0.014646
-1.135554
0.782354
1.993350
0.901222
0.709636
1.784393
-1.271112
-2.447707
0.066417
-0.694990
-0.353711
0.758001
-0.553812
-0.705038
0.654459
-0.771965
-0.125170
1.653944
1.258680
0.454528
1.642704
0.134706
-2.938168
-0.821182
-0.606435
-1.004083
0.303473
-0.473942
-1.606260
0.146968
-0.234161
-0.822885
1.443624
1.718828
0.494208
0.918422
1.016174
-2.503225
-1.800231
-0.183582
-1.021624
0.033889
0.298194
-1.387937
-0.485012
0.311307
-0.841788
0.983817
2.263614
1.229729
0.762939
1.805850
-1.041038
-2.605574
-0.177281
-0.668253
-0.505447
0.581230
-0.791039
-1.205547
0.253916
-1.040016
-0.515665
1.541717
1.170635
0.216109
1.374483
0.224284
-2.873625
-1.104219
-0.649861
-1.171827
0.279631
-0.296491
-1.507827
0.044618
-0.143221
-0.986372
0.992502
1.601321
0.511067
0.731775
1.316581
-2.050740
-1.791375
0.097241
-0.894581
-0.072718
0.493867
-1.245056
-0.647817
0.328336
-0.899179
0.664336
2.125331
1.207079
0.537804
1.739604
-0.888961
-3.021104
-0.473261
-0.891175
-0.736032
0.490972
-0.673703
-1.317944
0.182050
-0.901903
-0.630958
1.381636
1.380954
0.442437
1.318455
0.766686
-2.615963
-1.075268
-0.178473
-0.762258
0.531503
0.200783
-1.264300
0.031165
0.273670
-0.759704
1.260894
1.952308
0.561135
0.793934
1.577990
-1.801763
-2.228533
-0.107799
-0.943797
-0.218494
0.429324
-1.137427
-0.845364
0.136580
-1.097236
0.119720
1.771450
1.025030
0.225987
1.443795
-0.693798
-3.171478
-0.798873
-0.879594
-0.839233
0.400884
-0.491313
-1.154627
0.359161
-0.491313
-0.407525
1.971551
1.910925
0.700440
1.564707
1.212869
-2.475807
-1.374313
-0.151736
-0.916379
0.316075
0.207084
-1.175914
-0.089237
0.139645
-0.879424
0.946522
1.858984
0.742844
0.817435
1.609496
-1.446009
-2.324241
-0.031165
-0.941413
-0.518390
0.317097
-1.255614
-1.006808
0.291041
-1.003572
0.001873

