-1.012938
0.455720
1.229218
-0.144243
0.566074
1.212188
0.548874
-0.080722
1.268727
-0.617674
-1.094682
-0.030994
-2.529621
-2.352851
0.080892
-0.760385
-0.636918
1.096555
-0.268221
0.130960
1.109328
1.136405
-0.111376
1.060111
0.545468
-1.457759
-0.009707
-1.410757
-2.751861
-0.529289
0.243868
-0.670467
1.404626
0.825609
-0.144754
0.825950
1.312324
0.194652
0.235864
1.211166
-1.264981
-0.566755
-0.626871
-3.079346
-1.750674
0.241995
-1.152073
0.067268
1.132829
-0.248637
0.392028
1.142366
0.753743
-0.132322
1.333611
-0.459978
-1.329354
-0.139815
-2.292054
-2.502033
0.021287
-0.438860
-0.666380
1.287460
0.201975
0.034741
1.122270
1.246589
-0.023161
0.881978
0.725133
-1.355239
-0.099455
-1.279286
-2.954006
-0.767878
0.138283
-1.175914
0.761066
0.813007
-0.359331
0.584126
1.209463
0.161954
0.003917
1.049723
-1.187835
-0.791550
-0.516176
-2.848591
-1.731770
0.391347
-0.724452
0.051090
1.337358
-0.087193
0.564541
1.190390
0.931025
0.008345
1.385723
-0.099795
-1.251527
-0.072547
-2.170631
-2.617155
-0.112738
-0.163828
-0.755617
1.258169
0.236034
-0.088726
0.882830
1.192774
-0.101668
0.638621
0.819308
-1.466615
-0.392369
-1.215764
-3.112044
-1.146282
0.205040
-1.068115
0.682218
0.946181
-0.237908
0.600134
1.214061
0.413656
0.029632
1.302276
-0.907523
-0.825439
-0.140497
-2.605234
-2.069814
0.214917
-0.713553
-0.242676
1.369374
0.000341
0.319311
1.223087
0.935623
-0.181539
1.174041
0.085320
-1.499483
-0.189883
-1.942260
-2.845185
-0.499317
-0.207424
-0.941924
1.253060
0.508002
-0.118358
0.876529
1.211337
0.002214
0.350646
1.036269
-1.375164
-0.442266
-0.973940
-2.995900
-1.243012
0.340087
-1.030820
0.516347
1.050915
-0.141178
0.630106
1.424892
0.761407
0.069482
1.526730
-0.659227
-1.016685
-0.177962
-2.641167
-2.276046
0.168596
-0.585488
-0.376701
1.344000
0.015157
0.268221
1.182726
0.942605
-0.205891
0.898157
0.374658
-1.507316
-0.105756
-1.579353
-2.874987
-0.567266
-0.069993
-1.256977
0.919274
0.433070
-0.270264
0.791890
1.239266
0.114441
0.451633
1.111882
-1.235519
-0.428813
-0.720535
-2.927780
-1.501526
0.498125
-0.703165
0.420809
1.361881
-0.119039
0.453166
1.087870
0.645433
-0.270435
1.314538
-0.442607
-1.096385
-0.137091
-2.426590
-2.571855
-0.108821
-0.581571
-0.627552
1.329694
0.114100
0.128746
1.073224
1.294783
-0.053304
0.945159
0.519753
-1.504592
-0.107970
-1.473427
-2.932889
-0.697715
0.093664
-1.161439
0.840085
0.697545
-0.260387
0.705889
1.294272
0.321354
0.247785
1.258509
-1.171657
-0.713893
-0.470877
-2.829007
-1.619203
0.340939
-0.887428
0.094686
1.174382
-0.254597
0.389133
1.219341
0.814540
-0.166212
1.314197
-0.146117
-1.230580
-0.010048
-2.109834
-2.614941
-0.081744
-0.215258
-0.493697
1.526049
0.245741
0.022139
0.941924
1.132488
-0.228712
0.573397
0.721897
-1.455716
-0.213044
-1.253060
-3.090416
-1.043252
0.166893
-1.206909
0.670978
0.922680
-0.155653
0.764813
1.401731
0.570331
0.207084
1.410927
-1.037802
-0.936815
-0.475475
-2.691405
-2.029283
0.279801
-0.783546
-0.166552
1.271112
-0.164679
0.339236
1.251016
0.886747
-0.158037
1.309429
0.079530
-1.303979
-0.009026
-1.979896
-2.672672
-0.200953
-0.137261
-0.960827
1.245396
0.405822
-0.034230
0.861883
1.244715
-0.027588
0.617674
0.857626
-1.357964
-0.118528
-0.948395
-3.043583
-1.196010
0.283378
-0.972067
0.658546
1.055513
-0.134196
0.744207
1.264300
0.486374
-0.104053
1.282692
-0.908375
-1.088551
-0.367846
-2.404792
-2.146108
0.215769
-0.637940
-0.373806
1.445157
-0.059434
0.188521
1.202311
1.175404
-0.143221
1.175744
0.265496
-1.567432
-0.256470
-1.981258
-3.027064
-0.462362
-0.085831
-1.031842
1.007659
0.446694
-0.139986
0.673873
1.201119
0.130960
0.516687
1.038483
-1.134021
-0.331913
-0.732967
-2.935103
-1.468488
0.243868
-1.063347
0.287124
0.972748
-0.358990
0.379937
1.197372
0.509875
-0.125681
1.312324
-0.590767
-1.063006
-0.224795
-2.498456
-2.322027
0.126532
-0.549044
-0.447205
1.476833
0.050238
-0.003406
0.950098
1.014301
-0.336681
0.838552
0.342642
-1.365287
-0.120231
-1.801423
-2.957412
-0.591619
0.047173
-0.974621
1.007659
0.688689
-0.061478
0.815051
1.241820
0.237567
0.311647
1.079185
-1.331397
-0.642197
-0.674895
-2.847569
-1.505613
0.379767
-1.152243
0.112908
0.996249
-0.245231
0.595536
1.400198
0.822544
-0.175919
1.413482
-0.299556
-1.083442
-0.058072
-2.140318
-2.286264
0.063011
-0.410421
-0.547682
1.529625
0.239440
0.130449
1.117502
1.130274
-0.097752
0.765664
0.619548
-1.502548
-0.191757
-1.365457
-3.060443
-0.704186
0.098944
-0.965936
0.967128
0.794785
-0.121083
0.744207
1.314538
0.313520
0.234161
1.283714
-1.140322
-0.677279
-0.506129
-2.855744
-1.897812
0.289508
-0.856434
0.170299
1.363414
-0.071355
0.473601
1.332590
1.007659
-0.143051
1.279627
-0.229222
-1.378570
-0.137261
-2.113751
-2.679144
-0.075783
-0.324590
-0.928470
1.129763
0.102520
-0.075272
0.838552
1.150710
0.063862
0.794445
0.711509
-1.475811
-0.298023
-1.250165
-3.010545
-1.018388
0.249829
-1.051085
0.671829
0.926426
-0.306538
0.703675
1.308577
0.475475
0.148671
1.561812
-0.814199
-0.658716
-0.264645
-2.604382
-1.911947
0.326974
-0.761577
-0.060797
1.497780
-0.038317
0.291211
0.938007
0.869036
-0.376872
1.066412
-0.088045
-1.382828
-0.215769
-2.130270
-2.923523
-0.406504
-0.373977
-1.064028
1.149859
0.375169
-0.102690
1.027754
1.428127
0.142370
0.715426
0.985009
-1.566240
-0.431367
-0.934090
-2.949749
-1.110520
0.350646
-1.011065
0.508513
0.956910
-0.309093
0.630277
1.392705
0.592981
0.137602
1.527922
-0.763961
-0.884363
-0.258854
-2.714736
-2.201114
0.262431
-0.824758
-0.410931
1.200778
-0.262260
0.002895
1.059771
0.898838
-0.353030
1.055854
0.172172
-1.423700
-0.134877
-1.848425
-2.966097
-0.407355
0.036103
-0.767027
1.326970
0.734840
0.095027
1.007148
1.361881
0.077997
0.516687
1.078503
-1.414163
-0.446354
-0.851325
-2.913986
-1.300914
0.177792
-1.136405
0.378234
1.087189
-0.256641
0.539677
1.281500
0.633683
-0.172002
1.337869
-0.703335
-1.267365
-0.254427
-2.617325
-2.388273
0.152758
-0.638621
-0.414508
1.178810
-0.068801
0.212533
1.118694
1.134021
0.030143
1.190560
0.517028
-1.273326
0.110354
-1.424721
-2.765145
-0.426940
0.069993
-0.940050
1.068286
0.515836
-0.099795
0.955718
1.286779
0.092983
0.347751
1.025540
-1.449415
-0.724452
-0.659738
-3.107446
-1.603195
0.241654
-1.101494
0.270264
1.051085
-0.358820
0.404119
1.122100
0.709636
-0.098263
1.325267
-0.410761
-1.073395
-0.176941
-2.465248
-2.382823
0.127724
-0.400032
-0.502212
1.468318
0.217472
0.185285
1.194307
1.269068
-0.062159
0.971385
0.533206
-1.448733
-0.040191
-1.428468
-2.948386
-0.732286
0.099795
-1.139300
0.849792
0.563519
-0.272308
0.759193
1.339912
0.153780
0.160933
1.108135
-1.246078
-0.525032
-0.526224
-2.775022
-1.538822
0.369208
-1.032523
0.084298
1.237563
-0.273330
0.451803
1.334293
0.855923
-0.175067
1.288312
-0.209808
-1.215764
-0.030484
-2.158029
-2.440895
0.244209
-0.174727
-0.438690
1.534734
0.408547
0.202656
1.078674
1.051085
-0.144414
0.744036
0.552450
-1.587187
-0.360012
-1.521962
-3.129074
-0.923531
0.098263
-1.089743
0.852857
0.820841
-0.299215
0.765664
1.495395
0.502893
0.221900
1.295124
-1.018729
-0.696523
-0.565222
-2.910580
-1.813344
0.338384
-0.876018
0.021969
1.321520
-0.083617
0.423363
1.161609
0.985009
-0.077656
1.371758
-0.214747
-1.127039
0.080722
-2.009187
-2.524342
-0.049046
-0.328677
-0.795126
1.271452
0.200783
-0.011069
1.078844
1.247610
-0.185796
0.683240
0.758001
-1.552786
-0.316756
-1.118013
-2.850464
-0.850133
0.308071
-0.859669
1.063177
1.062325
-0.091961
0.781843
1.322372
0.406844
0.061989
1.284736
-0.872271
-0.758512
-0.327655
-2.869197
-2.059255
0.278269
-0.806366
-0.271286
1.265662
-0.111376
0.337873
1.260042
1.090084
0.063181
1.312494
-0.177452
-1.608985
-0.312669
-2.199582
-2.943618
-0.330210
-0.325612
-0.990970
1.118353
0.180517
-0.268051
0.852346
1.158203
-0.038488
0.600304
0.941924
-1.208782
-0.159911
-1.101494
-2.944299
-1.100472
0.134706
-1.137257
0.516517
0.974962
-0.302281
0.560965
1.215424
0.277758
-0.197377
1.214402
-0.918082
-0.933409
-0.316075
-2.676759
-2.214568
0.221218
-0.607627
-0.119720
1.353366
-0.085320
0.248296
1.023497
0.895602
-0.264815
1.106092
0.243187
-1.356602
0.041042
-1.788650
-2.723762
-0.319821
-0.071866
-0.881638
1.366990
0.608308
-0.119890
1.073224
1.464231
0.180687
0.579017
1.006808
-1.442092
-0.583444
-0.888961
-2.911261
-1.235349
0.324930
-1.184259
0.353370
0.995568
-0.264985
0.609841
1.303979
0.623294
0.036614
1.415695
-0.688519
-1.021453
-0.155824
-2.433572
-2.265998
0.220537
-0.527927
-0.368697
1.348598
-0.033889
0.072547
1.055513
0.957591
-0.212193
1.080036
0.418425
-1.353877
-0.055688
-1.563685
-2.904619
-0.642879
-0.013283
-0.974110
1.154627
0.732456
-0.210490
0.824247
1.246759
0.157356
0.339746
1.027754
-1.312154
-0.534569
-0.646285
-2.868346
-1.411438
0.526394
-0.754935
0.405822
1.363754
-0.057220
0.699759
1.394408
0.949757
0.122956
1.464571
-0.437498
-1.206398
-0.186307
-2.381120
-2.587012
0.000681
-0.472409
-0.672000
1.294613
0.101668
-0.020776
1.056194
1.151562
-0.068971
0.927619
0.588724
-1.395600
-0.055177
-1.432555
-2.941404
-0.697715
0.144073
-1.090595
0.919104
0.724963
-0.216961
0.748123
1.294443
0.314713
0.204359
1.197202
-1.149518
-0.754425
-0.519242
-2.834797
-1.799038
0.372103
-0.844002
0.058923
1.290355
-0.049216
0.419446
1.143898
0.711169
-0.290871
1.316581
-0.279801
-1.368352
-0.205721
-2.374990
-2.675567
-0.104223
-0.358139
-0.780821
1.321350
0.255278
0.047854
1.094682
1.392365
0.165020
0.802449
0.932898
-1.322031
-0.137942
-1.141684
-3.003052
-0.895602
0.251361
-1.063687
0.704016
0.804663
-0.246593
0.662633
1.363414
0.604051
0.233991
1.353196
-0.913824
-0.664847
-0.272989
-2.729893
-2.003227
0.251021
-0.810964
-0.275884
1.231262
-0.220197
0.246763
1.063006
0.872271
-0.264304
1.098088
0.040191
-1.417398
-0.089577
-1.983302
-2.612897
-0.184434
0.007323
-0.811645
1.358986
0.498976
-0.141178
0.898327
1.221895
0.177792
0.554834
0.876018
-1.437153

