-0.833784
-0.457764
0.564711
-0.809090
0.632150
2.174548
1.278945
0.439201
1.476322
-0.684602
-2.959967
-0.677960
-0.956229
-0.974110
0.200272
-1.061303
-1.796995
-0.036444
-1.046317
-0.893899
1.265321
1.304661
0.177281
1.338209
0.705208
-2.596208
-1.019069
0.068630
-0.654800
0.683410
0.493356
-0.877040
0.444821
0.412805
-0.558410
1.518897
2.308062
1.031842
1.024348
1.653944
-1.613072
-2.330882
-0.168426
-1.053299
-0.296831
0.273670
-1.311813
-1.011746
0.023672
-1.321180
-0.153439
1.620565
0.791039
0.030654
1.247610
-1.008511
-3.273998
-0.833784
-0.969342
-0.955888
0.505107
-0.401906
-1.353025
0.313520
-0.404290
-0.408377
1.862901
1.973936
0.928640
1.699073
1.458441
-1.996074
-0.956740
0.198909
-0.543254
0.560965
0.451463
-1.238074
-0.249829
0.062500
-1.043422
0.829356
1.722404
0.560795
0.427621
1.332930
-1.851491
-2.712693
-0.495059
-1.314878
-0.655140
0.341960
-1.000677
-1.012768
0.360012
-0.922339
-0.128405
1.686982
1.179150
0.392880
1.710313
0.042915
-2.677611
-0.294447
-0.230074
-0.431538
0.848770
0.058923
-1.060111
0.613928
-0.009707
-0.325952
1.844679
1.790694
0.594514
1.104730
1.029628
-2.615792
-1.876695
-0.345366
-1.293932
-0.093664
-0.212874
-1.730238
-0.799554
-0.385046
-1.332249
0.528778
1.701117
0.728709
0.384705
1.457589
-1.460825
-2.641508
-0.149012
-0.772817
-0.310625
0.731604
-0.608138
-0.652415
0.638962
-0.538996
0.268902
2.255099
1.649175
0.752722
1.810789
0.333445
-2.732618
-0.606435
-0.291552
-0.840596
0.381299
-0.199250
-1.288652
0.137772
-0.447375
-0.941924
1.245567
1.542057
0.244549
0.920807
1.066072
-2.736705
-2.165011
-0.455379
-1.291888
-0.175067
0.068460
-1.369544
-0.568288
0.194992
-0.974451
0.756298
2.072539
1.184089
0.715085
1.946688
-0.917741
-2.440895
-0.022479
-0.780651
-0.381129
0.680855
-0.783546
-1.044444
0.380789
-0.669956
-0.108480
1.804318
1.401901
0.335830
1.319136
0.183582
-2.942596
-0.935452
-0.513281
-1.085656
0.140326
-0.597068
-1.745565
-0.182390
-0.564201
-1.205376
1.001869
1.585994
0.480073
0.710658
1.275539
-2.180849
-1.838548
0.049557
-0.861032
0.217642
0.745058
-1.052788
-0.310625
0.552620
-0.862564
0.593492
1.982280
1.147475
0.661101
1.754590
-0.816243
-2.721718
-0.414508
-0.869887
-0.486374
0.651053
-0.534228
-1.052618
0.330210
-0.864267
-0.488758
1.583610
1.368182
0.246082
1.345873
0.551428
-2.895764
-1.168421
-0.465427
-1.230070
0.096389
-0.259706
-1.502207
0.071015
0.115803
-0.730242
1.342637
2.036946
0.669275
0.813689
1.418080
-1.898152
-1.852172
0.179836
-0.829697
0.011751
0.515495
-1.264640
-0.837020
0.068460
-1.182726
0.209979
1.782179
0.952653
0.344345
1.460825
-0.811645
-3.003223
-0.475134
-0.725303
-0.615290
0.560965
-0.436476
-1.306023
0.105926
-0.779118
-0.506129
1.684087
1.676083
0.317267
1.316071
0.799213
-2.731596
-1.405988
-0.384705
-1.036780
0.351327
0.189202
-1.118013
0.036274
0.185966
-0.798021
1.164164
2.074071
1.020602
1.180853
1.759359
-1.680851
-2.279963
-0.124829
-1.084294
-0.397308
0.455550
-1.220703
-0.833614
0.351497
-0.916719
0.201975
1.658542
1.043933
0.386068
1.494203
-0.367165
-2.827644
-0.483138
-0.500168
-0.670467
0.392539
-0.637089
-1.459292
0.273330
-0.498806
-0.586680
1.608474
1.605068
0.537634
1.080377
0.904288
-2.677781
-1.545804
-0.299897
-1.079014
0.268732
0.276736
-1.265662
-0.290530
0.040361
-1.104219
0.641005
1.759529
0.628063
0.355073
1.396963
-1.694986
-2.594505
-0.314202
-1.005445
-0.368357
0.450781
-0.954185
-0.967298
0.356776
-0.752892
0.277417
2.198730
1.628058
0.774690
1.944474
0.179836
-2.737386
-0.400714
-0.123807
-0.396967
0.839574
0.013794
-0.961678
0.468493
-0.058923
-0.603029
1.679318
1.931872
0.699759
1.215594
1.227004
-2.304486
-1.643896
-0.228882
-1.263959
-0.051941
-0.044618
-1.658031
-0.843150
-0.300918
-1.504762
0.288486
1.403093
0.280482
0.106948
1.138619
-1.716443
-2.926418
-0.535250
-1.274347
-0.705719
0.310114
-0.963552
-1.030309
0.427110
-0.687327
0.039169
2.091612
1.668930
0.732967
1.823902
0.627892
-2.528940
-0.466960
-0.032357
-0.316586
0.923191
0.261920
-0.816754
0.705549
0.238078
-0.419787
1.654114
1.888956
0.460659
0.801597
1.088381
-2.647468
-2.186469
-0.514984
-1.529796
-0.276395
0.063351
-1.800741
-1.105751
-0.241143
-1.263789
0.532184
2.001013
1.098769
0.659738
1.773834
-0.802789
-2.451454
-0.057902
-0.508513
-0.091791
0.918082
-0.313010
-0.770603
0.771454
-0.417062
-0.022820
1.992328
1.629761
0.541551
1.424721
0.512600
-2.810104
-0.993354
-0.392880
-1.138960
0.289508
-0.257322
-1.628058
-0.300407
-0.475986
-1.222747
0.701802
1.314368
0.220878
0.462532
0.841958
-2.526385
-2.442769
-0.347240
-1.267024
-0.124489
0.392028
-1.147985
-0.606946
0.424385
-0.848940
0.838552
2.346550
1.464231
0.831059
2.074753
-0.560454
-2.750499
-0.228201
-0.662633
-0.587191
0.651905
-0.532695
-1.189538
0.313010
-0.724963
-0.729391
1.366649
1.275029
0.159230
0.910759
0.476837
-2.933741
-1.376016
-0.498806
-1.290696
0.114441
-0.235864
-1.536097
-0.282867
0.022650
-0.777926
1.336166
2.054146
0.967128
1.218830
1.854045
-1.495566
-1.784393
0.372784
-0.389474
0.186648
0.858647
-0.742504
-0.569650
0.476497
-0.889131
0.227009
1.720020
1.057557
0.215258
1.430171
-0.796829
-3.387417
-1.131807
-1.346043
-1.286609
0.001873
-0.969342
-1.753228
-0.131641
-0.934771
-0.914846
1.175574
1.360519
0.375339
1.188517
0.999314
-2.497435
-1.198564
0.023501
-0.886236
0.358309
0.474283
-0.925405
0.231777
0.645093
-0.281504
1.605579
2.439363
1.169784
1.081399
1.948391
-1.340764
-2.298015
0.047173
-0.812156
-0.368016
0.329869
-1.439878
-1.362562
-0.063011
-1.369715
-0.430346
1.476492
0.910589
0.127554
1.185111
-0.420979
-3.009694
-0.794445
-0.631128
-0.731434
0.743696
0.015838
-1.056876
0.486714
-0.130960
-0.400884
1.666035
2.027920
0.878232
1.406840
1.447882
-2.111197
-1.305171
0.073399
-0.960316
0.285591
0.258854
-1.364095
-0.342982
0.061648
-1.302958
0.619548
1.716443
0.547852
0.196184
1.151221
-1.948561
-3.181866
-0.795977
-1.381295
-0.752892
0.209979
-1.302276
-1.245737
0.186307
-1.009192
-0.164849
2.018213
1.549040
0.602348
1.797335
0.657184
-2.361025
-0.432900
0.042064
-0.581230
0.790358
0.061308
-1.216105
0.334297
-0.098773
-0.642027
1.440048
1.614434
0.431367
0.682047
1.007829
-2.647979
-2.181019
-0.482627
-1.540865
-0.451633
-0.098433
-1.644407
-0.818798
-0.089577
-1.344681
0.422001
1.837526
0.883171
0.512600
1.757826
-0.880105
-2.523831
-0.053474
-0.571523
-0.021287
1.079696
-0.305687
-0.587872
1.059941
-0.000851
0.392199
2.355065
2.097232
1.052277
1.891511
0.650372
-2.723762
-0.940902
-0.445162
-1.197883
0.192097
-0.381470
-1.705715
-0.540699
-0.618185
-1.328162
0.722068
1.232454
0.140667
0.350646
0.897135
-2.405133
-2.251863
-0.173875
-1.112393
-0.046151
0.465597
-1.183237
-0.531333
0.456912
-0.788655
0.547682
2.248798
1.501696
0.932557
2.137763
-0.262090
-2.299207
-0.108991
-0.451803
-0.385898
0.816413
-0.286954
-1.022645
0.532014
-0.554153
-0.512430
1.357624
1.116310
-0.111546
0.912292
0.116144
-3.394229
-1.782349
-0.878232
-1.436983
-0.291382
-0.453676
-1.697200
-0.354562
-0.141008
-0.880275
1.338891
2.063513
0.928470
1.004764
1.868180
-1.713719
-2.036435
0.219856
-0.591619
0.242676
0.895432
-0.571012
-0.298194
0.744547
-0.644411
0.517028
2.059937
1.367501
0.685113
1.647643
-0.598090
-2.929994
-0.624657
-0.977005
-1.167910
0.020606
-1.072373
-1.862901
-0.319481
-1.146282
-1.036099
1.164845
1.188176
0.057731
0.995908
0.743014
-2.788135
-1.457589
-0.076805
-0.835487
0.405822
0.386408
-1.089743
0.143903
0.345196
-0.669445
1.304490
2.223424
1.108987
1.054321
1.804318
-1.480579
-2.448389
-0.302451
-1.085315
-0.480243
0.475475
-1.192774
-1.126187
0.126532
-1.197372
-0.236716
1.543931
1.048871
0.225135
1.244886
-0.465938
-3.158195
-0.849792
-0.724111
-1.038143
0.323398
-0.480924
-1.340764
0.174897
-0.398670
-0.707422
1.687322
1.840762
0.679323
1.275539
1.345703
-2.216101
-1.406840
0.144243
-0.829015
0.378575
0.349283
-1.317774
-0.311647
0.232288
-1.018218
0.562668
1.612220
0.525032
0.191586
1.270260
-1.542909
-2.776555
-0.593662
-1.138108
-0.720705
0.365462
-1.099450
-1.318625
0.309944
-0.852346
-0.001533
1.879249
1.591614
0.504596
1.564707
0.256300
-2.870900
-0.870398
-0.362056
-0.696693
0.699759
0.140497
-1.085145
0.266007
-0.148160
-0.759533
1.497780
1.943452
0.672511
1.077822
1.248462
-2.276897
-1.970700
-0.313691
-1.250335
-0.154461
0.182561
-1.549721
-0.764302
0.069993
-1.177447
0.371081
1.694475
0.816073
0.425066
1.599618
-0.866481
-2.422503
-0.014305
-0.662293
-0.354222
0.719513
-0.690903
-1.038143
0.595706
-0.398329
-0.016689
1.961844
1.662799
0.523329
1.451288
0.458275
-2.899000
-1.209974
-0.452825
-1.149348
0.235013
-0.110354
-1.586505
-0.223092
-0.439031
-1.216786
0.863246
1.541717
0.353200
0.627722
1.058068
-2.397469
-2.418416
-0.378064
-1.253741
-0.147138
0.559432
-1.034226
-0.485693
0.673532
-0.598431
0.710317
2.177954
1.372950
0.765494
1.907008
-0.575100
-2.597741
-0.253064
-0.699248
-0.683750
0.507321
-0.621251
-1.375675
0.127724
-0.669956
-0.389985
1.704012
1.318114
0.177622
1.182386
0.677960
-2.803462
-1.410927
-0.315564
-1.085486
0.200953
-0.001362
-1.545293
-0.219686
-0.003406
-0.886747
1.087529
1.991987
0.981433
0.882830
1.627377
-1.461165
-1.878228
0.275884
-0.684602
0.170980
0.778948
-0.783546
-0.641346
0.401224
-0.961508
0.139475
1.819474
1.108646
0.303132
1.526560
-0.620059
-3.246750
-0.934771
-0.916209
-1.037291
0.245060
-0.679663
-1.459292
0.072207
-0.777074
-0.770603
1.581567
1.511574
0.383343
1.235179
0.980582
-2.629246
-1.430852
-0.096219
-0.964233
0.298364
0.314031
-1.225982
-0.122786
0.337533
-0.757149
1.281670
2.165522
0.915698
0.635215
1.641512
-1.537630
-2.481597
-0.062500
-0.954356
-0.427280
0.381640
-1.139471
-1.406670
0.067949
-1.217978
-0.386238
1.594850
1.021453
0.229052
1.389469
-0.286783
-3.138610
-0.872271
-0.725814
-0.818287
0.566925
-0.221729
-0.999144
0.533036
-0.127724
-0.511408
1.783541
2.112900
0.799724
1.343489
1.501015
-2.139807

