-2.348934
0.775712
0.714064
-2.752372
0.081403
-0.342982
-2.515997
-0.095027
1.036269
-1.348427
1.537800
3.256117
0.474623
-0.084979
-0.068460
-2.754927
-1.443795
1.362903
-2.532857
-1.523154
0.093835
-2.484832
-1.552616
1.462017
-0.827653
-0.015838
3.791537
1.900196
0.317778
0.887428
-0.918082
-1.802615
2.019746
-0.479051
-2.099446
0.814370
-1.105751
-2.068451
1.118524
0.579527
-0.910078
2.911091
2.883332
0.192949
0.425066
-0.425066
-2.908536
0.149863
0.517028
-3.156662
-0.639643
-0.608819
-2.942256
-0.610011
0.977346
-1.716614
1.104219
3.439018
0.650883
-0.000511
0.342301
-2.098935
-1.280819
1.789672
-1.923868
-1.272304
0.725985
-1.940898
-1.222066
1.761402
-0.155313
0.236034
3.963709
2.263614
0.524351
0.794445
-0.920807
-2.316577
1.394749
-0.525032
-2.574750
0.380278
-1.349960
-2.672502
0.337362
0.248296
-1.492330
2.495221
2.806698
0.167574
0.313691
-0.139134
-2.620561
-0.007323
1.002720
-2.785751
-0.559092
-0.154972
-2.542223
-0.454017
1.520940
-1.139300
1.042400
3.812654
1.178980
0.378575
0.757320
-1.573392
-1.210826
2.082416
-1.606941
-1.484667
0.788655
-1.948902
-1.566410
1.494033
-0.217131
-0.502723
3.354890
1.941238
-0.173364
0.406163
-1.266003
-2.819300
0.912292
-0.612225
-2.997432
0.031165
-1.269749
-2.688680
0.278609
0.602348
-1.260894
2.529962
3.337009
0.625168
0.526905
0.233310
-2.367667
0.082084
1.414503
-2.494880
-0.370741
0.376701
-2.315896
-0.480413
1.632486
-0.888620
0.950779
3.937823
1.394749
0.221559
0.499317
-1.725980
-1.598256
1.770428
-1.665865
-2.048186
0.358820
-2.116816
-2.190045
1.154116
-0.260387
-0.935963
3.178971
2.140147
0.042575
0.527927
-0.873634
-2.671310
0.956569
0.012091
-2.737897
0.300237
-0.712190
-2.386400
0.418425
1.085315
-1.277753
2.253056
3.512417
0.590767
0.551598
0.410761
-2.365623
-0.327485
1.393216
-2.534900
-0.806877
0.160592
-2.499989
-0.970704
1.433236
-1.052618
0.418425
3.712348
1.224279
-0.038147
0.261068
-2.009528
-2.110686
1.625844
-1.586165
-2.337183
0.328166
-1.978704
-2.200944
0.970875
0.001362
-0.849792
3.362213
2.591269
0.287635
0.700951
-0.248126
-2.500841
1.090765
0.649691
-2.631290
0.159570
-0.641687
-2.613408
0.200953
1.105751
-1.275880
2.000502
3.522464
0.643219
0.326633
0.208616
-2.416202
-0.795807
1.374143
-2.554996
-1.036951
0.391517
-2.359492
-1.314368
1.356602
-1.044955
-0.097070
3.584794
1.506465
0.100647
0.640835
-1.395089
-2.105066
1.684938
-1.095193
-2.395766
0.470706
-1.436813
-2.059085
1.212018
0.453847
-0.763621
3.311293
2.847399
0.180176
0.460488
-0.370911
-2.774341
0.526224
0.477859
-2.938850
-0.255959
-0.709976
-2.860682
-0.200272
1.098939
-1.409735
1.559087
3.580536
0.753914
0.221389
0.290871
-2.110345
-1.001699
1.546485
-2.314874
-1.246248
0.392199
-2.285923
-1.559087
1.446860
-0.585488
0.115292
3.820828
1.834801
0.221048
0.689881
-1.203673
-2.178635
1.616308
-0.608989
-2.251182
0.704867
-1.056535
-2.057893
1.097747
0.489269
-1.263959
2.748285
2.899170
0.334297
0.534909
-0.096560
-2.753224
0.259706
0.688689
-2.943277
-0.311477
-0.371763
-2.580370
-0.196525
1.347576
-1.209463
1.285246
3.648145
0.901222
0.208787
0.363248
-2.150536
-1.325778
1.838378
-2.025536
-1.581567
0.387771
-2.324070
-1.613072
1.290355
-0.414678
-0.205721
3.736019
2.005611
0.117677
0.698226
-0.978538
-2.469335
1.265151
-0.471217
-2.637761
0.233650
-1.196521
-2.464056
0.421320
0.426258
-1.470702
2.411093
2.864259
0.259536
0.404460
-0.067779
-2.496753
0.042915
1.091616
-2.675738
-0.333786
0.096219
-2.350637
-0.317097
1.711505
-0.915527
1.165186
3.995214
1.423529
0.498465
0.718151
-1.720871
-1.349619
1.927614
-1.511403
-1.694986
0.704016
-1.855237
-1.694815
1.380614
-0.237908
-0.407015
3.560271
2.184255
0.012432
0.514644
-1.039505
-2.816405
0.733818
-0.545638
-3.092630
-0.080551
-1.379933
-3.032514
0.078848
0.398500
-1.721212
2.049208
2.914667
0.159740
0.211852
-0.025375
-2.467292
-0.185115
1.377208
-2.556869
-0.684432
0.164849
-2.438171
-0.633512
1.691410
-0.673192
1.031671
4.155636
1.638787
0.586850
0.928640
-1.450096
-1.488073
2.165522
-1.074587
-1.658031
0.854901
-1.724618
-2.111537
1.060111
-0.282526
-1.221555
2.967460
2.049548
-0.236375
0.421490
-0.734670
-2.987896
0.484330
-0.238419
-3.046308
0.027929
-0.768389
-2.579859
0.270435
1.053129
-1.138278
2.339227
3.747940
1.032693
0.801257
0.574418
-2.093826
-0.353711
1.763446
-2.347742
-0.712020
0.529119
-2.253907
-0.889642
1.541717
-0.869376
0.332424
3.734827
1.449755
0.009877
0.615461
-1.588379
-2.174207
1.442432
-1.450777
-2.502033
0.115292
-2.002375
-2.394744
0.893559
-0.163828
-1.305171
2.777236
2.341441
-0.097070
0.409058
-0.514814
-2.638272
0.735521
0.637089
-2.715588
0.277587
-0.245231
-2.367837
0.196014
1.562323
-1.104219
1.955373
3.892864
0.932217
0.426599
0.470706
-2.350126
-1.013790
1.513277
-2.481086
-1.494714
0.137772
-2.465929
-1.509871
1.139130
-0.893899
-0.121593
3.624473
1.583951
0.039509
0.648839
-1.384020
-2.213035
1.498801
-0.835827
-2.396107
0.636237
-1.328502
-2.153090
1.303128
0.702313
-0.786100
3.336157
3.199066
0.692606
0.720535
0.024693
-2.335480
0.673362
1.025200
-2.652407
-0.211852
-0.490120
-2.827133
-0.621251
1.026392
-1.570668
0.990289
3.262077
0.421149
-0.162125
0.008856
-2.578667
-1.674720
1.344510
-2.371754
-1.605068
0.288146
-2.233471
-1.521962
1.303128
-0.627381
-0.323057
3.679139
2.068111
0.327996
0.930343
-0.636237
-1.984835
1.752036
-0.185966
-2.206053
0.788995
-0.857115
-2.074923
1.079185
0.987394
-0.918593
2.781664
3.186805
0.402757
0.383002
-0.186648
-2.922671
-0.161614
0.835317
-3.036601
-0.788314
-0.449930
-2.900192
-0.793082
1.041549
-1.365628
1.001358
3.618002
0.948565
0.194141
0.622783
-1.710313
-1.291377
2.000332
-1.504251
-1.386574
0.734329
-1.712697
-1.389640
1.562834
-0.104564
-0.253916
3.777572
2.351148
0.153950
0.724963
-0.881127
-2.629246
1.099961
-0.379256
-2.980573
0.201804
-1.101494
-2.660751
0.300407
0.488417
-1.762935
1.958949
2.763271
0.097752
0.163146
-0.166893
-2.923182
-0.463894
1.037461
-2.873455
-0.842469
0.129938
-2.440725
-0.604732
1.639298
-0.607797
1.236882
4.135030
1.752036
0.481435
0.910759
-1.484326
-1.640831
1.892362
-1.421997
-1.852853
0.589064
-2.007825
-2.040012
0.992673
-0.273841
-0.956229
3.119367
2.125331
-0.185115
0.233310
-0.961167
-2.855233
0.760385
-0.146798
-3.105913
-0.043597
-0.907523
-2.669096
0.221729
1.040186
-1.176255
2.276046
3.541197
0.805684
0.756638
0.630447
-2.071857
-0.160081
1.961674
-1.972233
-0.420468
0.644071
-1.990625
-0.562668
1.796484
-0.768730
0.511238
3.841775
1.499483
0.100987
0.611544
-1.691069
-2.202306
1.247440
-1.654114
-2.645424
0.060626
-2.152068
-2.522298
0.647477
-0.228541
-1.089062
2.955369
2.415010
0.029973
0.394753
-0.574929
-2.660751
0.911270
0.720194
-2.501351
0.264645
-0.217472
-2.295460
0.307560
1.408713
-0.980071
2.276557
3.865787
1.094512
0.559773
0.545468
-2.133165
-0.932387
1.566580
-2.405984
-1.308577
0.097070
-2.543245
-1.522814
1.260553
-1.149859
-0.351667
3.298521
1.196350
-0.139134
0.245571
-1.621757
-2.366475
1.376186
-0.984669
-2.433913
0.567607
-1.387596
-2.182892
1.041378
0.685964
-0.852176
3.262247
3.198556
0.705378
0.963041
0.074080
-2.298525
0.801938
1.060452
-2.574239
0.074421
-0.066246
-2.362388
0.000681
1.256977
-1.454524
1.356091
3.502028
0.612055
-0.092813
0.070504
-2.596889
-1.627888
1.175574
-2.658197
-1.819474
0.132833
-2.492155
-1.738753
1.325267
-0.614779
-0.319311
3.572192
1.982450
0.240122
0.811645
-0.819479
-2.072028
1.789672
-0.307219
-2.351488
0.611544
-1.078674
-2.230065
0.980241
0.782354
-1.032012
2.749647
2.950771
0.291382
0.308582
-0.089577
-2.798694
-0.071866
0.843150
-2.919776
-0.544957
-0.274522
-2.680676
-0.626871
1.081399
-1.482964
0.875337
3.575768
0.929492
-0.037125
0.292744
-2.157007
-1.601492
1.618351
-1.874481
-1.731941
0.736203
-1.859324
-1.541376
1.509019
-0.102690
-0.192949
3.815038
2.498627
0.374317
0.861883
-0.801086
-2.635036
1.131807
-0.275884
-2.755608
0.175919
-1.163142
-2.695833
0.270946
0.523669
-1.540014
2.111537
2.789497
0.247444
0.211852
0.103882
-2.484322
-0.323227
1.287120
-2.779620
-0.815732
-0.201975
-2.632822
-0.840085
1.475300
-0.855582
0.961849
3.898995
1.455716
0.379937
0.755276
-1.514128
-1.580375
1.936299
-1.298870
-1.780135
0.844002
-1.618351
-1.913990
1.204525
-0.244549
-0.844172
3.277404
2.305678
0.095708
0.509194
-0.755787
-2.877542
0.679493
-0.027759
-2.903768
0.114271
-0.772306
-2.551249
0.299556
0.998974
-1.297338
2.158540
3.576279
0.622613
0.517198
0.416211
-2.329009
-0.444991
1.705885
-2.298015
-0.799554
0.291041
-2.329690
-0.913313
1.633338
-0.787633
0.406504
3.690038
1.440559
-0.087874
0.432219
-1.553808
-2.171312
1.552275
-1.305853
-2.464567
0.257151
-1.846722
-2.432551
0.795977
-0.142881
-1.141003
2.966097
2.527578
0.156675
0.548874
-0.384705
-2.680847
0.652415
0.697545
-2.559764
0.279631
-0.147820
-2.231087
0.312669
1.488413
-1.221555
1.833950
3.677777
0.792061
0.346388
0.421490
-2.235855
-1.009532
1.423870
-2.398321
-1.312324
0.317267
-2.589055
-1.558576
1.415355
-0.586680
0.091110
3.701789
1.815728
0.072547
0.570502
-1.297678
-2.391849
1.486199
-0.793764
-2.386911
0.466449
-1.371758
-2.186128
0.934431
0.474112
-0.863586
3.215926
3.174714
0.498976
0.785249
0.057050
-2.300228
0.619037
0.999655
-2.729212
-0.270946
-0.394923
-2.757141
-0.475475
1.210996
-1.445668
1.108135
3.457580
0.777074
-0.010559
0.227179
-2.338716
-1.487221
1.512425
-2.278600
-1.607452
0.542062
-2.201285
-1.616648
1.378400
-0.538826
-0.446865
3.569637
2.038649
0.209468
0.836679
-0.757490
-2.293757
1.450607
-0.345196
-2.574921
0.556707
-1.064028
-2.311128
0.779799
0.827653
-1.080888
2.732447
3.229039
0.319140
0.313691
-0.110013
-2.689872
-0.268732
0.997952
-2.949068
-0.842128
-0.440393
-3.033706
-0.940050
1.110179
-1.398836
0.852176
3.710815
1.123462
0.325441
0.624146
-1.842124
-1.361711
1.943793
-1.607282
-1.621076
0.820501
-1.656498
-1.566069
1.516002
-0.071015
-0.411272

