-2.393893
-1.734495
1.169613
-0.760896
-0.244720
3.607954
1.884018
0.021798
0.602177
-0.958443
-2.225808
1.451458
-0.625849
-2.610854
0.349454
-1.369374
-2.439703
0.799213
0.603540
-1.318795
2.623626
2.940553
0.393731
0.506639
-0.051260
-2.682550
0.136409
1.031331
-2.739089
-0.212193
0.006982
-2.499819
-0.455720
1.419101
-1.221214
1.080036
3.680161
0.987053
0.249829
0.619037
-1.966953
-1.496587
1.668589
-2.061129
-1.736368
0.350986
-2.083778
-1.602854
1.423700
-0.294617
-0.191416
3.701278
2.215760
0.018903
0.519582
-0.966106
-2.550227
1.295294
-0.286954
-2.678462
0.416892
-1.056365
-2.590248
0.532355
0.799383
-1.292058
2.645935
3.364938
0.562327
0.456742
-0.000170
-2.640656
-0.238929
1.044444
-2.779620
-0.607967
-0.000681
-2.528770
-0.700269
1.299381
-1.253401
0.721387
3.608295
1.112052
0.272138
0.818798
-1.480409
-1.450607
1.863411
-1.612902
-1.752547
0.583104
-1.893384
-1.731259
1.441411
-0.067268
-0.485863
3.489086
2.209118
0.034911
0.531163
-0.834976
-2.476828
1.157182
-0.023161
-2.672672
0.237737
-0.986542
-2.701283
0.222240
0.720705
-1.349960
2.264295
3.281151
0.482457
0.336000
-0.088896
-2.791541
-0.504426
1.214572
-2.776555
-0.764302
0.056199
-2.568790
-0.761407
1.493011
-1.031842
0.716788
3.860848
1.361540
0.152418
0.828164
-1.362732
-1.622438
1.822880
-1.326288
-1.970019
0.530481
-1.912287
-2.048186
1.205206
-0.048195
-0.815051
3.326961
2.334288
0.025545
0.434603
-0.676598
-2.526896
0.950779
0.299386
-2.850975
0.326974
-0.635556
-2.565214
0.326293
1.072032
-1.263108
2.187320
3.623281
0.737224
0.495911
0.275033
-2.507142
-0.589405
1.521111
-2.520255
-0.988586
0.319311
-2.429485
-1.021624
1.466445
-1.037972
0.354903
3.676585
1.476322
-0.004598
0.518390
-1.797165
-2.249650
1.386745
-1.592806
-2.759865
0.114611
-2.139977
-2.612557
0.699418
-0.043426
-1.188857
2.896105
2.277919
-0.073910
0.354392
-0.557218
-2.608299
0.775712
0.657013
-2.848932
0.006301
-0.498295
-2.622093
0.126702
1.190220
-1.219000
1.933064
3.764629
0.893729
0.545979
0.510386
-2.155474
-0.752040
1.747608
-2.217633
-0.942775
0.627381
-2.147811
-1.141514
1.495566
-0.906672
-0.196695
3.511906
1.591103
0.034911
0.586680
-1.349109
-2.200774
1.471894
-0.939199
-2.109664
0.770433
-1.040527
-1.792737
1.459973
0.923020
-0.589405
3.599099
3.273828
0.553472
1.005786
0.226157
-2.346890
0.795467
1.049212
-2.722570
-0.122445
-0.460829
-2.706391
-0.468833
0.983477
-1.641001
1.045806
3.158535
0.336511
-0.456231
-0.109332
-2.702985
-1.807383
1.026051
-2.886908
-2.040352
-0.144754
-2.655131
-1.877035
1.315389
-0.643390
-0.307390
3.659895
2.076966
0.374998
1.041889
-0.689200
-1.879079
1.923527
-0.196184
-2.174718
0.886066
-0.912803
-1.993861
1.037632
0.674384
-1.320498
2.556017
2.787965
0.052622
0.209297
-0.443288
-3.036772
-0.366654
0.578846
-3.269741
-0.842128
-0.654800
-2.946854
-0.773498
1.132148
-1.376697
1.171827
3.728526
0.965425
0.220367
0.552961
-1.827649
-1.132999
2.173867
-1.447371
-1.162972
1.102005
-1.537119
-1.099280
2.071347
0.416551
0.238248
4.209110
2.838033
0.701802
1.180683
-0.544616
-2.237047
1.417909
-0.310625
-2.922501
-0.096389
-1.573222
-3.019060
0.006812
-0.025034
-2.135038
1.571519
2.274684
-0.444651
-0.267369
-0.564201
-3.053291
-0.614779
0.941583
-2.926247
-0.623465
0.172343
-2.370051
-0.378234
1.829522
-0.701462
1.219000
4.319974
1.782519
0.765324
1.105922
-1.311643
-1.266173
2.032178
-1.365287
-1.670974
0.714745
-1.861368
-1.964228
1.031842
-0.337873
-0.911610
3.080027
1.825775
-0.391177
0.181709
-1.236030
-3.186635
0.561135
-0.407355
-3.254414
-0.065906
-1.160758
-2.727168
0.334467
0.929322
-1.141173
2.463205
3.858294
1.175914
1.029117
0.995398
-1.660756
0.282185
2.202477
-2.020427
-0.243017
0.748634
-2.072709
-0.489269
1.839570
-0.619207
0.627211
3.676074
1.165867
-0.082425
0.272478
-2.016170
-2.395255
1.242842
-1.891511
-2.730063
0.112908
-2.194302
-2.528259
0.521115
-0.392199
-1.289674
2.933230
2.350807
0.114782
0.613076
-0.398329
-2.587523
0.897135
0.708614
-2.406665
0.490802
-0.126021
-2.068622
0.667742
1.566240
-0.836849
2.322538
3.777742
0.884703
0.359842
0.389303
-2.439192
-0.898668
1.265151
-2.708094
-1.359667
0.052111
-3.020763
-1.705204
1.060792
-1.276221
-0.170640
3.389972
1.301084
-0.380618
0.350475
-1.537800
-2.214909
1.646451
-0.983136
-2.399002
0.604391
-1.401390
-2.154963
1.153946
0.661441
-0.709636
3.371579
3.235000
0.479051
0.858647
0.118528
-2.288818
0.743866
0.974280
-2.606426
0.043086
-0.190905
-2.648320
-0.300407
1.120908
-1.621246
1.239095
3.247431
0.539507
-0.180858
-0.039509
-2.618517
-1.569135
1.424210
-2.408709
-1.574584
0.259536
-2.376011
-1.596553
1.429660
-0.607797
-0.032527
3.897633
2.133335
0.470706
0.959464
-0.809601
-2.065386
1.626866
-0.406504
-2.298696
0.576292
-1.123973
-2.109664
0.979900
0.730923
-1.066923
2.873284
3.066404
0.239611
0.333445
-0.140156
-2.646446
0.011580
0.834465
-3.095695
-0.765494
-0.501871
-2.965416
-0.781843
1.142195
-1.473427
0.770092
3.407853
0.854901
0.027248
0.450441
-1.939535
-1.318625
1.899855
-1.715592
-1.512085
0.819819
-1.856600
-1.424210
1.687322
-0.082936
-0.176941
3.745045
2.256972
0.218153
0.654459
-0.946011
-2.725806
1.187665
-0.322887
-2.775533
0.295809
-1.168592
-2.487728
0.413145
0.666891
-1.374994
2.304145
3.167902
0.312839
0.196184
-0.045981
-2.614430
-0.306708
1.149859
-2.813510
-0.732626
-0.066417
-2.559764
-0.747783
1.514980
-0.873634
0.885895
3.888437
1.349619
0.305176
0.776223
-1.656839
-1.589400
1.966442
-1.270941
-1.888616
0.583104
-1.731089
-1.850639
1.243523
-0.121253
-0.786441
3.333943
2.249309
0.091961
0.622443
-0.706230
-2.662284
0.825099
0.001192
-2.896105
0.099966
-0.938688
-2.553974
0.245060
0.993865
-1.408202
1.992328
3.350803
0.548533
0.396967
0.279801
-2.394063
-0.441585
1.480920
-2.592802
-0.917060
0.356606
-2.436638
-1.005786
1.571008
-0.760896
0.431538
3.809077
1.437664
0.021117
0.547341
-1.664843
-2.199241
1.682384
-1.186473
-2.335480
0.383002
-1.787118
-2.212695
0.917060
-0.053985
-1.043252
3.210306
2.638953
0.194992
0.613928
-0.312499
-2.480745
0.848430
0.511238
-2.813339
-0.014816
-0.642027
-2.686637
0.012091
1.209293
-1.408884
1.643896
3.466095
0.614439
0.208616
0.350305
-2.314023
-0.920296
1.603365
-2.348082
-1.079866
0.470706
-2.161775
-1.102005
1.415866
-0.776904
0.045129
3.689698
1.748630
0.105245
0.748123
-1.274518
-2.311468
1.497098
-0.845364
-2.428123
0.556367
-1.316411
-2.211332
0.962360
0.494548
-0.991310
3.076621
3.004585
0.297512
0.521115
-0.351157
-2.839054
0.251021
0.560284
-2.918073
-0.346218
-0.553983
-2.819811
-0.341620
1.260383
-1.293250
1.330205
3.559760
0.776563
0.285591
0.486714
-2.017191
-1.127550
1.787118
-2.053976
-1.481431
0.428472
-2.149684
-1.545634
1.327821
-0.555175
-0.310796
3.586156
1.998288
-0.008515
0.633853
-1.007148
-2.455371
1.187154
-0.764302
-2.733639
0.401395
-1.201289
-2.297844
0.780651
0.685624
-1.357624
2.551930
2.869708
0.237908
0.346388
-0.144243
-2.586842
0.245060
1.213721
-2.762420
-0.324930
-0.185285
-2.559594
-0.481606
1.479217
-0.908204
1.504932
4.041195
1.312494
0.417233
0.535761
-2.029453
-1.579523
1.782179
-1.762424
-1.533372
0.621591
-2.025706
-1.739434
1.243353
-0.523840
-0.627722
3.505094
2.137423
0.082425
0.874485
-0.710658
-2.452135
1.185281
-0.439712
-2.947705
0.225306
-1.181705
-2.534389
0.565563
0.780310
-1.366649
2.213546
3.023488
0.259876
0.305687
-0.041042
-2.606596
-0.152758
1.183578
-2.845866
-0.711509
-0.096730
-2.638612
-0.751019
1.252719
-1.268046
0.628574
3.670795
1.028606
0.074932
0.416211
-1.906157
-1.920973
1.636914
-1.683916
-1.906667
0.502893
-1.968656
-1.973595
1.206057
-0.164339
-0.691244
3.544603
2.409901
0.256981
0.732115
-0.684091
-2.440725
1.182216
0.137091
-2.644573
0.454869
-0.604051
-2.383845
0.587361
1.237733
-1.053980
2.498286
3.585305
0.741652
0.623124
0.360864
-2.299207
-0.270605
1.426254
-2.621072
-0.947203
-0.004768
-2.669266
-1.087529
1.212699
-1.297678
0.144073
3.533023
1.197542
-0.106267
0.387090
-1.773664
-2.077988
1.565048
-1.414674
-2.083778
0.646966
-1.654284
-1.887935
1.293080
0.049046
-0.916209
3.111873
2.353532
0.082595
0.506639
-0.615631
-2.755948
0.728198
0.159911
-3.060273
-0.129768
-0.834976
-2.839395
-0.010218
0.989948
-1.333952
1.880441
3.417390
0.653267
0.221559
0.234672
-2.612557
-0.851836
1.402923
-2.566406
-1.075608
0.299897
-2.272810
-0.902074
1.504421
-0.888450
0.371422
3.987040
1.741477
0.380448
1.025540
-1.040527
-1.644748
1.946688
-0.858477
-2.167055
0.547682
-1.669100
-2.203158
1.090595
0.369889
-0.984158
3.088031
2.572536
0.109162
0.455890
-0.553983
-2.749307
0.510897
0.391177
-2.987896
-0.112738
-0.569991
-2.690894
-0.135047
1.060622
-1.463720
1.647643
3.560271
0.759023
0.412294
0.481095
-2.308062
-0.979560
1.527412
-2.401216
-1.203503
0.430686
-2.192599
-1.352344
1.349279
-0.739098
0.042404
3.800562
1.770599
0.107459
0.574929
-1.431193
-2.346720
1.455205
-1.207931
-2.714566
0.253916
-1.758337
-2.597741
0.688519
0.222240
-1.283884
2.721548
2.730063
0.145776
0.482627
-0.220026
-2.499478
0.633342
1.012087
-2.591440
-0.116144
-0.235183
-2.444131
-0.047003
1.450266
-1.039335
1.607112
3.846884
1.064198
0.448057
0.694309
-2.038819
-1.081399
1.786096
-2.080372
-1.271282
0.540529
-2.180679
-1.565729
1.347576
-0.736373
-0.448738
3.437144
1.772983
-0.033379
0.502382
-1.366138
-2.626862
1.333952
-0.740290
-2.549887
0.531503
-1.072373
-2.220358
0.842128
0.674554
-1.015152
3.012759
3.121410
0.516347
0.779799
0.039509
-2.625329
0.140156
0.958783
-2.941063
-0.453506
-0.224965
-2.680506
-0.388963
1.409735
-1.268898
1.113926
3.506116
0.833614
-0.146457
0.314883
-2.086333
-1.431704
1.541206
-2.271107
-1.947880
0.132833
-2.491474
-1.926763
1.264811
-0.432730
-0.383173
3.547839
2.082075
0.140667
0.743185
-0.909056
-2.328328
1.546315
-0.011410
-2.429996
0.759193
-0.837360
-2.247095
0.758682
0.694139
-1.258850
2.612386
3.257138
0.476497
0.478710
0.095538
-2.794436

