-0.499146
-2.947705
-2.062321
0.277587
-0.672170
0.014135
1.536608
0.069482
0.475645
1.548188
1.320839
0.054325
1.350812
0.185626
-1.303809
-0.078508
-1.950775
-2.748285
-0.196525
-0.349964
-0.971385
1.173019
0.324590
-0.117677
0.896624
1.162801
-0.119209
0.507661
0.825099
-1.474789
-0.375339
-1.081058
-3.124475
-1.184600
0.207765
-1.162291
0.556878
0.868525
-0.249488
0.779288
1.395770
0.610352
0.215769
1.537970
-0.612736
-0.814199
-0.133855
-2.538136
-2.095699
0.290871
-0.421149
-0.173875
1.546655
0.017881
0.286613
1.157182
0.940732
-0.261579
0.939710
-0.042575
-1.564026
-0.176941
-2.009017
-2.959626
-0.474623
-0.351157
-1.085486
1.023327
0.297172
-0.145776
0.957080
1.433236
0.276906
0.715085
1.180172
-1.319647
-0.301089
-0.854220
-2.881799
-1.065901
0.605753
-0.785419
0.616142
1.214913
-0.105926
0.734670
1.498972
0.697034
0.108651
1.530477
-0.511578
-0.968661
-0.179325
-2.632141
-2.423865
-0.014986
-0.815562
-0.694990
1.130785
-0.147649
-0.002214
0.958783
1.048701
-0.298534
0.891856
0.176600
-1.540865
-0.074080
-1.693113
-2.813850
-0.311307
0.202145
-0.782694
1.267535
0.668253
-0.030313
0.832932
1.241820
0.253064
0.519753
1.197202
-1.237392
-0.509364
-0.799213
-2.983298
-1.491989
0.256811
-0.992162
0.320843
1.117161
-0.331572
0.563690
1.390151
0.687667
-0.263453
1.269749
-0.644411
-1.280989
-0.286273
-2.649341
-2.595186
-0.147649
-0.802449
-0.789847
1.072543
-0.121423
-0.065054
0.977346
1.205036
-0.154972
0.876359
0.207765
-1.504762
-0.177281
-1.654284
-2.981084
-0.761918
-0.103712
-1.163994
0.876018
0.484160
-0.309263
0.683410
1.281159
0.355073
0.494548
1.357453
-1.078503
-0.399011
-0.490291
-2.641508
-1.253741
0.648328
-0.462021
0.572886
1.630272
0.053474
0.824417
1.552616
1.195158
0.257492
1.712016
-0.046832
-0.960827
-0.007493
-2.198219
-2.413307
0.249999
-0.287805
-0.623294
1.338720
0.115803
0.108991
1.075949
1.280648
-0.071355
0.918082
0.586850
-1.552616
-0.175749
-1.287971
-2.863918
-0.803300
0.338043
-0.911951
1.009192
0.779629
-0.122445
0.840255
1.457419
0.494037
0.416381
1.396452
-1.009192
-0.708614
-0.671829
-3.045968
-2.204180
-0.191246
-1.456397
-0.592640
0.825950
-0.690051
-0.152588
0.663996
0.237397
-0.856263
0.640665
-0.606435
-1.601662
-0.305516
-2.433232
-2.730404
-0.023161
-0.180687
-0.540699
1.452139
0.363077
0.264474
1.355580
1.505784
0.299386
1.135043
1.021453
-1.197202
-0.055347
-1.063858
-2.936465
-0.905650
0.181198
-1.134191
0.592811
0.682218
-0.542573
0.543765
1.214572
0.267880
-0.056199
1.134362
-1.134702
-1.017707
-0.492505
-2.832583
-1.731941
0.564711
-0.585488
0.167063
1.757315
0.373806
0.863246
1.763276
1.603024
0.411783
1.755101
0.438520
-0.889301
0.333786
-1.627037
-2.505779
-0.120742
-0.251361
-0.989097
1.134362
0.219856
-0.169107
0.768048
1.061814
-0.328677
0.386749
0.623635
-1.765490
-0.758682
-1.394919
-3.382478
-1.472405
0.002554
-1.184089
0.432049
0.692776
-0.498295
0.375169
1.115629
0.384705
-0.088555
1.253741
-0.958613
-1.062666
-0.481946
-2.833775
-2.189193
0.279801
-0.737224
-0.291722
1.452991
0.061478
0.419276
1.309599
1.210315
0.006131
1.233986
0.098773
-1.578161
-0.171150
-1.901558
-2.868857
-0.485863
-0.271797
-1.204695
0.910248
0.261579
-0.227349
0.886066
1.421486
0.121253
0.620910
1.147985
-1.149007
-0.140667
-0.658035
-2.682379
-0.912121
0.655821
-0.734329
0.795296
1.415866
0.026907
0.841618
1.594509
0.979730
0.220367
1.640490
-0.375339
-0.823225
-0.050579
-2.485173
-2.456222
0.061478
-0.610181
-0.608649
1.094852
-0.343834
-0.124148
0.739098
0.571353
-0.664336
0.522648
-0.225646
-1.972062
-0.641176
-2.058915
-3.185953
-0.911270
-0.288316
-1.311472
0.910418
0.492675
-0.084639
1.116991
1.619203
0.513451
0.753403
1.437664
-0.970534
-0.264815
-0.561305
-2.794266
-1.333441
0.621421
-0.819479
0.295639
1.145431
-0.194141
0.423874
1.201289
0.710998
-0.167063
1.154968
-0.620740
-1.259361
-0.220878
-2.559253
-2.791030
-0.149693
-0.721727
-0.828845
1.188006
-0.010729
0.004428
1.047850
1.120908
-0.110354
1.034226
0.699077
-1.334974
0.055007
-1.196521
-2.729382
-0.436136
0.482627
-0.667402
1.183578
0.974962
-0.092643
0.845705
1.259531
0.326804
0.128746
1.158714
-1.129423
-0.605583
-0.887769
-3.148488
-1.977171
0.054325
-1.005105
-0.126192
1.138278
-0.435114
0.236205
1.204695
0.887598
-0.189543
1.238585
-0.359842
-1.335485
-0.138794
-2.237899
-2.552101
0.112397
-0.153780
-0.596728
1.569816
0.418084
0.408718
1.513958
1.818282
0.384876
1.201289
1.247270
-1.098599
0.075272
-1.050574
-2.896445
-0.806366
0.067268
-1.208271
0.579187
0.632150
-0.517368
0.399011
1.047679
0.049898
-0.207935
0.919615
-1.385553
-1.218660
-0.752722
-3.160409
-2.182041
0.072718
-0.903436
-0.219175
1.196010
-0.196525
0.282356
1.140833
0.996419
-0.081403
1.485688
0.380959
-1.130274
0.161954
-1.718657
-2.511910
-0.093324
-0.025545
-0.636918
1.476833
0.416381
0.001362
1.089743
1.367160
-0.064714
0.478370
0.610862
-1.818282
-0.786100
-1.508508
-3.456048
-1.513447
-0.121253
-1.492671
0.198228
0.677449
-0.507661
0.454358
1.240798
0.661101
0.262260
1.628569
-0.557048
-0.578676
0.054836
-2.265658
-1.816409
0.550747
-0.270775
0.031165
1.701287
0.260387
0.540359
1.423529
1.145942
0.012262
1.202651
0.188862
-1.457589
-0.193800
-1.973084
-3.125838
-0.696182
-0.373125
-1.355069
0.755446
0.071185
-0.645093
0.419106
0.964744
-0.255108
0.098603
0.741993
-1.578161
-0.660419
-1.003742
-3.071683
-1.250165
0.480754
-0.857796
0.696012
1.360348
0.114611
1.000677
1.740285
1.166548
0.415189
1.885039
-0.277417
-0.893048
0.090599
-2.248968
-2.148662
0.327315
-0.492164
-0.456061
1.295975
-0.172002
-0.069482
0.846045
0.838212
-0.506980
0.738927
0.185115
-1.712867
-0.452995
-1.887253
-3.243174
-0.841618
-0.274863
-1.282862
0.918593
0.611714
-0.035422
1.070670
1.531499
0.455379
0.615631
1.465252
-0.879594
-0.069993
-0.237226
-2.528770
-1.187665
0.838893
-0.575440
0.466790
1.415866
-0.104564
0.563008
1.312494
0.761918
-0.072036
1.389810
-0.570331
-1.517194
-0.386068
-2.651044
-2.873455
-0.303643
-0.704527
-0.819819
1.165186
-0.009366
-0.038488
1.049212
1.287460
0.034571
0.931706
0.678301
-1.399347
-0.127043
-1.358645
-2.834967
-0.403609
0.365291
-0.851325
1.216446
1.065050
0.092302
1.017196
1.542739
0.534909
0.327996
1.297849
-1.014982
-0.682218
-0.545297
-2.987725
-2.207756
-0.093494
-1.313175
-0.460829
0.864267
-0.602348
0.110183
0.870568
0.465257
-0.515665
1.089232
-0.352859
-1.426084
-0.040701
-2.094678
-2.603531
0.022650
-0.139645
-0.532355
1.573733
0.480243
0.361715
1.327651
1.491308
0.310455
0.976494
1.055173
-1.320669
-0.222240
-1.088551
-2.856765
-0.825269
0.381981
-1.046317
0.661271
0.719173
-0.314542
0.619888
1.348427
0.433241
0.054836
1.119716
-1.254763
-1.048361
-0.624997
-3.001349
-2.115454
0.255108
-0.840766
-0.260557
1.363754
-0.298875
0.248466
1.315389
1.127890
-0.020095
1.524006
0.407866
-0.990970
0.236545
-1.771961
-2.645084
-0.132493
-0.228030
-0.794445
1.409735
0.536101
0.002384
0.902414
1.139981
-0.210660
0.356606
0.583104
-1.705204
-0.605413
-1.203503
-3.267186
-1.422848
0.033038
-1.272985
0.292233
0.708784
-0.341790
0.544446
1.287120
0.452484
0.050408
1.353707
-0.840085
-1.073054
-0.372955
-2.642189
-2.108642
0.342982
-0.543594
-0.146457
1.525538
0.004939
0.509364
1.437834
1.254252
0.032697
1.286439
0.210660
-1.376186
-0.153269
-1.965931
-3.017698
-0.546319
-0.257322
-1.196180
0.975302
0.347069
-0.211000
0.807898
1.374824
0.195674
0.583104
1.227004
-1.100472
-0.184604
-0.622272
-2.727679
-1.105070
0.505107
-0.856604
0.729220
1.267706
0.034230
0.804833
1.593317
0.787803
0.174216
1.638787
-0.331402
-0.917401
-0.129257
-2.485684
-2.308914
0.123978
-0.738416
-0.549385
1.163312
-0.289849
-0.118528
0.709806
0.775712
-0.465768
0.771965
0.072036
-1.685279
-0.269924
-1.911436
-3.162282
-0.652415
0.040531
-1.009021
1.084294
0.660930
-0.006982
0.986201
1.506295
0.394753
0.457253
1.178980
-1.285587
-0.503915
-0.682388
-2.862896
-1.469851
0.301600
-1.100302
0.185966
1.148156
-0.366143
0.332424
1.248973
0.776563
-0.099625
1.438345
-0.373806
-1.119205
-0.160081
-2.363239
-2.348423
0.134366
-0.440053
-0.534909
1.484837
0.235523
0.241314
1.217638
1.278605
0.042745
1.077993
0.726155
-1.243864
0.219856
-1.147475
-2.674886
-0.375169
0.475475
-0.811304
1.184259
0.877551
-0.095367
0.968661
1.284736
0.275033
0.259025
1.094682
-1.371588
-0.920296
-0.816413
-3.106594
-1.978023
0.056369
-1.136405
-0.004257
1.019750
-0.433581
0.268561
1.070159
0.656503
-0.273670
1.230921
-0.452144
-1.336847
-0.212703
-2.391849
-2.691746
0.003236
-0.462191
-0.738076
1.326799
0.288316
0.300237
1.331908
1.467466
0.105926
0.970023
0.685964
-1.423189
-0.162465
-1.308748
-2.947365
-0.809431
0.136409
-1.101494
0.730923
0.631469
-0.324590
0.670808
1.236541
0.317267
0.157697
1.232965
-1.116991
-0.791550
-0.459807
-2.932549
-1.947199
0.421490
-0.563179
0.420468
1.655987
0.127384
0.676598
1.501867
1.207590
0.169277
1.451458
0.044789
-1.034396
0.108140
-2.045802
-2.465759
0.021287
-0.264474
-0.816243
1.262597
0.137431
-0.027759
0.939710
1.199927
-0.101158
0.683069
0.638451
-1.811641
-0.536782
-1.417569
-3.250326
-1.116140
0.100987
-1.270090
0.550236
0.715767
-0.278098
0.734670
1.313175
0.488758
0.226668
1.393897
-0.827994
-0.637429
-0.227349
-2.721548
-1.852683
0.332253
-0.877721
-0.140156
1.388959
-0.130619
0.333616
1.165867
0.866141
-0.199931
1.110690
-0.158719
-1.547847
-0.146117
-2.103022
-2.884695
-0.205381
-0.155313
-0.749486
1.229899
0.283207
0.048365
1.016004
1.277413
0.075953
0.850133
1.012768
-1.333100
-0.182731
-1.037121
-2.825260
-0.926256
0.536272
-0.759874
0.801768
1.270090
-0.131130
0.820841
1.644577
0.844172
0.235523
1.483134
-0.774009
-0.922339
-0.452655
-2.829347
-2.249479
0.091110
-0.855242
-0.451122
1.262086
-0.222581
0.184945
1.028265
0.922850
-0.304835
1.127550
0.057561
-1.352344
0.005790
-1.811811
-2.841439
-0.360012
-0.158378
-0.919785
1.298189
0.465938
-0.072718
1.094852
1.281840

