-0.570161
0.383343
0.841788
1.833439
0.871420
-1.643215
-0.588894
0.873123
-0.247955
1.107795
0.880616
-1.212358
-1.326629
-1.179661
-2.296312
-1.309769
0.418936
0.655140
1.720190
1.393557
-1.165867
-1.635722
0.594173
-0.312669
-0.037295
0.746591
-1.065390
-1.744202
-1.221895
-1.928806
-1.923868
0.009877
0.326123
1.140663
1.735687
-0.145095
-1.911776
0.097922
0.498295
-0.151396
1.124995
-0.247444
-1.662459
-1.250676
-1.440048
-2.267872
-0.340428
0.730753
1.035929
2.032348
1.214402
-1.569816
-0.737735
0.709976
-0.537123
0.555515
0.417743
-1.484667
-1.650538
-1.460143
-2.474274
-1.537630
0.149863
0.342301
1.464401
1.420804
-0.911440
-1.602173
0.612225
-0.090769
0.020947
1.023837
-0.810283
-1.583270
-1.052959
-1.819474
-1.854556
0.165531
0.584296
1.339742
2.056020
0.232118
-1.813173
0.107799
0.692776
-0.074591
1.349109
0.067098
-1.513447
-1.202481
-1.450266
-2.405473
-0.685794
0.425747
0.642368
1.688004
0.964063
-1.790013
-1.181875
0.640154
-0.562838
0.369889
0.614098
-1.415014
-1.595531
-1.237052
-2.243689
-1.384360
0.418936
0.574929
1.550572
1.810789
-0.597239
-1.567943
0.735862
0.239781
0.073739
1.077141
-0.614439
-1.632656
-1.184089
-1.813514
-2.183403
-0.061308
0.658546
1.153435
1.879760
0.294958
-2.001354
-0.360182
0.284399
-0.439542
1.078163
0.098263
-1.704182
-1.319817
-1.493863
-2.603190
-1.095533
0.186137
0.476156
1.565899
1.038143
-1.536097
-1.268387
0.667402
-0.550577
0.316075
0.746420
-1.346554
-1.647643
-1.415695
-2.145938
-1.623290
0.213725
0.516176
1.269920
1.492671
-0.673362
-1.821518
0.429153
0.076464
-0.246423
0.983477
-0.631809
-1.657861
-1.078163
-1.630783
-2.000672
-0.065225
0.764813
1.338720
2.082416
0.900541
-1.424040
0.200101
1.066072
0.045640
1.248973
0.511238
-1.293080
-1.057386
-1.088551
-2.034221
-0.736032
0.670637
0.824417
1.953159
1.401561
-1.334122
-1.238755
0.866481
-0.152588
0.457764
0.968150
-1.149348
-1.574755
-1.255614
-2.071857
-1.614264
0.335830
0.677790
1.361881
1.800401
-0.363759
-1.731430
0.455209
0.432559
-0.059945
1.271623
-0.387600
-1.629761
-1.228367
-1.688344
-2.222231
-0.356265
0.496932
0.842128
1.521111
0.085660
-2.462012
-1.070159
0.072207
-1.068796
0.286954
-0.219175
-2.111878
-1.900196
-1.676934
-2.706732
-1.311643
0.198058
0.532866
1.754931
1.459122
-0.961678
-1.315389
0.743866
-0.006301
0.555175
1.205036
-0.664507
-1.275369
-1.038483
-1.928806
-1.718317
0.339065
0.559943
1.464060
1.890489
-0.188180
-1.874481
0.167234
0.088555
-0.294447
1.095704
-0.412975
-1.804318
-1.417569
-1.786777
-2.477169
-0.447886
0.489439
1.122952
2.192770
0.960997
-1.489094
-0.318119
1.086678
0.054325
1.282522
1.064028
-0.867333
-0.985009
-0.929492
-1.939024
-0.860521
0.781843
0.828845
1.809767
1.532180
-1.051256
-1.607452
0.574248
-0.290019
-0.055688
0.762258
-1.250505
-1.796825
-1.343318
-2.182722
-2.215760
-0.089407
0.284910
0.988586
1.654455
-0.106096
-2.028602
-0.179155
0.151566
-0.635386
0.796318
-0.403268
-1.883166
-1.477173
-1.752206
-2.539328
-0.793934
0.306708
0.746250
1.907349
0.891175
-1.674039
-0.755276
0.815221
-0.283548
0.767197
0.718151
-1.227685
-1.335314
-1.226664
-2.404962
-1.453842
0.376701
0.606435
1.466785
1.551594
-0.924894
-1.683576
0.576292
-0.064543
0.051090
1.173360
-0.823906
-1.590252
-1.057386
-1.632145
-1.764979
0.207594
0.723771
1.354047
1.997948
0.306708
-1.642193
0.200442
0.816924
-0.068120
1.340083
0.243698
-1.536778
-1.155649
-1.313686
-2.173356
-0.542913
0.670467
0.739098
1.814025
1.171998
-1.638957
-1.280989
0.468663
-0.585147
0.282356
0.313350
-1.647302
-1.871245
-1.685960
-2.672843
-2.131462
-0.142029
0.212703
1.108646
1.416717
-0.864097
-1.782179
0.531333
0.146287
0.080381
1.194988
-0.517198
-1.483815
-1.064369
-1.547847
-1.928806
-0.057731
0.647817
1.228877
2.132995
0.480924
-1.886572
-0.302792
0.654289
-0.465427
0.904799
0.115974
-1.649857
-1.532521
-1.520770
-2.308232
-0.893559
0.399351
0.494208
1.604898
1.048361
-1.564537
-1.290696
0.753573
-0.328507
0.399011
0.774520
-1.301425
-1.590763
-1.116650
-2.071687
-1.538822
0.488247
0.827312
1.597745
1.968827
-0.206743
-1.692772
0.499487
0.214917
-0.024182
1.094001
-0.406163
-1.729727
-1.229559
-1.675231
-2.185787
-0.587872
0.341279
0.956740
1.794100
0.574078
-1.901048
-0.520604
0.457082
-0.611544
0.779118
0.312499
-1.493863
-1.423189
-1.448904
-2.403770
-1.073565
0.396967
0.641346
1.908200
1.534224
-1.039505
-1.124314
0.860350
0.043767
0.638110
1.328673
-0.807047
-1.312835
-0.771114
-1.762084
-1.549380
0.364951
0.672511
1.468658
1.743010
-0.320843
-2.018894
0.139305
0.034911
-0.580890
0.827312
-0.634534
-1.937151
-1.575606
-1.925911
-2.600125
-0.703675
0.142881
0.613076
1.570668
0.612395
-1.868350
-0.696012
0.781502
-0.339065
0.831911
0.491483
-1.436983
-1.328843
-1.108817
-2.279963
-1.095363
0.706400
0.807047
1.846041
1.750163
-0.715767
-1.282862
0.714234
-0.168937
0.279120
1.108646
-1.022135
-1.718146
-1.343148
-2.255269
-2.278941
-0.273160
0.139815
0.873974
1.482282
-0.407015
-2.274684
-0.156334
0.207084
-0.458275
0.963892
-0.158037
-1.572541
-1.100642
-1.387937
-2.008166
-0.225306
0.970023
1.245396
2.179997
1.381976
-1.346384
-0.587702
0.989437
-0.219515
0.822714
0.603710
-1.301936
-1.520259
-1.328843
-2.366134
-1.559087
0.326974
0.357798
1.392024
1.462698
-1.076630
-1.949412
0.200953
-0.547511
-0.430346
0.721557
-1.167059
-2.024003
-1.457078
-2.107620
-2.361025
-0.220026
0.362567
1.109838
1.974787
0.319992
-1.670122
0.118358
0.805684
0.001873
1.318795
0.395434
-1.285587
-0.861713
-1.150540
-2.145938
-0.514133
0.751870
0.892537
1.852512
1.087870
-1.572200
-1.179150
0.635556
-0.474623
0.355925
0.574418
-1.557555
-1.820666
-1.479898
-2.461161
-1.969337
0.061478
0.297853
1.350982
1.446009
-0.788655
-1.869202
0.418595
0.163998
0.003917
1.228707
-0.487907
-1.500334
-0.974451
-1.460314
-1.729897
0.174386
0.844172
1.412800
2.330712
0.754595
-1.618692
-0.103882
0.754254
-0.308582
0.962530
0.118187
-1.592125
-1.329354
-1.588890
-2.628735
-1.162631
0.238929
0.412634
1.422167
0.959124
-1.551935
-1.445327
0.604902
-0.404801
0.347410
0.961338
-1.040016
-1.610858
-1.184940
-2.080883
-1.675231
0.330891
0.754254
1.740285
1.925911
-0.286613
-1.655306
0.519753
0.408036
-0.033719
1.290866
-0.230585
-1.560790
-1.207250
-1.620735
-2.200093
-0.312328
0.460829
0.711679
1.607793
0.290360
-2.217974
-0.873293
0.260728
-0.728028
0.460148
-0.092813
-1.884358
-1.641342
-1.578161
-2.540691
-1.149518
0.386238
0.579868
1.883677
1.660756
-0.872442
-0.993354
0.977857
0.047854
0.444310
1.053299
-0.779799
-1.423189
-0.880957
-1.826797
-1.782860
0.264304
0.616993
1.399858
1.920462
-0.175408
-1.944304
0.087534
0.268732
-0.404119
1.048190
-0.403779
-1.823221
-1.470872
-1.929488
-2.475807
-0.550577
0.277758
0.663144
1.729556
0.643730
-1.856089
-0.640324
0.686986
-0.302621
1.017196
0.621591
-1.427616
-1.322031
-1.080377
-2.063172
-0.958954
0.799894
0.890664
1.936981
1.555000
-1.018218
-1.569475
0.620570
-0.246934
-0.006812
0.899349
-1.008511
-1.725980
-1.411608
-2.250501
-2.385718
-0.220707
0.140497
0.908715
1.663480
-0.089748
-2.072198
-0.127895
0.294106
-0.569310
0.795977
-0.480584
-1.778943
-1.286098
-1.494714
-2.351318
-0.554834
0.567266
0.829697
1.850980
1.002550
-1.546655
-0.741822
0.895602
-0.105926
0.905820
0.711509
-1.324075
-1.534564
-1.344000
-2.328839
-1.538311
0.299045
0.532866
1.472575
1.501186
-1.031160
-1.807553
0.453506
-0.117166
-0.069141
1.092979
-0.776223
-1.671314
-1.053640
-1.713889
-1.911266
0.187840
0.753232
1.263959
1.986878
0.301089
-1.648494
0.097922
0.817435
-0.097581
1.324926
0.076464
-1.502207
-1.097747
-1.271112
-2.307551
-0.703846
0.518560
0.757830
1.733303
0.905991
-1.665013
-1.245226
0.503915
-0.639813
0.205551
0.393220
-1.671314
-1.878738
-1.618692
-2.547503
-1.808064
-0.007834
0.322035
1.388107
1.646110
-0.713893
-1.809597
0.459467
0.085490
-0.037977
1.252549
-0.453166
-1.581056
-1.137427
-1.811811
-2.158880
-0.123296
0.552620
1.076630
1.831225
0.240632
-1.941408
-0.221389
0.481776
-0.583955
0.866481
0.063862
-1.673698
-1.318284
-1.341786
-2.286264
-0.817435
0.585488
0.820160
1.844168
1.182216
-1.492500
-1.105751
0.911440
-0.207084
0.577824
0.983136
-0.982285
-1.443454
-1.034055
-1.944474
-1.348938
0.554834
0.742844
1.750844
2.083438
-0.259876
-1.514299
0.686475
0.238078
0.000511
0.973088
-0.661952
-1.799720
-1.352344
-1.938002
-2.415691
-0.313010
0.381129
0.661612
1.507827
0.161273
-2.189875
-0.785760
0.394072
-0.546660
0.754935
0.155994
-1.643215
-1.482623
-1.650197
-2.636569
-1.209123
0.273160
0.543083
1.830203
1.383679
-1.241990
-1.257999
0.846386
-0.157016
0.465427
1.033374
-1.009362
-1.431533
-1.025711
-1.917737
-1.627377
0.346558
0.572886
1.306704
1.701798
-0.379596
-1.889808
0.248296
0.208957
-0.282185
0.927278
-0.618526
-1.859495
-1.404456
-1.798017
-2.330882
-0.186477
0.482798
0.855071
1.956224
0.869036
-1.476662
-0.255448
0.977516
-0.121593
1.131126
0.685113
-1.165356
-1.262767
-1.138278
-2.160754
-0.979389
0.527075
0.752040
1.827649
1.489094
-1.199245
-1.418080
0.606775
-0.259536
0.146117
0.862564
-1.164164
-1.714059
-1.299892
-2.387421
-2.142361
-0.051771
0.252042
1.021113
1.624141
-0.490802
-2.148492
0.042064
0.223773
-0.253405
1.018899
-0.331061
-1.651389
-1.208101
-1.555341
-2.167736
-0.263793
0.634704
1.010724
1.901899
0.712361
-1.820496
-0.643219
0.624146
-0.550236
0.611544
0.299556
-1.552616
-1.580545
-1.348768
-2.399853
-1.296997
0.333956
0.468663
1.565388
1.432555
-1.003742
-1.562834
0.595536
-0.168255
0.083106
0.900200
-1.085486
-1.636914
-1.198735
-1.910244
-1.824413
0.137772
0.752381
1.492330
2.087866
0.252383
-1.703841
0.445162
0.531844
-0.096389
1.366138
0.021458
-1.660756
-1.256636
-1.583440
-2.381631
-0.659057
0.483990
0.835487
1.769747
0.788655
-1.863752
-0.924213
0.643390
-0.483479
0.548533
0.468833
-1.513106
-1.537800
-1.375335
-2.227340
-1.405818
0.344004
0.529800
1.453502
1.465082
-0.941583
-1.542739
0.641005
-0.083106
0.221048
0.955718

