1.411268
0.388452
0.049216
1.087700
1.405648
0.185966
0.794615
1.100642
-1.175404
-0.095197
-1.080036
-2.991813
-1.148326
0.100987
-1.235179
0.538996
0.918593
-0.261409
0.593151
1.282181
0.396626
-0.010048
1.291718
-0.847237
-0.911951
-0.201634
-2.584628
-1.995053
0.317948
-0.641516
-0.185285
1.408884
-0.004428
0.297172
1.147304
0.991481
-0.218834
1.136405
0.078338
-1.605579
-0.273160
-2.015148
-2.994367
-0.527927
-0.195674
-1.118353
1.013109
0.316756
-0.120231
0.879594
1.333611
0.184093
0.433070
0.893559
-1.447712
-0.476497
-0.975983
-3.160238
-1.306534
0.318629
-1.029798
0.478881
1.191582
-0.154631
0.688689
1.435450
0.869547
0.174897
1.582248
-0.432219
-0.925405
0.017541
-2.463205
-2.225297
0.155142
-0.573226
-0.431367
1.477344
0.130960
0.208105
1.094171
1.043592
-0.204870
1.069307
0.429835
-1.404796
-0.146457
-1.703671
-2.931356
-0.638791
0.070163
-1.073735
1.016004
0.579017
-0.229222
0.811986
1.301084
0.181879
0.364270
1.138278
-1.274007
-0.647647
-0.842639
-3.157173
-1.682724
0.239951
-0.965595
0.124999
1.109498
-0.240292
0.549725
1.216786
0.789506
-0.098603
1.280648
-0.440563
-1.188346
-0.058923
-2.353873
-2.565384
-0.149012
-0.683240
-0.821352
1.323223
0.076975
0.060116
1.166037
1.390151
0.043086
0.900030
0.686135
-1.348257
-0.122615
-1.315730
-2.940042
-0.589745
0.175408
-1.056365
0.859499
0.711509
-0.221900
0.659738
1.311643
0.341620
0.234161
1.412971
-0.912292
-0.549214
-0.369889
-2.812488
-1.832758
0.443969
-0.741822
0.249488
1.313005
-0.274181
0.444821
1.177958
0.712020
-0.331572
1.217467
-0.138453
-1.411097
-0.215428
-2.177273
-2.649001
-0.105585
-0.216109
-0.729901
1.416547
0.398840
0.204359
1.251016
1.505613
0.270775
0.829697
0.797340
-1.481090
-0.361034
-1.259191
-3.228188
-1.148156
0.121593
-1.279967
0.511067
0.876869
-0.284229
0.619718
1.238925
0.496081
0.174897
1.331227
-0.832592
-0.743525
-0.266177
-2.691746
-2.143894
0.159740
-0.865119
-0.268561
1.353877
-0.041383
0.385216
1.290696
1.050064
-0.202656
1.120056
0.025885
-1.357794
0.063522
-1.908541
-2.822365
-0.027418
0.083276
-0.809601
1.284054
0.514644
-0.110865
0.844683
1.247951
0.100817
0.558751
0.962870
-1.524517
-0.643900
-1.021113
-3.069810
-1.375846
0.377893
-0.847067
0.580720
1.180683
-0.104564
0.860180
1.459633
0.758682
0.243528
1.553127
-0.582593
-0.999655
-0.090769
-2.418756
-2.074753
0.201464
-0.651223
-0.402076
1.458951
0.084298
0.325441
1.357283
1.209974
-0.060797
1.073735
0.257322
-1.506805
-0.021458
-1.655476
-3.005607
-0.639813
-0.209127
-1.172509
0.962700
0.470706
-0.265326
0.745399
1.211677
0.214406
0.367165
1.231773
-1.324926
-0.430516
-0.555686
-2.818108
-1.421315
0.398840
-0.979560
0.442777
1.176255
-0.147309
0.558070
1.353366
0.731604
-0.068460
1.407181
-0.487566
-1.272644
-0.242506
-2.341100
-2.296482
0.206062
-0.377723
-0.501531
1.312154
0.033889
0.111546
1.044273
1.239266
-0.095367
0.989097
0.493186
-1.514299
-0.180347
-1.602173
-3.142868
-0.840425
0.059775
-1.038143
0.895262
0.802449
-0.065735
0.939880
1.405988
0.417062
0.285932
1.287631
-1.118013
-0.423363
-0.270946
-2.662795
-1.697370
0.348091
-0.788484
0.097581
1.320669
-0.153610
0.468152
1.280819
0.848600
-0.101158
1.163823
-0.230415
-1.289334
-0.182050
-2.253056
-2.614771
-0.020095
-0.256470
-0.739438
1.438516
0.344174
0.036274
1.010895
1.221384
0.149352
0.863246
0.840425
-1.385212
-0.213214
-1.332419
-2.994878
-0.898668
0.382662
-0.899179
0.885895
1.074927
-0.034571
0.906501
1.476662
0.662293
0.201804
1.449926
-0.965425
-0.791550
-0.435795
-2.840076
-1.974446
0.083447
-0.958783
-0.262942
1.272304
-0.176430
0.388793
1.350301
1.100131
-0.124999
1.232965
0.123807
-1.259872
-0.002044
-1.813854
-2.701112
-0.217983
-0.261920
-0.930684
1.273155
0.359501
-0.080892
0.887939
1.268387
0.043597
0.600474
0.862394
-1.367331
-0.226838
-1.004934
-3.042051
-1.169954
0.408888
-0.972237
0.556707
1.010384
-0.194481
0.628403
1.402923
0.593662
0.092302
1.441411
-0.831570
-1.084975
-0.397478
-2.833264
-2.376522
0.108140
-0.768900
-0.367505
1.344340
-0.057391
0.186988
1.144069
1.090254
-0.350305
0.957251
0.077145
-1.599789
-0.142370
-1.893384
-3.013441
-0.442607
-0.025204
-1.050915
0.954696
0.451633
-0.062670
0.982114
1.572541
0.440053
0.575781
1.060622
-1.344170
-0.420298
-0.670637
-2.860342
-1.352685
0.413486
-0.944989
0.380107
1.057727
-0.280993
0.514473
1.274518
0.661782
-0.028270
1.426084
-0.542402
-1.003061
-0.174046
-2.650533
-2.463205
0.220537
-0.470195
-0.331913
1.469510
0.156334
0.210319
1.094512
1.179661
-0.151566
0.963552
0.394242
-1.532010
-0.076464
-1.498461
-2.964905
-0.539337
0.155653
-0.969342
1.075779
0.579527
-0.213555
0.911100
1.350301
0.340087
0.466279
1.294102
-1.232965
-0.641346
-0.729901
-2.925396
-1.700946
0.170129
-1.047339
0.090769
1.188006
-0.246082
0.447205
1.374994
0.798873
-0.102350
1.416036
-0.221729
-0.985520
-0.015497
-2.264466
-2.441406
0.075953
-0.491823
-0.602518
1.385382
0.168766
0.187159
1.110179
1.177107
-0.114952
0.860691
0.523158
-1.463549
-0.100817
-1.388788
-2.909728
-0.647647
0.287976
-0.939369
1.054151
0.799383
-0.277076
0.686475
1.347576
0.293425
0.247615
1.334633
-1.168081
-0.783716
-0.753403
-2.989599
-1.863071
0.191075
-0.943797
0.155824
1.371758
-0.114271
0.636407
1.388448
0.976835
-0.001873
1.344851
-0.224284
-1.283543
-0.184434
-2.060107
-2.525534
0.064373
-0.376190
-0.880616
1.214061
0.155653
0.101158
1.215254
1.350641
0.155824
0.972918
0.851836
-1.363754
-0.209808
-1.337528
-3.017528
-0.904458
0.249318
-1.044614
0.848089
0.821522
-0.305346
0.651564
1.269068
0.260557
0.047173
1.300062
-0.989437
-0.652756
-0.458785
-2.898659
-1.904113
0.361545
-0.692776
-0.006471
1.561131
0.088215
0.387090
1.332079
0.965595
-0.149182
1.236371
-0.153780
-1.289504
-0.017881
-2.074071
-2.676078
-0.117506
-0.252383
-0.923020
1.166889
0.245401
0.096389
1.272815
1.455035
0.059434
0.798362
0.741652
-1.698732
-0.517539
-1.314197
-3.127881
-1.108476
0.258003
-1.075097
0.580209
0.818287
-0.448738
0.565222
1.253230
0.491142
0.088726
1.466274
-0.686816
-0.663655
-0.185626
-2.610683
-2.016510
0.349454
-0.828334
-0.033379
1.443624
0.024523
0.481435
1.241820
0.954526
-0.095367
1.321690
0.078848
-1.388788
-0.108651
-2.012423
-2.895083
-0.315053
-0.208787
-0.923531
1.129763
0.235353
-0.141008
0.803811
1.174041
-0.218153
0.440904
0.897987
-1.414163
-0.417914
-1.091446
-3.005607
-1.208782
0.308241
-1.134191
0.585318
1.169103
-0.117677
0.903096
1.680510
0.851154
0.229222
1.405818
-0.932217
-1.067775
-0.290360
-2.703326
-2.199922
0.215769
-0.775031
-0.459637
1.225471
-0.244379
0.102009
1.176425
0.991651
-0.058242
1.267706
0.263963
-1.378230
-0.127724
-1.900707
-2.877031
-0.425407
-0.057220
-0.830889
1.202481
0.505277
-0.041723
1.029457
1.281159
-0.001022
0.483479
1.137427
-1.312835
-0.245571
-0.808920
-2.884354
-1.256807
0.420638
-1.006126
0.450271
1.140663
-0.206402
0.520093
1.158374
0.537974
-0.025545
1.170976
-0.916549
-1.216275
-0.382151
-2.679655
-2.397810
0.097241
-0.649691
-0.436987
1.420634
0.073058
0.372274
1.381125
1.310110
0.017030
1.300062
0.452484
-1.386915
-0.094516
-1.560620
-2.804654
-0.399351
-0.029291
-0.989267
1.153435
0.552280
-0.202996
0.826291
1.418761
0.166042
0.435795
1.318284
-1.145942
-0.358309
-0.704357
-2.935273
-1.416547
0.364270
-0.932387
0.392199
1.180342
-0.196866
0.638110
1.247781
0.649691
0.001192
1.352685
-0.530992
-1.117332
-0.072888
-2.489941
-2.480234
0.259706
-0.388111
-0.434433
1.525538
0.137091
0.184264
1.143217
1.132488
-0.205040
0.945500
0.490120
-1.499993
-0.160422
-1.637254
-3.008161
-0.545468
-0.045129
-1.056705
1.067434
0.685964
-0.083447
1.007148
1.465252
0.315564
0.392369
1.274177
-1.227174
-0.618526
-0.580379
-2.935614
-1.606430
0.413827
-1.026051
0.127895
1.273155
-0.031505
0.731434
1.445157
0.900371
0.016008
1.460314
-0.281845
-1.127209
-0.060797
-2.332245
-2.526045
-0.156675
-0.513111
-0.693117
1.353707
0.119890
-0.035082
1.001358
1.195839
-0.183582
0.748975
0.533717
-1.554830
-0.105415
-1.269068
-2.902065
-0.660930
0.286613
-0.967639
1.071521
0.903947
-0.056539
0.925064
1.466955
0.534569
0.521455
1.459973
-1.028946
-0.747272
-0.595706
-2.827644
-1.795632
0.448568
-0.746591
0.151566
1.353025
-0.137942
0.436476
1.182386
0.735862
-0.248126
1.214402
-0.370741
-1.471043
-0.361885
-2.601828
-2.879926
-0.365462
-0.588213
-0.990799
1.192263
0.292574
-0.053644
1.105070
1.345192
0.101158
0.763961
0.741482
-1.190901
0.146457
-1.057216
-2.939190
-0.857115
0.223092
-1.093319
0.497103
0.821522
-0.140837
0.666721
1.294613
0.401735
0.141518
1.242501
-1.023156
-0.911781
-0.497614
-2.876180
-1.974617
0.247785
-0.864949
-0.094686
1.217808
-0.203848
0.235353
1.081058
0.853539
-0.226157
1.218489
0.016178
-1.446520
-0.174386
-2.153431
-2.792903
-0.116144
-0.169618
-0.743525
1.409735
0.381470
0.069312
1.162631
1.506976
0.169277
0.737224
1.038824
-1.342467
-0.212193
-0.988586
-3.084455
-1.152754
0.219686
-1.141003
0.584466
0.863246
-0.309944
0.658206
1.294953
0.418425
0.018222
1.273155
-0.888280
-0.992502
-0.233310
-2.615111
-2.186980
0.273160
-0.711339
-0.164509
1.492841
-0.018733
0.443969
1.314197
1.178810
0.059434
1.281840
0.252213
-1.321690
-0.138283
-1.845871
-2.786602
-0.178133
0.170640
-0.826120
1.314878
0.443459
-0.099284
0.796999
1.314538
0.219345
0.632320
0.966447
-1.483474
-0.568288
-1.113926
-3.319127
-1.517534
0.193971
-1.040867
0.509364
1.137597
-0.179495
0.756468
1.538140
0.725303
0.103031
1.560620
-0.606264
-1.013960
-0.216280
-2.476658
-2.131632
0.191075
-0.566244
-0.325952
1.449074
0.080211
0.205040
1.230580
1.134021
-0.020606
1.162461
0.332594
-1.377719
-0.155653
-1.781838
-3.147466
-0.748634
-0.261579
-1.315560
0.982114
0.504255
-0.171832
0.831911
1.095363
0.057902
0.361374
1.119205
-1.339402
-0.445672
-0.614779
-2.880778
-1.494203
0.395434
-0.989948
0.345707
1.118183
-0.245231
0.539677
1.272644
0.701121
-0.154631
1.376867
-0.513792
-1.208101
-0.237567

