-1.312665
0.817946
0.004598
0.292574
1.046487
-0.882830
-1.649175
-1.071521
-1.789672
-1.696348
0.241314
0.635386
1.325607
1.769066
-0.273841
-2.080713
0.021628
0.374658
-0.322035
1.060452
-0.228712
-1.679318
-1.387256
-1.673358
-2.435786
-0.527586
0.581060
0.958954
1.946007
1.039335
-1.524517
-0.696012
0.842128
-0.437668
0.576803
0.494719
-1.479047
-1.551764
-1.403604
-2.479042
-1.593317
0.186477
0.378745
1.389129
1.438005
-1.074927
-1.790694
0.546489
0.018903
0.069482
1.107795
-0.783716
-1.768725
-1.364946
-2.080543
-2.159051
-0.065225
0.358990
1.162801
1.877546
0.174897
-1.897812
-0.059434
0.575611
-0.255108
1.170635
0.187499
-1.411608
-1.110690
-1.270090
-2.180849
-0.406844
0.636578
0.835317
1.791205
1.071692
-1.556873
-0.980582
0.863075
-0.362056
0.489099
0.662122
-1.372950
-1.567262
-1.225642
-2.209118
-1.641171
0.323909
0.609500
1.459633
1.805510
-0.611714
-1.756804
0.410761
-0.015838
-0.118358
0.970875
-0.799724
-1.772812
-1.288823
-1.853875
-2.312831
-0.274522
0.375680
0.983477
1.851150
0.392539
-2.051592
-0.430856
0.588894
-0.256641
0.975473
0.297853
-1.517364
-1.436302
-1.534224
-2.599955
-1.027584
0.418936
0.607797
1.687152
1.185622
-1.310280
-1.162631
0.684943
-0.441415
0.318289
0.871931
-1.188857
-1.627547
-1.067093
-1.935448
-1.647302
0.354562
0.531844
1.403264
1.679318
-0.462532
-1.895257
0.338895
0.366483
-0.126192
1.183067
-0.389303
-1.677445
-1.194136
-1.622779
-2.189023
-0.287294
0.463043
0.922850
2.007655
0.693968
-1.665865
-0.560795
0.520093
-0.499998
0.698737
0.213725
-1.642193
-1.409394
-1.245567
-2.322538
-1.248121
0.364270
0.656673
1.591444
1.407181
-1.114777
-1.347235
0.854901
-0.073739
0.344345
1.062155
-0.938177
-1.671825
-1.297849
-2.068962
-1.929147
0.139815
0.502212
1.295635
1.736198
-0.302792
-2.102682
0.164339
0.374317
-0.285932
1.081228
-0.241314
-1.660585
-1.378400
-1.643896
-2.321175
-0.478540
0.479903
0.826120
1.837015
0.754084
-1.738412
-0.782694
0.742844
-0.398670
0.686646
0.522818
-1.419783
-1.520259
-1.314708
-2.271107
-1.257828
0.308071
0.461681
1.728024
1.689707
-0.787122
-1.406840
0.819138
-0.025034
0.010559
0.847408
-0.952993
-1.754250
-1.261405
-2.043588
-2.149343
0.100306
0.544446
1.116650
1.897131
0.164509
-2.002205
-0.028270
0.541210
-0.106948
1.197032
0.131130
-1.362392
-1.206739
-1.469851
-2.433572
-0.599623
0.586169
0.968661
1.882996
1.066583
-1.491819
-0.901733
0.796488
-0.290360
0.714234
0.736713
-1.264300
-1.571689
-1.296146
-2.286945
-1.383509
0.464235
0.560454
1.451458
1.484667
-0.906842
-1.929658
0.385387
-0.042064
-0.096560
1.041208
-0.626019
-1.692091
-1.134191
-1.942260
-2.205883
-0.013454
0.580209
1.138789
2.035584
0.386579
-1.723937
-0.290871
0.542402
-0.512770
0.885555
-0.014475
-1.626526
-1.296656
-1.428808
-2.459458
-1.011746
0.518560
0.745228
1.766341
1.279286
-1.346043
-1.201800
0.811645
-0.191927
0.505277
0.934941
-1.221895
-1.578161
-1.392875
-2.303975
-1.793759
0.211171
0.453506
1.397303
1.773323
-0.416381
-1.924379
0.353030
0.222751
-0.045470
1.180513
-0.360864
-1.581567
-1.130274
-1.682724
-2.017873
-0.147990
0.625508
0.916719
1.819134
0.657354
-1.865455
-0.475304
0.687667
-0.436136
0.823736
0.230755
-1.583951
-1.541546
-1.297678
-2.259868
-1.129763
0.462362
0.780651
1.775708
1.421826
-1.122952
-1.269920
0.833954
-0.182390
0.226498
0.853198
-0.993354
-1.623290
-1.179831
-2.070495
-1.924549
0.097922
0.614950
1.402242
1.959120
-0.029802
-1.794270
0.339576
0.502723
-0.045300
1.244886
-0.040701
-1.607793
-1.184429
-1.736709
-2.439192
-0.609841
0.405141
0.880616
1.708439
0.772476
-1.765319
-0.719854
0.629595
-0.451803
0.775201
0.499317
-1.435280
-1.438516
-1.108817
-2.062661
-1.169954
0.605243
0.689030
1.596212
1.358305
-1.063006
-1.533202
0.677790
-0.158037
-0.049387
0.931876
-0.961678
-1.702649
-1.284395
-1.842635
-1.803807
0.109673
0.518901
1.297849
1.967294
0.096049
-1.912798
0.014986
0.493867
-0.385387
1.022645
-0.212193
-1.725469
-1.361540
-1.660415
-2.428804
-0.674384
0.427621
0.748975
1.784393
0.869206
-1.705204
-0.999314
0.721727
-0.437157
0.647477
0.789506
-1.449074
-1.718657
-1.513277
-2.600806
-1.698392
0.103371
0.379426
1.585654
1.763957
-0.713382
-1.742329
0.534569
-0.029121
-0.082425
1.114096
-0.534058
-1.562323
-1.076971
-1.703160
-1.873800
0.216450
0.638791
1.006126
1.800401
0.165701
-2.001354
-0.244209
0.545979
-0.350986
0.983647
-0.040020
-1.720871
-1.435110
-1.565388
-2.299717
-0.741993
0.472409
0.776223
1.976660
1.295805
-1.305853
-1.018899
0.758852
-0.429494
0.409399
0.708273
-1.333782
-1.563004
-1.206398
-2.220528
-1.542057
0.448908
0.536612
1.409905
1.805850
-0.525713
-1.632656
0.547852
0.190224
0.084809
1.098428
-0.581571
-1.699073
-1.248632
-1.921994
-2.390146
-0.251021
0.552450
0.920636
1.737390
0.372614
-2.024344
-0.346218
0.640154
-0.356776
1.120056
0.270094
-1.513788
-1.295124
-1.246589
-2.234152
-0.901733
0.514303
0.698226
1.755442
1.241139
-1.377548
-1.253741
0.771625
-0.228882
0.402587
0.795126
-1.171146
-1.551764
-1.120908
-1.987730
-1.606260
0.328847
0.579357
1.293421
1.787799
-0.417233
-1.739093
0.425747
0.121253
-0.240292
1.092809
-0.588553
-1.808405
-1.265151
-1.765490
-2.288307
-0.418936
0.569820
1.026562
1.859495
0.543765
-1.826627
-0.485352
0.630277
-0.373295
0.948736
0.468833
-1.416888
-1.328332
-1.261915
-2.348082
-1.287971
0.540529
0.678471
1.726151
1.306874
-1.242842
-1.289674
0.867162
-0.084809
0.446013
0.912121
-1.143047
-1.642874
-1.078163
-1.910073
-1.677956
0.351667
0.724792
1.291718
1.638957
-0.428132
-1.991647
0.121934
0.275203
-0.174216
1.219681
-0.367505
-1.811130
-1.361881
-1.786436
-2.273321
-0.390666
0.520774
1.075268
2.147130
0.983306
-1.775197
-0.454358
0.788825
-0.581060
0.755106
0.457764
-1.381976
-1.423700
-1.313346
-2.278600
-1.200097
0.322887
0.613417
1.746246
1.464060
-1.008000
-1.427276
0.727517
-0.131130
0.323568
0.988415
-1.101494
-1.671995
-1.269920
-2.172164
-2.004760
0.072547
0.437668
1.116480
1.723596
-0.284059
-2.034903
0.112227
0.286783
-0.262771
1.031671
-0.259365
-1.792056
-1.336677
-1.527922
-2.171653
-0.313010
0.667231
0.918763
1.983643
0.720705
-1.648324
-0.645263
0.862735
-0.317778
0.711339
0.418425
-1.413311
-1.438516
-1.315049
-2.323559
-1.272474
0.478370
0.546660
1.650878
1.493352
-1.056876
-1.742499
0.452825
-0.273841
0.003406
0.969342
-1.073054
-1.715251
-1.142195
-1.960141
-2.103022
-0.043937
0.493526
1.190049
2.007484
0.081914
-1.839399
0.260217
0.495570
-0.178473
1.231943
0.005790
-1.527071
-1.225131
-1.590933
-2.432721
-0.591619
0.431197
0.622102
1.711505
0.864438
-1.691750
-0.765494
0.816754
-0.336851
0.740290
0.470195
-1.432555
-1.525198
-1.256977
-2.230236
-1.359156
0.528608
0.664847
1.502718
1.560279
-0.900030
-1.742840
0.614098
0.021117
0.252383
1.145090
-0.850984
-1.660926
-1.107114
-1.888275
-1.977512
0.056539
0.655310
1.226664
2.026217
0.228030
-1.882144
-0.026737
0.469344
-0.442607
0.878572
-0.191416
-1.686301
-1.449755
-1.669952
-2.489941
-0.805684
0.483990
0.678641
1.694305
1.070670
-1.548699
-0.901393
0.827823
-0.189202
0.762088
0.810964
-1.278264
-1.398666
-1.126357
-2.173526
-1.556362
0.538485
0.677449
1.525879
1.608644
-0.669956
-1.632827
0.606605
0.059434
-0.021458
1.133680
-0.796148
-1.765830
-1.072884
-1.678807
-1.974957
0.060797
0.605583
1.183408
1.900707
0.256811
-2.029623
-0.254256
0.533036
-0.410421
0.946351
0.050749
-1.561642
-1.416036
-1.424381
-2.282006
-0.719343
0.513962
0.731604
1.927614
1.264640
-1.414163
-1.037802
0.751359
-0.354052
0.514473
0.808750
-1.325096
-1.570497
-1.113755
-2.224786
-1.713037
0.241995
0.593833
1.541887
1.614945
-0.546319
-1.677445
0.531163
0.205551
0.043937
1.171657
-0.469855
-1.565559
-1.129082
-1.781838
-2.250501
-0.168937
0.466108
1.027414
1.995734
0.393391
-1.884358
-0.208276
0.778437
-0.229222
0.976835
0.214236
-1.547677
-1.350301
-1.243523
-2.200944
-0.786441
0.575951
0.732626
1.623971
1.178639
-1.413992
-1.223258
0.786952
-0.324079
0.370741
0.877040
-1.139300
-1.667568
-1.240458
-2.213546
-1.740626
0.290019
0.492334
1.404967
1.875843
-0.291211
-1.553808
0.666550
0.404801
-0.100136
1.118183
-0.406844
-1.550913
-1.109157
-1.566751
-2.142021
-0.184945
0.688519
1.032523
1.996756
0.595706
-1.840251
-0.506469
0.759363
-0.333275
0.934431
0.313180
-1.686471
-1.535586
-1.519748
-2.606426
-1.326288
0.175749
0.551939
1.538140
1.206739
-1.403264
-1.582248
0.681026
-0.342471
0.334127
1.001358
-0.905991
-1.572200
-1.120738
-1.844168
-1.563345
0.407015
0.552109
1.268387
1.846552
-0.224795
-2.121414
0.229222
0.348261
-0.324590
0.968320
-0.395434
-1.652070
-1.337699
-1.622949
-2.368007
-0.402927
0.466279
0.800065
1.851831
0.747953
-1.741307
-0.672511
0.694990
-0.520093
0.591789
0.238419
-1.712016
-1.636914
-1.364776
-2.513102
-1.373972
0.396456
0.604561
1.704693
1.619373
-0.923702
-1.361370
0.826120
0.010388
0.495059
1.320839
-0.749145
-1.581226
-1.075608
-2.038819
-2.021619
0.087874
0.429835
1.178299
1.882655
-0.031676
-1.964228
0.044107
0.308241
-0.384195
1.011406
-0.273841
-1.639298
-1.211677
-1.426595
-2.251863
-0.454358
0.522137
0.724622
1.782860
0.833614
-1.608644
-0.628574
0.904969
-0.258344
0.789165
0.660249
-1.297849
-1.408032
-1.058578
-2.077818
-1.323053
0.507150
0.723260
1.665013
1.739774
-0.813689
-1.525027
0.671319
0.106267
0.120231
1.095874
-0.751870
-1.669611
-1.281670
-2.090761
-2.222231
-0.086001
0.425918
1.090595
1.825946
0.103712
-1.974276
-0.100306
0.427791
-0.312669
1.191752
0.126362
-1.445327
-1.147475
-1.363754
-2.343144
-0.738927
0.579698
0.906161
1.811130
1.091787
-1.470191
-0.879594
0.891345
-0.337533
0.640494
0.662633
-1.226664
-1.547166
-1.336336
-2.202647
-1.638276
0.315053
0.505107
1.339912
1.516683
-0.927278
-1.781157
0.463384
-0.002384
-0.110354
0.824077
-0.779458
-1.680340
-1.154797
-1.878909
-2.099786
-0.024523
0.540870
1.045976
1.968997
0.401224
-1.739945
-0.159059
0.681196
-0.307730
0.951290
0.045810
-1.728364
-1.378741
-1.467466
-2.372435
-0.896624

