-0.272478
-1.168081
-0.235353
0.564882
-1.037121
-0.809261
0.266348
-1.051085
0.088215
1.832928
1.060622
0.327826
1.422167
-0.505447
-3.164666
-0.842639
-0.877040
-1.107454
0.282696
-0.606946
-1.533883
0.167745
-0.543254
-0.601837
1.624312
1.804658
0.651564
1.272304
1.083783
-2.381120
-1.384871
0.050919
-0.769751
0.444140
0.467811
-1.096555
-0.121083
0.401565
-0.828845
0.922169
2.046824
0.988586
0.867673
1.756975
-1.313516
-2.472571
-0.159570
-0.905309
-0.258854
0.664336
-0.745910
-0.833614
0.310114
-0.951120
-0.121764
1.752377
1.260553
0.316756
1.568794
0.018222
-2.938679
-0.770603
-0.510897
-0.941753
0.445672
-0.310285
-1.343148
0.152247
-0.225816
-0.717981
1.312665
1.741477
0.383513
0.900371
1.018729
-2.585309
-1.972573
-0.251872
-1.075608
-0.050408
0.105245
-1.478706
-0.633683
0.168426
-1.040867
0.634875
1.838207
0.878402
0.566755
1.628399
-0.992332
-2.726487
-0.201293
-0.765153
-0.463724
0.651053
-0.659398
-0.910759
0.547171
-0.674725
-0.091791
1.914331
1.448563
0.375680
1.475300
0.435625
-2.796991
-1.053470
-0.417743
-1.009192
0.468493
-0.106948
-1.382147
0.002384
-0.198228
-0.844853
1.253230
1.872097
0.751189
0.898497
1.247951
-2.346209
-2.168417
-0.043426
-1.045125
0.006131
0.581401
-0.925745
-0.462191
0.346729
-0.970704
0.491653
1.940898
1.221725
0.576292
1.788480
-0.663996
-2.919436
-0.569650
-0.940391
-0.792742
0.310114
-0.853709
-1.384701
0.202996
-0.704697
-0.441074
1.693623
1.441411
0.238248
1.033034
0.563179
-2.875328
-1.280308
-0.419276
-1.145261
0.384365
-0.036785
-1.583440
-0.232799
-0.082765
-0.963722
1.043422
1.890659
0.812496
1.005445
1.781157
-1.482623
-1.932723
0.189202
-0.758512
0.066928
0.749826
-0.794615
-0.452825
0.566585
-0.884022
0.296150
1.889297
1.044784
0.130279
1.393897
-0.643900
-3.278937
-0.890664
-0.822033
-0.934090
0.396456
-0.620910
-1.430682
0.173705
-0.624997
-0.535420
1.701117
1.765660
0.565393
1.230580
0.998293
-2.644403
-1.386234
-0.127213
-0.963041
0.403268
0.354562
-1.204865
-0.194481
0.145776
-0.963041
1.032693
2.125672
1.043422
0.766686
1.886572
-1.247440
-2.281496
-0.079700
-0.954356
-0.450952
0.374658
-1.080036
-1.094852
0.252213
-1.002380
-0.267540
1.410757
1.029457
0.163998
1.247951
-0.137261
-2.835478
-0.719173
-0.486885
-0.811304
0.699929
-0.245401
-1.397303
0.288657
-0.252042
-0.648158
1.482793
1.926252
0.843661
1.433236
1.326970
-2.362558
-1.729386
-0.120061
-1.007829
0.277076
0.609841
-1.083102
-0.245401
0.270264
-1.113074
0.506129
1.833439
0.773839
0.370400
1.477855
-1.386745
-2.899340
-0.456742
-1.072202
-0.734159
0.297342
-1.034566
-1.152754
0.263623
-0.723600
-0.174556
1.891511
1.552275
0.605413
1.596212
0.410591
-2.844334
-0.696523
-0.282696
-0.762088
0.627552
0.099625
-1.258339
0.227519
-0.007153
-0.767027
1.300233
1.728705
0.788484
1.215594
1.496928
-2.101489
-1.971892
-0.271457
-1.252208
-0.232628
0.190224
-1.289334
-0.770773
0.230415
-1.267876
0.272308
1.706566
0.772136
0.210149
1.425062
-1.006637
-2.898489
-0.471558
-0.741141
-0.469514
0.709806
-0.618015
-1.074757
0.469174
-0.562838
-0.364780
1.944985
1.736368
0.555175
1.361200
0.661441
-2.654110
-1.158374
-0.298704
-0.988415
0.330891
-0.060797
-1.506635
-0.072718
-0.221559
-1.024178
1.074927
1.712016
0.521966
0.682388
1.412460
-1.935448
-2.184425
0.041042
-0.975302
-0.273500
0.291892
-1.290696
-0.753232
0.275884
-1.065901
0.322887
2.018724
1.102516
0.420468
1.666886
-0.474623
-2.951281
-0.577314
-0.645093
-0.714064
0.667913
-0.472409
-1.121419
0.287124
-0.603540
-0.744207
1.433236
1.458270
0.334808
1.144409
0.614779
-2.921138
-1.700095
-0.455550
-1.308918
0.119039
0.126192
-1.339402
-0.166893
0.087704
-0.978197
1.074927
1.929998
0.856604
0.722579
1.616478
-1.636403
-2.402748
-0.094686
-0.942775
-0.332764
0.340087
-1.143728
-1.062666
0.342812
-1.007318
0.074591
1.971040
1.227345
0.194481
1.454353
-0.092643
-2.893720
-0.755276
-0.649520
-0.796829
0.518560
-0.350816
-1.422678
0.241143
-0.384195
-0.756127
1.479387
1.669441
0.442948
0.960827
0.943627
-2.560275
-1.642363
-0.151736
-1.038654
0.174556
0.357117
-1.165356
-0.504766
0.044278
-1.165697
0.667061
1.933745
0.905650
0.676428
1.779624
-1.175914
-2.644573
-0.402246
-1.007829
-0.451463
0.635556
-0.571864
-0.652926
0.514303
-0.793593
-0.019584
1.842465
1.411097
0.563860
1.607793
0.355073
-2.658027
-0.658035
-0.360182
-0.765664
0.638451
-0.132663
-1.344340
0.260217
-0.033549
-0.564541
1.668589
1.874140
0.488758
0.910929
1.363073
-2.248798
-1.720020
-0.026907
-1.032523
-0.099795
0.106948
-1.351663
-0.680344
0.066246
-1.210145
0.545808
2.010720
1.002039
0.446183
1.575436
-1.128401
-2.858468
-0.326804
-0.897816
-0.537464
0.663655
-0.633342
-1.001188
0.468493
-0.697034
-0.268051
1.691239
1.450266
0.622613
1.577139
0.399862
-2.826452
-0.968831
-0.352519
-0.976494
0.307049
-0.065565
-1.406840
-0.008685
-0.092302
-0.696182
1.376697
1.795122
0.622783
0.849962
1.229388
-2.264466
-2.002886
-0.113419
-1.071862
-0.051771
0.324760
-1.340594
-0.675576
0.251532
-1.113074
0.485863
2.041374
1.189198
0.594684
1.645429
-0.709976
-2.685956
-0.185966
-0.655651
-0.485522
0.718832
-0.491823
-1.020602
0.537464
-0.569820
-0.475304
1.587357
1.337699
0.296661
1.261234
0.524010
-2.796309
-1.164504
-0.349624
-1.001699
0.393902
-0.110354
-1.317774
0.141348
0.000000
-0.933238
1.147475
1.724788
0.566414
0.702483
1.483474
-2.125672
-2.529110
-0.370741
-1.117332
-0.270605
0.370571
-1.139981
-0.586850
0.429494
-0.892196
0.520263
2.027409
1.111882
0.405993
1.543079
-0.654800
-2.919265
-0.342982
-0.697885
-0.712020
0.502382
-0.695331
-1.543760
0.009537
-0.744377
-0.555515
1.700946
1.686982
0.585147
1.311302
0.755957
-2.679144
-1.449926
-0.285591
-1.061303
0.193289
0.138623
-1.321861
-0.012262
0.020776
-1.080206
0.960827
1.788310
0.627892
0.712361
1.626526
-1.740796
-2.360514
-0.252042
-1.109838
-0.228371
0.638621
-0.955548
-0.716618
0.607797
-0.833443
0.156164
1.823732
1.124314
0.326123
1.466274
-0.330039
-2.783707
-0.491653
-0.605583
-0.941583
0.459126
-0.605753
-1.409394
0.143392
-0.526054
-0.332935
1.832928
1.825435
0.552791
1.076971
0.770092
-2.923182
-1.573222
-0.282867
-0.978368
0.393391
0.224113
-1.463379
-0.321354
0.020095
-1.131977
0.802449
1.805680
0.809942
0.739438
1.730408
-1.575777
-2.450773
-0.334127
-1.202822
-0.478881
0.409399
-0.903436
-1.061984
0.309433
-0.849281
0.076805
1.668249
1.042230
0.428813
1.564026
-0.075953
-2.820832
-0.578335
-0.480924
-0.920977
0.483819
-0.294958
-1.236882
0.364610
-0.312328
-0.598601
1.539843
1.603535
0.340598
0.970875
0.933579
-2.748455
-1.732962
-0.144414
-1.051767
0.157697
0.302451
-1.350641
-0.323738
0.250850
-0.872271
1.046147
1.975298
0.848770
0.643730
1.532691
-1.566069
-2.663136
-0.370400
-0.989437
-0.475475
0.540699
-0.952142
-1.238244
0.130790
-0.994376
-0.181198
1.823902
1.323223
0.511578
1.653263
0.155483
-2.904960
-0.787292
-0.551939
-1.020602
0.352008
-0.370230
-1.294272
0.347580
-0.270775
-0.718491
1.470702
1.722404
0.509194
1.051256
1.204184
-2.295971
-1.552616
0.058923
-0.862564
0.272819
0.390496
-1.281500
-0.374998
0.369719
-0.942945
0.800405
1.894576
0.915527
0.401054
1.458100
-1.585824
-2.963032
-0.465597
-1.084805
-0.665358
0.277076
-0.974110
-1.191241
0.277587
-0.918082
-0.133174
1.886742
1.395770
0.408718
1.589060
0.313180
-2.691235
-0.714575
-0.331742
-0.709976
0.743355
-0.074080
-1.296146
0.359331
-0.141008
-0.827312
1.337188
1.913820
0.544616
0.764132
1.332249
-2.132995
-1.802785
-0.060116
-1.142706
-0.056880
0.165020
-1.448393
-0.671659
0.126873
-1.133340
0.495400
1.931361
0.847748
0.343323
1.596212
-1.190049
-2.841779
-0.291892
-0.829697
-0.478370
0.728198
-0.592640
-1.087359
0.420468
-0.723771
-0.254086
1.763105
1.513788
0.428643
1.409565
0.483649
-2.990110
-1.205887
-0.520263
-0.971215
0.566414
-0.017711
-1.400028
0.066757
-0.163998
-0.971726
1.043762
1.646621
0.527586
0.733137
1.191241
-2.139466
-2.093826
-0.167915
-1.205376
-0.400032
0.259536
-1.257488
-0.691754
0.248637
-0.992502
0.467811
1.934937
0.933238
0.327485
1.551424
-0.871931
-2.907174
-0.377893
-0.657865
-0.603029
0.460318
-0.801768
-1.363073
0.251702
-0.763621
-0.472750
1.542739
1.290866
0.376872
1.235860
0.510556
-2.817767
-1.141173
-0.343493
-1.039335
0.370911
0.009707
-1.429490
-0.172683
-0.062840
-0.907353
1.054662
1.812322
0.612565
0.829697
1.396281
-2.008847
-2.176932
-0.052963
-0.873463
-0.130960
0.675746
-0.960827
-0.601496
0.271967
-1.048361
0.446013
2.083097
1.253741
0.512600
1.606771
-0.564030
-2.928972
-0.838041
-0.948054
-0.865800
0.374147
-0.672681
-1.365628
0.378064
-0.532695
-0.383513
1.562493
1.591955
0.500509
1.284225
0.903096
-2.533197
-1.206057
-0.137261
-0.943116
0.246763
-0.026056
-1.352174
-0.098603
0.053133
-0.825780
1.085486
1.893214
0.599112
0.597068
1.536778
-1.792397
-2.545289
-0.262090
-0.994546
-0.281504
0.495570
-0.844002
-0.705378
0.349283
-0.940732
0.195674
1.988411
1.247610
0.402927
1.683746
-0.270946
-2.982106
-0.648328
-0.649350
-0.895262
0.408377
-0.392709
-1.297678
0.310625
-0.452995
-0.638791
1.435620
1.707929
0.519582
1.079866
0.968490
-2.627713
-1.447201
-0.130108
-1.061814
0.211682
0.103882
-1.351833
-0.223092
0.155994
-0.982625
0.824928
1.740626
0.744377
0.611373
1.682554
-1.326799
-2.458266
-0.097922
-0.985691
-0.356947
0.386408
-1.044784
-0.984669
0.398500
-0.878743
-0.102350
1.679489
1.172168
0.155483
1.274518
-0.227179
-3.036772
-0.825780
-0.569310
-0.865119
0.607797
-0.236034
-1.278605
0.375850
-0.269243
-0.795467
1.414333
1.672166
0.552961
1.050234
1.099280
-2.309425
-1.690899
-0.042575
-0.987734
0.102350
0.350135
-1.271112
-0.286443
0.310455
-1.079014
0.954185
2.099616
0.945330
0.496422
1.447541
-1.397303
-3.026894
-0.415359
-0.943456
-0.526564
0.622272
-0.848940
-1.054662
0.435284
-0.758852
-0.226498
1.834631
1.460484
0.563179
1.612220
0.465427
-2.678462
-0.747613
-0.534569
-1.131807
0.285081
-0.239611
-1.584632
-0.081403
-0.107970
-0.757149
1.269409
1.657179

