-8.648634
5.027226
12.385334
19.134283
22.379330
23.632220
20.968063
11.580161
2.183063
-2.971888
-13.610976
-25.535141
-29.339790
-26.772533
-23.646866
-13.841902
1.555000
10.296447
17.546415
21.987983
23.714815
22.836924
15.598876
4.893371
-1.048361
-9.047815
-22.120135
-28.831959
-27.782406
-24.863822
-18.435376
-3.080538
7.880756
15.098027
20.999738
23.211070
23.695060
18.633093
7.963521
0.317097
-5.543573
-18.315145
-27.961901
-28.998341
-25.944710
-21.734067
-8.512906
5.271605
12.812614
19.678899
22.795371
24.174452
21.351065
11.671441
2.101489
-2.843142
-13.528211
-25.592021
-29.358353
-27.019807
-23.921388
-13.880389
1.515661
10.654245
18.030746
22.786004
24.516412
23.728098
15.822649
4.777227
-1.000847
-9.092603
-22.439957
-29.079063
-27.926479
-25.173596
-18.538577
-3.095865
8.118493
15.484606
21.623032
24.102415
24.821758
19.365549
8.185080
0.514473
-5.301407
-18.086604
-27.877944
-28.886114
-26.080608
-21.790947
-8.393015
5.481073
13.232912
20.331655
23.792642
25.329420
22.246838
12.146064
2.474274
-2.550227
-13.409512
-25.655031
-29.516050
-27.281557
-24.023567
-13.711452
1.955543
11.068412
18.455982
23.328406
25.255339
24.154697
15.908820
4.883494
-0.861883
-9.069954
-22.560358
-29.283762
-28.371130
-25.731836
-18.930776
-3.285749
8.326599
15.949862
22.225550
25.162186
25.698457
19.729989
8.233445
0.523669
-5.362034
-18.244641
-28.239999
-29.209341
-26.343891
-22.065299
-8.836985
5.434922
13.503347
20.700353
24.725369
26.482173
22.997345
12.737342
2.873795
-2.306700
-13.157300
-25.623696
-29.502937
-27.549267
-24.383409
-14.029741
1.997777
11.430468
18.882241
24.284635
26.623692
25.180578
16.510657
5.539485
-0.394242
-8.865254
-22.444895
-29.234886
-28.549433
-25.707824
-18.852609
-3.335817
8.799349
16.306639
22.848163
26.156221
26.809658
20.458528
9.003537
1.091106
-5.292041
-18.376623
-28.413023
-29.840469
-27.180910
-22.445747
-9.124109
5.683558
13.900484
21.266256
25.762660
27.669838
23.686375
13.241427
3.363746
-2.152579
-13.100760
-25.652477
-29.788358
-28.102568
-24.731500
-14.719793
1.426424
11.705501
19.355501
25.245292
28.256178
26.501587
17.321791
6.022283
-0.284399
-8.514438
-22.124904
-29.229437
-28.984206
-26.171889
-19.454105
-3.910065
8.846692
16.513211
23.608889
27.590820
28.060675
21.509443
10.078294
1.544271
-4.908528
-17.844268
-28.193678
-29.994760
-27.682952
-22.774424
-9.385177
5.648477
14.274802
21.986280
27.309486
29.141222
24.738482
14.272758
4.228694
-1.868520
-12.840033
-25.468724
-29.928003
-28.487785
-24.992057
-15.205826
1.066412
11.688811
19.379854
26.192835
29.875551
27.893782
18.698147
7.305826
-0.102009
-8.617299
-22.277491
-29.834849
-29.826335
-26.702881
-19.827911
-4.359654
8.861167
16.544036
24.215324
28.987953
29.259239
22.382055
11.193412
2.285583
-4.592282
-17.460925
-28.161321
-30.391727
-28.143099
-23.388863
-10.336808
5.347388
14.232567
22.392273
28.903314
30.839103
25.890384
15.466043
5.082744
-1.709461
-12.536560
-25.377103
-30.399731
-29.009581
-25.221109
-15.544380
0.919274
11.917012
19.739355
27.535813
31.470401
28.877429
19.900969
8.801222
0.730923
-8.096865
-21.611622
-29.885769
-30.441625
-27.380501
-20.368099
-4.806348
8.917536
16.877822
25.480475
31.444516
30.867543
23.463794
12.664114
3.257990
-4.531315
-17.134462
-28.055736
-31.008039
-28.836897
-23.976564
-11.473383
4.655463
13.967412
22.387505
30.469554
32.815933
27.147532
17.073154
6.604876
-1.356602
-12.150833
-25.000232
-30.731474
-29.758215
-25.793144
-16.766616
-0.135047
11.395216
19.225734
28.204577
33.267566
30.201163
21.165950
10.513748
1.442943
-7.597549
-20.829609
-29.711212
-31.170164
-27.853251
-21.131550
-6.026540
8.486680
16.236476
25.270837
32.479422
32.284941
24.382217
14.157466
4.370042
-4.003389
-16.340188
-27.571576
-31.431573
-29.491186
-24.617399
-12.835094
3.805842
13.416665
21.961076
30.974320
34.185818
28.459345
18.459558
8.039304
-0.849111
-11.402539
-24.216005
-31.009912
-30.808449
-26.585885
-18.166985
-1.910073
10.626827
18.522399
28.104442
33.964770
31.377077
22.337607
12.025663
2.423695
-6.813151
-19.527333
-29.039553
-31.593016
-28.565611
-22.239004
-8.310420
7.067578
15.345131
24.610247
32.850163
33.561843
26.054382
16.031265
5.664485
-3.445830
-15.036719
-26.710715
-31.504461
-30.111926
-24.987800
-14.382090
2.180508
12.624093
20.812239
30.323778
34.277950
29.349497
19.914934
9.673664
-0.239611
-10.774136
-23.405893
-30.824287
-31.639508
-27.315106
-19.102948
-3.616299
9.529250
17.450026
27.525766
34.303495
32.374007
24.095774
14.171771
3.737211
-6.179128
-18.463135
-28.312377
-31.565768
-29.262134
-23.217031
-10.157142
5.695990
14.515434
23.998192
32.832963
34.117017
27.553695
18.073150
7.489920
-2.453497
-13.656787
-25.507382
-30.889171
-30.244248
-25.871311
-16.221149
0.103882
11.108262
19.463471
29.487440
33.883027
30.334166
22.090673
11.800528
0.903436
-9.282657
-21.631888
-29.943500
-31.030008
-27.750901
-20.734583
-5.738905
7.949386
15.816178
25.956631
33.053671
32.123838
25.126934
15.778712
4.795279
-5.233799
-17.099721
-27.844565
-31.185320
-29.172386
-24.415936
-12.384483
3.623281
12.389421
21.411351
30.939749
33.315761
28.268950
19.740547
8.939334
-1.714059
-12.477125
-24.769647
-31.156881
-30.320542
-26.467528
-17.946107
-2.042907
9.552751
17.261846
27.142593
32.727718
30.600684
23.067168
13.407639
2.366986
-7.908004
-19.970451
-29.212747
-30.622312
-27.621814
-21.825518
-8.106743
6.249121
13.942037
23.177181
30.703885
31.782218
26.274068
17.242943
6.342786
-4.308564
-15.750102
-26.828051
-31.140362
-28.816291
-24.239165
-13.905934
1.629761
10.903733
18.783978
27.393954
30.960355
28.405190
20.506382
10.024650
-0.584636
-11.420761
-23.499727
-30.746119
-30.081613
-26.218210
-18.519674
-3.737041
8.071831
15.256235
23.973840
29.585191
29.271841
23.607356
13.956513
3.379924
-7.036584
-19.307818
-29.121978
-31.013148
-27.557952
-22.250754
-9.432861
4.746573
12.428590
20.380872
27.169330
28.890542
25.507552
17.000266
6.517683
-3.030981
-14.404399
-26.226725
-31.223127
-28.862442
-24.557625
-14.965364
0.299726
9.748595
17.258610
25.030545
28.138672
26.898554
20.492077
10.071823
0.261579
-9.934562
-22.356340
-30.369588
-30.038868
-25.894131
-19.118105
-4.700763
7.102830
14.240912
22.051164
26.871988
27.209180
23.104804
13.777018
3.381968
-5.655459
-17.937081
-28.480632
-30.882018
-27.205433
-22.441319
-10.510513
3.548179
11.475938
18.978630
24.979455
26.730299
24.598667
17.196962
6.229196
-2.480916
-13.346842
-25.395325
-31.160627
-28.730461
-24.471453
-15.719788
-0.726155
8.772271
16.016279
22.951024
25.795528
25.097472
19.937243
9.583405
0.386579
-8.652721
-21.237476
-29.724836
-29.881682
-25.841679
-19.968407
-5.823203
6.144728
13.066871
20.720278
24.933474
25.347642
22.057976
13.321468
2.865791
-5.050387
-16.862665
-27.780873
-30.817815
-27.115515
-22.648914
-11.256082
3.060102
10.676554
18.110616
23.304224
24.776459
23.179565
16.568559
5.729369
-2.294438
-12.201922
-24.633748
-30.716828
-28.658424
-24.436372
-16.399792
-1.219852
8.372750
15.381745
21.991730
24.326869
23.813759
19.419193
9.306158
0.037636
-7.897786
-20.314966
-29.343367
-29.751914
-25.677511
-20.276478
-6.244523
5.930322
12.760333
20.072971
23.530892
23.852587
21.174976
12.831347
2.455200
-4.411766
-15.603645
-26.955605
-30.344895
-26.942492
-22.916794
-12.052059
2.522979
10.164295
17.771721
22.568192
23.542813
22.073303
15.903711
5.025012
-2.564192
-11.530604
-23.944718
-30.257021
-28.373344
-24.444035
-16.673292
-1.309769
8.241279
15.114035
21.259955
23.077386
22.549289
18.358401
8.494854
-0.318119
-7.411412
-19.817863
-28.883559
-29.358353
-25.649582
-20.626272
-6.761892
5.678109
12.668371
20.000083
23.209708
23.412194
20.617076
12.158666
1.767193
-4.652568
-15.452930
-26.750224
-30.066286
-26.715313
-22.749901
-12.057509
2.565384
10.293722
17.699174
22.126436
23.172583
21.812746
15.462126
4.644394
-2.429145
-11.014257
-23.470095
-29.804536
-28.224332
-24.630172
-17.255545
-1.691239
8.083412
15.184879
21.235091
22.878647
22.483213
18.020528
7.810082
-0.797510
-7.384334
-19.598348
-28.663874
-29.036999
-25.283098
-20.622356
-6.816557
5.706378
12.780428
19.944395
22.696086
23.313590
20.607540
11.770044
1.469851
-4.474606
-15.199695
-26.566642
-29.830422
-26.697261
-23.139375
-12.162924
2.741814
10.623251
18.194403
22.626775
23.590326
21.999223
15.001808
4.170111
-2.623796
-11.252335
-23.517438
-29.591833
-27.859211
-24.653843
-17.253331
-1.776729
8.140462
15.472514
21.454096
23.285491
23.079429
18.065657
7.401194
-0.856944
-7.270575
-19.682646
-28.625556
-29.001066
-25.793314
-20.911012
-6.791864
5.813326
13.287067
20.632063
23.412704
23.880175
20.510129
11.128528
1.411438
-4.462685
-15.337978
-26.448965
-29.338939
-26.591505
-23.114852
-11.879717
3.012589
11.116437
18.737657
23.222991
24.668319
22.749901
14.717238
3.895249
-2.397980
-11.305979
-23.923601
-29.611077
-27.832985
-24.876084
-17.070430
-1.443965
8.736849
16.165291
22.066321
24.377789
24.198464
18.077408
7.186787
-0.723089
-7.807868
-20.361458
-28.988634
-29.153143
-26.116882
-20.729985
-6.290674
6.403072
13.870682
20.898921
24.218048
25.133576
20.899602
10.945286
1.723085
-4.349947
-15.786035
-26.835884
-29.465982
-26.945557
-23.252964
-11.396067
3.631456
12.092079
19.506557
24.179390
26.113306
23.436035
14.339515
3.920453
-2.184936
-11.678764
-24.329254
-29.699632
-27.995961
-24.949653
-16.411032
-0.602518
9.862525
17.399277
23.217031
25.983879
25.480645
17.923798
6.808383
-0.451292
-8.007629
-21.059854
-29.222965
-29.197931
-26.371649
-20.495483
-5.609138
7.295438
14.893498
21.870136
25.785140
26.870966
21.199158
10.467597
1.683746
-4.759346
-16.946282
-27.696575
-29.896668
-27.542455
-23.416110
-11.067220
4.217625
12.873922
20.441668
25.493588
27.850526
24.333852
14.220817
4.089219
-2.084460
-12.321132
-24.910995
-29.759918
-28.312717
-25.064775
-15.912397
0.011751
10.720321
18.376793
24.630172
28.149400
26.881865
18.263033
7.273129
0.063522
-8.460454
-21.813767
-29.472794
-29.610906
-26.730299
-20.038911
-4.596710
8.599588
16.350746
23.447956
27.706964
28.252772
21.345615
10.423660
2.071347
-4.852159
-17.603295
-28.057950
-30.288015
-27.984721
-23.362637
-10.407482
4.982608
14.031785
21.883930
27.417966
29.770476
25.055408
14.449358
4.450934
-2.253396
-13.219629
-25.626251
-30.266047
-28.801475
-25.222131
-15.291486
0.791209
11.552061
19.615718
26.534115
30.211381
27.741534
18.485444
7.676738
0.056369
-9.093796
-22.354296
-29.739652
-29.884406
-26.859045
-19.723858
-4.098586
9.091071
17.133611
24.876254
29.896838
29.543809
21.750075
10.850259
2.155304
-5.649669
-18.622194

