-3.716094
3.416538
11.564153
22.099529
28.967006
27.536324
20.562581
7.439511
-10.120187
-20.005533
-21.923780
-21.881887
-17.802375
-13.997384
-10.951247
-5.750486
1.121249
8.548158
18.522229
27.536835
28.780528
23.345266
12.415307
-4.665852
-18.017122
-21.667140
-22.554398
-19.699165
-15.204123
-12.263571
-7.871049
-1.314538
5.979027
14.756577
24.707317
28.758390
25.223494
16.417674
0.649350
-15.333550
-21.298443
-22.608382
-21.497181
-16.714164
-12.962648
-9.174347
-3.497941
3.807034
11.842081
21.651983
28.261287
27.111939
20.174980
6.767341
-10.446991
-19.998040
-22.032431
-22.188255
-18.216542
-14.027868
-10.597876
-5.583763
1.507146
9.304115
18.522910
27.107341
28.296539
22.875071
11.628185
-5.440712
-18.401827
-21.620308
-22.574663
-19.980499
-15.372889
-11.910541
-7.825238
-1.629421
6.317071
14.904397
24.404355
28.492383
25.005170
15.919209
0.175408
-15.658310
-21.228620
-22.388356
-21.233388
-16.557319
-12.816020
-9.171963
-3.720522
3.926924
11.991262
21.564960
28.251069
27.049950
19.842897
6.427765
-10.684047
-20.029545
-22.095612
-22.220271
-18.132584
-13.623749
-10.008471
-5.342109
1.638447
9.439162
18.202066
26.546206
28.136458
22.759778
11.615072
-5.268540
-18.254348
-21.851403
-22.962945
-20.363842
-15.412739
-11.701584
-7.435424
-1.297338
6.481068
14.855180
24.121148
28.290238
24.672917
15.644346
0.282526
-15.487671
-21.396024
-22.755010
-21.809850
-16.992773
-12.873411
-9.132453
-3.894397
3.875153
12.020554
21.233559
27.871813
26.921204
19.656420
6.252868
-10.804789
-20.058666
-22.089311
-22.536516
-18.312080
-13.649464
-10.195289
-5.893707
1.252208
9.307010
17.932653
26.131698
27.821915
22.540944
11.393513
-5.263090
-18.266610
-21.768979
-23.105826
-20.677703
-15.300683
-11.307512
-7.415840
-1.285587
6.636211
14.722858
23.607186
28.096267
24.783611
15.795742
0.889301
-14.800344
-21.223341
-22.907087
-22.376265
-17.177207
-12.657302
-8.991446
-3.623111
4.212686
12.154749
20.803724
27.564764
26.896511
19.738334
6.774323
-9.960106
-19.760813
-21.862813
-22.959539
-19.182478
-13.997044
-10.403735
-6.172998
1.044444
9.208747
17.662730
25.953736
27.763162
22.420883
11.613199
-4.755088
-18.033130
-21.657944
-22.970949
-21.124908
-15.521390
-11.441537
-8.020571
-1.929488
6.164483
14.063631
22.929737
27.903489
24.879830
16.124589
1.547166
-14.292172
-21.175316
-22.790943
-22.915261
-17.712968
-12.498924
-8.956875
-3.982612
4.044431
11.884315
20.024947
26.944024
26.635272
19.816501
7.325922
-9.184054
-19.634621
-21.858726
-23.230314
-20.094940
-14.280932
-10.378531
-6.391491
0.897816
9.256942
17.154217
25.456803
27.924946
22.744622
12.351615
-3.392356
-17.287561
-21.696772
-23.021017
-21.930933
-16.344956
-11.565856
-8.274828
-2.315896
6.314686
14.163596
22.722483
27.990001
25.212424
16.511849
2.636909
-13.230698
-20.788227
-22.214311
-22.763184
-18.516779
-13.002498
-9.562629
-5.092280
3.146614
11.506932
19.777162
26.983534
27.060509
20.119803
8.250816
-8.038623
-19.378151
-21.897214
-22.997516
-20.717212
-14.860971
-10.379383
-6.857259
0.126192
8.963857
16.873905
24.927684
27.875389
23.015397
12.965373
-2.265147
-16.461781
-21.362986
-22.656577
-22.060020
-17.023938
-11.939832
-8.747237
-3.248283
5.843299
14.221498
22.629670
28.390033
26.086569
17.405748
3.733635
-12.159007
-20.694562
-22.461755
-22.952046
-19.214664
-13.473204
-9.656974
-5.766664
2.244370
11.054448
19.398246
26.920693
27.708326
20.996332
9.407316
-6.485156
-18.562419
-21.763018
-22.857189
-21.066325
-15.763215
-10.993140
-7.565362
-1.060622
8.172308
16.569580
24.701527
28.312036
23.803200
13.828618
-0.736373
-15.333891
-21.192517
-22.517613
-22.255182
-17.765079
-12.556485
-8.920091
-3.966093
4.983800
13.833557
22.129161
28.091669
26.370117
18.105677
4.987546
-10.737862
-20.079953
-22.224188
-22.985935
-20.129340
-14.631067
-10.268007
-6.456205
1.315900
10.845491
19.441332
26.894638
28.061186
21.686554
10.281461
-5.275863
-17.546075
-21.277836
-22.508757
-21.298102
-16.501972
-11.722531
-8.168731
-2.126694
7.321835
16.428232
24.897030
29.001917
24.826016
14.752150
0.404290
-14.262540
-20.629338
-22.066661
-22.081648
-18.165282
-13.068063
-9.358100
-4.882813
3.668410
13.049500
21.878992
28.186696
27.116878
19.102097
6.338017
-9.448017
-19.358056
-21.954094
-23.091010
-20.618950
-15.303578
-10.621377
-6.794759
0.531163
10.057688
19.043003
26.608365
28.349672
22.175482
11.206354
-3.854547
-16.563790
-20.970787
-22.524936
-21.713461
-17.390932
-12.319088
-8.396591
-2.839565
6.498780
16.163077
24.769987
29.489313
25.806427
16.029222
1.974617
-12.809719
-19.872359
-21.500247
-21.866901
-18.656765
-13.912746
-9.931496
-5.670445
2.718312
12.548310
21.937234
28.597627
27.881690
20.129851
7.819789
-7.927077
-18.507413
-21.129847
-22.266592
-20.311049
-15.778371
-11.241095
-7.553441
-0.668253
8.823872
18.320765
26.633229
28.920855
23.266077
12.767485
-1.996926
-15.442031
-20.431450
-22.099018
-21.482195
-17.633949
-13.013908
-8.989573
-3.339733
5.680323
15.169212
24.310180
29.189927
25.987966
16.984940
3.811462
-11.322498
-19.139392
-21.176679
-21.939789
-19.103970
-14.721496
-10.523966
-6.027392
2.007655
11.570113
21.332843
28.550284
28.343541
20.777157
9.237017
-6.039654
-17.429590
-20.548957
-21.906580
-20.265920
-16.348021
-12.218101
-8.197342
-1.354558
7.940701
17.649957
26.623862
29.391221
23.822614
13.627154
-0.306708
-14.345135
-19.583361
-21.162714
-21.094254
-17.738513
-13.726609
-9.857586
-4.368850
4.463707
13.950212
23.877280
29.539381
26.661498
17.876455
5.609308
-9.708064
-18.444572
-20.439284
-21.328245
-18.791301
-14.969962
-10.893345
-6.297827
1.500164
10.645049
20.495483
28.325830
28.418132
21.233218
10.528054
-4.179307
-16.324350
-19.661018
-21.259614
-19.999743
-16.460248
-12.964010
-8.830173
-1.975468
7.173504
16.741242
26.468379
29.760088
24.490867
14.596667
1.210315
-13.303416
-19.181626
-20.673616
-20.711763
-17.279557
-13.925689
-10.312114
-4.947696
3.724269
12.826068
23.233720
29.647691
27.112280
18.606697
6.958757
-8.251156
-17.896550
-19.949845
-20.983560
-18.467222
-15.175172
-11.795589
-7.075753
0.762088
9.520054
19.587449
28.646163
29.051644
21.838972
11.386871
-2.692938
-15.729495
-19.571611
-20.828417
-19.573995
-15.999249
-13.130733
-9.135348
-2.281666
6.449733
15.602793
25.943347
29.784611
24.821929
15.674489
3.011056
-11.978320
-18.685205
-20.064797
-20.432132
-17.069748
-14.174666
-10.857752
-5.135366
3.302779
11.991262
22.764887
30.015707
27.492898
19.255195
7.961988
-7.250309
-17.680441
-19.602605
-20.610605
-18.125772
-14.922959
-12.317555
-7.772275
0.079359
8.538791
18.395015
28.419154
29.459511
22.580794
12.299333
-1.635381
-15.336445
-19.318206
-20.554917
-19.455808
-15.658651
-13.220821
-9.696143
-2.956731
5.743844
14.504875
25.481667
30.037335
25.359903
16.414097
4.005602
-11.233432
-18.597671
-19.755534
-20.045894
-16.627993
-13.993297
-11.044911
-5.443777
2.738919
11.004550
21.834544
29.922043
27.837242
19.853967
8.953980
-6.098918
-17.346314
-19.716706
-20.589147
-17.926352
-14.571292
-12.315171
-7.824557
-0.048024
8.144719
17.731530
28.167452
29.498850
23.022549
13.292006
-0.773157
-14.829806
-19.226585
-20.149776
-19.214153
-15.465021
-13.245855
-9.852137
-3.136737
5.215917
13.949190
25.387832
30.450480
25.861774
17.049823
4.673685
-10.627678
-18.500430
-19.478287
-19.422940
-15.947989
-13.530595
-11.012214
-5.540848
2.403430
10.447162
21.369117
29.896668
28.003114
20.296233
9.517670
-5.681004
-17.179080
-19.566842
-20.292657
-17.607893
-14.248746
-12.290137
-7.907493
-0.287635
7.585457
17.120157
27.754647
29.300451
22.909471
13.477462
-0.635045
-14.756577
-19.350222
-20.160334
-18.863678
-15.150479
-13.316870
-9.821313
-3.188338
4.752193
13.436079
25.206804
30.797039
26.194368
17.683676
5.262409
-10.433027
-18.733910
-19.910506
-19.554922
-15.693051
-13.371025
-11.073181
-5.531652
2.379758
10.132960
21.016427
29.899733
28.210538
20.693030
9.905100
-5.361523
-17.038754
-19.413744
-20.166806
-17.310211
-14.164277
-12.564148
-8.257117
-0.856604
6.921291
16.692536
27.932099
29.623338
23.340668
13.939994
-0.275203
-14.829465
-19.551856
-20.241056
-18.453428
-14.485461
-12.923990
-9.583746
-2.889463
4.641329
12.943745
24.831976
30.459847
26.084014
17.960242
5.704165
-10.084595
-18.503836
-19.931112
-19.593579
-15.664782
-13.311420
-11.263405
-5.495378
2.390146
9.912763
20.975045
29.975857
28.197595
20.838465
10.272775
-5.405630
-17.180954
-19.638027
-20.149435
-17.123052
-13.806479
-12.564659
-8.340393
-0.900030
6.511552
16.408648
28.022868
29.755150
23.492745
14.379706
0.148501
-14.654057
-19.658974
-20.281247
-18.395867
-14.219114
-12.750966
-9.838343
-3.068617
4.494020
12.608937
24.693183
30.498845
26.178701
18.226419
5.866289
-10.140453
-18.516438
-19.905908
-19.508771
-15.353305
-13.043540
-11.059727
-5.285740
2.511569
9.738888
20.851748
29.864822
28.060845
20.924125
10.418892
-5.522285
-17.517465
-20.069906
-20.439965
-17.013890
-13.742958
-12.521744
-7.990088
-0.508342
6.476300
16.360623
28.033767
29.858691
23.743084
14.822824
0.243187
-14.716727
-19.856180
-20.588466
-18.416132
-14.128004
-12.798991
-9.713514
-2.826623
4.312822
12.372732
24.762835
30.782734
26.379483
18.584558
6.003039
-10.481562
-18.973180
-20.290783
-19.782952
-15.294552
-13.084752
-11.190346
-5.240611
2.198900
9.114572
20.411866
29.753787
27.951683
21.135466
10.754040
-5.683388
-17.997708
-20.567008
-20.780223
-17.260654
-13.990743
-12.555293
-7.679803
-0.169107
6.531818
16.260999
27.919667
29.681070
23.394993
14.699187
0.025034
-14.982224
-20.075696
-20.917995
-18.485274
-14.168705
-12.785196
-9.647608
-2.591269
4.520076
12.705496
24.984905
30.897685
26.676485
18.847840
5.885874
-10.889428
-19.461768
-20.978791
-19.975730
-15.568563
-13.521910
-11.349406
-5.147627
2.058744
9.051221
20.693370
29.941627
28.145143
21.214145
10.633980
-6.309407
-18.255370
-20.837273
-20.729644
-16.806296
-13.912405
-12.586117
-7.550206
-0.137602
6.266321
16.282797
28.108018
29.957805
23.934501
15.071290
-0.209979
-15.350410
-20.328590
-21.120821
-18.569061
-14.298814
-12.848037
-9.241785
-2.130781
4.492147
12.723889
24.979285
30.547210
26.330607
18.658979
5.511216
-11.475938
-19.545725
-20.955631
-20.062923
-15.610797
-13.490915
-11.128868
-4.848753
2.036606
9.182351
21.015065
29.916593
28.292792
21.429062
10.614395
-6.613561
-18.694060
-21.259274
-21.157094
-16.991070
-14.014585
-12.533835
-7.255929
0.048365
6.521600
16.488348
27.939251
29.668638
24.021523
15.112162
-0.647988
-15.852111
-20.564624
-21.392959
-18.523250
-14.271225
-12.922287
-9.159190
-2.023833
4.543407
12.847866
25.077888
30.399902
26.213101
18.640075
5.174875
-11.996031
-20.098857
-21.356855

