-28.642757
-30.826500
-28.351375
-22.976909
-9.576253
5.769219
14.686414
23.055077
29.485566
31.035628
25.130340
14.902694
4.887581
-2.593143
-14.042854
-26.213271
-30.888319
-29.602902
-25.205612
-14.794724
1.710994
12.385675
20.507574
28.306076
32.064404
28.272867
18.739700
8.173670
-0.000681
-9.762219
-23.096289
-30.373675
-30.589615
-27.080945
-19.480842
-3.656490
9.645224
17.893485
26.378972
31.924759
30.523879
22.167649
11.773280
2.398661
-6.181172
-18.898930
-28.742041
-31.083652
-28.444188
-22.735766
-9.266308
6.351982
15.140261
23.727247
31.305552
32.473121
25.481667
15.529224
5.550725
-2.803121
-14.398949
-26.388850
-31.109367
-29.720068
-25.097813
-14.422962
2.269234
13.048649
21.059002
29.713767
33.527102
28.817143
19.083704
8.923667
-0.024182
-10.021755
-23.127965
-30.840124
-31.083652
-27.252265
-19.372191
-3.448554
10.147095
18.171753
27.203900
33.342498
31.517403
22.525958
12.372051
2.760376
-6.468977
-19.163745
-29.132196
-31.684978
-28.971434
-22.929226
-9.420429
6.297827
15.406779
24.263859
32.303163
33.413853
25.918654
16.051701
6.017174
-3.048182
-14.504024
-26.399578
-31.546354
-30.103241
-25.312730
-15.088149
1.371758
12.643848
20.817859
29.754979
34.107310
29.348135
19.540106
9.208236
-0.200953
-10.351624
-23.013524
-30.875036
-31.417779
-27.415923
-19.461087
-3.719330
9.983608
18.185037
27.501243
33.946889
32.010249
23.077897
13.019357
3.130095
-6.380592
-18.751281
-28.838941
-31.782900
-29.093368
-23.022549
-9.657145
6.408351
15.636853
24.780376
33.211708
34.573930
27.074303
16.982896
6.788118
-2.853530
-14.448847
-26.325158
-31.771660
-30.652796
-25.805235
-15.416486
1.147134
12.541328
21.145173
30.641215
34.815925
29.988629
20.382404
10.067395
0.195503
-10.100092
-22.574663
-30.617884
-31.666074
-27.854783
-20.319053
-4.905803
8.972202
17.575707
27.630329
34.673895
32.876560
24.077041
14.028549
3.681694
-6.256614
-18.532957
-28.688226
-32.030685
-29.428516
-23.613487
-10.335445
5.735329
14.954805
24.357523
33.256156
34.643752
27.637311
17.899786
7.524490
-2.391849
-13.752324
-25.663716
-31.630482
-30.930723
-26.330267
-16.427040
0.256641
11.763232
20.675829
31.051465
35.683428
30.919313
21.517788
11.283840
0.890834
-9.604863
-22.055932
-30.281203
-31.836544
-28.361593
-21.168504
-5.739246
8.477143
16.748054
27.411665
35.081250
33.565930
25.145837
15.320267
4.670620
-5.545276
-17.517635
-27.986595
-31.901087
-29.827186
-24.605649
-12.164797
4.285744
13.793366
23.590837
33.419984
35.209315
28.408085
18.944740
8.394037
-2.040863
-13.122729
-24.943692
-31.333651
-31.002079
-26.800632
-17.711776
-0.991992
10.873931
19.267116
30.374697
35.835675
31.544651
22.643634
12.725421
1.646280
-8.860826
-21.173613
-30.064583
-31.935147
-28.667450
-22.104979
-7.377352
7.561275
15.558004
26.280028
34.909248
34.143754
26.081290
16.712121
5.779437
-4.687820
-16.444921
-27.442489
-31.849997
-29.870272
-24.916955
-13.756922
3.054483
12.701239
21.920545
32.583986
35.755464
29.553175
20.429577
10.029759
-1.021283
-11.863879
-23.806095
-30.979259
-31.239986
-27.218546
-19.046920
-2.717291
9.895904
17.945426
29.157060
35.884721
32.383033
23.299456
13.865573
2.729722
-7.921628
-19.904205
-29.213428
-31.849827
-28.926475
-23.074150
-9.410041
6.080525
14.439481
24.639198
34.298386
34.962722
27.024065
17.771551
6.881441
-4.119362
-15.526499
-26.692663
-31.853233
-30.303512
-25.412185
-15.311071
1.312835
11.779240
20.431791
31.198263
35.817112
30.669315
21.528346
11.510168
-0.053814
-11.005913
-22.971800
-30.761957
-31.525748
-27.513845
-20.303556
-4.833426
8.684056
16.459056
27.375221
35.148178
33.354248
24.647032
15.287910
4.074403
-7.020916
-18.780572
-28.489147
-31.588248
-28.843539
-23.341690
-11.118140
4.477671
13.232742
22.725889
32.683781
35.108328
28.495278
19.385644
8.718627
-2.936465
-14.460598
-25.892258
-31.782559
-30.722959
-25.745801
-16.198839
-0.162465
10.825566
18.915279
29.304538
34.654992
30.793633
22.181954
12.814999
1.280478
-10.230371
-21.949325
-30.353751
-32.005651
-28.299945
-21.177871
-6.637403
7.295438
15.067373
25.399072
33.541577
33.328363
25.631019
16.512871
5.593130
-6.138086
-17.963307
-27.981145
-31.780005
-29.432092
-23.880686
-12.477466
3.022637
12.156623
21.193027
30.848469
34.163509
29.043470
20.355497
10.365077
-1.578161
-13.366256
-24.648224
-31.051806
-30.848128
-26.180914
-17.325197
-1.985856
9.203638
17.080477
27.254820
33.205918
30.885765
22.974185
14.068740
2.699409
-9.100097
-20.912715
-29.750041
-31.852041
-28.381518
-21.805082
-7.770061
6.385871
13.866084
23.247514
31.391042
32.174247
25.811536
17.154728
6.838015
-4.924025
-16.971656
-27.456794
-31.657560
-29.748678
-24.491889
-13.694763
1.736539
11.101450
19.396544
28.799091
32.366344
28.614146
20.619801
11.285033
-0.363588
-12.403045
-24.018117
-30.819178
-30.865329
-26.682104
-18.291133
-3.388439
8.384160
15.743971
25.347642
31.458310
30.209848
23.209878
14.525141
3.964901
-7.895912
-19.928047
-29.019628
-31.229428
-28.350694
-22.320066
-9.377684
4.910571
12.722356
21.340166
29.360397
30.962229
25.902135
17.618792
7.767166
-3.744193
-15.888725
-26.658773
-31.423228
-29.542276
-24.651459
-14.565161
0.606775
10.224581
17.766612
26.577371
30.421700
27.625901
20.529883
11.412246
0.671489
-11.290142
-23.155383
-30.671018
-30.796187
-26.864665
-19.306966
-4.670961
7.428612
14.543874
23.262160
29.381514
28.935841
23.070404
14.373405
4.342454
-6.815876
-19.137348
-28.858355
-31.372479
-28.113297
-22.778000
-10.528735
3.669262
11.662926
19.514390
27.007205
29.223136
25.404351
17.696960
8.000306
-2.534900
-14.507600
-25.673423
-31.186002
-29.346602
-24.963788
-15.530075
-0.402246
9.258645
16.359091
24.343899
28.425114
26.563406
20.134619
11.099577
1.377548
-10.073015
-22.203582
-30.119078
-30.395644
-26.594741
-19.940819
-5.624124
6.552594
13.626984
21.475724
27.234384
27.449301
22.458519
14.132432
4.563332
-5.646093
-18.007755
-28.222118
-31.282050
-28.020654
-23.026466
-11.047636
3.105743
11.088508
18.586091
25.260959
27.587414
24.347816
17.323664
7.913964
-1.598256
-13.302565
-24.969067
-30.966486
-29.310329
-25.079932
-16.322647
-1.351833
8.569275
15.633787
22.876433
26.845421
25.510107
19.684349
10.522093
1.413992
-8.856739
-21.396364
-29.742377
-30.250038
-26.421206
-20.540271
-6.483453
5.815029
12.912410
20.156247
25.195565
25.963954
21.667651
13.402871
4.131453
-4.801750
-17.132759
-27.670860
-31.101193
-27.960369
-23.378815
-11.811767
2.574239
10.570117
17.866237
23.791279
26.037863
23.441315
16.566345
7.110664
-1.337017
-12.369667
-24.439096
-30.535460
-29.033593
-25.162186
-16.817706
-1.449926
8.420774
15.238013
22.139038
25.522539
24.900266
19.347497
10.246379
1.529455
-7.958242
-20.728452
-29.495273
-30.225856
-26.479108
-20.848342
-6.840229
5.684410
12.625456
19.767455
24.097306
24.967534
21.048784
12.903043
3.783362
-4.157509
-16.149793
-27.017764
-30.549935
-27.476038
-23.409469
-12.393168
2.141169
10.027885
17.272234
22.728103
24.907589
22.710902
15.968766
6.565707
-1.215764
-11.613880
-24.006878
-30.168636
-28.692995
-24.928365
-17.092058
-1.592125
8.332729
14.981372
21.367584
24.501766
23.930413
18.503496
9.359632
1.247610
-7.329839
-20.159483
-28.962578
-29.856648
-26.212249
-20.936898
-7.156474
5.502360
12.370859
19.349200
23.390736
24.319376
20.602942
12.334585
3.263950
-4.109485
-15.923977
-26.970250
-30.620950
-27.570384
-23.508753
-12.629884
2.296993
9.986843
16.993455
22.012847
23.987464
22.043841
15.091045
5.837679
-1.045976
-10.942050
-23.469414
-29.744932
-28.449467
-24.850368
-17.246178
-1.748971
8.229528
14.970132
21.063430
23.876769
23.470776
17.905576
8.649145
1.037802
-6.915501
-19.538573
-28.423582
-29.313224
-25.729792
-20.729985
-7.019043
5.635875
12.578964
19.282273
22.616046
23.557970
20.142794
11.678593
2.767529
-4.028593
-15.570436
-26.913541
-30.496802
-27.528661
-23.627111
-12.715885
2.356427
10.208573
17.022576
21.650621
23.243768
21.533285
14.209407
4.909039
-1.415185
-10.797467
-23.373365
-29.684986
-28.212241
-24.772882
-17.410176
-1.996756
8.205175
15.037230
20.999908
23.458855
23.487125
17.839159
8.038112
0.568117
-6.770577
-19.358567
-28.200150
-28.866700
-25.496653
-20.657778
-6.839548
5.879743
12.532643
19.274099
22.351912
23.216350
19.882747
11.117288
2.206734
-3.821339
-15.240397
-26.613133
-29.944522
-27.068342
-23.500408
-12.630395
2.467121
10.397434
17.434699
21.654708
23.115873
21.539416
14.089687
4.175901
-1.616819
-10.704143
-23.418495
-29.526949
-27.862787
-24.591514
-17.283133
-1.924379
8.178779
15.033313
20.821095
22.960901
23.158618
18.016441
7.872752
0.372784
-6.628547
-19.452402
-28.450148
-28.838430
-25.575161
-20.717212
-6.690366
6.072521
12.954303
19.611631
22.431101
23.320743
20.040103
10.812964
1.964058
-3.506116
-14.828273
-26.225363
-29.282059
-26.649066
-23.481335
-12.727976
2.351318
10.480540
17.728465
21.903855
23.357698
21.912711
14.004196
3.743001
-1.950094
-10.836465
-23.538385
-29.419490
-27.717522
-24.522032
-17.193045
-1.666546
8.364064
15.461445
21.027497
22.969587
23.188932
17.699855
7.036584
-0.163146
-6.623098
-19.422940
-28.339965
-28.621299
-25.519303
-20.883935
-6.643193
6.287779
13.358763
19.994123
22.717374
23.951360
20.708527
10.634490
1.662118
-3.446681
-14.882258
-26.420525
-29.195377
-26.393107
-23.229803
-12.256588
2.863577
11.000633
18.196276
22.133929
23.607016
22.411687
14.227118
3.675733
-1.737390
-10.554109
-23.512159
-29.192993
-27.429547
-24.643115
-17.195259
-1.539843
8.370706
15.657289
21.487134
23.597309
23.824828
17.681122
6.760189
-0.195674
-6.675550
-19.707339
-28.545175
-28.671707
-25.629657
-20.723854
-6.281137
6.757293
14.108930
20.736626
23.513181
24.487972
20.635980
10.283675
1.410076
-3.712348
-15.107393
-26.619945
-29.517923
-26.865516
-23.493937
-12.178932
2.959626
11.596680
19.061395
23.134606
25.008576
23.272378
14.179093
3.568104
-1.832247
-10.947670
-24.007899
-29.483523
-27.776446
-24.924278
-16.942195
-1.151221
9.259837
16.561406
22.160666
24.545193
24.918147
18.241065
6.758826
-0.050749
-6.611517
-19.841194
-28.629303
-28.679201
-25.743416
-20.627465
-6.296294
7.022790
14.617954
21.283797
24.408954
25.999716
21.647726
10.344812
1.522473
-3.441232
-15.272413
-26.837587
-29.594898
-26.975359
-23.312739
-11.735644
3.654105
12.404748
19.917318
24.289233
26.216677
24.039916
14.398949
3.833260
-1.557725
-11.029073
-24.186202
-29.535634
-27.848823
-25.026117
-16.690322
-0.802279
9.962320
17.410857
23.150614
25.782755
25.872844
18.511329
6.973403
0.205891
-6.829160
-20.429237
-29.076849
-29.240165
-26.451009
-20.722321
-6.104878
7.234131
15.178578
22.009611
25.548254
26.777812
21.816151

