-6.220000
-8.536748
-12.084075
-11.426721
-6.515809
-3.042221
2.423865
7.906301
6.468637
5.523137
10.816029
8.407491
4.111358
3.879070
-1.584632
-5.458593
-7.303442
-10.862691
-12.257610
-7.980551
-4.159723
-0.119380
6.287268
7.423844
4.973582
9.290661
10.506766
4.640647
4.155295
0.281504
-5.101476
-7.118327
-9.833404
-12.676375
-10.097367
-5.302599
-2.067600
4.079342
7.456030
4.963364
7.008144
11.225087
5.893878
3.734657
2.390998
-3.509181
-6.583418
-8.489575
-11.615413
-11.449882
-6.427765
-2.940382
2.029283
7.198198
6.118332
5.361523
10.888406
8.630242
3.999642
4.017353
-1.242672
-5.804300
-7.730722
-10.558707
-12.352296
-7.929802
-3.606081
0.181368
6.070307
7.155963
4.615613
8.927243
10.176386
4.192761
3.888948
0.781332
-4.954679
-7.554633
-9.597199
-12.625286
-10.454655
-5.097389
-1.786436
3.914492
7.527556
5.160230
7.163797
11.346851
6.023986
3.544944
2.452305
-3.386566
-6.802763
-8.305482
-11.285033
-11.444773
-6.153924
-2.659048
1.745735
7.242135
6.577287
5.900519
11.226620
9.025165
4.056011
4.028933
-0.618867
-5.486693
-7.526023
-9.996040
-12.046439
-8.009842
-3.475462
-0.254256
5.492653
7.032326
4.796982
9.069443
10.600090
4.399845
3.822531
1.168251
-4.558223
-7.549695
-9.479523
-12.142999
-10.047981
-4.634517
-1.669441
3.493343
7.221528
4.861695
6.622246
11.055470
5.872420
3.191233
2.752713
-2.769232
-6.857940
-8.426223
-11.202438
-11.657817
-6.401369
-2.496753
1.594339
6.984813
6.545612
5.914995
11.101450
8.804287
3.660236
3.659214
-0.813348
-6.109476
-7.886376
-9.852988
-12.060404
-8.245877
-3.494535
-0.397137
5.088193
7.067408
4.993847
9.203809
10.773625
4.370213
3.627028
1.490797
-4.329170
-7.309062
-8.959259
-11.793545
-10.134152
-4.669258
-1.977342
2.708435
7.220677
5.500657
6.884677
11.630058
6.631783
3.459624
2.976656
-2.532346
-6.803785
-8.219481
-10.703802
-11.450904
-6.038121
-2.063343
1.418250
6.656647
6.445987
5.290849
10.840212
8.992297
3.465584
3.863743
0.111205
-5.434070
-7.680995
-9.771756
-12.280090
-8.652381
-3.686803
-0.787463
4.761900
7.363217
5.150523
8.966242
10.974067
4.113402
3.036090
1.462017
-4.388605
-7.324730
-8.592776
-11.687619
-10.624783
-4.990952
-2.207245
2.053125
6.943090
5.721876
6.808724
11.919907
6.840399
3.086499
3.030641
-2.201285
-6.830692
-7.939168
-10.308198
-11.754206
-6.547655
-2.451284
0.631128
6.031990
6.702117
5.201612
10.812112
9.659529
3.345183
3.574916
0.277758
-5.466427
-7.679973
-9.268522
-12.198857
-8.736679
-3.431865
-0.948736
4.223926
7.585457
5.218983
8.351633
11.559214
4.855054
3.088542
2.144916
-3.701789
-7.408176
-8.391823
-11.481047
-10.886192
-5.015646
-1.977342
1.780476
6.974936
5.946670
6.236179
11.939151
7.703475
2.874306
3.331729
-1.259191
-6.409373
-7.899318
-10.037763
-11.898279
-7.112537
-2.824409
-0.151225
5.507299
7.030623
5.184412
10.381767
10.469130
3.434931
3.276042
0.872101
-5.104712
-7.739237
-8.774485
-11.761359
-9.318590
-3.674882
-1.098258
3.585475
7.280111
5.391666
7.840225
11.635167
5.448546
2.921820
2.459628
-3.111022
-7.142850
-8.007118
-10.834421
-11.199202
-5.370549
-1.956565
1.474108
6.832566
6.819623
6.305831
11.554446
8.362191
2.699920
2.873284
-1.077311
-6.313154
-7.974420
-9.538787
-11.754036
-7.465908
-2.861193
-0.515665
4.844666
7.246903
5.445991
10.013921
11.362859
4.366807
3.111192
1.095193
-4.712854
-7.937806
-8.876835
-11.431660
-9.679113
-3.921815
-1.340594
2.840587
7.140807
5.630084
7.382120
11.979852
6.516831
3.022977
2.667563
-2.403940
-6.848403
-8.128371
-10.365929
-11.217424
-5.887236
-2.207415
0.945330
6.051915
6.559917
5.820138
11.190176
9.291853
3.173862
3.069810
-0.488417
-6.065369
-8.280448
-9.472540
-11.562450
-7.937465
-2.795798
-0.125170
4.620211
7.091079
5.362885
9.163277
11.348043
4.767350
3.297840
1.615967
-3.903593
-7.538455
-8.884839
-11.383295
-10.135685
-4.429306
-1.422167
2.550398
7.154090
6.303106
7.493326
12.322494
7.321324
2.986533
2.615622
-2.200093
-6.796803
-8.222546
-10.135685
-11.093276
-6.331035
-2.554996
0.336681
5.446502
6.506954
5.675214
11.082206
10.109459
3.739425
3.321682
-0.079019
-5.719151
-8.320979
-9.527717
-11.487518
-8.294753
-3.126008
-0.833614
3.737041
6.750652
5.087001
8.392504
11.723212
5.525010
3.528936
2.394063
-3.139632
-7.517849
-9.123087
-11.162928
-10.449886
-4.346541
-1.052107
2.546310
6.960971
6.319625
6.627696
11.954989
7.988725
3.281661
3.309931
-1.230751
-6.198202
-8.164133
-10.035719
-11.355366
-6.859643
-2.567087
0.398329
5.524499
6.998948
5.699056
10.728666
10.767153
3.996577
3.323896
0.427110
-5.237886
-8.049182
-9.385007
-11.410713
-8.746215
-3.448725
-0.920466
3.414495
6.854023
5.488225
8.125475
12.027196
6.226301
3.577982
2.457244
-3.107616
-7.133995
-8.889096
-11.047806
-10.514259
-5.073377
-1.569305
1.983302
6.583588
6.350449
6.284543
11.687108
8.752346
3.580025
3.547839
-0.829526
-5.849600
-8.303949
-10.308538
-11.418717
-7.062129
-2.406836
0.397989
5.312477
7.085970
5.418233
9.782144
11.093276
4.665000
3.758839
1.102005
-4.529442
-7.701772
-9.681838
-11.732919
-9.276867
-3.916195
-1.020261
3.439018
7.178443
5.667210
7.688488
12.197495
6.742137
3.486701
2.739089
-2.582925
-6.572689
-8.719138
-11.105708
-10.699885
-5.526883
-2.143894
1.545463
6.524154
6.536075
6.157841
11.695794
9.733949
4.061971
3.860678
-0.327485
-5.355903
-7.909196
-10.163954
-11.350768
-7.364239
-2.848761
0.197547
5.180665
6.963525
5.138431
9.269544
11.238882
5.116974
4.162277
1.573222
-4.081385
-7.145405
-9.609972
-12.037073
-9.638412
-4.301241
-1.183237
3.510032
7.344484
5.790847
7.141147
11.738709
7.049186
3.830365
3.112555
-2.324581
-6.197691
-8.345331
-11.231729
-11.068242
-5.973237
-2.464056
1.473597
6.667205
6.702117
5.880765
11.092935
9.918894
4.453148
4.098586
-0.231436
-4.954338
-7.382631
-10.427577
-11.912584
-7.660559
-3.342118
-0.417914
5.096708
7.492474
5.343471
8.862529
11.472191
5.526032
4.343305
1.809427
-3.847735
-6.431511
-9.083748
-11.823007
-9.683030
-4.658358
-1.744202
3.434590
7.496561
5.609478
6.867136
11.858089
7.531813
4.271780
3.734486
-2.051592
-5.613225
-8.024829
-11.482409
-11.292185
-6.018196
-2.638612
1.555000
7.012912
6.757634
5.487204
10.550022
9.575060
4.323551
4.399334
-0.125340
-4.813841
-6.737198
-10.262898
-12.418883
-8.160557
-3.731251
-0.651394
5.200420
7.770913
5.456039
8.916003
11.340209
5.555493
4.519394
1.890148
-4.091263
-6.305320
-8.914471
-12.221847
-10.054963
-4.919427
-2.098765
3.323896
7.857084
5.811112
6.701435
11.727810
7.725784
4.426922
3.932033
-1.778943
-4.943439
-7.317407
-11.311259
-11.485474
-6.423507
-3.348419
0.793082
6.961993
6.969316
5.480562
10.522093
9.796109
4.511901
4.661764
-0.025375
-4.883323
-6.437983
-9.950740
-12.262889
-8.217096
-3.892524
-0.754425
5.476475
7.623945
4.957233
8.389098
11.196818
5.467108
4.697016
2.339567
-3.690209
-5.720173
-8.700405
-12.341227
-10.154588
-5.034889
-2.232279
3.415346
8.306333
6.317752
6.883655
11.751822
7.834605
4.549026
4.025527
-1.995223
-5.031654
-7.090909
-11.265108
-11.533669
-6.529263
-3.424542
0.786611
7.185766
7.070133
5.432708
10.409525
9.621552
4.527909
4.820824
-0.103542
-4.940544
-6.255422
-10.160719
-12.600933
-8.647953
-4.427944
-1.183748
5.421128
7.682358
4.922833
8.148125
10.727985
5.366973
4.639285
2.119371
-3.544773
-5.193268
-8.484806
-12.444428
-10.212830
-5.200590
-2.576624
3.544603
8.656297
6.467615
6.871223
11.590890
7.725784
4.709618
3.971032
-2.268553
-5.074229
-6.835801
-11.297294
-11.628185
-6.560768
-3.488745
0.985180
7.356235
7.115092
5.287954
10.267666
9.248938
4.557541
4.871062
-0.168426
-4.783188
-6.104027
-10.344301
-12.913431
-8.718797
-4.840067
-1.462187
5.642516
8.143187
5.178792
8.470672
10.844980
5.430494
4.808903
1.886742
-3.870385
-4.972560
-8.056164
-12.185403
-9.951081
-5.254575
-2.767018
3.374645
8.495535
6.189176
6.829330
11.501993
7.554974
4.955700
4.208258
-2.479213
-5.053111
-6.800038
-11.540822
-11.696986
-6.528241
-3.541367
1.204865
7.885184
7.217441
5.271435
10.071652
8.879389
4.299538
5.016838
-0.366994
-4.756110
-5.731583
-10.336808
-12.970141
-8.697169
-5.101647
-1.795632
5.689519
8.476121
5.491461
8.789812
11.009829
5.412272
5.035571
1.865625
-4.406997
-5.173343
-8.031300
-12.337651
-9.946483
-5.286080
-2.873966
3.494365
8.536066
6.042208
7.012061
11.624438
7.355724
5.149671
4.475117
-2.484662
-4.915169
-6.509508
-11.616264
-11.868988
-6.884507
-4.087346
0.917230
7.827282
7.201093
5.329677
10.185242
8.734124
4.359995
4.956893
-0.841447
-4.986354
-5.644560
-10.410718
-12.920925
-8.491789
-4.890476
-1.515491
6.150518
8.482422
5.296469
8.628368
10.629381
5.102328
5.155291
1.837356
-4.255942
-4.820313
-8.094992
-12.648276
-10.205337
-5.536079
-3.191233
3.614766
8.842264
6.188154
7.217782
11.772939
7.000651
4.939352
4.020248
-3.134183
-5.086490
-6.584781
-11.707715
-11.902877
-6.902558
-4.374981
0.669786
7.696152
6.748949
4.860844
10.210787
8.735997
4.311119
4.923173
-1.004764
-5.093472
-5.700759
-10.492291
-13.039623
-8.675371
-5.045789
-1.694815
6.090914
8.398124
5.202634
8.705173
10.325568
4.948889
5.306687
1.712186
-4.661424
-5.055325
-8.158343
-12.533154
-10.266985
-5.547149
-2.676078
4.115956
8.982761
6.111520
6.859473
11.117799
6.566388
4.692078
3.492492
-3.586837
-5.312647
-7.126331
-12.170928
-12.041330
-7.119179
-4.363401
1.024008
8.074726
6.927082
5.222559
10.296277
8.653743
4.466772
4.673685
-1.571860
-5.380426
-5.877188
-10.725600
-12.995516
-8.506434
-4.968984
-1.280819
6.382636
8.376496
5.168234
8.867809
10.578292
5.042383
5.248615
1.414844
-4.557031
-5.012751
-8.497068
-12.534686
-10.052408
-5.762407
-2.857447
4.073381
8.716072
5.756446
7.007633
11.452096
6.558214
4.767520
3.526381
-3.581728
-5.362885
-7.481234
-12.203114
-11.798143
-7.105214
-4.122768
1.321861
8.068596
6.841081
5.033187
10.061775
8.342777
4.439184
4.694292
-1.672847
-5.266837
-5.966595
-10.680131
-12.862512
-8.611679
-5.164657
-1.146282
6.417717
8.115428
4.885367
8.740425
10.508639
5.222218
5.421468
1.302447
-4.779271
-5.361864
-8.883647
-12.762206
-10.103328
-5.803789
-2.761739
4.205023
8.691038
5.699907
6.663118
11.094298

