2.343314
-13.449703
-21.053723
-22.658450
-22.797414
-18.928051
-13.416495
-9.481907
-5.256108
2.835989
11.877162
20.510469
27.539049
27.481999
20.432643
8.129392
-8.229188
-19.480160
-22.253139
-23.027318
-20.798445
-15.390771
-10.401862
-6.756101
-0.070163
9.221349
17.859936
25.750228
28.383221
23.391417
12.847696
-2.480064
-16.444751
-21.509102
-22.943701
-22.384780
-17.940147
-12.566022
-8.675541
-3.370387
5.899668
15.101773
23.582322
28.693165
26.138680
17.195429
3.037964
-12.525661
-20.659651
-22.459200
-22.775616
-19.538913
-14.310905
-9.850264
-5.885874
1.960141
11.683702
20.792995
27.878795
28.334345
21.302359
8.912938
-7.020235
-18.558672
-21.982874
-22.793497
-20.827055
-16.056810
-10.996205
-7.183892
-0.892878
8.376326
17.803396
25.935003
28.970923
24.026121
13.358763
-1.661948
-15.394006
-20.750761
-22.429568
-22.047418
-18.249239
-13.086455
-8.920431
-3.728356
5.348751
14.905248
23.756708
28.750386
26.422058
17.614876
3.850119
-11.597020
-19.816841
-21.972316
-22.525958
-19.836426
-15.199355
-10.606902
-6.427084
1.349960
11.318922
20.935025
28.116703
28.535468
21.571772
9.679965
-6.100450
-17.759970
-21.351406
-22.491898
-20.867927
-16.703606
-12.002502
-8.001157
-1.748800
7.669755
17.510482
26.078394
29.373339
24.611780
14.388561
-0.451122
-14.644861
-20.313944
-21.967547
-21.572965
-18.074853
-13.576235
-9.450912
-4.418577
4.105568
14.169557
23.652485
29.175792
27.092695
18.467903
5.312307
-10.272775
-18.931116
-21.188600
-22.068364
-19.534997
-15.334913
-10.922466
-6.515980
1.105581
10.681663
20.574502
28.312717
28.774568
21.825518
10.609627
-4.573890
-16.794886
-20.517111
-22.031920
-20.593575
-16.839334
-12.694597
-8.577960
-2.147300
6.966250
16.847679
26.356322
29.818160
25.034291
15.250104
1.477684
-13.302735
-19.547258
-21.360942
-21.431787
-18.192870
-14.065163
-9.951421
-4.783698
3.794091
13.189316
23.294347
29.395138
27.311189
18.871682
6.820985
-8.638416
-18.307141
-20.517962
-21.640062
-19.202062
-15.626465
-11.743648
-7.338183
0.350816
9.576423
19.691501
28.395993
29.264178
22.298438
11.558192
-3.114768
-16.137191
-19.917829
-21.331310
-20.179578
-16.689471
-13.009991
-9.077277
-2.663476
6.441729
15.936579
25.986092
29.872486
25.289570
15.839168
2.656153
-12.197324
-19.080979
-20.733731
-20.992756
-18.004690
-14.562437
-10.753700
-5.574737
3.033025
12.174164
22.656577
29.775415
27.721950
19.464152
7.940531
-7.243327
-17.785004
-19.879341
-20.858049
-18.573829
-15.404395
-12.298993
-7.867473
-0.231266
8.705854
18.681969
28.480973
29.713256
23.052352
12.658153
-1.417398
-15.125104
-19.388539
-20.518644
-19.494125
-15.955142
-13.064146
-9.398290
-3.111873
5.656481
14.740569
25.486435
30.065434
25.602068
16.470637
4.023143
-11.120013
-18.804244
-20.110437
-20.489011
-17.449856
-14.556646
-11.209249
-5.898476
2.657175
11.385509
22.022213
29.855115
27.883053
19.826378
8.656297
-6.258658
-17.377479
-19.523927
-20.362309
-18.044540
-15.027523
-12.641294
-8.187805
-0.691754
7.940701
17.896380
28.307268
30.025755
23.632220
13.620853
-0.396456
-14.530080
-19.409997
-20.384448
-19.351074
-15.597854
-13.233083
-9.648459
-3.417049
4.972390
13.675519
24.858543
30.217852
25.954757
17.380544
5.132301
-10.231733
-18.657276
-19.951037
-20.151309
-16.706501
-14.157636
-11.422294
-5.941732
2.168417
10.397775
21.151134
29.881511
28.156383
20.468065
9.662764
-5.283696
-16.993795
-19.482204
-20.114865
-17.695768
-14.550516
-12.670755
-8.253029
-0.705719
7.480553
17.153195
28.104952
30.116013
23.788725
14.102118
0.204870
-14.271055
-19.336939
-20.018475
-18.900122
-15.103987
-13.218778
-10.022606
-3.616469
4.436459
12.974569
24.645499
30.493907
26.299272
17.981359
5.888428
-9.875127
-18.702405
-20.102262
-20.168849
-16.521897
-13.949530
-11.639595
-6.200245
1.832758
9.649311
20.504168
29.715129
28.402294
20.985433
10.385684
-4.856927
-16.868114
-19.539424
-20.084551
-17.459052
-14.164788
-12.559891
-8.305482
-1.012427
6.771769
16.312259
27.718885
30.081953
24.118934
14.739037
0.726155
-14.020715
-19.411189
-20.141091
-18.779039
-14.905419
-13.170924
-10.097708
-3.518547
4.282338
12.596505
24.413552
30.465978
26.391745
18.257924
6.121738
-9.670768
-18.658979
-19.955635
-19.883088
-16.030754
-13.606889
-11.698178
-6.261212
1.524346
9.138414
20.090512
29.725177
28.566633
21.494457
11.121716
-4.372937
-16.903026
-19.715343
-20.175661
-17.353637
-14.118978
-12.785707
-8.625133
-1.226834
6.186792
15.726260
27.394806
29.907737
24.143628
15.374592
1.226493
-14.026165
-19.468921
-20.160505
-18.307311
-14.144012
-12.821300
-10.196141
-3.548009
3.953321
11.886529
23.955788
30.544315
26.512657
18.788917
6.680148
-9.771415
-19.009454
-20.431791
-19.887005
-15.486309
-13.207538
-11.352130
-5.894729
1.693964
8.873088
19.909314
29.662166
28.611081
21.755014
11.677742
-4.243340
-17.044374
-20.112821
-20.566327
-17.573663
-14.048304
-12.605190
-8.196490
-0.886917
6.081547
15.524455
27.387994
30.105965
24.335044
15.821798
1.619373
-13.720138
-19.589322
-20.464148
-18.604142
-14.427560
-12.988363
-9.971687
-3.209795
3.965242
11.770555
24.041789
30.654669
26.694707
19.251789
7.051059
-9.545769
-18.797943
-20.386492
-19.668511
-15.419381
-13.189316
-11.495011
-5.965914
1.404967
8.296285
19.609247
29.613972
28.555564
21.881546
11.810746
-4.472051
-17.545053
-20.662376
-20.837614
-17.220804
-13.797453
-12.714693
-8.268527
-0.717981
5.784546
15.277352
27.556590
30.230624
24.482352
16.003166
1.400028
-14.304093
-20.047256
-20.994629
-18.723352
-14.273439
-13.016462
-9.906462
-3.049033
3.703662
11.468615
23.857525
30.607837
26.985577
19.804920
7.401194
-9.669065
-19.191504
-21.007402
-20.199674
-15.685218
-13.476780
-11.611666
-5.569969
1.539333
8.070980
19.420726
29.467855
28.446742
22.077390
12.267658
-4.468305
-17.579113
-20.869119
-21.154710
-17.303569
-13.722522
-12.530940
-7.914475
-0.487736
5.731242
15.106201
27.224336
30.030353
24.600880
16.294547
1.261405
-14.555284
-20.207337
-21.158797
-18.768992
-14.275994
-12.876477
-9.700060
-2.699409
3.984315
11.800187
24.062736
30.594553
26.916265
19.656420
6.933893
-10.515962
-19.632408
-21.270684
-20.252466
-15.780074
-13.553245
-11.511700
-5.500146
1.556362
8.112192
19.385644
29.466663
28.644970
22.369793
12.148108
-5.044937
-18.190145
-21.435533
-21.693707
-17.585414
-13.961281
-12.470143
-7.670777
-0.430856
5.833762
15.145881
26.873180
29.592173
24.594920
16.382251
0.953674
-15.221494
-20.673445
-21.746159
-19.286871
-14.764581
-13.010842
-9.376662
-2.639294
3.937483
11.724063
23.689270
29.901436
26.651451
19.594261
6.618329
-11.010511
-20.110267
-21.685532
-20.719937
-15.922444
-13.622727
-11.276518
-4.996913
2.051762
8.817230
19.773245
29.132707
28.354611
22.288391
11.650154
-5.777563
-18.647739
-21.569899
-21.908794
-17.742259
-14.043706
-12.313468
-7.320642
-0.476156
6.093979
15.619312
26.803187
29.402971
24.860246
16.402347
0.339406
-15.683685
-21.153178
-22.210223
-19.681965
-14.813117
-12.898956
-8.887734
-2.383505
3.975460
11.842421
23.211241
29.381684
26.558127
19.737141
6.284033
-11.562960
-20.532608
-22.204944
-21.492073
-16.475405
-13.645036
-10.594130
-4.468816
2.109664
9.111507
19.473008
28.010777
27.711732
22.199835
11.130401
-6.526538
-18.903017
-21.702392
-22.410325
-18.456663
-14.382941
-12.068238
-6.896598
-0.165020
6.687301
16.144173
26.144981
28.728247
24.450506
15.583890
-0.663144
-16.351087
-21.411521
-22.567681
-20.250082
-15.327590
-12.630395
-8.608784
-2.189704
4.349266
12.522084
23.008585
28.548752
26.365008
19.264391
5.387408
-12.121541
-20.574502
-22.493601
-22.240366
-17.403364
-13.680969
-10.367291
-4.565205
2.306870
9.574720
19.498382
27.140890
27.245624
21.748202
10.272605
-7.370881
-19.438607
-21.997009
-22.691148
-19.076211
-14.494658
-11.227131
-6.443092
-0.103882
7.263252
16.343764
25.519984
28.169155
24.308307
14.983245
-1.200948
-16.510827
-21.535328
-23.010288
-21.242414
-16.016620
-12.442044
-8.094481
-2.020938
5.303792
13.486317
22.987127
28.190783
25.968041
18.294368
4.300049
-12.575558
-20.835400
-22.675991
-22.764887
-18.358231
-14.156103
-10.216066
-4.841260
2.360855
10.527032
19.867931
27.237790
27.252606
21.273579
9.588173
-7.496902
-19.320760
-22.232362
-23.238148
-20.354475
-15.489033
-11.490413
-6.715400
-0.087874
7.926566
16.834395
25.492396
28.141567
23.667642
14.140606
-1.568624
-16.291312
-21.552869
-23.159129
-21.940299
-17.050845
-12.907130
-8.586134
-2.563851
5.478689
14.202935
23.237637
28.301477
25.618928
17.447301
3.656660
-12.665476
-20.616055
-22.445917
-22.963456
-19.131899
-14.543533
-10.691541
-5.483116
2.297333
11.114563
20.620142
27.976888
27.774232
20.721129
8.986507
-7.456882
-19.143820
-22.060360
-23.218904
-21.026475
-16.045230
-11.974233
-7.561956
-0.519071
8.183547
17.341205
26.147536
28.956618
23.766756
13.846159
-1.021453
-15.493120
-20.865713
-22.477933
-22.250414
-18.044540
-13.598374
-9.668895
-3.544773
5.396264
14.497212
23.944889
29.235227
26.058640
17.034837
4.252536
-11.443581
-20.083530
-21.870647
-22.444044
-19.523587
-15.298980
-11.470829
-6.680148
1.386915
10.811772
20.795890
28.736932
28.451341
20.641259
9.221349
-6.172657
-18.324171
-21.546909
-22.606850
-20.736967
-16.614028
-12.846163
-8.878367
-1.706736
7.486173
17.231533
26.998350
30.221088
24.408783
14.051369
-0.025204
-14.616762
-20.576034
-22.067342
-21.487304
-17.661708
-13.958727
-10.358436
-4.513434
4.204171
13.480186
23.868254
29.980285
26.999712
18.033641
5.901541
-9.557520
-18.986804
-21.254335
-22.237982
-19.259964
-15.632084
-12.290307
-7.293395
0.992843
9.788615
19.899947
28.852565
29.031549
21.178382
10.589361
-3.854036
-16.621862
-20.414931
-21.900449
-20.278692
-16.463825
-13.429778
-9.411573
-1.986197
6.909711
16.155073
26.609557
30.388151
24.670192
14.833382
1.924208
-12.907301
-19.227777
-20.854643
-21.001441
-17.417158
-14.496871
-11.405264
-5.437647
3.712518
12.584414
23.361785
30.620439
27.654171
18.287727
6.837845
-8.319105
-18.599715
-20.501784
-21.424464
-18.619469
-15.379361
-12.954814
-8.380924
-0.175919
8.435249
18.459729
28.781039
29.869590
22.264549
11.896746
-2.069644
-15.665122
-19.899436
-21.477597
-20.105839
-15.995502
-13.661214
-10.226284
-2.955539
5.863053
14.369999
25.500400
30.649900
25.477409
15.988520
3.862211
-11.112009
-18.673454
-20.232712
-20.738500
-16.960076
-14.296940
-11.755398
-5.898646
2.988407
11.144025
21.754674
30.322415
28.105293
19.211599
8.326599
-6.347384
-17.602784
-19.656931
-20.746504
-18.127816
-14.774118
-13.208219
-8.894375
-0.697034
7.836648
17.250776
28.466497
30.546359
23.267439
13.042518
-0.596728
-14.908825
-19.695929
-20.799637
-19.621168
-15.303578
-13.384308
-10.453633
-3.752027
4.776205
12.973547

