25.438411
34.514666
34.671852
26.337760
17.112153
6.584270
-4.511390
-16.587632
-27.309316
-31.792607
-29.922043
-24.911506
-14.146566
2.215760
12.148959
21.030222
31.543119
35.758359
29.996634
20.601749
10.578292
-0.822885
-12.274129
-24.045025
-30.984197
-31.112773
-26.774917
-18.650293
-2.988917
9.441376
17.171076
27.890205
34.939902
32.633884
23.787703
14.676877
3.688846
-8.029938
-20.116738
-29.190608
-31.804868
-28.787340
-22.539411
-9.124449
6.051745
14.394181
24.131707
33.434629
34.618207
27.128117
17.918859
7.770743
-3.991638
-15.982560
-26.666777
-31.711544
-30.168295
-24.953229
-14.805794
0.967128
11.178425
19.564118
29.806239
34.643412
30.319350
21.514893
12.057509
0.344174
-11.862006
-23.592200
-30.875547
-31.743731
-27.374881
-19.280229
-4.121746
8.375474
15.831675
25.997843
33.310992
32.134567
24.144139
15.441009
4.902737
-7.286242
-19.555603
-28.565100
-31.563214
-29.181412
-22.979464
-10.294744
4.700933
13.092075
22.282771
31.296526
33.280168
27.126585
18.446786
8.801052
-3.244707
-15.657459
-26.300975
-31.461886
-30.417272
-25.394133
-15.276160
0.154631
10.505744
18.518823
28.133563
32.806056
29.509068
21.481344
12.571812
1.447371
-10.968617
-22.817339
-30.475685
-31.508718
-27.791602
-20.021370
-5.243165
7.664476
15.127659
24.453061
31.335694
30.919995
24.117231
15.535525
5.547830
-6.339380
-18.720457
-28.331450
-31.537669
-28.814418
-23.265396
-11.154413
3.646442
12.152025
20.369973
28.891393
31.480108
26.800292
18.528359
9.070465
-2.094167
-14.457362
-25.543315
-31.086547
-29.950142
-25.604112
-15.956163
-0.917571
9.428263
16.796078
25.791611
30.597619
28.257711
21.115712
12.331350
2.077818
-10.005236
-22.146532
-30.086551
-30.901602
-27.314084
-20.305940
-6.239244
6.550550
14.003345
22.366047
28.890201
29.222454
23.696933
15.248912
5.534717
-5.495378
-17.963818
-28.070382
-31.508037
-28.736591
-23.533106
-11.675869
2.909728
11.303595
18.996341
26.673589
29.161317
25.513513
18.122366
9.099926
-1.161950
-13.344118
-24.865355
-30.951330
-29.682262
-25.471789
-16.687087
-1.688855
8.624962
15.902690
23.957491
28.626748
27.131864
20.760979
12.002843
2.290521
-9.064504
-21.462781
-29.811859
-30.623163
-26.826518
-20.590510
-6.796292
5.781480
12.945277
20.519325
26.587929
27.359724
22.623709
14.762538
5.333764
-4.618508
-17.032794
-27.605295
-31.384400
-28.341498
-23.682969
-12.178421
2.443790
10.731050
18.183844
24.958508
27.486597
24.299111
17.305613
8.212498
-0.859840
-12.462650
-24.369274
-30.719212
-29.470580
-25.504657
-17.209564
-2.093145
8.273295
15.261854
22.428887
26.605300
25.702034
20.069224
11.289971
2.316066
-7.751499
-20.606688
-29.571397
-30.674594
-26.780707
-21.129676
-7.515635
5.341428
12.383120
19.614697
24.817841
25.932448
21.852766
13.998577
4.775013
-3.895419
-16.069412
-27.084010
-30.909266
-27.988638
-23.614168
-12.753861
2.123799
10.150160
17.224550
23.332664
25.964805
23.592370
16.727448
7.596016
-0.595876
-11.503015
-23.745809
-30.236244
-29.032060
-24.986267
-17.524787
-2.410242
8.043221
14.897926
21.292993
24.916955
24.640901
19.280059
10.297639
1.883166
-7.122925
-19.922597
-29.132026
-30.319010
-26.539564
-21.410499
-8.011035
5.047151
12.187617
19.227096
23.585388
24.788720
21.186216
13.194425
4.137754
-3.523316
-15.373911
-26.590143
-30.596767
-27.850866
-23.800646
-13.161387
1.710824
9.894201
16.828605
22.214481
24.633578
22.853953
15.991586
6.549869
-0.738757
-10.697160
-23.325171
-29.877765
-28.636456
-24.927684
-17.933846
-2.804313
7.691383
14.303923
20.479986
23.546049
23.700510
18.665280
9.346008
1.295805
-6.746735
-19.463812
-28.739997
-29.929706
-26.259422
-21.258252
-7.904087
5.155972
12.208394
19.181115
22.977591
24.014030
20.621674
12.323175
3.541027
-3.213372
-14.683178
-26.151964
-30.085870
-27.520657
-23.743255
-13.280426
1.817431
10.069779
17.010995
21.939618
23.968560
22.403853
15.438114
5.982092
-0.715085
-10.240759
-23.015056
-29.775926
-28.635263
-25.126083
-18.059526
-2.821684
7.833753
14.473030
20.373378
22.892100
23.012502
18.010139
8.575916
0.876359
-6.460122
-19.098691
-28.413534
-29.587916
-26.119096
-21.397727
-8.107253
5.127873
12.045758
18.810034
22.308656
23.341349
20.215341
11.544398
2.732618
-3.273998
-14.556987
-26.147195
-29.904502
-27.178015
-23.737124
-13.512032
1.712186
10.110140
17.130034
21.768808
23.504325
22.233725
15.026501
5.088023
-1.248292
-10.126999
-22.963796
-29.670681
-28.457301
-25.087765
-18.190486
-2.720015
8.100612
15.072652
20.824330
22.828749
23.033789
17.911366
8.216926
0.918422
-5.825588
-18.758263
-28.173753
-29.141392
-26.011808
-21.741901
-8.389950
5.022458
12.325730
19.034828
21.838290
23.025615
20.204442
11.221852
2.217463
-3.240108
-14.088154
-26.007210
-29.526608
-26.719740
-23.480313
-13.532979
1.880952
10.222878
17.201900
21.548441
23.279871
22.413901
15.015091
4.502024
-1.241990
-9.536232
-22.537708
-29.120275
-27.728251
-24.651800
-18.063273
-2.584117
8.103166
15.181644
20.990201
23.161003
23.487466
18.056631
7.378714
0.027588
-6.073884
-18.880708
-28.281382
-29.034104
-26.073115
-21.774599
-8.215223
5.137750
12.513059
19.277845
22.188255
23.412875
20.470790
10.785546
1.560279
-3.297840
-14.179775
-26.238135
-29.657057
-27.117389
-23.871149
-13.518674
1.896449
10.615928
17.835242
22.138698
23.654188
22.958176
15.124593
4.359824
-1.110520
-9.190185
-22.494282
-28.950827
-27.614321
-24.813925
-17.839670
-2.373457
8.576257
15.816689
21.624735
23.765394
24.468899
18.640246
7.335458
0.038317
-5.944627
-18.847840
-28.457812
-28.977735
-26.103258
-21.853788
-8.261204
5.539485
13.332537
20.077058
23.064273
24.476733
21.323817
10.769708
1.230070
-3.476654
-14.401163
-26.435001
-29.648372
-27.172736
-24.060862
-13.459751
1.874992
10.934728
18.517460
22.867067
24.787528
23.936885
15.535525
4.447358
-0.993354
-9.405954
-22.852591
-29.268776
-27.966670
-25.290080
-17.898594
-2.236366
8.990424
16.545228
22.321088
24.822269
25.298595
18.986464
7.380928
0.240292
-5.888428
-19.017628
-28.503622
-29.067312
-26.402133
-21.786519
-7.835286
5.862713
13.770206
20.707505
23.952212
25.462593
21.795886
10.955334
1.414333
-3.421988
-14.553581
-26.632888
-29.790912
-27.516569
-24.355820
-13.233423
2.335310
11.713505
19.399609
24.199997
26.430402
24.831295
15.472855
4.489933
-0.821522
-9.592942
-23.156234
-29.333830
-28.135606
-25.600706
-17.743281
-1.719509
9.766476
17.457860
23.597649
26.430402
26.702881
19.490549
7.727827
0.627381
-5.727325
-19.103459
-28.658594
-29.305220
-26.846273
-21.818025
-7.721015
6.231410
14.448847
21.653686
25.616544
27.194023
22.586243
11.257444
1.887935
-3.495557
-15.273946
-27.039392
-29.997485
-27.892760
-24.346624
-12.956176
2.846718
12.239388
19.895179
25.300639
28.007201
25.626251
15.687602
4.830360
-0.892026
-10.292189
-23.824998
-29.854774
-28.694187
-25.771345
-17.637355
-1.769577
10.088001
18.212795
24.852412
28.693846
28.276103
20.088979
8.341074
0.881978
-6.342786
-19.889218
-29.029676
-29.789209
-27.290242
-21.692855
-7.155282
7.090228
15.335594
22.912536
27.867556
29.309647
23.615360
12.335096
3.110170
-3.385884
-15.548638
-27.357851
-30.568498
-28.647695
-24.574654
-12.789794
3.155981
13.081176
20.932811
27.423075
30.452865
26.835373
16.385147
5.862883
-0.728539
-10.928937
-24.256877
-30.263322
-29.274736
-25.987966
-17.364195
-1.362222
10.567222
18.679585
26.203905
30.819518
29.599326
20.846980
9.615251
1.577650
-6.787096
-20.397391
-29.415062
-30.545848
-27.713435
-21.451541
-6.778751
7.624796
16.015598
24.266584
30.459336
31.394448
24.338790
13.357401
4.032169
-3.340755
-16.044378
-27.454070
-31.053168
-29.280526
-24.724007
-12.743643
3.734146
13.583217
21.911689
29.772690
32.935143
27.917453
17.478296
7.307529
-0.348261
-11.173316
-24.336576
-30.755486
-30.343533
-26.472637
-17.721312
-1.402923
10.777371
18.793515
27.461052
32.808099
30.842168
21.523578
11.003528
2.271959
-7.098743
-20.430258
-29.655525
-31.448092
-28.320551
-21.734408
-7.242475
7.592951
15.820265
24.689947
31.986747
32.758713
25.049959
14.586619
5.136558
-3.541197
-15.843936
-27.257204
-31.516552
-29.872656
-24.712597
-13.180120
3.282172
13.474737
21.968228
30.727897
34.466641
29.243061
19.023759
8.928435
-0.101158
-11.195626
-23.879494
-30.516556
-30.870097
-26.792118
-17.951386
-2.058744
10.477986
18.619469
28.047902
34.061670
32.032047
22.881201
12.927055
3.370898
-6.942408
-19.941841
-29.293639
-31.706095
-29.140711
-22.569384
-8.339882
6.714378
15.262365
24.546215
32.305036
33.292089
26.103258
16.075543
6.271090
-3.371239
-15.473025
-26.907410
-31.309298
-29.972281
-25.275435
-14.201914
2.277408
12.232746
20.871673
30.328376
34.011262
29.415403
20.592894
10.605029
0.314713
-10.944094
-23.307971
-30.539717
-30.811003
-27.245283
-19.132069
-3.188848
9.625639
17.182316
27.007886
33.438206
31.700134
23.582833
14.089857
3.764289
-6.619011
-19.056967
-28.996638
-31.379291
-28.688737
-23.237126
-10.008812
5.407163
13.731037
22.460903
30.721937
32.706601
26.849338
17.650127
7.500138
-2.847910
-14.352458
-26.060343
-31.454563
-29.693501
-25.361776
-15.339340
0.514814
10.907139
18.863678
27.742216
31.947068
29.500042
21.485771
11.674847
1.169443
-9.941714
-22.149427
-30.075993
-30.311176
-26.662861
-19.449336
-4.751512
8.015292
15.450205
24.107184
30.103922
30.180897
24.158103
14.604500
4.385710
-6.054129
-18.334729
-28.607845
-31.436341
-28.293814
-23.077386
-10.974237
3.681523
12.263400
20.240375
27.413028
29.534272
26.062557
17.563105
7.263422
-2.474785
-13.900655
-25.595256
-31.283753
-29.401268
-25.192840
-16.020196
-0.798191
9.449550
16.894681
24.718387
28.706108
27.693680
21.472658
11.371885
1.455205
-8.964198
-21.505356
-30.133213
-30.493225
-26.511976
-20.016262
-5.715404
6.929125
14.179434
21.751268
26.778664
27.468034
23.352078
14.368807
4.245213
-4.921130
-17.098699
-28.041261
-31.347104
-27.891908
-23.238148
-11.600937
2.986704
11.191028
18.896205
25.123358
26.941640
24.407932
17.318044
6.879228
-1.796825
-12.570109
-24.646521
-30.900921
-29.158592
-24.965661
-16.591890
-1.417909
8.690528
16.177893
23.152147
26.624543
25.889022
20.653520
10.639599
1.158714
-7.895231
-20.587785
-29.629639
-30.288696
-26.225703
-20.614522
-6.789991
5.771262
13.108764
20.372527
24.751084
25.565795
22.440297
14.157976
3.775869
-4.303455
-15.972682
-27.347122
-31.358855
-28.210197
-23.795707
-12.702090
2.195324
10.259492
17.945085
23.576532
25.181259
23.199320
16.682489
6.260531
-1.563685
-11.278391
-23.742744
-30.471427
-28.969049
-25.115013
-17.593077
-2.207075
8.021252
15.202080
22.061041
25.030034
24.765900
19.869293
9.935583
0.749486
-6.919418
-19.413573
-29.063736
-30.151606
-26.323795

