6.832055
6.105900
6.394557
11.784009
7.916519
2.960478
3.009353
-1.432214
-6.353174
-8.243322
-10.025842
-11.755398
-7.169928
-2.801589
0.130108
5.511216
7.065194
5.504915
10.467938
10.692733
3.739255
3.126519
0.517709
-5.089215
-7.910388
-8.838517
-11.253527
-9.075574
-3.582069
-0.942605
3.378902
6.929466
5.296298
8.027213
11.815514
5.702291
3.019231
2.124650
-3.425053
-7.653407
-8.907488
-11.122227
-11.126484
-5.487714
-1.685790
1.943622
6.712334
6.462165
6.201267
11.518342
8.342266
3.025702
2.897637
-1.040697
-6.101302
-8.291176
-9.928261
-11.558022
-7.502522
-2.859490
0.006642
5.090918
7.307870
5.769900
10.352646
11.459248
4.609653
3.306014
0.830718
-4.781655
-8.121218
-9.265797
-11.137894
-9.142842
-3.591095
-0.824758
3.037964
6.578820
5.388600
7.800204
12.180976
6.514106
3.455537
2.697366
-2.735513
-7.236344
-8.823190
-10.917357
-11.077779
-5.830697
-1.765660
1.811641
6.354366
6.418228
6.017515
11.209931
8.774315
3.261907
3.007991
-0.939369
-6.072181
-8.579322
-10.090045
-11.652027
-7.793222
-2.815894
0.274863
5.248955
7.365942
5.660398
9.618487
11.254549
4.632473
3.318616
1.019580
-4.411425
-7.905449
-9.413958
-11.457205
-9.863717
-4.212005
-0.961167
3.238065
7.036243
5.926916
7.638080
12.216909
7.017510
3.420285
2.667393
-2.463034
-6.754569
-8.888926
-10.544062
-10.784183
-5.934068
-2.046142
1.430682
6.063155
6.417377
6.084783
11.515106
9.804964
3.912619
3.588370
-0.425407
-5.553961
-8.179290
-10.020563
-11.500631
-7.771424
-2.926247
0.081914
4.841260
7.135357
5.461488
9.147099
11.388404
5.184242
3.814186
1.613583
-3.832749
-7.216590
-9.458576
-11.583907
-9.620360
-4.399504
-1.266854
3.207922
7.356065
6.142344
7.374457
12.173312
7.456711
3.645250
3.111362
-2.172504
-6.405967
-8.592265
-10.995524
-11.020899
-6.092106
-2.170631
1.389299
6.312813
6.623268
5.574908
10.772262
9.839194
4.294600
3.967285
-0.045300
-5.017349
-7.732425
-10.411399
-11.964696
-8.097887
-3.364597
-0.315053
4.943950
7.444109
5.553280
8.984974
11.691366
5.599601
3.926924
1.818112
-3.770420
-6.811789
-8.985485
-11.530433
-9.775502
-4.629578
-1.584802
3.019231
7.031304
5.846705
6.748097
11.789288
7.868494
3.933907
3.513438
-1.921313
-6.129571
-8.511543
-11.398111
-11.555467
-6.347384
-2.449921
1.483815
6.807532
7.063661
5.553791
10.386535
9.938478
4.351991
4.170622
0.112908
-4.728692
-7.016148
-10.083062
-12.194940
-8.309228
-3.691571
-0.570842
5.083254
7.893017
5.785908
8.937120
11.993476
6.156138
4.504919
2.327136
-3.656149
-6.478855
-8.981568
-11.885677
-9.954657
-4.818950
-1.917056
2.902576
7.414818
5.820138
6.314005
11.612858
8.146763
4.263435
3.856761
-1.764979
-5.777052
-8.081879
-11.535202
-11.805637
-6.705523
-2.912794
1.178810
6.871394
7.112707
5.353349
10.139091
9.918383
4.528931
4.516329
0.372614
-4.377365
-6.406478
-9.986673
-12.323005
-8.640460
-4.153592
-0.922850
5.308901
8.165836
5.821160
8.681161
11.704138
5.936112
4.492317
2.278260
-3.524678
-5.842447
-8.521591
-11.974914
-10.177238
-5.186285
-2.526045
2.818619
7.722718
6.012406
6.325075
11.552913
8.246217
4.704850
4.080193
-1.919099
-5.383832
-7.569960
-11.569091
-11.885677
-6.662777
-3.306866
0.858647
7.093634
7.277387
5.174194
9.952443
10.000297
4.783017
4.860163
0.455550
-4.219328
-5.803108
-9.786912
-12.484619
-8.730888
-4.421473
-1.312665
5.315372
8.281980
5.538974
8.346694
11.434214
5.833592
4.628556
2.237729
-3.755263
-5.507299
-8.270059
-12.123414
-10.303089
-5.470003
-2.888782
2.850464
8.119856
6.132296
6.267854
11.207887
7.713863
4.527399
4.015139
-2.263784
-5.437987
-7.162435
-11.639254
-12.166500
-7.000651
-3.771612
0.637599
7.268020
7.342952
5.319800
10.031632
9.836129
4.849093
5.065543
0.271627
-4.472051
-5.828483
-9.998935
-12.890611
-8.843456
-4.673004
-1.486710
5.431516
8.360999
5.409377
8.190019
11.201245
5.848919
4.906654
2.405303
-3.793750
-5.192927
-8.081879
-12.368475
-10.510172
-5.716937
-3.115279
2.874477
8.301054
6.188835
6.279605
11.214529
7.446323
4.491636
4.250322
-2.200263
-5.089555
-6.734644
-11.451074
-12.155090
-7.094485
-4.097564
0.511408
7.602998
7.655621
5.381959
10.149649
9.608269
4.559244
4.832574
-0.292233
-5.098411
-5.892685
-10.055814
-13.000625
-8.994681
-4.965408
-1.639128
5.815370
8.696829
5.361523
8.207900
10.970150
5.872931
5.396605
2.593654
-3.845862
-4.825762
-7.864407
-12.647254
-10.741098
-5.945648
-3.676074
2.878053
8.671624
6.241117
6.372077
11.256933
7.508993
4.799196
4.290342
-2.276557
-4.936116
-6.254741
-11.147431
-11.769874
-6.970167
-4.326275
0.198909
7.414818
7.261889
5.143711
10.200569
9.501832
4.502705
5.148479
-0.101839
-4.828657
-5.536590
-9.952954
-12.913261
-8.835282
-4.868337
-1.716103
5.867992
8.755752
5.499465
8.331026
10.883127
5.432367
5.161933
2.356938
-4.063674
-4.834958
-7.760865
-12.518167
-10.621548
-5.851643
-3.328494
3.342628
8.907829
6.474767
6.615434
11.209079
7.183722
4.662786
4.226310
-2.856425
-5.243676
-6.397111
-11.584929
-12.209245
-7.369518
-4.654101
0.259706
7.642508
7.424184
4.997083
9.857586
9.077958
4.462174
5.048173
-0.724963
-5.250829
-5.427429
-10.064670
-13.064487
-8.861848
-5.244357
-2.020427
5.744696
8.688825
5.348069
8.494002
10.886703
5.435944
5.267688
1.980407
-4.389627
-5.015475
-8.054461
-12.617282
-10.549852
-5.996908
-3.419604
3.471375
9.010860
6.410735
6.478514
11.225939
7.084267
4.606247
3.956216
-3.246750
-5.335297
-6.673166
-11.858770
-12.232576
-7.441384
-4.886729
0.315734
7.906471
7.425376
5.135877
10.072844
9.127344
4.604203
5.316734
-0.734329
-5.306176
-5.608116
-10.302918
-13.221162
-8.976630
-5.252702
-1.730749
6.117821
8.693252
5.385705
8.391993
10.824374
5.370549
5.420957
2.053465
-4.473754
-4.956722
-8.001498
-12.460947
-10.521582
-6.056343
-3.383160
3.491640
8.775166
6.025519
6.296124
11.051723
6.945474
4.428285
3.801073
-3.282002
-5.403076
-6.862879
-11.963333
-12.461799
-7.611343
-4.876001
0.406844
7.800034
7.425887
5.161081
9.975944
8.863040
4.229546
4.832404
-1.211677
-5.686794
-6.082228
-10.343279
-13.023104
-9.080342
-5.469833
-1.816750
5.852665
8.220332
4.770926
8.070469
10.680812
5.235502
5.128213
1.949753
-4.491295
-5.574908
-8.722373
-12.853146
-10.755403
-6.338358
-3.369536
3.385203
8.594649
5.821671
5.931003
10.799851
6.800890
4.373448
3.716775
-3.296988
-5.449738
-7.015637
-11.701754
-12.116432
-7.532835
-4.554135
0.689711
7.579497
7.200752
5.028759
9.782655
8.786406
4.026890
4.562140
-0.924213
-5.374806
-6.336144
-10.390963
-12.699366
-9.050199
-5.512578
-1.582759
5.915335
8.325747
5.356244
8.268186
10.778904
5.159889
4.526377
1.525198
-4.584108
-5.853857
-8.820295
-12.516294
-10.666336
-6.265470
-3.421818
2.944129
7.993664
5.698374
6.076608
11.035885
7.187809
4.353012
3.468990
-3.121410
-6.078141
-7.972206
-11.979852
-12.218101
-7.716077
-4.366807
0.748123
7.031645
6.676401
4.669087
9.606906
8.913108
4.110507
4.270247
-0.602007
-5.349602
-6.985664
-10.519539
-12.658153
-9.312970
-5.488225
-1.606430
5.273989
7.760014
4.872595
7.874284
10.639940
5.155291
4.051413
1.516002
-4.240104
-6.379230
-8.983271
-12.328795
-10.768005
-6.268024
-3.219332
2.614260
7.455690
5.583933
5.902052
10.839360
6.989070
3.644739
2.904619
-2.984660
-6.411757
-8.436612
-11.793034
-12.434721
-7.853849
-4.177604
0.478710
6.466763
6.536756
4.595348
9.521587
9.239231
3.857613
3.736871
-0.552280
-5.375828
-7.639272
-10.281801
-12.570620
-9.474243
-4.971198
-1.519237
4.598924
7.339035
4.917553
7.845504
10.927745
5.326441
3.889459
1.645769
-4.092114
-6.924527
-9.100437
-11.944260
-11.011192
-5.894388
-2.640826
2.187831
6.818260
5.288635
5.433900
10.577270
7.077796
3.158535
2.759525
-2.373287
-6.433725
-8.608784
-11.348895
-12.434040
-7.944448
-3.934077
-0.070674
5.786419
6.483793
4.678624
9.485483
9.558031
3.404277
3.005607
-0.369549
-5.497932
-7.890974
-10.055644
-12.332371
-9.484291
-4.600968
-1.704523
3.729377
6.911414
4.739421
7.510526
11.145898
5.546468
3.444808
1.763787
-3.968307
-7.589374
-9.438481
-12.005908
-11.337144
-5.836827
-2.341441
1.829352
6.531988
5.253724
5.221367
10.659524
7.230895
2.641337
2.647979
-1.941749
-6.521259
-8.528062
-10.957037
-12.336799
-7.856062
-3.457410
-0.345366
5.090407
6.677934
4.829509
9.519713
10.145221
3.368514
2.744538
-0.195163
-5.531822
-8.176054
-9.790148
-12.164627
-9.440184
-4.016161
-1.327651
3.352336
6.907667
5.048684
7.272959
11.666502
5.965914
3.031152
2.078669
-3.542389
-7.503544
-9.298325
-11.854512
-11.442559
-5.799702
-2.269575
1.377378
6.342956
5.905458
5.311114
10.580506
8.104358
2.949749
2.775022
-1.463549
-6.270920
-8.845329
-11.157649
-12.647084
-8.128030
-3.584283
-0.797510
4.588876
6.641490
4.650014
8.930138
10.309730
3.887415
2.956731
0.410761
-4.965918
-7.788794
-9.823527
-12.217760
-9.760175
-4.351991
-1.692261
2.641337
6.705523
5.326441
7.085460
11.686427
6.443773
3.247602
2.315896
-3.422328
-7.170779
-9.147269
-11.532988
-11.067050
-5.865778
-2.480916
1.026903
5.891834
5.921466
5.278928
10.659013
8.807523
3.424202
3.286260
-1.423529
-6.227493
-8.458240
-11.214869
-12.506247
-7.973739
-3.536769
-0.852006
4.434075
6.645407
4.711832
8.641141
10.943072
4.855224
3.931863
1.259020
-4.750660
-7.410390
-9.980883
-12.669904
-10.001830
-4.466431
-1.518897
3.102337
6.950242
5.179984
6.587846
11.389937
6.800379
3.757988
3.304652
-2.765315
-6.510871
-8.638927
-12.025833
-11.786222
-6.427084
-2.924544
0.863416
6.253038
6.221022
5.017519
10.057688
8.866617
3.314189
3.534896
-1.068796
-5.945478
-7.656472
-11.066880
-12.914624
-8.508308
-4.147802
-1.317263
4.543066
7.002013
5.033527
8.529254
11.017493
4.981927
3.932714
1.419272
-4.923855
-6.907838
-9.407657
-12.792689
-10.235991
-4.713535
-2.190386
2.707754
7.113218
5.418743
6.313835
11.563471
7.554974
4.250492
3.990276
-2.459799
-6.222384
-8.254732
-12.383461
-12.386356
-6.727491
-3.104550
0.854049
6.676231
6.620543
4.862206
9.757962
9.089197
3.746578
4.305669
-0.276566
-5.220175
-6.565707
-10.439839
-13.253348
-9.029252
-4.512242
-1.553467
4.855565
7.773467
5.341428
8.424350
11.092765
5.066565
3.941229
1.791545
-4.608801
-6.337847
-8.694955
-12.681825

