-0.829015
-6.238903
-9.678262
-15.509469
-11.472021
-4.656315
-1.636233
1.571178
2.326965
-1.313516
1.658201
7.240091
6.182364
9.245532
10.610478
2.532857
-5.145073
-7.789476
-14.012882
-14.499256
-6.923165
-3.017187
0.021287
2.556188
-0.113930
-0.121934
6.653070
7.089376
7.832050
11.266470
5.944286
-3.446851
-6.823880
-11.487177
-15.666315
-9.213345
-3.686632
-0.871931
2.327476
1.035588
-1.568113
4.384007
7.613727
6.710972
10.762555
9.338345
-0.275544
-6.020239
-9.268693
-15.434878
-12.226786
-5.066225
-1.852512
1.613072
2.226489
-1.584632
1.509871
7.251842
6.220000
9.062971
10.954482
3.219332
-4.986865
-7.673502
-13.521058
-14.387880
-6.975276
-2.655302
0.706570
2.808571
-0.635896
-0.555515
6.338869
6.613220
7.368326
11.390107
6.592274
-3.088883
-6.858110
-11.254208
-15.513216
-9.583235
-3.848927
-0.659398
2.636739
0.567777
-2.025196
4.286255
7.545607
6.423678
10.370357
9.012563
-0.416722
-6.362711
-9.391648
-15.274967
-12.423141
-5.182028
-1.709121
1.829692
1.721723
-2.243519
1.327991
7.049697
5.830015
8.735657
11.086464
3.436634
-5.017519
-7.702793
-13.207538
-14.365741
-7.186106
-2.583265
0.810623
2.468484
-1.191923
-0.934941
6.281137
6.834950
7.608107
11.458397
6.762573
-2.873795
-7.086652
-11.164291
-15.155588
-9.484632
-3.212179
-0.029632
2.530984
0.154631
-2.462694
3.889969
7.294076
6.619351
10.563816
9.362698
-0.032697
-6.356239
-9.617295
-15.017475
-12.171439
-4.983970
-1.263789
1.736709
1.414333
-2.234834
1.295805
7.219315
6.677934
9.275845
10.962316
3.270422
-5.204848
-8.184910
-13.127497
-13.895035
-6.776537
-2.050570
0.990629
1.876184
-1.748800
-1.098088
6.098066
7.323197
8.272614
11.899301
7.098402
-2.735513
-7.263933
-11.240585
-14.851774
-9.234462
-3.000668
0.059434
1.893384
-0.452655
-2.349445
3.675052
7.309743
6.985835
10.794912
9.368147
-0.107118
-6.623268
-9.440524
-14.443738
-11.702946
-4.230908
-0.510727
1.242331
0.201634
-2.822876
0.923191
7.065875
7.168395
9.843792
10.936431
3.049033
-5.521434
-8.465563
-13.322660
-13.781275
-6.150688
-1.176596
1.057216
1.210145
-1.851831
-1.110520
5.607605
7.734810
9.020567
11.888061
6.967272
-2.885546
-7.380077
-11.292015
-14.602116
-8.783340
-2.237899
0.461340
1.324245
-0.840085
-2.066238
3.648485
7.920606
8.382457
11.412757
9.759154
0.199590
-6.614072
-9.560415
-14.299665
-11.636019
-3.912619
-0.050579
1.074587
-0.342301
-2.750499
0.770262
6.844146
7.883481
10.046278
11.275496
3.630604
-5.397456
-8.507286
-12.904916
-13.444594
-6.182364
-0.913484
1.020432
0.389814
-2.218485
-1.142876
5.291019
7.965394
9.160893
11.587143
6.814003
-3.123454
-7.530281
-10.960954
-14.244829
-8.408172
-1.598426
0.936474
0.768559
-1.306534
-1.963207
3.372771
8.005415
8.984634
11.499609
9.541852
-0.056710
-6.792716
-9.720836
-14.267138
-11.250292
-3.445319
0.288316
1.163312
-0.332424
-2.548354
0.674554
6.736006
8.546625
10.562113
11.263064
3.807715
-5.100284
-8.363213
-13.085944
-13.516460
-5.790676
-0.505958
1.013279
0.364440
-1.929488
-0.991140
5.058391
8.350781
9.853159
11.937789
7.156134
-2.753905
-7.394893
-10.912078
-14.320101
-8.278404
-1.459122
0.875166
0.953504
-1.167229
-2.129078
2.938509
7.913453
9.205341
11.652367
9.863717
0.253745
-6.889616
-9.598221
-14.254366
-11.326415
-3.379754
0.094175
0.826461
-0.355073
-2.229043
0.656503
6.662948
8.828810
10.873760
11.456524
3.958600
-5.107777
-8.347886
-12.959242
-13.657979
-5.572523
-0.376361
0.712020
0.216450
-1.698392
-1.143558
4.914829
8.475951
10.202953
12.558188
7.776192
-2.403770
-7.262230
-10.661227
-14.612334
-8.579833
-1.293932
0.680855
0.737735
-0.904458
-2.025877
2.498627
7.676908
9.148802
11.821304
10.390793
0.752040
-6.601129
-9.348733
-14.185735
-11.596509
-3.032003
0.510045
0.760896
-0.251361
-2.282517
-0.070844
6.199564
8.700405
10.878188
11.763062
4.233803
-4.913637
-8.237532
-13.095992
-14.374767
-5.991459
-0.167404
0.808750
0.557729
-1.222917
-1.289334
4.416704
8.187975
9.685414
12.359449
8.014100
-2.270767
-7.202625
-10.554620
-14.850071
-9.309394
-1.413141
0.661101
0.692947
-0.589916
-2.114943
2.008847
7.449899
8.940356
11.737006
10.657992
1.150029
-6.290504
-9.098223
-14.478139
-12.581178
-3.485850
0.605753
0.756638
-0.102861
-1.880441
-0.350816
5.455187
8.024829
10.294403
12.166330
4.874638
-4.600457
-7.658686
-12.492793
-14.623914
-6.642512
-0.083106
1.277753
0.762939
-1.046317
-1.421826
3.951447
8.107594
9.286574
12.305634
8.745704
-1.612731
-6.998777
-10.484798
-15.016113
-10.010515
-1.759018
1.184600
1.277072
0.010388
-1.625674
1.722915
7.241794
8.776018
11.419569
11.208057
2.147470
-5.834784
-8.789301
-14.280592
-13.231720
-4.553284
0.351497
1.241820
0.700610
-1.272985
-0.225135
5.462510
8.102485
9.944098
12.290989
6.162609
-3.808226
-7.481234
-11.735303
-14.741250
-7.876158
-0.794104
1.455205
1.311643
-0.596217
-1.129934
3.464052
7.877520
9.215900
12.052059
9.336982
-0.766005
-6.709780
-9.842430
-14.931985
-10.636534
-2.268042
0.996930
1.739604
0.755276
-1.117502
1.597745
6.875822
8.488383
10.855028
10.980879
2.788986
-5.247934
-8.151872
-13.688803
-13.574362
-5.207573
-0.102520
1.110009
1.107284
-0.697545
-0.040531
5.324738
8.283002
9.923492
11.829989
6.323883
-3.284727
-7.222210
-11.866774
-15.114886
-8.360488
-1.608985
0.540870
1.348768
0.186307
-0.939029
3.314529
7.687977
9.068762
11.571986
9.444441
-0.011410
-6.089551
-9.467772
-14.796938
-11.496714
-3.378391
0.170640
1.134702
0.971385
-0.823055
1.356431
6.385020
8.155959
10.418551
11.018174
3.059251
-5.122934
-7.822514
-13.168539
-13.747386
-5.895921
-0.681026
0.637089
1.253060
-0.306879
-0.153610
5.079167
8.035898
9.579318
11.799165
6.948709
-2.893891
-7.039649
-11.327607
-14.941863
-8.851801
-1.871245
0.381810
1.402923
0.834295
-0.501190
3.391334
7.646424
9.030274
11.392491
9.549345
0.208957
-5.960975
-9.211472
-14.867272
-11.914968
-4.093647
-0.417062
0.948565
1.288823
-0.513281
1.320158
6.396260
7.974250
10.151693
11.271579
3.894057
-4.782847
-7.666009
-13.160876
-14.436415
-7.060596
-1.635381
0.270264
1.375675
0.085149
0.007493
5.132471
7.644381
9.055649
11.344467
7.037435
-2.649512
-6.839207
-10.943753
-15.108415
-9.492636
-2.676078
-0.151907
1.231602
0.979560
-0.583955
3.336668
7.297822
8.205857
10.898454
9.518862
0.285762
-6.113734
-8.872066
-14.728137
-12.423992
-4.648651
-0.817435
0.729901
1.440048
-0.429835
1.609666
6.912947
8.051055
10.180473
11.108262
3.925903
-4.814352
-7.723059
-13.217245
-14.658485
-7.270915
-2.044269
0.150544
1.663310
0.369208
0.076975
5.531652
7.986512
9.191717
11.763573
7.739067
-2.013785
-6.506273
-10.689156
-15.421425
-10.207891
-3.579344
-0.675235
1.224109
1.207931
-0.561987
3.557205
7.433891
7.685593
10.789633
9.911912
0.962870
-5.968298
-8.533682
-14.480012
-12.945277
-5.324398
-1.442773
0.625849
1.415695
-0.683410
1.180002
6.846019
7.264274
9.407316
11.176382
4.325765
-4.703999
-7.648298
-12.817383
-14.987503
-7.855041
-2.652066
-0.021969
1.717125
0.340087
-0.204359
5.610159
7.568257
8.293220
11.418547
7.559231
-2.266850
-6.781135
-10.357584
-15.350240
-10.503701
-3.854888
-0.858477
1.366990
1.168932
-0.914846
3.468139
7.701431
7.625307
10.871376
10.366610
1.457078
-5.799191
-8.617640
-14.602457
-13.322830
-5.832059
-1.798868
0.881127
1.944474
-0.605583
1.288823
7.064002
7.061958
9.113039
11.316197
4.824911
-4.224607
-7.378885
-12.464864
-14.967748
-8.137396
-3.052098
-0.151225
2.082416
0.389644
-0.451122
5.701951
7.700239
7.963181
11.467934
7.932527
-1.886232
-6.777900
-10.250807
-15.449354
-10.891642
-4.248108
-0.933068
1.725980
1.364946
-1.060281
3.592457
7.878372
7.080010
10.563816
10.222026
1.298870
-5.874634
-8.657319
-14.689650
-13.557673
-6.289993
-2.345358
0.866652
2.213717
-0.651053
0.998804
7.165670
6.685598
8.654084
11.334930
4.921981
-3.937653
-7.164308
-12.363025
-15.013388
-8.461475
-3.549031
-0.375509
2.375501
0.459807
-0.793934
5.828312
7.746731
7.712671
11.399133
8.043221
-1.595531
-6.519726
-10.380915
-15.551703
-10.863372
-4.415512
-1.162291
2.167736
1.631124
-1.339572
3.366811
7.785048
6.492819
10.103839
10.536739
1.780816
-5.564008
-8.610146
-14.557498
-13.593946
-6.395238
-2.653428
0.899860
2.464737
-0.757320
0.942945
7.526704
6.737539
8.307695
11.251143
4.921470
-4.061801
-7.274662
-12.433869
-15.252658
-8.463008
-3.524678
-0.281504
2.794947
0.589405
-0.931535
5.895240
7.592440
7.025003
11.337144
8.269719
-1.233305
-6.174871
-10.006768
-15.458039
-10.939155
-4.708937
-1.468318
2.442769
1.926252
-1.729556
3.299883
8.124794
6.417888
9.922981
10.405779
1.881633
-5.337681
-8.503539
-14.666319
-13.579982
-6.222384
-2.528088
1.339572
3.126860
-0.850984
0.552620
7.278068
6.397622
7.881948
11.311429
5.192246
-3.819295
-7.151876
-12.364388
-15.132598
-8.350440
-3.686462
-0.124318
3.245047
0.476156
-1.233646
6.159714
7.743154
6.944793
11.259999
8.449895
-1.133851
-6.324393
-10.148968
-15.242951
-10.743482
-4.441738
-1.172849
2.902235
2.191407
-2.045121
3.098931
7.860831
6.250313
9.851967
10.680982
2.207245
-4.986184
-8.110489
-14.344624
-13.474396
-6.236179
-2.500841
1.552786
3.283024
-1.132659
0.590597
7.402045
6.398133
7.942063
11.488199
5.307708
-3.860678
-7.217101
-12.271064
-14.804602
-8.242641
-3.428970
0.314031
3.367492
0.219175
-1.567602
5.837679
7.370029
6.719317
11.253868
8.599928
-1.201970
-6.390129
-10.226113
-15.114886
-10.580506
-4.257986
-0.789506
3.062487
1.986367
-2.086503
3.321852
8.032322
6.465742
10.204485
10.777031
2.087014
-5.193438
-8.262226
-14.158487
-12.914113
-5.712339
-1.865455
2.046824
3.028938
-1.500675
0.667402
7.511207
6.517683
8.351633
11.795930
5.591767
-3.537961
-7.038627
-12.007100
-14.226948
-7.794414
-3.083093
0.614098
3.192936
-0.431367
-1.760892
5.745888
7.307700
6.988900
11.302403
8.340733
-1.385382
-6.442240
-10.144540
-14.740910
-10.179962
-3.734657
-0.221048
2.916200
1.172338
-2.501181
3.083093
7.511207
6.350279
10.274989
10.643005
1.670803
-5.673851
-8.452790
-13.807671
-12.386015
-5.096878
-1.175063
2.126694
2.284220
-1.858643
0.727177
7.475444
6.927252
8.937291
11.450223
4.669258
-4.225969
-7.478339
-12.164627
-13.907296
-6.925379
-2.001694
1.195158
2.663476
-0.886747
-1.569135
5.646093

