24.288552
30.673061
26.238305
17.414434
5.410910
-10.292871
-18.808671
-20.376784
-20.850386
-16.932998
-14.089687
-11.941195
-6.514447
1.926933
9.657826
20.070757
29.777970
28.670515
20.754337
10.177238
-4.885708
-17.250436
-20.161527
-20.901135
-18.155915
-14.225926
-12.619325
-8.545433
-0.875337
7.009847
15.993118
27.244261
30.287504
24.159466
14.741421
0.883171
-14.069932
-19.637176
-20.634787
-19.664083
-15.405416
-13.335432
-10.474750
-3.957578
4.135370
12.387378
23.699147
30.717850
26.928186
18.447638
6.297997
-9.855543
-19.289255
-20.790270
-20.687240
-16.774791
-13.940675
-11.883293
-6.453821
1.277242
8.857931
19.395862
29.304709
29.139519
22.184849
11.763232
-4.138947
-17.208202
-20.549979
-21.114349
-18.310377
-14.409849
-12.750285
-8.566550
-1.371247
6.061792
15.224729
26.530709
30.212062
24.964128
16.077587
1.719849
-14.053072
-20.338637
-21.279028
-19.852264
-15.319245
-13.251475
-10.171958
-3.870555
3.269911
11.308023
22.857019
29.980625
27.189425
19.722666
7.356746
-9.499618
-19.432136
-21.095446
-20.892109
-16.737495
-13.812951
-11.629718
-6.013598
1.067093
8.381435
19.109249
28.934649
29.315438
22.939444
12.560572
-3.983293
-17.602444
-21.213974
-21.655389
-18.470798
-14.455659
-12.534516
-8.160727
-1.285417
5.535228
14.756066
25.943177
29.691798
25.399923
16.911030
1.875332
-14.238017
-20.825182
-21.995647
-20.371846
-15.795061
-13.324022
-9.979691
-3.527573
3.212350
11.095149
22.427865
29.489824
27.289050
20.301342
7.635355
-9.753534
-19.728967
-21.797929
-21.369457
-16.827243
-13.561760
-11.062963
-5.462510
1.177617
8.148125
18.515246
28.013161
28.838430
23.412364
12.936252
-4.283190
-17.988341
-21.693536
-22.375584
-19.088643
-14.622722
-12.148448
-7.592610
-0.969342
5.806344
14.874424
25.550808
29.253619
25.365182
16.929422
1.483985
-14.965875
-21.279199
-22.455113
-20.738500
-15.963657
-13.191530
-9.511880
-3.299032
3.453493
11.243820
22.237471
28.953552
27.323280
20.563092
7.490771
-10.162592
-20.008428
-22.169692
-22.011144
-17.675843
-13.876132
-10.615758
-5.272457
1.590933
8.661747
18.605505
27.236768
28.178011
23.257732
12.519019
-5.014794
-18.406425
-21.697623
-22.463288
-19.431625
-15.051365
-11.961290
-7.338354
-0.901733
5.990778
14.960255
25.108882
28.738805
25.260278
16.676358
0.618526
-15.733412
-21.650110
-22.765398
-21.050147
-16.250781
-12.858595
-8.968626
-3.243514
3.697191
11.786052
21.952902
28.290749
27.078390
20.380190
6.475789
-11.143855
-20.443371
-22.472824
-22.361279
-18.024274
-13.989210
-10.250126
-5.082062
1.498461
9.108952
18.719605
27.065277
28.298242
23.328066
12.146405
-5.415848
-18.487488
-21.889039
-22.742578
-19.703763
-15.187434
-11.688811
-7.045269
-0.982625
6.303958
15.153033
24.598496
28.396164
25.163889
16.288246
0.352178
-15.542167
-21.417652
-22.996494
-21.388701
-16.452585
-12.816191
-8.743320
-3.194809
3.917217
12.103830
21.668332
27.761970
26.502439
19.656590
5.790676
-11.547123
-20.472833
-22.358383
-22.383758
-18.130030
-13.849224
-10.076932
-5.154950
1.552786
9.499107
18.904039
26.999031
28.192486
22.817339
11.337655
-6.031990
-18.762009
-22.089822
-23.094756
-19.894327
-14.978818
-11.392662
-7.029431
-0.846727
6.726980
15.213490
24.368082
28.324127
25.068351
15.836443
0.025545
-15.653542
-21.555764
-23.234231
-22.057465
-16.821963
-12.613194
-8.621386
-3.191573
4.214900
12.291670
21.405050
27.473143
26.539224
19.412552
5.673681
-11.436258
-20.515067
-22.650276
-23.070063
-18.471990
-13.471161
-9.827103
-5.064522
1.961333
9.734631
18.475226
26.420014
27.853080
22.409643
10.899816
-5.985498
-18.673624
-22.199665
-23.617744
-20.786524
-15.321289
-11.156797
-7.035732
-0.678812
7.244859
15.386513
24.206809
28.209516
24.894476
15.286377
-0.394072
-15.776668
-21.626438
-23.244790
-22.589990
-17.209394
-12.385334
-8.626495
-3.360680
4.446677
12.526342
21.348510
27.665240
26.717356
19.344262
5.831208
-10.939666
-20.356519
-22.538730
-23.348502
-19.323485
-13.807331
-9.844984
-5.399159
1.951456
10.073866
18.378837
26.195901
27.781044
22.213800
10.704143
-5.956207
-18.499579
-21.919523
-23.352248
-21.222830
-15.510150
-11.045252
-7.415840
-1.200948
7.236685
15.346323
23.967028
28.242724
24.850368
15.373911
-0.136239
-15.561070
-21.750757
-23.104634
-22.779703
-17.863682
-12.375287
-8.732251
-3.717967
4.498107
12.762206
21.367925
27.701855
26.721443
19.231183
5.991799
-10.622910
-20.458187
-22.670031
-23.461069
-19.973516
-14.399631
-10.219472
-5.972385
1.416888
10.165487
18.434865
26.244777
28.120620
22.322621
11.083228
-5.148138
-18.157959
-21.907432
-23.206643
-21.633591
-16.336100
-11.388915
-7.660048
-1.800741
7.088355
15.526158
23.967368
28.249877
24.826186
15.515941
0.499317
-15.045745
-21.624225
-22.969076
-22.646359
-18.269335
-12.887887
-8.819274
-4.208088
4.067421
12.814658
21.442175
27.834688
27.013847
19.314970
6.202119
-10.201931
-20.270177
-22.747346
-23.232698
-20.064456
-14.649630
-10.070460
-6.170443
0.893899
10.124104
18.832173
26.572432
28.455428
23.085049
11.762210
-4.563672
-17.834221
-22.018637
-23.213284
-21.962098
-16.838993
-11.802231
-7.624796
-2.072879
6.846530
15.765939
24.173430
28.457812
25.461742
16.019685
1.378911
-13.941356
-21.165609
-22.718736
-22.574493
-18.801178
-13.559546
-9.161064
-4.701274
3.440039
12.824535
21.785327
28.078556
27.531385
19.927195
6.796122
-9.362357
-19.465174
-22.356680
-23.141759
-20.397220
-15.276670
-10.629722
-6.741967
0.223943
9.746722
19.025121
26.700837
28.737102
23.178032
11.871883
-4.005092
-17.158985
-21.683489
-23.042304
-21.936723
-17.539774
-12.366942
-8.424520
-2.943959
6.128379
15.917335
24.766752
29.190268
26.037012
16.427210
1.874140
-13.329472
-20.589828
-22.572790
-22.519827
-19.041470
-14.151846
-9.794406
-5.281142
2.692768
12.389421
21.910157
28.586899
28.222629
20.599365
7.877350
-8.091756
-18.580641
-21.629163
-22.680419
-20.578759
-16.071967
-11.261872
-7.254566
-0.484330
9.163277
18.977267
26.946579
29.043470
23.533106
12.667860
-2.703496
-16.083377
-20.837784
-22.461244
-21.638189
-17.774105
-13.118471
-9.043557
-3.517696
5.352497
15.273605
24.681091
29.422385
26.264361
16.842399
3.122262
-12.306656
-19.788401
-21.732194
-22.112472
-18.982547
-14.678751
-10.337830
-5.920444
2.067600
11.900663
21.964652
29.096603
28.803519
21.154540
8.878878
-6.942749
-17.997708
-20.953247
-22.116389
-20.113673
-16.119310
-11.729172
-7.647957
-0.959805
8.230380
18.203769
27.035134
29.466663
23.964814
13.689995
-0.696353
-14.845133
-20.140239
-21.786860
-21.341358
-17.985106
-13.958556
-9.683371
-4.038981
4.679305
14.343773
24.325166
29.543127
26.450498
17.361130
4.653079
-10.737181
-18.962281
-20.805938
-21.545546
-18.851416
-15.055793
-11.042867
-6.484304
1.501696
10.871206
21.101577
28.865337
28.660638
21.173103
9.790148
-5.441563
-17.311062
-20.095791
-21.211249
-19.561393
-16.149623
-12.548310
-8.279766
-1.583951
7.427931
17.485959
27.329070
30.147348
24.549620
14.360462
0.387600
-14.186587
-19.761154
-21.069901
-20.543167
-17.069408
-13.967071
-10.209254
-4.591772
3.945998
13.139418
23.895843
30.014174
27.197770
18.404722
6.190879
-9.036064
-18.416303
-20.298958
-21.187919
-18.332175
-15.161889
-11.650154
-6.829841
0.986883
9.871040
20.204442
29.030187
28.964962
21.694047
10.985817
-3.553118
-16.325031
-19.558838
-20.657607
-19.072635
-15.722002
-12.987682
-8.796113
-1.971381
6.556852
16.069412
26.730640
30.314922
24.955954
15.300001
1.987559
-12.910025
-19.324848
-20.505871
-20.221131
-16.582864
-14.009305
-10.637386
-4.874127
3.366130
12.251309
23.303883
30.070884
27.292115
18.996341
7.198027
-8.249623
-18.291644
-19.992420
-20.706483
-17.837627
-14.725072
-12.144872
-7.268872
0.469344
8.799519
19.159317
28.985909
29.351882
22.423778
12.173823
-2.238580
-15.614203
-19.517456
-20.454781
-18.866232
-15.294892
-13.131074
-9.062631
-2.144405
6.039824
15.072823
26.220764
30.346087
25.349685
16.148942
3.114598
-12.072665
-18.986634
-20.068032
-19.795384
-16.156776
-13.897249
-10.931492
-5.145243
2.914156
11.303765
22.475719
30.035121
27.464288
19.568716
8.206878
-7.418394
-18.088136
-19.852604
-20.200525
-17.091376
-14.382430
-12.336458
-7.486684
0.169107
8.125986
18.497876
29.158252
29.847622
23.079940
13.180290
-1.433236
-15.339000
-19.690480
-20.398072
-18.579790
-14.773607
-12.868813
-9.297473
-2.393893
5.505255
14.332873
25.769302
30.393600
25.523901
16.831841
3.868341
-11.590549
-18.999577
-20.005362
-19.764730
-16.024794
-13.967923
-11.381592
-5.429813
2.355746
10.455676
21.942173
30.249528
27.686017
20.126615
8.949212
-6.825754
-18.055439
-20.068714
-20.150798
-16.753163
-13.794388
-12.078285
-7.383994
-0.046832
7.447004
17.592737
28.588091
29.897179
23.599522
13.956342
-0.746931
-14.974560
-19.801004
-20.544188
-18.393312
-14.423132
-12.881415
-9.368488
-2.483130
5.003725
13.445956
25.470938
30.640534
26.007720
17.679930
4.742997
-11.406967
-19.310202
-20.396539
-19.683838
-15.689475
-13.723373
-11.313472
-5.285740
2.231257
9.824548
21.476064
30.203887
27.994428
20.864691
10.070460
-6.121227
-17.617430
-19.994974
-20.060028
-16.445262
-13.678244
-12.417350
-7.463523
-0.166723
6.785904
16.942705
28.490339
30.088595
23.954085
14.698165
-0.389303
-15.285867
-20.211254
-20.919698
-18.306460
-14.056819
-12.605701
-9.245021
-2.323389
4.441398
12.657642
24.979966
30.365161
25.905711
18.242257
5.317245
-11.309726
-19.588130
-21.016257
-19.968067
-15.648603
-13.681820
-11.479684
-4.969665
2.272299
9.404932
21.245309
30.328887
28.315783
21.275793
10.557004
-6.130082
-18.098525
-20.670039
-20.462104
-16.518831
-13.494492
-12.277535
-7.183722
0.071355
6.601981
16.766787
28.359209
30.103752
24.246148
15.319586
-0.217472
-15.509299
-20.436219
-21.342720
-18.438952
-14.251471
-12.917178
-9.296281
-2.285242
4.151549
12.379374
24.759769
30.363798
26.198626
18.639905
5.340065
-11.804104
-20.135301
-21.622692
-20.147903
-15.461445
-13.444253
-10.967084
-4.485164
2.347742
9.030104
20.724705
29.713597
28.204918
21.629333
10.724749
-6.601470
-18.654210
-21.261147
-21.240030
-16.882590
-13.645206
-12.022597
-6.773472
0.388111
6.740264
16.747032
28.130497
29.963936
24.481501
15.592916
-0.481435
-16.174657
-21.216869
-22.000415
-18.851587
-14.440843
-12.872900
-8.803776
-1.854556
4.437651
12.645892
24.681432
30.072927
26.227065
18.917833
5.247934
-12.089184
-20.388535
-22.048780
-20.683323
-15.818902
-13.717072
-10.779585
-4.259007
2.412285
9.374959
20.736626
29.229777
27.993577
21.823985
10.383810
-7.344144
-19.319228
-21.795375
-21.798270
-17.218419
-13.683864
-11.461462
-6.127187
0.530652
6.916523
16.720976
27.193512
29.007878
24.412360
15.312774
-1.331568
-16.772066
-21.508251
-22.590501
-19.521373
-14.716387
-12.709754

