75.411626
77.612400
77.434267
75.485536
71.705069
67.964111
62.924964
55.572305
47.196150
38.183587
28.176478
16.240903
1.895257
-11.782306
-24.268457
-36.740984
-47.711985
-56.536198
-63.631194
-69.709676
-74.865307
-78.162636
-80.102512
-80.117839
-77.204704
-72.241851
-66.239323
-57.860443
-47.147104
-36.506483
-25.279181
-12.337140
0.600304
12.458222
24.507557
36.221402
46.932527
56.389741
64.043999
70.403474
75.441939
77.735867
77.603204
75.823069
72.089945
68.266562
63.311713
56.002651
47.785725
38.665533
28.664214
16.845635
2.577135
-10.976962
-23.625067
-36.233664
-47.237362
-56.230341
-63.486270
-69.871630
-75.074094
-78.482287
-80.482960
-80.550568
-77.917576
-72.829723
-66.880158
-58.515242
-47.785895
-37.045479
-25.668144
-12.791157
0.180858
12.151173
24.355650
35.993712
46.672821
56.280749
64.046553
70.480960
75.473445
77.927794
77.955893
76.258864
72.530678
68.835190
64.021008
56.681122
48.225777
39.011921
29.075146
17.405578
2.974272
-10.740416
-23.402827
-36.015681
-47.267165
-56.406770
-63.587087
-69.958993
-75.327669
-78.650543
-80.720357
-80.589397
-78.053304
-72.992189
-67.115852
-58.843579
-48.231057
-37.290198
-26.130336
-13.147082
-0.038658
12.057679
24.102586
35.983665
46.756268
56.405578
64.069544
70.525408
75.732470
78.203508
78.359672
76.647656
72.873320
68.964107
63.969408
56.763887
48.448358
39.413146
29.449293
17.864534
3.554991
-10.495186
-23.235934
-36.113943
-47.434058
-56.512696
-63.735417
-69.956950
-75.301954
-78.730243
-80.699580
-80.958775
-78.492846
-73.415382
-67.547389
-59.325695
-48.567568
-37.625177
-26.396683
-13.477121
-0.457593
11.519534
23.655381
35.621439
46.391657
56.308167
64.295190
70.752246
75.920309
78.388963
78.436307
76.811825
72.978905
69.143942
64.298255
57.139908
48.832042
39.813008
29.668127
18.082006
3.710304
-10.254383
-23.065295
-35.752058
-47.023807
-56.134292
-63.469751
-69.764512
-75.213739
-78.725304
-80.729553
-80.838885
-78.205551
-73.247637
-67.259244
-59.231349
-48.638242
-37.758691
-26.692493
-13.791152
-0.596217
11.528390
23.451022
35.364628
46.260357
55.947985
63.762324
70.212058
75.330564
78.028440
78.163317
76.578515
72.987420
68.955081
64.174618
57.012524
48.648630
39.772306
29.829570
18.299648
4.018545
-9.968451
-22.731509
-35.371610
-46.700239
-55.793353
-63.212769
-69.498505
-74.806724
-78.350476
-80.339398
-80.570153
-77.991996
-73.060819
-67.082644
-59.132065
-48.732587
-37.725312
-26.700497
-13.912576
-0.846556
11.238030
23.240192
35.021475
45.794930
55.523259
63.508068
69.872992
75.108153
77.725819
77.774014
76.328175
72.766032
68.783079
64.011131
56.944064
48.593112
39.711850
29.759407
18.561908
4.408019
-9.637901
-22.394146
-34.984521
-46.351467
-55.533137
-62.842369
-69.040401
-74.368545
-77.987569
-80.099106
-80.525875
-78.142711
-73.033742
-67.144462
-59.264217
-48.884664
-37.991660
-26.983023
-14.549664
-1.357624
10.633809
22.679738
34.532206
45.277391
55.149283
63.167300
69.374357
74.643237
77.430861
77.655997
76.109852
72.557756
68.843365
64.190796
57.233572
48.871551
39.900201
30.012982
18.786022
4.956382
-9.035383
-21.671568
-34.048728
-45.606068
-54.915122
-62.434503
-68.567310
-74.184111
-77.754770
-79.869202
-80.220699
-78.116996
-73.151588
-67.344904
-59.699501
-49.485309
-38.627727
-27.801480
-15.169212
-1.962526
10.136196
21.991900
33.876044
44.500147
54.237332
62.146698
68.766049
74.270112
77.177286
77.523334
76.254436
72.717496
68.752425
64.366715
57.545049
49.327271
40.571179
30.607155
19.723007
5.896091
-8.136886
-20.836081
-33.381666
-44.957570
-54.401159
-62.025275
-68.397352
-73.821034
-77.426774
-79.671655
-80.235686
-78.062671
-73.396308
-67.628111
-60.137340
-49.884149
-38.985014
-28.275422
-15.815667
-2.731255
9.384836
21.347489
33.165046
43.829509
53.734439
61.820064
68.341153
73.809624
77.107974
77.520439
76.364449
72.948251
69.071225
64.601558
58.026143
49.825736
41.073050
31.308276
20.345620
6.494352
-7.506609
-20.253488
-32.786982
-44.512749
-54.004192
-61.640569
-68.021672
-73.531015
-77.318805
-79.636574
-80.341101
-78.368187
-73.786463
-68.143266
-60.633080
-50.374099
-39.468152
-28.540407
-16.048295
-2.834286
9.040492
20.833697
32.815933
43.590239
53.623234
61.841522
68.558795
74.165038
77.442782
77.781337
76.635906
73.306390
69.287504
64.898900
58.258772
50.186430
41.518893
31.689405
20.775795
7.124628
-7.147619
-19.951888
-32.419988
-44.101817
-53.733758
-61.482872
-67.989145
-73.646988
-77.668599
-80.107450
-80.815724
-78.960827
-74.273348
-68.554367
-61.260632
-51.124607
-39.973259
-28.948273
-16.774109
-3.725971
8.379221
20.409482
32.669476
43.428114
53.409508
61.682292
68.438905
73.877232
77.283382
77.907188
76.878752
73.556900
69.598811
65.270662
58.742080
50.581012
41.970866
32.272169
21.491732
7.874625
-6.463528
-19.314970
-31.845570
-43.715749
-53.423473
-61.163391
-67.505326
-73.324101
-77.301094
-79.824754
-80.597571
-78.876700
-74.455057
-68.772520
-61.438084
-51.415307
-40.449585
-29.699121
-17.421586
-4.266500
7.890803
19.632067
31.697580
42.698383
52.813121
61.089993
67.817654
73.594366
77.005284
77.663149
76.836688
73.682410
69.886446
65.571240
59.143986
51.101616
42.584283
33.025912
22.090844
8.571829
-5.902903
-18.797602
-31.525578
-43.386221
-52.978822
-60.778005
-67.302670
-73.161636
-77.321700
-79.846382
-80.830029
-79.186984
-74.712890
-69.013493
-61.803034
-52.031108
-41.028772
-30.235052
-18.001454
-4.861185
7.348061
19.260645
31.313556
42.406491
52.538088
61.116729
67.988975
73.542595
77.087368
77.903441
77.130454
74.085167
70.253270
66.098486
59.714999
51.673310
42.898655
33.280168
22.611788
9.104865
-5.220004
-18.205132
-30.854940
-42.821680
-52.822999
-60.761826
-67.347458
-73.270287
-77.387435
-80.028432
-80.964225
-79.556193
-75.135061
-69.630316
-62.433311
-52.540302
-41.488068
-30.762638
-18.370833
-4.998956
7.334607
19.142117
31.108005
42.152575
52.382435
61.145340
67.834173
73.694331
77.418259
78.258855
77.381134
74.271134
70.576668
66.432783
60.094765
51.946470
43.443271
33.716645
23.009266
9.489911
-5.062308
-18.022231
-30.764171
-42.880774
-52.809204
-60.812746
-67.380496
-73.393413
-77.620234
-80.207757
-81.252881
-79.892874
-75.528111
-69.805213
-62.900952
-52.980866
-41.916541
-31.121799
-18.708025
-5.432197
6.937640
18.942867
31.073093
42.318787
52.460943
61.080285
68.008218
73.862927
77.570847
78.524351
77.741316
74.836016
70.971761
66.806248
60.426678
52.357571
43.569463
33.758027
23.004498
9.613548
-4.788126
-17.897231
-30.643770
-42.914152
-53.015096
-61.104979
-67.703554
-73.526417
-77.636412
-80.252205
-81.321512
-79.900367
-75.555529
-69.985049
-62.954085
-53.120511
-41.940893
-31.015021
-18.618958
-5.258322
7.221869
19.251278
31.269448
42.398146
52.748919
61.320407
68.306242
74.162654
77.915021
78.800746
77.826296
74.630465
70.654324
66.608361
60.302871
52.129711
43.534722
33.833299
23.045540
9.377854
-5.089896
-18.097162
-30.905349
-43.139287
-53.162745
-61.240707
-67.914384
-73.798384
-77.992167
-80.530814
-81.639290
-80.281666
-75.958286
-70.233345
-63.149588
-53.138392
-42.033706
-31.077181
-18.756049
-5.394902
7.067408
19.209726
31.445367
42.545285
52.839688
61.370816
68.217346
74.087381
77.772481
78.595195
77.806030
74.830055
70.955924
66.728422
60.446433
52.282981
43.642691
33.773865
23.182120
9.541512
-5.046470
-18.088307
-30.938898
-43.009520
-52.989551
-61.065129
-67.795685
-73.641028
-77.805349
-80.444642
-81.389121
-79.988582
-75.670140
-70.052658
-62.986272
-53.037235
-41.875839
-30.851534
-18.663236
-5.223410
7.249287
19.280059
31.452179
42.589733
52.764756
61.457668
68.320887
74.064221
77.900376
78.662123
77.755111
74.639320
70.672716
66.473825
60.167313
51.944426
43.227843
33.603736
22.960561
9.405102
-5.139794
-18.191167
-30.782734
-43.112210
-53.061587
-61.205455
-67.849500
-73.618208
-77.864272
-80.345869
-81.261737
-79.873971
-75.633185
-70.003271
-62.894821
-53.046090
-41.911091
-30.983346
-18.588815
-5.247082
7.197005
19.054072
31.292268
42.552607
52.810737
61.499221
68.333660
74.174404
77.899354
78.595877
77.844347
74.672188
70.625714
66.317320
59.994119
51.897594
43.421303
33.726352
23.085560
9.397098
-5.129916
-18.253326
-31.071220
-43.135711
-53.026336
-60.982874
-67.657573
-73.451655
-77.805349
-80.393553
-81.499645
-80.151047
-75.732640
-70.065601
-62.925134
-52.941356
-41.836500
-30.859368
-18.549306
-5.252532
7.223231
19.153867
31.363113
42.530639
52.923475
61.542307
68.430730
74.099643
77.743360
78.520945
77.724116
74.729919
70.756844
66.791432
60.424123
52.143165
43.454851
33.654315
22.884437
9.511369
-5.045789
-18.152680
-30.868394
-43.092625
-53.151846
-61.227594
-67.865849
-73.826824
-78.152759
-80.708947
-81.655468
-80.179487
-75.729574
-70.197582
-63.017436
-53.194080
-42.036942
-31.100001
-18.648761
-5.119528
7.323197
19.306796
31.495265
42.624474
53.015436
61.602252
68.538700
74.435302
78.223092
78.932217
77.983992
75.010061
71.132864
66.752434
60.332332
52.194255
43.466091
33.734356
22.927693
9.360313
-5.169766
-18.264566
-31.106813
-43.344157
-53.241083
-61.220442
-67.754303
-73.752744
-77.995743
-80.616985
-81.701449
-80.225638
-75.892721
-70.048741
-63.017096
-53.082534
-41.969163
-30.958142
-18.571786
-5.148990
7.302250
19.383941
31.546184
42.725291
52.978141
61.755691
68.758045
74.547359
78.131301
78.903437
78.067950
74.881996
70.913519
66.638844
60.302360
52.170072
43.292046
33.562524
22.818020
9.259326
-5.321332
-18.357549
-31.249183
-43.360846
-53.206342
-61.319215
-67.815099
-73.672533
-77.893564
-80.553634
-81.673520
-80.196517
-75.779472
-70.185150
-63.002110
-53.061587
-41.924374
-31.031200
-18.596138
-5.156483
7.337502
19.293002
31.514168
42.673179
53.016799
61.676843
68.650416
74.514662
78.237397
79.061474
78.000511
74.892214
70.909091
66.749368
60.320411
52.171264
43.534211
33.830404
22.984573
9.122917
-5.433730
-18.526145
-31.333481
-43.664660
-53.554603
-61.560358
-68.033423
-73.959998
-78.106778
-80.775363
-81.747941
-80.263104
-75.831754
-70.158073
-62.916960
-52.898952
-41.772638
-30.775922
-18.319913
-4.993847
7.432018
19.325018
31.681572
42.996917
53.246192
61.940636
68.857159
74.723107
78.291893
79.027585
78.030995
74.938706
70.945195
66.657066
60.306106
52.057675
43.338367
33.580065
22.753988
8.992808
-5.544424
-18.592221
-31.519958
-43.559756
-53.550175
-61.483383
-68.034615
-73.934453
-78.037126
-80.651726
-81.631967
-80.097062
-75.794458
-70.082290
-62.886306
-52.816868
-41.589907
-30.512980
-18.087626
-4.858971
7.537263
19.665616
31.877075
43.056011
53.396736
62.061548
68.857500
74.672018
78.351498
79.126699
78.080211
74.788502
70.860726
66.586563
60.108219
51.827942
43.107441
33.366680
22.510290
8.787428
-5.868162
-18.868617
-31.712736
-43.869359
-53.800855
-61.840330
-68.320036
-74.163675
-78.265497
-80.737897
-81.614767

