57.625430
40.816239
21.660498
3.652743
-12.620517
-27.119602
-41.203158
-54.347515
-66.697598
-77.497959
-86.760521
-95.471144
-101.163387
-103.601047
-104.109219
-101.721968
-96.559525
-88.781970
-78.879425
-67.268610
-54.203442
-39.885385
-24.891581
-9.379727
6.586824
22.538730
37.680864
52.835090
66.497666
77.361720
86.198194
93.762875
99.028860
101.874386
103.013345
101.565293
97.971984
92.154060
83.801746
72.274208
58.435883
41.776896
22.661686
4.724264
-11.463165
-26.219572
-40.463720
-53.799323
-66.168308
-77.196871
-86.510522
-95.152855
-100.846291
-103.110245
-103.777817
-101.675987
-96.635308
-89.104005
-79.385553
-68.042789
-54.811239
-40.394408
-25.295700
-9.678091
6.023645
22.026811
37.071535
52.265269
66.037519
77.112062
86.280278
93.962465
99.271366
102.214473
103.490012
101.866382
98.169701
92.402356
84.174871
72.860037
58.980329
42.384011
23.309333
5.139283
-11.348384
-26.091678
-40.286269
-53.652184
-65.938575
-76.918602
-86.170605
-94.738688
-100.805930
-103.340660
-104.193517
-102.165086
-97.242594
-89.708907
-79.775878
-68.325486
-55.257423
-40.915694
-26.052509
-10.245698
5.389622
21.543162
36.684104
52.055631
65.891232
77.199766
86.177417
93.803235
99.202224
102.227756
103.383235
102.059671
98.633766
93.039955
84.785564
73.477711
59.742246
43.127877
24.049623
5.684069
-10.776349
-25.485413
-39.772136
-53.203617
-65.590143
-76.522657
-85.887228
-94.714676
-100.814104
-103.525094
-104.232516
-102.337429
-97.479650
-89.922973
-80.166715
-68.685327
-55.705650
-41.361536
-26.211057
-10.573694
5.290849
21.518128
36.596230
51.789795
65.767595
76.962028
86.092949
93.843937
99.291972
102.357183
103.707654
102.524076
98.882914
93.295744
85.223743
73.885236
60.129166
43.630770
24.539743
6.418398
-10.102987
-24.921894
-39.307049
-52.841902
-65.388509
-76.523168
-85.985150
-94.724553
-100.944553
-103.539910
-104.449647
-102.625745
-97.805943
-90.443407
-80.804144
-69.387811
-56.433507
-42.122432
-26.960203
-11.213337
4.676410
20.751102
35.970892
51.092420
65.172570
76.492003
85.604021
93.466043
99.061728
102.279016
103.447437
102.196762
98.859072
93.297788
85.282666
74.206931
60.504334
44.240781
25.283439
7.004227
-9.418385
-24.386474
-38.685628
-52.153213
-64.724684
-75.751202
-85.178954
-94.013214
-100.419521
-103.240013
-104.259934
-102.517264
-97.831828
-90.441363
-80.973761
-69.735050
-56.773424
-42.645080
-27.578899
-11.965888
3.958600
20.071609
35.357305
50.532648
64.472471
76.020275
85.067408
92.832361
98.488671
101.781062
103.318180
102.206128
98.943029
93.451227
85.630928
74.598619
61.015572
44.764451
25.760617
7.569790
-8.773123
-23.548944
-37.881136
-51.476785
-64.081975
-75.323922
-84.938151
-93.649966
-100.099870
-102.991206
-104.064771
-102.416277
-97.868613
-90.770381
-81.333433
-70.104429
-57.276317
-43.065718
-28.058631
-12.565681
3.200940
19.455467
34.595047
49.751145
63.834701
75.394085
84.720680
92.486143
98.490034
101.700170
103.319543
102.268798
98.927021
93.664782
86.046628
74.972766
61.728784
45.813833
27.055740
8.598055
-8.071831
-22.848845
-37.302971
-50.978661
-63.645840
-75.062002
-84.482942
-93.357052
-99.922078
-102.917978
-104.081460
-102.462939
-98.202569
-91.239384
-81.976482
-70.644787
-58.012520
-43.826274
-28.901270
-13.283832
2.299717
18.489191
33.745255
48.848901
63.066483
74.707781
84.010874
92.046601
98.064627
101.491724
103.110756
102.308989
99.022559
93.806641
86.102315
75.538669
62.392439
46.454157
27.741705
9.326424
-7.551568
-22.562231
-36.785943
-50.461292
-63.101394
-74.340275
-84.105049
-92.894690
-99.741731
-102.897372
-104.125738
-102.781568
-98.494973
-91.602973
-82.430669
-71.403299
-58.647054
-44.444629
-29.577698
-14.114380
1.803296
17.969608
33.378601
48.526185
62.986953
74.817113
84.160055
92.072487
98.046916
101.558311
103.323800
102.569376
99.303722
94.263213
86.769376
76.121262
62.850714
47.236851
28.481143
9.991441
-6.837334
-21.888018
-36.307744
-49.844640
-62.470436
-73.935645
-83.651543
-92.539106
-99.619968
-102.712257
-104.071242
-102.753980
-98.560878
-91.681651
-82.539490
-71.539027
-58.770009
-44.731753
-29.859543
-14.409167
1.376697
17.521722
32.903978
48.055479
62.480995
74.329717
83.846876
91.851950
97.977093
101.420368
103.165422
102.586065
99.482877
94.382933
86.842605
76.307229
63.107525
47.492981
28.763669
10.233607
-6.583759
-21.798440
-36.204202
-49.997228
-62.581812
-73.970897
-83.806174
-92.698336
-99.599872
-102.863993
-104.164055
-102.871316
-98.760298
-92.035191
-82.973072
-72.020803
-59.342384
-45.307364
-30.527796
-14.972006
0.790358
16.988516
32.394954
47.428438
61.959880
74.210167
84.064177
91.889415
97.951889
101.412194
103.328058
102.884259
99.697454
94.648089
87.307862
77.056374
63.802174
48.271758
29.607500
10.885681
-6.216424
-21.496500
-35.886765
-49.547127
-62.226568
-73.641539
-83.320311
-92.240572
-99.507911
-103.019817
-104.486772
-103.399072
-99.358559
-92.612335
-83.512068
-72.327001
-59.897048
-45.872927
-31.164033
-15.564987
0.200272
16.333376
31.896489
47.202791
61.839989
73.948247
83.569118
91.660874
97.959552
101.483209
103.297404
102.878128
99.912541
95.111302
87.695633
77.363593
64.432791
48.910379
30.308110
11.798484
-5.173172
-20.325524
-34.796510
-48.639434
-61.311211
-72.910104
-82.721029
-91.827256
-99.012171
-102.658272
-104.123524
-103.277138
-99.318368
-92.575550
-83.582742
-72.757857
-60.334546
-46.446494
-31.569345
-16.073329
-0.281334
16.015598
31.551974
46.703815
61.202220
73.412146
83.144052
91.210433
97.565140
101.271187
103.277649
102.796555
99.936553
95.075199
88.005747
77.866486
64.694881
49.251488
30.823776
12.205328
-4.803113
-20.063605
-34.465109
-48.415491
-61.161007
-72.922366
-82.720178
-91.645207
-99.100385
-102.691991
-104.223149
-103.373868
-99.513531
-93.079294
-84.106411
-73.341302
-60.947793
-46.935933
-32.214948
-16.672441
-1.036951
15.260833
30.699457
45.941557
60.604981
72.964260
82.681860
91.071299
97.628491
101.502453
103.469917
102.977412
100.179740
95.351764
88.468960
78.130620
65.272876
50.038780
31.637294
12.952260
-4.216773
-19.517456
-34.110035
-48.008306
-60.856002
-72.496619
-82.455363
-91.373580
-98.831313
-102.563586
-104.101385
-103.401797
-99.801336
-93.347686
-84.491117
-73.576655
-61.218739
-47.274147
-32.442297
-16.976765
-1.349960
14.835596
30.572074
45.504740
60.287714
72.699274
82.529954
90.960435
97.402164
101.199491
103.300469
103.013686
100.368772
95.509631
88.503190
78.496252
65.629312
50.263575
31.909261
13.074875
-4.012585
-19.394500
-33.840793
-47.826937
-60.541289
-72.298901
-82.354375
-91.531958
-99.044527
-102.769307
-104.488475
-103.717191
-100.078412
-93.754360
-84.910563
-74.130126
-61.700344
-47.667878
-32.942295
-17.471654
-1.657179
14.615059
30.219214
45.356580
59.994119
72.423901
82.371405
90.789625
97.421067
101.440464
103.676660
103.406566
100.640740
95.975740
88.846002
78.794105
65.889359
50.664459
32.294818
13.356379
-4.023314
-19.497531
-33.790384
-47.717605
-60.630356
-72.283234
-82.314185
-91.365746
-99.036183
-102.872338
-104.511636
-103.884254
-100.212438
-93.841042
-84.965399
-74.225494
-61.766931
-47.773463
-32.954046
-17.521041
-1.784393
14.448336
30.233009
45.455183
60.461930
72.864975
82.841260
91.187784
97.776992
101.578406
103.772708
103.657246
100.848845
96.210412
89.145047
79.077993
66.213267
50.872224
32.266208
13.295753
-3.988573
-19.520351
-34.083639
-47.916174
-60.643298
-72.357995
-82.581043
-91.493811
-99.223852
-103.152650
-104.777813
-104.197264
-100.337948
-93.859775
-84.999970
-74.338572
-61.965840
-48.025846
-33.271994
-17.672607
-1.874311
14.417682
30.163697
45.337847
60.280391
72.725160
82.752534
90.873582
97.620317
101.549455
103.790249
103.672573
101.036344
96.233402
89.321647
79.222577
66.249881
51.059553
32.522167
13.562100
-3.763267
-19.295897
-33.849478
-47.809737
-60.658625
-72.390693
-82.375322
-91.371196
-99.101407
-102.902310
-104.533093
-103.747164
-100.281920
-93.815156
-85.088185
-74.402605
-61.840841
-47.902209
-32.985892
-17.335245
-1.610688
14.506578
30.197927
45.408862
60.258763
72.799580
82.841260
91.370174
98.055942
101.937226
103.965316
103.841339
101.199831
96.460751
89.456013
79.433237
66.581964
51.444599
32.903467
14.039278
-3.348419
-18.881389
-33.544643
-47.495025
-60.325350
-72.085517
-82.231249
-91.206176
-99.053213
-102.894136
-104.608195
-104.133572
-100.394487
-94.022581
-85.140637
-74.430193
-61.924628
-48.088346
-33.279657
-17.837797
-2.176421
14.089005
29.737779
45.024497
59.919017
72.446551
82.504579
90.890101
97.450188
101.468733
103.586231
103.441477
100.781407
96.261842
89.317049
79.406330
66.470759
51.200560
32.795668
13.915811
-3.438847
-19.079447
-33.436673
-47.453982
-60.436385
-72.145121
-82.186801
-91.245856
-98.779372
-102.679389
-104.381357
-103.782926
-100.262165
-93.938623
-85.146597
-74.405159
-62.012672
-48.142331
-33.361741
-17.797606
-2.028091
14.239039
29.778310
45.076098
59.897559
72.481632
82.571166
91.106381
97.938946
101.862805
103.968893
103.853430
101.109743
96.570935
89.523792
79.535927
66.756521
51.546778
32.979591
13.917685
-3.321852
-18.729993
-33.408063
-47.413622
-60.265405
-72.123153
-82.239934
-91.409002
-99.090508
-103.016411
-104.741199
-104.174273
-100.596292
-94.121013
-85.265636
-74.395452
-62.079770
-48.207215
-33.409425
-17.970119
-2.146959
14.135327
30.010257
45.182194
60.059002
72.608675
82.651377
91.072832
97.784315
101.813759
104.103599
103.872674
101.212263
96.468925
89.561258
79.621758
66.730125
51.331350
32.822234
13.896908
-3.607273
-19.163574
-33.747639
-47.762735
-60.729980
-72.644438
-82.696336
-91.879368
-99.462782
-103.396688
-105.116367
-104.635443
-100.931099
-94.352790
-85.500649
-74.519260
-61.998878
-48.031637
-33.241851
-17.849037
-1.949923
14.490911
30.189582
45.647110
60.557978
73.076487
83.065714
91.540303
98.259108
102.244445
104.330778
104.183980
101.484912
96.842561
89.818750
79.697541
66.788707
51.350934
32.806567
13.565847
-3.897122
-19.494976
-33.977202
-48.041855
-60.913052
-72.666236
-82.800729
-92.030934
-99.917991
-103.724514
-105.401448
-104.655538
-101.046732
-94.512701
-85.555485
-74.555874
-62.111957
-48.026187
-33.251217
-17.558677
-1.655306
14.803069
30.565943
46.006782
60.909135
73.453358
83.408696
91.778551
98.311731
102.228778
104.210547
104.076522
101.457834
96.635478
89.626142
79.450607
66.430058
50.890786
32.130310
13.058696
-4.259178
-19.845792
-34.367187
-48.245362
-61.328581
-73.130642
-83.213193
-92.451402
-100.109747
-103.812388
-105.408600
-104.734046
-100.743771
-94.195945
-85.189683
-74.226516
-61.743770
-47.687292
-32.804012
-17.142296
-1.199927
15.105009
30.882699
46.217612
61.090674
73.615483
83.625146
91.959919
98.454612
102.353948
104.562896
104.309320
101.499047
96.648250
89.513574
79.178129
66.072430
50.582205
31.960521
12.909685
-4.574060
-20.038230
-34.589086
-48.582894
-61.562572
-73.320866
-83.283867
-92.453616
-99.982704
-103.874547
-105.376925
-104.512998
-100.659813
-94.052042
-85.075242
-74.033567
-61.518805
-47.461476
-32.479593
-16.775472

