60.363327
51.009144
40.556192
29.313224
17.148597
5.437136
-5.984477
-16.170229
-25.156907
-34.296342
-44.273138
-53.824016
-62.313080
-69.150073
-73.286806
-74.741670
-74.419294
-71.582454
-67.406041
-63.342026
-58.625766
-52.276169
-43.560266
-33.305373
-21.481003
-8.882965
3.022466
14.336961
24.744102
33.647333
41.775363
49.856901
57.429586
64.060177
70.490667
75.990983
77.966622
76.414347
72.884049
67.909445
60.907773
51.738024
41.288478
30.054535
17.926012
6.078311
-5.380937
-15.672616
-24.630342
-34.071207
-44.043064
-53.453786
-61.967032
-69.091150
-73.283911
-74.758530
-74.562516
-72.140694
-67.993232
-63.613142
-58.956487
-52.800179
-44.217621
-33.634901
-21.917479
-9.509325
2.327306
13.669389
24.243082
33.353567
41.307211
49.507959
57.215520
63.956806
70.394107
75.736727
77.928816
76.630456
73.285443
67.933968
61.255693
52.384308
42.051247
30.560664
18.320084
6.536416
-5.046300
-15.308857
-24.235930
-33.612251
-43.577126
-53.201062
-61.741046
-68.863460
-73.070867
-74.727876
-74.572563
-72.055374
-68.059989
-63.590152
-58.998210
-52.935055
-44.356585
-33.854757
-22.114856
-9.687798
2.265487
13.773101
24.459873
33.367191
41.462694
49.590894
57.397740
63.984905
70.401430
75.978381
78.169107
76.868193
73.368038
68.447079
61.670201
52.622727
42.346546
31.009231
18.815313
6.847892
-4.633154
-14.989376
-24.013519
-33.314909
-43.514626
-53.168706
-61.734744
-69.008895
-73.243380
-74.922868
-74.777433
-72.393247
-68.368741
-64.151117
-59.369121
-53.267649
-44.733456
-34.220900
-22.449153
-10.018689
1.899345
13.271741
23.871660
33.147505
41.255440
49.493143
57.262523
64.044510
70.425783
75.968334
78.186478
77.089242
73.698929
68.627766
61.917305
52.962984
42.776380
31.447581
19.118786
7.053954
-4.727840
-15.140602
-24.228948
-33.458301
-43.450253
-53.120681
-61.717033
-69.148200
-73.499680
-75.160946
-75.069155
-72.862080
-68.727221
-64.353432
-59.673275
-53.518159
-44.885703
-34.399033
-22.615024
-10.175364
1.701627
13.221673
23.992232
33.261095
41.476999
49.656119
57.427883
63.939095
70.457799
76.285601
78.786441
77.697720
74.338743
69.401264
62.656743
53.621190
43.276378
31.882695
19.634111
7.503033
-4.113061
-14.626469
-23.733207
-33.091647
-43.304648
-53.064142
-61.839478
-69.101538
-73.584148
-75.261763
-75.023685
-72.777271
-68.727391
-64.439263
-59.859582
-53.790127
-45.035056
-34.623146
-22.719758
-10.144540
1.802955
13.240576
23.928199
33.110210
41.431018
49.666848
57.460240
64.233541
70.810318
76.498985
78.879935
77.653442
74.223110
69.171531
62.391928
53.305626
43.047837
31.884057
19.492933
7.530791
-4.224607
-14.757429
-23.995978
-33.501387
-43.448380
-53.241934
-61.865875
-69.399221
-73.746954
-75.509037
-75.385400
-73.264497
-69.116013
-64.776114
-60.068199
-53.882599
-45.277732
-34.611225
-22.704942
-10.131257
1.907178
13.375112
24.099520
33.378260
41.517530
49.752338
57.578598
64.352921
70.824453
76.571022
79.038824
77.890158
74.441433
69.275073
62.627792
53.547791
43.210643
31.836033
19.562244
7.562467
-4.176072
-14.753682
-23.958002
-33.270802
-43.319975
-53.132262
-61.767953
-69.208486
-73.659931
-75.419801
-75.380462
-73.025737
-68.871123
-64.526115
-59.845618
-53.859268
-45.288631
-34.843002
-22.923265
-10.295255
1.808405
13.193914
23.950168
33.303840
41.433573
49.579825
57.286705
64.108542
70.518596
76.232808
78.689882
77.576126
74.136427
69.083827
62.332324
53.306648
43.154955
31.903131
19.741058
7.641997
-3.814868
-14.563458
-23.828234
-33.248322
-43.214389
-52.897930
-61.541285
-68.804196
-73.263475
-75.141191
-75.080395
-72.945697
-68.915401
-64.496994
-59.832845
-53.820951
-45.386723
-34.935985
-23.014375
-10.521923
1.402753
12.741940
23.527997
32.684292
40.915353
49.058029
56.859936
63.647543
70.032733
75.812851
78.443119
77.278614
73.941265
69.003446
62.376431
53.360632
43.107612
31.853914
19.607203
7.755075
-3.838880
-14.322656
-23.450170
-32.722439
-42.595863
-52.498238
-61.216865
-68.714959
-73.149885
-75.105429
-75.084312
-72.901419
-68.779332
-64.346790
-59.848172
-53.982735
-45.679126
-35.256147
-23.477418
-10.843618
1.253230
12.634993
23.375409
32.639844
40.666206
48.680987
56.442193
63.168151
69.725173
75.612409
78.405482
77.428477
74.084486
68.999188
62.396186
53.547110
43.429136
32.351528
20.301172
8.368152
-3.190381
-13.741936
-22.874730
-32.259566
-42.324066
-52.171775
-60.747862
-68.111590
-72.783232
-74.698755
-74.707440
-72.705746
-68.767071
-64.491204
-59.970617
-54.214512
-45.966251
-35.603217
-23.953744
-11.346170
0.732115
12.019021
22.914921
32.266038
40.461676
48.565354
56.224551
62.887839
69.197757
75.212547
78.225476
77.184609
73.877914
68.864482
62.553542
53.767136
43.860333
32.674074
20.456995
8.539472
-3.032003
-13.552053
-22.867407
-32.110214
-41.965246
-51.737343
-60.401303
-67.873001
-72.535276
-74.575799
-74.808427
-72.912148
-69.072757
-64.647879
-60.123886
-54.371016
-46.103852
-35.847255
-24.256877
-11.878184
0.229393
11.597361
22.500072
31.805720
40.047850
48.075063
55.918012
62.689100
69.095918
74.953692
77.995573
77.120917
73.755128
69.011961
62.847989
54.268156
44.108289
33.040217
21.158968
9.086984
-2.586671
-13.265610
-22.345441
-31.454393
-41.371073
-51.144191
-59.882573
-67.510605
-72.396483
-74.675594
-74.907712
-72.984525
-69.104433
-64.786673
-60.242414
-54.458550
-46.358449
-36.187172
-24.582658
-12.366601
-0.220707
11.186089
22.208350
31.655175
39.823226
47.891140
55.616583
62.361445
68.663018
74.512959
77.701637
76.996940
74.103219
69.397347
63.190460
54.669891
44.647626
33.659424
21.552699
9.486505
-2.115284
-12.851783
-22.102765
-31.218358
-40.902070
-50.719125
-59.616055
-67.307949
-72.372981
-74.622120
-74.866329
-73.145287
-69.226537
-64.730644
-60.411521
-54.865735
-46.920095
-36.728212
-25.302001
-12.913942
-0.842469
10.626657
21.522386
30.951159
39.160081
47.323023
55.227450
62.100887
68.455594
74.394941
77.887433
77.226843
74.318818
69.668974
63.508749
54.953439
44.847897
33.960683
21.891764
9.876830
-1.784222
-12.737172
-21.859578
-30.913353
-40.573222
-50.471851
-59.215001
-67.010266
-72.229930
-74.699436
-74.955225
-73.209831
-69.424255
-65.119607
-60.697964
-55.168527
-47.169753
-37.214926
-25.766066
-13.376815
-1.201459
10.278395
21.333524
30.908925
39.286443
47.406128
55.322647
62.139715
68.531888
74.491160
77.879088
77.282020
74.517557
70.056064
64.002446
55.379016
45.372588
34.498657
22.392784
10.273627
-1.323734
-12.206350
-21.539416
-30.672550
-40.456738
-50.220149
-59.166636
-66.922222
-72.215114
-74.680192
-75.050422
-73.416914
-69.692646
-65.282924
-60.841186
-55.407286
-47.590733
-37.564210
-26.103428
-13.678244
-1.577309
9.923833
20.967552
30.616011
38.936990
47.216075
55.175849
62.078238
68.528822
74.580908
78.181710
77.743701
75.025558
70.368733
64.247506
55.938789
45.716592
34.643582
22.692340
10.602815
-1.065561
-11.923824
-21.152837
-30.320372
-40.163483
-50.066369
-59.081657
-66.886289
-72.236402
-74.815750
-75.355768
-73.706082
-69.812707
-65.566812
-61.209883
-55.630548
-47.900336
-38.096734
-26.623862
-14.167002
-1.908711
9.638071
20.735094
30.296530
38.667577
46.731574
54.819073
61.867067
68.442651
74.750866
78.384876
77.956745
75.138978
70.507867
64.374890
55.979661
46.050038
35.052299
23.079259
10.972364
-0.666380
-11.678253
-20.787205
-30.158418
-40.069478
-49.987010
-58.824335
-66.616195
-72.009393
-74.572904
-75.107813
-73.674917
-70.131506
-65.741028
-61.351742
-56.026833
-48.183032
-38.169112
-26.565279
-14.213664
-1.946517
9.608780
20.757403
30.456100
38.811479
46.921117
55.098363
62.091691
68.563904
74.671507
78.412635
77.988080
75.049400
70.547887
64.657416
56.429761
46.514954
35.465785
23.459026
11.321647
-0.423363
-11.493479
-20.922593
-30.129467
-40.006638
-49.993481
-58.908803
-66.741705
-72.103739
-74.641364
-75.232642
-73.893411
-70.302997
-66.004140
-61.632735
-56.177718
-48.395055
-38.250855
-26.889018
-14.572654
-2.300058
9.305647
20.380361
30.165570
38.571869
46.749285
54.843426
61.827217
68.540573
74.793952
78.622443
78.305176
75.411286
70.868390
64.858028
56.452411
46.578135
35.603898
23.648058
11.427913
-0.211341
-11.197669
-20.646368
-29.836723
-39.791891
-49.821820
-58.716365
-66.529512
-72.149038
-74.596575
-75.174059
-73.765176
-70.186002
-65.986940
-61.581305
-56.172780
-48.430647
-38.456406
-26.918820
-14.561755
-2.270937
9.128877
20.361968
30.039549
38.588047
46.610321
54.769686
61.903851
68.409102
74.706418
78.635045
78.398160
75.658730
71.040903
64.956801
56.740216
46.749456
35.821881
23.756368
11.549337
-0.070333
-11.151688
-20.565816
-29.708658
-39.597069
-49.504893
-58.603968
-66.639355
-72.083984
-74.771472
-75.379951
-73.966299
-70.314407
-66.012485
-61.740705
-56.417159
-48.770734
-38.735526
-27.390548
-14.941522
-2.687318
8.924689
20.071098
29.840980
38.379771
46.469825
54.555280
61.653171
68.167789
74.442795
78.454358
78.229904
75.619221
71.077517
65.151964
56.863342
46.905790
36.006825
24.030719
11.744670
0.164679
-11.064836
-20.403011
-29.602221
-39.455891
-49.529416
-58.570589
-66.480807
-72.086028
-74.847085
-75.367008
-73.861565
-70.278134
-66.045352
-61.782258
-56.417840
-48.848901
-38.883175
-27.369772
-15.013899
-2.611194
8.834941
20.027842
29.824121
38.297176
46.450240
54.684537
61.783961
68.306582
74.675083
78.484501
78.512260
75.859342
71.264505
65.207822
57.071618
47.093460
36.038671
24.006026
11.661564
-0.038488
-11.102983
-20.607540
-29.737779
-39.588724
-49.506937
-58.645180
-66.699300
-72.268929
-74.966976
-75.589589
-74.238266
-70.593527
-66.242559
-61.691999
-56.554249
-48.922471
-39.098263
-27.667795
-15.269007
-2.875669
8.867979
20.074163
29.980455
38.396631
46.493326
54.572139
61.670542
68.265029
74.617863
78.562839
78.518050
76.013122
71.596929
65.569707
57.476078
47.345332
36.363772
24.360929
12.192556
0.280142
-10.896070
-20.395347
-29.677323
-39.504937
-49.533503
-58.376959
-66.459690
-71.968351
-74.846574
-75.476170
-74.083805
-70.397854
-66.116026
-61.756713
-56.378501
-48.866442
-39.080041
-27.756010
-15.283482
-2.995219
8.631604
19.872018
29.791423
38.220882
46.341590
54.473707
61.652660
68.182945
74.492012
78.512260
78.546149
75.925248
71.592331
65.657582
57.494640
47.410897
36.217485
24.267265
12.031453
0.298875
-10.905606
-20.349537
-29.564244
-39.480754
-49.416508
-58.424473
-66.563402
-72.385243
-75.041226
-75.662306
-74.340786
-70.809126
-66.347292
-61.854465
-56.503841
-49.039466
-39.250169
-27.895144
-15.472174
-3.136907
8.504050
19.846814
29.829911
38.123812
46.182871
54.386343
61.504671
67.922899
74.181727
78.409570
78.618697
76.017891
71.483340
65.600191
57.607208
47.532661
36.386422
24.302346
12.080669
0.418595
-10.836465
-20.392963
-29.426473
-39.270265
-49.308028
-58.442865
-66.476209
-72.152785
-75.056723
-75.628417
-74.244397
-70.660795
-66.199303
-61.735937
-56.607894
-49.059561
-39.207935

