54.227454
45.779433
36.525386
26.592697
14.520713
0.215939
-13.183355
-25.820221
-38.351161
-48.949378
-57.620151
-64.602920
-70.629120
-75.381483
-78.545468
-80.169099
-79.898494
-76.415879
-71.230786
-65.309150
-56.584903
-45.734814
-34.929514
-23.850203
-10.813645
2.188172
14.059544
26.056767
37.437848
47.870704
57.317870
64.785140
70.954391
75.731107
77.630622
77.414683
75.324944
71.435996
67.561184
62.462432
54.899965
46.568257
37.303311
27.301482
15.332358
0.893899
-12.651171
-25.274072
-37.765503
-48.684393
-57.381902
-64.310006
-70.390020
-75.458118
-78.667743
-80.284221
-80.069304
-76.945509
-71.722099
-65.523556
-56.929588
-46.239410
-35.526071
-24.152824
-11.178936
1.680340
13.461624
25.561878
37.061487
47.637905
56.886843
64.410652
70.663520
75.625692
77.665022
77.416727
75.488091
71.775062
68.016052
62.665428
55.241244
47.007799
37.963561
27.838264
15.788930
1.418420
-12.256929
-24.922746
-37.485531
-48.440525
-57.214669
-64.263174
-70.342336
-75.331245
-78.494549
-80.349105
-80.282858
-77.236039
-72.205237
-65.972975
-57.438271
-46.711990
-35.856622
-24.433477
-11.503696
1.369374
13.221673
25.385959
37.010397
47.441891
56.901319
64.511810
70.902109
75.768743
77.928134
77.816078
75.842142
72.054182
68.101031
63.082320
55.640084
47.326088
38.257837
28.223821
16.317027
1.745394
-11.924165
-24.587427
-37.193980
-48.118489
-57.097673
-64.204931
-70.320879
-75.544800
-78.816925
-80.657346
-80.593143
-77.574253
-72.460004
-66.378117
-57.698488
-46.945129
-36.236048
-24.916955
-11.987516
0.910078
12.941020
25.043488
36.706243
47.479868
56.917838
64.518622
70.762464
75.759888
77.884708
77.884708
76.061147
72.532892
68.711213
63.517775
55.929933
47.546795
38.463558
28.424774
16.528879
2.158369
-11.625290
-24.247510
-36.922012
-47.996385
-57.043007
-64.332826
-70.527962
-75.765337
-78.996590
-80.681188
-80.592973
-77.762433
-72.684118
-66.661494
-58.193888
-47.463349
-36.558253
-25.088617
-12.063640
0.883852
12.705837
24.847814
36.495583
47.219140
56.853465
64.573799
71.036475
76.008354
78.331402
78.306539
76.486383
72.726863
68.729094
63.750914
56.390592
48.159361
39.105415
29.107503
17.193215
2.436978
-11.557341
-24.355820
-37.047182
-48.097202
-57.041134
-64.193521
-70.428337
-75.598615
-79.066413
-81.027746
-80.975294
-78.153440
-73.023353
-66.872154
-58.339664
-47.592436
-36.538499
-25.415931
-12.427739
0.598601
12.572323
24.719919
36.510229
47.279937
57.040283
64.803362
71.111407
76.095206
78.361886
78.299556
76.489449
72.832278
69.010939
64.038038
56.597676
48.204320
39.073229
29.089791
17.046588
2.547332
-11.395046
-24.148907
-36.914008
-48.174688
-57.024956
-64.360074
-70.567983
-75.995581
-79.292400
-81.212350
-81.237555
-78.496763
-73.293958
-67.196063
-58.691161
-47.850268
-36.881992
-25.440454
-12.315682
0.787633
12.745857
24.940286
36.695174
47.494514
57.070936
64.846448
71.219206
76.302460
78.564371
78.534910
76.708964
72.997468
69.086211
64.047064
56.658472
48.273632
39.234502
29.136964
17.198495
2.704688
-11.302744
-24.180072
-36.976848
-48.133475
-57.119131
-64.404181
-70.532901
-75.785262
-79.187836
-81.123795
-81.246240
-78.375510
-73.169129
-67.050968
-58.557987
-47.732251
-36.681890
-25.349515
-12.317215
0.796999
12.769018
24.782590
36.522491
47.375815
57.000603
64.794166
71.068321
76.143571
78.376021
78.241144
76.377732
72.662660
68.706785
63.843897
56.480510
48.009498
38.975988
28.860228
17.040116
2.428464
-11.312280
-24.053029
-36.744050
-47.931501
-56.879520
-64.094578
-70.324114
-75.576305
-78.937156
-80.904790
-80.906323
-78.066928
-72.881665
-66.719225
-58.388540
-47.710282
-36.880119
-25.719234
-12.679952
0.434773
12.440000
24.513006
36.317451
46.894550
56.503841
64.174448
70.448262
75.537988
77.885900
77.906847
76.190404
72.427647
68.476200
63.627447
56.415456
48.058544
39.133344
29.201678
17.538411
3.247942
-10.774987
-23.506539
-36.286456
-47.616107
-56.521382
-63.833509
-69.921357
-75.123991
-78.392369
-80.540691
-80.828667
-78.182050
-73.082447
-66.984211
-58.746678
-48.031126
-37.082774
-25.800807
-13.021571
0.005790
11.997223
23.961578
35.766363
46.561956
56.245668
64.048086
70.337568
75.354917
77.850989
77.815737
76.073919
72.407893
68.528822
63.818012
56.709051
48.487697
39.568969
29.606308
17.992769
3.554991
-10.471514
-23.114000
-35.660097
-47.028916
-56.135654
-63.448633
-69.567306
-74.874844
-78.434263
-80.452647
-80.643722
-78.081744
-73.003939
-66.988468
-58.824846
-48.336642
-37.502732
-26.397875
-13.684205
-0.478710
11.487348
23.471117
35.398177
46.170098
55.941003
63.743421
69.936684
75.011594
77.516692
77.739443
76.325451
72.641373
68.600689
63.707147
56.708200
48.427582
39.738928
29.736246
18.137012
3.939526
-9.996891
-22.473506
-35.199097
-46.508483
-55.579458
-62.972988
-69.203206
-74.601173
-78.107119
-80.247266
-80.639975
-78.165020
-73.231459
-67.167623
-59.174299
-48.710448
-37.739277
-26.740517
-14.049155
-0.996590
11.106048
23.127794
35.054002
45.710972
55.504526
63.356842
69.717169
74.911118
77.638286
77.849797
76.422862
72.832448
68.713767
64.071587
57.130201
48.827955
39.814200
29.883896
18.664769
4.506452
-9.546961
-22.135632
-34.663848
-46.091591
-55.432149
-62.876088
-69.147008
-74.540888
-78.007664
-80.176592
-80.452647
-78.024864
-73.180369
-67.479100
-59.616055
-49.162422
-38.181543
-27.149064
-14.261859
-1.200948
10.880913
22.749049
34.610374
45.266662
54.998398
63.007389
69.373846
74.705056
77.493191
77.690567
76.254947
72.583641
68.668979
63.970259
56.950705
48.757792
40.034567
30.295168
19.120148
5.140986
-8.860486
-21.521875
-34.232650
-45.786755
-54.965190
-62.459707
-68.796362
-74.232646
-77.880962
-80.030646
-80.470358
-78.303644
-73.414700
-67.475864
-59.777158
-49.452441
-38.535254
-27.499199
-14.928239
-1.844168
10.109118
22.084543
33.922706
44.711317
54.551874
62.690633
69.183792
74.511766
77.302797
77.497619
76.291902
72.702851
68.846941
64.292124
57.419368
49.205167
40.411438
30.740499
19.673620
5.811623
-8.283854
-21.113838
-33.734526
-45.289312
-54.568052
-62.226227
-68.469218
-73.994058
-77.762433
-80.128908
-80.569983
-78.429835
-73.740823
-68.034955
-60.401985
-50.097193
-39.014305
-28.093031
-15.419040
-2.160072
9.896074
21.757739
33.669642
44.463703
54.427215
62.619788
69.227048
74.680192
77.691589
77.984333
76.636076
73.070015
69.170168
64.661503
57.818379
49.478667
40.721382
31.108856
20.037889
6.155627
-7.923841
-20.655904
-33.427817
-45.130593
-54.567030
-62.081473
-68.491186
-73.987756
-77.791895
-80.175740
-80.792563
-78.849963
-74.187858
-68.386623
-60.749224
-50.483942
-39.462703
-28.401443
-15.799659
-2.560445
9.426730
21.312918
33.239126
44.158186
54.162400
62.540599
69.186687
74.672869
77.722924
78.021969
76.795135
73.270457
69.424595
64.947435
58.148929
50.106730
41.282347
31.475680
20.524263
6.629739
-7.613557
-20.407949
-33.113446
-44.890812
-54.372208
-61.950173
-68.389518
-73.905332
-77.728374
-80.192089
-80.973251
-79.018899
-74.247633
-68.631172
-61.075517
-50.710269
-39.750167
-28.932946
-16.364029
-3.069299
9.043557
20.989180
33.042261
43.934073
53.977966
62.235253
68.942990
74.509042
77.669450
78.148331
76.883861
73.465279
69.553341
65.194368
58.612994
50.505229
41.870219
32.042265
20.978280
6.988389
-7.333415
-20.220791
-32.716479
-44.610841
-54.129022
-61.771529
-68.074294
-73.743207
-77.757495
-80.294609
-81.084626
-79.246078
-74.674402
-68.789891
-61.244624
-51.102127
-40.075268
-29.173068
-16.558170
-3.361872
8.797135
20.806108
32.942295
43.951614
54.025820
62.309844
69.113629
74.692113
77.899184
78.401395
77.335324
73.920999
69.914886
65.560341
58.925492
50.716741
41.942256
32.002926
20.976237
7.114410
-7.167884
-19.943714
-32.606636
-44.438328
-54.050514
-61.856338
-68.337747
-74.019432
-77.918257
-80.310958
-81.088884
-79.332760
-74.682917
-68.965810
-61.517613
-51.311084
-40.306704
-29.245785
-16.863687
-3.665856
8.571829
20.620993
32.700471
43.746914
53.803750
62.193530
68.881852
74.387278
77.862399
78.419617
77.353886
73.992525
69.987774
65.709523
59.191329
50.901856
42.177439
32.292094
21.334035
7.347379
-7.036243
-19.831657
-32.534940
-44.337681
-53.980180
-61.781236
-68.164894
-73.826994
-77.988761
-80.335481
-81.132480
-79.324416
-74.723959
-69.083486
-61.605317
-51.464013
-40.459633
-29.512303
-16.986643
-3.749302
8.504220
20.381212
32.649892
43.629919
53.882939
62.130349
68.901096
74.559620
77.864272
78.484501
77.527932
74.238096
70.311683
65.916095
59.297425
51.211630
42.448214
32.623666
21.634272
7.712160
-6.654263
-19.649608
-32.460690
-44.393199
-54.038082
-61.707156
-68.180050
-73.889153
-77.689035
-80.192430
-81.065382
-79.344341
-74.771983
-69.171871
-61.893463
-51.821470
-40.819304
-29.728924
-17.318896
-4.029785
8.222035
20.212446
32.324961
43.412958
53.656272
62.057972
68.856137
74.510234
77.865124
78.460148
77.500854
74.125358
70.250034
65.894467
59.432813
51.185744
42.463200
32.737936
21.857194
7.905960
-6.371396
-19.427027
-32.122646
-44.083766
-53.766625
-61.637674
-68.125214
-73.807069
-77.909742
-80.537966
-81.342629
-79.538311
-74.986901
-69.340467
-61.984232
-51.780428
-40.797676
-29.845919
-17.369475
-4.195997
8.191211
20.068884
32.243729
43.381793
53.598881
62.055417
68.923916
74.534416
77.916724
78.630277
77.524015
74.381488
70.505823
66.108874
59.520347
51.353829
42.622941
32.779660
21.897214
8.030619
-6.356921
-19.325188
-32.217843
-44.261728
-54.047278
-61.796393
-68.293640
-74.005468
-77.903100
-80.359493
-81.236362
-79.618522
-75.159243
-69.526945
-62.049287
-52.082028
-40.928125
-29.932601
-17.435891
-4.167046
8.079154
20.098005
32.188722
43.322018
53.520714
62.049798
68.895306
74.634552
78.101328
78.772647
77.657359
74.400902
70.517063
66.252095
59.662036
51.540477
42.672498
32.832793
21.921056
8.222546
-6.275347
-19.227948
-31.960011
-44.032335
-53.824527
-61.750071
-68.098307
-73.951994
-77.859334
-80.535582
-81.385204
-79.664333
-75.006826
-69.374527
-62.045200
-51.938806
-40.877036
-30.061688
-17.695086
-4.249471
8.050544
20.011153
32.177653
43.281146
53.388221
61.865704
68.653311
74.385745
77.927113
78.593833
77.570847
74.349812
70.317643
66.118411
59.612479
51.439660
42.721033
32.857146
22.144318
8.513757
-5.865267
-18.908296
-31.660966
-43.847391
-53.826741
-61.659472
-68.064587
-73.863779
-77.948570
-80.339568
-81.272466
-79.728535
-75.386252
-69.687877
-62.346969
-52.196128
-41.131122
-30.125890
-17.682314
-4.307543
7.917540
19.779716
31.985896
43.129580
53.175517
61.710392
68.664721
74.424914
77.931711
78.622954
77.739273
74.589252
70.558957
66.195726
59.769154
51.744155
43.045623
33.181054
22.316149
8.635351
-5.838701
-18.980503
-31.895467
-43.926409
-53.819759
-61.712095
-68.211385
-73.866844
-77.835832
-80.492326
-81.349441
-79.802104
-75.352703
-69.629295
-62.255689
-52.325726
-41.087185
-30.139174

