-44.633150
-55.120162
-64.293827
-71.371794
-76.187679
-77.392203
-76.952151
-75.793096
-73.116166
-70.292439
-66.147872
-58.928047
-50.110306
-39.559773
-26.814767
-12.983084
0.181879
12.131419
23.134777
33.766372
44.169426
53.358589
61.658451
69.207805
75.378588
78.271457
77.978373
75.976508
72.015354
67.192486
61.547416
54.287740
45.988900
37.433931
27.806759
16.440153
4.964897
-6.208250
-18.961430
-32.045501
-43.858801
-54.235458
-63.452380
-70.706947
-75.808082
-77.329193
-76.887608
-75.777258
-73.004450
-70.420504
-66.355807
-59.152331
-50.445625
-40.248632
-27.567489
-13.666664
-0.416040
11.353833
22.409643
33.437184
43.817588
52.881752
61.060190
69.009917
75.231791
78.133174
77.957937
76.163667
72.436844
67.708663
61.788729
54.564306
46.332393
37.886586
28.392417
16.934872
5.581720
-5.491972
-18.070085
-31.555210
-43.472222
-54.078783
-63.335725
-70.673057
-75.737579
-77.161278
-76.783385
-75.772830
-73.122467
-70.713077
-66.901956
-59.913908
-51.114219
-40.781668
-27.932099
-14.128344
-0.902755
10.874782
21.725042
32.751901
43.182032
52.366427
60.825007
68.969386
75.320346
78.302792
78.164169
76.340096
72.626216
67.717007
62.055077
54.919720
46.979700
38.465261
28.971093
17.618452
6.047658
-5.212852
-18.135990
-31.403303
-43.186290
-53.662573
-62.913384
-70.336376
-75.562511
-77.393396
-77.117682
-76.224974
-73.612928
-70.959330
-67.181076
-60.153178
-51.363536
-41.270937
-28.580257
-14.852115
-1.592977
10.293892
21.363497
32.374518
43.093988
52.448000
60.781581
68.825483
75.219018
78.270776
78.305176
76.527085
72.881324
68.360056
62.661001
55.472681
47.232594
38.799047
29.234546
17.937081
6.398133
-4.737207
-17.565148
-30.946050
-42.893035
-53.507260
-62.837771
-70.308787
-75.665712
-77.556201
-77.444315
-76.475995
-73.951823
-71.312359
-67.508221
-60.663053
-51.871368
-41.790860
-29.043470
-15.044553
-1.665013
10.156631
21.302530
32.369750
42.978695
52.346332
60.916969
69.090979
75.619732
78.809432
78.697205
76.992171
73.314735
68.583829
63.001258
55.812427
47.659193
39.008686
29.522181
18.173456
6.636551
-4.620552
-17.497199
-30.827182
-42.803458
-53.474392
-62.869447
-70.407391
-75.744390
-77.779974
-77.612230
-76.815571
-74.278968
-71.686336
-67.970242
-61.023576
-52.308014
-42.054994
-29.418809
-15.472514
-1.988922
9.928261
21.108900
32.177312
42.856932
52.286727
61.005013
69.001743
75.624159
78.888450
78.842981
77.137266
73.457786
68.673236
63.165767
56.090014
47.792026
39.151907
29.624019
18.233912
6.679296
-4.567759
-17.294884
-30.703885
-42.801585
-53.570781
-63.047068
-70.472956
-75.951985
-77.833789
-77.592816
-76.604060
-74.083124
-71.591990
-67.724671
-60.969080
-52.200726
-42.278426
-29.481649
-15.522582
-2.003568
9.898629
21.120480
32.130480
42.788471
52.254881
60.760123
69.044147
75.778280
79.106092
79.217979
77.502217
73.782035
68.959168
63.214643
56.011506
47.802755
39.257152
29.726369
18.431629
6.771939
-4.478863
-17.236131
-30.811003
-42.963369
-53.764071
-63.125917
-70.604937
-75.929505
-77.747447
-77.602863
-76.789345
-74.353388
-71.791240
-68.075997
-61.236790
-52.380902
-42.222057
-29.531036
-15.619482
-2.225808
9.803091
20.949670
31.955923
42.701108
52.149126
60.749905
68.907397
75.592995
78.958954
79.075950
77.230930
73.626723
68.930728
63.274588
56.195770
47.884158
39.364951
29.802493
18.452747
6.784712
-4.359995
-17.025471
-30.429193
-42.594671
-53.428071
-62.824658
-70.461886
-75.815575
-77.909742
-77.418259
-76.658215
-74.201993
-71.638141
-68.022524
-61.259099
-52.551883
-42.423691
-29.772009
-15.946627
-2.343144
9.667703
20.744630
31.836714
42.479890
51.959583
60.418844
68.631853
75.491496
78.970534
79.127891
77.355759
73.850666
68.964618
63.375746
56.312425
48.163789
39.642709
30.191456
18.848862
7.185766
-4.081896
-16.638041
-30.074971
-42.217289
-53.072487
-62.638181
-70.331778
-75.843675
-77.805179
-77.564716
-76.662813
-74.164357
-71.575471
-67.930903
-61.400958
-52.727120
-42.759350
-30.051300
-16.305617
-2.812488
9.329660
20.561899
31.612941
42.207752
51.719631
60.177871
68.358864
75.186832
78.811816
79.112734
77.459131
73.942287
69.243227
63.624212
56.488003
48.253536
39.634194
30.336210
19.043854
7.302420
-3.911768
-16.370160
-29.801130
-41.996581
-52.830662
-62.377623
-70.105110
-75.628247
-77.828169
-77.510391
-76.611042
-74.031523
-71.534770
-68.125554
-61.649084
-52.953107
-42.966945
-30.464275
-16.586270
-2.984490
9.075403
20.222153
31.153985
41.857958
51.235982
59.615374
67.856652
74.674743
78.408718
78.769922
77.117341
73.803152
69.109201
63.713448
56.701558
48.392500
39.793934
30.433450
19.408805
7.951430
-3.241641
-15.876634
-29.615845
-41.763101
-52.538599
-61.736447
-69.491352
-75.213739
-77.521120
-77.367340
-76.490470
-74.218001
-71.573428
-68.020310
-61.508077
-52.833727
-42.996236
-30.625377
-16.948666
-3.563847
8.487361
19.560712
30.764512
41.484152
51.032475
59.600728
67.731823
74.566943
78.188181
78.601497
77.059439
73.836701
69.186517
63.833509
56.806122
48.667192
40.037632
30.765704
19.686903
8.066211
-3.108127
-15.629871
-28.942483
-41.043247
-51.927567
-61.583689
-69.429364
-74.982984
-77.551944
-77.395269
-76.533045
-74.026244
-71.349314
-68.085875
-61.750071
-53.233419
-43.483973
-31.193835
-17.545734
-3.968307
8.193936
19.303731
30.165400
40.873119
50.487007
58.995826
67.259754
74.378422
78.101839
78.628063
77.098097
73.866504
69.239821
63.817842
56.991747
48.862525
40.389129
31.143427
20.066840
8.504731
-2.780131
-15.021392
-28.403146
-40.663821
-51.495688
-61.051335
-68.925108
-74.757508
-77.391011
-77.278103
-76.580729
-74.284928
-71.667433
-68.215302
-61.959369
-53.572314
-43.906825
-31.816619
-18.137864
-4.529272
7.626670
18.854312
30.048915
40.710313
50.291504
58.839151
67.108529
74.119738
78.143222
78.694650
77.391693
74.209656
69.633893
64.300128
57.547433
49.477475
40.935108
31.771490
20.693881
9.182862
-2.096381
-14.345646
-27.769123
-40.157352
-51.226446
-61.070578
-68.968534
-74.894599
-77.637434
-77.525377
-76.935632
-74.554001
-71.846928
-68.474327
-62.421901
-53.867442
-44.254575
-32.226018
-18.617937
-4.879577
7.450921
18.644844
29.672895
40.399347
50.045763
58.708532
66.853080
74.017048
78.195844
78.871591
77.431202
74.396985
69.739478
64.506701
57.780402
49.742460
41.167225
32.008375
20.943710
9.202276
-2.042055
-14.184202
-27.628967
-39.961508
-51.075050
-60.873032
-68.873678
-74.906009
-77.714920
-77.561992
-76.914685
-74.686834
-71.952173
-68.725348
-62.536682
-54.183687
-44.526373
-32.494409
-18.855333
-5.152566
7.186958
18.426350
29.573951
40.336847
49.926213
58.506557
66.765206
73.923554
78.147820
78.797681
77.445677
74.370759
69.793974
64.443690
57.846137
49.796104
41.250161
32.176461
21.185705
9.544577
-1.748119
-13.840028
-27.379649
-39.873804
-50.818069
-60.738155
-68.825824
-74.789865
-77.715772
-77.641010
-77.007839
-74.744395
-72.079045
-68.888153
-62.820060
-54.438284
-44.790336
-32.764503
-19.190993
-5.596195
6.846530
18.230336
29.194525
39.945160
49.794912
58.396373
66.485575
73.731116
78.122616
78.955208
77.641691
74.673210
70.016214
64.756870
57.990551
50.009148
41.542564
32.427481
21.537202
9.760005
-1.464401
-13.646909
-27.196067
-39.625508
-50.711121
-60.497352
-68.613972
-74.629954
-77.624662
-77.556031
-77.030999
-74.612413
-72.036641
-68.929536
-62.913213
-54.457528
-44.809750
-32.887118
-19.315651
-5.640984
6.702457
17.825535
28.966154
39.771966
49.391815
58.066845
66.305229
73.693139
78.034742
78.916550
77.654464
74.722937
70.126738
64.813920
58.047601
50.214188
41.719675
32.698427
21.847316
10.162081
-1.155308
-13.457537
-27.030877
-39.542062
-50.576244
-60.271025
-68.486418
-74.449437
-77.343839
-77.341284
-76.914685
-74.819667
-72.175264
-69.124017
-63.264370
-54.787568
-45.137405
-33.145632
-19.490549
-5.874463
6.359816
17.549651
28.507539
39.307049
49.178089
57.902336
66.355126
73.592833
77.969517
78.863246
77.607291
74.561664
70.075648
64.819881
58.231013
50.358943
41.857106
33.045837
22.265400
10.484457
-0.854390
-13.061592
-26.455777
-38.933073
-50.257615
-60.041291
-68.199124
-74.239118
-77.532019
-77.521631
-76.904978
-74.890511
-72.210857
-69.193670
-63.442673
-55.001293
-45.415844
-33.678327
-19.953591
-6.288120
6.131785
17.342908
28.303180
39.174386
48.956190
57.698659
65.952199
73.353733
77.873468
78.847408
77.477012
74.664184
70.053509
64.990861
58.260645
50.386361
42.007991
33.030169
22.377116
10.716575
-0.599112
-12.662922
-26.201180
-38.862910
-49.905947
-59.874909
-68.230799
-74.451310
-77.656507
-77.631474
-77.105931
-75.045143
-72.372811
-69.339105
-63.508919
-55.318049
-45.900175
-33.959150
-20.382575
-6.588016
5.888939
17.233746
28.247322
38.970028
48.810584
57.525975
65.989665
73.394775
78.086342
79.191583
78.062500
75.218848
70.684297
65.555743
58.889389
50.976787
42.475973
33.483676
22.722823
11.120864
-0.278098
-12.313298
-25.920187
-38.551262
-49.932855
-60.008424
-68.336896
-74.480261
-77.827488
-77.768905
-77.429329
-75.305019
-72.661979
-69.702012
-64.085552
-55.792502
-46.174186
-34.379278
-20.749569
-6.863730
5.842107
17.176526
28.168985
38.985865
48.988036
57.628325
66.080093
73.676109
78.291212
79.480239
78.189884
75.351851
70.770127
65.543822
58.860779
51.018000
42.538643
33.561843
22.989341
11.124781
-0.102520
-12.172971
-25.804043
-38.565738
-49.866268
-59.941156
-68.388326
-74.602025
-77.921152
-77.960321
-77.415534
-75.428316
-72.761774
-69.791589
-63.941308
-55.745159
-46.249969
-34.329551
-20.682471
-6.820815
5.733115
17.101083
28.153999
39.201634
48.944780
57.709898
66.033091
73.554516
78.212023
79.353026
78.280824
75.377396
70.889848
65.649067
59.021711
51.116943
42.623622
33.654826
22.933994
11.056662
-0.231436
-12.240921
-25.780712
-38.537979
-49.697161
-59.814623
-68.227223
-74.480602
-77.846561
-78.139475
-77.693122
-75.649875
-73.023013
-69.984198
-64.290592
-55.774110
-46.333756
-34.432411
-21.009275
-7.217612
5.479200
17.025471
28.112105
39.037807
49.065862
57.798624
66.004310
73.413508
78.203508
79.263619
78.144925
75.375863
70.992708
65.771512
59.161016
51.236664
42.760032
33.799240
23.074661
11.289631
-0.050408
-12.129886
-25.522709
-38.360357
-49.619675
-59.673616
-68.310499
-74.551616
-77.960491
-78.027078
-77.609164
-75.485195
-72.843007
-69.995437
-64.286845
-55.926868
-46.512399
-34.840788
-21.053723
-7.159369
5.535569
16.917501
28.098481
39.079870
49.108437
57.813270
66.106660
73.624509
78.413997
79.547848
78.390837
75.659071
71.251903
65.874202
59.232031
51.375628
42.832238
33.805200
23.082154
11.331694
0.004257
-12.061937
-25.617906
-38.405827
-49.631766
-59.760468
-68.310159
-74.651071
-78.083617
-78.127895
-77.676092
-75.738260
-72.885411
-70.027454
-64.400264
-56.074006
-46.502352
-34.651416
-21.114520
-7.177080
5.506788
16.914265
28.067146
39.036955
48.916340
57.748386
66.085713

