62.340328
69.303853
75.109516
78.635386
79.250847
78.132663
74.878080
70.968696
66.558804
60.000420
51.801716
43.036427
33.194678
22.238663
8.436101
-6.054810
-19.181796
-32.169478
-44.270584
-54.278885
-62.193871
-68.717173
-74.478218
-78.500169
-81.069810
-81.900018
-80.246755
-75.630460
-69.919995
-62.577043
-52.360637
-41.079351
-29.963085
-17.522233
-4.053116
8.396591
20.389046
32.573768
43.747425
53.955146
62.226909
69.117546
74.859517
78.408718
79.033375
77.960151
74.640853
70.708990
66.257715
59.735094
51.454646
42.791196
32.973630
22.065129
8.142676
-6.241628
-19.322123
-32.204049
-44.380256
-54.270540
-62.153510
-68.642753
-74.382169
-78.420809
-80.747434
-81.529277
-79.870054
-75.437512
-69.660800
-62.140056
-51.911899
-40.776900
-29.706785
-17.255885
-3.863232
8.468117
20.449162
32.646656
43.789319
53.922279
62.287535
69.091320
74.792079
78.173195
78.716959
77.661276
74.415207
70.251567
65.923248
59.475899
51.218952
42.525530
32.825640
21.851403
8.110149
-6.447179
-19.484929
-32.440083
-44.611011
-54.255383
-62.141929
-68.609544
-74.369396
-78.252895
-80.667734
-81.527063
-79.850980
-75.310298
-69.594894
-62.040431
-51.921095
-40.568454
-29.580253
-17.106874
-3.829173
8.509670
20.553725
32.725164
43.800899
54.017135
62.506539
69.227559
74.897834
78.238589
78.787974
77.659743
74.213232
70.323263
65.883057
59.357882
51.194940
42.330538
32.585689
21.702221
7.958242
-6.561960
-19.629342
-32.326324
-44.441053
-54.272243
-62.059845
-68.461384
-74.272326
-78.320163
-80.670118
-81.407002
-79.671655
-75.104747
-69.493055
-62.092032
-51.824195
-40.637936
-29.483523
-16.945771
-3.633669
8.593457
20.473174
32.567297
43.773481
53.817374
62.338454
69.064072
74.701480
78.076465
78.644753
77.545473
74.125188
70.208992
65.895319
59.241056
51.180295
42.465585
32.686165
21.651132
8.037601
-6.538800
-19.615378
-32.526425
-44.376339
-54.222516
-61.863661
-68.380492
-74.173382
-78.024694
-80.402068
-81.307377
-79.564026
-75.021471
-69.284780
-61.923436
-51.818745
-40.639128
-29.603413
-17.156260
-3.823553
8.393867
20.333358
32.520464
43.557031
53.703785
62.222310
68.957635
74.659245
77.957255
78.513452
77.412810
74.079718
70.047379
65.690279
59.272221
50.968613
42.259863
32.543625
21.690130
8.069958
-6.442070
-19.435201
-32.236406
-44.390815
-54.072993
-61.793668
-68.078211
-73.757683
-77.811139
-80.214909
-81.090416
-79.397985
-74.872800
-69.278649
-61.828409
-51.766293
-40.657520
-29.784441
-17.330817
-3.977162
8.261374
20.155907
32.239641
43.321678
53.441354
61.892441
68.639176
74.226345
77.699763
78.266689
76.959644
73.743548
69.834335
65.549782
59.182303
51.081181
42.322533
32.572576
21.826540
8.148296
-6.271941
-19.182137
-31.874861
-43.878726
-53.648438
-61.316660
-67.749023
-73.599645
-77.696528
-80.145597
-81.123625
-79.514129
-75.011083
-69.250039
-62.001092
-51.969119
-40.869372
-29.995782
-17.627648
-4.316909
7.930653
19.923619
32.136270
43.099778
53.188971
61.712946
68.530015
74.265684
77.702148
78.302622
77.384029
74.025052
70.111922
65.783262
59.320245
51.246371
42.559419
32.694851
22.034986
8.434228
-6.063666
-19.077233
-31.913689
-43.809755
-53.566013
-61.471973
-67.868914
-73.594366
-77.559267
-80.139296
-80.964565
-79.462017
-75.034414
-69.413015
-62.186037
-52.138908
-41.095018
-30.195543
-17.878839
-4.495893
7.703475
19.670384
31.810147
42.884690
53.139414
61.625072
68.452529
74.188369
77.774865
78.416382
77.356781
74.091128
70.086718
65.822261
59.396029
51.257610
42.692423
33.081429
22.301333
8.656808
-5.812815
-18.916130
-31.693322
-43.815715
-53.625277
-61.361960
-67.752089
-73.487077
-77.507496
-80.124140
-81.041881
-79.537289
-75.208800
-69.630827
-62.183482
-52.269697
-41.140148
-30.154671
-17.881223
-4.626683
7.604361
19.565310
31.657560
42.864765
53.061928
61.621666
68.464620
74.261257
77.809436
78.378916
77.390500
74.138982
70.239305
65.940789
59.562070
51.514421
42.906148
33.100503
22.343908
8.870363
-5.714893
-18.813951
-31.475851
-43.474266
-53.362846
-61.191831
-67.754132
-73.540892
-77.561821
-80.196517
-81.066063
-79.620395
-75.189216
-69.556407
-62.294347
-52.308355
-41.187491
-30.208315
-18.054077
-4.729033
7.526704
19.430433
31.659603
42.736701
52.938632
61.450175
68.306242
73.993887
77.667577
78.455380
77.407530
74.159077
70.165736
65.888166
59.500762
51.220655
42.446000
32.857656
22.197281
8.650337
-5.897794
-18.823828
-31.597614
-43.523993
-53.277867
-61.165946
-67.731483
-73.508365
-77.622277
-79.871586
-80.745561
-79.357454
-75.046165
-69.518089
-62.283788
-52.353314
-41.230236
-30.335699
-18.004349
-4.783869
7.510015
19.326551
31.471593
42.530639
52.704130
61.255353
68.192993
74.010747
77.503749
78.264134
77.268907
74.159758
70.135253
65.932274
59.612138
51.408155
42.788812
33.114638
22.297246
8.844478
-5.663293
-18.694912
-31.198263
-43.176923
-52.969796
-60.777494
-67.371981
-73.082106
-77.259881
-79.806021
-80.754927
-79.347917
-74.920825
-69.359371
-62.177522
-52.441359
-41.436298
-30.583654
-18.461772
-5.202464
7.199730
19.076041
31.203202
42.291709
52.455153
61.068705
67.815270
73.490143
77.172347
77.887092
77.037471
74.007681
70.058107
65.855810
59.687751
51.560572
42.932715
33.343860
22.805589
9.396076
-5.164487
-18.228463
-30.913183
-42.831217
-52.672454
-60.583694
-66.961561
-72.707108
-77.016354
-79.532181
-80.551079
-79.029458
-74.809279
-69.172893
-62.153850
-52.355187
-41.393042
-30.706099
-18.655913
-5.530460
6.766319
18.642970
30.622312
41.790519
51.916667
60.506378
67.270824
73.066609
76.744216
77.579021
76.796157
73.926108
70.037671
65.886634
59.654031
51.623753
42.874302
33.260584
22.866045
9.671109
-4.708767
-17.532791
-30.157225
-42.355231
-52.095652
-60.168164
-66.718885
-72.561673
-76.641696
-79.174553
-80.256462
-78.941243
-74.824946
-69.330760
-62.503815
-52.844456
-41.910069
-31.138488
-18.976246
-5.888939
6.542206
18.260138
30.271666
41.089739
51.373414
60.016768
66.983700
72.924920
76.866150
77.826466
77.051095
74.001891
70.044824
66.048418
59.921060
51.943234
43.411085
33.924580
23.468052
10.297128
-4.109996
-17.303399
-29.868398
-41.997433
-52.051204
-59.971980
-66.542285
-72.399548
-76.636246
-79.377038
-80.593484
-79.403775
-75.173719
-69.806576
-62.803200
-53.224564
-42.223249
-31.531198
-19.593069
-6.220681
6.075757
18.000092
30.138322
41.280133
51.544734
60.301679
67.127602
73.062181
76.968670
77.994381
77.242340
74.340105
70.497308
66.576515
60.471637
52.363873
43.821675
34.242528
23.810012
10.558537
-3.972054
-17.037562
-29.879298
-42.013441
-52.165304
-60.213634
-66.851377
-72.822911
-77.194827
-79.775538
-80.921650
-79.745565
-75.693641
-70.132698
-63.183308
-53.477798
-42.578493
-31.651940
-19.598348
-6.367649
5.977494
17.882415
29.992035
41.221551
51.513910
60.255017
67.312547
73.154654
77.219180
78.182561
77.560629
74.680022
70.832457
66.804034
60.795546
52.890437
44.279269
34.624338
24.104800
10.815178
-3.698213
-16.887869
-29.666253
-41.866813
-52.061592
-60.308661
-67.005668
-72.901930
-77.228887
-79.950605
-81.084967
-80.016851
-75.920139
-70.522002
-63.684327
-53.819418
-42.813165
-31.862429
-19.751106
-6.445135
6.088189
17.825706
30.058963
41.244881
51.553249
60.436555
67.549092
73.507173
77.524355
78.603710
77.881643
74.932405
71.070875
66.951513
60.820409
52.829300
44.336319
34.743718
24.183137
10.729006
-4.025527
-17.203263
-30.026266
-42.299032
-52.414792
-60.505356
-67.134925
-73.014838
-77.489104
-80.260038
-81.380946
-80.318451
-76.209647
-70.604937
-63.655717
-53.792511
-42.629412
-31.781026
-19.695929
-6.430660
5.983795
17.883437
30.197927
41.559424
51.994153
60.790266
67.919833
73.713916
77.622618
78.533207
77.841793
74.986219
71.093014
66.909279
60.883760
52.797965
44.316905
34.668446
24.028506
10.708060
-3.936631
-17.254693
-30.135938
-42.419944
-52.461624
-60.717208
-67.355633
-73.365143
-77.665533
-80.383846
-81.654106
-80.338546
-76.271466
-70.580585
-63.681773
-53.895882
-42.756796
-31.730107
-19.643477
-6.425210
6.166697
18.068041
30.360903
41.628054
52.018166
60.877630
67.914724
73.789869
77.607972
78.722068
77.922515
75.106621
71.214437
67.009585
60.927187
52.706684
44.100795
34.512452
23.939439
10.584593
-4.142182
-17.465864
-30.271666
-42.554481
-52.817038
-60.972657
-67.501579
-73.341131
-77.676432
-80.313172
-81.516845
-80.362558
-76.230424
-70.739303
-63.689777
-53.772926
-42.627028
-31.613111
-19.365890
-5.957569
6.482601
18.233401
30.419145
41.742495
52.114555
60.893638
68.022524
73.957784
77.907188
78.692436
77.930008
75.044121
71.055038
66.892079
60.768127
52.686759
44.184583
34.557581
24.124895
10.746036
-3.987210
-17.282793
-30.236074
-42.614426
-52.757263
-60.941322
-67.577362
-73.414530
-77.674559
-80.249650
-81.498453
-80.434084
-76.227358
-70.650578
-63.649927
-53.832531
-42.593479
-31.578541
-19.335066
-6.028073
6.487710
18.321616
30.564240
41.688170
52.005393
60.947793
67.983355
73.898520
77.799218
78.709636
77.894245
74.952160
70.866176
66.787004
60.747351
52.636692
44.072696
34.392221
23.945229
10.569947
-4.116808
-17.327922
-30.166422
-42.423010
-52.669559
-60.930252
-67.501749
-73.266200
-77.676943
-80.420290
-81.558228
-80.338206
-76.207263
-70.600850
-63.632386
-53.810392
-42.666197
-31.737430
-19.589492
-6.210293
6.475108
18.335240
30.503273
41.741473
52.069936
60.832160
67.912851
73.764154
77.725989
78.737736
77.923196
75.047697
71.076495
67.034789
60.724871
52.694082
44.078997
34.387793
23.759433
10.468960
-4.107271
-17.273426
-30.082294
-42.437145
-52.590370
-60.806445
-67.306927
-73.309115
-77.554498
-80.114433
-81.353528
-80.252034
-75.978211
-70.385422
-63.382217
-53.636176
-42.555162
-31.690257
-19.482204
-6.187132
6.366287
18.283810
30.504976
41.548865
51.826579
60.670546
67.757027
73.619059
77.539682
78.566756
77.762774
74.790376
70.754801
66.585030
60.607365
52.591903
43.951443
34.351349
23.827042
10.700907
-3.880092
-17.043693
-29.780013
-42.044606
-52.205154
-60.467379
-67.035982
-72.946208
-77.263287
-79.965932
-81.182207
-80.035755
-75.920650
-70.424250
-63.502789
-53.710086
-42.619365
-31.711033
-19.626788
-6.372588
6.183556
18.043518
30.224834
41.397469
51.649809
60.397727
67.395142
73.230437
77.228716
78.288828
77.494383
74.637788
70.632526
66.479104
60.587270
52.515098
44.059583
34.527438
24.129663
11.002336
-3.510543
-16.710418
-29.487440
-41.933400
-52.135502
-60.286352
-66.849334
-72.714772
-77.052798
-79.777241
-80.978359
-79.982451
-76.003245
-70.522172
-63.499042
-53.927558
-42.764970
-31.850849
-19.894498
-6.737198
5.781651
17.586095
29.847622
41.075945
51.481383
60.291631
67.347629
73.286636
77.222586
78.263112
77.473095
74.722426
70.764167
66.569873
60.625757
52.805458
44.115101
34.681899
24.348327
11.198010
-3.442764
-16.616923
-29.250894
-41.497094
-51.719972
-59.951884
-66.579751
-72.428499
-76.913152

