59.249401
51.378012
42.835815
33.865145
23.078067
11.207036
-0.109673
-12.073687
-25.625910
-38.268736
-49.496889
-59.619631
-68.259069
-74.685812
-77.912978
-77.987058
-77.556542
-75.623138
-72.881835
-70.043462
-64.391409
-56.196281
-46.815532
-35.018410
-21.400622
-7.464715
5.241122
16.815492
27.948107
38.790192
48.776354
57.678223
66.117559
73.619911
78.446524
79.799380
78.690052
75.900895
71.351358
66.050291
59.138366
51.218442
42.796476
33.922366
23.212603
11.456694
0.037806
-11.957714
-25.635106
-38.425582
-49.894026
-59.933662
-68.379130
-74.668441
-78.053985
-78.017201
-77.565568
-75.617007
-73.054518
-70.186853
-64.556769
-56.261505
-46.738556
-34.917252
-21.092892
-7.183552
5.411421
16.616753
27.775764
38.818462
48.893009
57.728291
66.257886
73.811497
78.577484
79.770429
78.651564
75.834819
71.338756
66.061871
59.314115
51.375628
42.906829
33.895969
23.086582
11.316027
-0.005790
-12.282985
-25.795868
-38.466113
-49.828461
-59.876953
-68.354436
-74.801445
-78.023161
-78.147309
-77.652761
-75.638124
-73.055710
-69.910458
-64.256532
-56.053570
-46.697174
-34.792423
-21.048784
-7.197857
5.484138
16.909667
28.062378
39.073059
48.957382
57.934182
66.342865
73.931898
78.669276
79.921825
78.883341
76.066426
71.432420
66.110918
59.441839
51.338502
42.814187
33.780336
23.041964
11.230196
-0.279631
-12.294395
-26.075840
-38.875341
-50.182172
-60.356174
-68.716492
-74.935641
-78.232629
-78.327315
-77.804327
-75.607300
-73.013306
-70.070199
-64.280544
-55.938619
-46.491793
-34.703187
-20.954950
-7.006100
5.644900
17.078093
28.145313
39.097922
49.162592
58.006048
66.495623
74.014153
78.644753
79.770429
78.568969
75.691938
71.367025
65.961736
59.362139
51.314320
42.684589
33.601352
22.761481
11.002677
-0.419787
-12.389762
-25.839976
-38.742849
-50.073692
-60.168164
-68.593366
-75.049741
-78.145095
-78.217132
-77.620064
-75.602531
-72.621448
-69.749866
-63.951526
-55.820431
-46.455009
-34.474475
-20.680938
-6.847041
5.816562
17.206158
28.293133
39.149352
48.994848
57.822125
66.175801
73.689222
78.408378
79.544101
78.384195
75.654643
71.104935
65.795694
59.224367
51.198687
42.705536
33.574275
22.792135
10.963508
-0.450611
-12.510334
-26.013851
-38.671664
-50.052915
-60.112987
-68.486077
-74.746438
-77.889136
-78.087875
-77.620234
-75.603724
-73.042767
-69.976534
-64.228773
-55.802890
-46.294076
-34.573078
-20.890066
-7.077285
5.549874
16.912052
27.903148
38.906847
48.858268
57.726077
66.071919
73.673555
78.409740
79.636403
78.532015
75.721060
71.264165
66.024917
59.410504
51.485981
42.938675
33.968346
23.154191
11.106730
-0.174216
-12.188469
-25.789397
-38.556712
-49.852984
-59.874228
-68.181242
-74.434621
-77.878066
-77.972923
-77.495405
-75.543097
-72.853395
-69.907393
-63.995804
-55.695261
-46.352659
-34.623487
-20.957674
-7.226978
5.323376
16.742434
27.958495
38.862058
48.872573
57.717902
66.078561
73.555027
78.224114
79.324416
78.201805
75.556210
71.027790
65.782922
59.285845
51.418373
42.923859
33.797537
22.975888
11.250121
-0.258003
-12.207202
-25.678873
-38.395098
-49.656630
-59.762512
-68.291766
-74.479069
-77.926772
-78.081574
-77.569996
-75.628928
-72.762115
-69.775581
-64.222983
-55.910008
-46.457733
-34.621954
-21.074329
-7.087673
5.513770
16.883101
27.998856
38.829361
48.799344
57.531255
65.873180
73.373829
78.249999
79.432726
78.429495
75.714248
71.172374
66.021681
59.347153
51.407814
42.914663
34.001555
23.268121
11.464187
0.114611
-11.913606
-25.446926
-38.314717
-49.749443
-59.835570
-68.269457
-74.617692
-78.040702
-78.083958
-77.530997
-75.451476
-72.757006
-69.816453
-64.130511
-55.884293
-46.528237
-34.734522
-21.171229
-7.274321
5.380086
16.693388
27.762822
38.851500
48.666341
57.438953
65.869434
73.389156
78.200442
79.379082
78.367846
75.621775
71.168116
65.882887
59.274776
51.354340
42.869704
33.962897
23.194381
11.448179
0.069482
-11.835098
-25.412866
-38.227354
-49.505915
-59.525285
-68.011624
-74.315923
-77.616998
-77.856779
-77.498129
-75.456245
-72.658232
-69.789205
-64.154352
-55.998734
-46.601295
-34.810816
-21.318197
-7.399321
5.140305
16.524451
27.564423
38.497618
48.443590
57.249410
65.664904
73.015179
77.843836
79.083272
78.021969
75.431892
70.981298
65.775258
59.258597
51.412923
42.884009
33.966133
23.341519
11.549337
0.141518
-11.759826
-25.169168
-37.899699
-49.338681
-59.526818
-67.862613
-74.246100
-77.858141
-78.080722
-77.437333
-75.492689
-72.568825
-69.524901
-63.985927
-55.978468
-46.677249
-35.137960
-21.305255
-7.383653
5.180155
16.510827
27.520146
38.429158
48.361165
57.114874
65.362964
72.913340
77.789511
79.128742
78.038148
75.431211
70.922715
65.671716
59.139388
51.401002
43.049370
34.088067
23.627962
11.870180
0.568799
-11.353493
-24.847473
-37.691593
-49.103498
-59.137344
-67.470074
-73.859181
-77.365126
-77.556883
-77.212708
-75.267553
-72.541237
-69.651433
-64.131362
-56.043523
-46.607937
-35.081421
-21.531752
-7.708584
4.818950
16.126803
27.069705
38.027934
47.942741
56.709051
65.103088
72.574445
77.495234
78.906672
77.780655
75.135401
70.724317
65.645150
59.327057
51.491261
43.065889
34.219537
23.632050
11.964355
0.703505
-11.085612
-24.418150
-37.104062
-48.523630
-58.594772
-67.044156
-73.439223
-77.194146
-77.541045
-77.151741
-75.394767
-72.541407
-69.717850
-64.472982
-56.319918
-47.029257
-35.775559
-22.294010
-8.448362
4.357951
15.634469
26.720592
37.609339
47.606400
56.425503
64.646687
72.237934
77.207088
78.764473
77.906166
75.229236
70.960862
65.833160
59.500251
51.657132
43.326616
34.476859
23.996149
12.391806
1.228196
-10.457720
-23.820230
-36.664179
-48.025846
-58.316333
-66.922052
-73.369571
-77.298198
-77.725989
-77.196700
-75.413159
-72.834492
-69.784778
-64.648390
-56.632417
-47.443254
-36.035265
-22.569554
-8.748770
3.982953
15.391622
26.522875
37.392378
47.480719
56.267977
64.628805
72.457790
77.376536
79.087700
78.199932
75.699261
71.155003
66.225529
59.829439
52.120515
43.784039
35.002913
24.573973
12.891974
1.458611
-10.353327
-23.666109
-36.592313
-48.060758
-58.382409
-67.056928
-73.574441
-77.416556
-77.776398
-77.542918
-75.668437
-72.934287
-70.220232
-64.885787
-56.876114
-47.666516
-36.197220
-22.745984
-8.991786
3.775358
15.303578
26.278496
37.331581
47.373431
56.284325
64.673424
72.359017
77.748128
79.227005
78.374318
75.857810
71.425438
66.310508
59.958185
52.103145
43.795449
35.037994
24.626085
12.848207
1.396281
-10.453973
-23.803030
-36.637102
-48.113891
-58.300155
-67.030021
-73.616505
-77.564716
-77.991996
-77.575105
-75.952326
-73.019777
-70.262296
-65.015044
-56.982211
-47.762735
-36.455563
-22.854635
-8.982079
3.834452
15.233415
26.455436
37.533215
47.663621
56.394339
64.822606
72.354589
77.487571
78.940221
78.078849
75.486558
71.282557
66.219909
59.842212
52.152872
43.651206
34.917763
24.416787
12.753350
1.387766
-10.289635
-23.699829
-36.591802
-47.981228
-58.202573
-66.905703
-73.441097
-77.470371
-77.882494
-77.506474
-75.792245
-72.943994
-70.138318
-65.034287
-57.069233
-47.768865
-36.402430
-22.950854
-9.013414
3.671306
15.194927
26.302849
37.263972
47.556673
56.367772
64.751080
72.299583
77.421835
79.116992
78.054496
75.592654
71.282046
66.191639
59.894664
52.186251
43.760368
34.969534
24.631194
12.851272
1.426935
-10.233096
-23.650442
-36.661625
-48.076936
-58.245659
-66.872665
-73.374169
-77.305351
-77.817781
-77.388968
-75.625692
-72.901760
-70.154667
-64.962762
-57.012524
-47.754901
-36.458629
-22.913388
-8.940356
3.767184
15.232563
26.357004
37.200451
47.396762
56.279557
64.586571
72.321211
77.547857
79.173871
78.306709
75.838055
71.510077
66.416264
59.972831
52.283491
43.784210
35.073246
24.608033
12.970652
1.624312
-10.121209
-23.743425
-36.690235
-48.207215
-58.235100
-66.914218
-73.525395
-77.329193
-77.702148
-77.449935
-75.797864
-73.024205
-70.134401
-65.057448
-57.033300
-47.869001
-36.409753
-22.922754
-9.139606
3.822701
15.144518
26.395321
37.281684
47.448363
56.390251
64.823457
72.470563
77.536787
79.266003
78.267370
75.751543
71.363449
66.295181
59.938090
52.233253
43.766839
34.872464
24.625574
12.812444
1.540184
-10.126829
-23.623024
-36.507845
-48.083067
-58.213983
-66.822938
-73.385409
-77.395439
-77.895778
-77.567782
-75.815235
-72.988101
-70.262807
-65.103599
-57.075535
-47.849417
-36.555358
-22.984232
-9.119511
3.728526
15.241078
26.280028
37.254776
47.508819
56.339332
64.729622
72.506666
77.710492
79.368523
78.345197
75.775385
71.495942
66.351039
59.951714
52.258457
43.854032
35.085678
24.527482
12.906449
1.611880
-10.173150
-23.633242
-36.628587
-48.102481
-58.176858
-66.869599
-73.345900
-77.336345
-77.815056
-77.427626
-75.798375
-73.062692
-70.262636
-65.158265
-57.241576
-47.994001
-36.615814
-23.072447
-9.240764
3.476654
15.058688
26.154348
37.139995
47.289303
56.253161
64.665760
72.452852
77.689205
79.396793
78.480244
76.073919
71.643421
66.464628
60.219254
52.431652
44.003895
35.162994
24.689947
13.025658
1.706055
-10.094472
-23.398059
-36.210333
-47.720841
-57.959386
-66.760949
-73.285443
-77.369554
-77.941418
-77.502728
-75.841291
-73.005813
-70.329053
-65.346786
-57.353803
-48.074722
-36.876542
-23.499046
-9.549345
3.443275
14.965364
26.139702
37.153789
47.374112
56.236982
64.586231
72.264160
77.627046
79.530137
78.641687
76.164859
71.835007
66.729103
60.333014
52.648442
44.146606
35.345384
24.967194
13.118642
1.732962
-10.048832
-23.386989
-36.466803
-47.821488
-58.060374
-66.868407
-73.533910
-77.518054
-77.976670
-77.609335
-76.041392
-73.390688
-70.618732
-65.592016
-57.466200
-48.287766
-36.921842
-23.338114
-9.530102
3.239768
14.836107
26.012318
37.114791
47.364916
56.305272
64.632211
72.431394
77.718837
79.442092
78.634024
76.242174
71.802991
66.747325
60.454607
52.796262
44.323206
35.404308
25.024584
13.241938
1.821518
-9.909698
-23.378815
-36.236388
-47.755582
-58.109760
-66.824981
-73.523011
-77.502217
-78.050239
-77.649525
-76.023851
-73.343345
-70.595401
-65.648556
-57.628836
-48.485654
-37.197726
-23.727417
-9.801388
3.117153
14.713492
25.859220
36.901406
47.270911
56.249584
64.680917
72.479248
77.819313
79.705545
78.971216
76.582091
72.232315
67.063229
60.721466
52.889075
44.375317
35.539355
25.151627
13.325044
1.898323
-9.866953
-23.274933
-36.225149
-47.921113
-58.094093
-66.845417
-73.557411
-77.690567
-78.157187
-77.758857
-76.110533
-73.450293
-70.684637
-65.655368
-57.692698
-48.499448
-37.208625
-23.698636
-9.736844
3.211498
14.768158
25.918824
37.061317
47.204835
56.219271
64.700501
72.550603
77.853714
79.810960
78.990800
76.654809
72.239126
67.098992
60.711929
52.951574
44.525521
35.631827
25.268282
13.384138
1.962866
-9.737355
-23.211411
-36.310809
-47.738041
-58.203936
-66.919327
-73.529822
-77.741657
-78.364100
-77.842644
-76.106957
-73.193141
-70.404325
-65.500055
-57.619640
-48.396076
-37.277085

