71.362427
66.540412
60.058151
51.152706
40.972063
29.983691
18.163749
6.428616
-4.797152
-15.059710
-23.866211
-33.080748
-42.941400
-52.210433
-60.577903
-67.668302
-71.906703
-73.637451
-73.427984
-71.255309
-67.125899
-63.053880
-58.534316
-52.588497
-44.146436
-33.748490
-22.184849
-9.979521
1.593147
12.751988
23.254837
32.318149
40.171317
48.380068
56.012358
62.797240
69.086722
74.670144
76.849971
75.656687
72.248834
67.495959
61.094761
52.414451
42.305504
31.067303
19.248894
7.611854
-3.824915
-14.287233
-23.202215
-32.466991
-42.294434
-51.771402
-60.186556
-67.484379
-71.809803
-73.767219
-73.995250
-71.761097
-67.897865
-63.788210
-59.247358
-53.309372
-45.063155
-34.644433
-23.191486
-11.079482
0.795296
12.127842
22.808824
31.877075
40.024008
48.151697
55.931636
62.654529
69.207634
74.998311
77.381304
76.210158
73.142392
68.334682
61.994961
53.089006
42.874472
31.731299
19.700697
7.854530
-3.417560
-13.834068
-22.702047
-31.988791
-41.908196
-51.605191
-60.402836
-67.872831
-72.393417
-74.494566
-74.476344
-72.362593
-68.529333
-64.422744
-59.999398
-54.138218
-45.769044
-35.505806
-23.885284
-11.532818
0.502552
11.868136
22.817339
31.980276
40.085145
48.176902
56.039436
62.988826
69.548062
75.440066
78.226668
77.114786
73.992184
68.996293
62.611273
53.752150
43.435778
32.247305
20.146029
8.369003
-3.132139
-13.691017
-22.930077
-32.194853
-42.132650
-51.957539
-60.628312
-68.178688
-72.764839
-74.707440
-74.802297
-72.940588
-69.078037
-64.909628
-60.369287
-54.560048
-46.090058
-35.636936
-23.931095
-11.504889
0.582423
12.046269
22.975888
32.171011
40.394238
48.599073
56.592737
63.405037
70.100682
76.069151
78.913825
77.912807
74.663162
69.740670
63.132388
54.285356
43.936116
32.789707
20.488671
8.572170
-3.166880
-13.754879
-22.860765
-32.106468
-42.070150
-52.032471
-60.812235
-68.342175
-73.300600
-75.184277
-75.264488
-73.209149
-69.367375
-65.105643
-60.593741
-54.746185
-46.405281
-36.144086
-24.409294
-11.981726
0.137942
11.748927
22.736788
32.147339
40.428128
48.530272
56.374073
63.340323
69.832461
75.719357
78.656673
77.754940
74.520792
69.514513
62.967028
54.244655
44.081381
32.934632
20.813431
8.893354
-2.768721
-13.450554
-22.837945
-31.995092
-42.006629
-51.786048
-60.566664
-68.016733
-72.834151
-74.850151
-75.026580
-73.137624
-69.148540
-64.873866
-60.388361
-54.517473
-46.098232
-35.687855
-24.056946
-11.539289
0.346899
11.874778
22.720439
32.197237
40.432896
48.556839
56.544713
63.284636
69.784437
75.685126
78.531163
77.729395
74.670315
69.812877
63.368252
54.465192
44.122253
32.879625
20.708697
8.706025
-3.006118
-13.738700
-22.850037
-32.057251
-41.829859
-51.721164
-60.453585
-68.114144
-73.005983
-75.055531
-75.199093
-73.032890
-69.073439
-64.766066
-60.217551
-54.530076
-46.257632
-36.115306
-24.396351
-11.917523
0.133855
11.669397
22.693362
32.225847
40.441751
48.416512
56.329284
63.126598
69.538185
75.316429
78.357969
77.630963
74.562516
69.750207
63.371318
54.694244
44.338192
33.028466
20.825522
8.819614
-2.774341
-13.624259
-22.785153
-32.050439
-41.885717
-51.666328
-60.310023
-68.030528
-72.911126
-74.997119
-74.977194
-73.070356
-69.225516
-64.722810
-60.278177
-54.614714
-46.493667
-36.232131
-24.631875
-12.168203
-0.170810
11.506932
22.396871
31.671524
39.931195
48.057692
56.122201
62.961749
69.395644
75.453009
78.487396
77.708108
74.742692
69.802999
63.572441
54.989031
44.653586
33.312184
21.319219
9.235144
-2.315385
-13.038261
-22.338288
-31.528132
-41.464056
-51.422289
-60.165099
-67.763839
-72.604588
-74.828012
-74.905327
-73.064225
-69.017070
-64.839465
-60.391426
-54.610627
-46.419246
-36.185639
-24.649586
-12.216568
-0.081233
11.364903
22.259610
31.612430
39.827994
47.981398
55.950029
62.917471
69.390365
75.443983
78.354904
77.729906
74.839762
70.045846
63.697611
54.853303
44.670446
33.370086
21.203416
9.079661
-2.564192
-13.335603
-22.560528
-31.701667
-41.781664
-51.575218
-60.343061
-68.057265
-73.110717
-75.124502
-75.384719
-73.514666
-69.593191
-65.202543
-60.709374
-54.974556
-46.850783
-36.666053
-24.971621
-12.473549
-0.274863
11.354515
22.392103
31.860897
40.087530
48.199722
56.218590
63.201870
69.683961
75.604064
78.702995
78.011921
75.000184
70.161819
63.866717
55.044549
44.881276
33.672367
21.437747
9.271077
-2.416713
-13.289111
-22.671052
-32.047544
-41.988237
-51.859788
-60.716867
-68.527630
-73.468685
-75.558594
-75.625011
-73.612928
-69.735221
-65.349340
-60.647215
-54.866757
-46.796969
-36.672865
-24.892943
-12.387378
0.195333
11.770044
22.730657
32.099996
40.390832
48.652717
56.635141
63.451529
70.039715
76.138803
79.255785
78.403098
75.362580
70.417609
63.951015
55.151837
44.878040
33.753259
21.505867
9.401355
-2.299717
-13.126646
-22.318704
-31.652280
-41.748796
-51.777874
-60.659136
-68.307604
-73.232651
-75.236729
-75.322900
-73.325123
-69.622653
-65.212590
-60.751608
-54.835592
-46.535390
-36.327328
-24.360759
-11.877673
0.194822
11.695283
22.741897
32.070535
40.290526
48.387562
56.239026
63.296556
69.848299
75.977700
79.067945
78.181710
74.960164
70.123332
63.595772
54.709060
44.468812
33.176797
20.989180
8.854185
-2.840928
-13.745172
-23.015738
-32.304185
-42.202643
-52.097695
-61.042649
-68.694864
-73.538337
-75.520788
-75.612920
-73.645455
-69.659778
-65.232856
-60.795546
-54.905244
-46.627692
-36.333799
-24.623190
-11.962652
0.217131
11.784009
22.754329
32.206944
40.321009
48.538617
56.529556
63.317163
69.716317
75.774704
78.964744
78.040702
74.845382
69.959334
63.524246
54.742438
44.522285
33.463921
21.392277
9.157317
-2.597230
-13.339179
-22.603955
-31.773874
-41.770424
-51.637718
-60.382911
-68.042959
-73.124681
-75.264318
-75.367349
-73.373829
-69.475855
-65.128122
-60.434512
-54.591213
-46.320472
-36.078862
-24.400439
-11.862346
0.267199
11.775664
22.660324
32.160793
40.315390
48.299858
56.144510
62.879154
69.374357
75.428486
78.663826
77.895267
74.776411
69.793292
63.175474
54.526670
44.153077
32.903808
20.803383
8.846862
-2.633333
-13.464689
-22.753307
-31.910454
-41.874817
-51.680292
-60.542141
-68.188395
-73.129790
-75.136253
-75.269256
-73.298727
-69.365842
-65.061195
-60.492754
-54.773603
-46.633312
-36.364794
-24.632897
-12.003865
0.076635
11.619329
22.508247
31.836203
40.093149
48.085621
56.050164
62.862975
69.346258
75.220381
78.375169
77.697039
74.690921
69.778817
63.375575
54.516622
44.324398
33.261606
21.322795
9.198018
-2.449921
-13.271230
-22.567851
-31.706265
-41.615963
-51.559380
-60.260977
-67.943505
-72.819505
-74.947051
-75.256484
-73.194674
-69.147348
-64.831972
-60.392959
-54.636172
-46.513591
-36.362580
-24.788550
-12.213503
-0.005790
11.315346
22.261824
31.626735
39.882830
47.972202
55.815322
62.571083
69.059644
74.979918
78.060286
77.371768
74.394430
69.622312
63.260112
54.692711
44.633831
33.535787
21.426337
9.349585
-2.184595
-12.989044
-22.235087
-31.470571
-41.247947
-50.883634
-59.701375
-67.397186
-72.593859
-74.588742
-74.939728
-73.261261
-69.357327
-64.890555
-60.297932
-54.656778
-46.675376
-36.644425
-25.116716
-12.779236
-0.659568
10.715893
21.731513
31.192132
39.306538
47.198534
55.184535
61.924628
68.236760
74.087381
77.481781
76.881477
73.982307
69.275924
63.210896
54.835422
44.841766
33.776079
21.937915
10.006939
-1.543590
-12.358768
-21.636827
-30.619587
-40.479728
-50.321647
-59.134449
-66.815615
-71.912493
-74.200460
-74.460166
-72.936671
-69.069522
-64.825330
-60.308150
-54.724898
-46.970674
-37.019253
-25.611264
-13.399124
-1.198394
10.288102
21.135126
30.570541
38.756643
46.601125
54.428067
61.263357
67.715475
73.778629
77.401059
76.980250
74.092490
69.509574
63.362122
55.109603
45.174020
34.258195
22.352593
10.467938
-0.939199
-11.686087
-20.881551
-29.962403
-39.683751
-49.564838
-58.522224
-66.362109
-71.583816
-73.869569
-74.209826
-72.654145
-69.117546
-64.934322
-60.536861
-55.079801
-47.488894
-37.543433
-26.076691
-13.869490
-1.702649
9.602308
20.489182
30.009406
38.202660
46.071155
54.059710
61.028685
67.493916
73.691607
77.291216
76.879604
74.073757
69.502762
63.421386
55.346830
45.799358
35.185984
23.314612
11.405264
-0.007493
-10.961464
-20.303726
-29.477392
-39.196696
-49.171448
-58.072805
-65.793140
-71.112088
-73.627063
-74.154309
-72.816099
-69.258383
-65.137659
-60.886656
-55.416993
-47.762905
-37.905148
-26.693685
-14.513050
-2.425739
8.966752
19.902161
29.540913
37.793432
45.749971
53.773097
60.668503
67.094564
73.167937
76.958963
76.879774
74.126550
69.856814
63.968045
55.988176
46.334607
35.516194
23.718221
11.632783
0.129087
-10.981219
-20.349026
-29.275417
-38.961683
-48.879385
-57.771717
-65.728767
-71.429355
-74.052981
-74.648006
-73.330913
-69.858517
-65.585886
-61.196429
-55.949347
-48.555136
-38.781677
-27.522530
-15.355349
-3.237213
8.203472
19.259453
29.056753
37.572895
45.490946
53.592750
60.675485
67.043304
73.107311
77.101333
77.191762
74.720042
70.034436
64.292806
56.544883
46.944278
36.246606
24.291618
12.315852
0.775882
-10.329315
-19.809519
-28.786148
-38.394076
-48.333066
-57.489872
-65.511976
-71.103403
-73.924405
-74.619566
-73.462895
-70.071902
-65.826007
-61.516251
-56.218590
-48.925536
-39.013454
-27.824811
-15.575034
-3.394570
8.178438
19.307307
29.045514
37.633692
45.748608
53.784507
60.810702
67.180055
73.471069
77.576808
77.720710
75.353554
70.930208
65.208673
57.252305
47.288963
36.415883
24.543319
12.683698
0.949587
-10.212830
-19.587789
-28.602566
-38.381134
-48.412595
-57.469947
-65.720592
-71.585008
-74.420316
-75.252226
-73.991844
-70.523875
-66.290072
-62.118258
-56.768826
-49.434900
-39.825610
-28.501579
-16.108411
-3.810440
7.810763
18.979992
28.950998
37.431036
45.586824
53.773437
60.867582
67.507199
73.984691
78.284230
78.409059
76.009205
71.707283
65.865006
57.724885
47.784192
36.869219
24.925300
12.848548
1.202141
-9.970324
-19.426686
-28.586217
-38.316590
-48.558201
-57.734251
-66.024235
-71.842841
-74.847766
-75.641530
-74.367864
-70.972272
-66.615002
-62.285151
-57.078259
-49.760001
-40.065391
-28.734718
-16.254357
-3.783362
7.946151
19.213302
29.109546
37.591117
45.715911
54.034335
61.321429
67.948103
74.248995
78.450612
78.799554
76.226677
71.740150
66.010271
57.994468
48.015969
37.053653
25.262322
12.946980
1.128742
-10.157653
-19.725731
-28.893096
-38.813693
-48.947845
-58.086940
-66.084010
-72.054352
-75.028794
-75.928484
-74.667590
-71.182762
-66.778660
-62.407936
-57.200704
-49.721513
-39.825439
-28.612954
-16.219105
-3.655638
8.169753
19.463471
29.630320
38.125856
46.419076
54.493121
61.657088
68.278824
74.649198
78.771285
79.040357
76.405321
72.018589
66.185338
58.102437
48.036916
37.029982
24.970089
12.610640
0.940902
-10.301726
-19.870656
-29.029846
-39.057391
-49.117974
-58.357545
-66.542455
-72.350672
-75.182744
-75.879778
-74.653966
-71.120773
-66.699811
-62.294858
-57.066509

