-19.251108
-32.319682
-44.074399
-54.542337
-63.675301
-70.731129
-75.635740
-77.195508
-76.668944
-75.711182
-72.962216
-70.346934
-66.322259
-59.070417
-50.165994
-40.023497
-27.358873
-13.704300
-0.413656
11.175701
22.275107
33.087049
43.538128
52.669900
60.898917
68.893433
75.156007
78.065395
77.756814
75.800589
72.136096
67.473991
61.618601
54.533141
46.329498
37.910087
28.262649
17.016275
5.444118
-5.692244
-18.439974
-31.608854
-43.385710
-53.865739
-63.027484
-70.373160
-75.348445
-77.003581
-76.681546
-75.852019
-73.214940
-70.532560
-66.534281
-59.509448
-50.660883
-40.593488
-27.968373
-14.347349
-1.259702
10.545083
21.552869
32.434123
42.970691
52.238532
60.446433
68.539722
74.853897
77.807903
77.839749
76.084137
72.522845
67.696401
62.117406
54.952587
46.792541
38.317442
28.854268
17.678056
6.041697
-5.207573
-17.575707
-30.828544
-42.656149
-53.351266
-62.760796
-70.300102
-75.529643
-77.320337
-76.728719
-75.783389
-73.034252
-70.461205
-66.660302
-59.912545
-51.332882
-41.294779
-28.701510
-15.057666
-1.575095
10.322843
21.228450
32.002926
42.435782
51.757949
60.187578
68.241188
74.818816
78.121253
78.208957
76.446193
73.101180
68.256855
62.625068
55.509124
47.407831
39.063692
29.731137
18.475226
6.900515
-4.468305
-16.959224
-30.440603
-42.367663
-52.993298
-62.421560
-70.016214
-75.457266
-77.355589
-76.985700
-76.107468
-73.622806
-70.934977
-67.157916
-60.495649
-51.788262
-41.903768
-29.377086
-15.645708
-2.247947
9.557690
20.530905
31.449114
42.016166
51.359449
59.844766
67.938396
74.563537
77.931711
78.181028
76.609680
73.286806
68.432433
62.917641
55.830479
47.744683
39.173876
30.007362
18.895354
7.322516
-3.915514
-16.450371
-29.723133
-41.878223
-52.654743
-62.251091
-69.832291
-75.367859
-77.360358
-77.107634
-76.268060
-73.677301
-70.997306
-67.413364
-60.958011
-52.377496
-42.382479
-30.159950
-16.266448
-2.738919
9.282146
20.185028
31.064919
41.642530
51.075561
59.643814
67.712920
74.540547
78.088897
78.354733
76.821532
73.467152
68.701506
63.207831
56.206158
48.084259
39.746932
30.476706
19.273247
7.763250
-3.357104
-15.837806
-29.391391
-41.743517
-52.527530
-61.971119
-69.549765
-75.076989
-77.263968
-77.042409
-76.264824
-73.975665
-71.256161
-67.805392
-61.302015
-52.743980
-42.775529
-30.471257
-16.708033
-3.284897
8.644376
19.740037
30.616522
41.211843
50.781965
59.419019
67.707811
74.520622
78.220538
78.344686
76.859508
73.493719
68.897690
63.523395
56.583200
48.649481
40.159055
30.907733
19.802366
8.086818
-3.110852
-15.507426
-28.848307
-40.960482
-51.847185
-61.549970
-69.447415
-75.152772
-77.490296
-77.385051
-76.707431
-74.197735
-71.513823
-67.942824
-61.595781
-53.044047
-43.369021
-31.152623
-17.423119
-3.894057
8.391312
19.555773
30.590296
41.269575
50.712313
59.271199
67.393609
74.355091
78.116315
78.524521
77.112743
73.971067
69.424255
63.997507
56.900808
48.849412
40.394749
31.204053
20.075696
8.498260
-2.693449
-15.102965
-28.513329
-40.867669
-51.901681
-61.697279
-69.506168
-75.224808
-77.599798
-77.347585
-76.793262
-74.491671
-72.008201
-68.542957
-62.138012
-53.489208
-43.771097
-31.392574
-17.628159
-3.881625
8.275679
19.334725
30.524731
41.188342
50.745010
59.314285
67.626408
74.628421
78.507662
78.855583
77.562502
74.261086
69.433962
64.031907
57.128157
49.202442
40.721042
31.446900
20.413058
8.705854
-2.572707
-14.951059
-28.672900
-41.020938
-51.974910
-61.684506
-69.604261
-75.154305
-77.705383
-77.615976
-77.082770
-74.884040
-72.322232
-68.861416
-62.497003
-53.785018
-43.887581
-31.475851
-17.790454
-4.139968
7.943426
19.275802
30.375719
41.193792
50.958565
59.676852
68.000385
74.832099
78.641517
79.136576
77.614955
74.384894
69.751569
64.366715
57.464497
49.383811
40.882826
31.478235
20.346301
8.494343
-2.743687
-15.069587
-28.517927
-40.795633
-52.013227
-61.745984
-69.760765
-75.531346
-78.123638
-78.016690
-77.312504
-74.916908
-72.201150
-68.822248
-62.341009
-53.700379
-43.901205
-31.686851
-17.684868
-4.080534
8.188827
19.535337
30.756508
41.549206
51.193067
59.714828
67.891053
74.932746
78.830549
79.302277
77.902249
74.640853
69.924423
64.380169
57.291814
49.235480
40.754761
31.433105
20.261492
8.522783
-2.781153
-15.367780
-29.003109
-41.239773
-52.287919
-61.994621
-69.936854
-75.716121
-78.106948
-77.897140
-77.285937
-75.016873
-72.455406
-68.936348
-62.470095
-53.833893
-44.022969
-31.574454
-17.624923
-3.849268
8.473907
19.646032
30.729600
41.704348
51.351275
59.862307
67.938396
74.995075
78.772306
79.564367
78.000852
74.519770
69.701161
64.213617
57.332005
49.239738
40.616478
31.332288
20.229816
8.477654
-2.957242
-15.412228
-28.969220
-41.285753
-52.307163
-62.152828
-69.921528
-75.702327
-78.133004
-77.902079
-77.229057
-74.817794
-72.170155
-68.769966
-62.392099
-53.812776
-43.925728
-31.518936
-17.538922
-3.808056
8.503710
19.510814
30.665227
41.433573
51.198006
59.849875
68.000725
75.240476
78.958103
79.304831
77.772481
74.541909
69.685663
64.201696
57.129690
48.888751
40.557214
31.278815
20.179238
8.488212
-2.767529
-15.321289
-28.882197
-41.255610
-52.290644
-61.975718
-69.850002
-75.543438
-78.012092
-77.783891
-77.197552
-74.888468
-72.194338
-68.665402
-62.255348
-53.752831
-43.844155
-31.424080
-17.489365
-3.788471
8.486339
19.693545
30.806065
41.463034
51.169736
59.833356
68.048579
74.986560
78.939710
79.330547
77.831064
74.471746
69.774730
64.198119
57.287386
49.179963
40.518556
31.153134
20.057985
8.408342
-2.952474
-15.388046
-28.944697
-41.346720
-52.366768
-62.104804
-69.956098
-75.534242
-78.016520
-77.912807
-77.179670
-74.838059
-72.194849
-68.833998
-62.436036
-53.753512
-43.854032
-31.573772
-17.729657
-4.006965
8.269208
19.391435
30.389684
41.231768
50.953116
59.637002
67.882878
74.975491
78.968491
79.422167
77.960832
74.649538
69.985049
64.514705
57.491405
49.342769
40.719169
31.421525
20.206996
8.506605
-2.698898
-15.106371
-28.672559
-41.164671
-52.125795
-61.940466
-69.836889
-75.511421
-78.009197
-77.718326
-77.100481
-74.801786
-72.139502
-68.776267
-62.342031
-53.800515
-43.938160
-31.655175
-17.694065
-4.050732
8.240768
19.431966
30.483689
41.325263
50.970146
59.600558
67.893607
74.951649
78.943116
79.366820
77.887263
74.557407
69.683961
64.262663
57.275466
49.184901
40.571690
31.335354
20.132405
8.384671
-2.865962
-15.215874
-28.801475
-41.033540
-52.109446
-61.827047
-69.776603
-75.395788
-77.971901
-77.864272
-77.213390
-74.831758
-72.020803
-68.673577
-62.458175
-53.750277
-43.988739
-31.694855
-17.881564
-4.380771
8.077451
19.460917
30.470916
41.174889
50.868137
59.420381
67.590475
74.511937
78.484161
79.092469
77.472074
74.265855
69.485392
64.100538
57.272570
49.093281
40.424040
31.253099
20.244122
8.449895
-2.771616
-14.989035
-28.324127
-40.691580
-51.671437
-61.316320
-69.236926
-75.079203
-77.742849
-77.461004
-76.661791
-74.314049
-71.687358
-68.409783
-62.118258
-53.688969
-44.010367
-32.019956
-18.060207
-4.474946
7.729871
18.916300
29.933282
40.703160
50.285714
58.872019
67.030362
74.204547
78.340088
78.993014
77.460664
74.294295
69.568157
64.063924
57.167666
49.262217
40.769407
31.678336
20.713466
9.020908
-2.329520
-14.516796
-27.986424
-40.318455
-51.303080
-60.880354
-68.798917
-74.524028
-77.288491
-77.139991
-76.542071
-74.415888
-71.619919
-68.552494
-62.506029
-53.985119
-44.340406
-32.301460
-18.678904
-5.019052
7.155112
18.439293
29.300962
40.182386
50.018515
58.525120
66.695384
73.811497
77.815226
78.647988
77.371768
74.226175
69.629295
64.379317
57.586091
49.577441
41.004760
32.040392
21.144322
9.505068
-1.725129
-13.793877
-27.055229
-39.484671
-50.565175
-60.376951
-68.433114
-74.427128
-77.378409
-77.223097
-76.479742
-74.204717
-71.515526
-68.378789
-62.497514
-54.318053
-44.927256
-33.005306
-19.268479
-5.534036
6.893362
17.986298
28.891734
39.677109
49.442053
57.955469
66.088268
73.407207
77.747107
78.694991
77.360528
74.337380
69.789886
64.512491
57.716370
49.781459
41.280815
32.282387
21.629844
9.962320
-1.162631
-13.291325
-26.797737
-39.206914
-50.243820
-59.926680
-67.966155
-74.016196
-76.996769
-76.959814
-76.445511
-74.298212
-71.654490
-68.608693
-62.914916
-54.699183
-45.194796
-33.376047
-19.805772
-6.181172
6.127357
17.320599
28.209005
38.941758
48.846688
57.502815
65.698453
72.909764
77.343498
78.352349
77.129262
74.269261
69.849661
64.684493
58.093752
50.235306
41.674035
32.745940
22.033112
10.399648
-0.729220
-12.754032
-25.954417
-38.405997
-49.531971
-59.282609
-67.584685
-73.748997
-77.138628
-77.101163
-76.666219
-74.573755
-71.730614
-68.745613
-63.162191
-54.969788
-45.679978
-34.192971
-20.607029
-6.833758
5.659546
16.933680
27.960028
38.766180
48.561948
57.083539
65.337079
72.794301
77.516181
78.602178
77.492339
74.676616
70.212909
65.147366
58.374405
50.554616
42.188168
33.207280
22.531237
10.955504
-0.232969
-12.101616
-25.788716
-38.393395
-49.529246
-59.352432
-67.570039
-73.826654
-77.131646
-77.134030
-76.677118
-74.768237
-72.038514
-69.018432
-63.461746
-55.407115
-46.037265
-34.266029
-20.773581
-6.985664
5.420787
16.617094
27.572087
38.354737
48.285382
56.820767
65.314089
72.819676
77.564887
78.739098
77.702318
74.847937
70.292609
65.250226
58.846303
51.029069
42.571340
33.573764
22.978953
11.252505
-0.027078
-11.885166
-25.397539
-38.022314
-49.258811
-59.312412
-67.599160
-73.867355
-77.104058
-77.344520
-76.945339
-74.974469
-72.220734
-69.290400
-63.696759
-55.421931
-46.195643
-34.663507
-21.143470
-7.533176
5.094154
16.442197
27.443171
38.228205
48.384326
57.075194
65.244096
72.743893
77.645097
78.823566
77.732801
75.002568
70.667948
65.493073
59.066670
51.291159
42.797327
33.972093
23.338454
11.586121
0.209979
-11.739050
-25.211573
-37.964582
-49.362864
-59.364183
-67.632369
-73.945693
-77.369724
-77.538150
-77.132157
-75.213909
-72.589091
-69.574118
-64.063753
-55.771555
-46.507120
-34.830230
-21.449498
-7.732255
4.876511
16.200032
27.365855
38.352694
48.344135
57.049649
65.381697
72.876215
77.729395
79.057046
78.046322
75.340441
70.839950
65.587248
59.055090
51.309552
42.881795
34.022331
23.385797
11.601448
0.432900
-11.636189
-25.231327
-37.903105
-49.279247
-59.294701
-67.749534
-73.951653
-77.496767
-77.668939
-77.259030
-75.347253
-72.598628
-69.711890
-64.252274
-56.046418
-46.496051
-34.948587
-21.437577
-7.748944
4.888773
16.275644
27.388675
38.318293
48.246384
57.042497
65.530368
72.944675
77.777249
79.180173
78.198229
75.421844
71.108682
65.803698
59.410334
51.520041
43.028934
34.214939
23.551498
11.709929
0.420298
-11.680126
-25.183644
-37.964412
-49.323525
-59.495483
-67.949636
-74.333293
-77.898843
-77.912126
-77.509539
-75.563363
-72.831597
-70.047719
-64.501592
-56.324686
-46.893018
-35.207101
-21.570240
-7.694449
4.905292
16.339166
27.455262
38.439376
48.438481

