66.382885
61.389378
54.017305
45.750993
36.633355
26.854447
15.246357
1.071351
-12.112175
-24.473156
-36.678485
-47.384501
-56.038243
-62.898057
-68.919318
-74.010747
-77.281850
-79.146113
-78.956570
-76.054505
-70.866176
-64.975023
-56.597676
-46.170098
-35.602536
-24.445227
-11.644023
1.035077
12.564829
24.495125
35.926785
46.432699
55.593252
63.156741
69.308451
74.345384
76.400042
76.444660
74.564900
70.977041
67.133563
62.301159
55.041824
46.854189
37.879603
27.890546
16.431127
2.420459
-10.996887
-23.485763
-35.798550
-46.719653
-55.495671
-62.600715
-68.715811
-73.951312
-77.254772
-79.265492
-79.463720
-76.600483
-71.680716
-65.902301
-57.679926
-47.208582
-36.700794
-25.537695
-12.789283
-0.080892
11.812278
23.812907
35.407373
45.862709
55.338315
62.978097
69.332463
74.446542
76.904467
77.010904
75.171505
71.448599
67.795174
62.964644
55.941514
47.781978
38.955212
29.219900
17.792668
3.518888
-10.083403
-22.802864
-35.381828
-46.669926
-55.585759
-62.733889
-68.951505
-74.165719
-77.533722
-79.778433
-80.000843
-77.441420
-72.686332
-66.929204
-58.740718
-48.096521
-37.256650
-26.142597
-13.411215
-0.577654
11.191028
23.128135
35.036291
45.721020
55.454969
63.309669
69.801467
75.136423
77.629941
77.672005
76.018912
72.255135
68.580253
63.740185
56.802034
48.679795
39.712020
29.755490
18.155745
3.942592
-10.004044
-22.800820
-35.610369
-46.864067
-55.833544
-63.181264
-69.368907
-74.792079
-78.289168
-80.387422
-80.689192
-78.252895
-73.312351
-67.447254
-59.251785
-48.667192
-37.729740
-26.485239
-13.745172
-0.768389
11.280945
23.443018
35.461528
46.199390
55.955138
63.847133
70.311512
75.399535
78.093495
78.277588
76.673201
73.004110
69.157566
64.471790
57.245493
48.961129
39.954867
30.137641
18.506050
4.177945
-9.970835
-22.783620
-35.575969
-46.982595
-56.075709
-63.490527
-69.661311
-74.902262
-78.576292
-80.549206
-80.849613
-78.401225
-73.664188
-67.829234
-59.690816
-49.030100
-37.956749
-26.825326
-13.910191
-0.900882
11.025667
23.155553
35.088743
45.938662
55.802039
63.750574
70.268256
75.653962
78.200442
78.236716
76.701811
73.105948
69.260597
64.504998
57.363510
49.135515
40.154627
30.097280
18.430778
4.125493
-9.965045
-22.714308
-35.521473
-46.762909
-55.907624
-63.286339
-69.648538
-74.959993
-78.623295
-80.648490
-80.885036
-78.408888
-73.339088
-67.454236
-59.474536
-48.927750
-37.904978
-26.685851
-13.903039
-0.712190
11.185748
23.306778
35.134724
45.927082
55.712121
63.610928
70.163182
75.409072
78.170470
78.386409
76.787812
73.152099
69.219044
64.443690
57.277339
48.909187
39.924213
30.036483
18.664598
4.488400
-9.651865
-22.544009
-35.333293
-46.908174
-56.012528
-63.473838
-69.597108
-74.967316
-78.470196
-80.534220
-80.852168
-78.284911
-73.472943
-67.672900
-59.642111
-49.084255
-37.994385
-26.807615
-13.849906
-0.707592
11.197669
23.169347
35.056216
45.902559
55.703776
63.597986
70.163012
75.486217
78.165361
78.237908
76.650892
72.952509
68.989481
64.275605
57.113511
48.815012
39.786271
29.846770
18.438271
4.306350
-9.627683
-22.470100
-35.227878
-46.750477
-55.878333
-63.293321
-69.388832
-74.869394
-78.422172
-80.535242
-80.689873
-78.302452
-73.459489
-67.414556
-59.436389
-48.951592
-38.013458
-26.895489
-14.118978
-0.985861
10.829823
23.032767
34.932579
45.612369
55.437088
63.405548
70.045505
75.254951
77.860185
78.064374
76.502391
72.873831
69.090128
64.313241
57.331324
49.131257
40.133510
30.116524
18.815654
4.537446
-9.374108
-22.170714
-35.000699
-46.395404
-55.577925
-63.120978
-69.324630
-74.692113
-78.237057
-80.490794
-80.746583
-78.441245
-73.417255
-67.632709
-59.640237
-49.074718
-38.116149
-27.025597
-14.385836
-1.331397
10.783672
22.783450
34.689222
45.495204
55.312429
63.319377
69.882189
75.241157
77.934435
78.202827
76.587881
73.064906
69.324630
64.706973
57.691847
49.343620
40.503400
30.563218
19.182137
4.886900
-9.174006
-22.059849
-34.938369
-46.404430
-55.779048
-63.180413
-69.368226
-74.804170
-78.550407
-80.622605
-81.088032
-78.776053
-73.895795
-67.982674
-59.958696
-49.382108
-38.458790
-27.471440
-14.631408
-1.524006
10.523796
22.662708
34.648691
45.547996
55.430617
63.448463
70.123162
75.579711
78.300919
78.506640
77.048710
73.511600
69.635936
64.929383
57.965687
49.618823
40.706056
30.757189
19.205468
4.843303
-9.247065
-22.182465
-35.189731
-46.868835
-56.130886
-63.620125
-69.915908
-75.428316
-78.983477
-81.074068
-81.335476
-78.913484
-74.103219
-68.249362
-60.030733
-49.363715
-38.425071
-27.366877
-14.446974
-1.266343
11.084761
23.103782
34.986394
45.786585
55.767468
64.024755
70.651770
75.942278
78.699759
78.903607
77.282361
73.546682
69.648198
64.915759
57.953766
49.685069
40.624482
30.685663
19.100904
4.586492
-9.755407
-22.676502
-35.409587
-46.830007
-55.993114
-63.437223
-69.682768
-75.193644
-78.871591
-81.017188
-81.376519
-78.856094
-74.022327
-67.904166
-59.775455
-48.990079
-37.967307
-26.996136
-14.062779
-1.097577
10.896410
23.020336
35.185984
46.050549
55.975403
63.905205
70.242201
75.637443
78.277418
78.451463
76.914855
73.292596
69.303342
64.622164
57.570083
49.305132
40.393216
30.364139
18.961770
4.602500
-9.707212
-22.731679
-35.659245
-47.164304
-56.329795
-63.738142
-70.067985
-75.392893
-78.965255
-81.023659
-81.396273
-79.020773
-74.072054
-68.038872
-60.005018
-49.230542
-38.100822
-26.945046
-14.208215
-1.021113
11.005402
23.107188
35.106284
46.073539
55.885826
64.018965
70.563384
75.702497
78.331402
78.502383
77.087709
73.382854
69.419656
64.678873
57.566336
49.197163
40.204355
30.271496
18.913746
4.484483
-9.731565
-22.547756
-35.347768
-46.821151
-56.115900
-63.602413
-69.739308
-75.071369
-78.722409
-80.754757
-80.951793
-78.444651
-73.581082
-67.711728
-59.662546
-49.074377
-37.977695
-26.862451
-14.024292
-0.727177
11.202097
23.200342
35.018751
45.902388
55.677891
63.593728
70.128441
75.410604
78.139475
78.260217
76.668603
72.937693
68.926130
64.140047
57.076386
49.048322
40.248632
30.405692
19.076041
4.831382
-9.336131
-22.353956
-35.269260
-46.761377
-55.960417
-63.250746
-69.475855
-74.865477
-78.548704
-80.672332
-81.104040
-78.764643
-73.830230
-67.873853
-59.793166
-49.226114
-38.174220
-27.128288
-14.418534
-1.275199
10.714361
22.757735
34.710680
45.527560
55.501802
63.493252
70.019109
75.222424
78.004428
78.087194
76.593842
73.056902
69.236585
64.564773
57.647739
49.200569
40.274007
30.398199
19.200529
4.938841
-9.263413
-22.126436
-34.911803
-46.409539
-55.723531
-63.277994
-69.403648
-74.887105
-78.447887
-80.587183
-81.098080
-78.633853
-73.559455
-67.706619
-59.832845
-49.230712
-38.166727
-27.095931
-14.436756
-1.197032
10.850770
22.656918
34.578528
45.305661
55.165631
63.264370
69.656202
74.884721
77.748128
77.988931
76.450450
72.866167
68.921532
64.357349
57.335581
48.974412
40.076630
30.149732
18.916641
4.966259
-9.019034
-21.665096
-34.301451
-46.005760
-55.324350
-62.695401
-69.008384
-74.392727
-78.122446
-79.981600
-80.420119
-78.285933
-73.431049
-67.593370
-59.823138
-49.472707
-38.455214
-27.455262
-14.725413
-1.497269
10.556493
22.352082
34.219878
44.874123
54.524796
62.439953
68.993739
74.298722
77.208110
77.414683
76.104743
72.508199
68.516902
63.990355
57.319743
49.129725
40.381125
30.545677
19.625255
5.795104
-8.327791
-21.021026
-33.695698
-45.150178
-54.520539
-62.027488
-68.249532
-73.680367
-77.334813
-79.572371
-80.091272
-78.143222
-73.331254
-67.641735
-59.933662
-49.558537
-38.674900
-27.794668
-15.348196
-2.361195
9.658166
21.541970
33.317464
44.062819
53.932667
61.981167
68.467345
73.812178
76.902083
77.206407
75.928143
72.393588
68.366868
64.072439
57.502304
49.468619
40.850810
31.131336
20.175661
6.368331
-7.775511
-20.418508
-32.973460
-44.573035
-53.837299
-61.381885
-67.748172
-73.385750
-77.223948
-79.523666
-80.133336
-78.197377
-73.586021
-67.863805
-60.290950
-50.067391
-39.232458
-28.468711
-16.100066
-3.133331
8.956364
20.749910
32.700981
43.578148
53.489889
61.584541
68.096774
73.466642
76.624496
77.144248
75.997455
72.723286
68.833487
64.584528
58.158466
50.086805
41.508164
31.745604
20.691497
6.941387
-7.182700
-19.851753
-32.270295
-43.847901
-53.154060
-60.888018
-67.330769
-73.027781
-76.953173
-79.363414
-80.130952
-78.304836
-73.618719
-67.995616
-60.695410
-50.643342
-39.805344
-29.174771
-17.002480
-3.901209
8.247580
20.158972
32.146658
43.079342
52.965198
61.130353
67.689589
73.073932
76.393741
76.970203
75.995071
72.844028
68.893433
64.801318
58.310713
50.165994
41.620391
31.974656
21.329778
7.801226
-6.164312
-18.978630
-31.521831
-43.229035
-52.925859
-60.808148
-67.229612
-72.968517
-77.065229
-79.446861
-80.210311
-78.569480
-74.168784
-68.606819
-61.356681
-51.438638
-40.613413
-29.826675
-17.498050
-4.303966
7.837330
19.638879
31.573602
42.480060
52.642482
60.842037
67.634753
73.336874
76.755796
77.362912
76.461860
73.348284
69.563559
65.075500
58.684349
50.741093
42.254414
32.661302
21.866049
8.389439
-5.756957
-18.575021
-31.171186
-42.974097
-52.567039
-60.405902
-67.083154
-72.866338
-76.824427
-79.385894
-80.270597
-78.718322
-74.375187
-68.853923
-61.716012
-51.786048
-41.065216
-30.112607
-17.886502
-4.668406
7.530791
19.416468
31.447240
42.328324
52.597863
61.157601
67.918641
73.568140
77.010563
77.744893
76.800755
73.633194
69.808960
65.587929
59.371165
51.366091
42.749984
33.135414
22.407940
9.042025
-5.412272
-18.437931
-31.061343
-43.005943
-52.806650
-60.652665
-67.062378
-72.939396
-77.133860
-79.744714
-80.884014
-79.404286
-75.072731
-69.593702
-62.531914
-52.462646
-41.505269
-30.833994
-18.564803
-5.186115
7.074050
18.959045
31.000376
42.209625
52.439315
61.097997
68.062544
73.787825
77.497619
78.279291
77.384370
74.204377
70.312875
66.203390
59.961591
51.981381
43.525866
33.974648
23.223162
9.635006
-4.900183
-18.083709
-30.944858
-43.126685
-52.876132
-60.895000
-67.326171
-73.263475
-77.457939
-80.291203
-81.480742
-80.099787
-75.835500
-70.158243
-62.864508
-52.848543
-41.833946
-31.027453
-18.771717
-5.478348
6.895917
18.918003
31.166417
42.398487
52.684375
61.377117
68.457127
74.267558
77.897481
78.638451
77.733483
74.805192
70.862259
66.632203
60.421058
52.330494
43.573039
33.739976
23.088966
9.361676
-5.179644
-18.309866
-31.138829
-43.284042
-53.287915
-61.375754
-67.918471
-73.589427
-77.817270
-80.477851
-81.630945
-80.162116
-75.905834
-70.314918
-63.141414
-53.147759
-41.979381
-30.847788
-18.504517
-5.116803
7.398469
19.384452
31.506845
42.797157
53.017821
61.836413
68.783079
74.665376
78.423364
79.225642
78.178133
75.006826
70.919139
66.645656
60.262680
52.172116
43.502365
33.805370
22.948129
9.106568
-5.360161
-18.507242
-31.438555
-43.590750
-53.614719
-61.513186
-68.073443
-73.868377
-77.973945
-80.567258
-81.630264
-80.265658
-75.931379
-70.302657
-62.984058
-52.918707

