99.092552
93.726090
85.993665
75.303146
62.071766
46.290500
27.655874
9.170600
-7.536752
-22.776467
-36.912475
-50.350087
-63.115699
-74.435302
-84.107433
-92.983416
-99.925995
-102.920873
-104.110241
-102.784804
-98.642622
-91.743640
-82.388605
-71.209669
-58.476244
-44.500317
-29.502766
-13.930968
1.794611
17.937592
33.258370
48.564843
62.933479
74.725321
84.153243
92.174155
98.349367
101.747343
103.535482
102.780717
99.635124
94.376632
86.669922
76.130288
62.951701
47.135523
28.335878
9.899991
-6.978171
-22.019659
-36.459310
-50.250292
-62.751089
-74.121611
-83.917379
-92.723540
-99.683319
-102.865866
-104.244777
-103.094067
-99.066666
-92.146397
-83.042043
-71.911812
-59.042147
-44.820479
-29.855626
-14.369658
1.416717
17.600230
32.914196
48.136881
62.602758
74.721064
84.320818
92.481715
98.497868
101.979119
103.619099
102.905205
99.618435
94.553062
87.150846
76.627902
63.269479
47.514609
28.628792
9.993144
-7.144213
-22.322110
-36.664350
-50.511190
-63.031912
-74.345555
-83.940881
-92.823165
-99.815471
-103.193351
-104.678358
-103.521517
-99.337612
-92.576742
-83.297832
-72.162492
-59.341022
-45.242820
-30.246803
-14.629534
1.232624
17.542498
33.110721
48.400675
62.854290
75.022152
84.538971
92.688458
98.865884
102.321250
103.993416
103.315966
100.251777
95.128843
87.627002
77.012607
63.756193
47.908170
29.179709
10.309730
-6.637744
-21.805763
-36.418779
-50.170932
-62.666450
-74.113267
-84.021773
-92.905249
-100.034135
-103.423255
-104.851552
-103.825331
-99.627290
-92.740059
-83.364078
-72.280339
-59.632233
-45.265130
-30.328376
-14.725924
1.124314
17.324856
32.928160
48.158680
62.654700
74.877739
84.624461
92.755216
98.985604
102.497339
104.156222
103.389536
100.421735
95.215355
87.766307
77.327660
63.977071
48.222031
29.473134
10.581868
-6.412608
-21.761315
-36.251204
-50.015109
-62.799794
-74.254956
-84.006275
-92.920406
-100.142785
-103.610073
-105.002097
-103.894642
-99.751779
-92.918532
-83.786079
-72.608846
-59.797423
-45.626674
-30.701501
-14.995507
0.891345
17.244135
32.717330
48.044068
62.728609
74.708121
84.481239
92.706851
98.906926
102.439778
104.190452
103.422233
100.238664
95.210927
87.692227
77.189548
64.058134
48.305137
29.438223
10.666507
-6.382465
-21.588462
-36.212546
-50.124100
-62.985080
-74.446712
-84.150348
-93.051706
-100.213119
-103.505339
-104.837247
-103.869268
-99.787201
-92.989036
-83.906140
-72.680882
-59.989180
-45.605046
-30.793122
-15.216044
0.710828
17.017978
32.541241
47.836985
62.487466
74.666228
84.422486
92.832191
99.124908
102.651290
104.399068
103.756871
100.622007
95.507247
88.081700
77.612741
64.331463
48.521927
29.643433
10.837146
-6.382125
-21.782943
-36.329542
-50.062452
-62.705449
-74.231454
-84.094661
-92.973369
-100.189618
-103.699820
-105.202709
-104.265383
-100.167990
-93.310731
-84.072522
-72.835173
-59.970788
-45.816898
-30.845404
-15.283653
0.534569
16.909327
32.619749
47.850268
62.668494
75.016192
84.589209
92.687266
98.979984
102.577209
104.477576
103.810685
100.794860
95.773254
88.344472
77.747958
64.345598
48.567908
29.727221
10.834421
-6.139449
-21.244287
-35.704545
-49.621718
-62.326023
-73.998315
-83.998442
-93.020371
-100.233555
-103.504487
-104.748862
-103.695393
-99.610431
-92.776673
-83.743674
-72.758027
-60.151134
-45.893022
-30.918973
-15.178408
0.712361
16.988005
32.541241
47.807523
62.363148
74.371781
84.174020
92.289277
98.789760
102.373021
104.225533
103.685686
100.574664
95.239537
87.723732
77.279976
64.110926
48.410892
29.721771
10.866267
-6.239585
-21.522215
-35.998992
-49.814667
-62.492916
-74.109861
-84.034886
-92.911550
-100.232874
-103.662695
-104.942151
-103.990010
-99.828073
-93.133960
-84.089211
-73.045833
-60.366222
-46.276024
-31.330926
-15.833208
0.106096
16.349384
31.912667
47.148807
61.824833
74.006660
83.811964
91.937780
98.298618
101.977076
103.954247
103.485073
100.524936
95.454454
88.163614
77.664171
64.438071
48.731565
30.129637
11.276688
-5.796807
-21.068198
-35.522665
-49.180814
-61.840330
-73.417766
-83.197526
-92.138052
-99.552359
-103.028502
-104.435853
-103.427853
-99.569389
-92.865229
-83.928789
-72.847434
-60.364519
-46.346188
-31.448092
-15.927894
-0.095367
16.178744
31.534944
46.953133
61.538901
73.804174
83.562306
91.747216
98.218237
101.748705
103.665250
103.195735
100.364004
95.430783
88.147947
77.821868
64.749547
49.286059
30.719212
11.836801
-5.448205
-20.687921
-35.235201
-49.181666
-61.791284
-73.212045
-83.032336
-91.907297
-99.210569
-102.813244
-104.274750
-103.342703
-99.506889
-92.990739
-84.044082
-73.057073
-60.479811
-46.412774
-31.628949
-16.332524
-0.550577
15.715361
31.194857
46.403578
61.170374
73.652097
83.378383
91.552734
97.869294
101.613658
103.557961
103.196417
100.350550
95.580476
88.479519
78.317949
65.307787
49.982241
31.366178
12.428250
-4.884175
-20.151309
-34.540551
-48.301561
-61.078412
-72.781358
-82.565887
-91.556651
-99.038226
-102.902991
-104.334184
-103.571074
-99.855150
-93.347004
-84.432534
-73.586021
-61.239345
-47.363554
-32.611404
-17.022576
-1.219511
14.986992
30.628954
45.698030
60.426508
72.877237
82.745893
90.932505
97.629172
101.436717
103.419168
103.253807
100.430250
95.680271
88.469642
78.570332
65.549271
50.508806
32.185146
13.221843
-3.921815
-19.278526
-33.812353
-47.609976
-60.235603
-71.955579
-81.924200
-90.810061
-98.406076
-102.332490
-103.859050
-103.383916
-99.751268
-93.314137
-84.517343
-73.816436
-61.381204
-47.607081
-32.885415
-17.569065
-1.925400
14.281443
29.878276
45.018196
59.767280
72.180373
82.245895
90.531962
97.160169
101.122345
103.222472
103.093386
100.408963
95.644508
88.686262
78.940902
66.077879
51.040309
32.934461
13.893502
-3.601653
-18.961600
-33.379623
-47.175373
-59.833697
-71.630137
-81.594501
-90.605531
-98.179579
-102.306775
-103.997162
-103.482519
-99.977936
-93.815838
-85.096870
-74.242864
-61.943531
-48.183203
-33.525058
-18.153020
-2.498286
13.646909
29.282570
44.485671
59.382575
72.008882
82.122428
90.429613
97.185544
101.276466
103.344066
103.275776
100.656918
96.109935
89.339358
79.705034
67.009585
52.192892
34.021820
14.824697
-2.735342
-18.299818
-32.745089
-46.614919
-59.429748
-71.213756
-81.130436
-90.157134
-97.988333
-102.242061
-103.941304
-103.624208
-100.321259
-94.157457
-85.552079
-74.859687
-62.563760
-48.883813
-34.113101
-18.828596
-3.181015
12.948172
28.708833
43.817077
58.640242
71.497645
81.648316
89.896577
96.603802
100.741216
102.956976
103.088106
100.644827
96.114533
89.424849
79.862731
67.231655
52.447660
34.438712
15.335424
-2.070836
-17.742940
-32.135929
-46.001843
-58.893817
-70.748329
-80.916371
-89.971508
-97.857033
-102.102075
-103.847980
-103.444713
-100.068705
-94.065666
-85.559743
-75.039182
-62.865700
-49.226284
-34.591130
-19.223520
-3.515141
12.504373
28.278146
43.075425
58.155571
70.956945
81.148148
89.457716
96.403871
100.682463
102.923768
103.027821
100.658962
96.089329
89.429787
79.848085
67.478929
52.837474
35.127572
16.021388
-1.601662
-17.241580
-31.674249
-45.627866
-58.456319
-70.214612
-80.400024
-89.371034
-97.351074
-101.802349
-103.652818
-103.484052
-100.439276
-94.479663
-85.909026
-75.420822
-63.377278
-49.741609
-35.001891
-19.742591
-4.103184
11.754036
27.467523
42.502369
57.523080
70.406028
80.773149
89.203460
96.084561
100.448302
102.640561
102.989844
100.755862
96.053396
89.670760
80.422844
67.980800
53.499426
35.731282
16.655922
-0.891515
-16.754184
-31.215123
-45.149837
-57.910170
-69.833313
-80.210992
-89.213167
-97.182138
-101.829767
-103.700672
-103.652648
-100.629330
-94.858408
-86.698021
-76.335328
-64.237118
-50.749608
-36.032370
-20.865372
-5.077124
10.982582
26.694707
41.648320
56.521893
69.587401
79.962526
88.395902
95.520360
100.042990
102.357524
102.910995
100.702218
96.432992
90.129716
81.045628
68.864822
54.573332
37.122284
18.106699
0.519753
-15.342065
-29.850347
-43.799196
-56.874411
-68.859032
-79.302958
-88.408845
-96.515247
-101.366213
-103.282928
-103.374379
-100.552355
-95.020873
-86.844138
-76.587030
-64.819881
-51.442044
-36.862578
-21.495989
-5.740779
10.161230
25.746652
40.651219
55.698667
68.721771
79.394409
87.992634
95.089504
99.804572
102.193185
102.755342
100.757565
96.515587
90.297120
81.475633
69.587912
55.312259
38.129602
19.136156
1.390151
-14.343943
-28.861420
-42.909384
-55.970464
-68.029506
-78.564882
-87.702615
-96.009459
-101.027829
-103.260279
-103.448118
-100.697790
-95.233577
-87.223564
-77.119044
-65.357174
-52.265780
-37.812676
-22.615365
-6.946666
8.960622
24.804899
39.780991
54.598195
67.844731
78.533718
87.163448
94.418015
99.342380
102.060522
102.821418
100.953068
96.793686
90.729509
82.013607
70.075137
55.834736
38.938863
20.087617
2.209970
-13.617447
-28.007371
-42.152916
-55.285522
-67.562716
-78.209809
-87.305818
-95.564297
-100.998027
-103.073290
-103.414059
-101.063251
-95.892804
-88.076251
-77.995573
-66.362279
-53.026336
-38.541385
-23.457834
-7.838181
8.116109
23.934671
38.936479
54.030078
67.303010
78.178474
86.954662
94.337293
99.439280
102.073295
103.050981
101.292304
97.365720
91.397592
82.685607
71.070194
57.180609
40.455716
21.242074
3.373453
-12.562105
-27.125052
-41.398321
-54.487841
-66.719225
-77.478034
-86.681673
-95.119136
-100.568874
-102.874722
-103.498697
-101.245982
-96.193211
-88.338852
-78.509876
-66.894463
-53.677048
-39.270094
-24.095093
-8.458410
7.289307
23.113659
38.064548
52.980014
66.473825
77.575615
86.395911
93.949693
99.256039
101.950680
103.031908
101.266929
97.249576
91.466733
82.933392
71.359873
57.638373
41.034903
22.012847
3.968988
-12.270042
-26.890039
-41.056020
-54.238524
-66.492898
-77.297177
-86.537429
-94.963312
-100.626264
-103.133406
-103.808641
-101.598331
-96.626282
-89.060579
-79.188347
-67.509924
-54.299320
-39.880616
-24.760621
-9.059225
6.661926
22.662708
37.710496
52.907467
66.612959
77.720370
86.534704
94.042676
99.257571
102.101905
103.097813
101.623705
97.936051
92.159680
83.774499
72.266715
58.527504
41.917562
22.893803
4.777057
-11.482920
-26.024580
-40.297338
-53.566694
-65.843718
-76.777935
-86.195980
-94.810724
-100.644146
-103.217704
-103.893280
-101.905721
-96.958535
-89.407137
-79.748971
-68.148204
-54.996014
-40.502719
-25.400605
-9.733779
5.994524
22.002799
37.167072
52.289282
65.995455
77.312504
86.218970
93.879700
99.203587
102.123533
103.254148
101.823466
98.134620
92.335769
84.000315
72.764329
58.934007
42.247772
23.205280
5.053282
-11.426721
-26.206119
-40.414674
-53.697143
-65.948793
-76.852356
-86.108787
-94.752482
-100.722994
-103.293487
-104.143109
-102.157422
-97.304072
-89.716060
-79.965081
-68.457297
-55.212464
-40.876014
-25.859220
-10.136877
5.708592
21.822453
36.997965
52.242109
66.184657
77.520609
86.493492
94.074181
99.430255
102.350712
103.561367
102.129153
98.558664
92.936243
84.818091
73.289871
59.446096
42.860849
23.671218
5.342449
-11.070115
-25.767939
-40.003232
-53.497042
-65.729277
-76.797690
-86.310591
-94.998394
-101.074321
-103.592873
-104.472126
-102.472135
-97.706829
-90.079989
-80.500501

