30.358519
38.598606
46.663114
54.652180
61.643975
68.085023
74.178832
77.630111
77.187504
74.198246
69.862604
63.963447
55.497204
45.785052
34.809283
22.764717
10.749442
-0.662293
-11.577436
-20.918506
-30.190604
-40.087189
-49.886193
-58.654036
-66.425630
-71.758883
-74.084316
-74.507679
-73.018074
-69.340297
-65.119437
-60.631888
-55.213485
-47.474248
-37.633692
-26.256698
-13.976778
-1.987559
9.530953
20.533630
30.105284
38.375173
46.352659
54.455996
61.587266
68.020991
74.060644
77.772651
77.493531
74.823414
70.300273
64.205953
55.978298
46.103512
35.004956
23.027658
10.921444
-0.565733
-11.468785
-20.707164
-29.839788
-39.569821
-49.649477
-58.669192
-66.536835
-71.983848
-74.422189
-74.984516
-73.326145
-69.549424
-65.302168
-60.972146
-55.633954
-47.900677
-38.092307
-26.669843
-14.405932
-2.149003
9.368147
20.519154
30.115162
38.452148
46.585117
54.570777
61.510972
68.040575
74.144091
78.049047
77.917406
75.297526
70.833819
64.751250
56.447642
46.389103
35.463401
23.447616
11.219638
-0.451974
-11.473554
-20.739692
-29.729945
-39.652586
-49.556153
-58.627469
-66.648722
-72.295836
-74.893236
-75.467314
-73.935645
-70.200307
-65.795353
-61.347485
-56.030921
-48.241275
-38.471903
-26.993241
-14.612845
-2.402919
9.126663
20.302023
30.065775
38.474798
46.513762
54.552555
61.622007
68.116358
74.534757
78.431027
78.374318
75.783559
71.148021
64.963613
56.631906
46.633652
35.633360
23.622002
11.392491
-0.247785
-11.234283
-20.693881
-29.795681
-39.743526
-49.688646
-58.827230
-66.970927
-72.324276
-74.920825
-75.444835
-73.940584
-70.327691
-65.960543
-61.622347
-56.303399
-48.472030
-38.513286
-27.027300
-14.584746
-2.256632
9.295259
20.349026
30.230795
38.584641
46.709265
54.928064
61.908790
68.491186
74.819156
78.606606
78.545298
75.702156
71.192299
65.178871
56.810720
46.822514
35.886594
23.925986
11.702435
-0.064032
-11.145898
-20.549808
-29.734543
-39.711509
-49.855368
-58.880023
-66.812549
-72.376558
-75.010742
-75.466463
-73.912144
-70.196560
-65.911838
-61.513356
-56.019000
-48.430647
-38.444144
-26.930230
-14.515434
-2.176762
9.450402
20.507233
30.250038
38.799899
46.815872
54.887874
62.050138
68.529844
74.677808
78.502893
78.419958
76.039348
71.494750
65.511465
57.247877
47.144549
36.075967
24.066482
11.785371
0.022479
-11.037077
-20.612989
-29.876062
-39.862054
-49.967425
-58.888367
-66.976036
-72.370938
-75.122799
-75.691087
-74.105944
-70.403303
-66.051483
-61.672585
-56.251287
-48.567908
-38.660765
-27.062723
-14.644350
-2.361366
9.301049
20.482200
30.245270
38.676432
46.821833
54.957015
62.089307
68.619762
74.896812
78.797681
78.628063
75.913157
71.362938
65.308298
56.871857
46.821662
35.790716
23.822614
11.530604
-0.119890
-11.189325
-20.704610
-29.881682
-39.845364
-49.965382
-59.022733
-67.004476
-72.581938
-75.158903
-75.732810
-74.262789
-70.524556
-66.068172
-61.857530
-56.323154
-48.519884
-38.681711
-27.158771
-14.584405
-2.130611
9.586130
20.699501
30.504125
38.865123
46.942234
54.977792
61.996494
68.629639
75.007847
78.897646
78.675066
75.976678
71.402958
65.137489
56.726762
46.661581
35.704204
23.741211
11.467082
-0.120742
-11.171103
-20.717553
-30.026947
-39.932217
-50.038099
-59.135812
-67.146676
-72.549071
-75.085504
-75.518574
-74.119227
-70.431573
-66.080945
-61.620985
-56.162902
-48.490592
-38.474969
-26.918309
-14.265776
-1.988070
9.674004
20.829439
30.560493
38.795131
46.750648
54.862329
62.012843
68.530015
74.733666
78.629936
78.455721
75.567790
70.927313
64.954076
56.889227
46.994346
36.042247
24.145160
11.884315
0.207084
-10.950225
-20.648582
-29.770136
-39.725304
-49.701929
-58.654206
-66.482510
-71.998835
-74.587379
-75.318813
-73.824780
-70.232323
-65.863132
-61.376095
-55.907794
-48.280273
-38.366999
-27.004651
-14.675685
-2.526726
9.082556
20.221983
30.033759
38.450105
46.497583
54.380383
61.336415
67.695890
73.951653
77.843155
77.816418
75.106110
70.543800
64.556939
56.240899
46.287094
35.538844
23.669515
11.438642
-0.027759
-10.982071
-20.302194
-29.397351
-39.097752
-49.190521
-58.110952
-66.166265
-71.783236
-74.343170
-74.937854
-73.463065
-69.819689
-65.648215
-61.127969
-55.971827
-48.549346
-38.718326
-27.367047
-14.966726
-2.747604
8.800030
19.894838
29.689925
37.991149
45.826435
53.692034
60.782092
67.212582
73.370763
77.486038
77.498470
74.861390
70.067985
63.908441
55.924995
46.205691
35.540036
23.830788
11.870350
0.406504
-10.620526
-19.914593
-28.910467
-38.737059
-48.675537
-57.635137
-65.535477
-71.179356
-73.941946
-74.788843
-73.469537
-69.973980
-65.646342
-61.258589
-56.061234
-48.524823
-38.948229
-27.590309
-15.447480
-3.236532
8.299010
19.286360
29.036999
37.476506
45.345511
53.319250
60.365881
66.726548
72.900568
77.175924
77.323062
74.812174
70.430551
64.802340
56.855849
47.040667
36.393745
24.592025
12.590715
0.895773
-10.136025
-19.588811
-28.510945
-38.072893
-47.884158
-56.802886
-64.947435
-70.912157
-73.861906
-74.575288
-73.375361
-69.919314
-65.571921
-61.274426
-56.217057
-48.988376
-39.607457
-28.555564
-16.376291
-4.229205
7.319791
18.491064
28.328896
36.854744
44.631958
52.663258
59.630190
66.137825
72.253091
76.539006
77.092307
74.718850
70.382868
64.750910
57.055610
47.414303
36.786284
25.112118
13.101952
1.601151
-9.432009
-19.030912
-27.907235
-37.355593
-47.241960
-56.397063
-64.392430
-70.460183
-73.477030
-74.420997
-73.418277
-70.090124
-65.801314
-61.499221
-56.589672
-49.631766
-40.055513
-28.874534
-16.789947
-4.467964
7.008484
18.097503
28.026785
36.379269
44.282334
52.359785
59.443712
65.842867
72.191102
76.707261
77.251026
75.006996
70.768084
65.243414
57.708195
48.009668
37.487064
25.808130
13.808182
2.180168
-8.890288
-18.355676
-27.204241
-36.782878
-46.763590
-55.788585
-63.992568
-70.301124
-73.605435
-74.616500
-73.731797
-70.505483
-66.239834
-61.845439
-56.917156
-49.967255
-40.645088
-29.672725
-17.525128
-5.212682
6.304468
17.429079
27.451685
36.018746
43.876341
51.925353
59.123210
65.634762
71.942466
76.658726
77.392374
75.255292
71.257864
65.649237
57.981355
48.392670
38.017035
26.284967
14.196805
2.631290
-8.394888
-18.046413
-26.945898
-36.414180
-46.442747
-55.601937
-63.848666
-70.250545
-73.409081
-74.519941
-73.776926
-70.649556
-66.370453
-62.169858
-57.361296
-50.402369
-41.143383
-30.244248
-18.248558
-5.885363
5.706038
16.951561
27.074984
35.635744
43.644394
51.738705
59.053046
65.603597
71.924244
76.803991
77.778782
75.396640
71.388824
66.029685
58.633600
48.956530
38.507836
26.965141
14.824016
3.147296
-8.170264
-17.921754
-26.821920
-36.351851
-46.308211
-55.499928
-63.722985
-70.113284
-73.536124
-74.662822
-73.998145
-71.060317
-66.775935
-62.739338
-57.638713
-50.745351
-41.546822
-30.685834
-18.587623
-6.192582
5.419425
16.622203
26.925121
35.620417
43.606247
51.626308
59.075015
65.635613
72.076321
76.893568
77.968836
75.973613
72.009223
66.494771
59.104477
49.651861
39.141008
27.526617
15.342746
3.670795
-7.601125
-17.426355
-26.484898
-35.953351
-45.890638
-55.200543
-63.642434
-70.166077
-73.553153
-74.752910
-74.029139
-71.252755
-67.039217
-62.706811
-57.823147
-51.130738
-41.940212
-31.007528
-19.001280
-6.603684
5.071504
16.384636
26.665074
35.055876
43.147632
51.240751
58.544023
65.175295
71.504457
76.569830
77.886411
75.901576
71.999175
66.582986
59.402670
50.011192
39.423364
27.816977
15.780245
4.055670
-7.256099
-17.144510
-25.995799
-35.385064
-45.343127
-54.632766
-62.935863
-69.623675
-73.127236
-74.584144
-73.889835
-71.080242
-66.999367
-62.757390
-58.008092
-51.364217
-42.380776
-31.583650
-19.643647
-7.308381
4.286425
15.583890
25.789908
34.535612
42.497431
50.556660
58.019672
64.639705
70.986067
76.156514
77.548027
75.606789
71.827684
66.600697
59.381042
50.086975
39.683580
28.301477
16.292504
4.538809
-6.773812
-16.768149
-25.632722
-35.029650
-44.827121
-54.013388
-62.406915
-69.225856
-72.919130
-74.190242
-73.553664
-70.874691
-66.828387
-62.592711
-57.770695
-51.463842
-42.547158
-31.866005
-20.099197
-7.712500
3.835644
15.079635
25.516748
34.223284
42.156322
50.194774
57.735273
64.183474
70.548398
75.758696
77.360017
75.675590
71.932077
66.716841
59.862988
50.807340
40.450777
29.042278
17.053911
5.436795
-6.105900
-16.238008
-25.111096
-34.438712
-44.290849
-53.503854
-61.791454
-68.743399
-72.576659
-73.981966
-73.591811
-71.034091
-66.913707
-62.665428
-58.161872
-51.833221
-43.064356
-32.525914
-20.855325
-8.514609
3.211669
14.332873
24.722985
33.500365
41.564873
49.618653
57.113511
63.553708
69.915737
75.321368
77.129432
75.600658
72.146995
67.064081
60.300827
51.148278
40.911436
29.754468
17.805099
5.956718
-5.277395
-15.397923
-24.386133
-33.684628
-43.562821
-52.842924
-61.328411
-68.202019
-72.273697
-73.948417
-73.673044
-71.160453
-67.175967
-62.948976
-58.303050
-52.310058
-43.734993
-33.282893
-21.596806
-9.283338
2.321175
13.629028
24.031401
32.963072
40.938343
48.849072
56.547437
63.249384
69.809982
75.031008
77.064378
75.740985
72.409766
67.313399
60.720444
51.804270
41.604212
30.400242
18.335921
6.592274
-4.822356
-15.153715
-24.111441
-33.338240
-43.005773
-52.493981
-61.013699
-68.198442
-72.467838
-74.107988
-73.951823
-71.613959
-67.527464
-63.281570
-58.764560
-52.739211
-44.218983
-33.993210
-22.368601
-9.956530
1.784563
13.254711
23.807117
32.797200
40.992328
48.926217
56.542158
63.292810
69.697244
75.167928
77.501876
76.265165
72.979586
68.119594
61.609404
52.665302
42.395932
31.101193
19.094433
7.287604
-4.237379
-14.600413
-23.462602
-32.694340
-42.670114
-52.280256
-60.787031
-68.096093
-72.555542
-74.353729
-74.168955
-72.061845
-67.958491
-63.679218
-59.101411
-53.098542
-44.695650
-34.519093
-22.942168
-10.576418
1.249313
12.580497
23.297412
32.490151
40.612050
48.638242
56.376628
63.098669
69.618225
75.177295
77.604055
76.550926
73.440756
68.449974
62.009777
53.253004
42.930841
31.563725
19.474370
7.640123
-3.889629
-14.201403
-23.310525
-32.512631
-42.468480
-52.215542
-60.880525
-68.278313
-72.618382
-74.449778
-74.338402
-72.207281
-68.112441
-63.813584
-59.385129
-53.526844
-45.065028
-34.863438
-23.119450
-10.699034
1.242331
12.628521
23.396015
32.544647
40.603025
48.599924
56.606361
63.241380
69.643089
75.418609
78.116655
77.019419
73.742526
68.938392
62.436547
53.570441
43.402910
32.173055
19.968918
7.926737
-3.593990
-14.166491
-23.213625
-32.499518
-42.361362
-52.126816
-60.852255
-68.164212
-72.827850
-74.810301
-74.753761
-72.596925
-68.526438
-64.312731
-59.819051
-53.798301
-45.409203
-35.148689
-23.528508
-11.129550
0.878572
12.347017
23.097311
32.404661
40.597234
48.782144
56.462458
63.268798
69.865329
75.551782
78.140497
77.180011
74.039698
69.173064
62.586239
53.927047
43.706724
32.449790
20.369802
8.368322
-3.134353
-13.786043
-22.901467
-32.278810
-42.098250
-51.890441

