-14.708894
-10.872058
-7.247073
-3.671306
-0.403779
2.667223
5.781140
8.418219
10.525158
12.578624
14.822483
17.059531
19.696440
22.618260
24.872167
26.607003
28.417621
30.023541
31.011105
31.399557
31.353235
30.782563
30.373675
30.078547
29.427494
28.911318
28.305054
26.924780
24.790594
22.688423
20.326717
17.399277
14.416150
11.652367
8.627006
5.495037
2.096721
-1.363414
-4.361016
-6.677594
-9.143353
-11.961971
-14.523438
-17.315660
-19.615207
-21.945408
-24.415425
-27.057443
-29.187543
-31.278133
-33.216476
-34.035444
-33.900738
-33.352205
-32.686676
-31.471423
-30.368737
-29.500042
-28.717518
-27.787856
-26.610749
-24.838277
-22.740023
-20.451546
-17.029728
-13.024807
-9.237868
-5.548511
-1.995734
1.143217
4.117829
6.983961
9.434053
11.540651
13.626303
15.871695
18.205643
20.997695
23.768118
25.684323
27.207306
28.784275
30.050618
30.740670
31.076499
30.924763
30.439922
30.057090
29.614653
28.910467
28.309481
27.572938
25.851216
23.769821
21.718740
19.153016
16.095468
13.224397
10.444437
7.319961
4.094498
0.643730
-2.584457
-5.266837
-7.483448
-10.136025
-12.835775
-15.490907
-18.132074
-20.514045
-22.879669
-25.232179
-27.616535
-29.664891
-31.696899
-33.318996
-33.833470
-33.582790
-33.159937
-32.074281
-30.840295
-29.959679
-29.258558
-28.339795
-27.463777
-26.124716
-24.251257
-22.064277
-19.475733
-15.844277
-11.920248
-8.225271
-4.479545
-1.030649
1.936129
5.015305
7.897786
10.156972
12.106555
14.199359
16.422101
18.854482
21.719422
24.111952
25.736094
27.387994
29.091835
30.296019
30.849661
31.175443
30.686004
30.127083
29.974665
29.592003
29.086045
28.559480
27.442660
25.564432
23.462602
21.263191
18.465689
15.412399
12.620517
9.682519
6.478684
3.155981
-0.287805
-3.398487
-5.919933
-8.285727
-10.903222
-13.486828
-16.236135
-18.854312
-21.092721
-23.389203
-25.958334
-28.384243
-30.318158
-32.399041
-33.574275
-33.764499
-33.381666
-32.854421
-31.773703
-30.799082
-30.062880
-29.170683
-28.248004
-27.173417
-25.699650
-23.617234
-21.320922
-18.270016
-14.312097
-10.474409
-6.804637
-3.176757
0.074080
2.976145
6.009170
8.829832
10.920422
12.915816
15.148776
17.380544
19.909654
22.768974
24.952207
26.621478
28.325830
29.755831
30.670166
31.138148
31.221935
30.695200
30.323437
30.049426
29.520137
28.818505
28.170177
26.861259
24.846452
22.694043
20.194054
17.184871
14.209577
11.396238
8.450747
5.209787
1.848085
-1.576117
-4.544258
-6.935767
-9.336982
-11.966058
-14.504875
-17.254182
-19.559520
-21.710566
-24.177177
-26.775088
-28.864997
-30.977385
-32.949618
-33.890179
-33.878939
-33.327000
-32.709156
-31.496457
-30.369248
-29.537337
-28.758049
-27.862958
-26.786157
-24.963958
-22.799798
-20.461253
-17.160177
-13.146230
-9.296281
-5.675384
-1.975128
1.124314
4.017864
6.959098
9.405613
11.307342
13.454642
15.648944
18.026829
20.783288
23.574999
25.478431
26.899065
28.516565
29.956102
30.752761
31.094210
30.965975
30.435664
30.069521
29.763494
29.161317
28.617893
27.916431
26.210546
24.036339
21.906410
19.457511
16.419206
13.528551
10.665655
7.573536
4.296984
0.931535
-2.364601
-5.013943
-7.308892
-9.914466
-12.580667
-15.283653
-17.964329
-20.124912
-22.430761
-25.001935
-27.432442
-29.521159
-31.735386
-33.430031
-34.023864
-33.767905
-33.333642
-32.464777
-31.268086
-30.394282
-29.682262
-28.746809
-27.745451
-26.422569
-24.447101
-22.348336
-19.728116
-16.017301
-11.985472
-8.325747
-4.757132
-1.279116
1.710142
4.601649
7.579156
9.937457
11.926038
14.055456
16.229664
18.656765
21.530901
24.158103
25.973150
27.582305
29.273714
30.575650
31.166758
31.339952
31.012808
30.569008
30.249017
29.741526
29.122319
28.586728
27.557441
25.712763
23.632050
21.445581
18.754346
15.566690
12.731893
9.878193
6.777048
3.482785
0.013283
-3.157684
-5.607946
-7.995537
-10.507788
-13.051374
-15.926872
-18.579449
-20.905222
-23.268121
-25.873865
-28.185163
-30.220747
-32.322236
-33.638988
-33.900227
-33.561332
-33.062186
-32.026768
-30.774219
-30.000550
-29.218537
-28.148890
-27.158260
-25.805746
-23.697104
-21.491732
-18.508434
-14.836277
-11.047806
-7.386378
-3.695658
-0.300918
2.587523
5.474431
8.193084
10.313477
12.308019
14.601776
16.938789
19.529888
22.416285
24.706296
26.424953
28.131689
29.802663
30.779839
31.242541
31.278474
30.896153
30.327184
30.028990
29.528652
28.912170
28.326171
27.023724
25.018454
22.886821
20.460401
17.344441
14.474903
11.753866
8.747067
5.602837
2.330031
-1.019410
-3.848076
-6.102153
-8.513417
-11.542184
-14.156614
-17.046247
-19.242593
-21.364008
-23.821933
-26.634932
-28.952530
-30.955417
-33.065932
-34.053837
-34.036807
-33.579213
-32.886267
-31.622308
-30.571222
-29.790401
-28.918982
-27.942828
-26.996987
-25.423935
-23.233891
-20.857709
-17.746687
-13.774633
-9.780441
-6.103175
-2.392530
0.663485
3.710134
6.660564
9.331873
11.442048
13.562952
15.827588
18.182312
20.850386
23.682288
25.680576
27.277129
28.780528
30.192988
30.948945
31.275238
31.300102
30.719893
30.325140
29.931920
29.254300
28.553520
27.778660
26.251589
24.161679
21.971975
19.357545
16.411713
13.597182
10.705165
7.522958
4.337685
0.899519
-2.425568
-5.247082
-7.570471
-10.095494
-12.659686
-15.288421
-18.081154
-20.269666
-22.582497
-25.121825
-27.572938
-29.554708
-31.608343
-33.370427
-33.934627
-33.632857
-33.117533
-32.233000
-30.901602
-29.901436
-29.149907
-28.304202
-27.453048
-26.280539
-24.431433
-22.226402
-19.730500
-16.200032
-12.109620
-8.315359
-4.772288
-1.415355
1.813173
4.763263
7.683379
9.925536
11.962823
14.127323
16.420058
18.911021
21.654027
24.275099
26.006528
27.573960
29.225860
30.580929
31.292779
31.413010
31.145641
30.582462
30.280011
29.785633
29.134410
28.643949
27.714457
25.937728
23.838622
21.706479
19.000428
16.006913
12.993813
10.081019
6.951775
3.687314
0.138112
-3.036772
-5.571331
-7.967097
-10.664463
-13.439485
-16.297102
-18.896886
-21.099193
-23.422241
-25.976726
-28.326511
-30.320031
-32.558271
-33.938033
-34.063884
-33.706767
-33.416067
-32.428503
-31.262125
-30.419827
-29.744761
-28.684650
-27.673074
-26.186875
-24.219240
-22.018126
-19.151483
-15.228135
-11.251654
-7.539647
-3.876175
-0.425918
2.630608
5.513259
8.366619
10.521242
12.583562
14.837980
17.125777
19.804920
22.717714
25.011982
26.706117
28.482676
30.078036
31.052487
31.571559
31.626054
31.272343
30.919143
30.551297
29.910462
29.374361
28.778144
27.466672
25.471279
23.443529
21.044527
17.961434
14.973198
12.050356
8.993319
5.769730
2.396447
-1.058408
-3.942422
-6.321158
-8.958408
-11.630569
-14.234100
-17.047099
-19.485780
-21.794694
-24.128982
-26.723828
-28.934819
-31.040396
-32.985040
-33.982311
-34.057753
-33.780507
-33.089093
-31.866687
-30.683790
-30.078036
-29.245785
-28.223480
-27.215140
-25.583506
-23.381029
-20.932640
-17.593418
-13.539451
-9.674174
-6.003891
-2.489771
0.807387
3.554991
6.600448
9.051561
11.132445
13.202599
15.484606
18.015078
20.831653
23.430245
25.431258
27.015720
28.694698
30.032226
30.877420
31.269448
31.146833
30.704907
30.269112
29.939413
29.448611
28.932435
28.016397
26.288033
24.257217
22.113664
19.533634
16.497033
13.715710
10.936090
7.776022
4.541704
1.055513
-2.145086
-4.807370
-7.038798
-9.641136
-12.330839
-15.061583
-17.809016
-20.122869
-22.393976
-24.975538
-27.411154
-29.523884
-31.715291
-33.356973
-33.952849
-33.757857
-33.318996
-32.467842
-31.198944
-30.333826
-29.577357
-28.584685
-27.635098
-26.319197
-24.541957
-22.368772
-19.765071
-16.122546
-12.002843
-8.248091
-4.517691
-1.194136
1.775197
4.801410
7.667882
9.852818
11.855194
14.044557
16.341039
18.937417
21.781410
24.257387
26.144811
27.681759
29.226371
30.422211
31.095743
31.319346
30.944177
30.613116
30.427660
29.948098
29.283592
28.643608
27.558974
25.593894
23.537874
21.342891
18.426180
15.391963
12.483427
9.533337
6.351130
3.104891
-0.334978
-3.428459
-5.859988
-8.141313
-10.757276
-13.442039
-16.336271
-18.875258
-21.184172
-23.676838
-26.318516
-28.598138
-30.566113
-32.646486
-33.866508
-34.017733
-33.679008
-33.109188
-32.037326
-30.963761
-30.018943
-29.221092
-28.251580
-27.279684
-25.727238
-23.517098
-21.206822
-18.209900
-14.321634
-10.456017
-6.838696
-3.276042
0.075613
3.003563
5.934409
8.555480
10.647093
12.723207
15.060561
17.461777
20.086765
22.997345
25.152649
26.666607
28.275933
29.752425
30.776603
31.236240
31.154156
30.664546
30.291080
29.872656
29.203381
28.628111
28.092350
26.675974
24.590322
22.470781
20.002297
17.036540
14.060225
11.317219
8.286919
5.125999
1.767874
-1.611369
-4.317931
-6.659201
-9.143182
-11.952094
-14.630897
-17.491238
-19.843919
-22.118943
-24.542127
-27.022021
-29.013668
-31.248161
-33.211538
-33.933605
-33.839600
-33.416918
-32.618557
-31.263317
-30.211040
-29.526949
-28.703894
-27.793646
-26.672227
-24.880682
-22.788729
-20.408630
-16.945771
-12.876306
-9.081193
-5.401714
-1.843146
1.180342
4.023824
6.906305
9.346519
11.441537
13.657127
15.938112
18.372536
21.307639
23.999895
25.827203
27.501924
29.170513
30.453546
31.010083
31.335354
31.131847
30.627080
30.265025
29.905183
29.224839
28.679030
27.792624
26.010615
23.917300
21.849019
19.182478
16.068901
13.203962
10.382618
7.168736
3.918239
0.562838
-2.696344
-5.332061
-7.792541
-10.545594
-13.172116
-15.857049
-18.534149
-20.851748
-23.112297
-25.638172
-28.038706
-29.947247
-32.077517
-33.622980
-34.007515
-33.724649
-33.303329
-32.204730
-30.872822
-30.030012
-29.357331
-28.320381
-27.351550
-26.052509
-24.097306
-21.791458
-19.015925
-15.295403
-11.317049
-7.664476
-4.093817
-0.670978
2.277238
5.342790
8.211306
10.321992
12.349401
14.456511
16.720295
19.442695
22.263357
24.557795
26.180574
27.696575
29.368741
30.371121
30.913694
31.086888
30.764682
30.191796
29.869420
29.425451
28.747150
28.220926
27.053016
25.194543
23.152147
20.974193
18.073831
15.214000
12.475593
9.551389
6.319114
3.063338
-0.454528
-3.539664
-6.016663
-8.368492
-10.954823
-13.534171
-16.412735
-19.006899
-21.146706
-23.460729
-26.141746
-28.478759
-30.557769
-32.550437
-33.772843
-33.932584
-33.370256
-32.846587
-31.728574
-30.813387
-30.018262
-29.309137
-28.340306
-27.428695
-25.826863
-23.629495
-21.354130
-18.404893
-14.553922
-10.625975
-6.927592
-3.325939
-0.008856
2.909388
6.029265
8.750132
10.851451
12.953963
15.247379
17.459733
20.102773
22.843054
25.092193
26.904345
28.582471
30.024052
31.061002
31.529665
31.439066
31.012637
30.681576
30.433961
29.905524
29.323442
28.679371
27.287347
25.248357
23.127283
20.659481
17.625093
14.686414
11.674506
8.589029
5.375828
2.056190
-1.384190
-4.238231
-6.587505
-9.155273
-11.858089
-14.586619
-17.455816
-19.791807
-22.110428
-24.676834
-27.248859
-29.348646
-31.340974
-33.301967
-34.204721
-34.177133
-33.790725

