-9.906292
-5.484649
-1.710313
1.802104
5.124467
8.223568
11.214699
13.949530
16.471148
18.948317
21.279539
23.126262
25.107179
27.553524
29.656717
31.052828
31.975848
32.196386
31.885760
31.548228
30.998332
29.924938
29.247829
28.822252
27.804034
26.409796
24.869953
23.099525
21.077394
19.240890
17.391784
15.278373
12.724910
9.641988
5.939688
2.582073
-0.352178
-3.233637
-6.153584
-8.803436
-11.580161
-14.514753
-17.127991
-20.212957
-22.937400
-25.567327
-27.994088
-30.507020
-32.577174
-34.276417
-35.585846
-35.899196
-35.605260
-34.936837
-34.282207
-33.427817
-32.875368
-32.063723
-30.405521
-27.842522
-25.195394
-22.676672
-20.221642
-17.196792
-12.751477
-7.972206
-3.854888
-0.195844
3.315040
6.598064
9.644542
12.567043
15.328952
17.915964
20.283461
22.343227
24.006367
26.097298
28.494596
30.334507
31.484025
32.115323
32.002926
31.593357
31.292949
30.522687
29.517412
28.945378
28.320892
27.135611
25.636469
24.146352
22.167819
20.198141
18.431970
16.384976
14.011179
11.346681
8.110830
4.460641
1.343829
-1.528944
-4.361698
-7.229022
-9.927068
-12.851783
-15.483584
-18.114192
-20.970276
-23.687226
-26.250737
-28.582982
-31.110900
-33.081940
-34.687519
-35.571201
-35.599470
-35.080569
-34.472772
-33.486911
-32.836199
-32.479593
-31.615666
-29.551131
-26.952369
-24.284465
-21.872010
-19.226074
-15.768324
-11.207036
-6.705352
-2.832583
0.826461
4.305158
7.388251
10.425704
13.394356
16.008105
18.408809
20.689113
22.649595
24.462087
26.798589
29.007537
30.469894
31.466143
31.888315
31.697069
31.314577
31.084163
30.103241
29.150418
28.836387
28.165238
26.917968
25.388684
23.635966
21.702562
19.843578
18.066168
15.991756
13.601099
10.728666
7.141999
3.461157
0.421831
-2.410242
-5.212341
-7.984127
-10.688986
-13.491256
-16.079800
-18.971818
-21.985769
-24.624382
-26.981831
-29.425791
-31.847783
-33.570698
-35.090446
-35.657712
-35.625866
-35.119738
-34.499509
-33.607653
-33.135755
-32.636268
-31.200307
-28.811523
-26.099682
-23.675306
-21.203075
-18.386160
-14.408316
-9.578466
-5.205699
-1.411097
2.183744
5.545446
8.589540
11.633975
14.597518
17.061234
19.409997
21.610601
23.373195
25.178194
27.589457
29.655014
31.073434
31.967333
32.067639
31.638486
31.341314
30.884913
29.832976
29.156719
28.737954
27.856316
26.311534
24.759429
23.065976
21.156754
19.290788
17.319577
15.109437
12.567554
9.435075
5.785227
2.304145
-0.635386
-3.435782
-6.361689
-9.103332
-11.838675
-14.550005
-17.157452
-20.177364
-22.930588
-25.290080
-27.829238
-30.285631
-32.281535
-34.069674
-35.273688
-35.753591
-35.520622
-34.875699
-34.287657
-33.493042
-32.999686
-32.230445
-30.525242
-27.970587
-25.336742
-22.696938
-20.129681
-17.079115
-12.791497
-8.052928
-3.901550
-0.253745
3.398316
6.619181
9.572506
12.538092
15.220131
17.579964
20.003319
22.041457
23.806606
25.924274
28.406041
30.295338
31.362261
31.978573
32.013314
31.643425
31.301975
30.544315
29.544490
28.909785
28.407914
27.287517
25.791952
24.238825
22.259780
20.259108
18.429075
16.603470
14.385496
11.762891
8.456196
4.776205
1.488754
-1.363925
-4.222734
-7.004908
-9.717090
-12.516124
-15.161208
-17.823832
-20.779371
-23.314953
-25.884765
-28.392587
-30.872992
-32.872132
-34.612928
-35.609858
-35.775900
-35.317455
-34.751211
-33.993210
-33.277614
-32.934802
-32.023702
-29.954740
-27.289050
-24.665083
-22.194726
-19.678899
-16.220808
-11.540822
-6.849085
-2.953495
0.576292
4.087346
7.164649
10.016305
13.032470
15.694414
18.181631
20.543167
22.486278
24.343388
26.627438
29.021161
30.677489
31.672035
32.197407
32.087905
31.751735
31.380994
30.495099
29.615845
29.114314
28.353589
27.028663
25.488990
23.779188
21.830627
19.988162
18.145016
16.116585
13.621194
10.793550
7.358960
3.822020
0.777755
-2.052784
-4.919256
-7.671969
-10.508299
-13.214179
-15.763044
-18.697466
-21.668673
-24.316311
-26.759761
-29.261793
-31.644447
-33.525229
-35.100494
-35.791227
-35.727705
-35.204206
-34.541913
-33.685480
-32.987595
-32.592501
-31.368222
-28.951679
-26.295185
-23.844242
-21.311896
-18.552712
-14.662232
-10.065522
-5.722216
-1.954011
1.678467
5.176578
8.216415
11.152540
14.045749
16.593763
18.968412
21.260636
23.098162
24.948972
27.288539
29.387985
30.813558
31.722614
32.079220
31.686851
31.324625
30.834845
29.933112
29.036318
28.637818
27.829068
26.409626
24.873699
23.133925
21.213293
19.352777
17.433167
15.099730
12.784175
9.822164
6.123952
2.662454
-0.202656
-2.974272
-5.662101
-8.241279
-10.967255
-14.091219
-16.693047
-19.790275
-22.488832
-24.912357
-27.355296
-30.201503
-32.427481
-34.027270
-35.487754
-35.869735
-35.633189
-35.077844
-34.383195
-33.500876
-33.071552
-32.458816
-30.811344
-28.220075
-25.689602
-23.268121
-20.686218
-17.662219
-13.523442
-8.758136
-4.346030
-0.631980
3.023318
6.182875
9.329489
12.325048
15.192883
17.751115
20.176172
22.318023
24.056605
26.005507
28.495618
30.441284
31.770638
32.347781
32.427481
32.017231
31.612430
31.063897
29.973473
29.378448
28.888157
27.796882
26.280199
24.695907
22.874560
20.854643
18.841709
16.749246
14.506919
11.944090
8.629050
4.874979
1.661096
-1.242161
-4.167216
-7.106236
-9.902886
-12.755735
-15.361139
-18.020868
-21.019152
-23.601225
-26.076862
-28.588091
-31.153645
-33.027615
-34.636770
-35.669804
-35.783734
-35.292080
-34.623487
-33.798558
-32.999516
-32.563550
-31.679698
-29.715470
-27.136973
-24.554048
-22.042138
-19.369466
-16.070264
-11.602640
-6.884507
-2.931186
0.542573
3.904785
7.287775
10.318756
13.333900
15.929426
18.393482
20.711592
22.697449
24.490527
26.651961
29.052326
30.696222
31.637635
32.058443
31.918628
31.561170
31.096765
30.382361
29.468877
29.074124
28.403657
27.090992
25.631530
24.019309
22.116899
20.239183
18.541813
16.565493
14.289107
11.300700
7.756097
4.095861
1.024008
-1.944814
-4.838535
-7.643700
-10.386024
-13.227463
-15.935898
-18.855163
-21.797589
-24.353777
-26.713439
-29.343367
-31.736067
-33.552647
-35.266195
-36.018065
-35.793952
-35.224983
-34.814392
-33.968176
-33.435140
-32.998664
-31.907729
-29.542957
-26.818514
-24.220773
-21.765573
-18.889053
-15.053408
-10.235820
-5.794423
-2.036946
1.489265
4.975625
8.164304
11.075565
14.166151
16.767297
19.225223
21.445581
23.205621
25.146348
27.566126
29.732159
31.222786
32.219716
32.443660
32.004118
31.628609
31.127589
30.219555
29.581785
29.159955
28.202193
26.863473
25.352751
23.604972
21.690301
19.893306
17.982551
15.689135
13.203791
10.020052
6.363562
2.902746
-0.040191
-2.947875
-5.778585
-8.547136
-11.487348
-14.188801
-16.738687
-19.725391
-22.569384
-25.195735
-27.601549
-30.211381
-32.444341
-34.171513
-35.419805
-35.819837
-35.606793
-35.141877
-34.527608
-33.787148
-33.275911
-32.800947
-31.110900
-28.401443
-25.799615
-23.355314
-20.732709
-17.546926
-13.227292
-8.458410
-4.346711
-0.665018
2.809082
6.271601
9.187119
12.314831
15.069246
17.592566
19.898585
21.912030
23.754665
25.910820
28.201682
30.201844
31.446048
32.157217
32.075473
31.768594
31.467676
30.712741
29.769795
29.117891
28.685161
27.688912
26.279858
24.589470
22.669690
20.731177
18.800156
16.790118
14.427900
11.831181
8.590732
4.870892
1.745565
-1.121930
-3.920623
-6.746565
-9.473392
-12.297119
-14.998402
-17.671926
-20.704951
-23.325852
-25.748525
-28.304202
-30.904157
-32.938208
-34.669297
-35.639490
-35.808768
-35.355261
-34.688541
-33.895799
-33.219372
-32.960176
-32.000882
-29.899563
-27.241026
-24.612972
-22.209542
-19.476243
-15.923466
-11.342083
-6.678786
-2.840757
0.759193
4.067251
7.171631
10.232755
13.288430
15.878677
18.361126
20.679065
22.595269
24.453742
26.754141
29.014519
30.817986
31.766381
32.135929
31.967333
31.676292
31.291757
30.353751
29.601029
29.246467
28.500216
27.100188
25.480304
23.783786
21.783965
19.935540
18.108402
15.909842
13.498579
10.502509
6.929125
3.393037
0.470366
-2.349785
-5.227668
-7.986171
-10.683537
-13.427053
-16.040461
-18.976416
-21.898406
-24.449314
-26.927676
-29.686349
-32.033069
-33.797026
-35.309451
-35.926444
-35.774878
-35.214935
-34.470899
-33.648184
-33.201831
-32.555035
-31.211206
-28.763158
-26.196412
-23.660319
-21.032946
-18.093245
-14.097861
-9.350436
-5.028759
-1.390491
2.105066
5.544765
8.610828
11.634486
14.485291
17.008441
19.443035
21.662201
23.448638
25.320394
27.750049
29.840810
31.127589
31.935487
32.087224
31.851700
31.568493
30.841657
29.802322
29.168299
28.670175
27.623347
26.213442
24.775778
22.977591
20.936046
19.065993
17.110109
14.928239
12.368475
9.314333
5.676235
2.340078
-0.573397
-3.494365
-6.254741
-9.027549
-11.742456
-14.527355
-17.104489
-20.179578
-22.916624
-25.472982
-27.963604
-30.649219
-32.577344
-34.376553
-35.622801
-35.793952
-35.491671
-34.941435
-34.208809
-33.387457
-32.995088
-32.314573
-30.472108
-27.766739
-25.095769
-22.529193
-20.047256
-16.879354
-12.516294
-7.842098
-3.837517
-0.194481
3.378221
6.628036
9.636709
12.652533
15.437603
17.989193
20.359414
22.292648
24.058138
26.304552
28.735229
30.554363
31.819854
32.472440
32.321385
31.783751
31.415905
30.595405
29.643433
29.130833
28.591156
27.311700
25.820392
24.172919
22.205114
20.240886
18.529211
16.547782
14.193058
11.508124
8.150169
4.400696
1.227515
-1.624993
-4.561118
-7.417372
-10.296447
-13.196298
-15.817370
-18.516609
-21.526984
-24.249894
-26.678358
-29.181923
-31.654664
-33.340284
-34.916401
-35.758018
-35.734858
-35.254785
-34.687860
-33.751045
-32.999686
-32.608168
-31.628438
-29.350008
-26.657070
-24.170535
-21.720784
-18.982376
-15.254021
-10.642494
-6.060600
-2.256462
1.236371
4.722050
7.798161
10.876826
13.798816
16.298805
18.774952
20.997184
22.888694
24.913720
27.157749
29.337917
30.856814
31.748499
32.209499
31.829051
31.498330
31.053509
30.132362
29.187543
28.716326
28.035470
26.660476
25.195565
23.484571
21.586418
19.695929
17.894166
15.710933
13.428416
10.610308
7.074390
3.529617
0.581230
-2.370221
-5.311114
-8.144379
-10.906458
-13.603824
-16.174827
-19.159998
-22.165435
-24.569205
-26.936190
-29.657909
-31.933955
-33.814056
-35.113267
-35.719531
-35.628591
-34.935134
-34.388644
-33.568655
-33.238445
-32.691104
-31.345231
-28.859377
-26.291779
-23.784637
-21.208184
-18.356017
-14.427389
-9.706191
-5.301578
-1.471043
2.101489
5.506618
8.466755
11.546612
14.410189
16.923462
19.404718
21.703243
23.477929
25.494780
27.807951
29.855967
31.326328
32.133205
32.146318
31.919650
31.699964
31.136956
30.193669
29.576847
29.157570
28.177329
26.678528
25.128296
23.383924
21.465165
19.638879
17.701047
15.450716
12.939828
9.594985
5.855390
2.442598
-0.391517
-3.278596
-6.133659
-8.896249
-11.780432
-14.551708
-17.235109
-20.306451
-22.977250
-25.534289
-28.031383
-30.619417
-32.742023
-34.402098
-35.730260
-36.096573
-35.805021
-35.216808

