28.227397
29.175282
29.268605
28.999022
28.403316
27.685165
27.278151
26.774577
26.002782
25.347301
24.797065
23.459026
21.471296
19.448314
17.115048
14.581340
12.106385
9.195294
6.007978
3.176246
0.875848
-1.558406
-3.776721
-6.120716
-8.968796
-11.589868
-13.827767
-16.074862
-18.361126
-20.217896
-22.035497
-23.888009
-25.348663
-26.268789
-26.931422
-26.937212
-26.689087
-26.535477
-26.431595
-25.997673
-26.220083
-26.929549
-26.708671
-25.694030
-23.652485
-21.927186
-20.649263
-18.986293
-15.948330
-12.461117
-9.276697
-6.117650
-3.179482
-0.668934
1.552446
4.272972
7.397277
10.626657
13.678755
16.403198
18.619810
20.760809
22.830452
24.714811
26.811532
28.464454
29.073272
29.086045
28.763499
28.077534
27.406216
27.020148
26.502439
25.845255
25.337083
24.624211
23.018633
21.022899
19.005367
16.559533
13.990402
11.338166
8.190700
5.022798
2.553122
0.372614
-1.904454
-4.122938
-6.662948
-9.520735
-12.077604
-14.230183
-16.636678
-18.797602
-20.547765
-22.456305
-24.370636
-25.676148
-26.496989
-27.063234
-27.030706
-26.893105
-26.776450
-26.576860
-26.295015
-26.803528
-27.155876
-26.708501
-25.297574
-23.423093
-21.965163
-20.543167
-18.328258
-14.955827
-11.470148
-8.211817
-5.126170
-2.349274
-0.031505
2.576113
5.464894
8.572510
11.661564
14.758962
17.284325
19.539084
21.596295
23.713112
25.719404
27.706964
28.996638
29.367890
29.361078
28.924601
28.054714
27.512993
27.214800
26.613644
25.836570
25.266579
24.276631
22.408962
20.310879
17.934697
15.229157
12.710094
9.965386
6.862027
3.834111
1.609325
-0.754425
-3.144400
-5.305324
-7.881778
-10.574715
-12.928588
-15.206678
-17.448323
-19.406080
-21.174806
-23.138523
-24.847984
-25.902476
-26.699134
-27.079923
-26.886293
-26.687724
-26.515041
-26.208333
-26.158435
-26.703562
-26.788201
-26.040588
-24.336747
-22.380352
-20.946775
-19.509792
-17.051186
-13.502666
-10.237183
-7.001672
-4.068272
-1.429830
0.834124
3.425223
6.200416
9.244851
12.456519
15.373230
17.773935
19.836766
21.987132
24.021864
26.058299
27.973141
28.917108
29.073272
28.893607
28.278487
27.529172
27.194193
26.904004
26.115009
25.469235
24.963788
23.649761
21.581820
19.595282
17.222336
14.672279
12.210948
9.244340
5.997930
3.278255
1.151902
-1.187154
-3.413643
-5.717448
-8.434909
-11.223725
-13.493810
-15.675000
-17.866067
-19.788742
-21.773406
-23.794344
-25.298595
-26.339974
-27.013166
-27.176653
-26.962246
-26.835884
-26.727234
-26.396513
-26.550974
-27.048758
-26.882546
-25.944369
-23.896183
-21.981171
-20.754848
-19.056797
-15.926702
-12.422970
-9.223393
-6.183897
-3.361021
-0.760896
1.521111
4.266671
7.343633
10.584593
13.770546
16.526665
18.707344
20.939963
23.129668
25.051832
27.089119
28.755835
29.424429
29.370955
29.179709
28.392587
27.647700
27.253968
26.692493
25.818689
25.357008
24.588619
22.999048
20.953928
18.878835
16.407456
13.707195
11.015790
8.034025
4.929815
2.352510
0.122275
-2.193962
-4.510539
-6.985664
-9.824378
-12.389762
-14.566013
-16.936404
-19.073146
-20.876612
-22.691829
-24.522543
-25.797742
-26.690960
-27.228934
-27.226039
-26.928527
-26.764359
-26.439769
-26.118074
-26.529006
-26.911667
-26.471274
-25.047575
-22.891419
-21.355152
-20.065819
-17.910174
-14.605692
-11.235816
-8.004904
-4.977499
-2.175059
0.150374
2.554144
5.403416
8.466755
11.606898
14.688117
17.308337
19.527503
21.634953
23.664917
25.635277
27.685506
29.050963
29.336384
29.097455
28.658254
27.780022
27.044160
26.751757
26.167972
25.436027
24.918829
23.897886
22.085735
20.050321
17.899445
15.372208
12.874774
10.229009
7.208926
4.209621
1.818963
-0.407866
-2.681868
-4.957063
-7.621050
-10.406630
-12.788432
-15.026501
-17.294373
-19.245318
-21.035842
-22.955963
-24.826356
-25.972979
-26.695899
-26.996136
-26.854277
-26.677847
-26.562214
-26.237454
-26.230982
-26.691471
-26.789222
-26.238986
-24.682794
-22.800650
-21.373374
-20.051684
-17.576899
-14.065845
-10.744844
-7.549865
-4.522290
-1.846552
0.412805
2.950941
6.030628
9.111507
12.324708
15.451568
17.890930
19.935710
22.168159
24.216345
26.332140
28.125559
29.104778
29.289041
29.175622
28.687375
27.818339
27.315446
26.934658
26.147195
25.428363
25.009087
23.851224
21.863495
19.838980
17.459733
14.807156
12.297801
9.585449
6.342956
3.432717
1.135043
-1.137257
-3.606081
-5.994184
-8.705003
-11.459078
-13.748748
-15.993118
-18.177032
-20.163570
-22.121498
-24.305241
-25.728260
-26.669843
-27.413368
-27.526787
-27.173928
-26.918990
-26.565960
-26.027816
-26.103939
-27.004991
-26.862110
-26.055234
-23.922750
-21.883760
-20.550319
-19.109419
-16.244139
-12.610299
-9.442568
-6.257977
-3.283194
-0.730072
1.593658
4.367317
7.363728
10.507447
13.672624
16.565834
18.687759
20.697117
22.874049
24.895838
26.844229
28.547900
29.438564
29.424088
29.190268
28.283596
27.625561
27.264016
26.928868
26.188578
25.617565
24.916274
23.415600
21.277155
19.249235
16.849552
14.311586
11.522259
8.540835
5.345004
2.690043
0.608649
-1.714230
-3.932033
-6.398473
-9.187630
-11.820282
-14.005729
-16.215869
-18.321787
-20.245995
-22.240707
-24.034977
-25.251763
-26.202032
-26.821750
-26.753971
-26.551315
-26.477405
-26.358025
-26.063408
-26.443686
-26.877267
-26.536499
-25.329079
-23.284980
-21.765743
-20.527840
-18.542664
-15.208891
-11.736836
-8.576768
-5.533695
-2.657516
-0.280993
2.060107
4.917383
8.006096
11.183364
14.224563
16.714334
18.823317
20.945413
23.078067
24.998529
26.973145
28.546027
29.041256
28.878450
28.398718
27.834518
27.205774
26.980128
26.379653
25.702374
25.290080
24.511303
22.820064
20.672253
18.536534
15.938963
13.271741
10.482754
7.491112
4.528250
2.011912
-0.185796
-2.621072
-4.981245
-7.681165
-10.548149
-12.950727
-15.156439
-17.443555
-19.493614
-21.264894
-23.212944
-24.951356
-26.292460
-27.151278
-27.552332
-27.348144
-27.250051
-27.128117
-26.767765
-26.672397
-27.229275
-27.458497
-26.857342
-25.132384
-23.075512
-21.526643
-20.021711
-17.435380
-13.794899
-10.527713
-7.292543
-4.040003
-1.274007
0.887258
3.508840
6.495203
9.701082
12.852294
15.982219
18.439634
20.576034
22.649424
24.710212
26.650088
28.595073
29.692650
29.807602
29.525416
28.939928
28.122323
27.452026
27.155536
26.369776
25.655883
25.071587
23.720605
21.655219
19.507919
17.068727
14.393841
11.836801
8.887053
5.610500
2.751180
0.483479
-1.805340
-4.091433
-6.544590
-9.381090
-12.065002
-14.314822
-16.517299
-18.659830
-20.475388
-22.308997
-24.386644
-25.879826
-26.919501
-27.558804
-27.618238
-27.327367
-27.124541
-26.811191
-26.396854
-26.650429
-27.086735
-26.863643
-25.821073
-23.816824
-21.950858
-20.496334
-18.755368
-15.681812
-12.118135
-8.875132
-5.773817
-2.960478
-0.605413
1.709632
4.492487
7.671288
10.694776
13.840369
16.711610
18.830810
20.830631
22.998878
25.067670
27.126074
28.801475
29.431581
29.390710
28.983014
28.351375
27.456284
27.215140
26.665926
25.911672
25.308473
24.568524
23.064784
21.016257
18.793004
16.368287
13.796261
11.186089
8.091075
5.030973
2.553122
0.319481
-2.018213
-4.409722
-6.888083
-9.605714
-12.124607
-14.495509
-16.883612
-19.040959
-20.984071
-22.984062
-24.883236
-26.104450
-26.952369
-27.537857
-27.480466
-27.310337
-27.179037
-26.947260
-26.683637
-27.140890
-27.471610
-26.928697
-25.543656
-23.509094
-21.845784
-20.585060
-18.409320
-15.033313
-11.556489
-8.311101
-5.277566
-2.454860
-0.027929
2.420289
5.419595
8.544411
11.840037
15.067884
17.703431
19.933496
21.999053
24.116891
26.112625
28.082814
29.540743
29.881682
29.851198
29.259920
28.359549
27.754988
27.429036
26.660136
25.884765
25.369099
24.348838
22.490365
20.326546
17.951557
15.458379
12.804610
9.854010
6.660734
3.716264
1.400198
-0.912803
-3.160919
-5.437647
-8.166347
-11.081866
-13.547795
-15.788760
-18.120153
-20.003148
-21.792480
-23.845604
-25.473663
-26.607173
-27.407578
-27.681930
-27.330773
-27.088778
-26.933636
-26.515552
-26.387828
-26.859045
-26.873520
-26.089294
-24.283273
-22.378138
-21.039588
-19.604989
-16.883782
-13.256243
-9.924344
-6.790331
-3.806693
-1.205717
1.066753
3.677266
6.627526
9.900672
13.046776
16.008786
18.248388
20.315307
22.546053
24.565288
26.502950
28.312887
29.174771
29.191630
28.857504
28.243065
27.433804
27.006694
26.579925
25.796039
25.254829
24.785825
23.483719
21.432808
19.444908
17.060382
14.397246
11.824199
8.878538
5.816562
3.200940
0.907353
-1.407351
-3.651040
-6.127528
-9.016820
-11.677401
-13.809204
-16.074351
-18.315145
-20.211424
-22.151811
-24.104118
-25.565624
-26.478767
-27.132034
-27.201005
-26.970080
-26.888166
-26.588440
-26.273727
-26.526281
-27.151959
-26.982171
-26.005677
-24.039064
-22.342886
-21.015917
-19.132410
-15.799659
-12.360130
-9.201084
-5.989756
-3.161601
-0.704697
1.714911
4.695143
7.871049
11.014768
14.219454
16.976254
19.161531
21.317516
23.392098
25.363820
27.426481
29.028143
29.583999
29.544149
29.211215
28.358528
27.543988
27.137484
26.646852
25.982857
25.512832
24.674279
22.994620
20.949670
18.736294
16.122375
13.625281
10.945456
7.800204
4.531486
2.040522
-0.229733
-2.583776
-4.915340
-7.490771
-10.377850
-12.862853
-15.084233
-17.390251
-19.442865
-21.134785
-23.057290
-24.964299
-26.131698
-26.861600
-27.335712
-27.167456
-26.789563
-26.639530
-26.309490
-26.231153
-26.765551
-27.060338
-26.492051
-24.927344
-22.903851
-21.283627
-19.943544
-17.614876
-14.094966
-10.708911
-7.550035
-4.496404
-1.773153
0.477859
3.035750
6.033693
9.103332
12.132100
15.169552
17.596313
19.599540
21.673271
23.761136
25.811706
27.705772
28.968198
29.143265
28.894458
28.404508
27.497666
27.007716
26.716334
25.968381
25.321075
24.785485
23.765223
22.058317
19.903183
17.561913
14.984778
12.376308
9.654931
6.435599
3.581217
1.327140
-0.898157
-3.276042
-5.602666
-8.218459
-11.021239
-13.283832
-15.495164
-17.647232
-19.560541
-21.314280
-23.386308
-24.903331
-25.867053
-26.606492
-26.941299
-26.679380
-26.586226
-26.476213
-26.187386
-26.193687
-26.693344
-26.762315
-26.125056
-24.424791
-22.452048
-21.042313
-19.606182
-16.939640
-13.437271
-10.037082
-6.895747
-3.963198
-1.219681
0.999485
3.648826
6.499290
9.684563
12.764250
15.771900
18.067530
20.227092
22.490365
24.544682
26.527643
28.310674
29.312372
29.494081
29.242209
28.623172
27.765887
27.452878
27.137143
26.343209
25.739159
25.209699
23.737294
21.639381
19.377981
16.954797
14.474392
11.885507
8.845840
5.714212
2.914837
0.587021
-1.776729
-4.080193
-6.457056
-9.234122
-11.932339
-14.178412
-16.411543
-18.620321
-20.522390
-22.386823
-24.342367
-25.765044
-26.885271
-27.557952
-27.578388
-27.189425
-27.045522
-26.777131
-26.361602
-26.586567
-27.029855
-26.796886
-25.664909
-23.576021
-21.827902
-20.562070
-18.779039
-15.621015
-11.949369
-8.684226
-5.558389
-2.674035
-0.256300

