-21.985258
-24.448974
-26.818514
-29.409272
-31.740665
-33.529486
-35.217149
-35.924741
-35.895620
-35.218171
-34.621443
-33.812523
-33.118214
-32.784428
-31.490326
-29.104267
-26.460205
-23.843901
-21.284137
-18.705981
-14.925344
-10.175364
-5.631617
-1.907519
1.699243
5.072015
8.156640
11.185408
14.013393
16.670227
19.088302
21.377972
23.113830
25.054557
27.251754
29.463257
31.018257
31.956264
32.139335
31.894786
31.421014
30.782393
29.901947
29.141392
28.729779
27.726207
26.395832
24.948631
23.179395
21.252632
19.428560
17.573152
15.441350
13.027702
10.151523
6.623098
3.226485
0.226327
-2.676759
-5.542210
-8.270059
-11.152370
-14.054094
-16.509635
-19.421918
-22.208691
-24.885109
-27.298246
-29.966661
-32.146999
-33.985036
-35.329035
-35.741159
-35.581929
-35.016196
-34.454550
-33.530167
-32.937186
-32.501902
-31.099319
-28.583322
-25.981324
-23.531403
-21.065644
-17.955644
-13.870341
-9.095498
-4.838705
-1.197883
2.459799
5.792379
8.830343
11.876140
14.822653
17.359938
19.818204
21.938256
23.753473
25.839295
28.173242
30.098132
31.483003
32.250541
32.238620
31.927824
31.630823
31.015192
29.976879
29.153313
28.624024
27.604955
26.175124
24.672747
22.736617
20.857538
18.948827
16.896725
14.636346
12.139423
8.956535
5.194630
1.796995
-1.069478
-3.831216
-6.669419
-9.493828
-12.302739
-15.029907
-17.704793
-20.678554
-23.444891
-25.758914
-28.196403
-30.780009
-32.709837
-34.371785
-35.409587
-35.727876
-35.228729
-34.620592
-33.834491
-33.065421
-32.742023
-32.056059
-30.138663
-27.375902
-24.829762
-22.353104
-19.797257
-16.445773
-12.239729
-7.489238
-3.390823
0.261239
3.682716
6.805147
9.856735
12.864726
15.576397
17.908641
20.250593
22.239855
23.991210
26.117052
28.428350
30.178002
31.308958
31.824793
31.680890
31.361580
31.076499
30.229432
29.301814
28.793641
28.316975
27.174950
25.576183
23.978949
22.102083
20.276138
18.442529
16.433511
14.133283
11.370863
7.899148
4.226140
1.182726
-1.586335
-4.508666
-7.320472
-9.962661
-12.788262
-15.342576
-18.085071
-21.119458
-23.636648
-26.013851
-28.620107
-31.030859
-32.916410
-34.505810
-35.444668
-35.636595
-35.181556
-34.491675
-33.849648
-33.248663
-32.791921
-31.727893
-29.531888
-26.977403
-24.428027
-21.882738
-19.249235
-15.605518
-10.968617
-6.432363
-2.617836
0.940732
4.374129
7.607085
10.759320
13.547284
16.118629
18.501111
20.861115
22.818872
24.560690
26.860237
29.155697
30.717339
31.705073
32.009908
31.757866
31.490667
31.004122
30.139174
29.345751
29.075486
28.308971
26.970250
25.500911
23.864337
21.857194
19.807816
17.921243
15.817710
13.413429
10.595492
7.025685
3.384011
0.412975
-2.545289
-5.392177
-8.085285
-10.764939
-13.708898
-16.195093
-19.037724
-21.886315
-24.398906
-26.881354
-29.435498
-31.745774
-33.614295
-35.293273
-35.903284
-35.900388
-35.173893
-34.614972
-33.724478
-33.103568
-32.682759
-31.385251
-29.046535
-26.253973
-23.658105
-21.155051
-18.385138
-14.405761
-9.623766
-5.312307
-1.427957
2.166884
5.491802
8.566380
11.450393
14.236825
16.898768
19.391945
21.515744
23.322616
25.253466
27.664559
29.733351
31.102555
31.924077
32.202516
31.824282
31.442472
31.018598
30.046701
29.355969
28.807776
27.799095
26.469571
24.903161
23.027488
21.005188
19.197464
17.331157
15.160527
12.601444
9.540319
5.832740
2.472912
-0.427791
-3.172329
-6.023986
-8.794580
-11.602981
-14.400312
-16.997371
-19.793000
-22.650106
-25.174618
-27.585200
-30.255658
-32.379287
-34.018925
-35.368715
-35.732814
-35.473108
-34.960168
-34.234694
-33.317464
-32.826321
-32.322236
-30.664206
-28.034789
-25.320734
-22.837945
-20.337275
-17.227445
-13.002157
-8.171456
-4.121746
-0.451122
3.033536
6.292377
9.247065
12.353659
15.098878
17.595632
19.951888
21.975040
23.780380
25.811195
28.201512
30.074120
31.377077
32.141549
32.153470
31.770979
31.466484
30.694178
29.571908
28.856652
28.370959
27.268614
25.823797
24.245807
22.428036
20.402159
18.612487
16.710418
14.429774
11.794908
8.672646
5.012921
1.807383
-1.013109
-3.973757
-6.672995
-9.502002
-12.285028
-14.896052
-17.629010
-20.811047
-23.378304
-25.868416
-28.542110
-30.989647
-32.889673
-34.590619
-35.636595
-35.746779
-35.370588
-34.774372
-33.975840
-33.320870
-32.975333
-32.130139
-30.058622
-27.471440
-24.883917
-22.424800
-19.748552
-16.367095
-11.897939
-7.278408
-3.373963
0.413145
3.890310
7.062129
10.164465
13.118471
15.862329
18.250261
20.458187
22.523233
24.329424
26.525429
28.869084
30.657053
31.761953
32.381160
32.341651
31.963757
31.233685
30.229943
29.184137
28.876066
28.342690
27.001245
25.386640
23.683310
21.809850
19.846644
17.915113
15.768494
13.405766
10.515962
7.086822
3.509521
0.638110
-2.174377
-5.067587
-7.881948
-10.714190
-13.571467
-16.088145
-18.976927
-21.788563
-24.193185
-26.692663
-29.200826
-31.554529
-33.099651
-34.543787
-35.236733
-35.141536
-34.545660
-33.911637
-33.004625
-32.348463
-31.805379
-30.614308
-28.308460
-25.650263
-23.212092
-20.853622
-18.114873
-14.463152
-9.731565
-5.369357
-1.716954
1.700265
5.003214
7.997922
10.898284
13.598204
16.146047
18.526145
20.700863
22.419521
24.335214
26.726382
28.884922
30.235393
31.004293
31.313215
31.019960
30.748333
30.241694
29.336895
28.684480
28.349331
27.486426
26.240689
24.909122
23.257562
21.262850
19.495147
17.704964
15.636853
13.221843
10.244165
6.668397
3.340074
0.320503
-2.577816
-5.511897
-8.135012
-10.990926
-13.741766
-16.341039
-19.309861
-22.203411
-24.724858
-27.301311
-29.877254
-32.073430
-34.105437
-35.521133
-35.955736
-35.702331
-35.177810
-34.517561
-33.700296
-33.311844
-32.831090
-31.270981
-28.839282
-26.110751
-23.614509
-20.936728
-17.938784
-13.619832
-8.725609
-4.564013
-0.989097
2.681868
6.092616
9.155784
12.279238
15.201398
17.830985
20.377125
22.526298
24.367741
26.451860
28.849159
30.715295
31.961032
32.774040
32.754626
32.422543
32.004799
31.166417
30.270304
29.684986
29.111419
27.922562
26.387828
24.655206
22.718225
20.750591
18.959045
16.945090
14.459235
11.712824
8.232083
4.373278
1.077822
-1.867669
-4.831723
-7.599763
-10.381086
-13.295071
-15.923466
-18.630539
-21.633932
-24.353947
-26.673760
-29.059819
-31.514508
-33.435311
-35.026755
-35.851342
-36.007166
-35.467318
-34.893921
-34.086364
-33.171177
-32.780852
-31.792266
-29.595239
-26.851211
-24.294002
-21.909475
-19.095795
-15.502828
-10.834081
-6.250824
-2.348764
1.306023
4.822356
7.995708
10.897432
13.891118
16.493286
18.848351
21.061046
23.039409
24.761302
27.026790
29.175963
30.858346
31.822579
32.159090
31.838417
31.502928
31.149047
30.333485
29.536486
28.954574
28.319189
27.038029
25.466851
23.620810
21.804571
19.821950
17.950705
15.707527
13.426713
10.567563
6.984813
3.374645
0.373466
-2.554825
-5.443266
-8.224930
-11.047125
-13.799667
-16.285692
-19.148758
-22.146021
-24.696929
-27.151959
-29.671873
-32.135929
-33.808095
-35.283225
-35.967316
-35.959652
-35.393408
-34.721238
-33.887454
-33.316272
-32.898528
-31.581436
-29.100350
-26.458161
-23.949657
-21.395343
-18.453598
-14.355523
-9.601286
-5.079848
-1.159225
2.429656
5.679471
8.813313
11.822837
14.672279
17.291307
19.759621
21.994455
23.812056
25.745460
27.939251
30.083997
31.489134
32.294648
32.446555
32.224655
31.951155
31.246798
30.086892
29.342345
28.914724
27.788367
26.275941
24.615015
22.728613
20.659310
18.657957
16.694069
14.403718
11.931998
8.640630
4.901205
1.534905
-1.315219
-4.191058
-7.081032
-9.809562
-12.579986
-15.316861
-17.827920
-20.779201
-23.419006
-25.766747
-28.237786
-30.869586
-32.735552
-34.308263
-35.344703
-35.556555
-34.978219
-34.214428
-33.466646
-32.658066
-32.170500
-31.357322
-29.449633
-26.798078
-24.198294
-21.695239
-19.103118
-15.892642
-11.553253
-6.915501
-2.966949
0.457593
3.798349
6.878035
9.902205
12.750796
15.303748
17.744643
19.965683
21.784646
23.466008
25.601557
27.999708
29.844216
30.938387
31.495265
31.411648
31.108175
30.773708
29.919147
29.031209
28.645311
28.042282
26.764870
25.321586
23.802178
21.852936
19.943714
18.218075
16.233751
13.980695
11.282648
7.949046
4.434075
1.402753
-1.493863
-4.401718
-7.162264
-9.795938
-12.541158
-15.149287
-17.895188
-20.920549
-23.589815
-26.038204
-28.672389
-31.104599
-33.104590
-34.875870
-35.748141
-35.800082
-35.288504
-34.749508
-34.062351
-33.393928
-32.973460
-32.022681
-29.805388
-27.071578
-24.490186
-22.083010
-19.440140
-15.691689
-11.128528
-6.661075
-2.863918
0.797680
4.342113
7.555996
10.563305
13.442721
16.192879
18.741574
21.102599
23.043496
25.104455
27.453729
29.799598
31.339611
32.423905
32.830579
32.483339
32.145296
31.655857
30.742543
29.947758
29.407740
28.599160
27.248519
25.752953
23.977757
21.944046
20.038741
18.147741
15.889747
13.376474
10.390622
6.612028
2.932719
-0.090088
-3.026554
-5.866289
-8.732421
-11.649472
-14.432669
-17.127480
-20.042488
-23.005520
-25.561878
-28.011799
-30.587571
-32.834155
-34.742355
-36.017214
-36.523002
-36.313874
-35.629954
-34.866674
-33.891542
-33.295836
-32.668284
-31.071901
-28.481313
-25.709016
-23.193359
-20.657267
-17.556293
-13.409683
-8.571999
-4.367147
-0.555515
2.983979
6.239925
9.246724
12.278387
15.205826
17.774275
20.021541
22.094420
23.865529
25.819881
28.190272
30.098472
31.419822
32.145126
32.142230
31.568663
31.198774
30.577694
29.484885
28.902122
28.537682
27.455943
26.073796
24.611439
22.737980
20.842552
19.133772
17.218419
15.016794
12.579135
9.473903
5.772625
2.336332
-0.467300
-3.433568
-6.306342
-9.047815
-11.882101
-14.491592
-17.074347
-20.160675
-23.159810
-25.670018
-28.119087
-30.813047
-32.772166
-34.274033
-35.628421
-35.938876
-35.710164
-35.110882
-34.325463
-33.747128
-33.427136
-32.824448
-30.948435
-28.429202
-25.825160
-23.368597
-20.795039
-17.395530
-12.995175
-8.292368
-4.208939
-0.566244
2.975975
6.279775
9.413447
12.512718
15.325035
17.806292
20.479986
22.588968
24.293831
26.600361
28.997830
30.811174
31.982660
32.761948
32.683270
32.482318
32.106979
31.215634
30.195372
29.747146
29.228926
27.957133
26.463951
24.892432
22.897039
20.930937
18.960408
16.814641
14.407464
11.578798
8.161238
4.395587
1.222917
-1.618692
-4.678624
-7.660559
-10.442563
-13.266291
-16.007423
-18.810545
-21.751097
-24.280378
-26.653324
-29.300962
-31.803676
-33.528124
-35.209145
-35.983154
-35.867691
-35.300085
-34.661123
-33.926964
-33.240999
-32.863106
-31.694514
-29.472794
-26.810340
-24.189438
-21.612474
-18.976075
-15.247549
-10.592086
-6.060089
-2.200433
1.355580
4.852499
7.952622
10.979857
13.882262
16.346829
18.726587
20.998205
22.686039
24.452039
26.790074
29.030868
30.598811
31.500033
31.769787
31.470912
31.144449
30.662162
29.763154
29.017414
28.610740
27.784790
26.457821
24.929217
23.366553
21.370479
19.430944
17.666987
15.547276
13.128008

