-32.383885
-29.937369
-27.277470
-24.505683
-21.430595
-17.788240
-14.405421
-10.723046
-6.995201
-3.021274
0.597749
4.303966
7.736342
10.652712
14.110293
18.000773
21.622181
24.950504
27.926649
30.240161
32.585008
35.005638
36.928313
37.898847
38.770097
39.366654
39.311137
38.895266
38.053308
36.588737
34.690244
33.001729
30.917440
28.543643
25.902135
23.280382
20.613159
17.917156
14.545577
10.788270
7.013423
3.324747
-0.454187
-4.045452
-7.201774
-10.789973
-14.309713
-17.555611
-20.838124
-23.952212
-26.345423
-28.279509
-30.416931
-32.718011
-34.648691
-36.081246
-36.781345
-37.126541
-37.525892
-37.785428
-37.563358
-37.268911
-36.794628
-35.400220
-33.751896
-31.637635
-29.202700
-26.454926
-23.768970
-20.437411
-16.894511
-13.228655
-9.400845
-5.603858
-1.770088
1.887764
5.654778
9.020056
11.967761
15.404224
19.279208
22.749390
25.879826
28.637137
31.091826
33.367361
35.626888
37.118367
37.999323
38.957596
39.317778
38.982289
38.490636
37.601505
35.803488
33.920492
32.168286
30.063561
27.590990
24.967023
22.210564
19.614356
16.781773
13.212136
9.454148
6.001166
2.463886
-1.380273
-4.940714
-8.072512
-11.501823
-14.929090
-18.000092
-21.297250
-24.142776
-26.335205
-28.345585
-30.573777
-32.743386
-34.595898
-35.940409
-36.611216
-36.897830
-37.152427
-37.306717
-37.123305
-36.766018
-36.099468
-34.834487
-33.253942
-31.161308
-28.577702
-25.836059
-23.062570
-19.636324
-16.057491
-12.491771
-8.877856
-4.928282
-1.224109
2.458606
6.058216
9.039811
12.120690
15.878337
19.819226
23.203918
26.329075
29.051134
31.511784
33.760241
36.018235
37.493876
38.492169
39.313350
39.462532
39.164850
38.648673
37.495068
35.582440
33.858844
32.097272
29.799257
27.234214
24.679048
21.904877
19.213983
16.203438
12.501308
8.756263
5.338703
1.534394
-2.268382
-5.546297
-8.720841
-12.245689
-15.851430
-19.110952
-22.340843
-25.063242
-27.164221
-29.219219
-31.547546
-33.826147
-35.650560
-36.771297
-37.163666
-37.433079
-37.849631
-37.863765
-37.430184
-36.994559
-35.983154
-34.551961
-32.807589
-30.346768
-27.766398
-25.058133
-22.015912
-18.365043
-14.739718
-11.128528
-7.467951
-3.617321
0.156164
3.703833
7.187128
10.333572
13.665812
17.491749
21.111965
24.377959
27.393614
29.897860
32.262121
34.685135
36.635569
37.699938
38.541045
39.239611
39.300748
38.965089
38.078172
36.603383
34.685816
32.972779
31.094892
28.609548
25.991201
23.409298
20.624569
17.854656
14.595645
10.923318
7.387740
3.839220
0.067779
-3.517866
-6.512744
-9.876490
-13.424158
-16.716548
-19.823483
-23.025104
-25.704759
-27.693169
-29.747997
-32.057762
-34.051623
-35.633360
-36.574602
-36.864281
-37.301779
-37.550415
-37.371942
-36.925248
-36.567109
-35.383361
-33.856460
-31.831435
-29.329402
-26.703732
-24.006878
-20.842722
-17.328773
-14.028890
-10.373081
-6.646940
-2.709627
0.845364
4.565716
7.976123
10.952950
14.340878
18.071788
21.781240
25.037357
27.877603
30.277967
32.690082
35.105773
36.815235
37.974971
38.879939
39.368868
39.220537
38.667066
37.730081
36.224467
34.438883
32.677480
30.662673
28.128113
25.675808
23.002454
20.252637
17.481702
14.204468
10.318075
6.719487
3.316743
-0.566074
-4.051924
-7.261038
-10.780607
-14.247724
-17.521722
-20.886489
-24.041959
-26.358196
-28.297050
-30.462401
-32.851866
-34.816776
-36.304338
-36.965098
-37.284919
-37.558079
-37.807907
-37.601505
-37.231445
-36.658730
-35.395622
-33.664703
-31.603234
-29.033933
-26.332651
-23.568017
-20.146881
-16.457864
-12.934208
-9.151867
-5.284888
-1.638617
2.087525
5.864075
9.101629
12.109961
15.765769
19.685371
23.217201
26.321241
29.040745
31.401600
33.754621
36.143235
37.481444
38.403443
39.212023
39.503404
39.112227
38.698741
37.513971
35.709654
33.841303
31.956775
29.750211
27.154003
24.573973
21.829265
19.238847
16.418695
12.804610
8.967434
5.535739
1.787458
-2.178805
-5.637748
-8.741106
-12.242453
-15.666485
-18.879345
-22.080285
-25.006022
-27.046885
-28.994935
-31.294823
-33.523185
-35.141366
-36.291395
-36.722081
-36.965098
-37.391015
-37.355082
-37.174055
-36.727020
-35.795995
-34.418106
-32.866512
-30.454227
-27.899402
-25.335380
-22.471632
-18.835919
-15.324695
-11.717422
-7.872581
-3.979887
-0.215428
3.428970
6.857600
9.830168
12.968949
16.770193
20.480156
23.899249
26.913030
29.565777
31.823601
34.153121
36.075967
37.214586
38.282701
39.068801
39.169107
38.879088
38.159915
36.880459
34.899712
32.961879
31.232664
28.910296
26.373523
23.950168
21.423612
18.828767
15.821627
12.256418
8.529595
4.739932
0.894751
-2.846037
-5.811112
-8.946146
-12.523958
-16.021218
-19.295727
-22.407940
-25.019135
-27.056081
-29.112101
-31.425783
-33.718007
-35.368715
-36.392893
-36.674397
-37.021126
-37.436826
-37.444319
-37.238428
-36.912986
-35.953522
-34.664358
-32.797541
-30.281884
-27.808121
-25.069884
-21.985940
-18.269675
-14.721325
-11.149304
-7.347039
-3.517015
0.147649
3.889288
7.315023
10.553939
13.966901
17.801012
21.536521
24.774245
27.698278
30.244589
32.516377
35.077163
36.977359
38.031169
38.910764
39.571183
39.449930
38.971220
38.147484
36.642892
34.788847
33.126559
31.117031
28.664895
26.203224
23.633923
20.884275
17.998900
14.654909
10.841744
7.286242
3.721033
-0.131641
-3.668581
-6.829500
-10.357244
-13.885328
-17.103979
-20.373719
-23.586580
-25.979451
-27.957984
-30.191626
-32.546009
-34.638303
-36.138807
-36.834989
-37.334136
-37.833282
-38.182565
-37.893908
-37.600483
-36.971739
-35.614286
-34.053837
-31.963927
-29.433795
-26.733194
-23.942164
-20.512342
-16.986813
-13.495002
-9.625810
-5.652394
-1.796654
1.968827
5.777052
9.048155
12.077945
15.721832
19.628320
23.266077
26.469912
29.424599
31.705243
34.136261
36.517382
37.954024
38.709300
39.610182
39.955888
39.561135
38.982119
37.841116
36.014829
34.144947
32.258715
29.930728
27.231148
24.534123
21.647726
18.860102
15.975918
12.321302
8.474929
4.870551
1.058919
-2.645935
-5.951779
-9.110144
-12.616260
-16.018493
-19.278356
-22.475209
-25.172915
-27.105468
-28.965984
-31.222446
-33.318315
-35.121271
-36.283221
-36.715610
-36.964417
-37.303652
-37.218162
-36.840950
-36.391531
-35.424232
-33.977372
-32.202346
-29.978582
-27.228934
-24.567842
-21.635975
-18.183844
-14.673812
-11.043549
-7.379225
-3.582409
-0.104734
3.454515
6.990092
9.961128
13.106550
16.848019
20.578929
23.824147
26.607173
29.292447
31.614644
34.021480
35.986389
37.228550
38.193124
39.044278
39.095708
38.608483
38.017545
36.666734
34.757171
33.005817
31.294823
28.870276
26.365348
23.656232
21.011829
18.192359
14.952081
11.168718
7.554804
4.147802
0.420638
-3.168753
-6.563493
-9.837832
-13.404233
-16.861473
-20.236458
-23.320062
-25.973831
-27.924776
-30.158247
-32.409770
-34.490824
-36.089931
-37.039178
-37.386077
-37.700619
-37.940570
-37.777594
-37.371090
-36.723784
-35.442454
-33.833299
-31.867538
-29.289382
-26.511805
-23.667812
-20.518303
-16.751119
-13.151509
-9.487356
-5.743333
-1.930509
1.792056
5.469663
8.801222
11.787755
15.167168
18.985271
22.469248
25.576353
28.398207
30.787161
33.126388
35.387278
37.125008
38.158212
38.973093
39.207595
38.988761
38.482121
37.454196
35.712208
33.795152
32.073941
29.949631
27.376584
24.655376
22.087949
19.509281
16.714505
13.354336
9.735482
6.344659
2.763612
-1.166889
-4.599094
-7.592780
-11.089700
-14.557157
-17.770699
-21.029370
-24.041789
-26.280028
-28.196573
-30.462572
-32.592160
-34.589938
-35.939728
-36.505631
-36.702326
-37.054845
-37.283216
-37.035431
-36.694663
-36.064386
-34.670319
-33.083303
-30.919313
-28.266736
-25.648900
-22.975547
-19.539254
-15.988350
-12.403556
-8.734805
-4.747936
-0.935963
2.659048
6.181172
9.214197
12.334926
15.966552
19.715003
23.083857
26.207992
28.913532
31.202180
33.538852
35.654306
36.934103
37.722417
38.498810
38.655826
38.442441
37.813868
36.569153
34.796340
32.987254
31.188216
28.953382
26.551144
24.219240
21.762337
19.135645
16.257082
12.727806
9.095498
5.758830
2.058915
-1.582588
-4.627875
-7.871730
-11.488029
-14.939649
-18.201045
-21.577052
-24.369614
-26.389020
-28.478077
-30.883891
-33.194338
-35.001040
-36.138807
-36.670140
-37.218843
-37.790707
-37.935461
-37.612574
-37.244218
-36.349978
-34.949609
-33.232995
-31.014681
-28.474331
-25.793655
-22.848504
-19.188608
-15.724557
-11.968272
-8.060932
-4.022462
-0.230755
3.515312
7.202114
10.550874
13.922623
17.913580
21.880524
25.361606
28.413023
31.036820
33.533914
35.929339
37.869215
38.953849
39.942775
40.699414
40.595531
39.978198
39.004428
37.408045
35.379955
33.528975
31.441961
28.898886
26.127441
23.361444
20.343236
17.447642
14.043706
9.971516
6.128209
2.466440
-1.439878
-5.119869
-8.431332
-11.826924
-15.390771
-18.665791
-21.877970
-24.980477
-27.292286
-29.074975
-31.116179
-33.255305
-35.041571
-36.471742
-37.192787
-37.283727
-37.496090
-37.497963
-37.114280
-36.584650
-35.820859
-34.466130
-32.726867
-30.645302
-28.132541
-25.354624
-22.585733
-19.349541
-15.752656
-12.137720
-8.491278
-4.801410
-1.039846
2.481597
6.086145
9.312119
12.276173
15.676532
19.389732
22.797414
25.730814
28.367724
30.651263
32.854932
35.105433
36.535944
37.543944
38.365807
38.654123
38.370405
37.915536
36.963735
35.250868
33.332620
31.606300
29.533761
27.076517
24.643626
21.997690
19.405910
16.633272
13.207027
9.323018
5.914654
2.428464
-1.479047
-4.764795
-7.801056
-11.337314
-14.746189
-17.907790
-21.179404
-24.089302
-26.241200
-28.260265
-30.553852
-32.800947
-34.662145
-36.010742
-36.774533
-37.098272
-37.690742
-37.926435
-37.743534
-37.445171
-36.606107
-35.221747
-33.618382
-31.629801
-29.035125
-26.274579
-23.431608
-19.910676
-16.046762
-12.575047
-8.760520
-4.830871
-0.947203
2.913816
6.413289
9.562629
12.712990
16.585078
20.408290
23.941313
27.153662
29.915742
32.383885
34.815073
36.944832
38.272824
39.185626
40.014642
40.225131
39.884703
39.286613
37.961687
35.912820
34.232140
32.363960
29.832976
27.214629
24.561371
21.750757
18.874237
15.791655
11.925357
8.193254
4.566397
0.651053
-3.305844
-6.573371
-9.859289
-13.518674
-16.919885
-20.135301
-23.391076
-26.083503
-28.196573
-30.219895
-32.525233
-34.707444
-36.286627
-37.313529
-37.698065
-37.828684
-38.184949
-38.177456
-37.724801
-37.155662
-36.213398
-34.636940
-32.671520
-30.101197
-27.322769
-24.519307
-21.411691
-17.716714
-14.203957
-10.519028
-6.577628
-2.668074
1.045295
4.653931
8.154937
11.160885
14.544725
18.259968
21.866049
25.134768
28.181076
30.573606
32.895293
35.243205
37.124498
38.231100
39.024694
39.724793
39.664848
39.232288
38.468838
36.839247
34.872975
33.128943
31.013148
28.425455
25.895153
23.316315
20.640407
17.835924
14.574017
10.738543
7.086311
3.514971
-0.312839
-3.910235
-7.056849
-10.434730
-14.011008
-17.407451
-20.549979
-23.810012
-26.365008
-28.260776
-30.432258
-32.768079

