-5.631787
-8.770057
-12.297119
-15.693733
-18.962962
-22.272893
-25.139536
-27.185338
-29.127598
-31.283583
-33.650058
-35.399199
-36.515338
-36.920990
-37.110533
-37.508862
-37.520102
-37.247283
-36.919287
-36.065749
-34.560306
-32.872813
-30.566624
-27.965988
-25.150435
-22.389889
-18.961940
-15.482903
-11.892659
-8.055823
-4.215581
-0.576292
3.037623
6.587676
9.710448
12.789113
16.552210
20.345620
23.693017
26.652983
29.260772
31.585353
33.953360
36.026580
37.286963
38.131986
38.935798
39.175238
38.753407
38.171325
37.054505
35.166911
33.342498
31.547035
29.312372
26.941299
24.357523
21.794353
19.148248
16.208206
12.427568
8.667707
5.259003
1.418420
-2.245392
-5.539996
-8.726120
-12.214524
-15.646560
-18.889904
-22.168159
-24.864844
-26.865346
-28.959342
-31.237773
-33.392395
-35.129275
-36.223957
-36.897489
-37.241152
-37.713051
-37.723439
-37.489619
-37.059784
-36.063535
-34.535783
-32.810484
-30.477388
-27.749368
-25.072268
-22.237301
-18.679925
-15.068735
-11.414630
-7.649660
-3.830705
0.012943
3.762586
7.242646
10.154758
13.497046
17.319918
21.164417
24.416787
27.474506
30.180897
32.493898
34.845046
36.744901
38.009882
38.923536
39.607968
39.580209
39.197206
38.477523
37.036112
35.086530
33.385243
31.464100
28.990337
26.371138
23.672921
20.984582
18.065827
14.872551
10.988372
7.488557
3.984826
0.038147
-3.634862
-6.830863
-10.164636
-13.756582
-17.046418
-20.318883
-23.452384
-25.914226
-27.931247
-29.940775
-32.242877
-34.309796
-36.051103
-36.921842
-37.192787
-37.437166
-37.658385
-37.518740
-37.122454
-36.640167
-35.450969
-33.900057
-31.910454
-29.474156
-26.667799
-24.003131
-20.826203
-17.160007
-13.643163
-10.012218
-6.262575
-2.333777
1.342637
4.975625
8.195298
11.294399
14.770372
18.477951
22.062404
25.192840
28.002432
30.468021
32.778978
35.121271
36.931379
37.908213
38.711343
39.175749
39.029803
38.675921
37.837369
36.142894
34.205232
32.470567
30.298574
27.817999
25.265217
22.669520
19.992249
17.194748
13.875280
10.198695
6.694453
3.033366
-0.822544
-4.174880
-7.225105
-10.670253
-14.214175
-17.336948
-20.532097
-23.745639
-26.064600
-28.028999
-30.290399
-32.496963
-34.599815
-36.032881
-36.577327
-36.862067
-37.313870
-37.599291
-37.311145
-36.854574
-36.268745
-34.969023
-33.391544
-31.236921
-28.865678
-26.156051
-23.371662
-20.073993
-16.580139
-13.102974
-9.411403
-5.525861
-1.703160
1.829181
5.495037
8.798327
11.851277
15.287229
19.262689
22.795882
25.952033
28.714963
31.166588
33.538682
35.814387
37.309272
38.251366
39.158889
39.630107
39.306879
38.701126
37.646634
35.823754
33.961024
32.223293
29.953207
27.454751
24.944544
22.180421
19.530399
16.687598
13.161727
9.259837
5.722216
2.005781
-1.873459
-5.131790
-8.340733
-11.848892
-15.377998
-18.628665
-22.010463
-24.947098
-27.122838
-29.060500
-31.363453
-33.574956
-35.328014
-36.635739
-37.178482
-37.414517
-37.789345
-37.830898
-37.454707
-37.071024
-36.245584
-34.781865
-32.962561
-30.679362
-27.996983
-25.278841
-22.441149
-19.113336
-15.544210
-11.920418
-8.164474
-4.347733
-0.480754
3.191573
6.898812
10.156802
13.227122
16.967399
20.799637
24.130515
27.206285
29.743229
32.096761
34.595387
36.604404
37.797860
38.735867
39.446354
39.413657
38.932221
38.253580
37.058762
35.122292
33.260414
31.361580
29.085364
26.581798
23.856674
21.153007
18.530914
15.332188
11.559895
7.891314
4.517862
0.825950
-2.981935
-6.224769
-9.516478
-13.157300
-16.517299
-19.787891
-23.015738
-25.711400
-27.544158
-29.573100
-31.846421
-33.901589
-35.514321
-36.636932
-37.012952
-37.244388
-37.553310
-37.526063
-37.097420
-36.494051
-35.356794
-33.855949
-32.163348
-29.814754
-27.182613
-24.471964
-21.491902
-17.910174
-14.369828
-10.767324
-7.114581
-3.246410
0.487566
4.112380
7.372754
10.448354
13.775485
17.612832
21.285670
24.668319
27.614491
30.141217
32.324280
34.585851
36.393574
37.658725
38.600138
39.201464
39.183583
38.899354
38.162640
36.570004
34.656184
32.959666
30.932767
28.510775
25.961569
23.451703
20.872014
18.327066
15.173980
11.373247
7.726635
4.141501
0.113930
-3.624473
-6.650857
-9.960447
-13.515438
-16.770703
-19.979647
-23.193700
-25.713444
-27.676480
-29.893432
-32.202687
-34.282207
-35.791738
-36.539350
-36.848443
-37.214075
-37.627731
-37.610361
-37.277256
-36.787306
-35.743543
-34.158570
-32.200302
-29.588427
-26.960203
-24.272203
-21.097490
-17.521381
-13.855015
-10.153396
-6.269217
-2.536433
1.034226
4.783698
8.035217
11.246715
14.875957
18.698999
22.390911
25.840146
28.664385
30.758211
33.338921
35.695178
37.170138
38.365466
39.319481
39.900882
39.520604
38.871254
38.101503
36.372457
34.451144
32.822405
30.625377
28.095075
25.621312
22.936038
20.104476
17.033645
13.493470
9.517840
5.936452
2.374649
-1.374994
-4.807711
-7.983787
-11.609622
-15.218428
-18.417495
-21.595785
-24.709191
-26.877948
-28.678349
-30.891725
-33.109358
-35.004105
-36.286627
-36.900043
-37.203857
-37.670646
-37.704025
-37.242685
-36.841120
-36.141702
-34.537997
-32.899039
-30.628613
-28.180054
-25.425979
-22.578921
-19.093922
-15.471322
-11.943919
-8.125305
-4.201617
-0.476667
3.205538
6.828819
9.873084
12.948513
16.441005
20.195075
23.578405
26.682445
29.209682
31.472955
33.804349
35.925082
37.168435
38.078512
39.002725
39.107459
38.678305
38.182395
37.013292
35.135065
33.393417
31.554018
29.271500
26.702370
24.125065
21.298272
18.623556
15.601601
11.964866
8.255414
4.786423
1.127039
-2.673694
-5.819798
-9.031466
-12.522766
-15.895196
-19.026484
-22.292307
-25.053195
-27.034964
-28.972115
-31.343358
-33.516032
-35.228389
-36.378588
-36.850316
-37.278959
-37.626369
-37.590776
-37.330048
-36.882332
-35.870246
-34.413167
-32.686676
-30.425276
-27.760267
-25.077547
-22.025790
-18.489020
-14.985800
-11.165483
-7.339035
-3.508670
0.148330
3.814868
7.293054
10.354178
13.731377
17.671074
21.457161
24.709020
27.583497
30.175107
32.599994
35.121952
37.015847
38.119555
39.170640
39.913995
39.829016
39.405312
38.677965
37.201302
35.156012
33.390352
31.395640
28.940780
26.291949
23.532936
20.766429
17.955814
14.671428
10.734626
6.991965
3.527062
-0.402757
-4.128388
-7.303613
-10.713509
-14.376640
-17.796414
-21.020515
-24.083172
-26.481492
-28.539555
-30.828714
-33.184801
-35.185303
-36.656686
-37.398509
-37.596055
-37.886926
-38.148335
-37.931715
-37.509033
-36.846229
-35.478217
-33.856630
-31.712055
-29.022183
-26.174784
-23.344415
-20.018816
-16.317027
-12.808187
-9.165491
-5.316564
-1.566240
2.165011
5.830526
9.043046
12.082713
15.676362
19.422088
22.910493
26.085377
28.981141
31.329904
33.614806
35.905497
37.410430
38.376195
39.127554
39.510727
39.229393
38.643224
37.521805
35.538333
33.640180
31.910964
29.667616
27.158771
24.645839
22.071770
19.408805
16.520705
13.006074
9.296792
5.815710
2.092464
-1.726491
-5.092280
-8.220502
-11.539800
-15.049492
-18.223865
-21.499225
-24.421556
-26.665074
-28.598479
-30.887808
-33.089433
-34.857307
-36.109856
-36.623648
-36.840269
-37.395273
-37.501029
-37.277256
-36.947557
-36.081246
-34.678664
-32.882861
-30.561175
-27.995961
-25.452886
-22.688934
-19.212450
-15.723194
-12.203455
-8.323874
-4.489252
-0.772476
2.816745
6.338017
9.111336
12.362855
16.384465
20.286356
23.799794
26.993922
29.692480
32.007354
34.437180
36.628587
37.943636
38.805008
39.538997
39.720876
39.297172
38.646289
37.377221
35.407884
33.644608
31.835011
29.353925
26.882035
24.384601
21.634783
18.783808
15.672445
11.859451
8.196831
4.659040
0.902074
-2.816575
-6.018536
-9.511198
-13.223716
-16.691004
-19.895349
-23.183993
-25.834186
-27.764525
-29.850006
-32.243899
-34.423896
-36.100660
-36.992346
-37.320341
-37.663324
-37.934440
-37.749154
-37.294286
-36.799226
-35.606623
-34.071207
-32.118729
-29.678345
-27.023724
-24.224009
-21.047762
-17.344441
-13.935396
-10.260003
-6.284033
-2.433913
1.208442
5.106245
8.518355
11.579139
14.948845
18.791131
22.362641
25.542804
28.451681
30.878953
33.205918
35.505125
37.234170
38.097756
38.897651
39.391518
39.184264
38.658040
37.873302
36.160435
34.286295
32.436848
30.403989
27.954408
25.369610
22.566319
19.689798
16.883612
13.505731
9.748425
6.190709
2.562659
-1.231602
-4.694121
-7.935933
-11.321647
-14.912401
-18.162387
-21.401814
-24.355139
-26.609046
-28.470755
-30.660970
-32.902786
-34.760237
-36.201818
-36.842482
-37.092481
-37.434782
-37.473100
-37.120410
-36.767210
-36.088399
-34.784419
-33.269269
-31.249864
-28.655018
-25.833675
-23.064273
-19.693204
-16.152859
-12.638058
-8.862019
-5.038977
-1.333952
2.390827
6.127017
9.399823
12.547118
16.146898
20.064797
23.374217
26.282924
28.990507
31.258208
33.661808
35.829714
37.193809
38.300071
39.185456
39.453336
38.950954
38.517884
37.431547
35.583121
33.884559
32.137292
29.854434
27.291945
24.654865
21.959884
19.296578
16.293355
12.595654
8.799689
5.286251
1.510041
-2.363580
-5.680152
-8.982079
-12.545245
-16.016449
-19.210066
-22.387164
-25.198630
-27.312892
-29.450314
-31.748669
-33.982652
-35.651752
-36.779812
-37.171159
-37.469353
-37.859849
-37.985529
-37.688187
-37.294456
-36.265169
-34.724304
-32.896825
-30.541250
-27.835710
-25.147200
-22.204944
-18.570934
-14.943395
-11.244331
-7.388762
-3.510543
0.252383
4.023824
7.497243
10.534525
13.888053
17.694746
21.406242
24.691480
27.768442
30.273540
32.526255
34.882341
36.843164
38.005795
38.943631
39.533717
39.505107
39.116144
38.321529
36.818130
34.788677
33.047540
31.175273
28.705597
26.094573
23.452725
20.704610
17.825535
14.630386
10.800873
7.264444
3.786598
-0.070674
-3.755093
-6.880590
-10.100773
-13.703108
-16.997882
-20.068714
-23.093734
-25.603601
-27.498177
-29.519967
-31.764507
-33.926112
-35.518238
-36.489623
-36.743198
-37.085499
-37.461860
-37.289858
-36.877905
-36.285094
-35.173382
-33.779996
-31.953199
-29.337236
-26.712928
-23.993765
-20.785161
-17.270701
-13.882262
-10.182687
-6.458930
-2.617325
1.007148
4.502535
7.738045
10.802576
14.197656
18.058845
21.698305
24.938072
27.856997
30.239650
32.611234
35.036802
36.944832
37.843670
38.810287
39.371252
39.259366
38.762263
37.925925
36.296674
34.499509
32.841648
30.763830
28.150593
25.593894
23.076875
20.407609
17.576047
14.169386
10.422298
6.765297
3.225122
-0.629084
-4.081385
-7.178613
-10.774306
-14.314651
-17.491749
-20.763023
-23.781742
-26.117904
-28.093883
-30.405351
-32.861062
-34.875359
-36.272832
-36.866154
-37.248986
-37.688868
-37.842478
-37.672009
-37.227869
-36.696366
-35.246781
-33.676454
-31.419482
-28.860058
-26.156221
-23.357187
-19.860608
-16.252995
-12.805632
-8.895227
-5.126170
-1.409224
2.247095
5.896943
9.030615
12.208905
15.775306
19.612994
23.074491
26.278836
29.067993
31.386273
33.843688
36.089250
37.519080
38.457598
39.389474
39.822715
39.402928
38.782699
37.640503
35.730430
33.951827
31.961373

