29.036658
28.538534
27.420010
26.027986
24.384601
22.471803
20.486116
18.677371
16.685213
14.486483
11.740071
8.549861
4.931007
1.682213
-1.166207
-4.133327
-6.898642
-9.707894
-12.574877
-15.181814
-17.707348
-20.661524
-23.305757
-25.883402
-28.180735
-30.735901
-32.720055
-34.439904
-35.413844
-35.525901
-35.139833
-34.580231
-33.864123
-33.052479
-32.547372
-31.768594
-29.800109
-27.135270
-24.582658
-22.162029
-19.630194
-16.289439
-11.853320
-7.258654
-3.333603
0.169618
3.640141
6.881441
9.764944
12.685571
15.472344
17.884629
20.154715
22.095442
23.855993
26.129654
28.352397
30.163697
31.295163
31.862940
31.601020
31.219210
30.901773
29.950653
29.112271
28.511967
27.966329
26.875905
25.427001
23.883241
21.962609
20.112480
18.346650
16.338996
14.110633
11.523962
8.236340
4.631621
1.344681
-1.473938
-4.386391
-7.151195
-9.952273
-12.722186
-15.260833
-17.920732
-21.010467
-23.608548
-25.875909
-28.539896
-31.064068
-33.074277
-34.628936
-35.529988
-35.679851
-35.262789
-34.555537
-33.808265
-33.185823
-32.969032
-31.943492
-29.825313
-27.078050
-24.647032
-22.145339
-19.319909
-15.723535
-11.147431
-6.624971
-2.616303
0.986201
4.435607
7.569109
10.620867
13.602291
16.273601
18.735443
21.101407
23.007223
24.848666
27.101040
29.297045
31.006166
31.805890
32.262291
31.956264
31.796183
31.356982
30.315433
29.410124
28.918811
28.171539
26.801314
25.349174
23.589645
21.632229
19.787891
17.842054
15.735456
13.295412
10.415827
6.638765
3.076621
0.165531
-2.642529
-5.496229
-8.278745
-11.052064
-13.900655
-16.437258
-19.228969
-22.048439
-24.612801
-26.904174
-29.537678
-31.885590
-33.525910
-34.996952
-35.632508
-35.551786
-34.853220
-34.172194
-33.359698
-32.888821
-32.356467
-31.003782
-28.666428
-25.985582
-23.499898
-21.055426
-18.167325
-14.254536
-9.500980
-5.043575
-1.309940
2.158369
5.435944
8.541175
11.626312
14.488867
16.934361
19.289596
21.417482
23.056609
25.013345
27.329411
29.405866
30.784437
31.557764
31.733172
31.509229
31.238965
30.556577
29.581785
28.974499
28.613635
27.632713
26.200669
24.815968
23.052182
20.985603
19.201721
17.247881
15.012537
12.622050
9.434904
5.797148
2.584968
-0.247444
-3.146614
-6.031649
-8.664131
-11.373929
-14.155592
-16.714845
-19.630705
-22.367069
-24.920702
-27.354785
-29.832636
-32.019445
-33.905847
-35.257850
-35.735198
-35.424062
-34.790891
-34.194844
-33.370597
-32.851526
-32.322577
-30.862774
-28.260435
-25.627102
-23.141418
-20.664419
-17.493452
-13.249942
-8.523805
-4.369702
-0.702313
2.827133
6.204162
9.205512
12.109109
14.908654
17.455135
19.859757
21.927697
23.619277
25.731495
28.117044
29.986926
31.350170
32.141890
32.232148
31.811340
31.436171
30.666590
29.654333
29.174089
28.660638
27.611767
26.130336
24.567161
22.602592
20.604985
18.688951
16.724382
14.453956
11.877332
8.669240
4.896436
1.640660
-1.184089
-4.107271
-6.922994
-9.622233
-12.478318
-15.144008
-17.739875
-20.641599
-23.336240
-25.762490
-28.265374
-30.937535
-33.000878
-34.667253
-35.685641
-35.879612
-35.514150
-34.790209
-34.065757
-33.265863
-32.744237
-31.986918
-29.970578
-27.257885
-24.664743
-22.132397
-19.625596
-16.239711
-11.650835
-7.047823
-3.147125
0.541210
3.973927
7.031986
9.956019
12.914624
15.697820
18.130541
20.387854
22.307464
24.200167
26.460886
28.694527
30.441795
31.646149
32.032047
31.755822
31.468528
31.195198
30.401434
29.436350
28.957469
28.276784
26.962417
25.490863
23.841347
21.919012
19.998040
18.302202
16.234773
13.934885
11.213337
7.827112
4.097053
1.021794
-1.742499
-4.606077
-7.460288
-10.146243
-12.857573
-15.394006
-18.218245
-21.314451
-23.933138
-26.377099
-28.945037
-31.461035
-33.269439
-34.890175
-35.724470
-35.892555
-35.337550
-34.621443
-33.806392
-33.272505
-32.822575
-31.707117
-29.482331
-26.786838
-24.120126
-21.628993
-18.817357
-15.196630
-10.633980
-6.253549
-2.275705
1.337699
4.673174
7.778576
10.935579
13.896567
16.413757
18.883773
21.172762
22.885629
24.716513
26.986599
29.258728
30.849831
31.965630
32.362257
32.084499
31.672886
31.076670
29.920510
28.903484
28.550965
27.819361
26.455947
24.978944
23.306438
21.235262
19.238165
17.329795
15.137196
12.811933
9.928090
6.402901
3.009524
0.107288
-2.691405
-5.644730
-8.479357
-11.202608
-13.913086
-16.556297
-19.352777
-22.229808
-24.585554
-27.065107
-29.623338
-31.871114
-33.720391
-34.950631
-35.471746
-35.259213
-34.782035
-34.284762
-33.411128
-32.951151
-32.339607
-30.822924
-28.447594
-25.730814
-23.065124
-20.689794
-18.119131
-13.928924
-9.222201
-5.121061
-1.244034
2.274854
5.634512
8.555310
11.425018
14.419215
16.936404
19.326040
21.547590
23.244960
25.313752
27.777808
29.826845
31.166588
31.845570
31.908751
31.478916
31.217848
30.676808
29.827016
29.234886
28.846945
27.734552
26.301486
24.820566
23.100376
21.022218
19.242082
17.429079
15.186753
12.617622
9.399482
5.770922
2.403089
-0.533206
-3.543752
-6.342615
-9.030615
-11.957032
-14.810392
-17.333882
-20.428896
-23.120982
-25.814431
-28.247663
-30.899388
-32.877071
-34.601348
-35.871267
-36.120244
-35.691772
-35.070692
-34.283910
-33.413001
-33.055714
-32.364982
-30.699457
-28.066124
-25.381190
-22.783279
-20.257575
-16.892467
-12.422970
-7.691724
-3.683226
0.004939
3.643547
6.888935
9.925536
13.073172
15.910353
18.435717
20.830291
22.699663
24.488313
26.653664
28.967006
30.630486
31.826666
32.332284
32.157728
31.728404
31.289884
30.446563
29.458659
29.036999
28.452192
27.266741
25.767769
24.146863
22.137506
20.110607
18.298967
16.400814
14.032977
11.318071
7.915497
4.166365
0.997101
-1.933745
-4.780803
-7.495029
-10.279758
-13.043880
-15.595981
-18.364872
-21.383762
-24.046728
-26.495457
-29.012646
-31.418971
-33.230611
-34.902607
-35.525390
-35.554000
-35.094704
-34.517731
-33.758708
-33.135244
-32.752412
-31.659092
-29.371807
-26.671205
-24.207830
-21.865708
-19.107546
-15.325717
-10.570969
-6.117821
-2.364261
1.307385
4.753045
7.775341
10.800532
13.788087
16.492946
18.828596
21.061897
22.861106
24.807283
27.073111
29.212918
30.831780
31.797375
32.153130
31.771149
31.401941
31.013659
30.090298
29.280356
28.921366
28.198617
26.815448
25.245122
23.567847
21.725552
19.890581
17.902851
15.666655
13.218437
10.249104
6.573541
3.081390
0.130279
-2.741132
-5.699907
-8.512395
-11.339869
-14.099734
-16.639744
-19.645350
-22.528853
-25.002786
-27.404172
-30.049426
-32.292434
-33.999511
-35.468851
-36.039523
-35.861390
-35.330568
-34.626552
-33.820697
-33.349821
-32.754796
-31.112262
-28.608867
-25.918995
-23.356506
-20.668507
-17.588990
-13.396059
-8.588008
-4.355737
-0.568969
2.974612
6.334782
9.354523
12.274640
15.091726
17.480339
19.883428
22.020510
23.781572
25.820562
28.197254
30.164719
31.432254
32.118729
32.157387
31.795672
31.391553
30.593191
29.551302
28.856141
28.363466
27.431079
25.859901
24.317673
22.406408
20.369291
18.393312
16.448498
14.220987
11.680467
8.482422
4.815204
1.570838
-1.197542
-4.205023
-6.959949
-9.671790
-12.491601
-15.047107
-17.665454
-20.506041
-23.120471
-25.555747
-28.167793
-30.828374
-32.728400
-34.455061
-35.525390
-35.594021
-35.250698
-34.635918
-33.979416
-33.259051
-33.130816
-32.228572
-30.045850
-27.326856
-24.703060
-22.170033
-19.531591
-16.150815
-11.615583
-6.897960
-2.915348
0.533717
3.874132
7.067408
10.067395
13.024977
15.739543
18.145868
20.498719
22.417988
24.128471
26.496478
28.928518
30.660289
31.661306
32.205071
32.035453
31.798226
31.372649
30.538355
29.684135
29.263326
28.483697
27.154003
25.658778
24.034977
22.012166
20.023755
18.212455
16.112498
13.656957
10.806152
7.223913
3.649167
0.639473
-2.273321
-5.188159
-7.967438
-10.749953
-13.637543
-16.184023
-19.020694
-21.983044
-24.651970
-27.194193
-29.713256
-32.109874
-33.847264
-35.525049
-36.183425
-35.978896
-35.351685
-34.735373
-33.754451
-33.180373
-32.726697
-31.417438
-28.978246
-26.250737
-23.681777
-21.097149
-18.261160
-14.306137
-9.593964
-5.212000
-1.556022
2.034562
5.439690
8.562974
11.592422
14.550345
17.034326
19.508260
21.585396
23.455960
25.521687
27.889865
29.910462
31.207630
32.013655
32.154492
31.844888
31.526770
30.892066
29.972110
29.297556
28.760774
27.821915
26.343720
24.803536
22.937911
21.020004
19.197975
17.350742
15.176194
12.661389
9.540830
5.796977
2.399172
-0.492675
-3.323044
-6.026881
-8.706025
-11.608260
-14.347179
-17.054762
-20.115886
-23.009777
-25.380680
-27.786323
-30.402797
-32.532385
-34.408910
-35.663673
-35.991328
-35.639320
-35.086530
-34.338406
-33.448764
-32.993385
-32.309123
-30.567987
-27.893100
-25.355135
-23.001432
-20.456484
-17.329284
-12.945788
-8.286919
-4.209621
-0.431538
3.137589
6.404604
9.280954
12.412412
15.309198
17.805781
20.243611
22.312573
24.080447
26.245969
28.605121
30.525242
31.789030
32.401936
32.244580
31.836203
31.467506
30.678851
29.692480
29.219389
28.653826
27.482510
26.021174
24.404526
22.534473
20.603623
18.771376
16.702073
14.442035
11.764254
8.462327
4.731928
1.553297
-1.346724
-4.315036
-7.234982
-10.041509
-12.887716
-15.457528
-18.199342
-21.213463
-23.929732
-26.332991
-29.008218
-31.495605
-33.425944
-35.019091
-35.885402
-35.993201
-35.588912
-34.915379
-34.065587
-33.353737
-32.974482
-31.894275
-29.744421
-27.097123
-24.568864
-21.989346
-19.297089
-15.746014
-11.098385
-6.457567
-2.528429
1.157522
4.562821
7.684742
10.789122
13.766459
16.418355
18.770865
21.125249
23.053374
24.816820
27.063744
29.329743
30.913353
31.807082
32.199110
31.853403
31.542608
31.067474
30.042614
29.089110
28.676646
28.019122
26.582309
25.111437
23.504325
21.596295
19.665275
17.803737
15.712125
13.387884
10.409525
6.791694
3.133501
0.236716
-2.618177
-5.579335
-8.318084
-11.073862
-13.804265
-16.370331
-19.303560
-22.212267
-24.572441
-26.999031
-29.438223
-31.696899
-33.528294
-35.062858
-35.604579
-35.462209
-34.776245
-34.085853
-33.356292
-32.883883
-32.401085
-31.054020
-28.627259
-25.906052
-23.349353
-20.814283
-18.036536
-14.070102
-9.352650
-4.917213
-1.346213
2.187150
5.497932
8.583920
11.533669
14.316184
16.803741
19.213131
21.383592
23.070914
24.904353
27.293648
29.497147
30.875206
31.678847
31.856639
31.542778
31.074967
30.556236
29.623338
29.014860
28.684820
27.690445
26.292460
24.822439
23.036173
21.168164
19.352606
17.453262
15.247720
12.623923
9.505238
5.858796
2.566235
-0.384535
-3.283364
-6.089040
-8.907659
-11.637892
-14.544896
-17.040116
-20.021881
-22.751604
-25.211573
-27.740853
-30.261278
-32.325642
-34.153972
-35.489457
-35.751377
-35.550424
-35.024541
-34.360715
-33.573593
-33.167260
-32.458987
-30.845063
-28.229782
-25.560856
-23.010969
-20.434346
-17.283985
-12.911047
-8.178098
-4.011733
-0.363077
3.231764
6.631783
9.572506
12.572833
15.330655
17.748390
20.193543
22.040946

