-4.443101
-6.882804
-9.784188
-12.347528
-14.610631
-16.945260
-19.011668
-20.661524
-22.505692
-24.353777
-25.842019
-26.728596
-27.303525
-27.222122
-26.897022
-26.753119
-26.353257
-26.013681
-26.389531
-26.817833
-26.444197
-25.312390
-23.275443
-21.608557
-20.166636
-18.285172
-15.012026
-11.585781
-8.370025
-5.304302
-2.489090
-0.195674
2.076285
4.912785
8.072512
11.145047
14.312778
16.980342
19.027165
21.032095
23.041453
25.074312
27.093036
28.568506
29.040064
28.906379
28.500898
27.747325
26.958159
26.646852
26.234048
25.493247
25.039741
24.305241
22.672415
20.747525
18.533639
16.055618
13.525827
10.859455
7.700920
4.677262
2.327306
0.068120
-2.112048
-4.461152
-7.035903
-9.810925
-12.293543
-14.465536
-16.753503
-18.740722
-20.516600
-22.530896
-24.415765
-25.594916
-26.453733
-26.980468
-27.059146
-26.821750
-26.769638
-26.443175
-26.356152
-26.900428
-27.202197
-26.680912
-25.334188
-23.302521
-21.668332
-20.282098
-18.052374
-14.588152
-11.078119
-7.895402
-4.953146
-2.288478
0.194652
2.699750
5.672659
8.706025
11.878525
14.933859
17.522744
19.544533
21.707671
23.915427
25.915078
27.832644
29.102904
29.517242
29.413019
28.892585
27.992896
27.470759
27.131183
26.470593
25.781904
25.335039
24.278505
22.340843
20.176002
17.841203
15.338830
12.605190
9.866101
6.675039
3.881965
1.505784
-0.872101
-3.213712
-5.540337
-8.154086
-10.947159
-13.209752
-15.444585
-17.693383
-19.635473
-21.483558
-23.468903
-25.123528
-26.143278
-27.095250
-27.379138
-27.064426
-26.806252
-26.622500
-26.267597
-26.266234
-26.863643
-26.896511
-26.144641
-24.337598
-22.395338
-20.972831
-19.570589
-16.946282
-13.311931
-9.933540
-6.803274
-3.873280
-1.142536
1.089743
3.555502
6.426403
9.579829
12.807505
15.730858
18.130541
20.158802
22.219079
24.239847
26.170867
27.990852
29.075997
29.261964
29.013668
28.342519
27.550800
27.162007
26.739325
25.919165
25.266579
24.765219
23.439441
21.537883
19.466366
17.078093
14.457362
11.815173
8.920091
5.906820
3.244025
0.953674
-1.278094
-3.411259
-5.724600
-8.581025
-11.327096
-13.444594
-15.654053
-17.951897
-19.784825
-21.683489
-23.750578
-25.224515
-26.347297
-27.099677
-27.114664
-26.808296
-26.700497
-26.565620
-26.119607
-26.207822
-26.854106
-26.774066
-25.842871
-23.871660
-22.189277
-20.825352
-19.062757
-16.052212
-12.576580
-9.418556
-6.362200
-3.463200
-0.956229
1.228707
3.994022
7.173845
10.315691
13.356379
16.285011
18.540621
20.620142
22.709029
24.787017
26.826518
28.518779
29.269287
29.290404
29.059649
28.376750
27.589117
27.124541
26.656219
25.922401
25.428534
24.782249
23.206983
21.199329
19.054072
16.475575
13.974735
11.381933
8.446659
5.287613
2.707243
0.439031
-1.899345
-4.111017
-6.647621
-9.497404
-12.116262
-14.290128
-16.686576
-18.843753
-20.701204
-22.590501
-24.578571
-25.857176
-26.702540
-27.388505
-27.385439
-27.071578
-26.914052
-26.601383
-26.241030
-26.633910
-27.041095
-26.672568
-25.317499
-23.291111
-21.636997
-20.349026
-18.373047
-15.181473
-11.668546
-8.391482
-5.310944
-2.540861
-0.088555
2.175910
5.073888
8.262566
11.289460
14.435393
17.182657
19.406080
21.602597
23.657424
25.696414
27.746814
29.079063
29.448611
29.386282
28.904506
27.964115
27.250733
26.928868
26.443345
25.653839
25.091001
24.130855
22.440638
20.405054
18.129008
15.640088
13.225760
10.474239
7.324559
4.338026
2.009869
-0.241143
-2.669777
-4.972049
-7.606915
-10.482073
-12.835094
-15.044042
-17.324345
-19.361121
-21.056277
-23.090839
-24.886472
-26.029348
-26.789733
-27.272701
-27.079071
-26.711736
-26.563065
-26.306255
-26.121310
-26.553529
-26.756866
-26.171548
-24.733543
-22.728103
-21.221638
-19.829614
-17.466034
-13.994149
-10.596514
-7.468973
-4.610334
-1.881633
0.493016
2.960137
5.784375
8.921964
12.098891
15.144348
17.588309
19.755534
21.821942
23.873363
25.758914
27.602741
28.752259
29.182264
29.080084
28.448105
27.548756
27.088097
26.745115
25.967360
25.349515
25.008917
23.962089
22.150448
20.071949
17.821448
15.202761
12.715374
9.839535
6.683384
3.856761
1.596383
-0.743866
-3.114598
-5.330529
-8.052077
-10.900838
-13.203621
-15.390600
-17.632416
-19.578253
-21.338633
-23.328066
-24.906908
-26.012659
-26.854788
-27.107341
-26.890380
-26.691641
-26.608195
-26.276282
-26.284797
-26.877948
-27.109044
-26.326861
-24.632556
-22.651638
-21.308320
-19.791467
-16.997712
-13.441869
-10.042361
-6.923505
-3.990276
-1.543249
0.640835
3.395251
6.484134
9.799514
13.088158
15.922274
18.274614
20.537036
22.620474
24.343388
26.636805
28.513840
29.262475
29.546363
29.322760
28.686013
27.707134
27.187892
27.024746
26.313066
25.768621
25.298936
23.782764
21.681275
19.575528
17.114026
14.447825
11.745010
8.803436
5.578484
2.878734
0.631128
-1.671144
-4.042728
-6.508316
-9.431328
-12.071303
-14.163596
-16.315835
-18.627303
-20.477261
-22.315638
-24.340834
-25.742395
-26.641573
-27.200324
-27.174098
-26.873350
-26.788882
-26.515211
-26.116541
-26.486771
-27.105127
-26.692152
-25.523901
-23.426328
-21.777153
-20.377977
-18.492937
-15.219109
-11.716059
-8.538451
-5.419425
-2.472912
-0.051771
2.324581
5.181006
8.194957
11.271238
14.214516
16.865730
19.004856
21.149601
23.089307
25.072438
27.060849
28.561183
29.047728
29.014519
28.732334
27.831112
27.080774
26.827029
26.328734
25.561537
25.126253
24.300814
22.653341
20.578078
18.410172
15.767642
13.241257
10.512386
7.477147
4.470859
2.026217
-0.128916
-2.438852
-4.651376
-7.168906
-9.922130
-12.331520
-14.484780
-16.820260
-18.920388
-20.716701
-22.580794
-24.467707
-25.675126
-26.542630
-27.071578
-27.009930
-26.857001
-26.735408
-26.383570
-26.292801
-26.823623
-27.111769
-26.556424
-25.108882
-23.161003
-21.658795
-20.300491
-17.900808
-14.498745
-11.142663
-7.818597
-4.788297
-2.082586
0.205721
2.658367
5.634512
8.780105
11.948858
15.102114
17.653193
19.757748
21.817003
23.964643
26.067325
28.104271
29.241187
29.447419
29.400246
28.909956
28.009244
27.571065
27.350528
26.745456
25.955779
25.445563
24.296386
22.404194
20.235607
17.840522
15.272243
12.666839
9.820121
6.527901
3.584623
1.362732
-0.973770
-3.410918
-5.770070
-8.510181
-11.326075
-13.707536
-15.905244
-18.115044
-20.018986
-21.980660
-24.113485
-25.737967
-26.737111
-27.504648
-27.710199
-27.397360
-27.157409
-27.009930
-26.626417
-26.695388
-27.173247
-27.014187
-26.116031
-24.165085
-22.159645
-20.731347
-19.038405
-16.067369
-12.440171
-9.182351
-6.129912
-3.221035
-0.768389
1.534564
4.209280
7.250990
10.403735
13.625281
16.398089
18.634796
20.714828
22.925820
24.883236
26.830094
28.546197
29.278312
29.314927
28.959342
28.229271
27.418477
26.987110
26.447432
25.494950
24.932623
24.349519
22.880520
20.875590
18.823487
16.396897
13.791323
11.094298
8.095162
5.061626
2.559253
0.392880
-1.789842
-4.035405
-6.468637
-9.186098
-11.850085
-14.034510
-16.334227
-18.459388
-20.321778
-22.158282
-24.034296
-25.339127
-26.299953
-26.996136
-27.064937
-26.753630
-26.728426
-26.361091
-26.043143
-26.470934
-26.921885
-26.651621
-25.378125
-23.336581
-21.733386
-20.493780
-18.455131
-15.035186
-11.663267
-8.583409
-5.520923
-2.845696
-0.494889
1.851150
4.833937
7.777555
11.043549
14.355694
16.992944
19.085578
21.212612
23.360082
25.386640
27.518443
29.170854
29.735395
29.519967
28.966665
28.116873
27.434485
27.144807
26.704924
25.989669
25.537525
24.609736
22.646870
20.572628
18.372195
15.813283
13.195617
10.507107
7.396596
4.477331
2.001865
-0.295469
-2.667904
-4.996743
-7.760695
-10.617971
-13.018676
-15.207699
-17.595121
-19.702571
-21.514041
-23.512840
-25.328227
-26.440450
-27.237960
-27.484383
-27.222804
-27.016742
-26.880332
-26.471785
-26.355301
-26.922567
-26.979106
-26.275941
-24.578401
-22.636993
-21.288565
-19.814798
-17.147235
-13.480868
-10.224751
-7.017681
-3.901720
-1.266003
0.915527
3.602505
6.605557
9.731906
12.891293
15.907288
18.336432
20.458698
22.648573
24.621657
26.582479
28.340476
29.297216
29.301303
29.058456
28.437717
27.642761
27.221612
26.885101
26.066303
25.424106
24.736098
23.458515
21.531752
19.462449
16.998563
14.333214
11.764424
8.914811
5.793401
2.986874
0.649009
-1.632486
-3.911086
-6.358113
-9.036405
-11.704138
-13.916152
-16.205651
-18.393993
-20.256894
-22.118943
-24.097477
-25.527988
-26.388168
-27.082477
-27.115345
-26.843207
-26.667459
-26.378632
-26.023047
-26.319708
-26.858704
-26.696580
-25.674105
-23.757049
-21.956818
-20.544188
-18.846989
-15.800340
-12.376819
-9.148632
-5.953482
-3.014633
-0.580038
1.743351
4.552943
7.628713
10.715382
13.857399
16.730002
18.906423
20.936217
23.078918
25.016069
26.977233
28.416089
28.940099
29.033933
28.769118
28.032916
27.218376
27.032069
26.610068
25.798253
25.341340
24.660996
23.069211
21.045208
18.896716
16.466039
13.930457
11.211293
8.059740
4.912785
2.407006
0.170129
-2.178465
-4.486867
-7.067238
-9.925706
-12.490068
-14.709234
-16.947303
-19.052369
-20.857368
-22.874900
-24.753979
-26.009594
-26.831457
-27.382033
-27.261802
-26.998520
-26.923077
-26.683807
-26.486942
-26.967696
-27.243580
-26.741198
-25.316477
-23.222991
-21.649088
-20.317180
-18.091202
-14.590706
-11.115585
-7.879393
-4.850456
-2.087866
0.301429
2.863918
5.854879
8.966752
12.195281
15.236139
17.684698
19.724369
21.913903
23.975032
25.949989
27.915750
29.238122
29.527971
29.385771
28.759411
27.860573
27.348314
26.962587
26.274749
25.475706
25.016069
24.036680
22.106171
19.989184
17.696619
15.125786
12.456860
9.682349
6.526198
3.697702
1.378059
-0.948225
-3.305333
-5.565541
-8.103166
-10.970320
-13.272933
-15.382596
-17.580986
-19.559690
-21.369798
-23.231506
-24.793659
-25.901965
-26.665756
-27.022191
-26.723146
-26.570729
-26.516063
-26.156732
-26.128122
-26.621819
-26.714121
-26.069880
-24.389029
-22.282771
-20.908288
-19.432136
-16.756909
-13.316870
-10.121890
-6.965910
-4.034724
-1.384360
0.866822
3.309420
6.226982
9.317568
12.401342
15.323503
17.682825
19.841024
22.049631
24.058138
26.141405
28.033257
29.136283
29.130833
28.962748
28.361082
27.619430
27.204752
26.863132
26.162522
25.588444
25.083678
23.735251
21.625076
19.586597
17.358746
14.824697
12.249095
9.310927
6.186451
3.292561
1.081399
-1.190049
-3.388269
-5.706719
-8.612190
-11.330843
-13.550350
-15.910694
-18.115895
-20.026990
-21.916968
-23.923772
-25.503976
-26.500736
-27.166094
-27.225188
-27.081115
-27.006183
-26.758228
-26.481152
-26.608876
-27.257885
-26.946919
-25.966167
-23.927689
-22.157090
-20.877974
-19.130536
-15.863691
-12.331350
-9.152549
-5.903074
-3.120729
-0.726836
1.501356
4.294089
7.390806
10.629552
13.742958
16.536031
18.736124
20.845107
22.988660
24.982521
27.077028
28.757708
29.470410
29.452699
29.204743
28.536831
27.656215
27.212586
26.655878
25.834867
25.415761
24.582829

