1.909052
4.756280
7.823365
10.933535
14.141457
16.882930
19.029890
21.107197
23.252964
25.218385
27.212075
28.773546
29.457637
29.454742
28.992721
28.062037
27.272701
26.918309
26.325839
25.607007
25.058133
24.303709
22.657599
20.518644
18.309355
15.780755
13.293709
10.617971
7.634844
4.654782
2.335821
0.040531
-2.273321
-4.511050
-7.035732
-9.857246
-12.394530
-14.658485
-16.930274
-18.958535
-20.771538
-22.882904
-24.566480
-25.811536
-26.698964
-27.154684
-26.987791
-26.627949
-26.517085
-26.245969
-26.074307
-26.548079
-26.872158
-26.315451
-24.850028
-22.779022
-21.309001
-20.168168
-18.055269
-14.562777
-11.131593
-7.996219
-4.954508
-2.180338
0.183071
2.592291
5.510194
8.574724
11.682170
14.780079
17.286539
19.478287
21.664074
23.852416
25.922571
27.862106
29.093368
29.399906
29.203381
28.673070
27.936356
27.434485
27.160985
26.484387
25.687388
25.246654
24.112633
22.274256
20.282609
18.042667
15.493802
12.870857
10.012729
6.871223
4.043068
1.646791
-0.715426
-2.975975
-5.247934
-8.084944
-10.948351
-13.224568
-15.535525
-17.944745
-19.886323
-21.745818
-23.779528
-25.392941
-26.433127
-27.268103
-27.462414
-27.204752
-27.132034
-26.940278
-26.493413
-26.378461
-26.913711
-26.883057
-26.195390
-24.428538
-22.545883
-21.134274
-19.584213
-16.802720
-13.163260
-9.854862
-6.661245
-3.648996
-1.048020
1.182216
3.804479
6.847211
10.061775
13.089861
16.176530
18.535682
20.690986
22.772380
24.719238
26.659795
28.394972
29.240676
29.314075
29.068334
28.430564
27.516399
26.965822
26.530879
25.757892
25.292635
24.667808
23.322616
21.346297
19.324848
16.755547
14.162234
11.688641
8.703470
5.531481
2.754416
0.492334
-1.842805
-3.990616
-6.398814
-9.247065
-11.820623
-13.983420
-16.192028
-18.387352
-20.129681
-21.976403
-23.964814
-25.437730
-26.299953
-26.945727
-26.960032
-26.673589
-26.499544
-26.258911
-26.032243
-26.488645
-26.994433
-26.746988
-25.559664
-23.541110
-21.823474
-20.506893
-18.756049
-15.624251
-12.142999
-8.823531
-5.732094
-2.949408
-0.572545
1.786436
4.641329
7.793563
10.850940
13.978822
16.717911
18.876280
20.912715
22.981507
25.070224
27.014017
28.510264
29.040064
29.090132
28.787170
27.956452
27.220590
26.986599
26.540586
25.803021
25.266068
24.626596
23.041964
21.048955
18.847500
16.290460
13.737849
10.916676
7.815020
4.639966
2.302613
0.062500
-2.328328
-4.635198
-7.192407
-9.993485
-12.479680
-14.789786
-16.969442
-19.069910
-20.877974
-22.782087
-24.706636
-25.827714
-26.651961
-27.288028
-27.265719
-27.004821
-26.942492
-26.710715
-26.510954
-27.021510
-27.297224
-26.716164
-25.301661
-23.200342
-21.686213
-20.233222
-17.896380
-14.345135
-10.852643
-7.667882
-4.647800
-1.979726
0.482968
3.009864
5.908183
9.027209
12.217249
15.333550
17.845120
19.867761
22.037710
24.133069
26.084866
27.971949
29.218197
29.566118
29.405015
28.847286
27.862276
27.378968
27.045863
26.248693
25.597300
25.163719
24.095263
22.147553
19.925322
17.534665
14.920916
12.317385
9.524482
6.305150
3.481763
1.235349
-1.097066
-3.392696
-5.643197
-8.341925
-11.163609
-13.418538
-15.635490
-17.838308
-19.774778
-21.457672
-23.440634
-25.071757
-26.126078
-26.998350
-27.204752
-26.848657
-26.637316
-26.517255
-26.132039
-26.051147
-26.641062
-26.712077
-25.974172
-24.145842
-22.161688
-20.842893
-19.339493
-16.506570
-12.903895
-9.659529
-6.536586
-3.694636
-1.092809
1.025540
3.594841
6.607601
9.731565
13.014930
15.841893
18.096822
20.112991
22.205455
24.181775
26.160138
28.105293
29.150248
29.157060
28.964451
28.359209
27.539219
27.178696
26.785987
25.933300
25.448459
24.975879
23.432119
21.464484
19.393138
16.958884
14.353309
11.730194
8.791174
5.739416
3.147636
0.952993
-1.276221
-3.570318
-6.009000
-8.886542
-11.549166
-13.634648
-15.992267
-18.217734
-20.182814
-22.114515
-24.184159
-25.674105
-26.711055
-27.277640
-27.324642
-27.068513
-27.031047
-26.763507
-26.413202
-26.686192
-27.253628
-26.971272
-25.858879
-23.813418
-22.216695
-20.838806
-18.889563
-15.568052
-12.167692
-8.958408
-5.897113
-3.008672
-0.665018
1.725129
4.723753
7.872581
11.016130
14.055967
16.848871
19.034658
21.245990
23.420368
25.412015
27.530364
29.159273
29.650245
29.589619
29.292447
28.499365
27.627093
27.149916
26.647704
25.868416
25.341340
24.431092
22.617579
20.511832
18.354995
15.746525
13.134139
10.527372
7.520063
4.415001
1.938684
-0.528778
-2.796309
-5.010537
-7.519722
-10.277203
-12.708902
-14.936754
-17.306805
-19.179412
-20.863840
-23.038217
-24.838107
-26.157073
-26.732343
-27.035304
-26.982001
-26.759250
-26.652132
-26.116712
-25.964294
-26.400260
-26.605640
-26.175976
-24.565118
-22.497177
-21.013021
-19.690820
-17.535516
-14.162574
-10.870014
-7.749285
-4.657507
-1.981769
0.246252
2.643040
5.615950
8.669581
11.726448
14.839683
17.395190
19.419364
21.510295
23.556437
25.621653
27.634076
28.887476
29.138327
28.919492
28.405360
27.490514
26.976551
26.652643
25.914567
25.345598
24.886131
23.972648
22.184678
20.151649
17.847504
15.361990
12.820448
10.064840
6.938832
4.026890
1.862560
-0.455209
-2.756630
-5.095516
-7.836648
-10.588339
-12.967587
-15.198674
-17.392806
-19.279889
-21.125249
-23.339817
-24.981669
-26.085377
-26.841845
-27.230808
-26.986769
-26.865516
-26.734216
-26.544333
-26.477405
-27.005502
-27.080774
-26.363134
-24.713108
-22.745814
-21.397216
-19.944225
-17.190661
-13.668878
-10.300704
-7.099254
-4.192250
-1.527071
0.847748
3.501517
6.542546
9.680476
12.930121
15.997716
18.339327
20.498378
22.785323
24.876935
26.909113
28.557948
29.514347
29.580593
29.337917
28.616190
27.791091
27.406897
26.902131
26.073967
25.496313
24.993249
23.588623
21.579947
19.448314
17.038073
14.459576
11.899301
8.883136
5.641154
2.896786
0.539848
-1.883336
-4.153252
-6.568091
-9.362016
-12.025152
-14.235462
-16.517128
-18.748386
-20.578759
-22.476230
-24.343899
-25.628975
-26.535647
-27.182102
-27.203049
-26.850189
-26.663371
-26.409285
-25.992564
-26.294844
-26.791436
-26.661498
-25.563921
-23.483889
-21.661179
-20.385299
-18.644844
-15.491588
-11.952945
-8.764267
-5.654267
-2.756289
-0.280142
1.997266
4.813331
7.864067
10.991096
14.171600
16.793183
18.996171
21.031584
23.120131
25.000061
26.953561
28.494086
29.066290
28.976202
28.595413
27.811868
27.182613
26.731150
26.386636
25.662865
25.086062
24.328743
22.740875
20.742587
18.658127
16.274793
13.596841
10.970320
7.837159
4.789318
2.288137
0.084809
-2.208267
-4.427092
-6.949561
-9.806156
-12.255226
-14.429433
-16.748394
-18.816335
-20.628827
-22.611788
-24.391753
-25.719064
-26.544843
-27.021340
-26.894638
-26.741368
-26.748351
-26.498181
-26.355812
-26.961224
-27.223485
-26.720081
-25.315625
-23.313250
-21.874053
-20.494802
-18.308844
-14.858416
-11.517320
-8.255243
-5.146435
-2.238069
0.019755
2.558742
5.577121
8.755071
11.732067
14.849901
17.498221
19.613504
21.847997
23.988656
25.931426
27.900083
29.174600
29.504980
29.414211
28.993062
28.178351
27.622836
27.327027
26.703562
25.926488
25.359903
24.331978
22.469418
20.275967
17.938444
15.239034
12.685742
9.894201
6.645066
3.685611
1.253230
-0.943967
-3.272465
-5.624124
-8.293390
-11.060068
-13.352803
-15.651328
-18.014567
-19.903183
-21.773236
-24.011646
-25.577886
-26.324477
-27.046715
-27.349166
-27.148213
-26.896681
-26.680572
-26.227065
-26.140213
-26.917628
-26.863473
-25.975534
-24.220262
-22.297246
-20.835740
-19.228458
-16.483750
-12.920584
-9.647267
-6.379400
-3.429140
-0.971215
1.344851
3.818614
6.816217
9.916169
13.026169
15.979835
18.220118
20.230838
22.216695
24.217878
26.167291
27.937038
28.837068
28.965473
28.788022
28.085368
27.148553
26.841164
26.445389
25.675637
25.007554
24.529525
23.215839
21.219594
19.129515
16.674144
14.185565
11.696645
8.654594
5.508150
2.903938
0.907183
-1.216616
-3.255095
-5.866119
-8.710963
-11.289801
-13.560908
-15.825544
-17.878839
-19.612483
-21.567004
-23.675816
-25.180238
-26.135785
-26.977062
-27.081285
-26.836736
-26.724168
-26.571069
-26.272195
-26.605300
-27.180910
-26.949644
-25.922230
-23.979289
-22.199494
-20.929405
-19.023248
-15.745333
-12.203966
-9.019205
-6.101472
-3.356763
-0.884703
1.488583
4.504578
7.696492
10.839530
14.088835
16.852447
19.025803
21.187578
23.448127
25.544337
27.578729
29.182604
29.885258
29.793978
29.375894
28.541769
27.861765
27.516910
26.882035
26.059151
25.619609
24.784974
23.057801
20.856006
18.664428
15.997376
13.384138
10.610989
7.425036
4.431180
2.028602
-0.333786
-2.846718
-5.104031
-7.677078
-10.510513
-12.933356
-15.151671
-17.477444
-19.581999
-21.451882
-23.358209
-25.129489
-26.345594
-27.216843
-27.682781
-27.360916
-27.006013
-26.911327
-26.551485
-26.230471
-26.744264
-26.910135
-26.231664
-24.654695
-22.371496
-20.943199
-19.544022
-17.143999
-13.685397
-10.358947
-7.179635
-4.231419
-1.496587
0.826120
3.213372
6.129231
9.225607
12.458393
15.490055
17.912899
19.954443
22.087267
24.041619
25.990180
27.882712
29.108865
29.267243
28.988974
28.297390
27.396509
26.937893
26.477405
25.694541
25.075163
24.751084
23.629325
21.728788
19.747359
17.528023
14.846325
12.177399
9.481566
6.282330
3.585475
1.395600
-0.776393
-3.039496
-5.306005
-8.215223
-11.047465
-13.363021
-15.507426
-17.795052
-19.674812
-21.502631
-23.517949
-25.189604
-26.176316
-26.882546
-27.101380
-26.864665
-26.808126
-26.628460
-26.323795
-26.350021
-26.992900
-26.907751
-26.096957
-24.183137
-22.523063
-21.200691
-19.607374
-16.616072
-13.112341
-9.874957
-6.661415
-3.770590
-1.305512
1.037632
3.876345
7.010698
10.357244
13.469628
16.280924
18.618107
20.917824
23.034981
25.205442
27.281897
28.908423
29.617548
29.578720
29.344559
28.653826
27.853761
27.496134
27.040584
26.323625
25.852748
25.019816
23.415429
21.405390
19.239358
16.672441
14.036894
11.439494
8.373771
5.183390
2.558742
0.327485
-2.056360
-4.495042
-7.216930
-9.974412
-12.607234
-14.757769
-17.049823
-19.364868
-21.091018
-23.126262
-25.060688
-26.316302
-27.051313
-27.600697
-27.571065
-27.214970
-26.948282
-26.516063
-26.256187
-26.758569
-27.105127
-26.669673
-25.265557
-23.109232
-21.636656
-20.149265
-17.967735
-14.506578
-11.153732
-7.796288
-4.811798
-2.042907
0.305516
2.816064
5.766494
8.903061
11.998245
15.110629
17.670393
19.782952
21.883930
23.822614
25.817326
27.659450
28.948443
29.298919
29.215642
28.678519
27.724675
27.061020
26.826518
26.298932
25.529180
25.002786
23.973840
22.155046
20.066329
17.925841
15.373741
12.747049
9.944950
6.714037
3.771782
1.589911
-0.611544
-3.025021
-5.319629
-7.879904
-10.558878
-12.966054
-15.236991
-17.486470
-19.390753
-21.220786
-23.214136
-24.927003
-25.912694
-26.689768
-26.988472
-26.691130
-26.470934
-26.454244
-26.211398
-26.359218
-27.021681
-26.992900
-26.370117

