2.821173
6.410394
9.465558
12.540647
16.242266
20.112480
23.565463
26.658773
29.391902
31.689405
34.023694
36.162138
37.586348
38.516351
39.258174
39.394753
38.946867
38.349118
37.071705
35.223109
33.325127
31.518085
29.250724
26.681253
24.071080
21.378313
18.710579
15.684026
12.089184
8.370365
5.056688
1.299892
-2.407857
-5.595854
-8.748259
-12.328965
-15.828950
-19.121851
-22.331306
-25.063072
-27.061190
-29.213769
-31.363113
-33.605439
-35.355943
-36.500181
-36.930016
-37.147829
-37.470375
-37.467820
-37.079368
-36.619050
-35.697222
-34.231969
-32.515185
-30.156885
-27.570895
-24.982350
-22.111620
-18.447297
-14.878682
-11.340550
-7.599592
-3.771271
-0.060456
3.647123
7.224594
10.299853
13.578279
17.473187
21.119969
24.371147
27.321066
29.951675
32.329730
34.813200
36.800929
38.004773
38.860355
39.463554
39.479562
39.047173
38.364615
36.942107
34.986053
33.382518
31.393596
28.989315
26.424101
23.739168
21.002804
18.164771
14.934880
11.202948
7.706710
4.156998
0.193119
-3.487383
-6.637914
-10.217769
-13.922794
-17.116240
-20.369462
-23.643970
-26.082993
-28.112956
-30.322075
-32.677821
-34.770455
-36.370584
-37.108489
-37.334306
-37.760564
-37.956408
-37.758861
-37.278788
-36.778280
-35.551446
-34.066779
-32.077517
-29.554026
-26.732513
-23.925645
-20.683152
-17.038243
-13.571807
-9.835107
-5.945819
-2.100468
1.581226
5.309071
8.622578
11.766979
15.075207
19.056116
22.649935
25.901113
28.702191
31.034265
33.327171
35.569498
37.176098
38.122109
38.963727
39.494208
39.197036
38.615295
37.687506
35.958801
34.180880
32.345908
30.190263
27.633735
25.127445
22.295884
19.547258
16.870669
13.390779
9.574379
5.939007
2.310957
-1.597575
-4.874638
-8.008821
-11.532647
-14.954635
-18.144846
-21.331481
-24.306944
-26.405879
-28.276273
-30.539206
-32.867023
-34.651927
-36.002227
-36.588907
-36.895275
-37.271125
-37.386928
-37.206241
-36.943470
-36.155156
-34.764154
-33.086879
-30.913012
-28.401443
-25.714806
-23.028680
-19.657271
-16.094616
-12.421608
-8.664131
-4.908868
-1.219170
2.443280
6.104027
9.320123
12.372221
16.080652
19.982713
23.353951
26.384592
29.009070
31.413180
33.729928
35.901751
37.216629
38.227694
39.148842
39.342472
38.945505
38.462537
37.327664
35.504614
33.639499
31.957115
29.739141
27.235406
24.617059
21.909475
19.263370
16.148601
12.489557
8.604356
5.173853
1.410757
-2.482619
-5.785227
-9.010519
-12.565681
-16.022410
-19.382579
-22.579942
-25.396006
-27.451515
-29.397522
-31.764678
-33.826828
-35.485881
-36.682061
-37.217140
-37.491492
-37.919453
-38.013799
-37.639822
-37.187849
-36.169631
-34.560987
-32.795497
-30.370099
-27.700322
-24.875232
-21.916458
-18.309866
-14.652354
-11.073010
-7.219144
-3.390312
0.474283
4.268374
7.663795
10.667528
13.991765
17.849207
21.566153
24.823461
27.891057
30.473130
32.734871
35.098961
36.999839
38.163492
39.015157
39.644412
39.480584
39.129938
38.419281
36.769254
34.798043
33.062186
31.088761
28.528486
25.850364
23.178543
20.496675
17.768485
14.582361
10.698353
7.084097
3.543752
-0.416381
-4.030296
-7.087503
-10.412421
-13.994489
-17.227616
-20.482540
-23.583344
-26.050465
-27.840648
-29.954059
-32.250881
-34.271990
-35.869394
-36.592994
-36.809955
-37.177461
-37.515845
-37.382501
-36.884376
-36.309106
-35.091979
-33.558607
-31.470912
-28.894629
-26.289395
-23.653337
-20.496675
-16.888550
-13.411897
-9.690693
-5.919933
-2.027069
1.506635
5.084957
8.199385
11.149815
14.704806
18.507923
22.081648
25.333847
28.219223
30.619928
32.892397
35.272496
36.993197
37.835666
38.792746
39.417062
39.224114
38.815566
37.931885
36.045994
34.166915
32.547372
30.237266
27.788877
25.335380
22.716182
20.055430
17.208712
13.758455
10.013580
6.511722
2.917051
-0.888109
-4.329000
-7.454497
-11.016812
-14.587641
-17.746687
-21.192517
-24.244445
-26.564257
-28.525250
-30.837059
-33.209664
-35.201141
-36.455904
-37.065574
-37.413495
-37.920305
-38.037641
-37.756818
-37.303482
-36.615133
-35.171679
-33.495767
-31.230279
-28.753962
-25.975874
-23.120471
-19.605500
-16.133445
-12.562786
-8.815186
-4.893712
-1.201119
2.542394
6.349938
9.535040
12.671777
16.277688
20.204101
23.624386
26.800462
29.531547
31.833478
34.340790
36.598274
37.857975
38.775376
39.694650
39.940562
39.387941
38.656507
37.459476
35.571030
33.718348
31.776769
29.336555
26.725360
24.215494
21.381208
18.579279
15.600239
11.959246
8.120537
4.669939
0.768389
-2.955879
-6.119864
-9.317739
-12.821640
-16.259466
-19.525630
-22.822959
-25.369610
-27.244432
-29.468196
-31.694514
-33.997808
-35.431044
-36.351510
-36.860875
-37.207603
-37.576812
-37.314040
-36.981617
-36.490304
-35.430534
-33.990996
-32.069513
-29.744761
-27.162688
-24.463279
-21.607024
-18.111467
-14.644691
-11.087315
-7.199390
-3.435101
0.109843
3.727334
7.199900
10.163443
13.381072
17.258610
21.043335
24.240698
27.166775
29.674087
32.009227
34.429857
36.360536
37.453175
38.313525
39.026226
38.970879
38.596903
37.899869
36.368029
34.573248
32.823937
31.029156
28.681414
26.193687
23.555756
20.962954
18.279893
15.132598
11.371034
7.725954
4.358121
0.474112
-3.190211
-6.383317
-9.782655
-13.350759
-16.754355
-20.015580
-23.160321
-25.576864
-27.535643
-29.862608
-32.160963
-34.258366
-35.806894
-36.801781
-37.070853
-37.509884
-37.825789
-37.833282
-37.414346
-36.883014
-35.728216
-34.209490
-32.349995
-29.791253
-27.101891
-24.371488
-21.139894
-17.569065
-14.040811
-10.316542
-6.581034
-2.705881
1.102516
4.911082
8.327280
11.418206
14.968089
18.973010
22.482361
25.649582
28.643608
31.128781
33.528805
35.774027
37.516866
38.499662
39.365973
39.746591
39.513452
39.030824
37.990298
36.231279
34.386771
32.693318
30.522857
27.964115
25.329249
22.614343
19.848517
17.030750
13.514417
9.616954
6.062133
2.400194
-1.584802
-5.029781
-8.200918
-11.717762
-15.255553
-18.526316
-21.793161
-24.820226
-26.995455
-28.933116
-30.988285
-33.099311
-34.993035
-36.346401
-36.954880
-37.173884
-37.534067
-37.598951
-37.220716
-36.803484
-35.995926
-34.727539
-33.113446
-30.878782
-28.265374
-25.587933
-22.820915
-19.355672
-15.713998
-12.178762
-8.437463
-4.588025
-0.854049
2.747774
6.444454
9.582383
12.688807
16.396046
20.080635
23.450170
26.435511
29.115507
31.330415
33.699615
35.913161
37.326813
38.170644
38.954871
39.126532
38.800240
38.072382
37.097931
35.345384
33.478226
31.746626
29.520137
26.990175
24.426154
21.804741
18.966198
16.091040
12.427739
8.766992
5.298001
1.609325
-2.204520
-5.455528
-8.699042
-12.314320
-15.711784
-18.957683
-22.217887
-24.970429
-27.008738
-29.072932
-31.310490
-33.625875
-35.338913
-36.469017
-36.838395
-37.213223
-37.670476
-37.722247
-37.455899
-37.187849
-36.238091
-34.784249
-33.108847
-30.774048
-28.183290
-25.369951
-22.423949
-18.822295
-15.380893
-11.726107
-7.901703
-3.896952
-0.268391
3.566572
7.233109
10.446651
13.565847
17.412049
21.233218
24.429730
27.473313
30.102559
32.415901
34.920829
36.996092
38.196189
39.115463
39.800065
39.743355
39.261580
38.592986
37.184613
35.228218
33.443485
31.543289
29.114485
26.394810
23.602928
20.724365
17.954963
14.780590
10.904755
7.289818
3.707750
-0.061137
-3.766332
-7.022449
-10.397945
-14.031274
-17.304931
-20.567860
-23.764202
-26.131698
-28.080940
-30.422551
-32.661131
-34.472431
-36.023174
-36.912986
-37.267038
-37.512268
-37.688698
-37.396976
-36.897148
-36.536625
-35.268750
-33.653634
-31.758206
-29.236589
-26.395661
-23.552179
-20.340340
-16.732556
-13.264247
-9.508133
-5.694287
-2.027239
1.678807
5.251850
8.459432
11.434555
14.855351
18.739189
22.230659
25.364842
28.164727
30.576672
32.837561
35.087040
36.624159
37.587540
38.486549
38.959129
38.698571
38.394417
37.501369
35.794973
33.784083
32.080071
29.972110
27.426992
24.915593
22.265571
19.817182
17.207009
13.720478
9.865931
6.316219
2.797672
-0.956229
-4.188674
-7.429293
-10.886703
-14.279229
-17.584051
-20.902497
-23.832491
-25.991883
-28.061186
-30.406543
-32.765695
-34.600837
-36.029986
-36.637613
-36.957945
-37.470715
-37.799222
-37.625517
-37.244218
-36.522491
-35.036291
-33.400570
-31.192984
-28.575148
-25.983027
-23.249728
-19.882236
-16.286884
-12.728316
-8.997747
-5.131619
-1.263448
2.470187
6.202800
9.286233
12.406281
16.177382
20.105328
23.604802
26.832819
29.730627
32.144955
34.492186
36.647831
38.100140
38.986887
39.818287
40.070840
39.762769
39.152077
37.746770
35.714422
33.870254
32.010589
29.659101
27.031728
24.523565
21.749054
19.011668
15.826225
11.931487
8.123602
4.622596
0.748123
-3.183058
-6.388256
-9.586981
-13.151680
-16.618967
-19.903694
-23.195233
-25.920357
-27.963775
-29.858521
-32.118218
-34.293618
-36.013637
-37.124327
-37.372453
-37.580218
-37.930012
-37.812165
-37.212372
-36.715099
-35.583803
-34.006664
-32.178504
-29.538359
-26.929038
-24.195058
-21.086420
-17.518316
-14.033318
-10.331358
-6.646258
-2.749647
0.942945
4.508155
7.880415
10.846002
14.254706
18.038920
21.645852
24.850709
27.847631
30.290059
32.558611
34.904821
36.787646
37.747792
38.529634
39.019925
38.944823
38.649695
37.804501
36.180871
34.281015
32.655852
30.627080
28.085538
25.584017
23.083857
20.357541
17.588990
14.528888
10.686261
7.133654
3.594330
-0.246423
-3.823723
-6.801060
-10.292700
-13.885498
-17.153195
-20.307132
-23.522888
-25.894472
-27.872154
-30.100346
-32.523870
-34.483841
-35.888297
-36.592313
-36.921671
-37.402596
-37.690571
-37.651403
-37.206411
-36.692108
-35.399539
-33.893585
-31.778472
-29.355117
-26.644639
-23.993935
-20.751102
-17.180613
-13.662406
-9.802239
-5.924872
-2.186469
1.578501
5.347899
8.589200
11.883633
15.447651
19.336769
22.961753
26.358025
29.104948
31.635591
34.050260
36.237070
37.728207
38.662638
39.655311
40.079866
39.713212
39.125511
38.034746
36.249501
34.432752
32.543455
30.291762
27.831963
25.315796
22.535154
19.720963
16.780070
13.073683
9.165321
5.540507
1.842124
-2.012253
-5.484990
-8.910894
-12.422289
-16.049317
-19.291639
-22.570576
-25.621142
-27.582305
-29.615675
-31.905515
-34.132685
-35.731452
-36.943129
-37.482296
-37.687165
-37.937335
-37.812505
-37.443127
-37.057229
-36.113773
-34.598112
-32.809121
-30.390024
-27.884245
-24.983713
-22.038903
-18.431629
-14.944417
-11.161055
-7.442406
-3.541538
0.188862
3.955875
7.515635
10.636023
13.806139
17.609426
21.363837
24.626596
27.556590
29.988459
32.289198
34.559114
36.530154
37.703684
38.661786
39.341961
39.213215
38.713898
38.096905
36.807231
34.801960
33.030340
31.087399
28.692824
26.080779
23.579427
20.918335
18.110446
14.956338
11.143684
7.455008
4.089049
0.340939
-3.461667
-6.621565
-9.821142
-13.312272
-16.703435
-19.962447
-23.131711
-25.590318
-27.552332
-29.697078
-32.106979
-34.099817
-35.661118
-36.543608
-36.741495
-37.024532
-37.425246
-37.409067
-37.225144
-36.854233
-35.604920
-34.256322

