16.562768
18.577916
20.838124
22.469248
23.738657
25.149073
26.394299
27.636800
27.772699
27.290072
26.379994
24.701868
22.971971
20.895515
18.464838
15.798296
13.133287
10.063308
6.707055
3.237554
-0.390155
-4.821164
-8.452960
-11.395897
-14.403718
-17.236982
-19.996507
-22.039413
-23.644481
-25.640726
-26.857512
-27.852569
-28.344222
-28.660127
-28.667961
-27.407919
-25.627272
-23.534979
-21.306276
-19.382409
-16.766105
-13.793196
-10.844810
-7.581370
-4.269736
-1.031160
1.830203
4.962002
8.497068
11.590379
14.046771
16.128676
18.084390
20.304237
21.951028
23.144654
24.515901
25.924955
27.292286
27.635608
27.254479
26.535307
24.862630
23.294347
21.482876
19.081661
16.482047
13.776847
10.844810
7.475785
4.056352
0.490802
-3.892183
-7.749285
-10.678087
-13.798646
-16.653367
-19.483055
-21.676847
-23.271186
-25.271858
-26.679039
-27.669838
-28.319870
-28.634753
-28.778996
-27.706453
-26.089123
-24.108887
-22.084032
-20.228965
-17.769848
-14.800855
-11.769193
-8.470501
-5.188329
-1.916204
1.063858
4.204852
7.878542
11.183023
13.719286
15.836954
17.869643
20.180259
21.940810
23.293155
24.606671
25.922741
27.344227
27.726207
27.455432
26.797567
25.277819
23.705619
21.797078
19.404377
16.825029
14.075892
11.216913
8.020912
4.523311
1.039164
-3.309420
-7.324219
-10.384662
-13.444253
-16.315835
-19.213131
-21.525111
-23.310525
-25.338616
-26.877948
-27.958836
-28.642927
-29.065779
-29.189416
-28.207983
-26.590484
-24.386133
-22.197281
-20.282098
-17.855849
-14.875787
-11.539119
-8.318595
-5.087001
-1.564537
1.370396
4.388435
7.884502
11.217424
13.691698
15.864032
17.952578
19.971643
21.608727
22.888184
24.212769
25.341511
26.764359
27.321066
26.920864
26.254824
24.707828
22.952386
21.222319
18.972329
16.480684
13.815505
11.058024
7.934400
4.625150
1.175404
-2.891506
-6.858110
-9.950910
-12.867451
-15.634298
-18.376112
-20.746504
-22.442511
-24.460895
-26.027986
-27.201005
-27.894633
-28.362955
-28.575488
-27.804886
-26.411670
-24.570738
-22.455284
-20.729814
-18.376112
-15.561410
-12.538603
-9.225777
-5.902563
-2.689532
0.549725
3.493854
7.112707
10.508980
13.264247
15.425001
17.442703
19.636324
21.484750
22.957325
24.314097
25.548594
27.025938
27.624709
27.426311
26.756695
25.347812
23.589305
21.828924
19.427197
16.953945
14.238358
11.576755
8.497919
5.143200
1.593828
-2.490963
-6.724255
-9.798663
-12.764760
-15.630892
-18.433332
-20.990201
-22.891419
-24.712937
-26.442323
-27.636460
-28.348139
-28.707811
-28.937885
-28.319529
-26.794502
-25.010279
-22.704772
-20.851919
-18.530403
-15.797445
-12.640442
-9.249619
-5.974259
-2.524853
0.504766
3.441913
6.936448
10.423490
13.142484
15.559707
17.512696
19.666978
21.646023
22.938592
24.318525
25.545870
26.974508
27.807099
27.607679
27.051483
25.673423
23.910318
22.224528
19.948483
17.389229
14.582872
11.872394
8.649656
5.093472
1.687663
-2.370732
-6.673166
-9.962491
-12.833732
-15.711103
-18.420901
-20.832334
-22.612299
-24.411508
-26.096957
-27.260440
-28.124877
-28.408425
-28.544324
-27.958666
-26.517596
-24.695737
-22.574493
-20.705632
-18.732718
-15.965870
-12.934549
-9.661913
-6.332397
-3.046308
-0.060116
2.862045
6.217957
9.715727
12.498583
14.942714
16.987835
19.021545
21.109751
22.660153
23.967879
25.309324
26.540416
27.481658
27.514866
26.974167
25.843893
24.061203
22.452729
20.260811
17.654044
15.093429
12.334074
9.249619
5.830015
2.450943
-1.483474
-5.800554
-9.275164
-12.209926
-15.205996
-18.073491
-20.562240
-22.485767
-24.206127
-25.925977
-27.190787
-28.072425
-28.582471
-28.860739
-28.412512
-26.856491
-25.076696
-22.769826
-20.715679
-18.692357
-15.928745
-12.872900
-9.671790
-6.469148
-3.038985
0.078508
3.037282
6.196158
9.573698
12.446812
14.771734
16.705479
18.762009
20.807641
22.224528
23.557799
24.858032
26.256698
27.279343
27.277810
26.695047
25.593553
23.988485
22.388186
20.352261
17.920903
15.363864
12.649809
9.683200
6.224769
2.833435
-1.005445
-5.242654
-8.726120
-11.675358
-14.769179
-17.510993
-20.258767
-22.261143
-23.916108
-25.802680
-27.086394
-28.210027
-28.600522
-28.871298
-28.510945
-27.220760
-25.559664
-23.421901
-21.379164
-19.405058
-16.738347
-13.676882
-10.357414
-7.099083
-3.696169
-0.376872
2.749647
5.956548
9.523630
12.573515
14.997210
16.995668
19.045898
21.085909
22.548267
23.934330
25.121314
26.309831
27.467353
27.466331
26.819706
25.589125
23.947273
22.296565
20.250252
17.667328
15.277011
12.576239
9.736504
6.465742
2.789327
-0.935963
-5.137580
-8.647272
-11.428595
-14.339004
-17.116410
-20.030226
-21.952902
-23.685013
-25.480645
-26.837247
-27.896506
-28.384243
-28.660468
-28.554201
-27.365174
-25.720426
-23.597990
-21.383081
-19.600732
-16.905580
-13.900314
-10.664293
-7.377182
-3.974438
-0.804833
2.231598
5.347388
9.037767
12.117284
14.569930
16.752141
18.698147
20.747525
22.411857
23.664747
24.921043
26.285989
27.555057
27.746814
27.340821
26.421547
24.652481
22.929055
20.937579
18.453768
15.877656
13.276849
10.234288
6.673506
3.160919
-0.512600
-4.777227
-8.563825
-11.511871
-14.490741
-17.249925
-19.875084
-22.027322
-23.671048
-25.603260
-27.000734
-28.061696
-28.529167
-28.733696
-28.616360
-27.433123
-25.872503
-23.698977
-21.644831
-19.751276
-17.179080
-14.158998
-11.055980
-7.705688
-4.379409
-1.066242
1.975979
5.138431
8.726290
11.845827
14.528888
16.626971
18.643141
20.837614
22.410154
23.655891
25.050810
26.266064
27.442489
27.626753
27.181591
26.320219
24.728434
23.054225
21.066836
18.439293
16.020366
13.341222
10.536058
7.201093
3.854718
0.275884
-4.024676
-7.927588
-10.875804
-13.776677
-16.446965
-19.190482
-21.469934
-23.135287
-24.915082
-26.370968
-27.446917
-27.970587
-28.333153
-28.330428
-27.337074
-25.673253
-23.630517
-21.572624
-19.810540
-17.401321
-14.500448
-11.401006
-8.220843
-5.016497
-1.681702
1.258169
4.241296
7.682358
10.816710
13.416154
15.566519
17.569406
19.791978
21.552358
22.919008
24.233886
25.687218
27.133056
27.615002
27.292797
26.636635
25.258405
23.595095
21.813086
19.428560
16.970464
14.282806
11.320455
7.912431
4.460130
0.811304
-3.533363
-7.585628
-10.674511
-13.805798
-16.621522
-19.447122
-21.748372
-23.401635
-25.320734
-26.886804
-28.100014
-28.744255
-29.013838
-28.990337
-27.880158
-26.307787
-24.252278
-22.170544
-20.346471
-17.854146
-14.822994
-11.612007
-8.338009
-4.970516
-1.561642
1.431363
4.542725
7.947683
11.363711
14.026506
16.159841
18.040112
20.045042
21.887166
23.192338
24.544001
25.798593
27.042798
27.492217
27.090992
26.276793
24.846622
23.123877
21.243266
18.908978
16.387531
13.753005
10.972023
7.700580
4.353353
0.881978
-3.249986
-7.324389
-10.313817
-13.250113
-16.025816
-18.776655
-21.253654
-22.933824
-24.873359
-26.449817
-27.575152
-28.293814
-28.663703
-28.777804
-27.990171
-26.384251
-24.429049
-22.200516
-20.380190
-18.012864
-15.127999
-11.961971
-8.872237
-5.533184
-2.107620
0.962700
3.862722
7.211992
10.657651
13.365575
15.588828
17.525128
19.645180
21.555083
22.906406
24.149248
25.516919
26.906048
27.671882
27.368750
26.826348
25.407416
23.842880
22.128139
19.771542
17.369645
14.869486
12.053932
8.811099
5.357265
1.882826
-2.217463
-6.478344
-9.586981
-12.618133
-15.571969
-18.434354
-21.022899
-22.792986
-24.594579
-26.421036
-27.761630
-28.638499
-28.916427
-29.121808
-28.608186
-27.134929
-25.259256
-23.270335
-21.412373
-19.187927
-16.363348
-13.129030
-9.941203
-6.657498
-3.110341
0.078167
3.142187
6.544931
10.255916
13.230698
15.646560
17.629351
19.857373
22.001096
23.269313
24.550983
25.847299
27.237960
27.987616
27.710199
27.109725
25.814942
23.947954
22.098848
19.777502
17.182146
14.546258
11.769703
8.577449
5.234650
1.809597
-2.256121
-6.641490
-9.829317
-12.800864
-15.424490
-18.227100
-20.615033
-22.309337
-24.168321
-25.940963
-27.190277
-27.989660
-28.278146
-28.479951
-27.882542
-26.453393
-24.535826
-22.443874
-20.545891
-18.448148
-15.691178
-12.693235
-9.521927
-6.170273
-2.686807
0.332424
3.148147
6.294250
9.598221
12.377160
14.610291
16.748394
18.855333
20.882913
22.314617
23.539748
24.867398
26.165077
27.218206
27.235065
26.775258
25.785991
24.174622
22.526298
20.346131
17.927715
15.226773
12.564319
9.619508
6.289652
2.890314
-0.878913
-5.358117
-8.841923
-11.733089
-14.698335
-17.536708
-20.150798
-21.921396
-23.539237
-25.372846
-26.750224
-27.839797
-28.281382
-28.651442
-28.287172
-26.898725
-25.107690
-22.943360
-21.127803
-19.157444
-16.451733
-13.698169
-10.420595
-7.358789
-3.788642
-0.618356
2.292395
5.689519
9.151016
12.094123
14.472689
16.516277
18.731696
20.856517
22.444044
23.832662
25.249890
26.682615
27.638503
27.593715
27.216332
26.226384
24.648053
22.924287
20.850727
18.431970
15.754359
12.984957
9.893690
6.583759
3.152405
-0.677449
-5.052090
-8.612360
-11.624268
-14.686755
-17.582519
-20.355327
-22.305931
-24.018458
-25.909288
-27.187041
-28.269972
-28.782061
-28.964962
-28.843369
-27.441127
-25.729963
-23.513862
-21.439280
-19.359248
-16.497033
-13.715710
-10.613884
-7.364409
-3.866979
-0.522477
2.386911
5.573886
9.121384
12.151003
14.604500
16.566515
18.543686
20.648071
22.143636
23.395845
24.724518
26.063408
27.274915
27.445555
27.032580
26.050636
24.449144
22.799117
20.911864
18.595287
16.136340
13.261012
10.495186
7.112537
3.662620
0.089918
-4.340581
-7.891314
-10.788952
-13.709749
-16.608068
-19.361973
-21.458524
-23.117065
-25.085381
-26.591676
-27.645145
-28.279339
-28.705597
-28.617552
-27.503116
-25.894301
-23.968220
-21.977765
-20.082338
-17.485278
-14.618465
-11.516469
-8.230720
-4.875660
-1.553297
1.347746
4.506452
8.061954
11.349576
13.869320
16.047784
18.045051
20.277500
21.912541
23.219756
24.697099
25.987625
27.392081
27.654682
27.240004
26.383230
24.820226
23.112808
21.288565
18.914597
16.382592
13.721500
10.964870
7.701261
4.353183
0.749316
-3.566401
-7.437978
-10.193246
-13.080495
-15.994140
-18.658979
-20.945583
-22.724186
-24.672236
-26.325839
-27.450493
-28.163024
-28.525931
-28.596095
-27.663367
-26.171207
-24.169513
-22.196770
-20.309857
-17.791816
-14.924833
-11.897087
-8.426053
-5.126340
-1.735858
1.173701
4.216773
7.727146
10.875804
13.466733
15.768153
17.845631
20.150798
21.828754
23.025445
24.409464
25.688240
27.013506
27.581453
27.264527
26.624373
25.089979
23.317848
21.443026
19.182818
16.604832
13.930968
11.191709
7.962670
4.453829
1.037632
-3.312145
-7.361174
-10.447162
-13.445786
-16.240903
-18.989188
-21.209887
-22.876944
-24.721622
-26.151623
-27.371815
-28.189591
-28.500727
-28.522355
-27.480296
-25.946242
-24.092027
-21.984577
-20.260981
-17.977101
-15.178408
-12.255056
-8.985996
-5.592448
-2.276557
0.644752
3.721373
7.093293
10.460615
13.122899
15.505212
17.565659

