16.948496
15.356541
13.293879
10.588510
7.871389
4.876001
0.869547
-2.908366
-5.917038
-8.074897
-10.372911
-13.171264
-15.421765
-17.858914
-20.080635
-22.110769
-24.361781
-26.051828
-27.070216
-27.046374
-25.503976
-24.241209
-22.509950
-21.135807
-20.851919
-20.480326
-19.276142
-16.849892
-14.074360
-11.600086
-7.602658
-2.866983
1.462017
4.933732
7.355213
9.579148
11.781113
14.243296
17.264741
19.819055
22.046566
24.164404
26.158265
27.589457
27.732509
26.655708
24.467536
22.528001
21.066155
19.630705
18.420901
17.287220
15.719448
13.735635
11.071137
8.251156
5.351135
1.527922
-2.324070
-5.483627
-7.707221
-9.989909
-12.876477
-15.120677
-17.437254
-19.788401
-21.838290
-24.211577
-25.996481
-27.176993
-27.371304
-25.893279
-24.577039
-22.928034
-21.352938
-21.096809
-20.748547
-19.688266
-17.387356
-14.530761
-12.052059
-8.317402
-3.407342
0.952312
4.561629
7.036413
9.237187
11.326585
13.796432
16.722168
19.346476
21.641254
23.815802
25.882040
27.546201
27.919327
26.972634
25.069203
23.177181
21.847486
20.478112
19.223860
18.027510
16.504696
14.566353
11.867625
9.129729
6.134340
2.178805
-1.885380
-5.428450
-7.805995
-10.074207
-13.013397
-15.352624
-17.809357
-20.271199
-22.287709
-24.733032
-26.537521
-27.590990
-27.901615
-26.410988
-24.910314
-23.242235
-21.548101
-20.945583
-20.491225
-19.435712
-17.108577
-14.237336
-11.768511
-8.144208
-3.277234
1.177788
4.772118
7.326433
9.365593
11.346681
13.830321
16.650472
19.229991
21.388020
23.403679
25.609050
27.126585
27.417966
26.734386
24.731840
22.754669
21.256719
19.924641
18.626962
17.619133
16.354322
14.400312
11.778048
9.045090
6.353174
2.541883
-1.450096
-4.859652
-7.365091
-9.584597
-12.473890
-14.964853
-17.212800
-19.643307
-21.707671
-24.170365
-26.123864
-27.356318
-27.758394
-26.492732
-24.880682
-23.290941
-21.596977
-20.987477
-20.547935
-19.533804
-17.422267
-14.523268
-12.051548
-8.584091
-3.822531
0.833103
4.568781
7.304805
9.393692
11.243309
13.370344
16.120332
18.643652
20.877804
22.854975
24.953570
26.748521
27.257034
26.433468
24.682454
22.577558
21.185705
19.986119
18.859931
17.805951
16.483068
14.722177
12.202603
9.600946
6.976128
3.337009
-0.565222
-4.159893
-6.656306
-8.867468
-11.702606
-14.310735
-16.617945
-19.270352
-21.343061
-23.813248
-25.763682
-27.002607
-27.622155
-26.727063
-25.238991
-23.901633
-22.167308
-21.494286
-21.170889
-20.322118
-18.430948
-15.738521
-13.004882
-9.759324
-5.025182
-0.224624
3.761905
6.749289
8.990083
11.147090
13.343096
16.310896
19.035680
21.445921
23.406233
25.619439
27.561699
28.171539
27.576004
25.697095
23.456471
21.797759
20.354986
18.980162
18.021209
16.629526
14.757599
12.273959
9.378025
6.714889
3.149339
-0.863586
-4.349777
-6.889275
-8.981058
-11.776686
-14.381579
-16.586781
-19.119637
-21.201202
-23.574318
-25.633914
-26.987961
-27.814252
-26.822431
-25.284290
-23.949487
-22.276810
-21.426678
-21.107878
-20.293849
-18.356868
-15.549830
-12.942893
-9.829147
-5.215917
-0.595706
3.483295
6.650346
8.893694
11.021921
13.240235
16.028711
18.781083
20.971979
23.068360
25.241205
27.221271
28.149230
27.631692
25.843893
23.611954
21.890572
20.464318
19.023759
18.070936
16.780581
14.884131
12.486151
9.785209
7.097721
3.662620
-0.592300
-4.247768
-6.834609
-8.961814
-11.611836
-14.335428
-16.458716
-18.955469
-21.050487
-23.119790
-25.267771
-26.572432
-27.342864
-26.538202
-24.886642
-23.457663
-21.788563
-20.819562
-20.608902
-20.075526
-18.333367
-15.725919
-13.075215
-10.174513
-5.803619
-1.126698
2.759184
5.768027
7.910558
10.042020
12.124947
14.943395
17.843928
20.139728
22.295713
24.498701
26.518617
27.486426
27.378457
25.903497
23.882900
22.175312
20.837273
19.633259
18.625770
17.316171
15.594959
13.334070
10.510002
7.873263
4.508325
0.387090
-3.345013
-6.226982
-8.487872
-11.251484
-13.978311
-16.245161
-18.757922
-20.940815
-23.135969
-25.492736
-26.904515
-27.942487
-27.456284
-25.852919
-24.340664
-22.585051
-21.434511
-21.166972
-20.427874
-18.885647
-16.170740
-13.280596
-10.472706
-6.058046
-1.413992
2.816916
6.067923
8.380243
10.408504
12.436254
15.042169
17.932483
20.225729
22.225210
24.357694
26.443686
27.442830
27.295521
25.937898
23.976735
22.174290
20.846299
19.583872
18.550839
17.351764
15.715701
13.422796
10.682855
8.148806
4.822527
0.603369
-3.173351
-6.209782
-8.536066
-11.267662
-13.984442
-16.193730
-18.716369
-21.104983
-23.070914
-25.387321
-26.711736
-27.539900
-27.445384
-25.831461
-24.353947
-22.559507
-21.219764
-20.869119
-20.259789
-18.964325
-16.220467
-13.444764
-10.650499
-6.498269
-1.792737
2.445323
5.842788
8.115258
10.141134
12.156282
14.704125
17.813614
19.997529
22.123201
24.207830
26.320389
27.486256
27.492557
26.062216
23.972648
22.017104
20.713466
19.449336
18.406766
17.409836
15.742779
13.542856
10.925020
8.306333
5.171980
1.238585
-2.480405
-5.481073
-7.642508
-10.065692
-13.032981
-15.365907
-17.872197
-20.256724
-22.407770
-24.673939
-26.331118
-27.581624
-27.603933
-26.067836
-24.675812
-23.131541
-21.797589
-21.466017
-20.885638
-19.458021
-16.952753
-14.045920
-11.417185
-7.398469
-2.563681
1.829692
5.466938
7.989066
10.187115
12.228148
14.881236
17.722164
20.156247
22.245475
24.292810
26.328393
27.704069
27.720588
26.520320
24.414573
22.410154
20.912715
19.422770
18.369641
17.169203
15.592575
13.563633
10.784183
8.086136
5.246231
1.220022
-2.662625
-5.846364
-8.060762
-10.260684
-12.963329
-15.198163
-17.585754
-20.127807
-22.011484
-24.376086
-26.007550
-27.109725
-27.111939
-25.621823
-24.220773
-22.656918
-21.243947
-20.867756
-20.461423
-19.397225
-17.234428
-14.491252
-11.855534
-8.104699
-3.373963
1.030139
4.502875
7.048845
9.068080
11.230877
13.779742
16.774961
19.402163
21.669524
23.836408
26.065792
27.587243
27.789218
26.861429
24.920702
22.906406
21.370990
19.884791
18.730164
17.724207
16.181469
14.183181
11.563131
8.808545
5.819798
1.996926
-1.986708
-5.305665
-7.706540
-9.987865
-12.760333
-15.118122
-17.442363
-19.858054
-21.770511
-24.122681
-26.007210
-27.251925
-27.560507
-26.251759
-24.787188
-23.216861
-21.590335
-21.151645
-20.728622
-19.715514
-17.496688
-14.631237
-12.093272
-8.450747
-3.716946
0.835657
4.526547
7.238047
9.392159
11.333227
13.668878
16.500439
19.081320
21.391085
23.593392
25.833334
27.427162
27.824981
27.036156
25.034462
23.128646
21.603278
20.444904
19.278186
18.108572
16.551529
14.436075
11.809894
9.095158
6.325245
2.543075
-1.506805
-4.966600
-7.495369
-9.884153
-12.756927
-15.246357
-17.682314
-20.160164
-22.095272
-24.323463
-26.154859
-27.390037
-27.772018
-26.494094
-24.915763
-23.348502
-21.544014
-20.764215
-20.255532
-19.254003
-17.198154
-14.386858
-11.946474
-8.571659
-3.838028
0.725474
4.469667
7.236685
9.226629
11.205673
13.357060
16.122716
18.710749
20.941496
22.972652
25.204761
26.777472
27.324472
26.732343
24.840321
22.700514
21.152667
19.979818
18.865211
17.930610
16.606195
14.838491
12.414626
9.734460
6.997926
3.496068
-0.603199
-4.059758
-6.700584
-8.818592
-11.760167
-14.246872
-16.597169
-19.315651
-21.372012
-23.674624
-25.876931
-27.253968
-28.004306
-27.009760
-25.510107
-24.144139
-22.332668
-21.601915
-21.270343
-20.378317
-18.317870
-15.320948
-12.590374
-9.426900
-4.813331
-0.129598
3.992830
7.094315
9.232249
11.347021
13.634477
16.235283
18.919536
21.186726
23.140567
25.345768
27.071238
27.644805
27.208839
25.399242
23.189272
21.413054
20.130362
18.927370
17.938784
16.547782
14.833382
12.553760
9.666341
7.028069
3.593990
-0.433411
-4.137584
-6.925038
-9.022611
-11.630910
-14.287063
-16.548634
-19.129004
-21.260296
-23.511818
-25.627783
-26.990005
-27.644294
-26.779686
-25.238820
-23.937907
-22.146361
-21.330799
-20.857028
-20.237139
-18.383775
-15.498059
-12.929099
-9.934902
-5.458082
-0.706741
3.371239
6.486688
8.773804
10.796785
13.083220
15.791655
18.609081
20.953076
23.023231
25.063242
26.931592
27.840819
27.611767
25.939771
23.710557
21.910838
20.384278
18.935885
17.773424
16.570772
14.822653
12.454646
9.703125
7.000140
3.806523
-0.282867
-3.953321
-6.674017
-8.813994
-11.296613
-13.882433
-16.049487
-18.529722
-20.543167
-22.773572
-24.998188
-26.384592
-27.285644
-26.789563
-25.136130
-23.874215
-22.102935
-20.997184
-20.830972
-20.382745
-18.885306
-16.141108
-13.396229
-10.576078
-6.269898
-1.607452
2.565895
5.681515
7.960967
10.055814
12.186936
14.935562
17.745154
20.246846
22.535665
24.558306
26.747159
27.661324
27.685336
26.208844
24.056775
22.434848
21.034309
19.616399
18.542664
17.272064
15.640770
13.254881
10.477304
7.807357
4.647800
0.674725
-3.311123
-6.381444
-8.539472
-11.111157
-13.849735
-16.206162
-18.691846
-20.832334
-22.936038
-25.198460
-26.733364
-27.662005
-27.341843
-25.806597
-24.378470
-22.489684
-21.166972
-20.775795
-20.246165
-18.862997
-16.179936
-13.458558
-10.845831
-6.630421
-1.927785
2.285072
5.742652
8.025510
10.135003
12.111323
14.652865
17.452751
19.996337
22.333690
24.165256
26.244266
27.425630
27.517421
26.283605
24.042640
22.211586
20.905563
19.622360
18.604824
17.414604
15.860115
13.713155
10.924510
8.184229
5.149330
1.176085
-2.663817
-5.714382
-7.896253
-10.402884
-13.222524
-15.570947
-17.969608
-20.267112
-22.236960
-24.763686
-26.270662
-27.333328
-27.397360
-25.888852
-24.715321
-22.945234
-21.549634
-21.108900
-20.677192
-19.319398
-16.802549
-13.936077
-11.352130
-7.525512
-2.704859
1.589230
5.045448
7.624115
9.782314
11.879887
14.293194
17.043863
19.516434
21.711418
23.652145
25.716169
27.211564
27.470589
26.454074
24.353095
22.495815
21.090848
19.896712
18.767289
17.692702
16.209398
14.292513
11.633464
8.953299
6.191390
2.218655
-1.690217
-5.078827
-7.478339
-9.883983
-12.776852
-15.181984
-17.615046
-20.055771
-22.234406
-24.687563
-26.425294
-27.538027
-27.707815
-26.335205
-24.980647
-23.414237
-21.729640
-21.230834
-20.945753
-19.783122
-17.444406
-14.584405
-11.975084
-8.367641
-3.479719
0.948565
4.648481
7.337672
9.461982
11.534861
14.036894
16.846657
19.491911
21.839142
23.781061
25.818348
27.588095
27.928523
27.074984
24.980307
22.969757
21.495649
19.909314
18.582514
17.540285
16.085420
14.251471
11.514255
8.740425
6.055662
2.372776
-1.631805
-4.968813
-7.422992
-9.598732
-12.450388
-14.932156
-17.245156
-19.584043
-21.642787
-24.012327
-25.863477
-27.037859
-27.578388
-26.268618
-24.911846
-23.363829
-21.757058
-21.236624
-20.939452
-20.075185
-17.905406
-15.055452
-12.480021
-8.939164
-4.279613
0.173705
3.934077
6.789310
9.093625
11.097533
13.342585
16.211782
18.876621
21.236965
23.337262
25.420870
27.178526
27.799095
27.112961
25.126764
23.200512
21.687235
20.350899
19.083534
18.230336
16.891445

