26.947430
28.586047
28.933457
28.241021
27.273893
25.245803
23.072447
21.687065
20.227773
18.565655
16.404390
13.928073
11.363200
8.328642
5.146776
1.225301
-3.107446
-6.811108
-9.765795
-12.402194
-15.074866
-17.696960
-19.800833
-22.180762
-24.572441
-26.870796
-28.784445
-30.158247
-30.937195
-30.311516
-29.075146
-27.266570
-24.880341
-23.212433
-21.724701
-19.747530
-17.138379
-13.849906
-11.290482
-7.638250
-2.522639
2.676419
6.946155
10.329826
13.312442
16.078779
18.237318
20.207848
22.074325
23.275784
24.885791
26.656049
28.487103
29.037169
28.326682
27.503116
25.676659
23.441996
21.918501
20.540612
18.853290
16.798462
14.510325
12.037243
9.092093
5.822011
2.037968
-2.404792
-6.337677
-9.418045
-12.020724
-14.617443
-17.312765
-19.451720
-21.842718
-24.252108
-26.464633
-28.593200
-29.924938
-30.800274
-30.449288
-29.227052
-27.548926
-25.302001
-23.387500
-21.958011
-20.182814
-17.724037
-14.644521
-11.808702
-8.436441
-3.580877
1.605068
6.019558
9.554625
12.552568
15.484095
17.828430
19.830465
21.872520
23.176670
24.727413
26.579755
28.371811
29.295853
28.797899
28.043645
26.428699
23.990359
22.284474
20.865202
19.257580
17.094953
14.720304
12.249776
9.436096
6.184408
2.643040
-1.824243
-5.891834
-9.099756
-11.859451
-14.430455
-17.131908
-19.288574
-21.507740
-23.958853
-26.083674
-28.422219
-30.036654
-30.923060
-30.800956
-29.566799
-27.960709
-25.639193
-23.408958
-22.120987
-20.387854
-18.050500
-14.841897
-11.900493
-8.733102
-4.172325
1.022986
5.695479
9.283168
12.225594
15.040806
17.424652
19.313608
21.500928
22.786515
24.169854
25.931086
27.717182
28.796877
28.439079
27.628286
26.259763
24.109568
22.295032
21.079949
19.505875
17.493793
15.204293
12.854678
10.215725
7.211651
3.840753
-0.551769
-4.778590
-8.158854
-10.976962
-13.560908
-16.356196
-18.650634
-20.821265
-23.295198
-25.411163
-27.755329
-29.456275
-30.643940
-30.769961
-29.784952
-28.228589
-26.038545
-23.785830
-22.288901
-20.786864
-18.782616
-15.851430
-12.888227
-9.982075
-5.703313
-0.427280
4.612889
8.263929
11.297464
14.157976
16.707182
18.687759
20.897048
22.452729
23.951530
25.788546
27.593885
28.948614
28.888157
28.165068
26.959862
24.799109
22.940806
21.731002
20.290273
18.388374
16.092062
13.584069
10.865927
7.747923
4.339899
0.262090
-4.095691
-7.644040
-10.516133
-13.159513
-16.060557
-18.509797
-20.754678
-23.368256
-25.427682
-27.771507
-29.582466
-30.884913
-31.265702
-30.359370
-29.054029
-26.884760
-24.525779
-22.892100
-21.292482
-19.145693
-16.094276
-12.941701
-10.078464
-6.056513
-0.723260
4.399334
8.341585
11.649132
14.685392
17.187084
19.243104
21.140405
22.586243
23.975713
25.555066
27.350698
28.780699
28.758390
28.076002
26.857683
24.785825
22.568362
21.134274
19.738844
17.901489
15.647922
13.386522
10.743311
7.660048
4.354375
0.332424
-3.957919
-7.530791
-10.364567
-12.793030
-15.325206
-17.839159
-19.966705
-22.470951
-24.543490
-26.742220
-28.664385
-29.821566
-30.197757
-29.517582
-28.243576
-26.441813
-24.100542
-22.455624
-21.101747
-19.248724
-16.391107
-13.365235
-10.848386
-7.236685
-2.223424
2.919946
6.943771
10.182176
13.114555
15.798467
17.971992
20.049640
21.811553
23.150785
24.933815
26.819365
28.485911
28.996978
28.408766
27.495793
25.534119
23.480483
22.031750
20.664760
18.864870
16.691514
14.375619
11.883804
8.645909
5.438157
1.599959
-2.794266
-6.678104
-9.760686
-12.303080
-15.026501
-17.689807
-20.047426
-22.382396
-24.731840
-27.158771
-29.353925
-30.654669
-31.190259
-30.644281
-29.383046
-27.587073
-25.093726
-23.432459
-22.055932
-20.026139
-17.250436
-13.978992
-11.152540
-7.401194
-2.429485
2.826623
7.346187
10.620185
13.673987
16.467231
18.505199
20.558493
22.358554
23.618085
25.255169
27.103254
28.614487
29.177666
28.550965
27.719566
25.681768
23.536342
22.019829
20.544359
18.784659
16.470466
14.212132
11.681318
8.515460
5.432878
1.653092
-2.787794
-6.880930
-9.990079
-12.544564
-15.179089
-17.745154
-19.891943
-22.295713
-24.522032
-26.642254
-28.786148
-30.108690
-30.681746
-30.234882
-28.990848
-27.067832
-24.632556
-22.715671
-21.322966
-19.730330
-17.122201
-14.007432
-11.217424
-7.858787
-3.012589
2.290521
6.664310
9.859460
12.740067
15.577248
17.696789
19.674982
21.484579
22.815125
24.360929
26.180233
27.870110
28.643438
28.209516
27.299268
25.685004
23.476056
21.939107
20.800318
18.905401
16.762699
14.605352
12.185403
9.290661
6.195988
2.705881
-1.607963
-5.574908
-8.611509
-11.381251
-14.098031
-16.963823
-19.148077
-21.264042
-23.667812
-25.989328
-28.500046
-29.998847
-30.930894
-30.772005
-29.635940
-28.014183
-25.714466
-23.698126
-22.437913
-20.789078
-18.185377
-14.922108
-12.068748
-8.757966
-4.013606
1.456227
6.148475
9.622233
12.734447
15.639748
17.811741
19.888026
21.770341
23.319721
24.883917
26.610749
28.383732
29.386793
28.863805
28.132541
26.468890
24.252278
22.544520
21.106686
19.496850
17.336948
14.942033
12.549332
9.512731
6.342615
2.913986
-1.507146
-5.739076
-9.220839
-11.904240
-14.523949
-17.223869
-19.502810
-21.828754
-24.167810
-26.357515
-28.533936
-30.089617
-30.973298
-30.843019
-29.702187
-28.120450
-25.658948
-23.405041
-22.024427
-20.323481
-17.982892
-14.841386
-11.941365
-8.962325
-4.368510
1.074416
5.749805
9.296111
12.349572
15.273435
17.486470
19.451209
21.489688
22.950002
24.440799
26.158946
27.782236
28.936863
28.666939
27.830941
26.357685
24.072443
22.202390
20.902157
19.296748
17.377308
15.133790
12.705496
9.741272
6.670100
3.272636
-0.988075
-5.201101
-8.550031
-11.115415
-13.593606
-16.403539
-18.668686
-20.802191
-23.259095
-25.437389
-27.687550
-29.408251
-30.421359
-30.583654
-29.622146
-28.228930
-25.852748
-23.717369
-22.446769
-21.010808
-18.724033
-15.612330
-12.699536
-9.785380
-5.447524
-0.199080
4.603692
8.399657
11.511871
14.440673
16.861984
18.891607
20.850045
22.459200
23.982184
25.753464
27.657577
28.914554
28.829234
28.036322
26.774747
24.744783
22.878477
21.532774
20.088809
18.056290
15.820095
13.353654
10.469811
7.406643
4.131964
-0.151225
-4.625320
-8.212669
-10.946819
-13.549839
-16.413076
-18.751621
-20.975896
-23.468392
-25.724854
-28.014524
-29.752595
-30.822243
-31.108516
-30.097791
-28.504985
-26.238986
-23.903847
-22.400958
-20.885468
-18.802881
-15.767642
-12.781279
-9.944780
-5.660057
-0.325441
4.566397
8.485317
11.585270
14.437437
16.957692
18.803903
20.988158
22.550651
23.957491
25.705269
27.461393
28.782061
28.822933
28.092861
26.919501
24.758066
22.866215
21.341869
19.859757
18.015248
15.770197
13.298137
10.493142
7.469484
4.327297
0.338043
-3.976141
-7.644892
-10.457720
-13.008118
-15.765599
-18.280063
-20.370654
-22.736788
-25.004319
-27.281387
-29.140030
-30.384915
-30.944007
-30.087403
-28.775590
-26.697602
-24.346624
-22.767101
-21.484239
-19.294705
-16.371523
-13.346502
-10.518006
-6.503378
-1.290015
3.743172
7.718461
10.959932
13.973883
16.472680
18.419538
20.505190
22.122349
23.509264
25.237628
27.128969
28.711387
28.926815
28.227738
27.162688
25.174618
23.209708
21.783795
20.388876
18.632582
16.375610
13.983931
11.333227
8.103166
4.870210
0.963211
-3.535237
-7.235152
-10.245357
-12.787410
-15.607732
-18.314804
-20.407949
-22.974355
-25.233882
-27.429036
-29.326166
-30.512129
-31.110389
-30.436516
-29.102564
-27.137484
-24.737460
-22.962264
-21.413565
-19.488675
-16.638381
-13.415984
-10.712828
-6.751674
-1.687152
3.526892
7.704837
10.949373
13.959919
16.638551
18.664769
20.725386
22.495644
23.725203
25.406735
27.188744
28.708833
29.004642
28.478248
27.374029
25.388343
23.162195
21.498033
20.098686
18.445083
16.280924
13.920920
11.233091
8.263077
4.992996
1.056705
-3.430503
-7.083246
-9.993485
-12.415648
-14.978988
-17.460755
-19.624744
-22.047758
-24.312564
-26.622329
-28.665577
-29.988629
-30.697754
-30.042274
-28.907401
-27.171714
-24.734054
-23.128646
-21.833352
-19.995144
-17.267125
-13.998236
-11.302233
-7.600444
-2.762420
2.201285
6.559917
9.895052
13.015100
15.830653
17.893825
19.971473
21.837609
23.181949
24.788209
26.699645
28.448956
28.994594
28.623002
27.765206
25.954928
23.857525
22.215503
21.027667
19.254514
17.108406
14.782974
12.147256
9.091752
5.967617
2.154793
-2.468313
-6.516150
-9.701252
-12.282474
-15.005384
-17.673288
-19.788912
-22.173439
-24.638006
-26.961224
-29.064587
-30.462742
-31.101704
-30.671869
-29.338087
-27.384247
-24.992228
-23.034641
-21.667651
-19.844770
-17.307316
-14.052902
-11.283500
-7.928099
-2.938509
2.320153
6.659542
10.113035
13.163771
15.892982
18.021720
20.048107
21.954775
23.334708
24.766071
26.512657
28.134584
28.764180
28.304713
27.385099
25.740010
23.576873
21.775961
20.438092
18.833024
16.662053
14.283657
11.758634
8.860316
5.829675
2.244711
-2.134187
-6.196329
-9.285893
-11.808702
-14.570951
-17.192534
-19.157614
-21.407264
-23.730312
-25.916440
-28.082132
-29.570545
-30.562537
-30.362436
-29.140370
-27.337415
-24.891240
-23.030383
-21.758080
-20.215171
-17.834221
-14.606885
-11.864730
-8.645569
-3.834111
1.536948
6.065709
9.476287
12.512718
15.213660
17.420394
19.392286
21.368606
22.699663
24.291107
26.084525
27.905362
28.809820
28.393609
27.606487
26.174103
24.097647
22.447280
21.236624
19.687414
17.653704
15.282801
12.742281
9.957893
6.844487
3.342628
-1.126698
-5.274670
-8.545603
-11.378356
-14.173303
-17.009292
-19.296748
-21.635294
-23.993935
-26.314940
-28.435332
-30.111756
-31.168291
-31.140191
-30.067819
-28.392758
-26.072093
-23.908445
-22.413049
-20.700693
-18.250772
-15.092066
-12.177399
-9.043898
-4.276889
1.086167
5.877869
9.537424
12.576750
15.415634
17.687593
19.609247
21.617583
23.078748
24.539403
26.409456
28.309822
29.253449
28.768267
28.073617
26.469742
24.189098
22.294010
20.864350
19.366741
17.346825
14.988695
12.521403
9.611334
6.459951
2.951792
-1.390832
-5.434922
-8.762394
-11.337655
-14.006921
-16.647577
-18.968923
-21.298783
-23.657594
-25.743927
-27.955430
-29.581785
-30.652966
-30.758892
-29.643944
-28.157234
-25.895834
-23.727247
-22.187063
-20.567690
-18.412556
-15.193565
-12.225764
-9.269203
-4.867145
0.422341
5.172321
8.992297
12.128013
15.081678
17.409836
19.344602
21.313940
22.738150
24.033444
25.930575
27.831452
29.026611
28.723138
27.993577
26.648215
24.297578
22.442681
21.048273
19.792318
17.730679
15.572650
13.045413
10.177749
7.054976
3.694807
-0.542573
-4.852840
-8.186102
-11.067731
-13.556651
-16.312259
-18.615893
-20.927191
-23.441655
-25.579589
-27.858019
-29.419150
-30.513321
-30.616011
-29.606138
-28.142929
-26.085888
-23.869787
-22.486108
-20.893301
-18.736805
-15.598536
-12.622050
-9.738037
-5.534717
-0.333105
4.538127
8.354187
11.487859
14.526844
17.019851
19.055094
21.026134
22.576026
23.986442
25.624718
27.472973

