-11.650154
-14.297111
-16.686576
-19.359248
-21.369628
-23.663895
-25.875228
-27.251584
-27.853932
-26.978595
-25.466340
-24.047579
-22.306613
-21.530219
-21.132571
-20.429407
-18.540961
-15.488863
-12.819256
-9.497234
-5.050046
-0.272478
3.741469
6.828989
9.003026
11.182683
13.484444
16.251462
18.906764
21.283286
23.372344
25.459528
27.211223
28.014013
27.573449
25.778498
23.664406
21.960906
20.591191
19.218751
18.137523
16.817876
14.922619
12.518678
9.831360
7.108450
3.656319
-0.426088
-4.010371
-6.711994
-8.895227
-11.678934
-14.431477
-16.708544
-19.412211
-21.538734
-23.734910
-25.912353
-27.166946
-27.966499
-27.117389
-25.602409
-24.205957
-22.372518
-21.454947
-21.017449
-20.270858
-18.429416
-15.579121
-12.913261
-9.906973
-5.292382
-0.499146
3.572873
6.729535
8.933374
11.103494
13.288770
16.251121
18.960408
21.299294
23.555245
25.603601
27.415242
28.301648
27.901105
25.988136
23.434332
21.895341
20.462785
19.122532
17.986979
16.692536
14.936583
12.534857
9.587492
6.858110
3.434420
-0.686305
-4.125493
-6.738901
-8.800881
-11.670930
-14.309032
-16.712461
-19.271203
-21.379164
-23.514543
-25.580100
-26.794161
-27.665411
-26.872158
-25.292294
-23.958342
-22.232022
-21.204097
-20.886319
-20.110096
-18.257924
-15.353475
-12.631757
-9.777887
-5.286932
-0.624657
3.459113
6.497928
8.817571
10.899646
13.082198
15.785183
18.437079
20.809684
22.890568
24.829251
26.790925
27.759245
27.428695
25.842530
23.598841
21.895851
20.522901
19.164256
18.251623
16.955989
15.328101
13.109786
10.233777
7.642508
4.126004
-0.004428
-3.693785
-6.565877
-8.587667
-11.191879
-13.877324
-16.221660
-18.922261
-21.177530
-23.357868
-25.824819
-27.056592
-27.754307
-27.065788
-25.439433
-24.214983
-22.472654
-21.569899
-21.177701
-20.632914
-18.914938
-15.990564
-13.320105
-10.442563
-6.066390
-1.223769
2.792392
5.947862
8.215393
10.368654
12.651171
15.555109
18.370152
20.848513
23.015397
25.190456
27.091503
28.145484
28.023379
26.598317
24.461065
22.724186
21.372523
20.031078
18.819230
17.426355
15.784161
13.403382
10.629892
7.715055
4.350117
0.248466
-3.602164
-6.542717
-8.787087
-11.399814
-14.339515
-16.700370
-19.433158
-21.538564
-23.756027
-26.125397
-27.546031
-28.296198
-27.736425
-26.100704
-24.550472
-22.702558
-21.436214
-21.195412
-20.468065
-18.738338
-15.783991
-12.907982
-9.960788
-5.495548
-0.723941
3.464392
6.606409
8.818422
10.989904
13.121026
15.771559
18.528359
20.782607
22.838797
24.861097
26.751757
27.715990
27.493068
25.853770
23.627792
21.774428
20.409482
19.171749
18.016781
16.832522
15.240397
13.065508
10.164636
7.566554
4.518713
0.387090
-3.317254
-6.255763
-8.338690
-10.911056
-13.655424
-15.960080
-18.544708
-20.726579
-22.876433
-25.219066
-26.664904
-27.448109
-27.035304
-25.431769
-24.065460
-22.278002
-21.214145
-20.787546
-20.289080
-18.839155
-16.140938
-13.495002
-10.743993
-6.449733
-1.728194
2.346209
5.675554
7.979529
10.024820
12.197324
14.761686
17.743962
20.208359
22.589649
24.596793
26.620797
27.654512
27.592863
26.209865
24.079255
22.250244
21.017620
19.742421
18.738168
17.556293
15.858752
13.638905
10.732923
8.130925
5.026034
0.971045
-2.769743
-5.725452
-7.853508
-10.483946
-13.412918
-15.812942
-18.365043
-20.637342
-22.731338
-25.226389
-26.677166
-27.743578
-27.562039
-26.173762
-24.914401
-23.091691
-21.931955
-21.567685
-20.936387
-19.466366
-16.658476
-13.850246
-11.120013
-6.844997
-1.969848
2.339057
5.877359
8.242301
10.434559
12.724229
15.311241
18.222332
20.640578
22.944212
24.923256
26.916776
28.104101
28.140204
26.765381
24.385282
22.435188
21.034820
19.575698
18.392290
17.181635
15.695776
13.342415
10.507958
7.861512
4.766158
0.705549
-3.136396
-6.347213
-8.492299
-10.989734
-13.783148
-16.010659
-18.514906
-20.765407
-22.719417
-25.136471
-26.533604
-27.503967
-27.319533
-25.722980
-24.254663
-22.508587
-21.090848
-20.749228
-20.003489
-18.779721
-16.258444
-13.496024
-10.934557
-6.909541
-2.160924
2.042055
5.508491
7.800375
10.024479
12.056828
14.544215
17.399958
19.920213
22.215843
24.205617
26.323114
27.593374
27.714797
26.648555
24.448122
22.598505
21.172762
19.758599
18.608230
17.455646
15.972172
13.860123
11.119502
8.456707
5.419765
1.346043
-2.552101
-5.702121
-7.819789
-10.363034
-13.202769
-15.633447
-18.171242
-20.643302
-22.544520
-24.976560
-26.462759
-27.524063
-27.434826
-26.288884
-25.010279
-23.366383
-21.841867
-21.380697
-20.955971
-19.736971
-17.239366
-14.329297
-11.484623
-7.716758
-3.077984
1.292740
4.879407
7.716247
9.932688
12.024300
14.409338
17.274788
19.939797
22.149086
24.201018
26.437044
27.879647
27.979612
27.004140
24.951867
22.992407
21.592379
20.197630
19.039256
18.088647
16.533647
14.520373
11.688301
8.808204
5.932535
1.824072
-2.094678
-5.481243
-7.845845
-10.304281
-13.109616
-15.587636
-18.136161
-20.680428
-22.873197
-25.381872
-27.025938
-27.888843
-27.997664
-26.435852
-24.982861
-23.345096
-21.694388
-21.200521
-20.576886
-19.362824
-16.854320
-13.857058
-11.074884
-7.359982
-2.580881
1.745735
5.338362
7.916348
10.086468
12.089014
14.457703
17.438275
19.954273
22.128820
23.877110
25.853089
27.337415
27.529172
26.510784
24.581637
22.564616
21.015917
19.498893
18.176862
17.112323
15.674489
13.749770
11.062622
8.589370
5.861010
2.089228
-1.854726
-5.077124
-7.444450
-9.514434
-12.317555
-14.617443
-16.853980
-19.382068
-21.407775
-23.842199
-25.772367
-26.984215
-27.505841
-26.222297
-24.759940
-23.213284
-21.661179
-21.217380
-20.966530
-20.133598
-18.032449
-15.164614
-12.464523
-8.910894
-4.042728
0.394072
4.053116
6.870542
9.042365
11.235305
13.519866
16.469615
19.241742
21.673952
23.746150
25.760617
27.418818
27.857678
27.150086
25.209699
23.219926
21.739687
20.360095
19.152164
18.167666
16.648258
14.676877
12.070622
9.372064
6.708929
2.999646
-0.994035
-4.522460
-7.049697
-9.355545
-12.350934
-14.868804
-17.248392
-19.767455
-21.883760
-24.158784
-26.119266
-27.332306
-27.963775
-26.732683
-25.308984
-23.847137
-22.113153
-21.367243
-20.877123
-19.961255
-18.002476
-15.037230
-12.447493
-9.164470
-4.489081
0.158378
4.111188
7.083416
9.363038
11.421272
13.554948
16.393321
19.104310
21.466017
23.607356
25.745119
27.588606
28.202023
27.380841
25.609561
23.466349
21.656241
20.262854
18.883944
17.850910
16.525473
14.730011
12.133803
9.274653
6.497417
2.918925
-1.161950
-4.652909
-7.155623
-9.076766
-11.938129
-14.430795
-16.761337
-19.369466
-21.452223
-23.594243
-25.599854
-26.667288
-27.395146
-26.616369
-24.962596
-23.589475
-21.819898
-20.938090
-20.617076
-19.818715
-18.045562
-15.140261
-12.535879
-9.424176
-5.118677
-0.527757
3.483977
6.394897
8.568934
10.735648
12.921095
15.687261
18.461432
20.725046
22.743429
24.872507
26.860067
27.706112
27.340651
25.795698
23.747683
22.051505
20.718915
19.388369
18.338476
17.091887
15.433516
13.018676
10.329315
7.662603
4.378387
0.283207
-3.551415
-6.384850
-8.588348
-11.489051
-14.096328
-16.384976
-19.007751
-21.300827
-23.474353
-25.735072
-27.076176
-27.932269
-27.317830
-25.569711
-24.164064
-22.300482
-21.187408
-20.864861
-19.998040
-18.476929
-15.810047
-12.981551
-10.271924
-5.874804
-1.241820
2.871752
6.088870
8.292028
10.358436
12.422119
14.999083
17.877647
20.289080
22.448131
24.530717
26.540245
27.599164
27.426481
26.146855
24.055753
22.266422
20.892790
19.549642
18.590348
17.301525
15.602623
13.467073
10.714190
8.094822
4.727159
0.728709
-2.894061
-5.891493
-8.094481
-10.806663
-13.526678
-15.833037
-18.421752
-20.787546
-22.867577
-25.182452
-26.614496
-27.725356
-27.437551
-25.946072
-24.655036
-22.967202
-21.635464
-21.131550
-20.587444
-19.272055
-16.438620
-13.695955
-10.879040
-6.816387
-2.006974
2.346720
5.741630
8.314507
10.310241
12.472527
15.006576
17.893314
20.190818
22.358724
24.405718
26.513338
27.644464
27.730124
26.499714
24.303198
22.342375
20.859923
19.473348
18.361466
17.366239
15.768153
13.658830
10.883127
8.249453
5.248274
1.280308
-2.558402
-5.688497
-7.928780
-10.435411
-13.253689
-15.426193
-17.975398
-20.423787
-22.440978
-24.771520
-26.452712
-27.425630
-27.473995
-26.035479
-24.603605
-23.032597
-21.506718
-21.127122
-20.562070
-19.332511
-16.911030
-14.054775
-11.381251
-7.630757
-2.963373
1.478025
5.136047
7.671799
9.676218
11.835269
14.202765
17.144850
19.598859
21.904196
24.039575
26.155370
27.672052
27.966499
26.853425
24.806942
22.808313
21.282945
19.863503
18.707854
17.583200
16.026497
14.017309
11.380741
8.703981
5.772454
2.000672
-1.956224
-5.114249
-7.510015
-9.672812
-12.574366
-15.058177
-17.577410
-20.034484
-22.067002
-24.388688
-26.191132
-27.369431
-27.603762
-26.349000
-24.978433
-23.569550
-21.980320
-21.426678
-20.911694
-19.966023
-17.761162
-14.864206
-12.152365
-8.566550
-3.783533
0.757490
4.542215
7.258143
9.365252
11.620351
14.003175
16.892978
19.531250
21.797929
23.858888
25.958504
27.560166
28.024401
27.171203
25.297063
23.152828
21.637338
20.194905
18.902166
17.856530
16.356025
14.486653
11.874097
9.048155
6.323031
2.620561
-1.257317
-4.766328
-7.368667
-9.541171
-12.419905
-14.875446
-17.167670
-19.734076
-21.790777
-23.962430
-25.958504
-27.079242
-27.524573
-26.415076
-24.914401
-23.457663
-21.644150
-20.842552
-20.502465
-19.727605
-17.774105
-14.903886
-12.349742
-9.111166
-4.593304
-0.011410
3.870896
6.579501
8.666856
10.702440
12.891633
15.807322
18.416813
20.948138
23.093053
25.245122
27.001074
27.723653
27.140549
25.476728
23.375920
21.925654
20.693711
19.453594
18.347672
17.008271
15.159334
12.699025
9.889773
7.110664
3.548520
-0.493526
-4.003389
-6.739753
-8.877175
-11.619500
-14.356375
-16.666480
-19.184521
-21.353279
-23.574659
-25.721959
-26.948793
-27.715649
-26.867901
-25.479964
-24.154357
-22.353104
-21.377802
-21.049465
-20.264557
-18.349205
-15.403884
-12.874263
-9.747573
-5.247934
-0.602007
3.411429
6.484645
8.650678
10.832208
13.093437
15.850408
18.528530
20.828928
22.954770
25.100197
27.034283
27.941636
27.568681
26.024921
23.751089
22.038051
20.643643
19.414765
18.340009
17.121860
15.292338
13.053417
10.172469
7.401024
4.114594
0.006982
-3.643206
-6.600278
-8.785725
-11.578117
-14.327594
-16.563790
-19.216197
-21.365200
-23.612635
-25.916951
-27.153662
-27.940103
-27.222804
-25.578908
-24.207830
-22.327389
-21.219424
-20.869970
-20.061731
-18.343925
-15.500784
-12.828282
-9.971346
-5.674703
-0.934260
3.169775
6.296294
8.523635
10.710103
12.718269
15.353475
18.133436
20.528691
22.718566
24.752787
26.719740
27.757542
27.505670
25.960207
23.714645
21.953753
20.677703
19.267457
18.116747
16.890253
15.296936
13.148614
10.338511
7.716588
4.608291
0.495400
-3.105572
-6.036588
-8.038282
-10.626827
-13.433695

