-13.881751
-18.066338
-22.067853
-25.924614
-28.710536
-30.677659
-32.448428
-34.489802
-36.367519
-36.951985
-36.733661
-36.357301
-35.131318
-33.535617
-30.835697
-27.736766
-24.643285
-21.048444
-17.550503
-13.651678
-9.624958
-5.201272
-0.643560
3.974267
8.770057
13.622556
17.442022
20.631552
23.777485
26.445900
28.290578
29.882022
31.662328
33.845391
35.607304
36.286797
36.454371
35.741670
34.002917
31.296185
28.385946
25.467702
22.401810
19.152335
15.838487
12.502500
8.395740
3.666707
-0.896454
-5.686113
-10.083914
-14.219625
-18.458537
-22.351231
-26.251248
-29.240506
-31.180041
-32.856294
-34.658398
-36.612068
-37.163666
-36.805868
-36.419119
-35.199949
-33.598457
-31.001738
-27.847460
-24.759599
-21.280561
-17.728465
-14.022078
-9.784358
-5.411591
-0.894751
3.759691
8.518866
13.410875
17.235620
20.730155
23.958513
26.605129
28.561013
30.034270
31.727042
33.963408
35.739115
36.372457
36.221232
35.782201
34.018925
31.319686
28.245279
25.235755
22.278173
19.086599
15.664612
12.446472
8.474759
3.668751
-0.777926
-5.534547
-9.917872
-14.207874
-18.205983
-22.063596
-25.690964
-28.621640
-30.555044
-32.175950
-34.005983
-36.107983
-36.702837
-36.267553
-35.845722
-34.602199
-32.959836
-30.545507
-27.451175
-24.413211
-21.048955
-17.548289
-13.992105
-9.756259
-5.462170
-0.894921
3.532001
8.230891
12.936762
16.689301
19.903183
23.071255
25.871311
27.788196
29.240676
31.055553
33.211878
34.948247
35.826138
36.050933
35.570179
34.029484
31.521320
28.768778
25.746141
22.806781
19.700357
16.236305
13.190848
9.174688
4.561288
-0.041723
-5.017008
-9.495190
-13.749089
-17.973695
-21.939107
-25.737286
-28.710025
-30.618055
-32.498666
-34.325463
-36.320346
-37.210158
-36.921161
-36.639997
-35.398688
-33.754110
-31.183788
-28.145313
-25.152479
-21.798611
-18.425669
-14.866420
-10.718278
-6.223917
-1.712186
2.906833
7.617303
12.407303
16.329629
19.701379
22.975377
25.916100
28.006009
29.778140
31.595060
33.823422
35.755805
36.713736
36.958626
36.492007
34.956932
32.509225
29.604605
26.533433
23.597479
20.300320
16.889742
13.445445
9.497064
4.836491
0.104904
-4.781825
-9.498766
-13.759647
-18.248047
-22.350379
-26.315791
-29.276269
-31.272343
-32.952513
-34.696375
-36.580563
-37.506989
-37.254606
-36.750691
-35.622631
-33.815418
-31.452690
-28.155531
-24.951696
-21.448646
-17.829623
-14.197315
-9.994507
-5.659035
-1.085826
3.439358
8.112873
13.050692
16.992944
20.175321
23.347650
25.984049
27.848482
29.373510
31.038012
33.088752
34.951653
35.695178
35.953692
35.402605
33.894777
31.491688
28.500898
25.609050
22.717033
19.666467
16.214337
13.133969
9.586981
4.997764
0.534739
-4.261902
-8.707047
-12.847185
-17.098018
-21.112987
-24.988311
-28.069701
-30.118568
-31.778642
-33.563375
-35.524539
-36.625011
-36.421333
-36.181893
-35.172360
-33.693143
-31.314748
-28.240170
-25.276967
-22.010974
-18.728631
-15.259470
-11.171613
-6.973062
-2.562489
2.084970
6.825754
11.718103
15.790973
18.916300
22.254331
25.091512
27.341161
28.857333
30.678681
32.836539
34.951312
36.033051
36.429507
36.017214
34.661804
32.237428
29.431411
26.554721
23.604631
20.558493
17.146383
14.086962
10.425023
5.788803
1.218149
-3.521783
-8.046457
-12.288264
-16.601597
-20.722321
-24.566139
-27.879817
-30.118738
-32.020637
-33.731971
-35.906690
-37.140506
-37.043265
-36.857980
-35.825287
-34.399714
-32.224655
-29.061522
-26.012318
-22.627796
-19.121681
-15.556983
-11.382103
-7.029942
-2.418246
2.329009
6.997585
12.013061
16.328948
19.616059
22.950683
25.817156
28.039387
29.510600
31.167098
33.248322
35.263641
36.251715
36.428315
36.008017
34.648350
32.180548
29.194696
26.118415
23.229974
19.868783
16.408988
13.285364
9.700571
5.196844
0.695671
-4.162788
-8.748089
-13.001987
-17.214673
-21.223000
-25.033099
-28.248344
-30.251571
-31.897681
-33.401932
-35.357135
-36.543778
-36.261933
-35.874673
-34.991162
-33.397845
-31.334673
-28.005498
-25.068862
-21.875926
-18.446616
-15.013218
-11.021069
-6.828478
-2.457585
2.087355
6.597042
11.554105
15.642473
18.800838
22.036518
25.058644
27.315617
28.912680
30.686174
32.758372
34.866333
36.140680
36.479405
36.306892
35.087040
32.696894
29.835531
26.835714
23.893629
20.754508
17.348528
14.188460
10.709422
6.123781
1.588379
-3.112384
-7.678270
-12.138571
-16.391959
-20.584379
-24.507897
-28.073958
-30.281544
-32.127925
-33.754621
-35.930702
-37.246602
-37.417071
-37.145104
-36.264488
-34.620592
-32.570532
-29.613801
-26.625395
-23.417473
-19.798619
-16.053574
-12.129375
-7.986682
-3.522294
1.020261
5.907672
10.866438
15.167509
18.484082
21.769830
25.078058
27.377095
28.969220
30.771153
32.848971
34.809113
36.170312
36.771127
36.683934
35.635574
33.383880
30.525923
27.679716
24.589811
21.493605
17.966373
14.633281
11.305979
6.700073
2.189023
-2.734321
-7.622583
-12.135506
-16.449179
-20.623548
-24.550813
-27.952705
-30.292443
-32.006332
-33.550433
-35.450459
-37.070513
-37.026576
-36.743028
-35.951138
-34.191949
-32.097442
-28.820038
-25.655712
-22.484745
-19.074168
-15.552385
-11.670079
-7.398810
-2.935955
1.625163
6.267854
11.150156
15.329463
18.509626
21.694899
24.692161
27.029685
28.529167
30.183622
32.187360
34.113782
35.260575
35.693135
35.558939
34.493208
32.377413
29.624701
26.848827
23.982695
20.950181
17.443214
14.328105
11.075054
6.795100
2.401727
-1.986367
-6.621225
-10.793890
-15.102455
-19.264051
-23.145335
-26.793139
-29.193844
-30.862604
-32.450812
-34.449782
-36.378929
-36.676952
-36.543437
-36.073072
-34.742526
-32.939570
-30.053684
-26.994603
-23.928540
-20.569393
-17.155920
-13.421604
-9.204660
-4.871232
-0.378745
4.405294
9.379046
14.084067
17.482383
20.709378
23.912702
26.495286
28.298412
29.918466
32.012292
34.180028
35.766023
36.323241
36.286116
35.356113
33.322743
30.636447
27.917283
24.992568
22.009781
18.677541
15.411547
12.146745
7.755075
3.140824
-1.469169
-6.191901
-10.557686
-14.835255
-19.002983
-23.050138
-26.811361
-29.669659
-31.495265
-33.021995
-34.893751
-36.698920
-36.854914
-36.617347
-36.222764
-34.950972
-33.259221
-30.430215
-27.182273
-24.073294
-20.506893
-16.997882
-13.234956
-9.083748
-4.774673
-0.257151
4.361698
9.353501
14.077255
17.731019
21.028859
24.275609
26.818173
28.543643
30.094045
31.905515
34.008537
35.439389
36.228214
36.447559
35.550424
33.680371
30.805554
27.754818
24.732351
21.660669
18.306119
15.050003
11.886699
7.891825
3.286260
-1.225812
-5.950417
-10.261025
-14.609269
-18.626111
-22.497347
-26.172229
-28.881005
-30.599322
-32.091311
-33.814226
-35.857984
-36.581755
-36.159924
-35.759551
-34.456934
-32.731465
-30.187368
-27.047736
-24.116210
-20.774262
-17.412390
-13.706173
-9.696484
-5.364759
-0.752722
3.715072
8.424350
13.185569
16.861643
19.975390
23.167644
25.866032
27.699300
29.407740
31.406369
33.596413
35.312687
36.150558
36.463397
35.848958
34.239973
31.764848
28.953552
26.073456
23.175308
19.871678
16.514744
13.252667
9.349925
4.773310
0.158037
-4.578318
-9.132453
-13.557843
-17.727103
-21.762337
-25.690964
-28.875896
-30.814069
-32.375881
-34.074443
-36.084822
-36.945684
-36.586012
-36.339590
-35.212891
-33.612932
-31.196901
-27.801820
-24.862460
-21.670716
-18.115384
-14.773096
-10.681493
-6.528412
-2.060447
2.594335
7.239921
12.108939
16.028881
19.142798
22.462777
25.262322
27.281216
28.910126
30.723470
32.894441
34.831762
35.918270
36.300932
35.886254
34.429346
32.008205
29.269627
26.309661
23.332664
20.311049
16.992433
13.885839
9.949718
5.448546
1.061133
-3.715583
-8.368662
-12.740919
-16.871691
-20.925828
-24.829762
-28.196573
-30.372143
-32.091822
-33.751045
-35.959823
-37.081412
-36.879948
-36.627906
-35.688537
-34.091473
-31.795331
-28.726884
-25.771686
-22.308826
-18.875258
-15.210935
-11.158330
-6.907497
-2.391849
2.073220
6.897620
11.641128
15.863521
19.139903
22.478274
25.298595
27.435507
29.005323
30.697414
32.605614
34.621613
35.760573
36.097254
35.815239
34.477200
32.154662
29.287849
26.448624
23.441315
20.352943
16.965015
13.891799
10.419573
5.999293
1.560960
-3.083944
-7.757970
-12.106044
-16.327245
-20.238502
-24.195910
-27.652809
-29.923916
-31.560659
-33.242021
-35.213402
-36.722251
-36.665882
-36.345891
-35.639320
-34.099988
-32.175268
-29.089451
-26.026453
-22.864512
-19.419874
-15.873909
-11.948347
-7.850443
-3.404788
1.191752
5.785227
10.551044
15.002319
18.338987
21.671397
24.697951
26.981660
28.664385
30.273369
32.288858
34.436328
35.653966
36.197901
36.107983
34.955399
32.743045
29.922894
26.910816
23.887668
20.819732
17.521892
14.359440
10.936090
6.651878
2.084800
-2.428804
-7.193089
-11.354855
-15.575886
-19.711767
-23.639032
-27.168819
-29.639176
-31.410626
-33.058950
-35.143920
-36.763123
-36.928483
-36.693301
-36.213568
-34.839766
-32.988446
-29.984031
-26.954753
-23.870128
-20.414080
-16.822304
-12.894699
-8.613041
-4.150527
0.430005
5.011729
9.853499
14.519010
18.011842
21.278007
24.448974
26.885782
28.642586
30.282055
32.183272
34.336022
35.750866
36.415373
36.363261
35.462890
33.408914
30.640534
27.742216
24.713618
21.714313
18.339498
14.976263
11.682851
7.382972
2.956561
-1.651730
-6.430319
-10.729347
-14.957871
-19.092049
-22.974866
-26.703221
-29.459000
-31.097957
-32.692296
-34.516028
-36.230598
-36.532538
-36.262614
-35.866158
-34.502745
-32.720225
-30.005489
-26.964971
-23.955788
-20.535333
-17.149789
-13.475929
-9.458576
-5.161933
-0.642027
3.814868
8.582558
13.247899
16.844443
20.131213
23.221288
25.976726
27.767760
29.400076
31.281028
33.602885
35.299744
36.200115
36.389317
35.802296
34.059456
31.372479
28.426136
25.561367
22.595610
19.404888
16.157627
12.902532
8.812291
4.211324
-0.326463
-5.215406
-9.599924
-13.812269
-18.155915
-22.149937
-25.901624
-28.920344
-30.855451
-32.554524
-34.384727
-36.345550
-36.898511
-36.715950
-36.399194
-35.174915
-33.451659
-30.961037
-27.823959
-24.732351
-21.234240
-17.896209
-14.084237
-9.885515
-5.567244
-1.031842
3.546987
8.215564
13.022763
16.874926
20.080464
23.273570
25.955439
27.827706
29.479436
31.258719
33.454554
35.214254
36.105428
36.280836
35.741499
34.104926
31.644957
28.756346
25.801999
22.701195
19.594261
16.152859
12.896742
9.080342
4.490444
0.036785
-4.886389
-9.433542
-13.759306
-18.045732
-21.962949
-25.817496
-28.795515
-30.818667
-32.477719
-34.152610
-36.135401
-36.928654
-36.624329
-36.306722
-35.100324
-33.412150
-31.025069
-27.748346
-24.676834
-21.281753
-17.877306
-14.281103
-10.195460
-5.871568
-1.345703
3.117834
7.760184
12.661730
16.419206
19.605671
22.809846
25.592702
27.593545
29.095582
30.837400
32.911812
34.770455
35.668441
35.896982
35.487413
34.121105
31.540734
28.612443
25.658607
22.792476
19.750084
16.382081
13.355017
9.735823
5.111183
0.803641
-3.958259
-8.375645
-12.605361
-16.875948

