-20.291294
-22.412539
-24.737120
-26.448114
-27.417626
-27.588436
-26.158776
-24.729967
-23.203407
-21.761656
-21.376780
-20.951373
-19.818544
-17.282282
-14.314822
-11.800868
-7.889100
-2.979210
1.429490
4.928793
7.615600
9.675196
11.872564
14.189822
17.245838
19.859416
22.087438
24.168662
26.182958
27.629307
27.776105
26.766743
24.682794
22.724356
21.290268
19.875595
18.519844
17.459733
16.050509
13.986996
11.245012
8.518185
5.671637
1.871926
-2.109664
-5.142008
-7.475274
-9.799685
-12.667520
-15.101944
-17.451388
-19.911357
-22.092036
-24.492059
-26.170867
-27.296373
-27.589968
-26.390042
-24.857521
-23.411172
-21.849019
-21.307128
-20.920549
-19.820758
-17.533132
-14.576401
-11.915990
-8.331367
-3.494876
0.937496
4.585470
7.279941
9.398971
11.489732
13.791663
16.840015
19.549131
21.759101
23.753302
26.018279
27.710710
28.038366
27.135781
25.196075
23.182120
21.556446
20.278352
18.909148
17.955473
16.469104
14.371020
11.672122
8.753198
5.831208
2.044099
-2.045631
-5.385195
-7.871389
-10.108607
-12.930972
-15.289443
-17.649276
-20.056111
-22.015742
-24.250916
-26.044335
-27.028322
-27.430739
-26.142257
-24.671384
-23.093394
-21.400452
-20.901646
-20.529202
-19.434350
-17.282282
-14.341048
-11.777708
-8.363213
-3.710474
0.879424
4.432031
7.096870
9.259156
11.356899
13.575554
16.424145
19.145863
21.395683
23.333005
25.560686
27.198792
27.598654
26.893275
25.008406
22.987127
21.500928
20.107882
18.862826
17.919881
16.568218
14.707020
12.023790
9.349925
6.718125
3.059762
-1.133340
-4.467624
-6.895917
-9.186779
-12.194429
-14.664957
-17.024108
-19.611631
-21.689449
-24.036169
-26.040588
-27.295692
-27.789048
-26.695899
-25.167636
-23.680755
-21.903174
-21.193538
-20.848172
-20.056622
-18.040964
-15.094280
-12.435062
-9.128366
-4.476649
0.043767
3.921645
6.765979
8.822509
10.889428
13.095651
16.101599
18.772398
21.102258
23.322105
25.555917
27.439083
28.031894
27.428014
25.696073
23.624216
22.028174
20.709889
19.478117
18.552882
17.236301
15.249763
12.666839
9.816544
7.044928
3.335476
-0.796999
-4.319804
-6.805318
-9.162426
-12.064661
-14.599051
-17.010314
-19.656079
-21.907261
-24.304049
-26.350362
-27.356488
-28.017759
-27.001926
-25.352410
-23.977586
-22.125755
-21.516766
-21.029200
-20.145008
-18.191678
-15.142645
-12.435402
-9.331363
-4.575934
-0.027759
3.948552
6.995371
9.222882
11.247396
13.358763
16.157287
18.886498
21.304744
23.274081
25.288548
27.107171
27.716160
27.052845
25.320905
23.165090
21.557638
20.100049
18.804244
17.831155
16.604492
14.689139
12.301888
9.597710
7.005589
3.502199
-0.541040
-4.108463
-6.740264
-8.824212
-11.595828
-14.083896
-16.423804
-19.086259
-21.181277
-23.485082
-25.646176
-26.842526
-27.637652
-26.892424
-25.361947
-23.949657
-22.165435
-21.273579
-20.943369
-20.097494
-18.355846
-15.531778
-12.770551
-9.447336
-4.933391
-0.459126
3.640481
6.505592
8.681842
10.733094
12.876647
15.663930
18.500430
20.836932
22.931269
24.961233
26.875564
27.700322
27.352571
25.684152
23.517949
21.885974
20.428726
19.249916
18.288067
17.036029
15.214000
12.884651
9.974922
7.350104
3.839731
-0.204018
-3.819466
-6.482261
-8.705684
-11.468104
-14.054775
-16.265086
-18.864700
-21.112646
-23.435525
-25.662865
-26.881865
-27.865342
-27.169159
-25.563240
-24.247169
-22.523403
-21.536350
-21.196433
-20.430940
-18.798624
-15.943221
-13.144697
-10.131768
-5.716596
-0.992332
3.170627
6.410054
8.687973
10.852303
12.968779
15.795912
18.611976
21.127973
23.212603
25.368077
27.307953
28.131178
27.705090
26.065281
23.851565
22.120646
20.636150
19.343581
18.186910
16.813959
15.184198
12.750455
9.891987
7.185425
3.722906
-0.303302
-3.932033
-6.654263
-8.869682
-11.362178
-14.158317
-16.304936
-18.978630
-21.216529
-23.363658
-25.474685
-26.757036
-27.491876
-26.864154
-25.382553
-23.922920
-22.234406
-21.099704
-20.733391
-20.145518
-18.672773
-15.781777
-13.054609
-10.137047
-5.784375
-1.203673
2.853189
5.992992
8.089031
10.142326
12.309040
15.063456
17.934186
20.339319
22.513526
24.670022
26.765551
27.723142
27.628626
26.250056
24.142947
22.545201
21.085058
19.865377
18.890756
17.626626
15.829972
13.423817
10.560751
7.791860
4.309586
0.230244
-3.551245
-6.343297
-8.608443
-11.230367
-14.077766
-16.288928
-19.015755
-21.154881
-23.355314
-25.529861
-26.828391
-27.884926
-27.217524
-25.570904
-24.319887
-22.588628
-21.474361
-21.365540
-20.678384
-19.089324
-16.229323
-13.556140
-10.713169
-6.503037
-1.560620
2.744028
5.965403
8.166858
10.267156
12.317044
15.382596
18.181971
20.473855
22.740534
24.752106
26.965482
27.987616
27.805567
26.420866
24.213450
22.393465
21.041461
19.631897
18.771717
17.448493
15.686069
13.551031
10.657140
7.991450
4.629919
0.731094
-3.172159
-6.104878
-8.304630
-10.882786
-13.656105
-16.030584
-18.635477
-21.121502
-23.166282
-25.478431
-26.988472
-27.950321
-27.405705
-25.932278
-24.571078
-22.700684
-21.458353
-20.985774
-20.364012
-18.863848
-16.097852
-13.305630
-10.457209
-6.090062
-1.344510
2.903087
6.202800
8.409875
10.345493
12.374605
14.993974
17.752477
20.116057
22.355148
24.271011
26.359388
27.340651
27.289561
25.894131
23.727247
21.899087
20.510129
19.267627
18.226419
17.189639
15.530757
13.421433
10.646582
7.941723
4.897118
0.986883
-2.783367
-5.647796
-7.805995
-10.396923
-13.143676
-15.332529
-17.887184
-20.264387
-22.391592
-24.627617
-26.175295
-27.260610
-27.001245
-25.487798
-24.365187
-22.770166
-21.474361
-21.118947
-20.695754
-19.595964
-16.904729
-13.895035
-11.253868
-7.149151
-2.385378
1.900366
5.326952
7.681336
9.949718
12.175015
14.646564
17.551865
20.015921
22.298438
24.354628
26.447773
27.670690
27.650595
26.371309
24.334363
22.445066
21.049806
19.746849
18.689803
17.498050
15.904222
13.894864
11.140449
8.427245
5.331210
1.429149
-2.449581
-5.661079
-7.882289
-10.275500
-13.171605
-15.364034
-17.901659
-20.410504
-22.631202
-25.068011
-26.779515
-27.900423
-27.659110
-26.160479
-24.930579
-23.278168
-21.825177
-21.404198
-20.806789
-19.581999
-16.981363
-14.022759
-11.217083
-7.176059
-2.194473
2.149854
5.628381
8.019379
10.213000
12.257610
14.840875
17.753158
20.292146
22.521700
24.527311
26.679380
27.959858
28.143951
26.870455
24.766411
22.706645
21.261147
19.930942
18.765756
17.395190
15.851770
13.750110
10.802065
7.916519
4.893882
0.936815
-2.969503
-6.070818
-8.326939
-10.584423
-13.410023
-15.726089
-18.047265
-20.463126
-22.331306
-24.678196
-26.348318
-27.211734
-27.224166
-25.611605
-24.203743
-22.608893
-21.102088
-20.596640
-20.290443
-19.157444
-16.812256
-14.009135
-11.426210
-7.699217
-2.829347
1.416888
5.051238
7.324730
9.377684
11.487859
13.921772
16.841037
19.241742
21.594763
23.738827
25.943688
27.236938
27.596610
26.573794
24.572441
22.599016
21.210057
20.102944
18.967390
17.896891
16.298464
14.343091
11.683532
8.882454
5.973577
2.182041
-1.803296
-5.189691
-7.513080
-9.858268
-12.688466
-15.230519
-17.702409
-20.183495
-22.242240
-24.698973
-26.373863
-27.560166
-27.718033
-26.336738
-24.990184
-23.339135
-21.724701
-21.266426
-20.758084
-19.680943
-17.327070
-14.468772
-11.957884
-8.154597
-3.245047
1.354558
4.965748
7.421459
9.401526
11.481728
13.819592
16.719273
19.314459
21.750246
23.901973
26.033946
27.621303
27.980464
26.968377
25.058644
22.967032
21.657433
20.491566
19.300325
18.279723
16.819239
14.730522
11.998245
9.127174
6.088018
2.171993
-1.713548
-5.213703
-7.529088
-9.941714
-12.887716
-15.454463
-18.017633
-20.365204
-22.378479
-24.698802
-26.430913
-27.521338
-27.806418
-26.337930
-24.952037
-23.448127
-21.769319
-21.167653
-20.726749
-19.649778
-17.236301
-14.147418
-11.586462
-8.032833
-3.296477
1.259872
4.929985
7.519722
9.698527
11.783327
14.147588
16.945601
19.392967
21.561214
23.493086
25.634255
27.229275
27.535813
26.768787
24.671384
22.570406
21.122524
19.644499
18.377304
17.431974
16.038929
14.102970
11.639254
8.907659
6.158352
2.513783
-1.487391
-4.771267
-7.180827
-9.354694
-12.007441
-14.531953
-17.055273
-19.455126
-21.640403
-24.065971
-25.940452
-27.113472
-27.511120
-26.428018
-24.980988
-23.619107
-22.011825
-21.363156
-21.002804
-19.999913
-17.812933
-14.771393
-12.230873
-8.861508
-4.040514
0.565733
4.290853
7.080180
9.247065
11.231899
13.651678
16.428232
19.183840
21.422080
23.604461
25.594064
27.285814
27.923584
27.241026
25.313411
23.277146
21.743945
20.298788
19.012179
18.060207
16.711099
14.882599
12.237344
9.426219
6.569283
2.838373
-1.178128
-4.676240
-7.134506
-9.323699
-12.180465
-14.730692
-17.111812
-19.594090
-21.624565
-24.209704
-26.230642
-27.383566
-27.932780
-26.805571
-25.138174
-23.606334
-21.978787
-21.288736
-21.083014
-20.211765
-18.141781
-15.174150
-12.552398
-9.211813
-4.502705
0.195674
4.015650
6.886380
9.110144
11.351109
13.591732
16.534158
19.340515
21.713121
23.835557
25.823797
27.600016
28.294155
27.575833
25.602579
23.467881
21.803720
20.461423
19.010305
17.949343
16.481706
14.668362
12.106214
9.365933
6.628377
3.098079
-1.060452
-4.585300
-7.229022
-9.404080
-12.092079
-14.598199
-16.860110
-19.270522
-21.487815
-23.769481
-25.934151
-27.121476
-27.770485
-26.771000
-25.189774
-23.662192
-21.888358
-21.018301
-20.714658
-19.931793
-18.129860
-15.131916
-12.524128
-9.416853
-4.759516
-0.108991
3.871747
6.607941
8.651529
10.771070
12.745857
15.620504
18.446786
20.815986
23.006201
24.973495
26.864495
27.651617
27.149916
25.481326
23.307630
21.887336
20.777157
19.394670
18.235956
17.061234
15.262706
12.720483
10.069098
7.213184
3.767014
-0.393220
-3.886734
-6.627015
-8.716754
-11.432341
-14.219284
-16.487837
-18.988507
-21.148920
-23.361785
-25.510107
-26.784284
-27.606658
-26.927505
-25.361095
-23.969923
-22.275448
-21.318708
-21.067858
-20.417486
-18.642800
-15.854154
-13.245855
-10.245868
-5.733456
-0.879083
2.998625
6.127017
8.363213
10.489225
12.571130
15.488011
18.364021
20.839487
23.027148
25.184325
27.222122
28.136628
27.890205
26.172740
24.075678
22.294862
21.072115
19.750254
18.658808
17.421927
15.586955
13.215882
10.251829
7.504736
4.253728
0.094005
-3.589051
-6.468807
-8.582388
-11.270727
-14.042343
-16.509124
-19.210747
-21.397386
-23.841177
-26.054553
-27.296543
-28.073617
-27.451345
-25.847639
-24.450677
-22.744792
-21.625417
-21.197966
-20.367588
-18.494129
-15.691008
-12.901681
-9.980883
-5.578314
-0.705208
3.284046
6.697008
8.929116
10.993992
12.985127
15.631403
18.311398
20.691497
22.697619
24.624552
26.490007
27.606147
27.433974
25.795358
23.663044
21.838972
20.512513
19.052710
17.922606
16.797100
15.358244
13.038431
10.363715
7.753542
4.572187
0.496081
-3.202983
-6.099428
-8.122580
-10.579824
-13.383286
-15.686069
-18.232380
-20.453930
-22.620474

