0.303643
2.026558
0.349794
-0.450271
0.623294
-1.633167
-2.375671
-0.209297
-0.792571
-1.520429
0.132663
-1.279967
-1.258680
0.474623
1.099791
0.436817
2.056360
2.113070
0.059945
1.241480
-0.147138
-2.031667
-0.704527
0.021798
-1.562153
0.069141
-0.141178
-1.221895
0.188862
1.281500
0.702483
1.039846
2.345698
-0.001022
0.507321
0.465427
-2.179657
-1.948561
-0.368016
-1.916374
-1.588549
-0.322376
-1.715422
-0.831059
0.564371
0.490291
0.223943
2.223934
0.894410
-0.053814
1.038824
-1.129253
-2.120052
-0.344515
-0.722579
-1.687322
0.207765
-0.927619
-1.054491
0.694990
1.271282
0.312499
1.724958
1.973425
-0.138112
0.937155
-0.200442
-2.197879
-0.941413
-0.010048
-1.926933
-0.477518
-0.569650
-1.688685
-0.228882
0.941072
0.572715
1.005105
2.496413
0.115633
0.264815
0.700269
-1.827138
-1.837867
0.074250
-1.194136
-1.066583
0.261579
-1.160588
-0.300578
1.136235
1.213891
0.683069
2.572536
1.383679
0.045640
1.145261
-0.870909
-2.183574
-0.414167
-0.755957
-1.878909
-0.059264
-1.073565
-1.392024
0.207254
0.974451
0.183923
1.320839
1.859665
-0.353881
0.692095
-0.195333
-2.600636
-1.562323
-0.345877
-2.024003
-0.817095
-0.457764
-1.539162
-0.333445
0.870739
0.580209
0.839744
2.525023
0.487055
0.536272
0.989437
-1.461846
-1.709972
0.216109
-1.005105
-1.205206
0.226498
-1.379592
-0.869376
0.728709
1.042741
0.348091
2.158029
1.290696
-0.224624
0.815562
-0.973088
-2.455371
-0.559092
-0.583444
-1.964739
-0.089407
-0.797340
-1.382147
0.175408
1.057386
0.294617
1.374824
2.107620
-0.119039
0.820330
0.109502
-2.295971
-1.306704
-0.057050
-1.666546
-0.614439
0.072036
-1.354218
-0.026396
1.164675
0.854560
0.752381
2.551930
0.660590
0.433752
1.037291
-1.482964
-2.081394
-0.363077
-1.256807
-1.772472
-0.048535
-1.523665
-1.099450
0.373295
0.856093
0.140156
1.822199
1.248121
-0.382662
0.949247
-0.718321
-2.310106
-0.526905
-0.182561
-1.789161
-0.022990
-0.583444
-1.363584
0.155994
1.147645
0.601155
1.502889
2.437319
-0.017541
0.727688
0.368357
-2.130951
-1.533372
-0.059264
-1.733644
-0.886406
-0.123467
-1.547507
-0.308922
0.948565
0.739949
0.448397
2.379758
0.610862
-0.101158
0.753232
-1.540865
-2.317258
-0.449249
-1.216957
-1.675401
0.013794
-1.193455
-1.003913
0.677620
1.171827
0.422171
2.059596
1.802104
-0.002214
1.241990
-0.263112
-2.134868
-0.811645
-0.404119
-1.990114
-0.439542
-0.631980
-1.562834
-0.035592
0.996760
0.471047
1.136065
2.304997
-0.049557
0.491483
0.336000
-2.202136
-1.650197
-0.008856
-1.502889
-0.941242
-0.110694
-1.757996
-0.801257
0.681537
0.611884
0.383343
2.381631
0.986372
0.216109
1.185792
-1.166718
-2.165011
-0.349624
-0.874485
-1.723255
0.178814
-0.995398
-0.871931
0.781843
1.256807
0.492675
1.814706
1.702138
-0.294106
0.992843
-0.233991
-2.225297
-0.918763
-0.206062
-1.997096
-0.637089
-0.561987
-1.590422
-0.199590
0.997271
0.552961
1.058919
2.511569
0.232118
0.523669
0.690733
-1.804829
-1.647472
-0.019244
-1.382828
-1.073224
0.168255
-1.404285
-0.528949
0.802449
1.007659
0.497103
2.352170
1.174382
0.055177
1.093830
-1.060622
-2.154112
-0.267540
-0.625338
-1.832758
0.008685
-1.167229
-1.472746
0.120572
0.894070
0.091791
1.418591
1.651389
-0.504255
0.660760
-0.297683
-2.494199
-1.332590
-0.218834
-1.784052
-0.431027
-0.206402
-1.319987
0.065225
1.169784
0.727006
0.980411
2.503906
0.435795
0.475304
0.901563
-1.681702
-1.721552
0.009537
-1.312494
-1.314878
0.186137
-1.185111
-0.672000
0.871931
1.055854
0.401395
2.273491
1.395770
0.013454
1.159055
-0.860691
-2.331223
-0.572034
-0.532525
-1.981769
-0.173024
-0.963552
-1.289674
0.290019
1.113244
0.468152
1.635892
2.214398
-0.111205
1.003231
0.283037
-2.024174
-1.054832
0.146968
-1.508849
-0.460829
-0.102520
-1.394578
-0.235864
1.096385
0.772306
0.778437
2.521447
0.366143
0.102009
0.667572
-1.815898
-2.172334
-0.227519
-1.369374
-1.564877
0.091280
-1.400709
-1.011235
0.593151
0.907183
0.338043
2.028942
1.265662
-0.192608
1.016855
-0.768389
-2.398661
-0.645093
-0.391688
-1.840421
-0.060456
-0.665188
-1.246929
0.342301
1.226664
0.623635
1.565899
2.418756
0.219856
0.989607
0.440734
-2.258846
-1.692942
-0.306879
-1.888105
-0.969682
-0.146968
-1.647302
-0.486033
0.989097
0.747953
0.320332
2.189193
0.416211
0.107970
1.123462
-1.443454
-2.038649
-0.141178
-0.978538
-1.628058
0.169447
-1.098428
-0.875848
0.678471
1.182216
0.357798
2.005441
1.701117
-0.157697
1.125336
-0.408718
-2.119371
-0.545979
-0.056369
-1.691580
-0.102520
-0.619207
-1.312835
0.303813
1.124825
0.492675
1.131466
2.206223
-0.139645
0.510216
0.219175
-2.318961
-1.763276
-0.277417
-1.727172
-1.193115
-0.195163
-1.724618
-0.663996
0.814881
0.711169
0.448568
2.490282
0.876018
0.274352
1.175574
-1.329865
-2.100127
-0.244890
-0.894581
-1.645769
0.154461
-1.035077
-0.994887
0.493356
1.162120
0.356265
1.971211
1.840421
-0.189032
0.934090
-0.376190
-2.362388
-0.899860
-0.306198
-1.907519
-0.347410
-0.597239
-1.628569
-0.079189
0.927108
0.336681
0.922680
2.273321
-0.020436
0.327315
0.401735
-2.155304
-1.748289
0.074421
-1.570668
-1.082080
0.133855
-1.426424
-0.462532
0.995568
1.091446
0.563179
2.280133
0.937666
0.110183
1.102856
-1.290185
-2.303464
-0.379426
-0.928129
-1.924889
-0.088555
-1.181534
-1.313686
0.368697
0.951460
0.292914
1.885891
2.081735
-0.203167
0.966106
-0.279631
-2.516678
-1.282862
-0.483649
-2.011572
-0.503404
-0.401735
-1.606601
-0.258514
0.902755
0.398500
0.692095
2.448559
0.311647
0.643560
0.861713
-1.649346
-1.504932
0.284740
-1.213210
-1.261064
0.061137
-1.434939
-0.551939
0.865289
1.076119
0.635386
2.389635
1.089573
-0.140667
0.979049
-1.033034
-2.251012
-0.470706
-0.559773
-1.772472
0.082084
-0.926767
-1.187495
0.431197
1.168592
0.436306
1.635041
2.183744
-0.111716
0.909907
-0.005279
-2.274854
-1.165867
-0.211682
-1.938173
-0.687327
-0.251872
-1.597915
-0.215599
1.030649
0.625678
0.786781
2.524853
0.464065
0.420638
0.872953
-1.781668
-1.996245
-0.132322
-1.286268
-1.544271
0.003576
-1.472575
-0.800916
0.522648
0.818287
0.263453
2.046313
1.206057
-0.220707
1.019750
-0.963892
-2.329690
-0.425918
-0.445843
-1.677445
0.066076
-0.838723
-1.339572
0.282015
1.185792
0.308922
1.357453
2.147300
-0.037977
0.835657
0.239270
-2.014467
-1.145942
0.056880
-1.738923
-0.631128
-0.098603
-1.314368
-0.117506
1.115458
0.831059
0.771795
2.449581
0.375680
0.132833
0.773157
-1.617500
-2.125161
-0.251361
-1.306534
-1.670463
0.061648
-1.372099
-0.863075
0.721557
1.068286
0.316926
2.130611
1.607793
-0.137772
1.048701
-0.619718
-2.336672
-0.787803
-0.554834
-1.901048
-0.178133
-0.849111
-1.534224
0.104904
0.999485
0.399351
1.266514
2.272810
-0.097752
0.712531
0.351327
-2.112900
-1.330205
0.097581
-1.603195
-0.846045
-0.150204
-1.713208
-0.578846
0.728369
0.636237
0.517368
2.355065
0.562327
0.124489
0.896794
-1.490968
-2.152920
-0.100817
-0.913995
-1.493692
0.302281
-1.098258
-0.746931
0.806706
1.142025
0.346218
1.912117
1.612731
-0.176770
1.048190
-0.482627
-2.376352
-0.840596
-0.344345
-2.029112
-0.414337
-0.714404
-1.591614
0.016008
1.063347
0.423874
1.128401
2.339567
0.074421
0.753232
0.475815
-2.190045
-1.670803
-0.090940
-1.679999
-1.061644
-0.123637
-1.540525
-0.587021
0.914335
0.753062
0.563519
2.589396
0.896965
0.165871
1.145942
-1.292229
-2.033029
-0.092302
-0.888961
-1.554149
0.099284
-1.246589
-1.272474
0.336681
0.837701
0.055177
1.587357
1.533031
-0.399351
0.858477
-0.533376
-2.444983
-1.098939
-0.403268
-2.114943
-0.526054
-0.660079
-1.615797
0.043086
1.144409
0.567266
0.963381
2.193110
-0.142029
0.362396
0.575270
-1.913309
-1.664673
0.207765
-1.349960
-1.094512
0.033719
-1.498972
-0.617674
0.729050
0.980411
0.535250
2.546651
1.175744
0.074591
1.182897
-1.096385
-2.357789
-0.504426
-0.771284
-1.747778
0.237056
-0.950098
-1.144069
0.299726
1.041208
0.282015
1.717806
2.077648
-0.143221
0.932557
-0.096219
-2.265487
-0.964573
0.000511
-1.885210
-0.501701
-0.353030
-1.477684
-0.048024
1.141344
0.610862
0.909907
2.476488
0.254767
0.462702
0.822885
-1.797676
-1.913139
-0.032187
-1.488583
-1.363925
-0.043937
-1.546996
-0.668594
0.765494
0.878743
0.234672
2.066748
0.998122
-0.380107
0.881978
-1.061474
-2.427782
-0.639984
-0.761747
-1.901899
0.019073
-0.911610
-1.284054
0.382492
1.217467
0.541551
1.680170
2.287115
0.102009
1.112563
0.300578
-2.172164
-1.128231
0.029291
-1.741137
-0.706230
-0.262942
-1.595531
-0.334467
0.941753
0.644922
0.827653
2.541712
0.420809
0.224965
0.779629
-1.741818
-1.949583
-0.099455
-1.181875
-1.335314
0.031846
-1.483645
-1.126357
0.545638
0.860691
0.168596
2.066408
1.413652
-0.156334
1.191071
-0.609330
-2.180168
-0.534398
-0.394583
-1.761232
0.088215
-0.497614
-1.003913
0.512941
1.348257
0.482287
1.391343
2.294098
-0.089748
0.856604
0.394242
-2.128397
-1.417228
-0.081914
-1.802104
-1.062155
-0.353370
-1.603535
-0.335148
0.931365
0.680344
0.531333
2.466951
0.542913
0.147138
0.833273
-1.584973
-2.105406
-0.218153
-1.090424
-1.483985
0.208105
-1.271452
-1.048531
0.541891
1.043933
0.371422
2.035584
1.626015
-0.035592
1.173701
-0.519582
-2.293757
-0.610011
-0.233139
-1.844679
-0.199420
-0.620229
-1.445498
-0.023672
0.869887
0.314713
1.085656
2.123117
-0.267369
0.383684
0.241825
-2.330882
-1.785925
-0.189883
-1.834120
-1.149007
-0.214406
-1.668079
-0.491994
0.917571
0.789165
0.358990
2.231428
0.792742
-0.105585
0.965255
-1.301595
-2.097573
-0.208276
-0.800235
-1.585824
0.239781
-1.027073
-0.892026
0.628744
1.185281
0.393220
1.966613
1.909733
-0.036274
1.255104
-0.162636
-2.308062
-1.034566
-0.244720
-1.993009
-0.519753
-0.598260
-1.636914
-0.177111
1.006297
0.540359
1.117332
2.466951
0.214917
0.584466
0.696523
-1.787118
-1.594169
0.160081
-1.191241
-0.881808
0.267199
-1.295294
-0.543935
0.921658
0.959294
0.517709
2.478361
1.162120
0.089918
1.197372
-0.989948
-2.119371
-0.269413
-0.699929
-1.799720
0.019755
-1.002210
-1.129934
0.401054
1.032352
0.188351
1.418250
1.594339
-0.524861
0.672511
-0.308922
-2.440555
-1.251187
-0.241654
-1.888105
-0.692095

