-0.769241
-0.513281
-1.456908
-0.461510
0.810283
0.908886
1.459122
1.160077
-1.651900
-1.828330
0.281334
-0.572886
-0.049216
0.760385
-0.902755
-1.080206
-0.580890
-1.443454
-1.117843
0.503063
0.473261
0.962700
1.361540
-0.716788
-2.442598
-0.187329
-0.147309
-0.550747
0.817605
-0.311647
-1.267706
-0.494037
-0.943286
-1.500504
0.057220
0.703505
0.815562
1.374483
0.349454
-2.266850
-1.009192
0.282185
-0.704357
0.521966
0.338214
-1.297167
-0.882660
-0.540018
-1.446179
-0.622443
0.627552
0.647306
1.298870
1.079185
-1.642023
-1.894236
0.235183
-0.532525
-0.134706
0.807728
-0.842980
-1.100642
-0.517539
-1.248121
-1.043081
0.555004
0.902925
1.188176
1.604216
-0.368016
-2.450432
-0.444651
-0.075272
-0.639643
0.733307
-0.217812
-1.351493
-0.702994
-0.962700
-1.733133
-0.193119
0.490631
0.614098
1.497609
0.602348
-2.133506
-1.102686
0.505107
-0.697374
0.258854
0.535420
-1.172509
-0.990970
-0.475475
-1.388448
-0.698737
0.626189
0.670467
1.280989
1.238244
-1.304661
-1.950605
0.314202
-0.198909
-0.049387
0.942264
-0.561135
-1.080717
-0.305857
-1.109328
-1.144750
0.467641
0.654800
0.952482
1.431533
-0.316926
-2.483640
-0.668083
-0.024353
-0.883511
0.585318
-0.137942
-1.418931
-0.652926
-0.804492
-1.579353
-0.229733
0.860861
0.984498
1.528263
0.696353
-1.979896
-1.378911
0.438350
-0.647817
0.289849
0.523158
-1.108135
-0.990118
-0.550406
-1.450947
-0.794104
0.734670
0.808750
1.306193
1.453161
-1.139981
-2.202988
0.140156
-0.138283
-0.199420
0.837190
-0.647817
-1.501696
-0.632661
-1.395600
-1.566410
0.216620
0.546149
0.763961
1.336506
-0.257833
-2.454349
-0.798702
0.128405
-0.715426
0.686646
0.145095
-1.209634
-0.521455
-0.541380
-1.463720
-0.218834
0.803130
0.895602
1.487902
0.914335
-1.801252
-1.537289
0.415359
-0.644071
0.155994
0.758852
-1.006637
-0.997782
-0.337362
-1.358475
-0.943456
0.607967
0.733818
1.149859
1.406499
-0.887939
-2.370221
-0.215599
-0.343493
-0.496081
0.817946
-0.540188
-1.384360
-0.541210
-1.048531
-1.619032
0.037295
0.633342
0.806195
1.398666
0.212874
-2.131973
-0.652586
0.388452
-0.704867
0.637940
0.295639
-1.407691
-0.898327
-0.658035
-1.512255
-0.360012
0.702483
0.766345
1.343148
1.012257
-1.786096
-1.872608
0.278779
-0.595025
-0.088045
0.815051
-0.839063
-1.004423
-0.395094
-1.349279
-1.096896
0.373806
0.649691
1.060111
1.376697
-0.604732
-2.332074
-0.202656
-0.105585
-0.464065
0.934090
-0.273670
-1.273326
-0.323398
-0.684943
-1.266003
0.198909
0.856944
1.122952
1.532861
0.415189
-2.257994
-1.085486
0.154802
-0.921147
0.320503
0.317778
-1.365798
-1.020942
-0.651734
-1.543420
-0.708103
0.548363
0.601155
1.102516
1.080036
-1.495736
-1.964739
0.360864
-0.293595
-0.057902
0.779629
-0.862394
-1.346213
-0.654459
-1.318284
-1.167400
0.452655
0.791550
1.091446
1.430001
-0.430686
-2.390146
-0.329529
0.025375
-0.468833
0.933409
-0.013794
-1.231602
-0.506980
-0.815221
-1.689877
-0.325101
0.437157
0.707252
1.347406
0.500168
-2.261230
-1.550402
0.034400
-0.912803
0.068630
0.401735
-1.251698
-0.842639
-0.431538
-1.311472
-0.638110
0.673532
0.735692
1.228026
1.262767
-1.156330
-2.166544
0.115633
-0.375680
-0.330039
0.808409
-0.728369
-1.327140
-0.507832
-1.255955
-1.305342
0.391347
0.806536
1.083272
1.530136
-0.144754
-2.400364
-0.486374
0.210830
-0.717470
0.708444
-0.056028
-1.361711
-0.713893
-0.738757
-1.448733
-0.232118
0.778777
0.884703
1.601492
0.766516
-1.899345
-1.441922
0.507321
-0.591959
0.293425
0.806877
-0.884022
-0.826291
-0.263623
-1.286609
-0.775882
0.716618
0.729391
1.147475
1.356942
-0.920807
-2.209800
-0.021628
-0.287294
-0.368697
0.869376
-0.585318
-1.416717
-0.542573
-1.109157
-1.496928
0.192268
0.803130
1.014471
1.615967
0.100647
-2.384015
-0.904458
0.018222
-1.005956
0.551939
0.313010
-1.192263
-0.664677
-0.680174
-1.533542
-0.421831
0.739098
0.701121
1.384531
0.997441
-1.653603
-1.567262
0.496422
-0.423704
0.014135
0.651053
-1.190220
-1.255785
-0.557389
-1.379081
-1.031671
0.632320
0.698056
0.994205
1.367501
-0.752211
-2.337354
-0.075102
-0.100136
-0.391177
0.945330
-0.327996
-1.380444
-0.626360
-1.004594
-1.659564
0.015668
0.717981
0.672681
1.254082
0.256811
-2.355576
-1.087529
0.155483
-0.908715
0.467300
0.569480
-0.985691
-0.823566
-0.667402
-1.716443
-0.725644
0.747613
0.867333
1.388107
0.971896
-1.591614
-2.023152
0.127895
-0.479221
-0.099966
0.795807
-0.816584
-1.249484
-0.423704
-1.276221
-1.112734
0.501531
0.817435
1.073905
1.503570
-0.358139
-2.347401
-0.163828
0.178814
-0.475134
0.926426
-0.218323
-1.370907
-0.751529
-0.907694
-1.408884
0.007493
0.785078
0.892367
1.431363
0.498635
-2.220699
-1.238925
0.292574
-0.860010
0.299045
0.455720
-1.338209
-1.010043
-0.560965
-1.551764
-0.769751
0.563349
0.660930
1.077311
1.073054
-1.470361
-2.204861
0.089237
-0.432730
-0.214066
0.860861
-0.751700
-1.204014
-0.307390
-1.001358
-1.151051
0.502212
0.924894
1.345873
1.815387
-0.110524
-2.346550
-0.347751
0.167063
-0.578676
0.981092
0.232118
-1.149007
-0.553472
-0.724111
-1.566410
-0.243868
0.640665
0.755276
1.466785
0.705719
-1.989603
-1.491479
0.331061
-0.754254
0.154631
0.594173
-1.231943
-0.958954
-0.366824
-1.399517
-0.752722
0.578335
0.621762
1.018558
1.209293
-1.060622
-2.023663
0.344174
-0.022309
-0.104564
0.933749
-0.478710
-1.207590
-0.362396
-1.019069
-1.348427
0.427961
0.838041
1.043762
1.656158
0.010559
-2.409049
-0.801768
0.006642
-0.888961
0.477689
-0.069482
-1.391343
-0.893388
-0.894921
-1.682554
-0.426088
0.676598
0.617504
1.384701
0.892026
-1.983983
-1.731600
0.244890
-0.797510
0.076635
0.691584
-1.059600
-1.079866
-0.507150
-1.328502
-0.919274
0.657013
0.816413
1.309259
1.518045
-0.748805
-2.049378
0.206573
0.005790
-0.269924
0.967469
-0.448057
-1.366990
-0.596046
-1.086678
-1.547337
0.034741
0.443629
0.614439
1.224790
-0.081062
-2.697195
-1.143558
0.164168
-0.766686
0.476837
0.216109
-1.344851
-0.867844
-0.734500
-1.619373
-0.541380
0.633001
0.753232
1.258509
0.998293
-1.633848
-1.833950
0.251021
-0.592981
0.026907
0.908204
-0.804833
-1.112904
-0.379596
-1.294783
-1.084294
0.534909
0.719684
1.020602
1.427276
-0.782524
-2.537114
-0.427280
-0.302281
-0.782694
0.543765
-0.519242
-1.617159
-0.913313
-1.225642
-1.789502
-0.183071
0.574418
0.756979
1.370055
0.270775
-2.287115
-1.195329
0.271797
-0.700780
0.408888
0.316756
-1.312665
-0.821011
-0.550066
-1.536097
-0.589405
0.646625
0.689541
1.163142
1.096725
-1.440389
-1.921143
0.318119
-0.380959
-0.101158
0.724282
-0.855412
-1.259191
-0.538485
-1.170635
-1.174722
0.273500
0.639473
0.885555
1.229388
-0.673703
-2.660751
-0.558581
-0.058242
-0.719684
0.673532
-0.216791
-1.393386
-0.703335
-0.882149
-1.602343
-0.014816
0.974280
1.139130
1.777581
0.915527
-1.938684
-1.281500
0.399521
-0.702313
0.298023
0.513792
-1.207420
-0.947033
-0.465938
-1.437323
-0.843831
0.591448
0.734500
1.311813
1.185792
-1.241650
-2.038990
0.260047
-0.223092
-0.230415
0.936644
-0.631980
-1.372610
-0.488077
-1.238925
-1.358305
0.359331
0.688178
0.936985
1.664162
-0.089066
-2.319642
-0.472920
0.334638
-0.741652
0.720705
0.126192
-1.120056
-0.539507
-0.570331
-1.442773
-0.109332
0.735351
0.623805
1.291548
0.646625
-2.048526
-1.618181
0.224113
-0.790187
0.071355
0.460148
-1.311643
-1.176596
-0.555345
-1.532180
-1.049212
0.551598
0.754254
1.231943
1.372099
-0.982455
-2.255269
-0.011240
-0.241654
-0.454698
0.869547
-0.387090
-1.241309
-0.573737
-1.115969
-1.373632
0.196355
0.619888
0.868184
1.516683
0.121764
-2.251182
-0.784057
0.259706
-0.743355
0.599963
-0.022650
-1.477344
-0.936644
-0.875507
-1.702820
-0.490802
0.559262
0.616142
1.154797
0.774860
-1.912968
-1.810789
0.280482
-0.524861
0.075953
0.827994
-0.849622
-1.117161
-0.469855
-1.305171
-1.076630
0.499146
0.656843
1.096725
1.307726
-0.841277
-2.424547
-0.242846
-0.304665
-0.694990
0.717299
-0.503404
-1.382147
-0.509024
-1.053470
-1.549040
0.110183
0.767708
0.838723
1.327310
0.316586
-2.416202
-1.213891
0.131301
-0.808920
0.447716
0.187329
-1.587697
-0.995227
-0.739779
-1.607793
-0.579187
0.836679
0.825609
1.193285
0.977857
-1.570157
-1.772302
0.394923
-0.432730
0.034230
0.863756
-1.009532
-1.283884
-0.646114
-1.483134
-1.328162
0.202656
0.496762
0.912632
1.298700
-0.739779
-2.588885
-0.499657
-0.232458
-0.727858
0.690903
-0.226838
-1.292058
-0.452314
-0.881468
-1.475811
-0.008685
0.612906
0.853198
1.557725
0.568628
-2.098254
-1.177788
0.230585
-0.652926
0.451122
0.544105
-1.194136
-0.815051
-0.420638
-1.450947
-0.691244
0.809601
0.810283
1.387937
1.237052
-1.358645
-2.095529
0.082084
-0.565904
-0.434603
0.685964
-0.830718
-1.376867
-0.516006
-1.205887
-1.311472
0.416381
0.690051
0.998122
1.541546
-0.219345
-2.227340
-0.158378
0.357798
-0.421149
0.764472
-0.116314
-1.441581
-0.534909
-0.792231
-1.451118
0.032868
0.863075
0.851495
1.379592
0.567266
-2.199582
-1.451969
0.333956
-0.623975
0.356776
0.754765
-1.102516
-1.084975
-0.605243
-1.628910
-1.084975
0.475304
0.598431
1.129253
1.128912
-1.194647
-2.215760
0.104053
-0.353370
-0.328677
0.964573
-0.509875
-1.008170
-0.308411
-1.030309
-1.212529
0.504085
0.810453
0.971726
1.651219
-0.047003
-2.448389
-0.661612
0.160762
-0.819990
0.560454
-0.078508
-1.577820
-0.987564
-0.836338
-1.548529
-0.227690
0.727688
0.714234
1.303809
0.567266
-2.159732
-1.702479
0.296320
-0.711850
0.098773
0.696182
-1.147985
-1.149348
-0.614268
-1.494714
-1.059600
0.514984
0.653267
1.237392
1.479898
-0.922510
-2.216952
-0.130279
-0.179665
-0.330550
0.917912
-0.326633
-1.141855
-0.355925
-1.049553
-1.371077
0.206573
0.689711
0.766175
1.337188
0.040020
-2.396277
-0.988245
-0.022479
-0.863756
0.597579
0.138112
-1.451118
-0.769411
-0.585999
-1.664502
-0.508683
0.812326
0.794785
1.405307
0.967979
-1.806021
-1.873800
0.221389
-0.726666
-0.060797
0.653778
-1.091957
-1.231432
-0.636407
-1.519237
-1.341956
0.304835
0.567607
1.032693
1.364606
-0.739608
-2.375160
-0.183753
-0.137431
-0.621080
0.707763
-0.620059
-1.662459
-0.600815
-0.983136
-1.566580
0.049727
0.588213
0.706741
1.299722
0.230755
-2.250842
-0.986542

