0.542062
1.906497
1.096385
0.099795
0.773498
-1.113415
-3.727334
-1.180853
-1.111541
-0.903096
0.595876
-0.028951
-0.647477
0.905139
0.111376
-0.286954
1.539843
1.456567
0.310796
0.464576
0.262942
-3.293071
-2.105577
-0.598771
-0.981774
0.488588
0.746591
-0.257322
0.751529
0.944138
-0.397648
1.258850
1.944304
0.784227
0.128065
0.984328
-2.173526
-3.284216
-0.811645
-1.351152
-0.433922
0.819819
-0.181368
-0.049216
1.250505
-0.366313
0.175238
1.617670
0.944138
-0.012091
0.875848
-0.790187
-3.643717
-1.277924
-1.105411
-1.030820
0.548192
0.118528
-0.441756
1.036440
0.440053
-0.063011
1.841443
1.629250
0.418595
0.492334
0.434944
-3.272806
-2.397469
-0.481435
-1.139811
0.368186
0.603029
-0.611373
0.261409
0.910929
-0.541380
0.902755
1.808916
0.823225
0.165020
0.853879
-1.919780
-3.320830
-0.822714
-1.331057
-0.496251
0.787122
-0.105245
-0.319140
1.064369
-0.303473
0.130449
1.781498
1.089914
0.231436
0.939710
-0.325952
-3.564528
-1.355750
-0.756979
-0.936134
0.623975
0.414678
-0.343493
1.027584
0.502382
-0.319651
1.349279
1.565218
0.253575
0.201975
0.604902
-3.115279
-2.717291
-0.675576
-1.296146
0.076975
0.595536
-0.486033
0.294958
0.967809
-0.409228
0.973940
1.863582
0.989267
0.304324
1.081058
-1.648835
-3.432035
-0.835998
-1.138278
-0.534228
0.861032
0.028951
-0.313010
1.156671
0.028440
0.085149
1.766511
1.295294
0.077145
0.758171
-0.085490
-3.374304
-1.579182
-0.643900
-1.009703
0.422512
0.263623
-0.518731
0.726155
0.446183
-0.583615
1.272304
1.518726
0.419446
0.158378
0.686135
-2.901384
-2.891677
-0.675576
-1.254593
0.140837
0.926937
-0.176259
0.349794
1.272985
-0.373977
0.578506
1.806021
0.892878
0.100987
0.935963
-1.440900
-3.693785
-1.085486
-1.124995
-0.785078
0.722068
-0.085320
-0.416040
1.026903
0.001533
-0.111035
1.771620
1.269749
0.149352
0.579357
-0.081062
-3.528254
-1.933234
-0.786781
-1.167229
0.358139
0.519412
-0.397989
0.687667
0.699588
-0.526735
1.176596
1.723426
0.620740
0.249658
0.892026
-2.497094
-3.094673
-0.639813
-1.424040
-0.214236
0.800405
-0.321184
-0.057220
1.086167
-0.504426
0.352519
1.615286
0.831059
0.076805
0.866311
-1.066072
-3.754411
-1.103708
-1.193285
-0.995908
0.680855
0.116995
-0.521455
1.015493
0.151907
-0.175749
1.608304
1.434769
0.220707
0.452825
0.270605
-3.353357
-2.227170
-0.726836
-1.253060
0.279290
0.562668
-0.458104
0.682218
0.792061
-0.513792
1.052448
1.731941
0.529460
0.092302
0.660590
-2.424376
-3.223419
-0.663144
-1.299041
-0.372274
0.590767
-0.369549
-0.454528
0.877721
-0.397989
0.312499
1.785755
1.125847
0.270435
0.928470
-0.545297
-3.677096
-1.399176
-0.949076
-0.841788
0.696523
0.280653
-0.404801
1.269749
0.493356
-0.109332
1.629421
1.611028
0.203507
0.458275
0.533206
-3.114087
-2.346379
-0.636407
-1.306874
0.121083
0.553642
-0.544446
0.268391
0.780651
-0.643390
0.772987
1.547166
0.539848
0.062670
0.696182
-2.240113
-3.521102
-0.861543
-1.316581
-0.501020
0.756809
-0.166723
-0.116314
1.238244
-0.194822
0.190735
1.791034
1.267706
-0.084128
0.696863
-0.588042
-3.821850
-1.663651
-0.903266
-0.949247
0.642368
0.084979
-0.667061
0.800746
0.199590
-0.736713
1.097577
1.387596
0.151736
0.169447
0.612565
-3.052950
-2.718994
-0.699929
-1.419101
-0.061989
0.584636
-0.411272
0.232969
0.993524
-0.510386
0.871761
1.857962
0.680174
-0.012262
0.906331
-1.811130
-3.578663
-0.802279
-1.123462
-0.680855
0.754254
0.070333
-0.350816
1.052107
-0.184774
-0.194822
1.632997
1.221384
0.050068
0.562668
-0.279801
-3.762926
-1.851491
-0.845875
-1.235860
0.453166
0.356606
-0.632320
0.774860
0.651394
-0.548363
1.335314
1.709972
0.430686
0.101158
0.601155
-2.978870
-3.053631
-0.753232
-1.470532
-0.228712
0.495229
-0.476326
0.082765
1.022816
-0.444140
0.564371
1.646110
0.719002
-0.135217
0.818798
-1.333441
-3.665004
-1.003231
-1.109668
-0.795807
0.605413
0.044278
-0.391006
1.213210
0.099625
0.137431
1.947369
1.617329
0.287805
0.750678
0.157867
-3.543922
-2.050400
-0.894751
-1.224790
0.357628
0.499998
-0.536953
0.502041
0.515836
-0.791039
0.940391
1.552616
0.536953
0.256130
0.822374
-2.720015
-3.373963
-0.910589
-1.530307
-0.432049
0.547682
-0.287635
-0.062159
1.301425
-0.155313
0.577143
1.887253
0.850814
-0.071355
1.003572
-0.903777
-3.496749
-1.146282
-0.919104
-0.720876
0.829015
0.190224
-0.509364
1.027073
0.188351
-0.266518
1.518726
1.335996
0.197377
0.470706
0.173535
-3.432717
-2.224445
-0.708103
-1.392365
0.169447
0.538996
-0.646625
0.499998
0.867333
-0.641857
0.872271
1.576458
0.629084
0.108651
0.858307
-2.064364
-3.134864
-0.518390
-1.046828
-0.147990
1.069648
-0.063522
-0.144924
1.178810
-0.314713
0.254938
1.714740
1.147475
0.045129
0.740290
-0.719173
-3.759180
-1.501356
-0.998463
-0.908886
0.602007
0.224113
-0.522307
0.901052
0.337022
-0.402076
1.518045
1.665354
0.183582
0.350305
0.551939
-3.225122
-2.463205
-0.633342
-1.513958
-0.055347
0.456401
-0.467811
0.456912
0.972918
-0.404290
1.066242
1.803126
0.741482
0.038488
0.969682
-1.783030
-3.335646
-0.639643
-1.022135
-0.424044
0.644241
-0.177622
-0.181028
1.173871
-0.229904
0.238248
1.776048
1.274858
0.072888
0.681707
-0.444821
-3.802947
-1.706226
-0.995738
-1.112393
0.614268
0.501020
-0.473772
0.947544
0.474623
-0.407525
1.430001
1.541887
0.368357
0.340939
0.640154
-2.910069
-2.498456
-0.576973
-1.334293
-0.023161
0.624146
-0.336681
0.138794
1.002380
-0.467130
0.835657
1.959630
0.909567
0.032187
0.932217
-1.538481
-3.420966
-0.841107
-1.041549
-0.537293
0.736543
-0.155994
-0.415359
1.126698
-0.086682
-0.066417
1.698392
1.277242
0.035933
0.612055
-0.153780
-3.600802
-1.781327
-0.808409
-1.168081
0.483138
0.444140
-0.482287
0.758512
0.646625
-0.431708
1.319136
1.604046
0.433581
0.216620
0.852517
-2.624989
-2.822535
-0.411953
-1.228367
0.018052
0.757490
-0.408547
0.127895
1.138960
-0.499657
0.492334
1.774175
0.948906
0.023842
0.729391
-1.447712
-3.822020
-1.241650
-1.223598
-0.823055
0.581741
-0.031846
-0.494719
1.076971
0.088896
-0.234161
1.655817
1.454694
0.332253
0.593662
0.015668
-3.459113
-2.035413
-0.794274
-1.265321
0.271627
0.544276
-0.462191
0.771795
0.956059
-0.313691
1.183748
1.825435
0.626871
0.192268
0.940902
-2.199241
-3.035920
-0.550066
-1.391513
-0.370060
0.517539
-0.522137
-0.238419
0.967979
-0.534058
0.208276
1.613413
0.916549
-0.088555
0.727517
-0.979900
-3.640652
-1.074757
-0.833443
-0.642027
0.913484
0.332764
-0.425747
1.036610
0.266688
-0.262601
1.506635
1.386404
0.317267
0.474453
0.219686
-3.399338
-2.297504
-0.568117
-1.187325
0.251872
0.735692
-0.435114
0.462021
0.841277
-0.408207
1.089403
1.964910
0.627892
0.004598
0.822885
-2.229384
-3.517015
-0.892537
-1.263108
-0.347921
0.705889
-0.174897
-0.112738
1.173019
-0.263793
0.350816
1.994542
1.316922
0.272478
1.075949
-0.421149
-3.525530
-1.301255
-0.950098
-1.137768
0.442437
0.338384
-0.402757
1.004934
0.478710
-0.194141
1.563856
1.609155
0.338384
0.455379
0.604051
-3.082241
-2.401386
-0.530141
-1.138960
0.113079
0.612225
-0.335489
0.509194
1.047679
-0.475645
0.897816
1.799209
0.842469
0.168596
0.975473
-1.756293
-3.333603
-0.847067
-1.151051
-0.456401
0.687156
-0.254256
-0.331061
0.998974
-0.092983
0.113589
1.858643
1.278094
0.132833
0.723941
-0.561305
-3.638268
-1.579012
-0.785419
-1.060622
0.500509
0.392880
-0.572545
0.777585
0.320162
-0.589916
1.289334
1.618181
0.333105
0.384876
0.780821
-2.863067
-2.588545
-0.474453
-1.270260
0.038828
0.655992
-0.503404
0.286443
1.108646
-0.527246
0.582933
1.684257
0.773498
-0.029802
0.880786
-1.654284
-3.667218
-0.916549
-1.238244
-0.572545
0.753062
0.066757
-0.330380
1.222576
0.031846
-0.024523
1.732452
1.364095
0.196695
0.690733
-0.033038
-3.557375
-1.724788
-0.703675
-1.002380
0.605072
0.688519
-0.179155
1.045806
0.821693
-0.249658
1.603706
1.980918
0.596728
0.216109
0.734840
-2.737556
-2.991642
-0.698566
-1.386063
-0.176430
0.563519
-0.468322
0.014986
1.068456
-0.426599
0.645433
1.857451
0.943116
0.068801
0.895432
-1.196861
-3.713029
-1.083272
-1.259361
-0.930003
0.642368
0.089577
-0.494208
1.134362
0.178814
-0.114271
1.605579
1.506976
0.257833
0.697885
0.385046
-3.250156
-1.697540
-0.424385
-0.990289
0.556878
0.816413
-0.391006
0.627892
0.829015
-0.550577
1.238074
1.726321
0.649180
0.160081
0.699929
-2.499478
-3.151212
-0.603710
-1.240969
-0.165701
0.891856
-0.178644
-0.060626
1.197883
-0.160422
0.388111
1.855067
1.180002
0.167234
1.010895
-0.928470
-3.649678
-1.213551
-0.967809
-0.817776
0.679323
0.275714
-0.290871
1.206909
0.500509
0.000681
1.749481
1.611369
0.173364
0.564882
0.512770
-3.150531
-2.042566
-0.508683
-1.168932
0.215428
0.644071
-0.622954
0.259365
0.751359
-0.657354
0.994376
1.683576
0.704357
0.153950
0.935623
-2.147811
-3.371068
-0.817946
-1.417739
-0.348432
0.756979
-0.006982
-0.014986
1.306364
-0.207084
0.359671
1.791716
1.180002
0.287465
0.896284
-0.522477
-3.604889
-1.176085
-0.701121
-0.834465
0.668764
0.408718
-0.497443
0.847237
0.232118
-0.288657
1.486880
1.513106
0.264134
0.466449
0.541380
-3.152575
-2.562319
-0.698737
-1.208782
0.131811
0.578335
-0.420298
0.455890
1.043592
-0.485012
0.984839
1.955884
0.787122
0.179836
0.910759
-1.638106
-3.293582
-0.688008
-1.201289
-0.495229
0.760555
0.016178
-0.082936
1.220873
-0.130449
0.065735
1.776218
1.174382
0.049898
0.752892
-0.332253
-3.712007
-1.757656
-0.939199
-1.085656
0.406674
0.257833
-0.499487
0.913484
0.439201
-0.572034
1.310962
1.517023
0.248126
0.256811
0.592640
-2.868005
-2.712352
-0.592811
-1.258339
0.115292
0.777755
-0.332935
0.311477
1.170976
-0.246252
0.907012
2.134698
1.080036
0.186988
0.867844
-1.552105
-3.696510
-0.949417
-1.246929
-0.678982
0.668594
-0.016178
-0.439882
1.082761
-0.098092
-0.021969
1.775537
1.335655
0.048535
0.660419
-0.034911
-3.575597
-1.799890
-0.821352
-1.219511
0.374487
0.387600
-0.569139
0.753403
0.711850
-0.516347
1.169103
1.749822
0.491483
0.347921
0.873634
-2.551930
-2.791030
-0.562838
-1.180002
0.009537

