-1.715933
0.030313
1.793589
-2.342122
-0.778777
0.156505
-2.884354
-1.793589
0.684772
-1.634530
-0.188010
3.612041
1.682384
0.392199
1.215424
-0.676087
-1.176425
2.441917
-0.569480
-1.876184
0.580549
-1.899855
-2.904449
0.032187
-0.807558
-1.829863
2.674886
2.493518
0.143732
0.746931
0.123807
-2.082075
1.256977
0.802279
-2.472401
0.230755
-0.613417
-2.979210
-0.641516
0.418936
-2.163819
1.055002
3.409897
0.874145
0.579187
0.988245
-1.490797
-0.080722
2.204350
-2.109153
-1.045125
0.346218
-2.613749
-1.757826
0.937666
-1.153946
-0.360523
3.456559
1.650027
0.105585
1.013109
-0.710828
-1.632316
2.055168
-0.494208
-2.156326
0.476156
-1.814706
-3.048863
-0.097241
-0.595195
-1.816750
2.479894
2.890485
0.346558
0.861883
0.316926
-1.936129
1.183748
1.371247
-2.429826
0.220197
-0.300407
-2.869197
-0.823906
0.499998
-1.882144
0.886236
3.350462
0.998974
0.482116
0.893729
-1.584632
-0.652756
2.090761
-1.933064
-1.363243
0.314713
-2.575432
-2.093315
0.677279
-1.359326
-0.861543
3.115279
1.694986
-0.026396
0.960827
-0.541721
-1.763105
1.821688
-0.385898
-2.447537
0.463554
-1.516342
-2.997773
0.037977
-0.210149
-1.794611
2.408709
3.245899
0.788825
0.894240
0.801768
-1.739434
0.965766
1.409565
-2.607277
-0.162976
-0.217983
-3.019231
-1.160928
0.390836
-2.108301
0.390836
3.277745
0.915016
0.149693
0.906161
-1.452310
-0.857115
2.375671
-1.443624
-1.356942
0.477007
-2.458266
-2.396788
0.334978
-1.271963
-1.120397
3.388950
2.239772
0.353881
1.165867
-0.131641
-1.821859
1.830203
0.124489
-2.317769
0.621932
-1.110349
-2.713033
0.020947
0.226327
-1.931190
1.961333
2.962521
0.467471
0.608308
0.489950
-1.997096
0.400543
1.548699
-2.603361
-0.532355
-0.220878
-3.025191
-1.466955
0.617845
-1.883847
0.188180
3.549201
1.356942
0.482968
1.201119
-1.082420
-0.926256
2.301931
-1.245396
-1.461336
0.633342
-2.079180
-2.356938
0.619037
-0.846556
-1.277583
3.012248
2.502714
0.392028
1.081569
-0.018052
-1.793078
1.690558
0.477689
-2.390317
0.419617
-1.097747
-3.165518
-0.546319
0.037806
-2.247776
1.465423
3.000328
0.334638
0.463894
0.593833
-1.946007
0.164679
1.829181
-2.323730
-0.571353
0.173535
-2.687999
-1.394578
0.855071
-1.527922
0.011921
3.667559
1.483474
0.338725
1.158544
-0.804152
-1.109157
2.361877
-0.952993
-1.798528
0.619548
-2.030815
-2.552441
0.432049
-0.794615
-1.636233
2.720015
2.606596
0.247955
0.812837
0.025375
-2.070495
1.326288
0.559602
-2.830710
0.055517
-0.838893
-3.180163
-0.690562
0.168937
-1.952648
1.301084
3.285919
0.856774
0.746250
1.152584
-1.409905
0.152928
2.185617
-1.913139
-0.705038
0.313350
-2.616474
-1.667227
0.686135
-1.624993
-0.453506
3.419774
1.381465
0.094346
0.900371
-1.020602
-1.493011
2.100468
-0.828505
-2.137252
0.507832
-1.911947
-2.767869
0.316926
-0.414337
-1.500334
2.625329
2.719504
0.463554
0.837360
0.131301
-2.048526
1.234497
1.017536
-2.469506
0.198739
-0.514814
-2.952644
-0.658546
0.446865
-1.975128
1.102516
3.590584
1.069307
0.834806
1.125506
-1.559598
-0.433070
2.017191
-2.030645
-1.172849
0.289679
-2.644914
-2.020087
0.540359
-1.615286
-1.027073
3.114939
1.568965
0.030313
0.947373
-0.711339
-1.476833
2.222742
-0.287124
-2.175570
0.629595
-1.540865
-2.702475
0.250340
-0.209638
-1.692091
2.604553
2.892699
0.380448
0.802960
0.435625
-1.918588
1.109328
1.609836
-2.324581
0.014305
-0.321865
-3.031322
-0.960827
0.580720
-1.834120
0.709806
3.398827
0.829356
0.191927
0.862564
-1.573392
-0.875166
1.929488
-1.878568
-1.339061
0.493356
-2.462523
-2.122266
0.636748
-1.252890
-0.978368
3.366130
2.167736
0.548363
1.343659
-0.174556
-1.534905
2.036435
-0.074250
-2.239432
0.671659
-1.040356
-2.699239
0.142029
-0.060116
-1.915353
2.091782
2.857276
0.471558
0.665869
0.641516
-1.934086
0.684772
1.524687
-2.444642
-0.503404
-0.538485
-3.152745
-1.460825
0.461510
-1.960482
0.253575
3.319298
0.898668
0.199080
0.916549
-1.373632
-0.885044
2.383845
-1.180853
-1.216786
0.764132
-2.075604
-2.120222
0.822374
-0.833273
-0.964403
3.268889
2.279282
0.416040
1.061984
-0.091791
-1.822369
1.794951
0.121423
-2.605064
0.405993
-1.237903
-3.307036
-0.522988
-0.280993
-2.228533
1.681021
3.039837
0.568799
0.816754
0.873463
-1.989773
0.059605
1.514639
-2.531324
-0.441245
0.126362
-2.626351
-1.303468
0.761236
-1.756464
0.023672
3.568104
1.497439
0.509535
1.308748
-0.801768
-0.760896
2.637080
-0.928811
-1.580545
0.691925
-2.157348
-2.505439
0.388793
-0.872782
-1.328673
2.873284
2.237218
0.049727
0.797170
-0.224965
-2.088376
1.474108
0.523499
-2.670799
0.293595
-0.878572
-2.896615
-0.478200
0.158037
-2.012423
1.494544
3.278766
0.672681
0.644752
0.887428
-1.629591
0.166552
1.921483
-2.038990
-0.647647
0.354222
-2.621072
-1.456227
0.844513
-1.546485
-0.217812
3.536599
1.787288
0.408377
1.225131
-0.736713
-1.276561
2.242497
-0.908886
-2.080543
0.553812
-1.901729
-2.840417
0.090599
-0.666210
-1.699073
2.572366
2.432210
0.270946
0.859499
0.116314
-1.953159
1.431533
1.016004
-2.459117
0.261920
-0.648669
-2.952303
-0.586680
0.328847
-1.934767
1.350471
3.485169
0.831570
0.607116
0.973429
-1.545634
-0.190565
2.104044
-1.935278
-0.933579
0.487907
-2.569301
-1.708269
0.821011
-1.472746
-0.660249
3.259012
1.641342
0.139475
1.036610
-0.792742
-1.567262
2.171482
-0.623805
-2.208608
0.528949
-1.643385
-2.807379
0.309774
-0.307730
-1.566410
2.777576
2.975975
0.535420
0.994546
0.503234
-2.034392
0.987223
1.157522
-2.463205
0.064203
-0.489439
-3.072364
-0.962189
0.403609
-2.054657
0.784908
3.490107
1.069478
0.525032
1.017877
-1.306364
-0.297683
2.365964
-1.653773
-1.002380
0.618185
-2.392530
-2.049719
0.668594
-1.148667
-0.863075
3.277745
2.042566
0.332935
1.086337
-0.347921
-1.604046
2.111707
-0.038998
-2.261571
0.469855
-1.457759
-2.852849
0.023672
-0.231777
-1.978534
2.153771
2.922841
0.281845
0.594514
0.472239
-1.944474
0.634875
1.472916
-2.348934
-0.064203
-0.129427
-2.988407
-1.127720
0.739779
-1.900026
0.417233
3.613234
1.396111
0.623124
1.204525
-1.136065
-0.787122
2.130781
-1.615626
-1.574074
0.470706
-2.331053
-2.416883
0.480073
-1.206057
-1.231602
3.102507
1.994882
0.227179
0.995057
-0.317267
-1.789672
1.900026
0.374147
-2.360685
0.376872
-1.284565
-3.013270
-0.294788
-0.016349
-2.098935
1.799890
3.032514
0.489950
0.629766
0.571523
-1.788821
0.448568
1.763446
-2.171653
-0.300067
0.117677
-2.640145
-1.173530
0.911951
-1.409905
0.356947
3.471545
1.360348
0.412464
0.977857
-1.244034
-1.080888
2.237218
-1.347746
-1.740456
0.589916
-2.168928
-2.611876
0.440053
-0.908715
-1.422848
3.008672
2.458777
0.355755
1.167570
0.146798
-1.792737
1.534564
0.293255
-2.567938
0.194652
-0.950779
-2.975975
-0.324930
0.330210
-1.903602
1.683916
3.260374
0.779799
0.717640
0.901733
-1.571178
0.474964
2.181360
-1.931701
-0.646285
0.237397
-2.833094
-1.717125
0.657184
-1.703841
-0.216791
3.441232
1.419101
0.226157
0.943456
-0.979049
-1.408713
2.153942
-0.916549
-1.942941
0.669616
-1.917737
-2.569641
0.347921
-0.594684
-1.607112
2.749307
2.614941
0.286273
0.890493
0.299897
-1.864433
1.344340
0.919785
-2.439703
0.201975
-0.632831
-3.016847
-0.547852
0.393731
-2.181360
1.142366
3.460135
0.919955
0.586169
0.928470
-1.632316
-0.255959
1.987559
-2.290010
-1.168081
0.147479
-2.696344
-1.913820
0.683069
-1.489946
-0.543935
3.394740
1.605749
0.236375
1.105070
-0.513622
-1.468999
2.382994
-0.325952
-1.949072
0.791890
-1.620225
-2.822706
0.252383
-0.421490
-1.757826
2.613579
2.837862
0.358820
0.814881
0.517709
-1.793759
1.086678
1.245567
-2.428634
0.086342
-0.433241
-2.907174
-0.810283
0.594173
-1.946177
0.761066
3.395591
0.833103
0.341790
0.867503
-1.547166
-0.478200
2.188172
-1.912968
-1.293591
0.436647
-2.525023
-2.085652
0.700269
-1.266854
-0.830037
3.442935
2.086333
0.363248
1.216616
-0.347069
-1.732281
1.996756
-0.138283
-2.147130
0.568458
-1.437664
-2.903598
-0.194992
-0.284910
-2.010039
2.185787
2.946172
0.474283
0.633342
0.438690
-1.904113
0.776904
1.478876
-2.505609
-0.174556
-0.109332
-3.021615
-1.275710
0.560284
-1.988581
0.457593
3.496238
1.040697
0.334297
1.072373
-1.259872
-0.830889
2.384186
-1.468318
-1.423529
0.451633
-2.285412
-2.063683
0.717299
-1.069818
-1.146112
3.079006
2.016510
0.084639
0.993354
-0.424555
-1.868861
1.727343
0.081062
-2.340249
0.392028
-1.316241
-3.074067
-0.165531
0.020266
-2.065727
1.832928
3.247261
0.584296
0.826631
0.768219
-1.811300
0.497614
1.648154
-2.462353
-0.436817
-0.008174
-2.766677
-1.301425
0.778096
-1.669782
0.271967
3.600121
1.390832
0.421660
1.115288
-1.099621
-0.977516
2.357960
-1.238925
-1.758337
0.506810
-2.255610
-2.502714
0.407355
-0.957080
-1.498120
2.946513
2.444642
0.289508
1.123633
0.094175
-1.866988
1.682554
0.513111
-2.354894
0.443459
-0.902585
-2.838203
-0.202996
0.275714
-1.886232
1.594850
3.324066
0.761236
0.605413
0.843661
-1.643556
0.297172
1.892533
-2.359663
-0.799554
0.035592
-2.888271
-1.675572
0.609670
-1.645599
-0.237908
3.557205
1.419101
0.241995
1.030820
-0.917912
-1.287801
2.216271
-1.011065
-1.933745
0.515325
-2.001694
-2.697877
0.346729
-0.690733
-1.507146
2.991302
2.642359
0.513792
1.040186
0.205891
-1.684598
1.629761
0.959464
-2.318110
0.506129
-0.580549
-2.956731
-0.652926
0.306368
-2.141339
1.139811
3.413643
0.609159
0.512430
0.773668
-1.835142
-0.221218
2.030475
-2.116816
-0.897816
0.376531
-2.600295
-1.644577
0.807728
-1.472916
-0.477348
3.443956
1.650538
0.119890
1.163142
-0.547852
-1.292910
2.337524
-0.547511
-1.969167
0.656503
-1.626185
-2.526385
0.412805
-0.244890
-1.603024
2.755778
2.868346
0.452825
0.912121
0.232458
-2.043247
1.098258
1.165186
-2.558061
-0.023842
-0.609670
-3.152745
-1.069307
0.245060
-2.156666
1.022135
3.489086
1.037461
0.642538
1.062325
-1.441070
-0.366313
2.355235
-1.615116
-0.913484
0.622443
-2.386911
-1.903261
0.770433
-1.327140
-0.744888
3.270081
1.858303
0.329188
1.137257
-0.408547
-1.490797
1.977342
-0.398500
-2.271788
0.504426
-1.533202
-2.865451
0.215769
-0.176089
-1.807043

