-249.752828
-259.355136
-262.093885
-255.023582
-236.128228
-208.330495
-172.319072
-131.581341
-89.922803
-48.861674
-8.132628
30.061347
69.770472
111.987761
152.852706
191.951990
224.819524
248.031787
260.675805
262.340818
254.418680
241.023983
224.102736
204.565866
180.334534
149.582624
111.731972
67.088774
12.271915
-45.660223
-91.927562
-130.672114
-165.995530
-195.097753
-215.986967
-233.498812
-249.289955
-259.204422
-262.121984
-255.150625
-236.240455
-208.428758
-172.717060
-132.064990
-90.379034
-49.124956
-8.405277
29.741696
69.399050
111.739125
152.498824
191.536972
224.324805
247.863701
260.464805
262.030363
254.093068
240.719489
224.033254
204.407488
180.416107
149.896826
112.232651
67.450830
12.614557
-45.303788
-91.691869
-130.314146
-165.668045
-194.833790
-215.790612
-233.213561
-249.000447
-258.991037
-261.915411
-255.155734
-236.361708
-208.804948
-173.008783
-132.310731
-90.688297
-49.413613
-8.684908
29.495784
69.060155
111.142738
152.010747
191.135236
224.193335
247.665133
260.377441
262.197767
254.338980
240.873439
223.995617
204.606567
180.726222
150.113787
112.532207
67.861250
13.301543
-44.581379
-91.366598
-130.392824
-165.552923
-194.705554
-215.658460
-233.039004
-248.747894
-258.704424
-261.795350
-255.329950
-236.708437
-209.227460
-173.535347
-132.812602
-91.051374
-49.612863
-8.839880
29.234716
68.734544
111.106975
151.887962
191.009385
223.919494
247.682163
260.631187
262.385096
254.554578
241.219827
224.501746
204.945462
180.981670
150.408404
112.900393
68.192141
13.767651
-44.266837
-91.274125
-130.230188
-165.474074
-194.756814
-215.766600
-233.137608
-249.086448
-259.044511
-261.984382
-255.510977
-237.008163
-209.247044
-173.618623
-132.931301
-91.243471
-50.050361
-9.330170
28.820719
68.338258
110.594545
151.492528
190.784591
223.870107
247.670582
260.655710
262.690101
254.822799
241.475446
224.587577
205.174685
181.251083
150.746959
113.280841
68.662337
14.145545
-43.952295
-90.785367
-129.908494
-165.253196
-194.573062
-215.761662
-233.138459
-249.039786
-259.043319
-262.245962
-255.763190
-237.212011
-209.725755
-173.933506
-133.231538
-91.535364
-50.172635
-9.300879
28.886114
68.359886
110.753604
151.499850
190.641880
223.970924
247.819935
260.852235
262.913193
255.007744
241.660050
224.773032
205.261537
181.208679
150.565931
113.194329
68.539722
14.342921
-43.720518
-91.017825
-129.964181
-165.139437
-194.643906
-215.910673
-233.305522
-249.179942
-259.150267
-262.332303
-255.835567
-237.394231
-209.969793
-174.434866
-133.507592
-91.790472
-50.330162
-9.271758
28.987101
68.427324
110.639163
151.439394
190.698590
224.190780
247.945275
261.098317
262.981313
255.060196
241.844313
224.895307
205.474240
181.440626
150.837047
113.380466
68.813733
14.300006
-43.703147
-90.970993
-130.154235
-165.504387
-195.014647
-216.203928
-233.491489
-249.294724
-259.287017
-262.530191
-256.158284
-237.713541
-210.216897
-174.521378
-133.750609
-91.742107
-50.203119
-9.236165
28.927156
68.416936
110.727719
151.718514
190.788678
224.381345
248.351608
261.532579
263.387987
255.594083
242.270912
225.367546
205.657142
181.456293
150.793280
113.354070
68.574974
14.007602
-43.974263
-91.281278
-130.391291
-165.752002
-195.268222
-216.512850
-233.735357
-249.540976
-259.590660
-262.710026
-256.117412
-237.659216
-210.153886
-174.323150
-133.448328
-91.584751
-50.116607
-9.028571
29.154164
68.678515
110.864639
151.819842
191.112416
224.574464
248.464687
261.651618
263.506855
255.584036
242.082562
225.272519
205.587149
181.357179
150.599480
113.154479
68.342175
13.632434
-44.368676
-91.828789
-130.889756
-166.222538
-195.520094
-216.730152
-233.979906
-249.759129
-259.790761
-262.843030
-256.338120
-237.647976
-210.008792
-174.065317
-133.061068
-91.086115
-49.269370
-8.240257
29.825824
69.266217
111.559119
152.525050
191.875866
225.391558
249.057327
262.072427
263.554880
255.438771
242.044926
225.188051
205.458743
181.260109
150.429351
112.957444
68.084002
13.138226
-44.827121
-91.966050
-131.199360
-166.511365
-195.998124
-217.037712
-234.451805
-250.188623
-260.183641
-263.217858
-256.528684
-237.851824
-210.198845
-174.016101
-132.917166
-91.023275
-49.257449
-8.247580
30.010768
69.452184
112.007516
153.139148
192.486218
226.146153
249.666827
262.492214
264.082125
255.890914
242.359127
225.277969
205.593450
181.354455
150.385584
112.714427
67.549774
12.531962
-45.545101
-92.712300
-131.796088
-167.123250
-196.487733
-217.317854
-234.704358
-250.356879
-260.226386
-263.342346
-256.678036
-237.983806
-210.113185
-173.771892
-132.679428
-90.612854
-48.930134
-7.828304
30.230454
69.830929
112.231118
153.325796
192.551613
226.069178
249.629191
262.459176
263.892923
255.686215
242.129905
225.226879
205.519881
180.952890
150.034428
112.509557
67.171199
12.131078
-45.927933
-93.092237
-132.200377
-167.229857
-196.733475
-217.763696
-234.897818
-250.562429
-260.383231
-263.267756
-256.288222
-237.537963
-209.751129
-173.368624
-132.303579
-90.227297
-48.677070
-7.561786
30.721085
70.397343
112.668787
153.783390
193.146467
226.531880
250.060218
262.844563
264.189754
255.976575
242.350101
225.283078
205.312116
180.851902
149.846418
111.946719
66.686698
11.559044
-46.298504
-93.296085
-132.591043
-167.830842
-196.881465
-217.928376
-235.282012
-250.941174
-260.454246
-263.332469
-256.334203
-237.307038
-209.399291
-173.024791
-132.026672
-90.008974
-48.115764
-7.059574
30.996118
70.666245
113.016878
154.098102
193.348953
226.624523
250.144686
262.775762
264.192820
255.979981
242.389100
225.353922
205.344813
180.646862
149.646827
111.841474
66.396849
11.373077
-46.378204
-93.266453
-132.362502
-167.694603
-197.024686
-218.021870
-235.305854
-250.941856
-260.651282
-263.368743
-256.165777
-237.305335
-209.411042
-173.065662
-131.988355
-90.068919
-48.224074
-7.170439
31.067303
71.020978
113.444158
154.527596
193.689210
227.011612
250.260489
262.942995
264.238971
256.160157
242.503711
225.217513
205.349411
180.727925
149.491685
111.611571
66.129310
10.850940
-46.710117
-93.271051
-132.620675
-167.996032
-197.021110
-217.897722
-235.374825
-251.044376
-260.740689
-263.484546
-256.393467
-237.411261
-209.400654
-173.074007
-132.078954
-90.066535
-48.424176
-7.196154
31.097106
71.086713
113.644259
154.822724
193.899870
226.992369
250.403030
263.153996
264.391218
256.149258
242.602144
225.689241
205.798149
181.108202
149.800437
111.830916
66.393273
11.233432
-46.661411
-93.405758
-132.382768
-167.727300
-196.927616
-218.067339
-235.383681
-251.144852
-260.835716
-263.552155
-256.231342
-237.214054
-209.263904
-173.084736
-132.068055
-90.168374
-48.482588
-7.373265
30.965294
71.017742
113.371270
154.407535
193.821703
226.834502
250.178065
262.809651
264.146839
255.982195
242.468800
225.362607
205.565350
181.014538
149.805376
111.803498
66.227913
11.153562
-46.733447
-93.372720
-132.387536
-167.727130
-196.894578
-217.950685
-235.490118
-251.155921
-260.641405
-263.404676
-256.383760
-237.227849
-209.376642
-173.093421
-132.006407
-90.072836
-48.495190
-7.352318
30.775751
70.817130
113.277435
154.396977
193.630627
226.646491
250.030586
262.633221
264.065095
255.698136
242.283855
225.414549
205.588852
180.995975
149.948938
111.882687
66.491706
11.179277
-46.482597
-92.933348
-132.117101
-167.634657
-196.975129
-217.958518
-235.366651
-251.130717
-260.695730
-263.359717
-256.179571
-237.121923
-209.161043
-173.121350
-132.050344
-90.051549
-48.484291
-7.385526
30.957290
71.126393
113.562686
154.446193
193.610532
226.639509
249.905927
262.429885
263.816289
255.735772
242.195981
225.187199
205.498423
180.913380
149.746622
111.646993
66.247497
11.081866
-46.564511
-93.002490
-132.100412
-167.438303
-196.533033
-217.454093
-235.051768
-250.768491
-260.428701
-263.251407
-256.077903
-236.957925
-209.065676
-172.827074
-132.005385
-90.215206
-48.465899
-7.570130
30.708313
70.792777
113.265685
154.325451
193.528278
226.487773
249.783141
262.377092
263.605969
255.378996
241.959265
224.887644
205.199548
180.617230
149.491344
111.599650
66.219568
11.056151
-46.651193
-93.170234
-131.973028
-167.198692
-196.513448
-217.386995
-234.977348
-250.486306
-260.175977
-262.707812
-255.530051
-236.449753
-208.756583
-172.573328
-131.783996
-89.903729
-48.357248
-7.355724
30.863285
70.965971
113.210848
154.100486
193.417243
226.260083
249.453442
261.955602
263.285977
255.177021
241.632462
224.819865
205.214364
180.798088
149.663006
111.631496
66.207988
11.066709
-46.746390
-93.309028
-132.059029
-167.134319
-196.189199
-217.040266
-234.477350
-250.312431
-259.920699
-262.791940
-255.627973
-236.521619
-208.574533
-172.203098
-131.183181
-89.593274
-48.132113
-7.403919
30.545507
70.273195
112.687009
153.618710
192.862409
225.885255
249.184540
261.634588
262.955768
254.770347
241.341931
224.494253
204.788787
180.314098
149.405003
111.486401
66.292627
11.049679
-46.611684
-92.930283
-131.844623
-167.127337
-196.064881
-216.890914
-234.243699
-249.959741
-259.798935
-262.559823
-255.307129
-236.410584
-208.508798
-172.370502
-131.397247
-89.599405
-48.275334
-7.477999
30.672039
70.426805
112.699270
153.560638
192.655836
225.766727
249.022245
261.524575
262.876068
254.698311
241.215229
224.253620
204.634156
180.278506
149.371624
111.522334
66.324643
11.161055
-46.451262
-92.731203
-131.715196
-166.941711
-195.972068
-216.679573
-234.221561
-249.907289
-259.578058
-262.467521
-255.420378
-236.509868
-208.526679
-172.548294
-131.717750
-89.855194
-48.391308
-7.472719
30.722959
70.429700
112.776416
153.620243
192.611558
225.599323
248.986823
261.661666
263.084173
254.912376
241.489070
224.371467
204.691035
180.225543
149.245773
111.440931
66.227232
10.992289
-46.463013
-92.407465
-131.337132
-166.889088
-195.826973
-216.601406
-234.091622
-249.852794
-259.470599
-262.307950
-255.143302
-236.173698
-208.424330
-172.477450
-131.602458
-89.873075
-48.498937
-7.590226
30.593191
70.449965
112.724134
153.550761
192.621095
225.555045
248.866252
261.343718
262.864828
254.892792
241.441727
224.594048
204.929624
180.523225
149.509226
111.463581
66.252436
11.233773
-46.496051
-92.837981
-131.602968
-166.903564
-195.880277
-216.740540
-234.196697
-249.822991
-259.574481
-262.362957
-255.261319
-236.229386
-208.410195
-172.188282
-131.510326
-89.883634
-48.509325
-7.813999
30.123506
69.950989
112.360035
153.332608
192.573071
225.447076
248.777355
261.342696
262.706961
254.567351
241.197007
224.507196
204.853330
180.479458
149.540731
111.869403
66.598483
11.552572
-46.290670
-92.692035
-131.385156
-166.664805
-195.510047
-216.338124
-233.955043
-249.757256
-259.632042
-262.607506
-255.655050
-236.534732
-208.679608
-172.454289
-131.567376
-89.756080
-48.479012
-7.807357
30.481304
70.151772
112.406356
153.314216
192.579712
225.591830
248.851946
261.298077
262.725183
254.490205
240.979535
224.074125
204.417365
180.301496
149.608680
111.767565
66.737277
11.893000
-45.842784
-92.577423
-131.325041
-166.454315
-195.614610
-216.688088
-234.150205
-249.889919
-259.723663
-262.561015
-255.536182
-236.641169
-208.794730
-172.521898
-131.678411
-89.860814
-48.445293
-7.426909
30.677489
70.479768
112.785612
153.753417
192.891019
225.906372
249.237844
261.822258
263.117722
254.849536
241.320474
224.413020
204.731396
180.337599
149.491514
111.739806
66.567489
11.593444
-46.196835
-92.672621
-131.524972
-166.835615
-195.957763
-216.938087
-234.213557
-249.978645
-259.616205
-262.571062
-255.472490
-236.485515
-208.620174
-172.592912
-131.621872
-89.893341
-48.464707
-7.514102
30.370610
70.213590
112.480947
153.372117
192.532028

