-178.008761
-209.757601
-239.138603
-261.764697
-273.154463
-272.059781
-258.222989
-234.252214
-203.519378
-170.988185
-138.285671
-104.135275
-66.120114
-24.231332
22.177185
70.216826
120.387759
170.755897
208.906106
231.074095
242.747579
249.267476
252.085413
252.920389
247.448002
234.650373
214.113678
184.169327
145.827021
101.153169
52.798816
4.404272
-39.841958
-79.749141
-114.250864
-145.629985
-178.130354
-209.655932
-238.939694
-261.741025
-273.048367
-271.935804
-258.134433
-234.102692
-203.330347
-170.770543
-138.039759
-103.901625
-65.979958
-24.196931
22.243602
70.151602
120.067426
170.258624
208.331176
230.456591
242.290327
248.723541
251.777172
252.877304
247.218609
234.218495
213.505370
183.561189
145.258733
100.807122
52.517823
4.429306
-39.887769
-79.780817
-114.239284
-145.424775
-178.182125
-209.765434
-239.098753
-261.646509
-273.020097
-271.895272
-257.668836
-233.844859
-203.077282
-170.583895
-137.990883
-103.667464
-65.629993
-23.702894
22.627456
70.593357
120.749303
170.879705
208.674158
230.628422
242.281301
248.786722
251.832860
252.792324
246.992111
234.148332
213.359935
183.381523
145.150764
100.632565
52.352292
4.194123
-40.032012
-79.718658
-114.027091
-145.287003
-178.085906
-209.518330
-238.968985
-261.566809
-272.712537
-271.679504
-257.542985
-233.537299
-202.853509
-170.396396
-137.733732
-103.327036
-65.476383
-23.586069
22.860084
70.631504
120.817253
170.932838
208.722864
230.570691
242.288624
248.521226
251.671076
252.521890
246.461630
233.542408
212.832689
182.893276
144.566298
100.014721
51.762547
3.789323
-40.280478
-80.122266
-114.489283
-145.761626
-178.553036
-210.079806
-239.173004
-261.534793
-272.661448
-271.426269
-257.320574
-233.274528
-202.524151
-170.199530
-137.596812
-103.295701
-65.162012
-23.252794
23.083176
71.002245
120.936632
170.857906
208.378519
230.320862
241.888932
248.293877
251.365219
252.486638
246.729510
233.656679
212.670905
182.463782
144.034965
99.453075
51.290819
3.421647
-40.589230
-80.094848
-114.496606
-145.738976
-178.437063
-209.853990
-239.088365
-261.586223
-272.503580
-270.967654
-256.670543
-232.447726
-201.756443
-169.516632
-137.028013
-102.770839
-64.687388
-22.800820
23.585388
71.456092
121.855906
171.779224
208.983762
230.301108
241.737366
247.951746
250.964505
251.682656
245.669399
232.823236
212.158476
182.044165
143.784114
99.136148
50.820793
2.755097
-41.218996
-80.832924
-114.990473
-145.978587
-178.617069
-210.092068
-239.376511
-261.673757
-272.559949
-270.978383
-256.538221
-232.126032
-201.213190
-168.960776
-136.315652
-102.096626
-64.050470
-22.221463
24.062054
71.897336
121.890988
171.750784
208.803586
230.254105
241.702114
248.058694
251.110622
251.709393
245.702096
232.677630
211.795909
181.508405
143.106495
98.539250
50.202097
2.369540
-41.507993
-80.976657
-115.100656
-146.409614
-179.081815
-210.461106
-239.613397
-261.659963
-272.458621
-270.724297
-256.152494
-231.952156
-201.229368
-168.853998
-136.377301
-102.002961
-63.882044
-21.839823
24.569716
72.478397
122.371912
171.937261
209.038428
230.262790
241.664648
247.880050
251.084226
251.879011
245.733091
232.658216
211.519514
181.006704
142.423596
97.724540
49.598728
1.903943
-41.917052
-81.343140
-115.422692
-146.742378
-179.482698
-210.859605
-239.829506
-261.722292
-272.334814
-270.423038
-255.804573
-231.479577
-200.629575
-168.408155
-135.864701
-101.483209
-63.249554
-21.341699
25.170190
73.020458
122.936113
172.531094
209.534509
230.828183
242.061615
248.032468
251.057659
251.783643
245.715891
232.531684
211.204290
180.839470
142.247336
97.478458
49.272265
1.373972
-42.429992
-81.746067
-115.818126
-147.032397
-179.617575
-211.037738
-239.931856
-261.860064
-272.467818
-270.396471
-255.631719
-231.155157
-200.328657
-168.036904
-135.369641
-101.094927
-63.089814
-21.047252
25.535311
73.341131
123.378720
172.921079
209.633112
230.704546
241.967440
248.097352
251.173292
251.846313
245.368651
232.078348
210.933515
180.437565
141.782761
97.052540
48.879555
0.974962
-42.780127
-82.081897
-116.120407
-147.217342
-179.896695
-211.282287
-240.283864
-262.029341
-272.427286
-270.395620
-255.511829
-231.075117
-199.955872
-167.675189
-135.191849
-100.737470
-62.424796
-20.418848
26.119777
73.924405
124.200412
173.769167
210.429600
231.351512
242.371900
248.532636
251.245499
251.825537
245.456355
232.133184
210.938794
180.340324
141.746828
96.968412
48.628024
0.841958
-42.995555
-82.413128
-116.370235
-147.643770
-180.329255
-211.647408
-240.561622
-262.446233
-272.885050
-270.772491
-255.906752
-231.461525
-200.623955
-167.953117
-135.278361
-100.827558
-62.558310
-20.358903
26.199988
74.091128
124.146427
173.913581
210.633618
231.633527
242.812463
248.718262
251.549823
252.131224
245.832545
232.419968
211.154052
180.704594
141.935349
97.046920
48.733609
0.837190
-43.022803
-82.645246
-116.643054
-147.769962
-180.482524
-211.748396
-240.808555
-262.640374
-273.020608
-270.866837
-256.016254
-231.500694
-200.588703
-168.230534
-135.546412
-100.985084
-62.700169
-20.452738
26.121650
74.108498
124.135188
173.788582
210.640601
231.650897
242.829663
249.076060
252.068894
252.571957
246.325391
232.668945
211.190837
180.432115
141.668320
96.873215
48.562118
0.645093
-43.240615
-82.599095
-116.648674
-147.924934
-180.814437
-212.121521
-241.127184
-262.899910
-273.256472
-271.034581
-256.023577
-231.585843
-200.727837
-168.275152
-135.504348
-101.070574
-62.853779
-20.546402
26.250567
74.305875
124.332053
173.961094
210.722685
231.731960
243.068933
249.111312
251.975230
252.846309
246.449198
232.946532
211.543867
180.805751
141.937222
97.071614
48.758302
0.962360
-43.050051
-82.488911
-116.592986
-148.009232
-180.763006
-212.106705
-241.215229
-262.907233
-273.262433
-271.127054
-256.267956
-231.735877
-200.733798
-168.325901
-135.656766
-101.048776
-62.661512
-20.346642
26.325328
74.297701
124.466930
174.120665
210.938454
231.885569
243.192400
249.347006
252.247708
253.039769
246.922629
233.367511
211.967230
181.157589
142.219407
97.327914
48.869167
1.024178
-42.909895
-82.431691
-116.568804
-147.808790
-180.721283
-212.304762
-241.358280
-263.143097
-273.717301
-271.553482
-256.748199
-232.188020
-201.260533
-168.684380
-135.848182
-101.348502
-63.148056
-20.715850
26.006699
74.094704
124.424185
174.117429
211.059877
231.996775
243.316548
249.478817
252.540793
253.525632
247.171095
233.768225
212.412391
181.448289
142.553193
97.656931
49.287762
1.380954
-42.648656
-82.294600
-116.472244
-147.923912
-180.719750
-212.113517
-241.257123
-263.260262
-273.816586
-271.735362
-257.060358
-232.644762
-201.564687
-169.173138
-136.424984
-101.902315
-63.480990
-21.063430
25.755337
73.897498
124.337503
174.177034
211.180959
232.226338
243.577276
249.915123
252.822808
253.672429
247.438295
234.054327
212.744815
181.961911
143.064260
98.166806
49.627679
1.529115
-42.585986
-82.136052
-116.420133
-147.828715
-180.733204
-212.234429
-241.371904
-263.382026
-274.070842
-272.062165
-257.174628
-232.690743
-201.745544
-169.245175
-136.534827
-102.095263
-63.704593
-21.365029
25.347812
73.507002
123.694795
173.527173
210.793870
232.051952
243.451595
249.683005
252.574001
253.515754
247.392654
234.065226
212.811402
182.149410
143.241882
98.130873
49.676895
1.591274
-42.483296
-82.046645
-116.277422
-147.632020
-180.437224
-212.025302
-241.235835
-263.233866
-273.953506
-271.969012
-257.150105
-232.715266
-201.701096
-169.297116
-136.545215
-101.857867
-63.545704
-21.390063
25.291954
73.352882
123.827117
173.807485
210.833039
232.016529
243.480376
249.801023
252.787726
253.345796
247.303588
233.800752
212.526321
181.967361
143.180234
98.265580
49.776179
1.824924
-42.263440
-81.847906
-116.175924
-147.620950
-180.533443
-212.130036
-241.317238
-263.225521
-273.879085
-271.830729
-257.073981
-232.650552
-201.664993
-169.150489
-136.530229
-101.958002
-63.604798
-21.408115
25.412525
73.667935
123.901878
173.765762
210.683857
231.657880
243.095160
249.423981
252.887351
253.737143
247.219801
233.871937
212.431805
181.943689
143.116713
98.024777
49.724749
1.959120
-41.978700
-81.748792
-115.967819
-147.444350
-180.352245
-211.946964
-241.153581
-263.077872
-273.679325
-271.686826
-256.944043
-232.503074
-201.510532
-169.211796
-136.674132
-102.104800
-63.592536
-21.264042
25.391919
73.658909
124.144043
173.959562
210.823842
231.783390
243.210111
249.535186
252.538579
253.185204
247.026682
233.563014
212.219102
181.652648
142.761469
97.880023
49.474750
1.464912
-42.492832
-81.990106
-116.164855
-147.560835
-180.530718
-212.029048
-241.137913
-263.067995
-273.491485
-271.355936
-256.414754
-232.008014
-201.093640
-168.885163
-136.191675
-101.719073
-63.427346
-21.224363
25.612116
73.701824
124.150855
173.857893
210.631405
231.797184
243.080854
249.155079
252.306121
252.978461
246.527365
233.224119
211.928742
181.358201
142.467873
97.448145
49.037593
1.233476
-42.696680
-82.240275
-116.349799
-147.769962
-180.680071
-212.202753
-241.358280
-263.132708
-273.532867
-271.273851
-256.474359
-231.852191
-200.802599
-168.451922
-135.742937
-101.283107
-62.866211
-20.651136
26.093551
74.143069
124.599934
174.012525
210.372039
231.286458
242.660897
249.061755
252.364193
252.977439
246.712310
233.212880
211.630889
180.687393
141.799280
96.951042
48.659188
0.974791
-42.862892
-82.290173
-116.317102
-147.972448
-180.876425
-212.380716
-241.364581
-263.176135
-273.405143
-271.072728
-255.967719
-231.251887
-200.340237
-168.075221
-135.530233
-100.803546
-62.411002
-20.174980
26.628801
74.661289
125.368323
174.727951
210.843597
231.437513
242.422479
248.356547
251.410348
252.034664
245.634999
232.403108
210.966723
180.264541
141.357013
96.331324
47.840221
0.040531
-43.660402
-82.884005
-116.720200
-147.837060
-180.611951
-211.946624
-241.108792
-262.798752
-272.951637
-270.667246
-255.511999
-230.502912
-199.390990
-167.087487
-134.502820
-100.022044
-61.575685
-19.578593
27.101040
74.902603
125.606401
174.988849
210.745335
231.215273
242.342949
248.530252
251.571451
251.817533
245.061261
231.734344
210.171597
179.251773
140.395846
95.479659
47.020401
-0.669956
-44.210298
-83.395754
-117.102351
-148.395641
-181.208849
-212.451049
-241.363219
-262.672050
-272.499834
-269.822904
-254.511833
-229.594537
-198.800223
-166.635854
-133.951562
-99.436726
-61.054911
-18.885136
27.727400
75.639997
126.060588
175.046069
210.748570
230.941432
241.896084
247.816529
250.922271
251.275812
244.718620
231.098277
209.428072
178.528343
139.444215
94.418185
45.988049
-1.567943
-44.875486
-83.874975
-117.590427
-148.829903
-181.452036
-212.746348
-241.514785
-262.632540
-272.275720
-269.420317
-253.950017
-228.755474
-197.624479
-165.351289
-132.942200
-98.423277
-60.112306
-17.958028
28.640372
76.322726
126.456874
175.205129
210.820436
230.748143
241.504908
247.546775
250.544548
250.820432
244.057349
230.298553
208.359105
177.198138
138.122014
93.233926
45.030969
-2.281496
-45.534883
-84.465572
-117.963042
-149.351869
-182.039227
-213.202579
-241.771596
-262.753963
-272.236892
-268.825633
-253.173794
-227.937187
-196.964911
-164.777211
-132.321971
-97.683838
-59.107542
-16.905580
29.807772
77.568633
127.667529
176.270349
211.373568
231.018577
241.531815
247.231041
250.226430
250.373568
243.596009
229.834148
207.809380
176.626955
137.340852
92.192207
43.984141
-3.333603
-46.586139
-85.324219
-118.603536
-149.724654
-182.297230
-213.415282
-242.070641
-262.814590
-271.992343
-268.618379
-252.723864
-227.476018
-196.349791
-164.137908
-131.546770
-96.982888
-58.414255
-16.116074
30.494588
78.117166

