86.189679
118.931873
143.074649
163.799695
180.510793
193.963051
206.532478
215.064798
216.473171
211.407798
196.781499
172.386680
141.761473
107.371807
71.829557
35.049404
-3.424713
-38.893904
-72.177989
-106.357847
-142.212084
-174.953086
-199.717454
-216.697795
-222.917795
-218.854972
-209.677049
-197.195496
-182.291610
-164.615938
-142.626251
-115.172693
-79.393557
-34.878935
9.648970
48.086643
86.143017
119.054658
143.117905
163.579328
180.292640
193.796669
206.469808
215.063095
216.462953
211.437259
196.720191
172.239372
141.442333
106.935161
71.580069
34.604754
-3.952639
-39.160933
-72.441782
-106.705938
-142.468725
-175.345966
-200.000831
-216.720956
-223.022699
-219.007730
-209.849903
-197.134699
-182.135275
-164.202452
-142.221962
-114.586524
-78.888791
-34.449441
9.975774
48.684733
86.606060
119.458948
143.519640
164.148467
180.641413
193.883521
206.810747
215.060541
216.447285
211.368118
196.560962
172.165462
141.408273
106.941121
71.373497
34.379448
-3.991468
-39.154632
-72.632517
-106.947933
-142.787014
-175.522396
-200.144563
-216.925485
-223.271336
-219.061886
-209.898267
-197.232962
-182.127442
-164.223739
-142.164230
-114.552804
-78.675747
-34.014497
10.357925
48.932859
86.833068
119.726317
143.588100
164.135524
180.803537
193.933930
206.669569
214.955296
216.296741
211.108412
196.330888
172.054257
141.146013
106.647526
71.146999
33.956085
-4.395076
-39.581912
-72.831426
-107.070037
-142.815113
-175.652334
-200.117826
-216.936214
-223.248856
-219.074658
-209.908996
-197.122097
-182.008403
-164.123092
-142.006704
-114.156008
-78.139475
-33.668280
10.520731
49.127851
87.161064
119.804485
143.933467
164.519548
180.987801
194.236892
206.891809
215.126446
216.480834
211.232901
196.292060
171.739374
140.977417
106.431076
70.799419
33.636263
-4.831893
-39.807558
-73.318481
-107.530866
-143.290588
-175.930262
-200.519221
-217.075348
-223.135608
-218.965496
-209.795407
-197.193623
-182.099172
-164.114407
-141.842876
-114.001036
-77.991315
-33.281871
10.858093
49.418211
87.469646
120.376348
144.403321
164.771932
181.282759
194.585323
207.217932
215.413570
216.605834
211.290291
196.227006
171.687773
140.831300
106.193338
70.552315
33.335515
-5.128043
-40.273666
-73.479925
-107.937029
-143.755845
-176.385301
-200.739588
-217.438255
-223.413876
-219.102417
-209.796258
-197.065728
-181.784289
-163.792372
-141.587428
-113.848618
-77.774695
-33.109018
11.246715
49.894708
87.857587
120.528596
144.361428
164.835283
181.312220
194.630793
207.315683
215.562752
216.864688
211.367437
196.279287
171.567713
140.628474
105.963094
70.199796
32.970054
-5.521263
-40.462698
-74.032886
-108.279841
-144.087757
-176.622868
-200.978858
-217.722314
-223.580599
-219.203745
-209.837811
-197.080033
-181.807790
-163.658857
-141.528845
-113.531181
-77.277422
-32.482488
11.687279
50.077609
88.207551
120.793240
144.645316
165.246214
181.567669
194.894586
207.644020
215.600218
216.709375
211.329120
195.957422
171.178239
140.164580
105.525766
69.847277
32.438551
-6.029095
-40.819134
-74.160269
-108.560494
-144.345760
-176.927362
-201.212338
-217.735938
-223.605292
-219.171388
-209.819249
-197.072881
-181.877102
-163.743496
-141.337258
-113.262960
-76.977525
-32.227721
11.860473
50.394365
88.435071
120.884691
144.942318
165.534871
181.894984
195.199421
207.821812
215.748208
216.863666
211.226259
195.924895
171.189138
140.347992
105.512653
69.727898
32.466650
-5.766153
-40.820326
-74.530840
-108.806746
-144.506863
-177.083356
-201.166868
-217.521191
-223.365852
-218.947785
-209.828615
-197.100639
-181.867906
-163.716248
-141.252790
-113.212211
-76.825959
-32.007354
11.937278
50.350939
88.534525
120.860509
144.880159
165.398802
181.766408
195.208958
207.877500
215.868609
216.844763
211.198500
195.947034
171.074697
139.983382
105.297565
69.661311
32.273190
-6.164483
-41.233131
-74.811493
-109.089783
-144.727230
-177.185365
-201.197352
-217.507567
-223.468542
-219.081129
-209.739889
-196.865456
-181.655373
-163.509846
-141.032253
-113.023860
-76.657874
-31.807934
12.083054
50.619500
88.636535
120.989255
144.948959
165.510689
181.998866
195.262092
207.924502
215.818201
216.941833
211.254358
195.784739
171.019690
140.092032
105.393444
69.713082
32.259056
-6.142855
-41.264125
-74.712549
-108.994586
-144.824300
-177.184343
-201.437303
-217.787709
-223.589454
-219.093050
-209.753173
-197.059938
-181.684153
-163.518361
-141.129494
-112.915891
-76.423032
-31.615155
12.312617
50.685065
88.690519
120.993001
144.921030
165.345328
181.760788
195.101159
207.758631
215.729645
216.521876
211.084400
195.691926
170.833383
139.845269
105.196408
69.536652
32.286814
-6.163291
-41.137082
-74.651922
-109.003953
-144.694192
-177.268301
-201.428618
-217.782770
-223.491532
-218.977588
-209.560224
-196.638448
-181.481327
-163.441045
-141.006197
-112.949610
-76.457432
-31.825474
12.084416
50.744329
88.823693
121.054138
144.753116
165.299347
181.735924
195.093666
207.722528
215.817860
216.719082
210.960082
195.624828
170.821122
139.831986
105.193342
69.443498
32.258715
-6.120886
-41.105407
-74.598278
-108.852046
-144.597973
-176.969256
-200.992141
-217.482703
-223.228250
-218.854972
-209.565674
-196.831908
-181.525264
-163.344315
-141.016415
-112.950461
-76.585327
-31.692982
12.142318
50.625801
88.610819
120.909044
144.677162
165.137904
181.485074
194.812843
207.528046
215.533291
216.446604
210.880211
195.680516
170.778888
139.730658
105.100530
69.511277
32.184465
-6.269557
-41.274173
-74.675424
-108.966316
-144.534963
-177.002975
-201.221364
-217.413562
-223.341329
-218.914747
-209.480694
-196.646111
-181.440966
-163.330862
-141.008241
-112.867355
-76.598099
-31.769105
12.197495
50.632443
88.597025
120.935781
144.670010
165.300199
181.792974
195.046493
207.650832
215.775967
216.793333
211.111307
195.706912
171.003682
140.029022
105.331455
69.645814
32.458816
-6.010021
-41.211503
-74.504614
-108.781031
-144.470930
-176.978622
-201.161930
-217.517785
-223.290920
-218.823126
-209.481035
-196.711676
-181.508064
-163.327456
-141.021184
-112.852880
-76.537643
-31.855447
11.998415
50.558533
88.451930
120.569808
144.451516
164.962326
181.338787
194.685800
207.252673
215.467725
216.450521
210.972343
195.858649
171.044213
139.962264
105.371816
69.658245
32.289198
-5.991459
-40.998459
-74.197054
-108.473982
-144.180230
-176.717554
-200.907333
-217.146703
-223.273720
-218.900442
-209.451403
-196.741479
-181.467363
-163.312129
-140.952894
-112.867866
-76.645102
-32.054526
11.826072
50.320966
88.397605
120.706388
144.575323
165.032830
181.348324
194.600650
207.074199
215.124062
216.262851
210.667167
195.513453
170.826231
139.924628
105.307102
69.679022
32.425949
-6.060430
-41.164671
-74.295146
-108.488798
-144.159283
-176.485096
-200.699908
-217.039415
-223.014184
-218.633584
-209.356376
-196.653945
-181.432111
-163.240433
-140.951020
-112.939732
-76.723099
-31.928676
11.949539
50.259658
88.269200
120.560101
144.368751
164.934056
181.267602
194.582258
207.280942
215.378148
216.363158
210.822480
195.572547
170.732396
139.844928
105.242218
69.628784
32.614299
-5.886555
-41.138104
-74.330739
-108.524391
-144.205434
-176.622357
-200.841086
-217.100893
-222.983360
-218.506541
-209.106377
-196.330547
-181.195906
-163.214036
-140.883923
-112.924235
-76.742343
-32.014166
11.960268
50.419910
88.434730
120.707410
144.533941
165.031467
181.296723
194.529806
207.151175
215.141262
216.156415
210.600070
195.360865
170.765945
139.793498
105.048759
69.329739
32.044138
-6.192071
-41.076626
-74.491331
-108.636958
-144.251585
-176.730667
-200.853348
-217.304911
-222.960540
-218.598332
-209.230866
-196.366140
-181.118250
-163.015127
-140.711239
-112.650054
-76.414176
-31.618391
12.248073
50.593274
88.504042
120.744535
144.544159
165.033000
181.231669
194.550753
207.124267
215.029546
216.120311
210.696459
195.339918
170.576743
139.622859
104.836055
69.249528
31.971080
-6.473064
-41.259016
-74.704034
-109.143768
-144.799096
-177.160331
-200.992141
-217.291457
-223.293986
-218.868426
-209.584577
-196.509191
-181.200164
-163.157327
-140.591519
-112.309796
-75.855936
-31.233174
12.682847
51.032986
88.992289
121.173518
144.993578
165.495021
181.670530
194.922686
207.429954
215.226923
216.267109
210.545744
195.056370
170.283828
139.386994
104.700668
68.947588
31.860045
-6.650346
-41.657346
-74.923549
-109.338760
-145.003796
-177.273750
-201.325757
-217.709030
-223.163366
-218.727589
-209.364040
-196.439539
-181.265048
-163.047654
-140.518461
-112.437861
-75.945854
-30.947583
12.912580
51.336459
89.297976
121.560267
145.290579
165.708235
182.030542
195.268903
207.928419
215.546574
216.448477
210.602624
195.097072
170.073850
138.904878
104.157754
68.567821
31.175103
-7.209267
-42.077133
-75.414521
-109.719890
-145.531722
-177.864858
-201.772111
-217.943532
-223.346267
-218.571084
-209.108421
-196.177789
-180.977072
-162.841252
-140.370131
-112.010581
-75.432743
-30.442306
13.612679
51.973547
89.858430
121.924026
145.482165
165.873255
182.010787
195.379598
207.870688
215.618440
216.664416
210.858924
195.122787
169.891460
138.664246
103.792122
68.071399
30.561004
-7.688148
-42.471375
-75.930868
-110.310657
-146.181754
-178.286007
-202.156646
-218.401466
-223.544836
-218.809843
-209.262541
-196.394409
-181.076527
-162.582227
-139.889036
-111.541237
-74.836867
-29.809986
14.063631
52.280596
90.399810
122.500488
146.281890
166.491440
182.544674
195.751531
208.243813
215.803385
216.567857
210.700887
194.749321
169.709410
138.404029
103.552341
67.945889
30.622653
-7.828474
-42.902402
-76.215267
-110.854251
-146.930218
-179.043327
-202.797140
-218.744448
-223.715987
-218.828576
-209.224905
-196.169785
-180.845261
-162.482091
-139.774425
-111.309460
-74.447734
-29.238973
14.695099
53.091390
91.026000
123.080185
146.397693
166.586127
182.697092
195.817607
208.302225
215.894835
216.689621
210.618121
194.485869
169.082710
137.893983
102.912698
67.088093
29.242550
-8.956535
-43.351991
-76.969862
-111.470563
-147.336551
-179.295029
-202.998604
-218.926838
-223.917450
-218.884434
-209.242105
-196.312836
-180.792127
-162.224599
-139.508929
-110.961539
-73.782546
-28.548411
15.279225
53.638050
91.587305
123.547656
147.031205
167.331185
183.437041
196.680001
209.165641
216.522387
216.950689
210.705485
194.540705
168.992962
137.581825
102.571760
66.709178
29.135091
-9.278400
-44.064181
-77.504601
-112.081085
-147.921869
-179.796730
-203.344992
-219.103439
-223.641225
-218.760797
-209.087133
-195.905311
-180.528845
-162.009852
-139.216866
-110.550267
-73.240314
-27.906895
15.697309
53.942714
92.001302
123.834610
147.223643
167.552914
183.531897
196.672508
209.079811
216.463464
217.141424
210.885491
194.411959
168.795075
137.251275
102.257899
66.369942
28.477907
-9.781463
-44.526884
-78.103372
-112.656696
-148.436172
-180.137668
-203.622580
-219.224862
-223.916599
-218.882901
-209.148441
-196.052619
-180.483375
-161.693777
-138.729640
-109.953029
-72.643587
-27.493068
15.975577
54.196971
92.282466
124.026878
147.624867
167.748587
183.554036
196.928808
209.216050
216.446604
216.900451
210.582529
194.036790
168.445621
136.984246
101.856334
66.033942
28.454236
-9.843452
-44.606413
-78.244380
-112.828527
-148.628610
-180.383580
-203.754221
-219.364847
-223.782063
-218.708515
-209.008626
-195.772648
-180.187396
-161.584105
-138.549975
-109.674249
-72.347266
-26.993752
16.420909
54.685899
92.786551
124.225446
147.542613
167.828287
183.795691
196.984836
209.395375
216.444901
216.754334
210.240058
193.708794
167.949881
136.511666
101.609060
65.780878
28.068338

