-32.060317
-91.960430
-143.049444
-188.148022
-227.273192
-253.586088
-269.547190
-277.455875
-280.510868
-279.498271
-273.247957
-261.965649
-241.148983
-208.812101
-165.497065
-113.071033
-58.705466
-6.258317
42.251689
87.489060
131.535530
176.985094
218.884093
247.959920
272.568294
291.006395
297.020844
292.233910
276.314701
251.866920
222.900765
190.991504
156.436137
117.539508
74.270964
25.434153
-31.472955
-91.415133
-142.623867
-187.737771
-226.904665
-253.260306
-269.495589
-277.612720
-280.820302
-280.040332
-274.083103
-262.824127
-241.926908
-209.468603
-166.172130
-113.997289
-59.625251
-7.264784
41.299718
86.365598
130.458048
176.430600
218.674966
247.949362
272.610528
291.117770
297.325509
292.632750
276.717118
252.355337
223.584345
191.667761
157.138280
118.389300
75.183255
26.321752
-30.889000
-91.184207
-142.526456
-187.499523
-226.718869
-253.125940
-269.457613
-277.631794
-281.062978
-280.384506
-274.395261
-263.200147
-242.323535
-209.878342
-166.739736
-114.396129
-60.178382
-7.783004
40.780987
85.877180
129.799843
175.683328
218.255520
247.658491
272.325788
291.227783
297.435863
292.918171
277.053799
252.653190
223.962920
192.192452
157.697541
119.008848
75.885057
27.031728
-30.135938
-90.354000
-141.845601
-187.021324
-226.553849
-253.160340
-269.600834
-277.971370
-281.193086
-280.603511
-274.801935
-263.734204
-242.997919
-210.629020
-167.365755
-115.110023
-60.604981
-8.086477
40.571519
85.702283
129.705327
175.569398
218.057462
247.475420
272.304841
291.226591
297.727925
293.067694
277.218478
253.084557
224.436522
192.684446
158.219167
119.271108
76.403448
27.566808
-29.365846
-89.706864
-141.359568
-186.654329
-226.312876
-253.148079
-269.643579
-277.945484
-281.507288
-280.880077
-274.993181
-263.975177
-243.411234
-211.210081
-167.966059
-115.666049
-61.251266
-8.689165
39.979049
85.377353
129.432849
175.408125
217.975208
247.365917
272.395270
291.324513
297.649418
293.216024
277.503899
253.364529
224.683966
193.040541
158.476830
119.608130
76.764481
27.946063
-28.873512
-89.235987
-141.174112
-186.440093
-226.001740
-252.864531
-269.374166
-277.839218
-281.227997
-280.641147
-274.926083
-264.060327
-243.442740
-211.245673
-168.072156
-115.913664
-61.543158
-8.915833
39.800916
84.904943
128.649133
174.677031
217.601401
247.076069
271.933930
290.942533
297.435011
292.899438
277.073213
252.902167
224.264009
192.548718
158.107451
119.377715
76.673031
27.861765
-29.087578
-89.255231
-140.877451
-186.300618
-225.731475
-252.530404
-269.049917
-277.326448
-280.751841
-280.129058
-274.456739
-263.486249
-242.921625
-210.715021
-167.513745
-115.422010
-61.149597
-8.870363
39.645433
84.831374
128.570114
174.244302
217.012337
246.631759
271.455220
290.352447
296.855995
292.151655
276.235683
252.194234
223.538535
192.099469
157.866819
119.189365
76.401745
27.529172
-29.240165
-89.267322
-141.132900
-186.381510
-225.670508
-252.272912
-268.574953
-276.792901
-280.114583
-279.404776
-273.759024
-262.858186
-242.311614
-210.078614
-166.719471
-114.584991
-60.406583
-8.076770
40.370056
85.335118
128.786904
174.454962
216.982194
246.253014
271.098954
289.858580
296.125242
291.219779
275.220190
251.225233
222.642762
191.209487
156.815733
118.184601
75.562681
26.741028
-30.171531
-89.970827
-141.167300
-186.307771
-225.415911
-251.805442
-267.947401
-276.200431
-279.608965
-278.903246
-273.172515
-262.308972
-241.587843
-209.304605
-165.818248
-113.825457
-59.743098
-7.661240
40.578502
85.379907
129.028899
174.889224
217.100041
246.247394
270.972082
289.364031
295.407431
290.316684
274.286440
250.218936
221.623523
190.182584
155.895267
117.360013
74.698925
25.905030
-30.880485
-90.517487
-141.593218
-186.534779
-225.261790
-251.363686
-267.336198
-275.430168
-278.683731
-278.007644
-272.301946
-261.371306
-240.518876
-207.983596
-164.531640
-112.513815
-58.802026
-6.808894
41.304997
85.882119
129.227638
174.868788
216.878823
245.735305
270.474298
289.056131
294.975724
289.650134
273.287126
249.102116
220.437220
188.920668
154.580048
115.984678
73.695523
25.052343
-31.671865
-91.131244
-141.999211
-186.800276
-225.539889
-251.459905
-267.093011
-274.944305
-278.046642
-277.139630
-271.282366
-260.220085
-239.420618
-206.922463
-163.523981
-111.486060
-57.731697
-5.826269
42.065893
86.534875
129.570450
175.122874
216.741562
245.423828
270.106792
288.398436
294.381721
289.088488
272.693975
248.391117
219.695738
187.909092
153.500693
114.907026
72.457279
23.907423
-32.651424
-91.786044
-142.544338
-187.393257
-225.806407
-251.547609
-267.104251
-274.802446
-277.629410
-276.553801
-270.443814
-259.352582
-238.454172
-206.009831
-162.516321
-110.471589
-56.611470
-4.729714
42.932715
87.358100
130.333390
175.862142
217.377288
245.509488
269.961868
288.054262
293.773583
288.503681
271.799394
247.371878
218.593734
187.043122
152.786800
114.093849
71.588584
22.802864
-33.896310
-92.875957
-143.188749
-187.782390
-226.007530
-251.568726
-267.016036
-274.603707
-277.525357
-276.345015
-270.357643
-259.063755
-237.830537
-205.046790
-161.347389
-109.255314
-55.624928
-3.935269
43.671812
88.063138
131.245852
176.622527
217.956305
246.203286
270.393235
288.104670
293.443884
287.784508
271.140678
246.794905
217.933995
186.301640
151.795830
113.145624
70.495605
21.714994
-35.043955
-93.900306
-144.113132
-188.482659
-226.421016
-251.510314
-266.888482
-274.371079
-277.257647
-276.030302
-269.867011
-258.509091
-237.105915
-204.071317
-160.386392
-108.369248
-54.752316
-3.038645
44.601304
88.778564
131.890944
177.127463
218.439272
246.557338
270.797185
288.380895
293.663910
287.944419
270.930529
246.302400
217.427697
185.668128
151.220730
112.455062
69.774389
20.874568
-35.985197
-94.955819
-145.001411
-189.293282
-227.111919
-252.196789
-267.236233
-274.569988
-277.358294
-276.124137
-269.926446
-258.345604
-236.880779
-203.817572
-159.973076
-107.687541
-53.936754
-2.355576
45.166186
89.624269
132.840020
178.136996
219.111783
247.224569
271.336011
288.651671
293.597494
287.851095
270.939384
246.370179
217.472145
185.738461
151.324272
112.415552
69.559131
20.485776
-36.526237
-95.455306
-145.487615
-189.692463
-227.430378
-252.438102
-267.628772
-275.030306
-277.801071
-276.410580
-270.249844
-258.522034
-236.724104
-203.537430
-159.508501
-107.309478
-53.636857
-2.056360
45.447009
89.727300
132.906096
178.385973
219.505004
247.746876
271.679844
289.068052
294.099024
288.169214
271.201304
246.620178
217.733213
186.023372
151.462896
112.508535
69.570541
20.441668
-36.826304
-96.005542
-145.762307
-190.277781
-228.003434
-253.069230
-267.974819
-275.390148
-278.215919
-276.988915
-270.770958
-258.953742
-237.109661
-203.788280
-159.708602
-107.357161
-53.668192
-2.011912
45.467785
89.979512
133.253166
178.600379
219.933476
248.172624
272.307226
289.987837
294.969933
289.053406
271.988256
247.048480
217.981168
186.170169
151.704720
112.834658
69.844042
20.759617
-36.488771
-95.870835
-146.176474
-190.512964
-228.379624
-253.339836
-268.451657
-275.787967
-278.608969
-277.390480
-271.091461
-259.392432
-237.804651
-204.538788
-160.560267
-108.090809
-54.094110
-2.105236
45.553105
90.025323
133.420229
178.846802
220.147371
248.618807
272.723266
290.189130
295.467036
289.578608
272.532191
247.698852
218.615362
186.813218
152.140004
113.367694
70.352214
21.058662
-36.414521
-95.887014
-146.041768
-190.604414
-228.538173
-253.717218
-268.851348
-276.151214
-278.883662
-277.736187
-271.473953
-259.756701
-238.234997
-205.165829
-161.196164
-108.590467
-54.497038
-2.646787
45.172487
89.875460
133.309024
178.743601
220.203911
248.636178
273.033040
290.677037
295.939616
290.391275
273.421322
248.619999
219.588280
187.631505
153.013808
114.066601
70.776599
21.606684
-35.633019
-95.238004
-145.700148
-190.362590
-228.551456
-253.860099
-269.207954
-276.547159
-279.382978
-278.259345
-271.998644
-260.303531
-238.858972
-205.643688
-161.685944
-109.277964
-55.195774
-3.136567
44.765132
89.464358
133.117267
178.797415
220.072780
248.709747
272.985697
290.827070
296.147210
290.719271
273.996592
249.331508
220.220089
188.243219
153.449093
114.401749
71.365833
22.201197
-35.045317
-94.814982
-145.291601
-190.012625
-228.527103
-253.988675
-269.512108
-277.084793
-279.967615
-278.955698
-272.624493
-260.962588
-239.414998
-206.442560
-162.575415
-109.986237
-55.814641
-3.648315
44.457061
89.395557
133.298465
178.825855
220.284973
248.865741
273.332766
291.116238
296.611786
291.219609
274.569648
249.795062
220.901796
188.889844
154.267039
115.108831
71.956090
22.639547
-34.699440
-94.371012
-144.987277
-189.726182
-228.239979
-253.931795
-269.628423
-277.470691
-280.636379
-279.412780
-273.205212
-261.638846
-240.117482
-207.045759
-163.283178
-110.761268
-56.480850
-4.279103
43.963705
88.851452
132.658311
178.453411
220.201186
248.969964
273.319313
291.358232
297.015054
291.607210
275.025368
250.453949
221.464634
189.475502
154.661281
115.629435
72.560821
23.376090
-34.011602
-93.759639
-144.567830
-189.361061
-228.122302
-253.969261
-269.824437
-277.486018
-280.370883
-279.362883
-273.310968
-261.831454
-240.528754
-207.821642
-163.954156
-111.451830
-57.176181
-4.976988
43.257815
88.213852
131.845645
177.733217
219.681774
248.489039
273.108312
291.138547
296.734231
291.601079
275.191239
250.638212
221.662351
189.797197
155.079024
116.036279
72.797196
23.735591
-33.575126
-93.334743
-144.033432
-189.183440
-227.820703
-253.748213
-269.505637
-277.473927
-280.587843
-279.533182
-273.573399
-262.117556
-240.681512
-207.770722
-163.950580
-111.521142
-57.434184
-5.225454
43.005603
87.985652
131.624256
177.544526
219.563927
248.431989
272.846903
291.021041
296.736274
291.257586
274.929489
250.521047
221.709354
189.987421
155.344861
116.484506
73.377745
24.237803
-33.150060
-93.014581
-144.102744
-188.938039
-227.589778
-253.496511
-269.347770
-277.261053
-280.560766
-279.536928
-273.476669
-261.966160
-240.716594
-207.819257
-164.058719
-111.578703
-57.533809
-5.305665
42.814187
87.686096
131.501641
177.324499
219.251258
248.078448
272.845541
290.833371
296.470267
291.127477
274.671827
250.189645
221.424954
189.689057
155.273676
116.392033
73.310988
24.155208
-33.227035
-93.015092
-143.629313
-188.731977
-227.291243
-253.040961
-268.879959
-276.881286
-279.986858
-279.016154
-273.083619
-261.805909
-240.559748
-207.637548
-163.921629
-111.403125
-57.374920
-5.254745
42.906148
87.732588
131.444080
177.129848
219.139031
248.055969
272.415536
290.280240
295.897722
290.519680
274.029459
249.628680
220.908948
189.359869
154.794965
115.913493
72.838579
23.665088
-33.508539
-93.065330
-143.816812
-188.659089
-227.033240
-252.795219
-268.531357
-276.314190
-279.550893
-278.643199
-272.821018
-261.435509
-240.084955
-207.223892
-163.356066
-111.035279
-57.015930
-5.012751
42.929820
87.611335
131.115062
176.919528
218.834026
247.678416
272.243023
290.254014
295.747348
290.300506
273.772989
249.240398
220.490013
188.799756
154.351677
115.389143
72.547708
23.542472
-33.645630
-93.138218
-144.102403
-188.905171
-227.202688
-252.802542
-268.420151
-276.151896
-279.134342
-277.999980
-272.000517
-260.625567
-239.256961
-206.497056
-162.616287
-110.365152
-56.442533
-4.453318
43.491806
88.171107
131.450210
177.087273
218.857697
247.410025
271.781342
289.865221
295.339142
289.827926
273.201466
248.750448
219.794512
188.085352
153.672695
114.901066
72.042772
22.843736
-34.217153
-93.764578
-144.397020
-189.093011
-227.354935
-252.853802
-268.371957
-276.103701
-278.895923
-277.762583
-271.693979
-260.233028
-238.868339
-206.005573
-162.230900
-109.871966

