-76.163156
-31.040396
13.255392
51.786389
89.646748
121.601650
145.313229
165.635518
181.912184
195.182732
207.800525
215.881382
216.739178
210.738352
195.321526
170.483078
139.314788
104.578733
68.967002
31.697750
-6.907667
-41.956731
-75.003590
-109.373672
-145.069701
-177.717209
-201.795101
-217.923607
-223.698957
-219.060012
-209.575551
-196.641684
-181.341171
-163.269213
-140.943357
-112.643072
-76.148851
-31.131676
12.798991
51.473039
89.384317
121.402570
145.167623
165.618317
182.003294
195.262602
207.703454
215.814965
216.780731
210.922275
195.653949
170.628173
139.623710
104.860919
69.277457
31.915222
-6.752355
-41.737046
-74.832269
-109.169824
-144.805568
-177.449329
-201.486860
-217.673438
-223.551478
-219.079767
-209.624427
-196.857112
-181.660822
-163.430997
-141.065802
-112.771307
-76.583794
-31.775577
12.313468
51.148449
89.094639
121.274165
145.137140
165.681158
181.937558
195.229735
207.784176
215.878998
216.890403
211.215360
195.892198
171.218770
140.031746
105.355637
69.743395
32.535962
-6.257466
-41.479213
-74.714422
-108.994586
-144.772700
-177.381720
-201.594319
-217.680080
-223.688909
-219.282934
-209.698847
-196.852854
-181.611947
-163.480725
-141.175304
-113.040039
-76.933077
-31.900746
12.128013
50.912925
88.776861
121.026209
144.855295
165.281977
181.879146
195.149864
207.658495
215.831314
216.934851
211.320945
196.117503
171.330827
140.443700
105.688572
70.102045
32.821723
-5.951950
-41.156837
-74.381147
-108.840466
-144.650425
-177.277497
-201.435259
-217.914411
-223.902294
-219.345263
-209.804603
-196.947881
-181.788206
-163.827283
-141.354970
-113.289186
-76.973268
-32.044138
12.138571
50.699541
88.500977
120.799371
144.714458
165.304116
181.515728
194.854736
207.589354
215.771539
216.827393
211.118460
195.991482
171.252489
140.277828
105.589969
69.973980
32.820020
-5.936112
-41.110686
-74.277435
-108.804192
-144.568511
-177.302020
-201.632806
-217.847994
-223.751749
-219.321421
-209.869487
-196.990796
-181.928362
-163.924183
-141.402483
-113.283566
-76.870407
-32.032047
12.167522
50.822156
88.678088
121.166365
144.986766
165.441717
181.867225
195.107290
207.676717
215.747016
216.940131
211.336442
196.041209
171.190671
140.082325
105.426822
69.823265
32.591990
-6.041527
-41.238921
-74.549062
-108.813729
-144.690105
-177.228791
-201.468638
-217.869963
-223.695551
-219.241721
-209.883281
-197.120053
-181.920869
-163.687808
-141.188758
-113.101687
-76.795987
-31.923737
12.277024
50.845827
88.916336
121.369021
145.162514
165.710960
182.006359
195.253236
207.752841
215.768644
216.907774
211.336953
196.003403
171.062095
140.016249
105.048077
69.294146
32.102040
-6.412268
-41.685445
-75.146130
-109.294823
-145.002263
-177.552359
-201.636212
-217.992238
-223.759583
-219.267266
-209.841047
-196.794442
-181.379148
-163.132293
-140.841178
-112.839937
-76.423373
-31.490326
12.697663
51.106555
89.174168
121.617658
145.393610
165.764093
182.039227
195.299217
207.812956
215.757234
216.851916
211.274624
195.916380
170.979330
139.857531
104.985067
69.137982
31.558446
-6.949391
-41.956050
-75.503247
-109.781367
-145.469223
-177.797249
-201.965230
-218.338115
-224.013329
-219.386646
-209.917511
-196.945667
-181.576524
-163.124800
-140.534810
-112.334149
-75.846059
-30.863626
13.297456
51.740408
89.772088
122.213193
145.952020
166.340215
182.481834
195.683241
208.294392
215.983561
216.886657
211.097172
195.629256
170.510326
139.421225
104.446922
68.638495
31.015192
-7.315534
-42.147807
-75.754438
-110.177142
-145.936183
-178.305592
-202.424015
-218.652827
-223.906381
-219.334023
-209.915638
-196.998460
-181.562049
-163.007464
-140.444211
-112.104075
-75.384549
-30.335699
13.795921
52.175181
90.381418
122.768368
146.475009
166.897774
182.964972
196.061816
208.541666
216.102600
216.956309
211.224556
195.468153
170.353992
138.869626
103.957994
68.293469
30.733858
-7.694108
-42.708601
-76.313019
-110.750028
-146.619933
-178.741217
-202.734811
-218.865531
-224.160467
-219.311203
-209.785870
-196.815048
-181.355647
-162.949051
-140.128136
-111.582450
-74.751547
-29.675790
14.367444
52.871364
90.921436
123.145921
146.889176
167.337315
183.389527
196.549211
209.069422
216.568368
217.251267
211.257253
195.235525
169.984954
138.603960
103.638342
67.765372
30.421700
-8.086477
-43.282339
-76.901231
-111.322573
-147.172383
-179.346289
-203.135184
-219.132049
-224.109037
-219.290597
-209.583044
-196.735007
-181.213277
-162.792376
-140.128647
-111.540556
-74.580908
-29.305049
14.689820
53.190844
91.335944
123.445817
147.062199
167.323010
183.378969
196.491310
209.111486
216.484240
217.199666
211.092404
195.068291
169.778040
138.483218
103.427001
67.266737
29.655695
-8.822339
-43.729373
-77.186482
-111.762626
-147.631850
-179.602419
-203.342608
-219.086749
-224.246979
-219.402654
-209.807328
-196.611200
-180.838619
-162.346704
-139.570066
-110.970225
-73.959146
-28.678008
15.148435
53.529569
91.564315
123.506614
147.079400
167.510169
183.529343
196.822882
209.230014
216.594934
217.206819
211.077588
194.939034
169.532810
138.104473
103.166955
67.275422
29.730116
-8.504731
-43.485335
-77.221053
-111.766372
-147.626741
-179.775102
-203.535897
-219.263860
-224.219050
-219.269991
-209.666150
-196.652753
-181.170191
-162.566730
-139.752626
-110.937187
-73.830911
-28.516395
15.255213
53.789445
91.769525
123.712676
147.275754
167.525326
183.497497
196.688346
209.136690
216.442517
217.036179
211.027520
194.799559
169.279064
137.899773
103.015048
67.324468
29.590981
-8.852822
-43.944291
-77.385221
-111.896651
-147.674424
-179.625239
-203.224591
-218.955449
-223.952021
-219.073636
-209.481035
-196.479048
-180.956466
-162.441901
-139.588458
-110.794476
-73.597772
-28.417962
15.237161
53.686074
91.838666
123.401029
147.054025
167.479685
183.556250
196.790355
209.202596
216.608729
217.037031
210.756063
194.521802
169.147083
137.807131
102.881193
67.103761
29.398543
-9.120532
-43.987887
-77.582087
-112.024886
-147.674254
-179.621492
-203.199557
-218.752963
-223.846095
-218.921900
-209.284510
-196.371078
-180.718899
-162.260532
-139.304059
-110.560145
-73.329040
-28.165409
15.144689
53.613526
91.610295
123.203652
146.776438
167.185920
183.352573
196.753400
209.064654
216.476917
217.112303
210.816009
194.701467
169.214691
137.871334
102.944033
67.140715
29.474667
-8.973735
-43.861355
-77.541215
-111.878089
-147.599833
-179.494279
-202.970505
-218.669176
-223.648889
-218.731335
-209.120001
-196.107967
-180.646011
-162.241970
-139.220101
-110.456944
-73.326485
-28.299434
15.116419
53.510496
91.413260
122.816733
146.633898
166.973557
183.053698
196.306705
208.649465
216.224704
216.788564
210.628339
194.575957
169.133799
137.801681
103.045872
67.353759
29.915742
-8.698191
-43.535914
-76.902424
-111.495427
-147.277968
-179.267100
-202.796119
-218.430076
-223.490511
-218.604803
-209.052052
-196.098600
-180.640732
-162.312984
-139.524766
-110.842841
-73.824269
-28.586558
14.827251
53.403548
91.234275
122.829846
146.365506
166.649818
182.714122
195.895433
208.370175
216.063261
216.542823
210.422277
194.370065
168.925864
137.626614
103.002616
67.372152
29.893092
-8.686611
-43.467964
-76.632329
-110.954727
-146.658421
-178.806782
-202.186789
-217.950514
-223.244258
-218.484913
-208.860976
-195.844173
-180.636815
-162.177426
-139.343228
-110.902616
-74.088233
-28.950657
14.483588
52.942378
90.918711
122.342621
145.945549
166.352817
182.564599
195.718833
208.137376
215.885128
216.333185
210.060222
194.134883
168.927738
137.808664
103.022712
67.369427
29.985223
-8.563144
-43.412958
-76.682568
-111.080578
-146.557263
-178.667647
-202.151537
-217.733383
-223.037686
-218.082496
-208.547115
-195.664849
-180.369275
-162.104028
-139.537709
-110.932759
-73.964255
-29.023034
14.388902
52.765438
90.655940
122.242314
145.786319
166.249616
182.380506
195.511920
207.845313
215.578250
216.004338
209.984950
194.219351
168.918882
137.802533
103.157588
67.574808
30.262981
-8.450747
-43.207918
-76.402085
-110.687528
-146.288020
-178.394318
-201.964719
-217.595952
-222.884076
-218.056781
-208.476271
-195.611375
-180.394820
-162.150860
-139.328241
-110.907214
-74.086700
-29.154505
14.349563
52.693401
90.410369
122.053283
145.541430
165.857758
181.988307
195.099456
207.566023
215.354306
216.108220
209.967920
194.164855
169.091736
137.936388
103.241376
67.706108
30.357838
-8.092097
-42.900528
-76.134886
-110.545329
-146.081448
-178.242752
-201.841082
-217.681101
-222.969736
-218.281065
-208.706856
-195.808922
-180.402994
-162.218809
-139.439447
-110.984359
-74.170658
-29.315267
14.263391
52.771057
90.506758
121.961832
145.580428
165.830510
181.799276
195.180689
207.580158
215.333360
216.029372
210.026332
194.203002
169.036729
138.012511
103.321927
67.799091
30.462231
-7.945810
-42.682375
-75.947727
-110.178164
-145.863805
-178.058829
-201.633147
-217.480149
-222.974675
-218.233722
-208.615916
-195.754766
-180.569547
-162.366288
-139.648914
-111.256668
-74.669634
-29.529674
14.172282
52.472012
90.233598
121.869019
145.345245
165.754727
182.056257
195.282698
207.653727
215.423448
216.137511
209.874085
194.219010
169.081007
137.974024
103.198120
67.698615
30.629805
-7.865770
-42.724609
-76.063360
-110.368388
-145.915917
-178.167479
-201.926572
-217.648574
-222.787346
-217.950003
-208.467586
-195.558412
-180.366210
-162.149157
-139.697279
-111.153977
-74.442455
-29.320206
14.375448
52.495173
90.241773
121.819292
145.393440
165.606397
181.640046
194.986377
207.388742
215.110098
215.935877
209.911210
194.185121
168.992622
137.774263
103.089469
67.575489
30.389173
-8.137737
-42.958430
-76.208966
-110.472952
-146.222625
-178.346293
-201.844318
-217.770508
-222.903149
-218.046733
-208.363703
-195.460149
-180.203744
-161.777735
-139.180422
-110.727889
-74.097259
-29.154675
14.368807
52.763053
90.633631
122.264964
145.759583
166.045427
181.947776
195.165532
207.544565
215.271030
215.862479
209.873574
194.072553
168.962308
137.708187
103.050811
67.449638
30.042785
-8.262736
-43.100630
-76.511587
-110.828195
-146.289723
-178.440128
-202.097041
-217.913730
-223.041262
-218.226228
-208.613191
-195.691075
-180.212430
-161.812816
-139.201880
-110.733339
-74.000359
-28.998852
14.699016
52.967582
90.765783
122.460978
145.917620
166.108097
182.131359
195.367166
207.695791
215.205295
215.857710
209.857055
193.926777
168.812105
137.590170
102.877447
67.374877
29.819523
-8.492981
-43.379409
-76.762438
-110.889503
-146.556071
-178.614003
-202.132974
-217.898914
-223.093203
-218.385117
-208.742448
-195.752893
-180.376087
-161.922319
-139.257567
-110.664879
-73.671171
-28.528827
15.009812
53.138052
91.108595
122.795616
146.242380
166.583402
182.542460
195.723772
207.994665
215.529374
216.151817
209.907804
193.965946
168.596336
137.436731
102.758237
67.220756
29.719216
-8.769376
-43.530464
-77.067614
-111.371279
-146.956273
-178.847483
-202.425207
-218.075003
-222.994089
-218.138524
-208.637885
-195.787804
-180.338110
-162.053960
-139.246157
-110.531875
-73.706763
-28.499535
15.049832
53.177391
91.009992
122.758320
146.261113
166.563307
182.672909
195.956741
208.386694
215.838466
216.460739
210.156100
194.193465
168.752330
137.413059
102.556433
66.890376
29.528993
-8.823190
-43.639626
-77.102184
-111.532041
-147.286143
-179.105656
-202.698878
-218.346630
-223.283427
-218.324491
-208.733422
-195.773499
-180.220093
-161.730051
-139.006547
-110.538857
-73.483331
-28.408255
15.264409
53.582532
91.481209
123.122249
146.566289
166.664464
182.727235
195.893220
208.326067
215.816157
216.475895
210.233246
194.066763
168.729680

