-43.609313
-83.342109
-117.380449
-148.751054
-181.664739
-213.285174
-242.440871
-264.567648
-275.459290
-273.416553
-258.426326
-233.885901
-202.569110
-169.854505
-136.812074
-102.025270
-63.604457
-21.161352
25.719575
74.258702
125.235319
175.324678
212.292842
233.672687
245.353494
251.363005
254.351922
255.209548
248.881749
235.325950
213.833536
182.961566
144.008739
98.936728
50.137894
1.834631
-42.583602
-82.472392
-117.003066
-148.565769
-181.722811
-213.381222
-242.604528
-264.744759
-275.476660
-273.552963
-258.908953
-234.577485
-203.418732
-170.778377
-137.807131
-103.240524
-64.568520
-21.961587
25.141580
73.571035
124.487877
174.975736
212.138721
233.354228
245.160205
251.514571
254.676683
255.647217
249.493122
235.900538
214.536020
183.575324
144.438573
99.493435
50.812960
2.588885
-42.009013
-82.082578
-116.619723
-148.163523
-181.403330
-213.163751
-242.557526
-264.731305
-275.709970
-273.799215
-259.050301
-234.741483
-203.553268
-170.923301
-138.174295
-103.449821
-65.061024
-22.454262
24.610247
73.180028
123.966932
174.488000
211.858409
233.369895
245.018687
251.367773
254.444395
255.737305
249.570097
236.092806
215.018477
184.214456
145.193168
100.155217
51.390103
2.944640
-41.702815
-81.594501
-116.324425
-147.843872
-181.203229
-213.025638
-242.536579
-265.042612
-275.869710
-274.150031
-259.605476
-235.305003
-204.177925
-171.527011
-138.638190
-104.013681
-65.352746
-22.810357
24.357183
72.913000
123.830693
174.290793
211.674997
233.179331
244.940690
251.469442
254.734755
255.684853
249.694245
236.555168
215.417998
184.764011
145.770311
100.556101
51.889760
3.420966
-41.147811
-81.258672
-115.941082
-147.602218
-181.022712
-212.958881
-242.465905
-264.905180
-276.165179
-274.533885
-259.913376
-235.643727
-204.599244
-172.017642
-139.074326
-104.343380
-65.785817
-23.280382
23.737465
72.485209
123.394047
173.904215
211.424828
233.003923
245.019027
251.486642
254.725558
256.063087
250.098876
236.827305
215.723174
185.140371
146.116870
100.874390
52.167518
3.711326
-40.714911
-80.903939
-115.697724
-147.291592
-180.528845
-212.414265
-242.013761
-264.633383
-275.814022
-274.351495
-259.951012
-235.768557
-204.671281
-172.075885
-139.210394
-104.607684
-66.106830
-23.569039
23.493937
71.996791
122.547320
173.078094
211.019005
232.837881
244.487694
251.094273
254.377978
255.540269
249.674831
236.507484
215.339320
184.686865
145.741871
100.661005
52.047627
3.664323
-40.838718
-80.850465
-115.442787
-147.179706
-180.378131
-212.305614
-241.939681
-264.351368
-275.384017
-273.800577
-259.312732
-234.945672
-203.998770
-171.552045
-138.806956
-104.292120
-65.751587
-23.484060
23.511818
72.056566
122.662953
172.695943
210.198675
232.007333
243.795088
250.277349
253.752300
255.004168
249.119827
235.947371
214.722327
184.192487
145.433290
100.279365
51.480191
3.119707
-40.992328
-80.792904
-115.291561
-147.024223
-180.179221
-212.100063
-241.721698
-264.116866
-275.077139
-273.302964
-258.694036
-234.216622
-203.293903
-170.897416
-138.124738
-103.646517
-65.266575
-22.941998
23.994957
72.253772
122.526714
172.479323
209.947143
231.542758
243.120875
249.646732
253.048965
254.045895
248.074532
234.990290
213.587454
182.985238
144.139869
99.173273
50.677913
2.694300
-41.344677
-80.974102
-115.290369
-146.912507
-180.173091
-212.007080
-241.492305
-263.666085
-274.441923
-272.484337
-257.675137
-233.271633
-202.443600
-170.246192
-137.539080
-103.119101
-64.591851
-22.357873
24.577379
72.744063
123.286077
173.057147
209.925856
231.114115
242.634501
249.076230
252.409492
253.350224
247.585433
234.318972
212.889399
182.149751
143.258061
98.332507
49.740246
1.897301
-41.933400
-81.429311
-115.547180
-147.072417
-180.048091
-211.681468
-241.054637
-263.109377
-273.675578
-271.701642
-256.854296
-232.361044
-201.448543
-169.141974
-136.568035
-102.066142
-63.907760
-21.654538
25.234222
73.329891
123.896258
173.480851
210.053069
230.985369
242.115940
248.410361
251.612663
252.393654
246.255057
233.372620
212.082693
181.374720
142.424447
97.294024
48.880918
1.089232
-42.653935
-82.055841
-115.938527
-147.207805
-180.196932
-211.739029
-240.958418
-262.796709
-273.188863
-270.941598
-255.795547
-231.082950
-200.198378
-167.995691
-135.573660
-101.237297
-63.100713
-20.985774
25.718893
73.853391
124.490261
173.978635
210.315841
231.171506
242.287091
248.177903
251.171589
251.730510
245.405606
232.160262
211.056982
180.246830
141.507898
96.488169
47.891310
0.140497
-43.595859
-82.771267
-116.550071
-147.747993
-180.386645
-211.752313
-240.847043
-262.631178
-272.884880
-270.606620
-255.270856
-230.474302
-199.413981
-167.101451
-134.530919
-100.084032
-61.800650
-19.762175
26.560681
74.401583
124.589375
174.006394
210.375445
230.850833
241.746392
247.818061
250.849383
251.476424
244.900669
231.443133
209.790128
179.056781
140.418836
95.443044
47.069447
-0.578335
-44.146265
-83.272798
-116.985525
-148.219381
-181.028843
-212.369987
-241.310596
-262.710367
-272.701638
-269.986221
-254.672766
-229.832785
-198.819467
-166.552748
-134.005036
-99.473340
-61.138357
-18.938610
27.695724
75.618029
125.926222
175.020184
210.856199
231.132678
241.925206
247.654234
250.610794
251.100574
244.502681
230.951650
209.281274
178.265572
139.224018
94.331333
46.005249
-1.406670
-44.907161
-83.867822
-117.397649
-148.583651
-181.393453
-212.498052
-241.459608
-262.681586
-272.482293
-269.582272
-254.036699
-229.139328
-198.031834
-165.645906
-133.192369
-98.795380
-60.419355
-18.114533
28.630495
76.384204
126.743487
175.628322
211.380720
231.427295
242.104871
247.862169
250.735964
251.140084
244.394030
230.736732
208.881242
177.719082
138.575690
93.497549
45.126677
-2.324751
-45.701776
-84.641831
-118.030650
-149.237939
-181.993757
-213.319915
-242.021935
-263.097457
-272.679670
-269.588402
-253.922088
-228.813035
-197.713034
-165.488550
-133.026327
-98.461253
-60.000249
-17.631395
29.128109
77.160597
127.309731
176.309007
211.832183
231.736047
242.452111
248.126132
251.014573
251.617432
244.736501
230.984177
209.073680
177.753312
138.637168
93.431132
45.164824
-2.386911
-45.841932
-84.833588
-118.411609
-149.583987
-182.431936
-213.701044
-242.482935
-263.561862
-273.045983
-269.736903
-254.148075
-229.005814
-197.647299
-165.332045
-132.639068
-98.133257
-59.610265
-17.159837
29.615845
77.464751
127.611671
176.693882
212.152856
232.088736
242.721353
248.690333
251.588821
251.921415
245.140450
231.246097
209.233591
177.853789
138.437578
93.234096
45.041868
-2.438852
-45.923506
-85.004568
-118.549551
-149.983849
-183.004992
-214.396034
-242.931332
-263.997316
-273.484843
-270.212718
-254.540614
-229.320696
-197.995731
-165.628535
-132.942711
-98.376955
-59.842382
-17.193556
29.716662
77.947719
128.462826
177.576372
212.838309
232.641186
243.308374
249.101094
251.898936
252.426863
245.660203
231.860195
209.877321
178.417138
138.973849
93.567712
45.041527
-2.604382
-46.146938
-85.090910
-118.802786
-149.889674
-182.793992
-214.089666
-243.000133
-264.313562
-274.052961
-270.926612
-255.159651
-229.886430
-198.545286
-166.021245
-133.418015
-98.913057
-60.368606
-17.607042
29.392072
77.630452
128.151178
177.469764
213.189806
233.189038
243.981225
249.745675
252.786194
253.264053
246.462992
232.494388
210.491759
179.003818
139.296736
94.065155
45.584100
-2.330201
-46.098573
-85.156986
-118.808917
-150.079557
-183.008569
-214.546067
-243.400165
-264.623165
-274.332081
-271.275895
-255.567006
-230.357988
-199.084623
-166.684730
-133.979150
-99.295548
-60.649088
-18.070766
28.945037
77.389479
127.968618
177.414758
213.260991
233.352525
244.373253
250.204291
253.080300
253.755365
246.963842
233.195339
211.204972
179.757050
140.239171
94.919545
46.159029
-1.745224
-45.481239
-84.783350
-118.603877
-150.035960
-183.076518
-214.491572
-243.408850
-264.656544
-274.512768
-271.633182
-256.102085
-230.984177
-199.726479
-167.048148
-134.233918
-99.714654
-61.133419
-18.490383
28.497492
76.896293
127.788952
177.633081
213.393654
233.814716
244.855370
250.658137
253.445762
254.053388
247.218949
233.420644
211.654391
180.306946
140.856845
95.481702
46.939850
-1.179831
-45.134681
-84.659031
-118.592807
-150.020974
-183.127267
-214.485271
-243.482930
-264.970064
-274.975640
-272.310802
-256.810359
-231.798717
-200.319460
-167.782647
-134.917498
-100.151982
-61.517273
-18.814462
28.261117
76.695851
127.612863
177.312578
213.400807
233.792067
244.991779
251.004355
253.992081
254.480668
247.806822
233.913660
212.095635
180.748020
141.460896
96.101420
47.606741
-0.511238
-44.539997
-84.135703
-118.121760
-149.676970
-182.870797
-214.473350
-243.512562
-265.191283
-275.447880
-272.582940
-257.265227
-232.408217
-201.072863
-168.460437
-135.670560
-100.902319
-62.090158
-19.370317
27.780022
76.197556
127.123424
177.061387
213.358913
234.105587
245.409352
251.408815
254.459211
255.071947
248.345477
234.588555
212.857553
181.496314
142.065116
96.717051
48.082726
-0.133685
-44.416019
-83.976814
-118.100473
-149.566787
-182.694878
-214.321784
-243.525505
-265.118735
-275.212867
-272.723266
-257.592031
-232.731785
-201.447691
-169.050864
-136.061566
-101.305076
-62.556096
-19.998210
27.058635
75.544119
126.172985
176.166296
212.794542
233.714410
245.079824
251.115901
254.026822
254.811559
248.363529
234.730925
212.927376
181.789909
142.392090
97.094093
48.313652
0.315053
-43.926409
-83.512919
-117.689371
-149.472441
-182.623012
-214.283126
-243.395056
-265.197584
-275.470529
-272.854737
-257.812568
-232.979740
-201.611689
-169.102805
-136.207002
-101.499557
-62.926156
-20.257916
26.854617
75.345380
125.901188
175.793512
212.426015
233.305863
244.522946
250.683682
253.987312
254.727943
248.347521
234.696014
213.016612
181.818860
142.486606
97.307989
48.631600
0.602688
-43.535403
-83.215066
-117.575611
-149.106128
-182.264532
-214.011158
-243.220159
-264.992544
-275.420972
-272.847755
-257.668325
-232.797861
-201.691900
-169.212307
-136.414255
-101.636308
-63.073805
-20.344768
26.679720
75.055872
125.756434
175.463131
211.923974
232.743365
244.184051
250.337124
253.538064
254.377297
248.137031
234.600816
212.783984
181.572778
142.372506
97.123214
48.385348
0.436136
-43.585471
-83.117996
-117.071186
-148.748159
-181.985242
-213.612659
-242.960112
-264.812708
-274.996758
-272.395611
-257.191488
-232.406514
-201.230730
-168.792520
-136.192186
-101.425818
-62.918833
-20.354475
26.778834
75.012445
125.449555
175.067868
211.794717
232.642378
243.833917
249.954121
253.272227
254.173790
247.717755
233.892884
212.215696
181.124551
141.839470
96.569232
47.910384
0.083106
-43.622426
-83.017179
-117.135899
-148.819344
-181.894132
-213.562080
-242.751837
-264.276607
-274.434430
-271.784748
-256.673779
-231.797865
-200.710126
-168.521234
-135.890756
-101.327045
-62.681096
-20.085403
27.012995
75.209822
125.571489
175.245830
211.622885
232.270445
243.329150
249.571460
252.702747
253.446272
247.151681
233.669111
211.957012
180.763517
141.518457
96.165623
47.627006
-0.119890
-44.038296
-83.344323
-117.439542
-149.007014
-181.912013
-213.388886
-242.520060
-264.140368
-274.197204
-271.472931
-256.176335
-231.254271
-200.005259
-167.776346
-135.015930
-100.467035
-61.979975
-19.559690
27.331965
75.562852
125.904594
175.357546
211.588315
232.063021
243.124281
249.360970
252.412558
253.153528
246.722528
233.097758
211.329120
180.142948
141.015393
95.822300
47.240428
-0.708103
-44.316564
-83.626338
-117.466961
-148.862430
-181.842021
-213.413749
-242.609297
-264.262983
-274.117844
-271.289519
-255.810363
-230.751548
-199.507305
-167.193924
-134.656940
-100.074496

