-61.552865
-19.182989
27.856486
76.001201
126.350777
175.568717
211.621182
232.053484
243.081365
249.263048
252.216033
252.751623
246.262039
232.709817
210.699354
179.540600
140.399081
95.163413
46.699388
-1.024519
-44.526543
-83.789996
-117.503916
-148.986578
-182.003805
-213.476590
-242.508309
-263.891561
-273.824760
-270.918097
-255.468743
-230.458464
-199.298348
-166.967426
-134.412731
-99.814619
-61.242751
-18.744298
28.113467
76.362065
126.789638
176.135302
212.032965
232.293095
243.136712
249.099050
252.084562
252.627986
245.930978
232.363258
210.607392
179.401806
140.095438
94.773258
46.235834
-1.338039
-44.941732
-84.146942
-117.819309
-149.135590
-182.030542
-213.400977
-242.333753
-263.776098
-273.655483
-270.707948
-255.215509
-230.168615
-198.914834
-166.614907
-134.002822
-99.467380
-60.941662
-18.655913
28.200490
76.498985
126.878704
176.108735
212.184361
232.393742
243.189165
249.084405
251.826899
252.243621
245.869500
232.093845
210.084064
178.873369
139.693873
94.438791
45.935937
-1.860006
-45.515299
-84.616627
-118.329525
-149.641207
-182.476384
-213.819231
-242.663281
-263.961383
-273.680006
-270.655325
-255.076715
-230.050938
-198.791027
-166.325229
-133.639063
-99.013874
-60.603789
-18.040964
28.756687
76.959814
127.415827
176.678215
212.337290
232.505969
243.490764
249.226093
252.173969
252.724205
245.829991
232.139145
210.171086
179.072789
139.720610
94.493457
46.115603
-1.656498
-45.473235
-84.756442
-118.495737
-149.880988
-182.765041
-214.131900
-243.031468
-264.205933
-273.911442
-270.806721
-255.281414
-230.182580
-198.879072
-166.411911
-133.669547
-99.086080
-60.394321
-17.712287
29.246467
77.325106
127.723558
177.094596
212.766613
232.920476
243.669919
249.538251
252.312251
252.616405
245.893342
232.109172
210.262367
178.956304
139.533622
94.397579
45.892000
-1.972233
-45.702457
-84.897791
-118.641853
-150.007861
-182.867561
-214.197465
-243.016822
-264.404161
-274.212020
-271.256992
-255.612646
-230.630807
-199.284043
-166.667189
-133.896044
-99.080120
-60.550145
-17.997878
28.905187
77.041047
127.712829
177.094766
213.050842
233.340434
244.142669
249.895028
252.769334
253.111124
246.259996
232.434102
210.649627
179.257563
139.778512
94.599213
46.049527
-1.870905
-45.532158
-84.851469
-118.614776
-149.947235
-182.920354
-214.317356
-243.172135
-264.363800
-274.210146
-271.345718
-255.699158
-230.673211
-199.286427
-166.794402
-133.862666
-99.221298
-60.651643
-17.974036
28.878280
77.246768
127.825226
177.413395
213.319744
233.552626
244.452953
250.294549
253.250769
253.530741
246.663094
232.706921
210.801704
179.423094
140.138865
94.792673
46.199901
-1.691920
-45.605728
-84.997245
-118.802105
-150.377580
-183.259419
-214.590345
-243.387563
-264.731475
-274.639641
-271.673543
-256.165436
-231.117351
-199.704170
-167.095831
-134.321451
-99.658966
-61.120135
-18.421922
28.591156
77.009201
127.709763
177.219425
213.111809
233.464241
244.418894
250.407798
253.329107
253.854479
247.161729
233.435801
211.674826
180.420194
140.822956
95.472166
46.833072
-1.119546
-45.177255
-84.619692
-118.536098
-149.879285
-182.853426
-214.391266
-243.342945
-264.902115
-274.875334
-272.102697
-256.637675
-231.546164
-200.156655
-167.545250
-134.673289
-100.114686
-61.391762
-18.709728
28.217009
76.480593
127.253362
177.030904
213.250262
233.699254
244.902883
250.808682
253.735440
254.387004
247.620344
233.803988
211.947475
180.715663
141.348839
96.082176
47.566210
-0.540188
-44.624124
-84.055322
-118.151222
-149.642399
-182.871648
-214.343241
-243.369171
-265.042782
-275.205885
-272.443635
-257.150957
-232.321024
-201.020411
-168.512889
-135.581493
-100.815296
-62.058653
-19.352266
27.802672
76.102359
127.220154
176.938772
213.274275
233.904294
244.983605
250.921931
253.968409
254.549299
248.005050
234.198059
212.520872
181.290252
141.981670
96.675839
47.947509
-0.116485
-44.325250
-84.041868
-118.126529
-149.669307
-182.822943
-214.302540
-243.388585
-265.022516
-275.223596
-272.744894
-257.654020
-232.799223
-201.575245
-168.933187
-136.115892
-101.303203
-62.655040
-19.934007
27.184997
75.746945
126.751150
176.711934
213.180780
233.896119
245.268685
251.283135
254.325867
254.955632
248.389585
234.705039
213.028363
181.748186
142.475026
97.278867
48.509666
0.294788
-44.037444
-83.680153
-117.941754
-149.530343
-182.753972
-214.324168
-243.499620
-265.291078
-275.678805
-273.129940
-257.908957
-233.207090
-201.991115
-169.390951
-136.475563
-101.818017
-63.154527
-20.413569
26.745796
75.260230
126.168898
176.017966
212.731872
233.841283
245.223216
251.448154
254.477262
255.297082
248.828615
235.014473
213.241918
182.127101
142.854963
97.591707
48.757281
0.456061
-43.716771
-83.423512
-117.765835
-149.340119
-182.558298
-214.230503
-243.355376
-265.055043
-275.690215
-273.188693
-258.200339
-233.345883
-202.021939
-169.560058
-136.642286
-102.103778
-63.171727
-20.476920
26.584864
75.101512
126.191889
175.983735
212.394340
233.404296
245.129892
251.319068
254.559006
255.453757
249.025140
235.440901
213.715690
182.450839
143.234900
97.956487
49.243484
1.068456
-43.050732
-82.784721
-117.106438
-148.887123
-182.208334
-214.009115
-243.461132
-265.343700
-275.800739
-273.520095
-258.414745
-233.666556
-202.536072
-169.971160
-137.031078
-102.298260
-63.635111
-20.930086
26.246309
74.886084
125.771931
175.796236
212.552888
233.553648
244.993482
251.257420
254.529715
255.529881
249.188287
235.656670
214.015075
182.847977
143.501929
98.246336
49.585274
1.446179
-42.777743
-82.698890
-117.028781
-148.600510
-181.728942
-213.595288
-243.034533
-264.972278
-275.582586
-273.455722
-258.500065
-233.872107
-202.604873
-170.115914
-137.269156
-102.658783
-63.993250
-21.400963
25.691986
74.286120
125.041519
175.033297
211.989028
233.127730
244.799852
251.089505
254.278013
255.210059
248.903206
235.373122
213.878836
182.719912
143.596956
98.456826
49.774987
1.342978
-42.788982
-82.551071
-116.994722
-148.580074
-181.766748
-213.502645
-242.833069
-264.890705
-275.502035
-273.331744
-258.553709
-233.855418
-202.716419
-170.347009
-137.571437
-102.796214
-64.197779
-21.597828
25.581632
74.058601
124.827794
174.937248
211.991072
233.217137
244.612694
250.865732
253.976073
254.742588
248.297623
235.037293
213.682992
182.868583
143.815109
98.515238
49.883638
1.527582
-42.690720
-82.627194
-117.040021
-148.613964
-181.844745
-213.552373
-242.896932
-264.904329
-275.463547
-273.388624
-258.567504
-233.874832
-202.751330
-170.095648
-137.140581
-102.428879
-63.890048
-21.362475
25.613989
74.155671
124.860321
174.935886
211.817878
233.241149
244.704826
250.947135
254.242080
255.026647
248.683691
235.444648
214.128154
183.146170
143.944536
98.784992
50.153392
1.736198
-42.492832
-82.243511
-116.679328
-148.443154
-181.717191
-213.474716
-242.736510
-264.899560
-275.511231
-273.391690
-258.551325
-233.876705
-202.716759
-170.175859
-137.250083
-102.635963
-64.134598
-21.487134
25.661673
74.165889
124.882460
174.978120
211.865732
232.993364
244.606052
250.994648
254.401139
255.436557
249.029398
235.689368
214.060715
183.122669
144.051313
98.764215
50.122227
1.960823
-42.254244
-82.193102
-116.733483
-148.264510
-181.592873
-213.353293
-242.801053
-264.873845
-275.483813
-273.435627
-258.556775
-234.094688
-203.108788
-170.678071
-137.947117
-103.165082
-64.485584
-21.753141
25.283269
73.849303
124.813148
174.880539
211.774281
233.026062
244.768177
250.895364
254.225731
255.309514
249.091557
235.608305
214.172261
183.273384
144.126926
98.951033
50.179447
1.931531
-42.284386
-82.056182
-116.506815
-148.079055
-181.344237
-213.279043
-242.453473
-264.679364
-275.232962
-273.145778
-258.322954
-233.720541
-202.867814
-170.509134
-137.606348
-102.899075
-64.410142
-21.886485
25.230306
73.674747
124.347551
174.321277
211.310216
232.566765
244.033166
250.522409
253.839833
254.925149
248.777526
235.383851
213.731187
182.879141
143.678188
98.520006
49.833059
1.704012
-42.349441
-82.076788
-116.342476
-148.043803
-181.345088
-213.052375
-242.481061
-264.632191
-275.128058
-273.007836
-258.221797
-233.587197
-202.406985
-169.905254
-137.225219
-102.622509
-64.154012
-21.708523
25.287696
73.685816
124.364070
174.289090
211.103473
232.361555
244.105203
250.583547
254.080466
254.976068
248.807158
235.335657
213.740553
182.577542
143.589803
98.471642
50.023113
1.786266
-42.179653
-82.007306
-116.429499
-148.280689
-181.533439
-213.267122
-242.594991
-264.636619
-275.226150
-273.013966
-258.053030
-233.547347
-202.688660
-170.176710
-137.417146
-102.801664
-64.210381
-21.514552
25.531735
73.947736
124.723911
174.562590
211.193732
232.244219
243.644714
250.053065
253.226246
254.226753
248.149633
234.980753
213.571957
182.487965
143.440792
98.232542
49.718789
1.626696
-42.470353
-82.124642
-116.335154
-147.800616
-180.975539
-212.843759
-242.384502
-264.460700
-275.022984
-272.745064
-257.896866
-233.272995
-202.160392
-169.799158
-137.084893
-102.544001
-63.864504
-21.487134
25.545699
73.992184
124.758312
174.734252
211.429085
232.395785
243.734632
250.154734
253.313439
253.986972
247.663260
234.411614
213.239023
182.358197
143.296037
98.071780
49.491099
1.308237
-42.798179
-82.377877
-116.646801
-148.128612
-181.155886
-212.840864
-242.127180
-264.074121
-274.640322
-272.596564
-257.555757
-233.018058
-201.933895
-169.530255
-136.770180
-102.092028
-63.712597
-21.340677
25.775262
74.110883
124.956369
174.914428
211.572647
232.699428
244.057860
250.185217
253.093072
253.975902
247.838667
234.517881
213.160345
182.321753
143.140554
97.915445
49.145903
0.983988
-42.967115
-82.716772
-116.914170
-148.467336
-181.485585
-212.973016
-242.406811
-264.393772
-274.825607
-272.720371
-257.734571
-233.049904
-201.668739
-169.197662
-136.432307
-101.929903
-63.548429
-21.111284
25.862966
74.177640
124.759163
174.870661
211.727789
232.938358
244.243145
250.411545
253.537553
254.372699
248.156445
234.687328
213.311911
182.297400
143.218381
98.166977
49.622910
1.306023
-42.902402
-82.655294
-116.964408
-148.397173
-181.517431
-213.154895
-242.479699
-264.453377
-275.247608
-272.896460
-257.961580
-233.226163
-202.190025
-169.567892
-136.801345
-102.249725
-63.766411
-21.229471
25.816475
74.090276
124.660730
174.612829
211.723532
232.788324
244.221176
250.518833
253.676346
254.650967
248.384476
234.715257
213.319744
182.500226
143.279518
98.217726
49.604177
1.429490
-42.754752
-82.342284
-116.738592
-148.176636
-181.373187
-213.078090
-242.487873
-264.528138
-275.001015
-272.929498
-258.117233
-233.511584
-202.346018
-169.890438
-137.079103
-102.544512
-63.979796
-21.341358
25.564943
74.029820
124.747242
174.912555
211.902176
233.099631
244.467429
250.898089
253.853968
254.625763
248.462643
235.100985
213.713305
182.769469
143.665416
98.527670
49.803768
1.504932
-42.615107
-82.415513
-116.686310
-148.315770
-181.476389
-213.100059
-242.406981
-264.479092
-275.293589
-273.288318
-258.405209
-233.916896
-202.887399
-170.313290
-137.396029
-102.851731
-64.382553
-21.701881
25.211573
73.685476
124.389785
174.639225
211.731366
233.082090
244.701590
251.202583
254.364695
255.433832
249.427216
235.910756
214.506558
183.565276
144.336564
99.128485
50.527879
2.247265
-42.092460
-81.992660
-116.628579
-148.234538
-181.425129
-213.309016
-242.637226
-264.869417
-275.568281
-273.736886
-258.943864
-234.473944
-203.378201
-170.855522
-138.088635
-103.398902
-64.948286
-22.315638
24.734906
73.321377
124.400173
174.808332
211.734942
233.021293
244.883980
251.430443
254.841362
256.020001
249.842065
236.560787
215.190308
184.296029

