-202.328307
-169.831514
-136.914083
-102.448463
-64.034803
-21.747351
25.135279
73.660782
124.346018
174.506051
211.617095
232.919795
244.293894
250.593935
253.670727
254.403693
248.234783
234.875338
213.433164
182.800974
143.882036
98.701205
50.039121
1.788991
-42.560611
-82.395077
-116.799389
-148.310491
-181.362629
-213.105508
-242.356573
-264.490502
-275.131634
-273.060288
-258.209194
-233.663661
-202.500820
-169.924668
-137.185199
-102.633578
-64.078740
-21.586248
25.360073
73.698078
124.176570
174.406086
211.533308
232.862404
244.319439
250.421762
253.597668
254.248892
247.973033
234.736885
213.415793
182.626418
143.665756
98.557983
50.025667
1.747608
-42.551586
-82.247768
-116.582768
-148.028476
-181.160995
-212.934869
-242.170777
-264.271668
-274.930682
-272.912639
-258.226906
-233.577320
-202.581542
-170.069081
-137.245825
-102.536338
-64.132895
-21.807466
25.088106
73.542254
124.096530
173.971823
211.080824
232.517208
243.958405
250.186409
253.251280
254.072462
247.837646
234.389305
212.914092
182.113818
143.249886
98.262344
49.792358
1.697029
-42.403425
-82.177775
-116.536106
-148.126398
-181.181261
-212.806463
-241.977658
-264.031036
-274.565050
-272.547518
-257.876771
-233.465774
-202.430316
-169.973373
-137.134109
-102.542979
-64.074482
-21.540437
25.299788
73.674066
123.899494
173.867941
211.132084
232.319321
243.755068
250.156777
253.379004
254.299470
248.114211
234.653609
213.075365
182.078906
143.053872
97.907441
49.452952
1.476322
-42.689017
-82.442420
-116.639137
-148.056746
-181.180239
-212.834563
-242.116622
-264.067820
-274.818965
-272.668600
-257.716860
-233.105932
-202.046633
-169.743470
-137.156759
-102.728435
-64.240864
-21.684851
25.330441
73.644774
124.171121
174.036196
211.081505
232.000692
243.521418
249.898263
253.139223
254.238674
248.140948
234.870740
213.310208
182.496820
143.562385
98.420552
49.842766
1.718657
-42.367833
-82.060950
-116.410596
-148.089102
-181.128127
-212.602956
-242.121390
-264.348813
-274.786268
-272.747449
-257.831982
-233.271803
-202.275004
-169.905765
-137.212787
-102.641753
-64.121996
-21.605321
25.314604
73.598453
124.323538
174.387012
211.481707
232.715436
243.711301
249.852964
252.911874
253.960575
247.888565
234.845195
213.681289
182.926655
143.792629
98.711763
50.030776
1.788139
-42.433058
-82.216433
-116.401570
-147.660119
-180.772032
-212.545906
-241.879225
-264.136621
-275.013958
-273.014988
-258.098330
-233.525719
-202.403579
-169.805118
-137.094600
-102.515391
-64.201525
-21.866730
24.911165
73.409081
124.486344
174.713305
211.687258
232.856444
244.238206
250.467913
253.302199
254.105500
248.076745
234.923533
213.896888
183.186020
144.146511
99.028179
50.152200
1.795973
-42.528084
-82.176583
-116.474969
-147.830759
-180.748190
-212.346486
-241.747584
-264.110225
-275.063004
-273.159913
-258.514881
-233.996596
-202.656303
-169.960090
-137.077570
-102.643285
-64.323289
-21.950517
24.915934
73.417255
124.184234
174.401317
211.614881
232.917241
244.371380
250.620331
253.802197
254.712956
248.348372
235.014643
213.790621
183.118922
144.062894
99.077395
50.505400
2.246584
-42.213542
-82.055671
-116.465773
-147.963933
-181.022542
-212.684189
-241.988727
-264.242206
-275.133337
-273.213387
-258.514030
-234.112058
-202.914476
-170.387881
-137.534652
-102.985416
-64.428023
-22.002459
24.831806
73.343004
124.193941
174.530915
211.724894
233.136245
244.667019
250.927380
253.979989
254.903521
248.773779
235.572032
214.406933
183.733021
144.659281
99.583013
50.788096
2.240113
-42.272976
-82.225459
-116.703170
-148.153986
-181.166445
-212.996517
-242.319618
-264.684132
-275.605747
-273.834978
-259.079593
-234.643221
-203.413623
-170.740230
-137.697118
-103.057623
-64.787013
-22.340672
24.544171
73.128768
124.083417
174.497366
211.710249
233.255454
245.103325
251.557827
254.683495
255.695071
249.508108
236.370904
215.142795
184.276785
145.252943
100.202731
51.507098
3.154789
-41.451284
-81.611531
-116.193805
-147.820881
-181.136642
-213.054759
-242.525509
-264.841318
-275.937319
-274.308068
-259.854453
-235.525199
-204.337154
-171.590873
-138.722828
-103.993756
-65.457651
-22.903000
24.045365
72.856631
124.079670
174.630029
212.019682
233.670303
245.483603
251.770530
254.945244
256.015744
249.927385
236.770936
215.768984
185.059990
145.998682
100.839479
51.989555
3.349611
-41.319472
-81.494876
-116.309438
-147.912673
-181.116206
-213.015250
-242.626667
-265.336207
-276.682036
-275.166205
-260.782072
-236.434426
-205.129215
-172.266620
-139.192683
-104.648045
-66.073452
-23.431948
23.696252
72.437184
123.601471
174.510649
212.405579
234.299898
246.145555
252.607891
255.617244
256.586075
250.666142
237.647976
216.518470
185.864312
146.877936
101.661852
52.848033
3.995555
-40.946177
-81.393889
-115.983656
-147.468873
-180.816991
-212.924651
-242.692743
-265.439749
-276.717288
-275.356940
-261.170524
-237.145424
-205.844981
-173.130546
-139.876263
-105.133738
-66.718033
-24.114336
22.917986
71.750028
122.884001
173.794031
212.139402
234.360354
246.373415
252.931629
256.048611
257.396357
251.405239
238.217456
217.222486
186.455761
147.608178
102.487973
53.597518
4.774502
-40.310451
-80.800056
-115.860530
-147.574289
-180.952549
-213.017123
-242.771421
-265.672718
-277.090413
-276.047673
-261.905704
-237.949235
-206.698350
-173.887696
-140.588624
-106.009926
-67.500728
-24.865866
22.211245
71.038348
122.276545
173.506396
211.586782
233.800922
246.199029
253.000430
256.492751
257.845436
252.012696
238.967623
218.090330
187.577520
148.614134
103.495972
54.660014
5.960805
-39.153951
-79.785245
-115.061998
-146.951846
-180.557626
-212.783132
-242.549522
-265.617371
-277.437483
-276.487044
-262.518951
-238.679137
-207.628182
-174.878154
-141.799961
-106.967177
-68.474157
-25.836740
21.168675
70.223468
121.547835
172.649452
210.874081
233.346735
245.935917
252.788237
256.167139
257.770334
252.262524
239.323037
218.556608
188.157388
149.437189
104.477916
55.673463
6.833076
-38.378920
-79.038484
-114.291906
-146.097285
-179.619278
-211.897067
-241.907154
-265.237604
-277.263267
-276.496240
-262.573957
-238.874810
-208.027022
-175.391265
-142.408439
-107.848644
-69.478069
-26.961906
20.103455
68.970067
120.037283
171.424661
210.232564
232.950960
245.569093
252.555268
256.102937
257.817166
252.375432
239.674534
219.225883
188.956431
150.181055
105.273724
56.478296
7.620198
-37.634884
-78.368868
-113.639491
-145.393780
-178.990364
-211.144345
-241.225788
-264.736414
-276.827642
-276.332242
-262.903145
-239.283698
-208.527701
-175.768818
-142.815113
-108.412164
-69.997651
-27.667625
19.263199
68.211555
119.546992
170.649801
209.584747
232.577835
245.402200
252.351761
255.877972
257.425989
252.197129
239.678621
219.363315
189.400230
150.673389
105.834688
56.882586
7.959604
-37.000860
-77.803986
-113.379104
-145.203386
-178.522042
-210.748911
-240.867479
-264.563560
-276.855912
-276.500327
-263.001919
-239.464555
-208.749771
-175.922768
-143.057619
-108.803170
-70.645639
-28.243405
18.653188
67.387819
118.475301
169.807162
209.032297
232.205391
244.941371
252.027852
255.715506
257.480996
252.272061
239.915507
219.618082
189.675944
151.173387
106.469563
57.776145
8.793899
-36.529132
-77.384881
-112.867015
-144.606829
-178.035327
-210.508789
-240.570477
-264.223984
-276.804141
-276.736702
-263.281379
-239.734820
-208.969116
-176.277331
-143.400090
-109.026091
-70.817811
-28.709003
18.218415
67.153147
118.046999
169.462647
208.807162
232.098443
244.818926
251.894678
255.527156
257.173266
252.396039
239.915677
219.710043
189.896992
151.541574
106.853758
58.045387
9.057352
-36.122118
-76.886586
-112.321717
-144.103084
-177.428211
-209.868295
-240.037612
-263.911315
-276.528086
-276.385716
-263.179711
-239.901202
-209.175689
-176.595279
-143.760613
-109.404496
-71.295840
-29.126917
17.732041
66.484213
117.499147
168.928759
208.343778
231.736217
244.511196
251.617261
255.227259
256.976911
251.863854
239.547661
219.391244
189.898014
151.574952
106.930222
58.167832
9.293897
-36.003930
-76.868534
-112.235035
-143.876416
-177.246162
-209.599733
-239.734990
-263.448613
-276.004076
-276.044437
-262.991701
-239.645072
-209.069763
-176.468406
-143.628802
-109.312705
-71.261270
-29.154505
17.521552
66.153492
116.880621
168.253183
207.835776
231.314898
244.256088
251.581839
255.087273
256.754671
251.943043
239.623274
219.317334
189.717497
151.479585
106.974670
58.331660
9.460449
-35.683768
-76.358489
-111.845732
-143.742902
-176.997696
-209.351608
-239.377022
-263.241189
-275.769404
-275.873627
-262.723139
-239.533697
-208.965029
-176.240546
-143.435001
-109.235900
-71.350677
-29.354947
17.359597
66.023043
116.759539
168.333054
207.730191
231.092146
243.670430
250.839676
254.423278
256.125416
251.083204
238.880430
219.018800
189.534085
151.463406
106.794323
58.251960
9.424005
-35.702671
-76.404469
-111.814908
-143.442495
-176.743950
-208.977461
-239.111355
-262.994255
-275.551932
-275.665522
-262.473311
-239.091090
-208.564826
-175.971474
-143.303531
-109.055894
-71.035624
-29.119253
17.481021
66.085202
116.860185
168.070963
207.288606
230.471407
243.306841
250.416143
254.037551
255.639042
250.581844
238.370384
218.319552
188.900573
150.925091
106.448616
57.965006
9.221009
-35.781520
-76.350995
-111.673389
-143.385104
-176.686900
-208.977120
-239.064693
-262.752771
-275.239944
-275.041887
-261.932952
-238.728353
-208.185230
-175.709554
-143.014533
-108.699969
-70.750202
-28.749023
17.840862
66.203730
116.877896
167.919397
207.061597
230.380126
243.024315
250.017473
253.567014
255.229643
250.041485
237.702983
217.515400
188.079221
150.198766
105.651276
57.041304
8.667537
-36.180190
-76.675245
-111.818995
-143.452883
-176.607370
-208.747387
-238.647972
-262.100356
-274.443967
-274.329867
-261.067322
-237.765142
-207.407645
-175.012691
-142.396688
-108.096259
-70.101193
-28.144973
18.251794
66.683463
116.840090
167.577267
206.752505
230.003766
242.472717
249.492782
252.964156
254.710742
249.724048
237.283366
216.931956
187.206439
149.095910
104.727915
56.339673
8.024318
-36.584650
-76.916048
-112.014839
-143.698965
-176.849365
-209.028551
-238.861356
-262.229102
-274.329185
-273.870570
-260.388681
-237.006971
-206.498078
-174.131904
-141.592707
-107.360397
-69.445883
-27.553865
18.953936
67.226716
117.468664
168.011189
206.779412
229.575634
241.941554
248.931817
252.707175
254.457848
249.176025
236.654793
216.137341
186.310666
148.421356
104.008062
55.730002
7.459436
-37.056208
-77.247620
-112.192801
-143.842186
-176.976749
-209.062099
-238.828489
-262.023721
-273.907695
-273.381642
-259.840659
-236.174549
-205.617292
-173.353638
-140.909978
-106.743744
-68.665232
-26.701008
19.694056
67.956277
118.033034
168.512889
207.128525
229.735204
241.937126
248.743977
252.272912
253.794874
248.466219
235.922677
215.460403
185.603414
147.544997
103.035825
54.684196
6.530115
-37.868874
-77.855587
-112.653630
-144.253799
-177.257742
-209.172964
-238.844327
-261.954921
-273.720878
-272.883688
-259.124381
-235.438858
-204.868998
-172.679424
-140.045711
-105.760949
-67.893948
-25.838954
20.583527
68.676131
118.929148
169.495514
207.834755
230.322054
242.012909
248.521907
251.947982
253.247534
247.660875
234.862566
214.445591
184.731824
146.530356
102.021183
53.861482
5.665677
-38.752726
-78.672511
-113.399199
-144.801310
-177.767788
-209.583896
-239.117316
-261.937039
-273.490804
-272.516182
-258.813415
-235.014643
-204.351800
-172.101770
-139.515400
-105.219569
-67.113297
-25.267090
21.188089
69.306408
119.497946
169.822318
208.005905
230.150393
241.891657
248.543194
251.832690
252.916132

