-182.817493
-203.298330
-220.161336
-229.299750
-235.323906
-239.619017
-237.975461
-232.769591
-225.992373
-212.260996
-193.187680
-170.504195
-141.643286
-108.084849
-78.188351
-50.045933
-16.904218
15.336445
45.535054
75.078011
104.621138
133.578437
160.035576
184.411832
204.835790
219.433989
229.312692
235.448905
236.218316
233.691760
228.489126
218.876600
204.790149
185.910804
161.799703
133.716379
103.762661
70.244414
31.595911
-8.867298
-43.357440
-72.408744
-105.464969
-140.837431
-168.889080
-190.151930
-209.975583
-224.528483
-231.915372
-237.684590
-240.496056
-237.017359
-231.347425
-222.567320
-206.563643
-186.484712
-162.100451
-130.874089
-97.284658
-69.137301
-39.370060
-5.720854
25.552000
55.648429
85.053614
114.740985
142.995630
168.893678
192.455735
211.079461
223.827703
232.713904
237.048183
236.299719
233.026913
226.514850
215.210915
199.715410
179.195063
153.572559
124.680144
93.663590
58.312586
18.231017
-21.239519
-53.050177
-82.702977
-117.385047
-151.331084
-176.703930
-197.290693
-216.132913
-227.861404
-234.325784
-239.707061
-240.285056
-235.559600
-229.572058
-218.404361
-200.389964
-179.291623
-152.874844
-119.866303
-87.751320
-60.136148
-28.391906
5.005428
35.837718
65.800462
95.280749
124.741793
152.236734
177.516426
199.952977
216.658797
228.006499
235.646963
238.219159
236.251014
232.272659
224.136625
211.459228
194.319146
171.783311
144.722121
115.152597
82.989761
45.639617
4.931688
-32.533918
-62.625919
-93.678236
-129.275322
-160.850286
-183.863640
-204.241446
-221.520322
-230.878251
-236.894403
-241.299697
-239.822013
-234.354734
-227.394955
-213.904892
-194.809266
-172.353302
-143.424273
-109.280688
-78.892878
-50.764935
-17.501456
15.102284
45.513426
75.295823
104.994263
134.196792
160.896778
185.545853
206.532308
221.441473
231.545653
237.697193
238.499641
235.760382
230.632339
220.809153
206.917865
188.268082
164.259502
136.039598
105.809484
72.110380
33.192464
-7.461480
-42.520421
-71.997813
-104.750735
-140.236446
-169.156279
-190.666573
-210.555451
-225.418636
-233.134372
-238.982950
-242.050886
-238.768033
-233.084474
-224.431583
-208.499602
-188.369921
-164.169243
-133.131742
-99.222830
-70.359026
-40.746246
-6.873097
25.042636
55.378335
85.046291
114.754779
143.354280
169.497728
193.450281
212.497541
225.574970
234.544958
239.186968
238.469839
235.087531
228.645461
217.476061
202.186278
181.673935
156.061649
127.146925
96.103464
60.676507
20.527499
-19.354820
-52.023445
-81.767355
-116.035938
-150.281702
-176.501274
-197.329521
-216.735091
-229.330233
-235.942602
-241.397279
-242.480721
-237.714222
-231.445687
-220.768111
-203.135354
-182.069881
-155.901909
-122.936964
-89.928252
-61.928545
-30.484881
3.316743
34.507172
64.759425
94.244140
123.863901
151.722261
177.227940
200.103521
217.593057
229.279995
237.150022
240.069628
238.228015
234.017372
226.032564
213.572809
196.867841
174.864701
147.847448
118.156672
85.960286
48.752342
7.829836
-30.264854
-61.000926
-91.927903
-127.404417
-159.704004
-183.317321
-203.903913
-221.747671
-231.834480
-237.980570
-242.659024
-241.569792
-236.142533
-229.134049
-215.846641
-196.845191
-174.688612
-146.260091
-112.235206
-80.920117
-52.660533
-19.585405
13.513735
44.286932
74.143069
103.643111
133.038759
160.155978
185.030358
206.446648
221.984216
232.445683
239.091260
240.318094
237.564189
232.527086
223.027127
209.306819
190.889324
167.118652
139.217377
108.815261
75.011764
36.224297
-4.864080
-40.713038
-70.528643
-103.161335
-138.748544
-168.237856
-190.088238
-210.400990
-226.216657
-234.265498
-240.297318
-243.596349
-240.404776
-234.491995
-226.159777
-210.628169
-190.625191
-166.724920
-136.229481
-102.049112
-72.483676
-43.236188
-9.120703
23.183823
53.742273
83.423001
113.157204
141.980818
168.178082
192.282881
212.170907
225.928000
235.295636
240.471704
240.206889
236.892700
230.458464
219.639199
204.523802
184.363808
159.004927
129.953793
98.851068
63.767263
23.598330
-16.850574
-50.105367
-79.768896
-114.154816
-148.976360
-175.626959
-196.407522
-215.986116
-229.229416
-236.079523
-241.827113
-243.211474
-238.703830
-232.521466
-222.044332
-204.580682
-183.766740
-158.218486
-125.643015
-91.997726
-63.735417
-32.703706
1.328843
33.007690
63.424792
92.783996
122.530971
150.695188
176.268816
199.211325
217.222827
229.359184
237.548181
240.986688
239.488908
235.458442
227.674416
215.261834
198.495388
176.713126
149.961880
120.361532
88.216918
51.409176
10.311604
-28.536831
-59.654031
-90.473379
-125.795262
-158.464398
-182.526793
-203.073025
-221.265044
-231.796333
-238.147974
-243.198872
-242.503541
-237.159388
-230.444159
-217.698983
-198.760033
-176.790442
-148.849998
-114.904812
-82.927602
-54.974386
-22.079434
11.507784
42.650700
72.784764
102.344581
131.887879
158.908197
183.984552
206.157310
222.155878
232.510226
239.541701
241.105897
238.752706
233.778272
224.488803
210.747038
192.691769
169.305972
141.271012
111.103228
77.750683
39.057391
-2.411093
-38.773503
-68.671192
-100.991045
-136.731863
-166.801895
-188.844204
-209.219456
-225.610392
-234.253066
-240.318435
-243.978841
-241.236006
-235.471555
-227.217674
-211.973872
-192.230259
-168.887717
-138.678891
-104.248183
-74.065242
-45.009170
-10.847024
21.990027
52.767822
82.447188
112.157719
141.224180
167.505571
191.471236
211.676189
225.810153
235.393558
240.935598
240.876334
237.619025
231.479066
220.724515
205.608266
185.741356
160.743339
131.856033
100.771189
65.870455
25.979791
-14.871359
-48.867464
-78.557389
-112.603051
-147.534439
-174.787215
-195.910079
-215.616567
-229.359525
-236.446176
-242.314168
-244.211299
-239.841257
-233.721052
-223.662853
-206.360136
-185.478245
-160.110508
-127.904926
-93.968936
-65.339293
-34.411464
0.130960
32.006843
62.585388
92.069251
121.842963
150.027956
175.500257
198.669263
217.039926
229.351350
237.804140
241.677080
240.300042
236.391170
228.792770
216.673953
200.214556
178.596973
151.971919
122.386217
90.533325
54.075207
13.057845
-26.524067
-58.241061
-88.905096
-124.335630
-157.586847
-182.034118
-202.514444
-221.114499
-232.221740
-238.519566
-243.645055
-243.352141
-238.033022
-231.320858
-218.839305
-200.080531
-178.267615
-150.784595
-116.850478
-84.355559
-56.319066
-23.530211
10.564838
41.946854
72.062697
101.677350
131.501641
158.851658
183.549438
205.598048
221.991198
232.850654
240.142005
242.194618
239.698717
234.920127
225.809813
212.093421
194.090775
170.858077
143.064601
112.794127
79.681022
41.312150
-0.301600
-37.558249
-67.752429
-99.963972
-135.816506
-166.468109
-188.896315
-209.238189
-225.784268
-234.739440
-240.866968
-244.678599
-242.242643
-236.348425
-228.488445
-213.475057
-193.581411
-170.379536
-140.878984
-106.286662
-75.664180
-46.720334
-12.440511
20.795379
51.858085
81.652914
111.408234
140.620300
166.969810
191.266707
211.848531
226.203714
235.920804
241.859300
242.049864
238.864422
233.000176
222.329412
207.294396
187.473978
162.594659
133.780071
102.990014
68.327699
28.334856
-13.019528
-47.433376
-77.269758
-111.522845
-146.755832
-174.264056
-195.344346
-215.346643
-229.408060
-236.763954
-242.613554
-244.818585
-240.675722
-234.545469
-224.902630
-207.892656
-187.277113
-162.231922
-130.273785
-96.021039
-67.204748
-36.462886
-1.559939
30.796698
61.618090
91.243131
121.302264
149.720056
175.177370
198.572874
217.401641
230.034249
238.713537
242.864915
241.583926
237.663814
230.314902
217.982701
201.548338
180.279868
153.942108
124.386719
92.638390
56.143148
14.920575
-25.129829
-57.050841
-87.451254
-122.928279
-156.610353
-181.531736
-202.146428
-220.959187
-232.555185
-239.073890
-244.370869
-244.398117
-239.197527
-232.715096
-220.337084
-201.743841
-180.011477
-153.035777
-119.376693
-86.324385
-58.105843
-25.319542
9.119851
40.979045
71.345397
100.999560
130.897079
158.428805
183.353935
205.715724
222.468376
233.534915
241.123438
243.406125
241.032328
236.316579
227.423906
213.820764
195.747444
172.701733
145.104102
115.028449
82.088879
43.874468
1.977001
-35.867180
-66.254139
-98.333699
-134.446791
-165.590899
-188.394955
-208.963667
-225.968872
-235.190221
-241.302763
-245.595830
-243.490934
-237.734829
-230.079889
-215.424299
-195.701463
-172.489030
-143.052169
-108.394282
-77.442782
-48.554284
-14.155933
19.318547
50.617456
80.684934
110.712903
140.170710
166.503361
190.903630
211.919206
226.777962
236.639636
242.824725
243.327958
240.290506
234.561988
224.045685
209.094286
189.623322
164.978164
136.162383
105.396679
70.916244
31.096254
-10.560751
-45.716081
-75.735365
-109.837055
-145.614317
-173.840012
-195.304837
-215.367249
-229.863439
-237.418924
-243.351630
-245.887211
-242.108788
-236.129420
-226.655517
-209.670067
-189.118385
-164.247922
-132.707528
-98.123040
-68.848303
-38.314377
-3.471204
29.103415
60.138021
90.025323
120.199748
148.942981
174.786363
198.423352
217.579092
230.435133
239.489079
244.009665
243.072850
239.376341
232.395445
220.376934
204.024996
182.800293
156.688350
127.171619
95.462118
59.340000
17.961434
-22.609574
-55.175509
-85.894040
-121.474777
-155.461175
-180.875744
-201.825925
-220.931258
-232.886587
-239.499126
-245.038612
-245.517492
-240.416016
-233.943803
-222.172907
-203.655447
-181.875569
-155.015503
-121.531997
-88.433538
-60.199329
-27.557101
6.888594
38.882835
69.512299
99.428552
129.644530
157.409906
182.640723
205.425024
222.697088
234.108482
241.981574
244.656631
242.612873
238.031149
229.424749
215.988329
198.297330
175.472157
147.709676
117.539678
84.734133
46.764953
4.632473
-33.782550
-64.342873
-96.376794
-132.856710
-164.455346
-187.535967
-208.072151
-225.505999
-235.194819
-241.349084
-245.880399
-244.248424
-238.621065
-231.349809
-217.028686
-197.347232
-174.536705
-145.526103
-110.917432
-79.592466
-50.882612
-16.669376
17.059020
48.597200
78.873123
108.899900
138.681276
165.730715
190.424068
211.530413
226.888997
237.126521
243.640457
244.485991
241.642679
236.181702
225.923061
211.020367
191.694668
167.291335
138.650281
107.808794
73.517731
33.825295
-8.185591
-43.775524
-73.823929
-107.617719
-143.562896
-172.268663
-194.015503
-214.346136
-229.392903
-237.233298
-243.292706
-246.245861
-242.707389
-236.950261
-228.029149
-211.540461
-191.016368
-166.396924
-135.051864
-100.589650
-71.172885
-40.723426
-5.827802
26.942492
58.154208
88.126319
118.436984
147.499016
173.628671
197.746413
217.524937
230.813367
239.888941
244.655779
244.042362
240.583250
233.657360
222.023555
205.935410
185.103076
158.982958
129.532984
98.010131
62.222310
20.794187
-20.096813
-52.725247
-83.150012
-118.893555
-153.427124
-179.040773
-200.200081
-219.715152
-232.326814
-239.265817
-245.029245
-245.902879
-241.177082
-235.080378
-223.704576
-205.426557
-184.158427
-157.556704
-124.202115
-90.855019
-62.398570
-29.938051
4.632473
36.700964
67.525932
97.474711
127.765281
155.961514
181.500912
204.321827
221.991028
233.979566
242.061274
244.850601
243.142332
238.982269
230.592149
217.443705
199.898652
177.411692
150.057418
120.094674
87.396758
49.668550
7.411242
-31.324625
-61.941147
-93.829121
-130.403212
-162.449735
-186.036485
-206.963675
-224.803005
-234.897818
-241.205011
-246.164288
-244.880404
-239.429985
-232.463224
-218.599354
-199.099098
-176.417998
-147.654670
-113.257851
-81.913131
-53.067889
-18.894843
14.846325
46.505247
76.888629
107.048750
136.821270
164.072514
188.984871
210.573844
226.321902
236.932550
243.653740
244.846174
242.328303
237.005438
227.166244
212.697812
193.668604
169.420072
141.027144
110.517229
76.494217
36.832605
-5.526032
-41.480405

