71.772507
31.728574
-9.952613
-44.611182
-74.294465
-108.583484
-144.303015
-172.348363
-193.879945
-214.323146
-228.802136
-236.587695
-242.830515
-245.473385
-241.670779
-235.933065
-226.669141
-210.035188
-189.604078
-164.909533
-133.436748
-99.504675
-70.604427
-39.714915
-5.048684
27.323280
58.415617
88.516644
118.806873
147.721086
174.131734
198.222228
217.621156
231.007338
240.094832
244.627680
243.850776
240.334613
233.445678
221.662010
205.459595
184.214456
158.049549
128.666673
96.964155
60.588803
18.971137
-21.437066
-53.463663
-84.089552
-120.046309
-154.125009
-179.374218
-200.755596
-220.276799
-232.308762
-239.176750
-245.023796
-245.728663
-240.954501
-234.839235
-223.179374
-204.953466
-183.756011
-156.766006
-123.256956
-90.542691
-62.216009
-29.403993
5.013772
36.996433
67.872490
98.135812
128.478323
156.725645
182.393449
205.369336
223.168475
235.086509
243.022612
245.675359
243.764264
239.537103
231.169292
217.903682
200.199740
177.468743
149.909598
119.564874
86.690358
48.489571
6.067412
-31.992027
-62.604802
-94.969443
-131.646395
-163.286413
-186.578717
-207.742623
-225.455761
-235.327993
-242.152384
-246.983085
-245.465551
-240.112543
-233.100993
-218.869959
-199.438504
-176.692690
-147.569861
-113.234520
-82.131113
-52.889756
-18.625089
14.944077
46.695641
77.327830
107.826335
137.909991
165.413618
190.536124
212.066344
227.637121
238.390480
245.025499
246.037585
243.385519
238.130604
228.183099
213.634968
194.325106
169.796262
141.250065
110.359703
75.957775
35.861901
-6.310429
-41.766848
-71.812187
-106.246812
-142.529181
-171.362162
-193.632501
-214.625086
-230.030503
-238.190889
-244.676556
-247.926371
-244.635684
-239.039489
-230.197225
-213.740213
-193.460328
-168.935401
-137.512173
-103.238310
-73.799576
-43.049199
-7.989407
24.912868
56.345122
86.761883
117.371253
146.847282
173.572642
197.927611
217.999050
231.964077
241.530112
246.536561
246.027708
242.908001
236.286266
224.766391
208.904573
188.057934
162.011896
132.461446
100.669691
64.636469
22.969927
-18.172264
-50.943068
-81.842116
-118.075269
-153.000525
-178.999220
-200.539316
-220.571756
-233.392375
-240.825415
-246.990919
-248.074702
-243.667194
-237.797669
-226.558447
-208.351782
-187.062536
-160.546643
-127.275501
-93.979325
-65.291098
-32.725334
2.066919
34.405504
65.736089
95.962116
126.531124
155.240638
181.566307
204.946824
223.248856
235.752889
244.225945
247.538771
245.946475
241.900001
233.920302
221.066645
203.610999
181.115185
153.826986
123.582227
90.619155
52.463838
9.745189
-29.191630
-60.199840
-92.552730
-129.452603
-161.964042
-185.807262
-207.260847
-225.795848
-236.263275
-243.075405
-248.353311
-247.314998
-242.093461
-235.311985
-221.587249
-202.304976
-179.836580
-151.123319
-117.029122
-85.411072
-56.318045
-22.016082
12.106214
44.217110
75.112070
105.720929
136.098351
163.934061
189.355612
211.545740
228.008883
239.053965
246.157816
247.694935
245.522431
240.442753
230.793101
216.436897
197.399514
173.215015
144.637312
113.756997
79.575607
39.713383
-3.182718
-39.355074
-69.496972
-103.915419
-140.754155
-170.395374
-192.830222
-213.902167
-230.130979
-238.764627
-245.496886
-249.119486
-246.140105
-240.827288
-232.465608
-216.450521
-196.400881
-172.406946
-141.393798
-106.767246
-76.860530
-46.403408
-11.338677
21.950858
53.851434
84.512404
115.179334
145.077705
172.194072
196.835143
217.418330
231.988600
242.020062
247.552395
247.562953
244.542701
238.236189
227.149384
211.379187
190.782717
165.079321
135.773931
104.004996
68.081106
26.397364
-15.295914
-48.567057
-79.248122
-115.269423
-150.706087
-177.425657
-199.398994
-219.827550
-233.245407
-240.806171
-247.424841
-249.128853
-244.791848
-239.103522
-228.465455
-210.788250
-189.840112
-163.832222
-131.024633
-97.328424
-68.331616
-35.865818
-0.811986
31.829902
63.358034
93.803576
124.659368
153.711694
180.099521
203.890460
222.872666
235.701459
244.335617
248.108251
246.899979
243.129049
235.418933
222.930227
205.876827
183.653661
156.529120
126.428774
93.798978
56.312084
13.419049
-26.292290
-57.577746
-89.697838
-126.719134
-159.911258
-184.269973
-205.995696
-225.080422
-236.285925
-243.240425
-248.844113
-248.423815
-243.385179
-236.947366
-223.858186
-204.817057
-182.677848
-154.575791
-120.451110
-88.189159
-59.266942
-25.222812
9.311949
41.618688
72.752919
103.213617
133.836099
161.992482
187.484877
209.970985
227.135931
238.759347
246.264935
248.290130
246.198859
241.491624
232.222421
218.244791
199.581555
175.876107
147.676298
116.844688
82.982438
43.610505
0.489950
-36.389487
-66.682271
-100.815296
-137.977941
-168.311937
-191.169637
-212.643487
-229.378598
-238.425050
-245.336805
-249.770709
-247.210945
-241.960628
-234.301771
-218.655552
-198.629754
-174.976587
-144.713436
-110.144956
-79.657350
-49.276863
-14.077766
19.525460
51.294735
82.050903
112.724645
142.999377
170.338665
195.194823
216.221639
231.257847
241.659198
247.707197
248.306479
245.397942
239.430666
228.620086
213.204963
192.928825
167.579310
138.461079
107.014860
71.670668
30.205079
-12.224742
-46.200071
-76.701130
-112.770626
-148.596253
-175.801345
-197.866814
-218.851055
-233.077322
-240.900687
-247.421094
-249.671936
-245.671613
-240.204505
-230.039699
-212.525811
-191.788844
-166.364057
-133.994647
-99.937575
-70.950815
-38.928475
-3.713029
29.337236
60.978276
91.420923
122.502191
151.954038
178.344931
202.149493
221.815109
235.192605
244.375127
248.628684
247.795922
244.205509
236.805677
224.500724
207.569088
185.762644
158.935785
128.856046
96.372877
59.304237
16.557489
-23.842880
-55.458205
-87.369340
-124.639443
-158.416544
-183.119093
-204.831873
-224.344219
-235.870395
-242.996216
-249.004194
-249.036551
-244.015285
-237.937144
-225.335019
-206.373930
-184.423923
-157.004425
-123.124463
-90.563978
-61.618601
-27.835539
6.885699
39.460829
70.615326
101.332835
132.156100
160.553626
186.296361
209.173816
226.732152
238.518885
246.443067
248.998914
247.059550
242.406981
233.469009
219.595262
201.030288
177.482537
149.539879
118.794441
85.263593
46.067238
2.610002
-34.842832
-65.047400
-98.953247
-136.356524
-166.952099
-189.952680
-211.661713
-229.011263
-238.369533
-245.247398
-249.787058
-247.590542
-242.427247
-235.039166
-219.839471
-200.069462
-176.701205
-146.807262
-112.083810
-81.326621
-51.382780
-16.212293
17.807313
49.861329
80.618347
111.569166
141.943523
169.361149
194.231442
215.831484
231.278454
241.701092
248.017481
248.677901
246.021577
240.219321
229.582616
214.198828
194.182737
168.988364
139.874390
108.383894
73.395457
32.133545
-10.615247
-44.917549
-75.123821
-110.980272
-147.228071
-174.851588
-197.177444
-218.350887
-233.030149
-241.038118
-247.825384
-250.291995
-246.183872
-240.748950
-231.132337
-213.794879
-193.289518
-168.217591
-136.233909
-101.654019
-72.193657
-40.257829
-4.802431
28.412512
60.045719
90.500457
121.536085
151.118381
177.730833
201.961313
221.871989
235.391004
244.634322
249.159506
248.356717
244.829314
237.706729
225.419828
208.640439
186.997311
160.265650
130.359786
97.946780
61.006887
18.052885
-22.869621
-54.433005
-85.961648
-123.130764
-157.201631
-182.202203
-204.346521
-224.333661
-236.303977
-243.488039
-249.501637
-249.694416
-244.709083
-238.777910
-226.382869
-207.686765
-185.953549
-158.741304
-124.885866
-91.775315
-62.711409
-28.716496
6.318603
38.916554
70.028135
100.583349
131.438460
159.926585
185.689075
208.868470
226.856981
238.915341
246.879373
249.372550
247.621196
243.266991
234.367166
220.573459
202.339547
178.950003
150.895459
120.165348
86.716073
47.744172
4.090752
-33.889498
-64.281225
-98.054750
-135.535002
-166.518518
-189.742020
-211.516959
-229.167598
-238.964898
-245.919057
-250.619820
-248.559713
-243.329661
-235.995054
-220.836742
-201.063667
-177.951540
-148.446390
-113.617352
-82.449232
-52.459410
-17.307145
16.818387
49.163614
79.953160
110.819680
141.266584
168.986831
193.932567
215.649264
231.564896
242.265974
248.901333
249.673298
247.048821
241.382292
230.798040
215.483052
195.634535
170.578105
141.555071
110.072919
75.078862
33.934287
-9.284190
-44.091429
-74.447053
-110.190596
-146.631684
-174.546923
-196.876526
-218.197959
-233.341285
-241.448198
-248.055628
-250.993116
-247.116259
-241.635697
-232.114962
-214.883770
-194.297007
-169.376135
-137.577738
-103.133065
-73.625190
-41.708606
-5.944456
27.417115
59.127467
89.750971
120.828663
150.524718
177.213635
201.442412
221.614838
235.441412
244.975431
249.747208
249.204465
245.826244
238.634007
226.397003
209.676368
188.126053
161.421469
131.438460
99.136829
62.380859
19.544363
-21.662712
-53.803410
-85.367305
-122.585126
-156.859841
-182.000739
-204.054288
-224.054711
-236.403942
-243.854863
-249.861309
-250.268153
-245.489052
-239.638771
-227.473123
-208.747557
-187.155860
-160.169772
-126.292706
-93.128341
-63.997848
-30.139855
5.121061
37.900891
69.197416
100.038563
131.004878
159.844160
185.894115
209.180628
227.313382
239.631789
247.824362
250.601598
248.877832
244.472367
235.720192
221.996478
203.770569
180.629832
152.687516
121.966260
88.396924
49.424342
5.812134
-32.405513
-63.061714
-96.695764
-134.328263
-165.739230
-189.265694
-211.117268
-229.102543
-239.117146
-246.199710
-251.252311
-249.520200
-244.358778
-237.309933
-222.563233
-202.902385
-179.823807
-150.431395
-115.763290
-84.457397
-54.390601
-19.096988
15.223537
47.625984
78.543936
109.553507
140.236446
168.044737
193.292754
215.367760
231.477533
242.253712
248.948676
250.013896
247.629540
242.057187
231.690237
216.674294
196.960654
172.018835
143.014533
111.713920
76.910428
35.795314
-7.422822
-42.309931
-72.636775
-108.392579
-145.115682
-173.372541
-195.969854
-217.430081
-232.893569
-241.317579
-248.149463
-251.138040
-247.511523
-242.235150
-232.995408
-216.114691
-195.925747
-171.044043
-139.191321
-104.592528
-74.876377
-43.143715
-7.561786
25.933640
57.949850
88.621548
119.646617
149.532216
176.472494
200.822013
221.152987
235.344853
245.019027
249.897582
249.420745
246.227128
239.359481
227.462564
210.967575
189.581088
163.117988
133.276837
101.011821
64.285994
21.725212
-19.698313
-52.084582
-83.524840
-120.801755
-155.519077
-181.240525
-203.412771
-223.657404
-236.212696
-243.633475
-250.036887
-250.816516
-246.056318
-240.283012
-228.536470
-210.099391
-188.654321
-161.723069
-128.177404
-94.927379
-65.769298
-32.007013
3.023658
35.720723
67.172732
97.958190
129.017660
157.945667
184.179204
207.696983
226.161821
238.561290
246.976955
250.103303
248.644011
244.493144
236.065217
222.713947
204.883473
181.819882
154.138122
123.781817
90.508631
51.987512
8.429119
-30.470746
-61.141423
-94.338996
-132.013900
-164.000818
-187.653984
-209.562608
-228.032385
-238.323723
-245.331866
-250.415972
-249.154568
-244.014604
-237.021446
-222.722803
-203.247581
-180.518627
-151.445355
-116.975818
-85.668223
-56.076901
-21.233218
13.043199
45.366117
76.398509
107.260432
137.928213
165.908166
191.304513
213.453259
229.892560
241.079671
248.091902
249.399628
247.089863
241.902896
231.959139
217.140232
197.697708
173.018149
144.182273
112.894092
78.260899
37.783044
-5.369357
-40.867669
-71.090460
-106.300626
-143.182959
-172.006232
-194.473267
-215.981858
-231.705904
-240.268026
-247.150149
-250.512872
-247.156961
-241.754396
-232.998303
-216.480664
-196.249485
-171.895027
-140.566145
-106.145144
-76.330730
-44.943605
-9.509325
23.760796
55.593252
86.343288
117.391178
147.323098
174.571787
199.169091
219.722986
234.092474
243.945122
249.252490
249.028546
245.896067
239.324059
227.818319
211.782966

