-220.186540
-172.906263
-122.128725
-71.571384
-19.953421
31.260763
80.216612
128.749950
181.373017
235.448565
282.410383
316.131796
338.332483
356.067419
368.469102
372.667653
373.315300
368.461779
353.046656
330.861977
301.383053
262.899569
220.403501
175.135817
127.325228
78.297513
28.885433
-21.424294
-71.264846
-119.094678
-163.279431
-207.705498
-253.681455
-292.416811
-323.536566
-348.505804
-363.665989
-369.460583
-370.141949
-364.468949
-353.456225
-338.448116
-315.791879
-285.057681
-247.833048
-204.837152
-155.804157
-104.908262
-54.195949
-2.404451
48.113721
96.539770
146.035126
199.805498
252.271209
295.088461
324.231386
344.138827
360.545942
370.055607
372.566325
372.241395
364.156791
346.009902
321.838004
289.086274
248.501982
205.139433
158.895935
110.529831
61.604295
12.084416
-38.047859
-87.260519
-134.057828
-177.506719
-222.910983
-267.496109
-303.309304
-332.682133
-354.697023
-366.083894
-369.886500
-368.577412
-360.630240
-348.414012
-331.315483
-305.961200
-272.721052
-233.502899
-188.384908
-138.224023
-87.560415
-36.376544
15.227284
64.824479
112.862076
163.719313
218.251773
268.325976
306.567635
331.663915
350.395611
365.025146
371.480840
372.916971
370.614699
358.543396
338.191305
311.750174
276.119879
234.404802
190.020800
142.885957
94.005891
44.790677
-5.131619
-55.201224
-103.763683
-149.106468
-192.546504
-238.680329
-280.475787
-313.636746
-341.139691
-359.884501
-368.216889
-370.257752
-366.747379
-357.013089
-343.500376
-323.859113
-295.677696
-260.494096
-219.406911
-172.216211
-121.362039
-70.611579
-19.108057
32.140698
81.062317
129.252332
181.487628
235.715764
283.059052
316.731249
338.468722
356.027058
368.330308
372.594936
373.054913
367.961781
352.451972
330.403703
301.192488
262.826681
220.139027
174.924816
126.937798
77.863761
28.330088
-21.897725
-71.504968
-119.313172
-163.469485
-207.584415
-253.473861
-292.421750
-323.747737
-348.808765
-363.828625
-369.574172
-369.896037
-364.052228
-352.858475
-337.962764
-315.602166
-284.990924
-247.615746
-204.567909
-155.664342
-104.732684
-53.978137
-2.196516
48.363549
96.680948
145.920004
199.851309
252.453940
295.194047
324.515956
344.487088
360.848733
370.282446
372.820411
372.507572
364.390782
346.171345
321.964196
289.455312
249.033145
205.353328
158.875499
110.270977
61.265060
11.524473
-38.685628
-87.783166
-134.478126
-178.112813
-223.540068
-268.091474
-303.915739
-333.309514
-355.491298
-366.908482
-370.681116
-369.296755
-361.347880
-349.051441
-332.148245
-306.758881
-273.860523
-234.662124
-189.346416
-138.974530
-88.122402
-36.880289
14.980861
64.884935
113.168614
163.935593
218.718733
269.476175
308.284589
333.581141
352.512598
367.327758
374.076707
375.677517
373.549291
361.881937
341.608013
315.163306
279.497760
237.644059
193.150043
145.747151
96.589667
47.198704
-2.985682
-53.344624
-102.175474
-147.999525
-191.619396
-237.750156
-280.300209
-314.085313
-341.858183
-360.852139
-369.637523
-371.976580
-368.695940
-359.118155
-345.748152
-326.675688
-298.870121
-263.898032
-222.781556
-175.652163
-124.663455
-73.790550
-22.035326
29.501574
78.757831
127.239568
179.283619
233.974968
281.874623
316.601140
339.120456
356.845515
369.401489
373.874051
374.449321
369.953769
355.097566
332.958869
304.251228
266.165733
223.266738
177.823986
129.696982
80.634015
30.963591
-19.445419
-69.281203
-117.177623
-161.832571
-206.016472
-251.960073
-291.595459
-323.241779
-348.902089
-364.496367
-370.760134
-371.387856
-365.951232
-354.830197
-339.955432
-318.012919
-287.792001
-250.951392
-207.834925
-158.944641
-107.581275
-56.672437
-4.702466
46.358279
95.112664
144.242729
198.042733
251.854999
296.215500
326.217413
346.443823
363.434723
373.387166
376.009601
375.612123
367.917844
350.228378
326.445954
294.608218
254.444565
210.744824
164.198875
115.216460
65.733705
15.613011
-35.009554
-84.604706
-131.754024
-175.790957
-220.927852
-266.300099
-303.557600
-333.763361
-356.840236
-369.202580
-373.686041
-372.582163
-365.121024
-353.010552
-336.543662
-311.885221
-279.320478
-240.417378
-195.336853
-145.066977
-93.536207
-42.019912
10.145732
60.538054
109.231472
159.657683
214.546578
266.207967
306.621790
333.379166
352.492673
367.910692
375.546558
377.378293
375.743083
364.847694
344.998326
319.213016
284.588678
242.803778
198.188850
150.706257
101.604973
51.945448
1.403434
-49.251488
-98.390239
-144.931248
-189.146314
-235.033376
-278.559923
-313.298362
-341.944695
-361.979008
-371.584041
-374.276468
-371.416467
-362.238884
-348.922185
-330.288580
-303.099326
-268.619742
-227.705751
-180.607864
-129.480703
-78.096219
-26.306084
25.727408
75.693641
124.443259
176.460232
231.941087
281.334094
317.241975
340.670347
359.400340
373.111282
378.246478
379.362958
375.547920
361.427920
339.814425
311.543941
274.017027
231.150559
185.546534
137.114184
87.663106
37.402425
-13.585772
-64.164741
-112.823248
-158.373969
-202.930144
-249.560050
-291.059017
-323.874269
-350.550073
-367.466382
-374.853611
-376.090322
-371.321780
-360.698870
-346.367189
-325.324024
-295.671225
-259.210552
-216.484410
-167.827436
-116.117171
-64.506020
-12.156963
39.568799
89.204993
138.594764
192.102705
247.047799
293.735606
326.158489
347.520964
365.452596
376.853262
380.458491
380.720922
374.090331
357.347386
334.074668
303.264175
263.571399
219.934157
173.351594
124.311107
74.453013
23.766756
-27.520316
-77.816078
-126.021590
-171.027524
-216.117586
-262.110063
-300.939935
-332.232373
-356.786932
-370.831490
-376.176664
-375.989505
-369.385992
-357.610668
-341.863632
-318.419252
-286.840711
-248.479162
-203.814677
-153.796503
-101.836409
-50.007956
2.652407
53.928409
103.297234
153.605427
208.415645
261.925629
304.811171
333.210911
353.294781
370.331151
379.379647
382.022176
381.094388
371.375595
352.203335
327.077082
293.487310
252.212797
207.694258
160.079684
110.445704
60.197456
9.363208
-42.014292
-91.987337
-139.275960
-183.902298
-229.894774
-274.836336
-311.103548
-340.964113
-362.924678
-374.249050
-378.116029
-376.214470
-367.917333
-355.116299
-337.515899
-311.344521
-277.663129
-237.623964
-191.244398
-139.981508
-88.007620
-35.802977
16.851425
67.690951
117.067439
168.869155
224.559818
275.915861
314.844166
340.183803
359.317916
374.488149
381.269455
383.119753
380.540746
367.955140
347.089086
320.073196
283.673150
241.187300
195.895433
147.416592
97.577912
47.076941
-4.199573
-55.445262
-104.970421
-151.500702
-196.023498
-242.800883
-285.874435
-320.343971
-348.584482
-367.539610
-376.401799
-378.766911
-375.161171
-365.229334
-351.450784
-331.888029
-303.396838
-267.836707
-225.807088
-177.765403
-125.928947
-74.075971
-21.421398
30.848469
80.977167
130.559887
184.020655
239.653758
288.052218
322.680133
345.630305
364.555631
377.500568
382.089274
383.238792
378.402131
362.943922
340.444020
310.955899
272.318465
228.981801
182.710716
133.682660
83.695139
32.977036
-18.605334
-69.607667
-118.508680
-164.202963
-209.457534
-256.317684
-296.765906
-329.287393
-355.391162
-371.276821
-377.973999
-378.677164
-373.255866
-362.096344
-347.118889
-324.825219
-294.220958
-256.851571
-213.109936
-163.482768
-111.376728
-59.574842
-6.727321
45.083761
94.826392
145.068169
199.762242
254.417658
299.578054
330.254350
351.441077
369.253840
379.765715
383.092506
383.239985
375.304733
357.393026
333.443369
301.241875
260.519130
216.481345
169.462306
119.931528
69.653307
18.631731
-33.052649
-83.619016
-131.953103
-176.930087
-222.756692
-268.756151
-306.824275
-337.784120
-361.264774
-374.182803
-378.919329
-378.077882
-370.718581
-358.491795
-341.957467
-317.242316
-284.416335
-245.193243
-199.821847
-149.086714
-97.150121
-44.909716
7.993323
59.203080
108.742714
160.185780
216.040100
268.577508
309.479407
336.636986
356.785229
373.099021
381.137473
383.554186
382.272516
371.309349
351.472242
325.576237
290.498393
248.548474
203.532151
155.522994
105.656385
55.325712
3.997769
-47.591243
-97.632578
-144.888163
-189.820698
-236.703668
-280.852488
-316.157341
-345.420837
-366.087982
-376.221282
-379.458155
-376.890387
-367.926019
-354.855742
-336.266245
-309.044293
-274.459635
-233.466114
-186.216661
-134.615558
-82.821165
-30.244929
22.452899
73.042767
122.554473
175.426517
231.286458
281.057187
317.880086
342.229605
361.980030
376.301834
382.088252
383.915731
380.546025
366.390603
344.812700
316.367660
278.588363
235.789674
190.157209
141.480991
91.539281
41.082246
-10.280950
-61.437573
-110.963242
-157.119206
-202.029433
-249.111141
-290.808337
-324.007102
-351.171323
-368.561234
-376.422576
-378.128120
-373.732533
-363.298655
-349.246264
-328.290462
-298.728432
-262.157576
-219.415086
-170.828956
-119.068623
-67.369257
-14.598029
37.315743
87.336983
137.303897
191.612755
246.318068
292.599372
325.142997
347.250359
365.593774
377.274752
381.448269
382.397515
376.011814
359.062297
335.956642
304.914543
265.114989
221.529858
175.051008
126.015799
76.098101
25.401115
-26.064941
-76.746770
-125.292369
-170.542853
-216.483559
-262.906722
-301.601887
-333.104304
-357.951266
-372.141089
-377.735410
-377.711398
-371.308838
-359.798670
-344.004631
-320.181336
-288.440670
-249.976431
-205.356053
-155.122110
-103.402138
-51.619666
1.141855
52.439145
101.929222
152.874504
208.246538
261.377777
303.416933
331.445081
352.051599
369.290795
378.344229
381.123509
380.765029
371.223518
352.231605
327.303069
293.097496
251.771893
207.614558
160.317932
110.674245
60.752290
9.999616
-41.377204
-91.491086
-138.725894
-183.200666
-229.927472
-274.721384
-310.543605
-340.171201
-361.820630
-372.831481
-376.685517
-374.892780
-366.579294
-354.077305
-336.304562
-309.857811
-275.995220
-235.884190
-189.601694
-138.671909
-87.320634
-35.327673
16.973019
67.388841
116.524526
168.790817
224.259581
274.285248
311.979907
336.739506
356.279271
371.271712
377.589464
379.580089
377.060686
364.131927
343.397515
316.150529
279.233285
236.833096
191.954545
143.934829
94.452585
44.504234
-6.459951
-57.454450
-106.730461
-152.648687
-197.445324
-244.672639
-286.630562
-320.188488
-347.812857
-365.970135
-373.985938
-376.037530
-372.275795
-362.353665
-348.610197
-328.226771
-299.447264
-263.550452
-221.544334
-173.502650
-122.092111
-71.102210
-18.862486
32.784087
82.352161
131.846496
185.864483
240.534714
287.048135
319.906814
342.120102
360.714197
373.070070
377.530200
378.802504
373.549461
357.625314
335.218396
305.015700
265.859025
222.880500
177.018302
128.261873
78.755787
28.796366
-22.094761
-72.503601
-120.826108
-165.405273
-210.931982
-257.644142
-296.413388
-327.899456
-352.931874
-367.474897
-373.294353
-373.760802
-367.743458
-356.556177
-341.392415
-318.284035
-287.096841
-249.471835
-205.946480
-156.445844
-105.237791
-54.075548
-1.946007
48.794406
97.599881
147.933108
202.626501
255.190986
297.705446
326.440675
346.948590
363.750117
373.057978
376.128129
375.979968
367.060729
348.550252
324.319601
291.025468
250.124250
206.495694
159.798009
110.715117
61.197792
11.194433
-39.515836
-89.070286
-135.848352
-179.791451
-226.067305
-270.539692
-306.349141
-336.127622
-357.980558
-369.065659
-372.743266
-371.310030
-363.174507
-351.047346
-333.733048
-307.991334
-274.543422
-235.073907
-189.465966
-138.896704
-88.132109
-36.667926
15.316350
65.138510
113.681044
165.410042
220.397711
270.144088
307.673386
332.598005
352.033717
366.941009
373.338291
375.295537
372.991051
360.469137
339.984213
313.193798
276.910918
235.117844
190.582275
143.049615
94.036886
44.752019
-5.448886
-55.728980
-104.529858
-149.866513
-193.864618
-240.648133
-282.196658
-315.394742
-342.916761
-361.295598
-369.481189
-371.684858
-368.006911
-358.268704

