294.991221
282.734122
265.180213
242.717947
214.988504
184.268611
151.019607
112.521138
67.507539
19.058670
-24.996655
-63.727243
-102.873530
-143.587078
-177.936043
-205.363035
-234.120573
-260.363306
-277.470180
-290.403196
-298.979282
-297.677858
-290.161882
-279.712677
-262.204749
-240.814005
-216.098513
-185.822930
-151.999848
-116.862570
-80.278771
-41.005782
0.740801
43.208088
83.828994
124.156475
161.189352
192.227193
219.537190
243.760518
263.239145
279.572862
292.915617
299.073287
298.676150
291.273594
277.183226
258.356844
234.102862
205.151354
173.949174
139.413902
98.965338
51.852124
3.910405
-37.749495
-75.935977
-116.130284
-155.741147
-186.922380
-214.094605
-243.194614
-266.472953
-281.413112
-293.574844
-299.363136
-295.331308
-287.084239
-274.471045
-255.122696
-232.935122
-206.479345
-174.716711
-140.400784
-105.265379
-67.945378
-27.707304
14.566694
56.403364
96.653359
136.479310
171.473026
200.857435
227.369240
250.173126
268.409082
284.271411
295.529025
299.521344
297.017268
287.071807
271.134206
250.703778
224.852732
195.067269
163.179806
127.062627
84.496737
36.242349
-10.193757
-49.980709
-88.424342
-129.368305
-166.753020
-195.410081
-223.075151
-251.339674
-271.402257
-285.219124
-296.141590
-298.429387
-292.404549
-283.519881
-268.505812
-248.003006
-224.874701
-196.426426
-163.683040
-129.111154
-93.471323
-55.431468
-14.623574
28.070552
69.266217
109.398024
148.165907
181.094919
209.418535
234.889984
255.925826
273.206234
288.077763
297.070912
298.898050
294.222661
282.125303
264.881849
242.839370
215.304409
184.916088
152.053833
113.902603
69.084678
20.520176
-23.415770
-61.838627
-101.012332
-142.011642
-176.483733
-203.619344
-232.339076
-258.747339
-275.819472
-288.709572
-297.548090
-296.505690
-289.321627
-278.944969
-261.761291
-240.617480
-216.321605
-186.291252
-152.683258
-117.944479
-81.756285
-42.715073
-1.144579
41.129419
81.543412
121.741635
158.919777
189.912489
217.454604
241.738217
261.349508
277.783700
291.240045
297.726052
297.774928
290.720122
276.672840
258.038555
234.126363
205.392497
174.421413
140.112979
99.685362
52.945273
5.370038
-36.107302
-74.096748
-114.039694
-153.494562
-184.797389
-211.851767
-240.935598
-264.433111
-279.629571
-291.819062
-297.710725
-293.776819
-285.839013
-273.646797
-254.788910
-233.002390
-207.054956
-175.594262
-141.478096
-106.355974
-69.301639
-29.400076
12.750626
54.582528
94.763211
134.320770
169.335093
198.926415
225.604091
248.430116
266.854933
282.703979
294.389895
298.555238
296.421221
286.839519
271.210330
251.030411
225.333486
195.689883
164.084094
128.197329
85.565874
37.564891
-8.465052
-48.197338
-86.579153
-127.175535
-164.752517
-193.572555
-221.190623
-249.893836
-270.213740
-284.154926
-295.401471
-298.329592
-292.627641
-283.843109
-269.325120
-249.384301
-226.941279
-199.071339
-166.665656
-132.283483
-96.743958
-58.751447
-18.086433
24.323974
65.517936
105.640718
144.512142
177.725213
206.387894
232.230765
253.815481
271.548203
286.567211
296.280725
298.803023
294.862475
283.353840
266.577005
245.119844
218.237128
188.243219
156.031336
118.911437
74.790886
26.370287
-18.283810
-56.831496
-95.377309
-136.270523
-171.648094
-198.909044
-227.340460
-254.543509
-272.409235
-285.715035
-295.330627
-295.432295
-288.757597
-279.153926
-262.811184
-241.987705
-218.666451
-189.380646
-156.349966
-121.950422
-86.028746
-47.445638
-6.202119
35.975831
76.630797
116.493021
153.800930
185.181073
213.000774
237.548011
257.754156
274.772474
288.750785
296.152490
296.671561
290.456499
276.933568
258.960894
235.686302
207.442556
177.028520
143.500566
104.109049
58.310032
10.537590
-31.520128
-69.424595
-109.118393
-149.118900
-181.382213
-208.174161
-237.469162
-261.982168
-277.479717
-289.993286
-296.946764
-294.023923
-286.309549
-274.761915
-256.560871
-235.316753
-210.156952
-179.109062
-145.457983
-110.466991
-73.568651
-33.985206
7.607767
49.378020
89.626993
129.210097
164.915664
194.865465
221.977574
245.263917
264.167786
280.361686
292.725222
298.135110
296.790259
288.160358
273.015499
253.685543
228.873832
199.498449
168.226276
133.315154
91.593947
43.950592
-2.565895
-42.491129
-80.525194
-121.170453
-159.495728
-188.941104
-216.379677
-245.454822
-266.998836
-281.191042
-292.815140
-296.678713
-291.780233
-283.373083
-269.797189
-250.211443
-228.427478
-201.565368
-169.578791
-135.674988
-100.347996
-62.909467
-22.550651
19.445079
60.774769
100.544350
139.384781
173.020363
202.058894
228.119237
249.942201
267.985889
283.347198
293.704612
296.926669
293.596472
282.845327
266.321216
245.463848
218.961750
189.074789
157.213722
120.515823
76.915707
28.947251
-15.517133
-54.081167
-92.668363
-133.435045
-169.162580
-196.799891
-225.050620
-252.694573
-270.987068
-284.239054
-294.248717
-295.048782
-288.636344
-279.116460
-263.317313
-242.860828
-220.142773
-191.285951
-158.565726
-124.184574
-88.249104
-50.017153
-9.303944
32.563380
73.274033
113.098110
150.783232
182.478939
210.466044
235.275200
255.646195
272.661107
286.911215
295.380695
296.744789
291.250604
278.300388
260.469062
238.052947
210.138730
179.697956
146.945204
108.544997
63.146182
15.345812
-26.969228
-64.748015
-104.229961
-144.532238
-177.691323
-204.258135
-233.077833
-258.432967
-274.483306
-287.227290
-295.075008
-293.457678
-286.130905
-275.247438
-257.611104
-236.707926
-212.374585
-182.084186
-148.812703
-114.241838
-77.945164
-38.988931
2.343484
44.042553
84.087849
123.528753
159.535238
189.821380
216.839824
240.335294
259.496484
275.751352
288.602965
294.786351
294.359412
286.820446
272.239787
253.375939
229.445355
200.628042
169.764927
135.576214
95.018148
48.329830
1.862219
-38.474458
-76.107127
-116.040877
-154.714414
-185.079915
-211.791992
-240.867479
-263.456276
-277.923175
-289.774793
-294.703756
-290.418012
-282.258647
-269.497974
-250.448840
-229.136603
-202.918393
-171.428919
-137.751613
-102.585214
-65.646853
-25.997332
15.536036
56.721313
96.316508
135.106530
169.178588
198.167733
224.378790
246.420588
264.526435
279.906818
291.033983
295.101234
292.539597
282.606057
266.702856
246.567726
220.878295
191.197566
159.769058
124.099084
81.557887
33.949784
-11.059557
-49.794742
-87.767499
-128.468616
-165.139266
-193.177121
-220.665251
-248.805114
-268.354075
-281.710625
-292.202575
-294.340168
-288.408654
-279.208251
-264.326164
-244.217089
-222.001246
-193.980081
-161.563669
-127.417360
-91.842413
-54.103306
-13.846329
27.862617
68.213429
107.599837
145.672730
177.923611
205.917699
231.055873
251.914774
269.054856
283.346517
292.529208
294.496332
290.055956
278.033018
260.809660
239.196505
212.137188
181.837423
149.409430
112.081255
68.022864
20.115035
-23.254156
-61.154876
-99.763700
-139.947108
-174.205303
-200.987884
-229.132175
-255.421741
-272.227185
-284.932341
-293.578931
-292.630025
-285.432679
-275.139298
-258.189099
-237.282515
-213.571617
-183.903149
-150.920323
-116.457599
-80.502033
-42.181015
-1.298870
40.369204
80.298356
119.617156
156.174387
186.718191
214.023249
237.734658
257.151808
273.494039
286.841563
293.759959
293.840170
287.118980
273.177283
254.728283
231.321539
202.781303
172.027349
138.516767
99.138192
53.203276
5.959443
-35.226004
-72.684799
-112.076146
-151.594026
-182.960374
-209.256581
-238.035747
-261.739833
-276.441063
-288.375275
-294.379507
-290.881736
-282.718284
-270.542417
-251.813616
-230.475494
-205.054624
-173.917498
-140.330110
-105.575153
-68.959168
-29.724666
11.780603
53.032126
92.525482
131.674664
166.550534
195.732968
221.920184
244.401523
262.600865
278.066056
289.731026
294.543505
292.722498
283.556495
267.876046
247.938803
222.844907
193.216630
161.746570
126.600947
84.925379
37.813187
-7.843120
-47.323193
-85.054806
-125.085115
-162.611519
-191.474983
-218.488659
-246.834244
-267.318828
-280.672652
-291.437592
-294.349704
-288.729157
-280.023473
-265.834672
-245.872736
-223.638500
-196.135555
-163.773639
-129.580327
-94.205311
-56.924139
-16.899449
24.838618
65.647193
105.017594
143.447944
176.470450
204.741785
230.208465
251.237154
268.412318
283.010857
292.593411
295.085396
291.215181
279.856069
262.940781
241.697005
214.861802
184.589114
152.223451
115.049056
71.307421
23.558480
-20.510980
-58.836596
-97.207172
-137.266602
-172.539268
-199.822358
-227.647679
-254.622868
-272.395611
-285.078628
-294.373206
-294.346639
-287.221670
-277.284724
-260.889190
-239.999124
-216.463634
-187.012638
-153.854064
-119.382824
-83.467449
-45.231921
-4.547153
37.221227
77.419451
116.755962
154.069492
185.217517
212.481873
236.613580
256.390912
272.485018
285.860130
293.231692
293.793338
287.685905
274.066925
255.841187
232.839073
204.580171
173.595463
140.395675
101.261820
55.682489
8.311101
-33.415897
-71.028130
-109.954221
-149.422203
-181.754487
-208.132097
-236.481939
-260.658264
-275.990452
-287.885836
-294.361796
-291.243962
-283.148459
-271.390336
-252.751793
-231.164864
-205.824375
-174.722501
-140.946082
-106.039899
-69.616522
-30.702182
10.637726
52.038772
91.576576
130.448852
165.709257
195.151227
221.439770
243.951082
262.094566
277.424540
289.219788
293.955973
292.361804
283.622742
268.261773
248.598542
223.589795
194.062676
162.574393
127.672298
86.686952
39.920637
-6.379911
-46.588693
-84.216595
-123.913629
-161.953483
-191.384213
-218.004159
-246.033498
-266.880648
-280.290501
-291.034664
-294.667142
-289.219618
-280.182021
-266.182763
-246.255398
-223.706109
-196.303470
-164.040157
-129.781280
-94.469275
-57.383605
-17.679249
23.927518
64.766237
104.093892
142.622846
175.878491
203.837327
229.036297
250.123228
266.950301
281.296628
291.082008
293.556452
289.779220
278.548343
261.595249
240.308557
213.538749
183.147022
151.022162
114.310810
71.263484
23.753813
-20.753486
-59.321438
-97.279208
-136.970452
-172.438111
-199.836322
-226.910625
-253.472328
-271.388463
-283.710786
-292.658806
-292.947633
-285.815001
-275.622777
-259.211915
-237.957069
-214.253834
-185.038703
-151.937008
-117.358480
-81.662280
-43.712173
-3.177779
38.588217
78.660079
117.881639
155.064549
186.281034
213.285685
237.124477
256.594590
272.600480
285.980531
293.117591
293.476752
287.277869
273.687158
255.534649
232.191086
203.819956
172.885827
139.481340
100.549289
55.363519
8.020231
-33.974477
-71.959155
-110.739980
-149.913515
-182.294335
-208.740916
-236.742496
-260.958331
-276.372092
-288.077252
-294.813769
-291.834388
-283.615419
-272.047349
-253.776312
-231.993198
-206.599746
-175.634452
-141.823121
-106.901271
-70.334332
-31.559808
9.620019
51.309381
90.863194
130.072832
165.782315
195.253747
221.351215
244.158847
262.346097
277.497428
289.483070
294.382742
292.756728
284.044572
268.806219
249.248232
224.304199
194.762945
163.252183
128.498077
87.668215
40.776389
-5.742993
-45.917034
-83.549874
-122.989076
-161.079168
-190.831763
-217.173781
-245.069265
-266.398021
-280.067921
-290.962969
-294.826371
-289.486817
-280.553784
-266.817127
-246.837480
-224.299261
-196.934257
-164.720161
-130.367109
-95.073666
-57.948828
-18.166474
23.786851
64.842190
104.113477
142.867906
176.548447
204.818078
230.044297
251.418522
268.300261
282.766989
292.471477
295.035498
291.244984
280.077628
263.364145
241.995709
215.229988
184.986251
152.650731
115.900210
72.806052
25.134427
-19.786358
-58.819907
-96.913236
-136.779376
-172.576223
-200.355223
-227.546522
-254.466534
-272.814546
-285.523108
-294.932297
-295.402833
-288.206339
-278.420619
-262.343713
-241.125652
-217.104639
-187.813554
-154.460328
-119.653259
-83.794594
-45.686449
-5.025864
37.243196
77.723094
117.264305
155.038493
186.716488
213.969946
238.403252
258.200850

