-234.030655
-184.754133
-131.370851
-75.325625
-16.013895
43.858971
101.548604
156.419277
209.448508
266.024215
319.989238
355.106081
380.278315
404.692718
418.760266
419.176647
413.938761
402.868475
382.652453
357.379913
327.792679
291.695765
251.869985
205.687625
152.483497
95.364366
34.594706
-31.313045
-99.257401
-157.774346
-207.765443
-255.671058
-297.996146
-330.815826
-358.460120
-383.067642
-400.954144
-411.838974
-417.536667
-412.890911
-397.349426
-374.957323
-343.020303
-304.434129
-263.153996
-217.949493
-166.866950
-112.575463
-55.445603
4.323551
63.619954
120.334625
174.335241
227.642230
285.202776
334.042481
363.728489
388.891356
410.978283
419.831276
417.500734
410.791125
396.412781
373.948983
347.660099
315.723079
278.229032
236.988238
188.294819
133.506741
75.425420
13.150488
-54.378680
-120.334625
-175.131559
-224.013839
-270.487922
-309.618371
-339.975698
-366.976942
-389.774016
-404.994317
-414.272036
-417.142255
-408.152342
-390.100139
-364.745174
-330.046586
-290.237154
-248.011521
-200.877019
-148.579563
-93.527011
-35.146475
24.857180
83.304133
138.995818
192.218167
247.058698
303.766898
345.467499
371.633257
396.807534
415.449142
419.728756
415.860244
407.312427
389.725481
365.455662
337.734052
303.541081
264.784779
221.246822
170.174837
114.216464
54.965019
-8.818933
-77.218328
-139.867408
-191.721746
-240.288803
-285.148621
-320.871558
-349.396808
-375.385966
-395.755087
-408.565657
-416.094746
-415.556261
-403.036731
-382.899046
-354.374307
-317.207745
-276.625667
-232.985701
-183.765718
-130.428757
-74.386767
-15.307154
44.497252
102.086067
156.822886
209.736824
266.197920
320.321492
355.237382
380.090475
404.339688
418.427672
418.927329
413.776977
402.613367
382.307768
357.066904
327.323164
291.099208
251.150642
205.385344
152.192967
95.169033
34.520796
-31.269789
-99.314962
-158.125673
-208.188806
-255.982535
-298.175812
-330.907788
-358.514105
-383.097785
-400.824717
-411.742415
-417.254141
-412.660837
-397.009339
-374.646527
-342.866523
-304.132359
-262.586730
-217.403003
-166.638579
-112.603733
-55.628674
4.181521
63.510793
120.183400
174.162558
227.717161
285.110985
333.943878
363.627502
388.668776
410.988161
420.007195
417.819875
411.232199
396.866798
374.126264
347.846236
315.948554
278.339556
236.926760
188.353402
133.435896
75.206757
12.830666
-54.701907
-120.674201
-175.547940
-224.707467
-271.382332
-310.464416
-340.592350
-367.520707
-390.517201
-405.743122
-414.963790
-417.906387
-409.075533
-390.971899
-365.825551
-330.917495
-291.201217
-248.943227
-201.771089
-149.393763
-94.456332
-36.050081
24.373361
83.082063
139.089652
192.482471
247.396231
304.668971
347.084829
373.348849
398.678439
417.843376
422.365325
418.557099
410.080978
392.913478
368.786199
341.077021
306.744405
267.715454
224.459852
173.409666
117.057221
57.498728
-6.404093
-74.978215
-138.322796
-190.843344
-239.508663
-284.668888
-321.012054
-349.870239
-376.121657
-396.815538
-410.056966
-417.861428
-417.796714
-405.676876
-385.665042
-357.754401
-320.739746
-280.093806
-236.460992
-187.517064
-134.199006
-78.279972
-18.812248
41.490282
99.406753
154.720034
207.813467
263.898713
318.810769
355.298349
380.314929
405.039617
420.100008
421.022517
415.767091
404.928923
384.798731
359.524829
330.137014
293.930599
253.811734
208.436421
155.420474
98.267453
37.336860
-28.275592
-96.458367
-156.025205
-206.518854
-254.577228
-297.253302
-330.475058
-358.151197
-383.325645
-401.579142
-412.820918
-418.646336
-414.878130
-399.597883
-377.343382
-346.027102
-307.307414
-265.992539
-220.779351
-170.075553
-115.782704
-58.804921
1.426935
61.301163
118.365799
172.798123
226.425954
284.012726
334.426335
364.925350
389.538492
413.053206
423.293454
421.566452
415.156399
401.434558
378.984043
352.789504
321.164131
283.136027
241.850444
193.863426
138.859408
80.379418
18.090691
-49.201931
-116.212027
-172.435556
-222.126245
-269.346578
-309.682914
-340.841327
-368.100575
-391.741821
-407.644340
-417.476552
-421.013491
-413.501433
-395.935263
-371.392454
-337.146180
-297.168493
-254.849877
-207.968610
-155.840090
-100.648914
-42.146274
18.692357
77.952487
134.613344
188.590629
243.286235
301.014355
345.642226
373.009443
398.364919
418.896845
424.728053
421.165909
413.367578
396.514280
372.772557
345.533064
311.752728
272.524187
229.621444
179.112979
122.756107
62.966347
-0.993695
-69.452694
-133.973190
-187.526601
-236.847230
-282.496214
-319.899661
-349.307912
-376.206807
-397.840398
-411.711250
-419.817311
-420.572928
-409.450190
-389.743703
-362.430641
-325.866086
-285.179445
-241.643190
-192.795992
-139.494794
-83.418403
-23.854630
37.097079
95.695257
151.606798
205.341748
262.077876
318.259852
356.334107
381.759065
407.269682
423.978567
425.738267
420.973131
410.892623
391.550916
366.725922
337.889365
301.910639
261.710201
216.867583
163.945641
106.246642
44.924532
-20.717212
-89.829309
-151.191098
-202.734981
-251.579796
-295.702560
-330.652339
-359.058721
-385.044132
-404.504197
-416.746991
-423.322916
-420.893771
-406.722682
-385.206427
-354.918752
-316.357613
-274.879592
-230.048554
-179.651976
-125.362532
-68.010943
-7.272618
53.526163
111.688886
167.236839
221.311365
279.343299
332.092728
364.818062
390.009199
414.426497
426.617009
426.167761
420.736415
408.372538
386.763981
361.085960
330.264568
292.169707
250.936406
203.602655
148.835352
90.103831
27.821575
-39.342301
-107.568843
-165.919576
-216.666119
-264.875037
-306.681054
-339.174611
-367.020879
-391.713040
-408.982890
-419.481141
-424.288852
-418.530021
-401.926381
-378.432274
-345.439741
-305.791071
-263.379812
-216.794695
-164.923498
-109.727723
-51.261357
10.059731
70.276771
127.751657
182.732344
237.751007
296.571425
343.970060
372.710398
398.448876
420.591150
428.208964
425.687007
418.864999
403.450387
380.289555
353.839057
320.904766
281.862361
239.367996
189.509221
133.090360
73.081085
9.566375
-59.092045
-125.517505
-180.798428
-231.044463
-278.167895
-317.571163
-348.128421
-375.598328
-398.621048
-413.800819
-423.067638
-425.406524
-416.273560
-397.616284
-371.685709
-335.972650
-295.320068
-252.128158
-203.887905
-150.543792
-94.348873
-34.737076
26.824645
86.433887
143.405369
197.919267
254.359245
312.288489
353.985003
380.594730
406.269857
425.289699
429.251875
425.461531
416.906221
398.859978
374.756541
346.834830
311.552286
271.511759
227.413688
175.297431
117.745910
56.720972
-8.325747
-77.803476
-141.600541
-194.702148
-244.309902
-289.987666
-326.732397
-356.253556
-383.175782
-404.105868
-417.494774
-425.337042
-424.925429
-412.380184
-391.929831
-363.423143
-325.671434
-284.361328
-239.815542
-189.921686
-135.688782
-78.611714
-17.889738
43.407508
102.140222
158.458778
212.989024
270.824432
326.063803
361.939158
387.552977
413.138696
427.981445
428.591626
423.805543
412.964651
392.741987
367.782797
338.109561
301.197938
260.425806
214.105504
159.856762
101.354974
39.332594
-27.455262
-96.848692
-157.190391
-208.833047
-258.142437
-301.807438
-335.925988
-364.597014
-390.366486
-409.034320
-420.700312
-426.655497
-422.945874
-407.729830
-385.383027
-353.763614
-314.651557
-272.730759
-226.804870
-175.251109
-120.114258
-62.010799
-0.682558
60.131380
118.207932
173.736129
228.592157
287.729161
338.709354
369.566509
395.308222
419.177498
429.332597
427.709648
421.825988
408.150469
386.183602
360.363211
328.728642
290.200199
248.467582
199.854374
143.939597
84.438835
21.239689
-47.064338
-115.153108
-172.515597
-223.154170
-271.326133
-312.387603
-344.394445
-372.450011
-396.467618
-413.012164
-423.177481
-427.154473
-419.870615
-402.323689
-377.798591
-343.421016
-303.044149
-260.260275
-212.886504
-160.161938
-104.421377
-45.084613
16.543695
76.697724
134.185893
189.152105
245.332037
304.240670
348.962034
376.669509
403.066022
423.964432
429.985694
427.003758
419.496468
402.946472
379.468032
352.360862
318.458421
279.086147
235.771963
184.544495
127.401693
66.957644
2.265147
-67.351035
-132.762023
-187.056235
-237.373284
-284.179790
-322.356565
-352.513960
-380.125897
-402.367967
-416.834525
-425.603390
-426.723616
-415.857179
-396.495376
-369.247709
-332.621847
-291.854824
-248.112679
-198.929310
-145.041602
-88.315521
-27.897869
33.739805
93.111992
149.837732
204.403741
261.974335
319.064174
357.764108
383.958135
410.256726
426.931381
429.079703
424.944673
415.310519
396.334103
372.040612
343.499184
307.662487
267.680032
222.447940
168.953793
110.892909
49.540315
-16.466549
-86.111512
-148.239817
-200.489930
-250.079972
-294.933489
-330.465181
-359.531641
-385.963917
-405.679941
-418.317318
-425.413677
-423.337391
-409.451893
-388.417074
-358.388083
-320.022276
-278.503214
-233.407872
-182.845933
-128.259318
-70.696558
-9.754045
51.034178
109.595401
165.319783
220.085212
278.945310
331.746851
364.619493
390.731777
415.440968
427.236727
426.814897
421.704054
409.428903
388.093846
362.840721
332.359416
294.861112
253.896202
206.198352
151.170833
92.273099
29.760259
-38.009371
-106.585026
-164.807013
-215.842213
-264.667443
-306.729249
-339.431081
-367.901836
-393.063341
-410.568884
-421.496289
-426.445518
-420.565775
-404.090370
-380.615677
-347.316265
-307.851178
-265.588079
-218.855483
-166.577952
-111.176457
-52.492108
8.802244
68.999188
126.657486
181.698459
237.350634
296.647549
343.307427
371.848175
398.393188
420.317139
427.588224
425.090790
418.390717
403.148787
380.210876
353.975126
321.044922
282.491105
240.333251
190.197400
133.654560
74.028458
10.336808
-58.817863
-125.006437
-179.719073
-229.837894
-277.242150
-316.436120
-347.034931
-374.675478
-397.506612
-412.577220
-421.984366
-424.257517
-414.530379
-396.089724
-369.973353
-334.128652
-293.898072
-250.794036
-202.480555
-149.230616
-93.184710
-33.656188
27.278321
86.526700
143.036331
197.225298
254.047768
311.408043
351.502044
378.058127
404.467583
422.214781
425.407716
421.807255
412.977423
394.585984
370.566334
342.848642
307.783910
268.391030
224.234377
171.917166
114.750181
54.088661
-11.427232
-81.072194
-143.511977
-195.686817
-245.182514
-290.258101
-325.947659
-355.211326
-381.976366
-402.447496
-415.440968
-423.086200
-421.927486
-408.710412
-388.050761
-358.582054
-321.017674
-280.163629
-235.801084
-185.834680
-131.676878
-74.859858
-14.588492
45.997245
104.239838
159.710816
213.931288
272.316762
325.777701
359.294585
385.653462
410.887173
423.738275
423.784937
419.012478
407.384464
386.545488
361.748593
331.831149
295.280559
255.195924
208.443403
154.094866
96.111638
34.453869
-32.685655
-101.380519
-159.807716
-210.116761
-258.729288
-301.164559
-333.906072
-362.207719
-387.356111
-405.160529
-416.421209
-422.042438
-416.777815
-400.804452
-378.043481
-345.518248
-306.583132
-265.190942
-219.553539
-168.067047
-113.263130
-55.424826
5.009685
64.745631
121.871403
176.259279
230.838060
289.353643
336.841515
366.051197
392.207929
414.349863
422.395297
420.314244
413.948638
399.239574
376.773221
350.677626
318.459783
280.516659
238.895076
189.578022
134.103468
75.244563
12.371710
-56.094783
-122.126852
-176.767111
-226.472786
-273.529972
-312.345539
-342.682430
-370.130369
-392.902579
-408.043010
-417.449815
-420.275756
-410.932984
-392.946005
-367.273433
-332.107544
-292.191505
-249.719620
-202.056680
-149.290902
-93.988861
-35.264322
25.189093
83.927257
139.953579
193.625859
249.804940
306.794473
347.083637
373.540095
399.633646
417.673758
421.254294
417.751074
409.146888
391.220365
367.204291
339.685508
305.324112
266.628776
222.783770
171.047790
114.669119
55.082526
-9.445293
-78.465598
-140.802349
-192.502226
-241.484472
-286.428588
-321.834087
-350.578002
-376.845598
-397.185598
-410.160507
-417.968886
-417.049783
-404.206344

