-106.341158
-151.009219
-194.719008
-240.813153
-281.299353
-313.616991
-340.171201
-357.481412
-364.790814
-366.628000
-362.551553
-352.589062
-339.061533
-318.741798
-290.138381
-254.445417
-213.321447
-166.101626
-115.860360
-65.889529
-14.798812
35.601514
83.642857
131.905760
184.427840
237.401043
282.368660
313.955035
334.888356
351.900884
363.080161
366.735969
367.379870
361.543724
345.288856
322.931835
292.604651
253.812075
211.443050
166.371380
118.936471
70.700305
21.975722
-27.560166
-76.271296
-123.047829
-166.305474
-210.939305
-255.997692
-292.932476
-323.166677
-346.879108
-360.084602
-364.951236
-364.903212
-358.482429
-347.240482
-331.693377
-308.315413
-276.902063
-239.273480
-196.034738
-146.989652
-97.048453
-46.852827
4.227332
53.777014
101.273400
150.614125
204.185418
254.826375
294.925996
321.836812
340.909788
356.275865
364.354168
366.320440
365.359272
355.744021
336.911508
312.191929
278.377363
237.925223
194.750854
148.809978
100.786345
52.547114
3.624984
-45.603854
-93.916314
-139.271361
-182.043484
-227.422203
-270.045315
-304.014683
-332.058498
-352.349963
-362.021072
-365.008116
-362.849917
-354.220016
-341.609887
-323.510340
-296.857187
-263.058969
-223.561525
-178.022214
-128.201417
-78.354904
-27.620111
23.000581
71.630478
119.111368
170.087814
223.482166
271.115644
306.596245
329.425335
346.870252
359.967436
365.243810
366.155590
362.823691
349.261761
328.175851
300.623689
263.847964
222.168991
178.026302
131.283998
83.197866
34.665891
-14.551878
-63.368934
-110.700130
-154.659067
-198.092631
-243.739060
-283.329827
-314.907857
-340.728079
-356.947865
-363.462993
-364.660876
-360.094990
-349.641527
-335.528510
-314.404794
-285.139595
-249.246870
-207.710777
-159.981932
-109.772342
-59.990713
-8.880241
41.226660
89.025327
136.951378
189.346416
241.668735
285.555635
316.151891
336.384262
352.898836
363.208907
366.123574
365.975755
359.442745
342.466491
319.436107
288.439478
249.185051
206.655775
161.472900
114.036458
65.899576
17.317363
-32.017572
-80.645255
-127.147947
-170.063462
-214.437928
-258.920363
-295.154197
-324.774640
-347.633873
-360.166516
-364.578792
-363.841057
-356.775863
-345.028469
-329.053572
-304.968868
-273.087365
-235.091278
-191.286121
-142.133747
-91.938121
-41.786092
9.142842
58.329446
105.849845
155.056034
208.483594
259.054048
298.799958
324.991090
343.250377
358.068432
365.376472
366.743462
365.159171
354.763610
335.406916
310.315916
276.214395
235.344682
191.737413
145.377602
97.307307
48.825060
-0.295639
-49.523115
-97.440651
-142.623186
-185.335704
-230.584485
-272.949253
-306.524038
-334.261315
-353.772981
-362.715381
-365.146058
-362.348046
-353.285755
-340.302331
-321.676391
-294.763701
-260.714463
-220.911843
-174.990041
-125.037943
-74.997119
-24.191141
26.595082
75.215953
122.459616
173.373733
227.257184
275.069475
309.974466
332.419191
349.698407
362.488542
367.163931
367.445605
363.568068
349.610874
328.191348
300.138508
263.022866
220.960038
176.383768
129.108940
80.613068
32.128947
-17.207861
-66.291434
-113.635404
-157.557045
-200.749465
-246.292353
-285.665819
-317.094326
-342.637300
-358.587844
-364.932503
-365.644693
-360.572338
-349.841969
-335.613489
-314.376865
-284.717764
-248.425858
-206.493139
-158.559254
-108.077015
-57.886328
-6.782157
43.479885
91.521910
139.719588
192.211355
244.843960
288.937432
319.572347
339.636803
355.910233
366.204977
369.071109
368.659326
361.457723
344.097955
320.724249
289.569071
250.028883
207.108430
161.546469
113.576310
64.888852
15.924317
-33.598627
-82.238572
-128.717593
-171.936069
-216.294697
-260.859898
-297.290087
-326.920748
-349.786622
-362.227644
-366.555112
-365.748746
-358.604874
-346.612249
-330.401659
-306.220225
-274.204016
-236.006805
-191.856452
-142.395326
-92.009136
-41.504247
9.996550
59.662376
107.366528
156.729562
210.677556
261.927332
302.158254
328.385660
346.551282
361.236164
368.492603
369.679247
367.888723
357.604367
337.971960
312.683071
278.508323
237.307889
193.308932
146.482672
98.103966
49.390623
-0.049387
-49.669743
-97.829444
-143.219573
-186.197077
-231.622117
-274.530309
-308.595044
-336.560011
-356.230906
-365.521397
-367.908989
-364.997557
-355.771439
-342.851707
-324.472019
-297.555583
-263.299431
-223.069702
-176.808323
-126.275676
-75.679336
-24.643966
26.387487
75.536285
123.369183
174.310378
228.480441
277.056013
312.856095
335.753986
353.049040
366.042171
370.903356
371.394839
367.246185
353.387594
331.940821
304.035119
266.947917
224.673578
179.744789
132.142305
83.311456
34.283910
-15.437944
-64.900943
-112.521308
-157.199928
-200.900691
-246.631418
-286.890779
-318.997247
-344.871623
-361.195121
-367.989540
-368.972676
-364.113705
-353.307383
-338.925294
-317.868165
-288.382769
-252.161537
-210.087299
-161.996399
-110.973971
-60.345956
-8.836303
41.877542
90.337311
138.723339
191.625527
245.551893
290.365219
321.408340
342.013495
358.784199
369.610105
372.536353
372.235434
365.475076
348.658562
325.543710
294.844593
255.418675
212.128162
166.105543
117.849793
68.984202
19.428389
-30.808278
-80.034733
-127.091067
-170.955317
-215.425151
-260.629143
-298.091343
-328.404052
-351.868357
-364.944254
-369.605337
-368.964331
-362.001317
-350.216116
-334.257909
-310.325452
-278.504235
-240.381445
-196.286780
-146.708829
-95.717907
-44.864416
6.791694
57.075705
105.384759
154.902765
209.027188
261.256354
302.594900
329.750776
348.731279
364.334072
372.434684
374.149254
372.577906
362.750122
343.482835
318.424361
284.712144
243.473394
199.355228
152.311495
103.511299
54.216725
4.305499
-45.847552
-94.643150
-141.039235
-184.646675
-230.028459
-273.849283
-308.869055
-337.555579
-358.133827
-368.159158
-371.241740
-368.869986
-359.971012
-347.137962
-329.206671
-302.766391
-268.930197
-228.929520
-182.839462
-132.223708
-81.151213
-29.711212
21.940981
71.516718
119.800738
170.793533
225.698607
275.517872
312.730244
336.771182
355.107614
369.015932
374.558994
375.456129
372.184345
358.980213
337.730987
310.367857
273.909909
231.593336
186.538185
138.639382
89.571817
40.020943
-10.293382
-60.309001
-108.625548
-153.971740
-197.689874
-243.730034
-285.300016
-318.281651
-345.235041
-362.800700
-370.472499
-371.930599
-367.734603
-357.556854
-343.628951
-323.323693
-294.492245
-258.704935
-216.795206
-168.904066
-117.665700
-66.673585
-14.790297
36.621945
85.952963
134.659665
187.391724
241.931166
288.619144
321.560247
343.110732
360.847030
372.493097
376.195737
376.558985
370.869807
354.771955
331.925835
301.888159
262.937886
219.745295
173.724038
125.233957
75.909751
25.941815
-24.610247
-74.425936
-122.344664
-167.070798
-211.630378
-257.415261
-296.388694
-327.572312
-352.413654
-366.896221
-372.715167
-372.752462
-366.570950
-355.058057
-339.808294
-316.946847
-285.911049
-248.128857
-204.264947
-154.997792
-103.566306
-52.299500
-0.197717
50.694261
99.757739
149.316958
203.566040
257.198300
300.725528
329.901831
349.596058
366.069249
375.281572
377.708333
377.009937
368.338312
349.733319
325.291668
292.755195
252.088990
207.926886
160.878386
111.743212
62.150785
11.796270
-38.885389
-88.212660
-135.223014
-179.418155
-224.980456
-269.884723
-306.540557
-336.409978
-358.744349
-370.335749
-374.194554
-372.600215
-364.726612
-352.170127
-335.066319
-309.687342
-276.759693
-237.212862
-191.493205
-140.966858
-89.535883
-37.852696
14.391116
64.795698
113.580908
164.275510
219.282593
270.808935
310.400554
336.110762
355.118683
370.379516
377.300807
378.822940
376.708167
364.931652
344.551631
318.129403
282.750470
240.582909
195.678983
147.742884
98.332337
48.446996
-2.170461
-52.924156
-102.076360
-148.287501
-192.508698
-238.585472
-281.787259
-316.191571
-344.283581
-363.736323
-372.853960
-375.277996
-371.940306
-362.370866
-348.814385
-329.772745
-301.994596
-266.987256
-225.630488
-178.306614
-126.956361
-75.543438
-23.559502
28.281552
78.221560
127.339363
179.593904
234.964234
284.081868
319.650854
342.534610
361.096859
374.154704
378.794330
379.684142
375.234910
360.435077
338.504314
309.966973
272.188016
229.182584
183.418649
134.803738
85.065535
34.726177
-16.421420
-66.840478
-115.310294
-160.830702
-205.482244
-251.897233
-292.787382
-325.342076
-351.677452
-367.915971
-374.774592
-375.669003
-370.634283
-359.759501
-344.991854
-323.497738
-293.618270
-256.902831
-213.756391
-165.032489
-113.324778
-61.790943
-9.366614
42.266335
91.747216
141.346625
195.349114
250.050170
295.743261
327.078445
348.261424
366.228138
377.116714
380.425453
380.577530
373.450688
356.213025
332.613162
301.301309
261.376585
217.563765
170.812947
121.659211
71.768420
21.224022
-29.917785
-80.214228
-128.107412
-172.909328
-218.285492
-264.295850
-302.637815
-333.612817
-357.596534
-370.996509
-376.065629
-375.577211
-368.738856
-356.922661
-340.970073
-317.021438
-284.935236
-246.357407
-201.594319
-151.373148
-99.552870
-47.916004
4.568611
55.590017
104.954072
155.500855
210.713148
263.924769
306.035621
333.698647
353.782688
370.432479
378.915071
381.296703
380.156892
370.048795
350.650549
325.440850
291.625091
250.264747
205.766644
158.099277
108.419997
58.310032
7.461991
-43.771097
-93.385151
-140.470607
-184.992892
-231.170825
-275.736877
-311.667068
-341.372660
-362.680469
-373.463290
-377.093213
-375.023229
-366.490228
-353.560277
-335.704599
-309.328011
-275.493690
-235.232455
-188.746963
-137.726579
-86.015463
-33.985547
18.471820
68.974836
118.182046
170.194251
225.983347
276.665688
314.462866
339.338609
358.905622
373.728446
379.936355
381.726537
378.919670
365.797281
344.723633
317.319632
280.609471
238.207238
192.902088
144.407238
94.678402
44.613566
-6.423337
-57.322638
-106.583323
-152.727876
-197.502204
-244.266817
-286.904744
-320.836817
-348.695857
-366.956166
-375.381708
-377.382892
-373.419523
-363.493477
-349.751030
-329.713821
-300.861597
-265.084335
-223.191977
-175.022568
-123.204333
-71.666922
-19.408124
32.599654
82.725457
132.197993
185.740505
241.255249
288.883448
322.475433
344.977719
363.878182
376.404864
380.818844
381.951332
376.614673
360.875981
338.398388
308.626209
269.596917
226.293291
180.155550
131.191015
81.480742
31.143086
-20.053046
-70.708820
-119.349786
-165.010520
-210.382768
-257.088968
-297.086239
-329.270022
-354.827302
-370.037726
-376.435007
-377.103601
-371.353456
-360.201938
-345.074109
-322.573866
-291.717734
-254.163061
-210.227966
-160.754919
-109.058448
-57.488169
-4.887411
46.416862
95.951898
146.114486
200.903927
254.911014
298.702036
328.780413
349.886077
367.695774
377.772025
381.077358
381.347622
373.349019
355.184759
330.828088
298.251765
257.393973
213.323491
166.113547
116.909913
67.188229
16.488348
-34.830400
-84.875481
-132.623911
-177.706650
-223.858697
-269.458635
-306.838410
-337.306091
-360.176052
-372.562068
-377.094064
-376.063074
-368.567875
-356.493337
-339.728934
-314.549719
-281.674181
-242.371559
-196.799210
-146.298409
-94.731195
-42.916366
9.551900
60.357196
109.761272
161.114761
216.559853
268.563884
308.669124
335.014718
354.934761
371.089663
378.785644
381.196226
379.684823
368.460246
348.533222
322.465386
287.096330
245.016302
200.171130
152.130297
102.663892
52.644355
1.877717
-49.096346
-98.609584
-145.467009
-190.157209
-236.937319
-280.707393
-315.836838
-344.651086
-364.524637
-374.242408
-377.293825
-374.311379
-365.176371
-351.972410
-333.323990
-305.944681
-271.235875
-230.083806
-182.850531
-131.512880
-80.037458
-27.779000
24.296216
74.484008
123.872416
176.761832
232.267720
281.217950
317.118508
340.853078
360.118151
373.879160
379.489320
381.254980
377.446754
363.201073
341.555902
313.235351
275.448561
232.580730
186.814581
138.247183

