-91.439145
-61.913218
-27.255501
8.204154
41.211843
72.399037
103.385959
134.427888
162.926912
188.510418
211.672272
229.562010
241.519042
249.373913
251.533474
249.912398
245.170082
235.596895
221.248865
202.570302
178.779704
150.570359
119.494370
85.597038
45.934916
1.854726
-35.786118
-66.282068
-100.447791
-137.865543
-168.284178
-191.406012
-213.145529
-230.722938
-240.641662
-247.546605
-252.129350
-249.849047
-244.522265
-236.827135
-221.278497
-201.287270
-177.958012
-148.174422
-113.201141
-82.272972
-51.375287
-15.623399
18.870660
51.360812
82.205023
113.444499
144.008739
171.460424
196.376187
218.078239
233.781678
244.555814
250.734431
251.413243
248.980522
242.874452
231.794459
215.965509
195.699249
170.256240
141.162702
109.365497
73.670149
31.631333
-11.344126
-45.556681
-76.433931
-112.732819
-148.693323
-175.911018
-198.591948
-219.815118
-234.539849
-242.833240
-249.567883
-252.164943
-248.246534
-242.864575
-232.674394
-215.295213
-194.484847
-169.201068
-136.915105
-102.838959
-73.259217
-40.283544
-4.388435
29.283251
61.151641
92.151846
123.498780
153.117350
179.684503
203.804289
223.664045
237.487555
246.942554
251.422269
250.917162
247.650828
240.106072
227.407728
210.324526
188.447237
161.429984
131.463323
98.679917
61.271191
17.589842
-23.080621
-54.850067
-87.409701
-125.116110
-158.632994
-183.362280
-205.681665
-225.340469
-237.409558
-244.991098
-251.160519
-251.324347
-246.621200
-240.604707
-227.700642
-208.822148
-187.079396
-159.684420
-125.646080
-93.199015
-63.674109
-29.019628
6.131785
39.095879
70.470401
101.619618
132.844107
161.582402
187.495436
210.608414
228.515863
240.885360
249.109609
251.572302
250.122717
245.727301
236.570665
222.484725
203.840903
180.308989
152.331931
121.571677
87.480375
47.677415
3.565720
-33.681563
-64.289740
-98.908118
-136.369467
-166.727475
-190.072060
-212.242092
-229.647160
-239.453145
-246.652365
-251.506737
-249.513899
-244.605882
-237.200090
-221.910306
-202.213696
-178.924969
-149.049078
-114.610536
-84.357262
-53.463493
-17.785004
16.394002
48.819951
79.861028
111.433438
142.067501
169.690166
195.013966
216.816323
232.593502
243.464708
249.971662
250.930786
248.892307
243.318932
232.628584
217.344931
197.222914
171.857902
142.752102
111.199447
75.702327
33.710854
-9.416001
-43.486868
-74.108158
-110.555887
-146.714619
-174.133267
-196.744033
-218.159131
-233.136415
-241.452966
-248.381751
-251.063619
-247.356040
-242.400169
-232.728039
-215.542827
-195.144585
-170.184033
-138.089487
-104.335717
-75.305871
-42.516674
-6.988219
26.296377
58.137349
89.109625
120.656150
150.550093
177.526133
201.991796
221.988644
236.028433
245.871374
250.431470
250.122547
247.087819
239.956038
227.615833
210.919380
189.299583
162.749972
133.050169
100.278514
62.919344
19.434180
-20.986285
-52.436250
-84.764617
-122.377532
-155.875002
-180.665936
-203.163454
-223.100015
-235.264812
-243.065528
-249.708891
-250.088317
-245.648452
-240.046127
-227.636780
-209.280593
-187.695026
-160.408190
-126.827104
-94.966207
-65.813235
-31.203883
3.531490
36.283902
67.621640
98.788227
129.931143
158.677271
184.962239
208.353145
226.367882
238.762924
247.040646
249.838488
248.774971
244.776692
235.983815
222.393104
204.340219
180.972133
153.333119
122.910738
89.284182
49.751145
5.795615
-31.203542
-61.330284
-95.827920
-133.515767
-163.934401
-187.183448
-209.482738
-227.368389
-237.419435
-244.953803
-250.072990
-248.346840
-243.708406
-236.640487
-221.848828
-202.681167
-179.795027
-150.081600
-115.911790
-86.009843
-55.638381
-20.337445
13.394696
45.613561
76.655149
108.021498
138.615540
166.493825
191.965955
213.839497
229.826484
241.061619
247.734615
248.965706
247.285707
242.173331
232.043607
217.147384
197.493179
172.783477
144.226381
112.851177
77.762604
36.389147
-6.508998
-40.375165
-70.789542
-107.111590
-143.658945
-171.243634
-193.843501
-215.475048
-230.537823
-238.991805
-246.381249
-249.680110
-246.252503
-241.479874
-232.358319
-215.487480
-195.365122
-170.734610
-139.046056
-105.724505
-76.996258
-44.744015
-9.634154
23.186377
54.882765
85.777896
117.090259
146.711043
173.854658
198.491982
218.671901
232.852868
242.817572
247.683866
247.762203
245.265279
238.656827
227.080413
211.030415
189.824615
163.604532
134.407622
102.290256
65.386295
22.332328
-18.114873
-49.414635
-81.271103
-118.869543
-152.804170
-177.712611
-200.112377
-220.581293
-232.936825
-240.727833
-247.564486
-248.427732
-244.174685
-238.885880
-227.030005
-209.032127
-188.003608
-161.095347
-127.923659
-96.169710
-67.689930
-33.962556
0.467641
32.830579
63.977752
94.903878
125.887394
154.615470
180.932794
204.371895
222.709349
235.529457
244.162764
247.340713
246.564661
242.959091
234.870911
222.052506
204.601799
181.860243
154.667241
124.538456
91.335944
52.556821
9.226969
-28.478759
-58.626107
-92.289448
-129.817554
-160.514968
-183.832305
-206.203801
-224.449975
-234.603541
-242.280790
-247.816188
-246.448347
-241.924524
-235.400881
-221.110582
-202.151707
-179.995639
-151.126385
-117.435626
-87.550538
-57.899441
-23.091521
10.358095
42.363746
73.176452
104.110922
134.460245
162.418740
187.996115
210.053410
226.304361
237.824917
245.022263
246.581861
245.052746
240.284715
230.688708
216.502292
197.498458
173.192705
145.138332
114.386593
79.849448
38.961172
-3.726312
-37.852355
-67.908764
-103.598492
-140.051842
-167.872565
-190.320866
-212.156432
-227.641548
-236.284903
-243.810245
-247.460944
-244.535208
-239.884172
-231.366158
-215.145520
-195.526906
-171.436923
-140.301500
-106.998682
-78.608309
-47.397273
-12.473209
20.130532
51.701920
82.277230
113.300255
143.030712
170.124940
194.867849
215.328591
229.767902
240.020411
245.377166
245.598214
243.316037
237.205199
226.129634
210.737331
190.313544
164.684909
135.666813
104.092870
67.963260
25.639193
-15.283823
-46.872241
-77.821527
-114.599296
-149.101189
-174.453088
-196.532863
-217.134953
-230.151245
-238.154105
-245.246206
-246.628523
-242.532832
-237.542221
-226.624353
-208.970989
-188.530513
-162.504571
-129.740919
-97.746508
-69.612946
-36.565236
-2.320324
29.744761
60.922589
91.422626
122.123957
150.914873
177.453245
201.054982
219.516414
232.464756
241.422823
244.931323
244.265795
241.117137
233.582429
221.333674
204.500811
182.469572
155.832257
126.309906
93.666996
55.570432
12.402875
-25.542464
-55.406264
-88.297980
-125.612702
-157.378571
-180.992229
-203.185933
-221.867561
-232.284239
-239.974942
-245.943921
-245.018687
-240.483625
-234.483140
-221.063920
-202.560255
-180.867570
-152.468852
-118.875504
-88.696139
-59.911353
-25.761127
7.640294
39.290019
70.022004
100.484576
130.775997
158.675568
184.449298
206.855876
223.604100
235.171488
242.620196
244.429282
243.092605
238.905123
229.817118
216.297252
198.073217
174.489873
146.749701
116.444656
82.633155
42.773315
0.043937
-35.135405
-64.928872
-99.621841
-136.331490
-165.325063
-187.523365
-209.049157
-225.278820
-234.429836
-241.953645
-246.154240
-243.537085
-238.864081
-230.935642
-215.317862
-195.890495
-172.605174
-142.246655
-108.770302
-79.975980
-49.832889
-15.392133
17.254863
48.716409
79.148837
109.653984
139.260122
166.448525
191.275733
211.966038
226.943152
237.479891
243.423496
243.817738
241.731746
236.253738
225.710358
210.791826
191.032546
166.126830
137.607370
106.508902
71.039030
29.370614
-11.987686
-44.477497
-74.828523
-110.849142
-145.853758
-172.048807
-194.060973
-214.655399
-228.320530
-236.212867
-243.451595
-245.530605
-241.700411
-236.527920
-226.410116
-209.202596
-189.050947
-163.771595
-131.879704
-99.572624
-71.436848
-39.569821
-5.153588
26.835203
58.015585
88.398797
118.770770
147.536482
173.993962
197.889464
216.957331
230.384043
239.512580
243.636029
243.086985
240.193776
233.149018
221.340316
205.129385
183.736597
157.421827
128.157139
96.234935
59.036357
16.380719
-22.777149
-53.384645
-85.209949
-121.859142
-154.691253
-178.628819
-200.190033
-219.495807
-230.794804
-238.315208
-244.542871
-244.492974
-239.995037
-234.077317
-221.549613
-203.236171
-182.083334
-154.803480
-121.573721
-90.505566
-62.250240
-28.975180
4.607609
36.302975
67.120109
97.319228
127.518518
155.594519
181.385619
203.961134
221.269982
233.411959
241.373096
243.699551
242.188488
238.250324
229.534251
216.448988
198.789324
175.891263
148.671014
118.614776
85.420949
46.334437
3.653935
-32.559974
-62.453406
-95.932143
-132.451228
-162.478515
-185.040065
-206.479004
-223.463774
-232.818978
-240.323714
-245.223386
-243.216242
-238.383838
-231.073073
-216.296400
-197.184767
-174.396719
-144.881010
-111.446892
-81.930331
-52.503518
-18.265077
14.495850
45.927082
76.299565
106.590986
136.263541
163.522278
188.534089
209.776163
225.214618
235.859496
242.216928
243.143524
240.938834
235.753911
225.809472
211.582014
192.402090
168.009315
139.701537
109.056916
74.354070
33.619574
-8.167028
-41.899000
-72.054693
-107.138327
-142.702375
-169.955151
-191.621610
-212.535688
-227.186680
-235.329015
-242.472546
-245.396750
-241.942235
-236.724274
-227.376734
-210.800171
-190.786975
-166.148458
-134.872368
-101.747513
-73.322058
-42.383160
-7.985490
24.268627
55.553402
85.584436
115.908555
144.853592
171.347175
195.358140
214.968239
228.881155
238.449914
243.161917
242.779255
239.819629
233.237914
221.785477
206.133979
185.305561
159.627199
130.574022
99.015917
62.748875
20.955120
-19.014393
-50.826413
-81.894909
-118.149349
-152.141537
-177.198138
-198.541198
-218.134778
-230.221919
-237.693276
-244.224242
-245.087998
-240.532841
-234.738418
-223.227910
-205.149821
-183.965479
-157.348939
-124.547652
-92.598370
-64.365183
-31.916584
1.983472
33.699274
64.605134
94.671420
124.938829
153.183256
179.085221
202.156135
219.981670
232.220207
240.528243
243.633815
242.347547
238.385541
230.407374
217.938934
200.732776
178.232023
151.244402
121.532849
88.841575
50.695283
7.992642
-29.835020
-60.098342
-92.528037
-129.111494
-160.609313
-183.611427
-204.929113
-223.024402
-232.959645
-240.041869
-245.280947
-244.050026
-238.947357
-232.069833
-218.246835
-199.230228
-176.937921
-148.196391
-114.487920
-84.034545
-55.343083
-21.408285
11.820963
43.324062
73.762281
103.935684
133.833204
161.324229
186.531884
208.421264
224.578551
235.618012
242.476804
243.727650
241.586992
236.837864
227.284091
213.336774
194.687673
170.864207
142.665931
112.025738
78.096560
38.220712
-4.251344
-39.580039
-69.267750
-103.347812
-139.628308
-168.425185
-190.384729
-211.435556
-227.036306
-235.468830
-242.421116
-245.911564
-242.749282
-237.322365
-229.000534
-213.034834
-193.253074
-169.506754
-138.877971
-105.047567
-75.732129
-45.472383
-11.046273
21.506718
52.757263
82.901716
113.133192
142.430578
169.336285
193.806376
214.224032
228.648015
238.502537
243.853501
243.694101
240.742649
234.601498
223.626750
208.375795
188.154152
162.823371
133.848361
102.440459
66.643442
24.991887
-15.992948
-48.699720
-78.994376
-114.540713
-149.229254
-175.235442
-196.730239
-217.053209
-230.265685
-237.690210
-244.251149
-245.869330
-241.578477
-235.860177
-225.251743
-207.664456
-187.108517
-161.254576
-128.814663
-95.815148
-67.324638
-35.229751
-0.865119
31.288522
62.193700
92.124769
122.417893
150.969028
176.971129
200.615099
219.386986
232.369219
240.943943
244.427919
243.166174
239.529950
231.920651
219.612122
202.934572
181.214299
154.505627
124.724933
92.352458
54.911034
12.429782
-26.604789
-57.589497
-89.314665
-125.835793
-158.417906
-182.200670
-203.468289
-222.205264
-233.091286
-240.332910
-245.974915
-245.446648
-240.465232
-233.978374
-220.847130

