-9.047134
-9.946823
-10.790995
-11.473554
-11.767660
-12.041841
-12.508631
-13.050863
-13.630220
-14.446804
-15.284504
-16.374077
-17.189128
-17.944404
-18.640927
-19.115210
-19.402504
-19.777162
-19.844089
-19.813946
-19.531761
-19.078425
-18.833535
-18.282958
-17.484086
-16.372544
-15.334572
-14.739547
-14.255387
-13.930627
-13.650315
-13.329472
-12.833902
-11.897768
-10.544402
-9.112869
-7.839373
-7.193770
-6.402220
-5.306346
-4.082407
-2.407346
-0.618696
1.280478
3.233467
5.089896
6.436961
7.289307
7.993323
8.706025
9.534529
10.319437
10.786908
11.121375
11.626652
12.182168
12.805802
13.262204
13.510500
14.028719
14.694418
15.549660
16.487156
17.427547
18.416643
19.234249
19.872359
20.280395
20.177024
19.853115
19.487483
19.278186
18.715177
17.924138
16.943898
16.111135
15.350751
14.659166
14.155252
13.778891
13.449703
13.094630
12.186084
10.892664
9.608950
8.274828
6.962674
5.977835
4.830360
3.823042
2.928632
1.892533
0.938007
-0.331402
-1.886402
-3.451450
-4.723583
-5.770922
-6.701606
-7.499456
-8.005074
-8.502177
-8.972883
-9.705680
-10.711976
-11.321477
-11.779240
-11.979682
-12.284688
-12.851954
-13.530254
-14.268160
-15.195438
-16.175508
-17.039776
-17.883607
-18.508945
-18.960067
-19.334384
-19.801174
-19.930261
-19.704103
-19.478457
-19.153697
-18.873726
-18.267632
-17.535005
-16.424656
-15.452419
-14.761346
-14.269522
-13.920920
-13.660533
-13.412237
-12.968608
-12.081521
-10.784183
-9.352650
-8.124794
-7.310425
-6.712164
-5.607094
-4.471540
-2.884354
-0.944989
0.864949
2.908877
4.717112
6.221022
7.135868
7.905960
8.644376
9.485143
10.268859
10.784183
11.198010
11.673144
12.394020
13.037069
13.491767
13.806650
14.279570
14.913934
15.631574
16.647918
17.431293
18.420219
19.229821
19.846984
20.202398
20.151820
19.816331
19.566842
19.242082
18.798624
18.032960
17.088141
16.212974
15.360628
14.649800
14.201232
13.778039
13.422115
12.872049
12.185574
11.000974
9.657315
8.306844
7.083416
6.092446
5.063840
3.875835
2.992834
1.995053
1.140492
-0.148671
-1.602343
-3.128903
-4.535913
-5.671467
-6.490776
-7.346017
-8.060932
-8.404596
-8.824723
-9.753363
-10.647774
-11.272771
-11.696475
-12.057509
-12.300866
-12.760673
-13.385500
-14.172282
-15.092577
-15.980516
-16.978128
-17.840692
-18.463986
-18.953255
-19.223349
-19.586427
-19.880193
-19.768136
-19.373553
-19.059862
-18.806628
-18.305438
-17.577921
-16.535861
-15.478986
-14.765263
-14.215197
-13.856888
-13.663769
-13.376645
-13.093437
-12.279919
-11.101280
-9.613718
-8.229358
-7.343122
-6.772620
-5.884681
-4.667044
-2.996070
-1.355921
0.547682
2.429826
4.439524
6.016493
6.934575
7.692065
8.440188
9.283849
10.138409
10.646582
11.032649
11.552061
12.089355
12.702431
13.344799
13.699532
14.117786
14.790637
15.550171
16.514574
17.403194
18.251794
19.197975
19.820758
20.274775
20.278863
19.885983
19.636324
19.325869
18.767289
18.037728
17.199516
16.325201
15.418700
14.754534
14.048815
13.725928
13.410023
12.931824
12.224231
11.089189
9.738888
8.467436
7.203988
6.179128
5.223410
4.127537
3.159216
2.316747
1.565048
0.350816
-1.239266
-2.850805
-4.094839
-5.308219
-6.236689
-7.111004
-7.713693
-8.154426
-8.721011
-9.479693
-10.279247
-11.030436
-11.596509
-11.946304
-12.281282
-12.674502
-13.337476
-14.100926
-14.932496
-15.772751
-16.780070
-17.752818
-18.423455
-19.001109
-19.326040
-19.792659
-20.004170
-19.954102
-19.663913
-19.349711
-19.149269
-18.674646
-17.831155
-16.738858
-15.838317
-14.955657
-14.418364
-13.926710
-13.689995
-13.366086
-13.031449
-12.211629
-11.066539
-9.632451
-8.241790
-7.288967
-6.705863
-5.808047
-4.712684
-3.190722
-1.397644
0.390325
2.341441
4.209621
5.896091
6.796462
7.627010
8.302416
9.121554
9.934051
10.544573
10.967766
11.381592
11.934042
12.569938
13.221502
13.616255
13.989551
14.511517
15.366759
16.320774
17.208712
18.128157
19.007410
19.917829
20.365204
20.381553
20.019327
19.779546
19.495487
19.050326
18.258435
17.251968
16.477108
15.533141
14.764752
14.174495
13.747726
13.479676
12.976612
12.321642
11.321987
9.848390
8.450917
7.269893
6.242820
5.143711
4.073552
3.110511
2.273491
1.530647
0.357458
-1.185962
-2.740111
-4.101651
-5.214214
-6.146601
-7.064172
-7.601295
-8.098909
-8.604867
-9.240253
-10.229690
-10.914121
-11.538948
-11.847360
-12.258291
-12.592929
-13.271570
-13.999087
-15.028715
-15.973364
-16.927038
-17.924309
-18.659489
-19.161361
-19.556114
-19.965172
-20.110267
-19.920553
-19.814287
-19.478798
-19.229650
-18.593584
-17.697300
-16.711269
-15.780585
-14.984437
-14.183181
-13.832535
-13.436760
-13.218096
-12.773446
-12.152706
-11.103834
-9.652036
-8.272103
-7.278919
-6.826435
-6.018536
-4.768372
-3.434760
-1.697200
0.149182
2.025877
3.902401
5.643538
6.612710
7.374116
8.220502
8.956364
9.699890
10.336808
10.811431
11.232580
11.817047
12.387037
13.088669
13.567890
13.907296
14.412403
15.193054
16.181980
17.043693
17.958369
18.939291
19.720622
20.272221
20.325524
20.109415
19.870826
19.601413
19.192525
18.456153
17.545904
16.633783
15.807663
15.012196
14.394181
14.080490
13.586964
13.092245
12.458733
11.481047
10.066373
8.751154
7.446153
6.374461
5.270754
4.230397
3.293753
2.423014
1.573392
0.599452
-0.987904
-2.584117
-3.951618
-5.205018
-6.194626
-6.983280
-7.634504
-8.119856
-8.609635
-9.217603
-10.048832
-10.832037
-11.424678
-11.786563
-12.140104
-12.476955
-13.181141
-13.883795
-14.735290
-15.535184
-16.577584
-17.556463
-18.355506
-18.941845
-19.289936
-19.826038
-20.086936
-20.026990
-19.807475
-19.514050
-19.262007
-18.898589
-18.065827
-17.180954
-16.190495
-15.341043
-14.616762
-14.109441
-13.862167
-13.528211
-13.172797
-12.468270
-11.702606
-10.015965
-8.611168
-7.446664
-6.838185
-6.073202
-4.885367
-3.663812
-1.783541
0.038828
2.002035
3.977844
5.658695
6.703309
7.473060
8.264780
8.975778
9.688139
10.377169
10.867119
11.277028
11.858429
12.416840
13.064487
13.425010
13.835941
14.299325
15.045064
16.042335
16.849041
17.786707
18.758774
19.609928
20.195927
20.210573
19.962447
19.773415
19.436564
19.133772
18.504688
17.578261
16.737836
15.773433
14.983756
14.526674
14.063631
13.761520
13.181993
12.670585
11.717933
10.362353
8.869341
7.662092
6.550380
5.423512
4.319463
3.306695
2.421481
1.614945
0.587361
-0.862394
-2.533879
-3.984145
-5.238908
-6.205695
-7.017510
-7.744346
-8.266824
-8.768354
-9.226288
-10.102476
-10.914121
-11.562109
-11.870010
-12.036221
-12.467929
-12.974569
-13.578790
-14.356204
-15.220812
-16.239541
-17.332179
-18.096140
-18.643652
-19.128663
-19.574506
-19.913401
-19.928387
-19.778013
-19.437245
-19.238847
-18.865381
-18.061229
-17.194067
-16.058343
-15.225921
-14.630556
-14.223712
-14.022078
-13.620683
-13.250794
-12.752839
-11.713164
-10.296958
-8.735486
-7.571833
-7.003716
-6.110838
-5.037444
-3.793750
-1.955032
-0.070333
1.921654
3.921475
5.584955
6.666183
7.443428
8.418560
9.164299
9.873084
10.583060
11.103153
11.483431
11.843102
12.519870
13.119493
13.517993
13.878345
14.364719
14.878001
15.862840
16.776834
17.588309
18.505199
19.399439
19.966705
19.931623
19.832168
19.608225
19.419193
18.991573
18.395696
17.497540
16.582693
15.697820
15.063286
14.477968
14.032636
13.709239
13.316359
12.791497
11.843784
10.523626
9.097031
7.779428
6.740434
5.641835
4.535913
3.563506
2.702645
1.826627
0.747613
-0.740630
-2.271959
-3.812824
-5.090237
-5.982774
-6.926400
-7.611854
-8.139440
-8.694615
-9.329489
-10.121209
-10.985988
-11.624949
-11.929103
-12.167522
-12.645381
-13.223716
-13.872215
-14.591558
-15.457358
-16.411543
-17.375435
-18.101590
-18.694230
-19.093752
-19.547428
-19.871678
-19.827570
-19.651992
-19.383090
-18.963133
-18.637010
-17.975909
-17.180102
-15.989201
-15.063456
-14.513050
-14.004196
-13.797283
-13.456685
-13.163941
-12.634822
-11.696305
-10.327441
-8.963346
-7.714885
-7.121393
-6.227493
-5.138261
-3.896952
-2.195835
-0.357458
1.702309
3.572873
5.389111
6.633827
7.342781
8.215564
8.913789
9.711981
10.389260
10.899305
11.256933
11.818750
12.474741
13.171094
13.617788
13.938461
14.488527
15.140431
16.135659
16.949517
17.735788
18.749748
19.620146
20.124742
20.186050
20.034484
19.748722
19.494976
19.166470
18.600396
17.674310
16.631399
15.640770
14.967237
14.393500
13.834238
13.502666
13.112852
12.555293
11.697326
10.346685
8.982079
7.778066
6.659201
5.640643
4.460982
3.535407
2.720356
1.865455
0.799894
-0.608138
-2.162627
-3.708601
-5.005598
-5.962338
-6.826605
-7.472890
-8.004563
-8.593968
-9.116275
-9.971346
-10.787930
-11.427573
-11.820112
-12.037073
-12.468270
-13.116598
-13.652870
-14.428752
-15.296255
-16.353301
-17.374924
-18.045562
-18.647398
-19.100223
-19.610950
-19.875424
-19.942352
-19.793510
-19.469602
-19.139392
-18.790449
-18.117258
-17.291478
-16.204630
-15.259811
-14.652695
-14.290128
-13.917174
-13.599566
-13.123410
-12.666328
-11.703287
-10.402714
-8.944614
-7.697174
-7.060937
-6.250995
-5.151033
-3.917728
-2.165181
-0.280993
1.608644
3.514290
5.184412
6.444965
7.127353
8.046116
8.840731
9.604352
10.371208
10.809558
11.235816
11.747735
12.309211
13.029575
13.455493
13.832705
14.350244
15.035016
15.912397
16.763040
17.682484
18.709047
19.553048
20.075526
20.149435
19.956487
19.799641
19.540616
19.159317
18.596990
17.738683
16.741923
15.832867
15.172618
14.534678
14.109101
13.759477
13.289452
12.664284
11.815344
10.431835
9.093625
7.795947
6.774834
5.606243
4.410744
3.589051
2.658197
1.820496
0.917060
-0.551939
-2.146789
-3.565039
-5.008153
-5.979027
-6.838015
-7.575069
-8.032322
-8.617469
-9.114061
-9.883983
-10.867630
-11.389085
-11.741093
-12.035200
-12.468951
-13.017995
-13.622897
-14.402526
-15.240908
-16.291993
-17.249925
-18.026829
-18.686567
-19.257409
-19.535167
-19.816671
-19.861289
-19.687755
-19.547769
-19.090346
-18.787214
-18.230506
-17.316171
-16.210590
-15.185731
-14.622382
-14.190163
-13.787065
-13.444253
-13.102293
-12.671607
-11.701073
-10.410547
-8.830684
-7.637909
-7.047823
-6.240095
-5.152907
-3.914322
-2.289500
-0.498295
1.485007
3.470182
5.169426
6.399155
7.235663
8.001838
8.796624
9.505068
10.366951
10.877677
11.152029
11.659861
12.279749
12.953281
13.419730
13.604675
14.196294
14.875105
15.758787
16.551358
17.488854
18.537385
19.375597
19.936902
20.213468
19.988843
19.821780
19.540616
19.359759
18.820763
17.973695
16.979149
15.985285
15.135152
14.578956
14.001812
13.646228
13.271911
12.773105
11.850766
10.569777
9.229353
7.931505
6.752014
5.645752
4.514967
3.612382
2.723762
1.910414
0.892367
-0.369208
-1.888956
-3.419944
-4.880769
-5.903074
-6.732259
-7.475274
-7.990428
-8.504902
-9.060076
-9.789297
-10.631084

