-22.619963
-22.178377
-21.578925
-20.752805
-19.569397
-18.317529
-17.179762
-16.015768
-14.806475
-13.693741
-12.442725
-11.474746
-10.390622
-9.260178
-8.157151
-6.831884
-5.242995
-3.839561
-2.358811
-0.971385
0.403779
1.871756
2.845015
3.893035
5.079167
6.554978
8.030960
9.022611
9.937457
10.736329
11.471169
12.264252
13.014419
13.909681
14.885834
15.815496
16.618626
17.088481
17.764398
18.620321
19.301006
20.153522
21.032436
21.916798
22.847312
23.791279
24.462598
24.765560
25.045020
25.108371
25.205612
24.889708
24.226904
23.309844
22.400788
21.380186
20.229476
19.051858
17.702069
16.628674
15.675511
14.764922
13.708557
12.542009
11.431660
10.351964
9.306669
8.159365
6.575755
4.706383
2.751521
1.048361
-0.801597
-2.660240
-4.547153
-6.179299
-7.726465
-9.266479
-10.655267
-11.937789
-12.906619
-13.788768
-14.903205
-16.244820
-17.450196
-18.679585
-19.946269
-20.722321
-21.433149
-21.882738
-22.071430
-22.559677
-23.065465
-23.887839
-24.779013
-25.284120
-25.197778
-24.822269
-24.500404
-24.222476
-23.694720
-23.161854
-22.444044
-21.869455
-21.454436
-20.514727
-19.500596
-18.193551
-16.872542
-15.790803
-14.697313
-13.520207
-12.450899
-11.378356
-10.273116
-9.252003
-8.150169
-6.797654
-5.389793
-4.157169
-2.775533
-1.217127
0.080892
1.377038
2.383505
3.496749
4.622596
6.093638
7.475615
8.625303
9.578296
10.425874
11.170421
11.959246
12.752499
13.673135
14.713321
15.685558
16.480514
17.106363
17.648084
18.504858
19.243104
20.053046
20.978451
21.845443
22.795200
23.659638
24.413041
24.752957
25.059836
25.207315
25.241886
24.906056
24.246659
23.396696
22.456816
21.566663
20.439795
19.167662
17.862661
16.801017
15.832015
14.756748
13.814483
12.508631
11.433704
10.341576
9.282316
8.150169
6.654433
4.777738
2.960307
1.156500
-0.555175
-2.349785
-4.202809
-5.849089
-7.399491
-8.894205
-10.185753
-11.498077
-12.538944
-13.592073
-14.558860
-15.771048
-17.012358
-18.255200
-19.412722
-20.266601
-20.951544
-21.584715
-21.875075
-22.261654
-22.680249
-23.601566
-24.430071
-24.963958
-25.093896
-24.835552
-24.374723
-24.216005
-23.969582
-23.285151
-22.599527
-22.192512
-21.662712
-20.800659
-19.776310
-18.635477
-17.264230
-16.068390
-14.936583
-13.850416
-12.678249
-11.541503
-10.550022
-9.539809
-8.357763
-7.071154
-5.489417
-4.112380
-2.801248
-1.332079
0.232458
1.547507
2.578667
3.610168
4.734482
6.090403
7.543734
8.714880
9.689501
10.490417
11.109795
11.898109
12.506247
13.379199
14.319590
15.320778
16.269514
16.931977
17.364366
18.091713
18.895183
19.778524
20.564454
21.481514
22.397212
23.458004
24.263688
24.661166
24.893795
25.096621
25.220428
25.025436
24.392094
23.565803
22.697108
21.602597
20.471471
19.342729
18.060207
16.895533
16.019855
14.991079
13.991424
12.823003
11.490754
10.577440
9.479182
8.374112
6.970848
5.081211
3.263099
1.456567
-0.402417
-2.264466
-3.978525
-5.652394
-7.268531
-8.697339
-10.261706
-11.482920
-12.483767
-13.492278
-14.514753
-15.698842
-16.976084
-18.107380
-19.261326
-20.130532
-20.772730
-21.362986
-21.690130
-21.967718
-22.257566
-23.107699
-24.125065
-24.768625
-24.781908
-24.639198
-24.298259
-24.087599
-23.715666
-23.140396
-22.626434
-22.127799
-21.503653
-20.768983
-19.856521
-18.741574
-17.509971
-16.233240
-15.122380
-14.024121
-12.811933
-11.533839
-10.514941
-9.571995
-8.429119
-7.258313
-5.716426
-4.433734
-2.957923
-1.483985
-0.006131
1.344851
2.346039
3.333943
4.557371
6.004742
7.234131
8.529595
9.537765
10.443245
11.147942
11.919056
12.574366
13.431140
14.302049
15.262365
16.174316
16.849382
17.361641
18.133947
18.834557
19.689969
20.484584
21.283627
22.234065
23.150614
23.998533
24.368763
24.776288
24.969918
25.069032
24.883577
24.360248
23.548433
22.641761
21.669524
20.619461
19.556284
18.294879
17.083543
15.971490
15.126467
14.133964
12.953963
11.733770
10.624783
9.831871
8.679628
7.233109
5.334616
3.493173
1.641682
-0.142370
-2.077477
-3.988062
-5.570991
-7.257802
-8.757455
-10.194438
-11.551891
-12.562956
-13.597522
-14.597518
-15.685729
-17.019851
-18.311909
-19.309180
-20.267282
-21.039929
-21.659306
-22.011314
-22.253139
-22.521530
-23.312909
-24.353777
-25.021349
-25.172744
-24.927344
-24.543660
-24.371488
-23.928710
-23.417132
-22.849696
-22.248711
-21.822793
-20.979983
-20.129510
-18.902336
-17.761162
-16.424656
-15.366077
-14.220476
-13.197490
-12.024471
-10.968787
-10.036230
-8.920942
-7.710968
-6.216764
-4.826784
-3.322363
-1.657179
-0.350135
1.022645
2.104895
3.272465
4.570314
5.911078
7.237196
8.435420
9.737526
10.483435
11.351619
12.041671
12.795585
13.534682
14.345987
15.366077
16.302552
17.018318
17.389400
18.048286
18.971477
19.676685
20.520687
21.368435
22.256885
23.285661
24.143457
24.525438
24.827548
25.169509
25.233030
24.982861
24.497339
23.785489
22.880180
21.943705
20.761830
19.706658
18.474885
17.240729
16.156605
15.204464
14.291831
13.164622
11.901515
10.884830
9.885686
8.838858
7.372584
5.673681
3.842456
2.045291
0.230755
-1.677956
-3.514630
-5.292382
-6.905113
-8.493492
-10.033165
-11.226109
-12.555974
-13.622046
-14.662402
-15.756743
-17.128161
-18.378156
-19.587278
-20.613841
-21.404539
-21.975381
-22.286688
-22.567681
-22.933313
-23.498876
-24.583851
-25.265387
-25.407076
-25.263003
-24.914912
-24.552516
-24.224349
-23.686716
-23.105315
-22.438935
-21.840164
-21.146366
-20.193372
-19.079447
-17.816850
-16.507421
-15.475580
-14.311246
-13.130733
-11.800187
-10.825566
-9.848731
-8.805820
-7.599422
-6.058557
-4.794768
-3.398146
-1.841273
-0.425407
0.923872
2.078499
3.045968
4.280806
5.528075
6.862879
8.119174
9.308543
10.223048
10.918549
11.782306
12.514762
13.410875
14.007432
15.264579
16.154562
17.018999
17.488854
18.124240
19.007921
19.661699
20.583698
21.393810
22.350550
23.290770
24.151972
24.514028
24.794510
25.068351
25.153841
24.893795
24.465663
23.757560
22.795541
21.878311
20.750931
19.639390
18.334559
17.211948
16.127825
15.196630
14.324018
13.077259
11.924846
10.849578
9.933710
8.937631
7.519552
5.742311
4.010882
2.087525
0.371252
-1.470872
-3.381968
-5.101647
-6.836482
-8.413621
-9.660380
-11.075224
-12.179273
-13.334411
-14.239209
-15.316180
-16.626460
-17.994813
-19.055946
-20.047937
-20.876101
-21.537713
-21.947452
-22.200176
-22.519146
-23.189102
-24.177517
-24.992228
-25.265898
-25.175129
-24.763005
-24.451699
-24.224009
-23.812056
-23.274762
-22.537879
-22.093739
-21.419014
-20.593234
-19.470794
-18.083027
-16.869477
-15.680790
-14.446974
-13.220140
-11.954478
-10.968276
-10.051046
-8.958067
-7.696322
-6.325926
-4.936968
-3.572021
-2.066067
-0.648669
0.815392
1.925400
2.937147
4.157169
5.414486
6.924357
8.192914
9.226118
10.072163
10.703972
11.635167
12.393168
13.082368
14.006581
14.972516
16.025816
16.795908
17.212970
17.986298
18.727439
19.408805
20.297255
21.194560
22.167308
23.097822
23.978949
24.422067
24.699484
25.190796
25.315114
25.112799
24.672406
24.041619
23.114681
22.001607
21.039929
19.873551
18.656424
17.466205
16.427551
15.259811
14.437267
13.361318
12.068919
10.921955
9.951591
8.966242
7.463012
5.928619
4.117659
2.338035
0.482116
-1.303128
-3.211328
-5.014283
-6.718125
-8.119345
-9.540149
-10.959421
-12.118135
-13.173137
-14.155933
-15.270540
-16.543695
-17.880542
-19.060203
-20.014218
-20.848342
-21.511997
-21.886485
-22.080626
-22.479125
-23.150785
-24.187224
-24.876765
-25.214127
-25.113651
-24.663551
-24.469069
-24.143628
-23.676327
-23.158789
-22.572620
-21.955626
-21.384103
-20.504338
-19.348860
-18.045902
-16.936575
-15.818562
-14.642647
-13.335092
-12.126820
-11.097704
-10.133982
-9.014266
-7.832050
-6.368671
-5.004065
-3.621067
-2.033029
-0.559262
0.771454
2.122947
3.106764
4.204001
5.315031
6.895065
8.227485
9.211472
10.175535
10.804960
11.644704
12.281282
13.025658
13.850246
14.803069
15.663760
16.552380
16.989027
17.767974
18.551520
19.192014
20.040614
20.887681
21.942002
22.892611
23.792642
24.366719
24.574654
25.007214
25.070906
24.943352
24.487972
23.842880
22.919008
21.952050
20.932470
19.857883
18.597160
17.343589
16.336782
15.324524
14.518159
13.345991
12.040649
10.983944
10.094983
8.989402
7.591418
5.965744
4.140479
2.354213
0.617334
-1.140152
-3.040688
-4.882983
-6.644726
-8.012397
-9.385518
-10.858263
-11.996542
-12.988874
-13.984101
-15.017135
-16.301189
-17.582859
-18.629176
-19.668681
-20.452227
-21.152496
-21.489348
-21.671397
-22.044012
-22.737810
-23.711749
-24.429900
-24.822610
-24.801493
-24.406569
-24.127960
-23.838963
-23.412023
-23.052863
-22.384099
-21.919523
-21.278518
-20.446607
-19.409486
-18.096481
-16.923802
-15.894175
-14.615910
-13.414110
-12.164116
-11.200735
-10.247741
-9.082215
-7.900170
-6.500483
-5.180836
-3.722566
-2.282858
-0.859840
0.552450
1.815557
2.810955
3.916366
5.131619
6.590060
7.959264
9.044409
9.804283
10.608094
11.427232
12.301888
12.907641
13.718605
14.681646
15.605007
16.537564
17.020532
17.717055
18.546411
19.189971
20.022392
20.961761
21.874223
22.842203
23.613998
24.212769
24.449485
24.851390
25.045191
24.887834
24.537018
23.817165
23.012332
22.076879
20.997013
19.940138
18.685375
17.491749
16.404050
15.475750
14.526674
13.386692
12.181486
11.138235
10.204145
9.052583
7.607937
5.954845
4.243851
2.431870
0.623294
-1.156841
-3.027235
-4.888092
-6.601470
-8.010183
-9.456192
-10.784354
-11.949539
-13.023615
-14.088835
-15.139750
-16.478981
-17.701217
-18.903869
-19.789083
-20.653350
-21.403347
-21.638530
-21.951709
-22.280897
-22.796392
-23.872001
-24.701016
-24.941308
-25.071417
-24.657420
-24.375405
-24.140392
-23.651123
-23.243598
-22.572620
-22.015061
-21.567685
-20.598003
-19.518307
-18.311398
-17.176356
-16.057832
-14.911890
-13.701064
-12.428420
-11.452096
-10.423490
-9.309564
-8.155789
-6.890808
-5.350283
-3.873280
-2.371073
-0.815902
0.470195
1.915182
2.944810
3.986359
5.296298
6.746565
8.214031
9.141820
10.081530
10.929619
11.727980
12.499435
13.099228
14.004196
14.863014
15.877656
16.645534
17.073836
17.723356
18.539940
19.226415
19.991909
20.832505
21.811043
22.786345
23.615871
24.180923
24.534634
24.864674
25.100708
24.976901
24.787698
24.146863
23.181098
22.268466
21.282264
20.224367
18.993446
17.600570
16.659498
15.699012
14.750787
13.534342
12.393679
11.346170
10.320970
9.246043
8.010013
6.294421
4.541704
2.677270
1.027414
-0.784057
-2.662965
-4.537446
-6.345681
-7.974761
-9.338856
-10.848386
-12.080159
-13.147252
-14.069591
-15.247209
-16.525643
-17.766101
-18.966879
-20.009620
-20.914589
-21.565982
-21.903004
-22.085564
-22.342035
-22.953238
-23.757049
-24.572611
-24.952548
-25.100027
-24.674279
-24.196931
-23.963281
-23.458855
-22.937400
-22.389037
-21.829435
-21.234410

