-13.272081
-12.741429
-12.344803
-12.050356
-11.756420
-11.592933
-11.502334
-11.151518
-10.350602
-9.297814
-7.960796
-7.113218
-6.262915
-5.463191
-4.610504
-3.329515
-1.733814
-0.349624
1.072373
2.276387
3.478868
4.691226
5.304643
5.833251
6.291866
6.842613
7.272959
7.389784
7.759333
8.420944
9.354183
10.307516
11.044741
11.786222
12.493474
13.075386
13.585261
13.792685
14.370510
15.388046
16.201053
16.954797
17.390932
17.465694
17.370326
17.155239
16.558000
15.571799
14.676026
14.004707
13.660022
13.350759
12.943745
12.480021
12.235641
12.079477
11.983429
11.753355
11.278221
10.837146
10.254894
9.451423
8.405617
7.113900
5.923339
4.872765
3.986188
3.136226
1.890830
0.439201
-1.040867
-2.274854
-3.622600
-4.773991
-5.676065
-6.172657
-6.620543
-7.424184
-8.601972
-9.858097
-10.816540
-11.596680
-12.495688
-13.399465
-13.929776
-14.342410
-14.782633
-14.970984
-15.543870
-16.221149
-16.727107
-17.310551
-17.634119
-18.000432
-18.205302
-18.036195
-17.459222
-16.699859
-16.164950
-15.762023
-15.002659
-14.201062
-13.241257
-12.558188
-12.282303
-11.852980
-11.728321
-11.493819
-11.262383
-10.999441
-10.341406
-9.235144
-8.032322
-7.044928
-6.224258
-5.513089
-4.650014
-3.372090
-1.873289
-0.577314
0.757660
2.148833
3.268889
4.323210
4.969154
5.582230
6.015301
6.612028
7.027388
7.268190
7.639953
8.286578
9.176050
10.103839
10.885000
11.630739
12.391295
13.032300
13.525486
13.895886
14.296429
15.280758
16.145876
16.924313
17.421927
17.532281
17.471824
17.222507
16.740050
15.746525
14.828103
14.143842
13.732740
13.353484
12.953622
12.518678
12.223039
12.164797
12.035200
11.769363
11.329140
10.911567
10.347877
9.471519
8.538961
7.129567
5.911589
4.828657
3.889118
3.015314
1.856089
0.445332
-0.919274
-2.255951
-3.484658
-4.654101
-5.585636
-6.135532
-6.609644
-7.310254
-8.310590
-9.572676
-10.590553
-11.526687
-12.282985
-13.124432
-13.745001
-14.218092
-14.529569
-14.726094
-15.170404
-16.017301
-16.558000
-17.118624
-17.374584
-17.828941
-18.038920
-17.888376
-17.438616
-16.744137
-16.015087
-15.699863
-15.222175
-14.301198
-13.337987
-12.813636
-12.392998
-11.995520
-11.741093
-11.680807
-11.434725
-11.137894
-10.505915
-9.562288
-8.338690
-7.181338
-6.450415
-5.717618
-4.831212
-3.648315
-2.045121
-0.658546
0.582252
1.900366
3.289155
4.391841
5.096367
5.663804
6.143195
6.667886
7.119519
7.341760
7.684742
8.264780
9.043557
10.033676
10.688475
11.449030
12.122733
12.811082
13.443232
13.846500
14.150824
14.984437
15.931640
16.781092
17.210586
17.412220
17.309019
17.229148
16.782454
15.810558
14.869826
14.165980
13.799667
13.500963
13.046605
12.594632
12.333052
12.084416
11.932339
11.847360
11.471169
11.008126
10.538442
9.729862
8.774655
7.494177
6.085123
5.139283
4.163980
3.295285
2.220869
0.745739
-0.630958
-1.961333
-3.363746
-4.604885
-5.442074
-6.003380
-6.546123
-7.116795
-8.327450
-9.523630
-10.526010
-11.483601
-12.313128
-13.171094
-13.854504
-14.220476
-14.555454
-14.768158
-15.118292
-15.844958
-16.477278
-16.918012
-17.086438
-17.522744
-17.924649
-17.883778
-17.335074
-16.750268
-16.153540
-15.783991
-15.203953
-14.373745
-13.545922
-12.848037
-12.313128
-11.940173
-11.781113
-11.683021
-11.553764
-11.195966
-10.637896
-9.710789
-8.435590
-7.151195
-6.391832
-5.752870
-4.910571
-3.821339
-2.261060
-0.900030
0.526905
1.854726
3.100634
4.224607
4.935265
5.495719
6.094660
6.711313
7.002013
7.326603
7.619177
8.225271
9.011371
9.986843
10.737521
11.541333
12.217079
12.882437
13.467414
13.836111
14.159850
14.961788
15.836954
16.677209
17.236131
17.386164
17.427206
17.234598
16.822474
15.813283
14.914445
14.115913
13.667345
13.332537
12.996537
12.584414
12.274299
12.063129
11.972700
11.898960
11.545420
11.054788
10.478156
9.873765
8.963346
7.690021
6.336144
5.198377
4.472733
3.549712
2.424376
0.980071
-0.361204
-1.710994
-2.985341
-4.335982
-5.441053
-5.967787
-6.562642
-7.168906
-8.157662
-9.420770
-10.432516
-11.419569
-12.252671
-13.038601
-13.874940
-14.397587
-14.601946
-14.824016
-15.238864
-15.931129
-16.576052
-17.044033
-17.245327
-17.688956
-18.143654
-18.109253
-17.654385
-16.915798
-16.185045
-15.857560
-15.225751
-14.462812
-13.650826
-12.856041
-12.497391
-12.032475
-11.864049
-11.662245
-11.611155
-11.239733
-10.759830
-9.837151
-8.770057
-7.563659
-6.693431
-6.077290
-5.275011
-4.176242
-2.682039
-1.245737
0.229052
1.742670
2.810614
3.972735
4.736185
5.492994
6.209782
6.728683
7.056679
7.276876
7.797139
8.228166
9.130069
10.014432
10.921444
11.571816
12.187106
12.915475
13.486998
13.893162
14.027187
14.728478
15.843766
16.586781
17.200879
17.469100
17.471313
17.378330
17.000607
16.041313
15.038082
14.379025
13.836452
13.411386
13.042348
12.716225
12.343100
12.164797
11.960779
11.892659
11.619159
11.134659
10.532481
9.858608
9.016650
7.812636
6.442070
5.366291
4.467113
3.614255
2.467973
1.164504
-0.190905
-1.521792
-2.829347
-4.157679
-5.176408
-5.860669
-6.308045
-6.911073
-7.923671
-9.048326
-10.331018
-11.337996
-12.234790
-13.023445
-13.923134
-14.409678
-14.808348
-15.067714
-15.490736
-16.105686
-16.699178
-17.211948
-17.534494
-17.778533
-18.332515
-18.353292
-17.893314
-17.259291
-16.552210
-16.017812
-15.494483
-14.695440
-13.850076
-12.993302
-12.438638
-12.074879
-11.804785
-11.671611
-11.522089
-11.189325
-10.779415
-9.874276
-8.654594
-7.274491
-6.518194
-5.875826
-5.144732
-4.118851
-2.583095
-1.252208
0.147138
1.569986
2.797331
3.925732
4.786423
5.350624
6.007808
6.485496
6.870883
7.141658
7.534197
8.077451
8.759158
9.803261
10.657651
11.491605
11.881420
12.831177
13.355528
13.926370
14.143842
14.765092
15.801191
16.549144
17.262186
17.523936
17.614024
17.482042
17.101935
16.139575
15.125786
14.385666
13.849565
13.379199
13.092756
12.728316
12.333563
12.127331
11.885677
11.780773
11.448520
11.091062
10.556664
9.931496
9.150675
7.831199
6.513936
5.380256
4.530975
3.721033
2.614089
1.279627
0.016860
-1.437323
-2.693960
-4.009008
-5.149160
-5.818946
-6.417377
-6.995201
-7.702964
-8.993660
-10.104179
-11.253016
-12.041841
-12.855530
-13.641289
-14.249086
-14.464174
-14.686244
-15.088831
-15.745844
-16.450882
-16.969953
-17.288242
-17.611810
-17.995323
-18.122026
-17.750093
-17.142807
-16.428743
-15.954460
-15.535695
-14.854840
-14.039959
-13.080154
-12.600933
-12.212481
-12.054273
-11.912414
-11.669908
-11.499269
-10.990415
-10.055474
-8.786746
-7.436786
-6.599426
-5.994354
-5.233969
-4.201617
-2.846888
-1.431533
-0.030654
1.394408
2.638272
3.886393
4.747084
5.350283
5.997249
6.456545
7.011380
7.242135
7.465737
7.933378
8.592435
9.684903
10.575056
11.176211
11.856726
12.510845
13.252326
13.744490
13.933863
14.700038
15.589339
16.336611
17.022065
17.354148
17.466034
17.336777
17.028196
16.150304
15.110118
14.550686
13.993127
13.503517
13.160535
12.879542
12.490238
12.128013
12.075901
11.948347
11.662756
11.252165
10.751826
9.897436
9.177412
8.087329
6.671463
5.502190
4.614592
3.780808
2.554314
1.346043
0.008685
-1.309429
-2.689872
-3.919942
-5.058902
-5.798510
-6.352493
-6.774323
-7.643700
-8.937461
-10.069268
-11.087486
-11.942557
-12.758970
-13.558865
-14.173644
-14.546769
-14.718941
-15.081848
-15.718767
-16.369649
-16.815492
-17.200197
-17.572130
-18.045391
-18.052544
-17.764057
-17.149278
-16.334227
-15.937090
-15.428237
-14.714514
-13.950893
-13.130052
-12.527534
-12.194770
-11.929103
-11.741264
-11.524643
-11.446476
-11.030265
-10.176216
-8.892843
-7.594313
-6.690366
-5.999633
-5.218983
-4.239934
-2.806698
-1.432896
-0.060626
1.389810
2.636228
3.768546
4.872595
5.478518
6.029436
6.430660
7.049867
7.358449
7.522447
8.053098
8.647612
9.661743
10.495186
11.202778
11.829138
12.506076
13.021060
13.567380
13.754027
14.484099
15.422617
16.179085
16.885315
17.240218
17.466034
17.347847
17.063277
16.274282
15.132768
14.438970
13.839347
13.465370
13.108424
12.824706
12.400491
12.180635
12.051037
11.973722
11.681659
11.216232
10.790484
10.106564
9.385177
8.124624
6.663459
5.515133
4.643032
3.701619
2.605234
1.385382
0.038998
-1.271793
-2.579008
-3.817422
-4.996402
-5.892685
-6.527730
-6.914820
-7.664136
-8.986848
-10.110651
-11.092935
-11.949028
-12.735639
-13.607059
-14.183521
-14.406272
-14.636857
-14.915296
-15.578100
-16.197647
-16.629015
-17.035689
-17.444066
-17.867429
-17.900297
-17.643145
-17.061744
-16.315665
-15.836954
-15.347515
-14.684541
-14.024803
-13.112852
-12.612173
-12.201922
-11.968783
-11.850085
-11.635338
-11.520556
-11.193752
-10.239226
-9.038619
-7.689680
-6.843124
-6.167889
-5.341257
-4.358121
-2.978700
-1.625844
-0.173875
1.193626
2.423014
3.664323
4.679476
5.284548
5.871228
6.333419
6.877014
7.210800
7.473060
7.798672
8.563655
9.562629
10.582038
11.197158
11.825902
12.456519
13.073342
13.660874
13.905082
14.549494
15.524115
16.279902
17.007419
17.428909
17.496177
17.396552
16.970124
16.228642
15.094110
14.402185
13.927732
13.477973
13.224568
12.820789
12.489217
12.219293
12.035710
11.959587
11.681659
11.279072
10.832208
10.205678
9.353842
8.174862
6.825924
5.679812
4.754237
3.764118
2.628395
1.331908
0.107118
-1.220022
-2.544437
-3.783873
-4.933732
-5.822693
-6.409713
-6.835972
-7.674353
-8.843797
-10.014091
-11.042016
-11.963333
-12.742962
-13.663258
-14.223031
-14.605011
-14.694248
-15.074015
-15.746525
-16.183513
-16.734941
-17.089844
-17.335245
-17.876455
-18.029043
-17.659494
-17.250606
-16.462462
-15.958548
-15.516792
-14.757259
-14.099564
-13.199023
-12.589182
-12.394360
-11.972870
-11.798484
-11.668546
-11.533839
-11.177574
-10.349751
-9.174688
-7.843120
-7.014104
-6.303787
-5.510875
-4.588876
-3.341436
-1.748630
-0.271627
1.168421
2.454008
3.517866
4.691056
5.326101
5.834443
6.423848
6.965739
7.410220
7.493326
7.901362
8.651529
9.641818
10.571139
11.200394
11.907646
12.486322
13.208219
13.631071
13.811418
14.383793
15.357052
16.155754
16.802720
17.182997
17.381225
17.300674
16.985961
16.242777
15.220131
14.426879
13.910873
13.469458
13.297285
12.970141
12.492963
12.246711
12.135165
12.094975
11.808361
11.250802
10.913440
10.306154
9.477820
8.228847
6.914479
5.782332
4.773310
3.837858
2.905130
1.596553
0.351497
-1.027073
-2.183914
-3.466436
-4.655804
-5.571842
-6.231240
-6.783519
-7.431507
-8.690698
-9.903227
-10.921955
-11.809383
-12.723378
-13.606889
-14.211110
-14.558179
-14.814138
-15.130554
-15.680109
-16.266278
-16.783816
-17.125607
-17.543180
-17.870665
-17.997026
-17.742770
-17.332350
-16.516788
-15.866246
-15.444926
-14.727286
-13.959238
-13.129371
-12.467759
-12.077945

