-11.579139
-11.467593
-10.710614
-9.592261
-8.291347
-7.141658
-6.387234
-5.702121
-4.762071
-3.624133
-2.211503
-0.892878
0.765835
1.947028
3.282172
4.448891
5.184071
5.640473
6.263597
6.828138
7.314682
7.547140
7.830007
8.421796
9.391819
10.559729
11.264767
11.863027
12.611832
13.119834
13.570445
13.980184
14.416320
15.389238
16.145195
16.767808
17.346314
17.354829
17.306634
17.127650
16.521045
15.474217
14.487675
13.929946
13.450384
13.049671
12.908493
12.538092
12.231043
12.132611
12.060234
11.848041
11.370523
11.086634
10.649136
9.979180
8.806161
7.471698
6.249802
5.128554
4.319804
3.377369
2.099786
0.627211
-0.791550
-2.115965
-3.255776
-4.460471
-5.366462
-6.244864
-6.784030
-7.351637
-8.535726
-9.687287
-10.780096
-11.651857
-12.503351
-13.395548
-14.246191
-14.603308
-14.860630
-15.052898
-15.491247
-16.157287
-16.552891
-16.994987
-17.250095
-17.478807
-17.747028
-17.564978
-17.130375
-16.519853
-15.898943
-15.496867
-14.785528
-14.126982
-13.298137
-12.655088
-12.351615
-12.148278
-11.851447
-11.647088
-11.585440
-11.362859
-10.740076
-9.682178
-8.364235
-7.087163
-6.437813
-5.793912
-4.898310
-3.691571
-2.286434
-0.863756
0.526735
1.739945
3.047841
4.244702
4.954338
5.537271
6.003039
6.686960
7.231917
7.515465
7.649830
8.296115
9.203979
10.225603
11.049850
11.654752
12.378352
13.003860
13.481719
13.763053
14.000280
15.039955
15.856028
16.603640
17.127650
17.382247
17.390762
17.150811
16.716889
15.650306
14.751809
13.989721
13.556140
13.327258
13.081346
12.688296
12.348039
12.238877
12.087141
11.831522
11.509827
11.091403
10.624443
9.929453
8.870193
7.411923
6.124122
4.985673
4.283530
3.368344
2.076966
0.607286
-0.739438
-1.935959
-3.216948
-4.261051
-5.391836
-6.019388
-6.498098
-7.150343
-8.244514
-9.597199
-10.715212
-11.476108
-12.358257
-13.285194
-14.092922
-14.515775
-14.623404
-14.941181
-15.481540
-16.036204
-16.443219
-17.026663
-17.228467
-17.457860
-17.661878
-17.579113
-17.221825
-16.470296
-15.967914
-15.527180
-15.062605
-14.260837
-13.451747
-12.750285
-12.532984
-12.191364
-11.967250
-11.833566
-11.772258
-11.637381
-11.063474
-9.962831
-8.628879
-7.374798
-6.591422
-5.925213
-5.030291
-3.924710
-2.422503
-1.000336
0.529970
1.878738
3.150702
4.353694
5.079338
5.603688
6.110498
6.833247
7.374287
7.622583
7.868665
8.521932
9.299517
10.369335
11.152370
11.858089
12.519530
13.029235
13.538429
13.759817
14.172452
15.045745
15.902690
16.704287
17.181635
17.173120
17.218930
16.980001
16.535350
15.532970
14.501980
13.859613
13.453450
13.101442
12.925863
12.494326
12.323345
12.179273
12.113197
11.895214
11.502845
11.056321
10.572331
9.862525
8.854696
7.530110
6.239755
5.047492
4.231078
3.493854
2.246244
0.831059
-0.647647
-1.881293
-3.119707
-4.330533
-5.332572
-6.002358
-6.588527
-7.272448
-8.295434
-9.578466
-10.678598
-11.593444
-12.413263
-13.389077
-14.147418
-14.552729
-14.922959
-14.973368
-15.459572
-16.065666
-16.568899
-16.989027
-17.232725
-17.498391
-17.728635
-17.672777
-17.216546
-16.431808
-15.896218
-15.542677
-14.949015
-14.098031
-13.339860
-12.661730
-12.249436
-11.958906
-11.780262
-11.577777
-11.433363
-11.314835
-10.747910
-9.815693
-8.528743
-7.146427
-6.392343
-5.757127
-5.043234
-4.015139
-2.493007
-1.056024
0.315564
1.741307
2.942426
4.216092
4.970346
5.484479
6.001677
6.605216
7.104874
7.471698
7.710968
8.378540
9.300028
10.334424
11.076416
11.956181
12.590034
13.156278
13.700724
13.918877
14.179093
15.113865
16.036374
16.726596
17.214332
17.200368
17.366750
17.083202
16.580139
15.713658
14.572654
13.869149
13.460091
13.145208
12.962307
12.507098
12.290989
12.155942
12.065853
11.834247
11.581353
11.077949
10.562284
9.929453
8.985485
7.690532
6.364243
5.314180
4.289150
3.512927
2.362047
0.882149
-0.534909
-1.870905
-2.956901
-4.203490
-5.233118
-5.926575
-6.559747
-7.159029
-8.242301
-9.368658
-10.524648
-11.452777
-12.354510
-13.171264
-14.028719
-14.462130
-14.844281
-15.069757
-15.432324
-16.014576
-16.556127
-17.099551
-17.303910
-17.612321
-17.908301
-17.875092
-17.409836
-16.662564
-16.098874
-15.685729
-15.177386
-14.361654
-13.443061
-12.768848
-12.301888
-12.117624
-11.886869
-11.624609
-11.432852
-11.371544
-10.854857
-9.995188
-8.684567
-7.352659
-6.411927
-5.857944
-5.013943
-4.030977
-2.684934
-1.385723
-0.000170
1.348087
2.800056
4.012755
4.743849
5.458253
6.093979
6.799187
7.320983
7.268190
7.599081
8.202962
9.185757
10.130405
10.994162
11.578798
12.376479
12.857744
13.476780
13.880559
14.137200
14.765433
15.637364
16.580139
17.140933
17.276321
17.246178
17.105511
16.775472
15.888214
14.754534
14.059714
13.529062
13.242790
12.959923
12.665136
12.412923
12.170928
12.143169
11.952775
11.604854
11.239222
10.721173
10.103668
9.162085
7.864067
6.461654
5.334445
4.456214
3.557035
2.564703
1.084805
-0.290700
-1.718317
-2.884695
-4.094669
-5.184582
-5.923850
-6.453480
-7.122585
-8.220332
-9.361846
-10.531970
-11.481728
-12.363366
-13.331686
-14.095136
-14.523097
-14.841216
-14.990398
-15.311582
-15.938623
-16.467401
-16.950028
-17.216376
-17.383950
-17.686231
-17.736469
-17.284325
-16.644171
-15.937431
-15.544040
-15.088660
-14.298303
-13.497557
-12.727635
-12.321983
-12.083394
-11.772599
-11.716570
-11.543206
-11.456864
-11.018685
-10.053941
-8.869341
-7.527896
-6.472554
-5.864246
-5.051579
-4.183395
-2.642018
-1.296316
-0.033889
1.431193
2.716609
4.002537
4.803283
5.411250
5.862202
6.475278
6.998607
7.377182
7.582733
8.189508
8.972543
9.969303
11.013576
11.774642
12.295927
12.975591
13.541494
13.916322
14.147758
14.823505
15.689645
16.617434
17.227786
17.310381
17.294373
17.075368
16.820260
15.912397
14.913082
14.056138
13.623749
13.231380
12.923138
12.618133
12.273618
12.156623
11.959417
11.863538
11.534521
11.190517
10.710103
10.114227
9.187290
8.036750
6.609985
5.491631
4.499810
3.721544
2.499989
1.111882
-0.312839
-1.602343
-2.881799
-4.084281
-5.172661
-5.954334
-6.427254
-7.080351
-8.112703
-9.368999
-10.445288
-11.347532
-12.270382
-13.173989
-13.949530
-14.614718
-14.833042
-15.031440
-15.359436
-15.956163
-16.576392
-17.018148
-17.107555
-17.422097
-17.949513
-17.863512
-17.448323
-16.653878
-16.181469
-15.804938
-15.292338
-14.482737
-13.438123
-12.780258
-12.394871
-12.036732
-11.796100
-11.568751
-11.406796
-11.270898
-10.771922
-10.024990
-8.931501
-7.552419
-6.541014
-5.852836
-5.128043
-4.135541
-2.684934
-1.468488
-0.100647
1.350471
2.610683
3.897633
4.765306
5.279269
5.926575
6.537097
7.060596
7.308040
7.735661
8.319105
9.066207
10.067906
11.044741
11.812789
12.395723
13.013738
13.620172
13.965539
14.113528
14.848879
15.785864
16.529560
17.228978
17.374413
17.341375
17.238515
16.983747
15.988009
14.872040
14.133283
13.746875
13.147933
12.892314
12.800864
12.423822
12.321132
12.153046
12.037413
11.632953
11.271409
10.784524
10.065351
9.235995
8.112192
6.615094
5.404609
4.502535
3.637246
2.437489
1.076290
-0.217983
-1.556192
-2.758503
-4.133497
-5.028248
-5.831548
-6.374632
-7.016318
-8.041859
-9.251152
-10.460956
-11.410883
-12.280430
-13.134309
-14.015266
-14.581851
-14.931134
-15.142134
-15.449865
-16.185897
-16.787563
-17.180954
-17.450878
-17.672777
-18.007926
-17.825876
-17.444236
-16.786030
-16.042846
-15.717575
-15.112162
-14.382090
-13.541324
-12.727806
-12.233598
-12.023619
-11.790821
-11.720998
-11.472191
-11.315516
-10.900668
-9.963172
-8.745193
-7.470506
-6.569794
-5.871568
-5.264963
-4.062823
-2.755948
-1.314027
0.027078
1.433747
2.658537
3.810099
4.704850
5.374466
5.911929
6.486348
6.938321
7.256269
7.548673
8.208581
8.922645
9.952954
10.837657
11.677572
12.313979
12.890100
13.541494
14.060055
14.064142
14.771734
15.830653
16.541822
17.207861
17.304080
17.358405
17.107895
16.912733
15.930959
14.811414
14.087813
13.510670
13.099568
12.771402
12.522084
12.333904
12.085097
11.984450
11.782646
11.497395
10.995865
10.549000
9.986673
9.109122
7.945469
6.526879
5.412953
4.548686
3.733805
2.560956
1.190220
-0.161273
-1.408543
-2.734321
-3.986870
-4.888092
-5.698374
-6.213358
-6.872075
-7.856233
-9.257112
-10.403054
-11.367117
-12.298312
-13.020550
-13.869660
-14.464004
-14.926706
-15.027182
-15.432153
-16.091381
-16.609601
-16.938959
-17.197984
-17.476933
-17.811401
-17.806973
-17.341716
-16.699518
-16.077587
-15.590361
-15.161208
-14.427049
-13.610465
-12.816020
-12.435913
-11.981215
-11.829989
-11.830500
-11.530433
-11.428935
-10.954653
-10.108096
-8.945635
-7.519722
-6.662437
-5.907672
-5.091940
-4.064866
-2.680506
-1.306364
0.074761
1.468999
2.869538
4.041195
4.898650
5.504063
5.972045
6.516661
7.015978
7.387570
7.714033
8.177928
8.988551
10.045597
10.896070
11.618478
12.286901
12.923820
13.509137
13.871874
13.999769
14.580318
15.540974
16.260999
17.054422
17.122882
17.280749
17.029047
16.745499
15.865224
14.809881
14.165810
13.579811
13.233083
13.012886
12.749434
12.571982
12.177059
12.140444
12.088503
11.824540
11.344978
10.802576
10.194778
9.331363
8.057867
6.611007
5.495208
4.632132
3.732954
2.581903
1.108135
-0.142200
-1.663140
-2.877712
-4.058565
-5.083084
-5.750486
-6.276710
-6.906305
-7.876839
-9.207896
-10.360479
-11.371374
-12.144532
-12.971674
-13.876302
-14.420067
-14.793362
-15.019008
-15.401329
-16.092062
-16.616413
-16.997031
-17.444066
-17.572641
-17.926182
-17.828090
-17.442703
-16.832863
-16.164439
-15.692370
-15.159675
-14.435053
-13.713155
-12.878861
-12.361322
-11.907135
-11.919567
-11.721168
-11.590719
-11.420931
-11.115585
-10.223559
-8.992979
-7.634674
-6.786415
-6.130593
-5.289657
-4.337856
-2.913816
-1.510382
-0.178473
1.238585
2.614600
3.757477
4.698379
5.397967
5.906650
6.436280
6.968975
7.400513
7.782493
8.197001
8.920091
9.909868
10.920933
11.651516
12.372902
12.908152
13.315507
14.006751
14.121703
14.703274
15.653883
16.372544
16.984088
17.250095
17.334052
17.087630
16.776323
16.050509
14.928409
14.278037
13.566528
13.157129
12.990747
12.631757
12.365069
12.184722
12.099402
12.061766
11.761359
11.316197
10.809047
10.344301
9.487186
8.275679
6.908349
5.760023
4.839557
4.000323
2.815213
1.554659
0.116655
-1.260723
-2.544437
-3.877538
-4.945312
-5.713020
-6.378038
-6.925379
-7.757630
-8.935077
-10.223729
-11.296613
-12.027536
-12.822492
-13.656787
-14.317206
-14.697143
-14.951740
-15.167339
-15.694414
-16.370501
-16.771555
-17.020532
-17.183168
-17.611129
-17.678567
-17.302888
-16.899620
-16.176871
-15.530416
-15.200206
-14.541149
-13.758455
-12.981721
-12.336458
-12.104341
-11.922802
-11.825391
-11.660712
-11.490073
-11.243990
-10.567904

