-11.060749
-12.210608
-12.946469
-13.509478
-14.021226
-14.418364
-15.033313
-15.714169
-16.322817
-17.064469
-17.798798
-18.592903
-18.943037
-19.454105
-19.517967
-19.625255
-19.875935
-20.080464
-19.864525
-19.467899
-18.924134
-18.452747
-17.856359
-17.025811
-15.970128
-14.912912
-14.411722
-14.007943
-13.329131
-12.605701
-11.750289
-10.845661
-9.874957
-8.481571
-7.207564
-5.970342
-4.687990
-3.733976
-2.633333
-1.492330
-0.518731
0.132833
0.878232
2.009187
3.136226
4.363741
5.626168
6.513766
7.295949
8.194617
8.962665
9.580510
10.004384
10.785205
11.646748
12.555293
13.183526
13.751132
14.425005
15.048981
15.973364
16.849722
17.607893
18.372536
19.219262
20.038571
20.704780
20.845447
20.862307
20.482370
20.266601
20.013196
19.146204
18.267121
17.251628
16.405242
15.594789
14.777013
13.813291
13.122388
12.275491
11.427913
10.262728
8.935077
7.811785
6.624631
5.568607
4.518543
3.314359
2.276897
1.227004
0.072718
-1.329524
-2.928461
-4.313333
-5.546979
-6.273644
-6.942068
-7.693257
-8.498430
-9.079320
-9.815693
-10.809558
-11.858259
-12.730871
-13.351611
-13.840539
-14.185735
-14.926876
-15.622037
-16.236135
-16.901152
-17.656258
-18.371684
-18.924986
-19.345284
-19.463641
-19.472667
-19.676174
-19.739355
-19.723518
-19.239017
-18.707003
-18.203769
-17.756905
-16.831841
-15.864543
-14.927047
-14.323166
-13.948679
-13.372047
-12.645892
-11.837142
-11.099577
-10.324717
-8.857250
-7.604020
-6.361178
-5.162614
-4.083599
-3.015825
-1.978874
-0.915357
-0.287805
0.558410
1.492671
2.718653
4.068783
5.267859
6.183386
7.025344
7.943596
8.726801
9.365252
10.003873
10.693925
11.537756
12.427739
13.192041
13.637883
14.264413
14.925003
15.919038
16.807658
17.484767
18.189124
19.142798
20.063775
20.581143
20.856176
20.605326
20.521028
20.354305
19.946950
19.167491
18.139907
17.131567
16.381741
15.622888
14.755896
13.863870
13.128178
12.561934
11.608941
10.374784
9.249619
8.168391
6.871223
5.884511
4.839727
3.725631
2.607618
1.496587
0.501190
-0.935793
-2.536774
-4.122938
-5.255086
-6.070989
-6.716762
-7.585117
-8.237021
-8.948871
-9.745019
-10.791506
-11.923483
-12.884651
-13.519355
-14.016628
-14.400142
-15.027353
-15.733412
-16.353130
-17.086608
-17.798969
-18.550498
-19.056116
-19.413914
-19.577401
-19.604479
-19.802707
-19.921064
-19.820418
-19.312756
-18.754857
-18.299137
-17.716374
-16.837461
-15.935217
-14.929261
-14.310735
-13.797113
-13.248069
-12.612683
-11.814322
-11.090381
-10.210957
-8.876494
-7.586820
-6.219319
-5.030121
-4.153081
-3.062146
-2.040182
-0.959975
-0.302792
0.405482
1.472405
2.675227
3.932033
5.181006
6.057875
7.030623
7.898808
8.756433
9.449550
9.981224
10.646582
11.525835
12.385845
13.186932
13.720308
14.361313
14.923811
15.843425
16.907283
17.543350
18.333197
19.103800
19.989354
20.576375
20.715339
20.631041
20.538909
20.297255
19.903353
19.186224
18.177373
17.174993
16.314643
15.612159
14.691183
13.922112
13.195617
12.343781
11.645726
10.433027
9.207726
7.989236
6.845508
5.766153
4.744700
3.575938
2.414669
1.401390
0.409058
-1.042911
-2.747434
-4.206726
-5.326441
-6.218808
-6.940195
-7.694108
-8.401700
-9.181670
-9.901183
-10.836124
-11.940002
-12.842417
-13.576405
-14.054264
-14.307840
-14.953954
-15.585082
-16.331502
-17.069578
-17.624583
-18.296412
-18.940653
-19.234930
-19.465515
-19.443376
-19.658974
-19.800152
-19.714492
-19.293342
-18.812588
-18.285343
-17.763547
-16.858067
-15.851259
-14.915466
-14.385326
-13.679096
-13.204643
-12.550695
-11.693920
-11.043208
-10.255916
-8.881773
-7.547310
-6.266662
-5.050557
-4.182202
-2.981254
-1.955032
-0.926086
-0.124659
0.488588
1.515661
2.714055
4.009349
5.276544
6.146261
7.098232
7.953644
8.727312
9.398290
9.994677
10.555472
11.349406
12.256759
13.082368
13.680458
14.284168
14.992271
15.659162
16.637359
17.420735
18.087626
18.889393
19.704103
20.481518
20.626954
20.550489
20.444223
20.169701
19.793510
19.053902
18.223524
17.174482
16.298294
15.527010
14.810562
13.949530
13.307163
12.436935
11.602300
10.552917
9.347371
8.161579
6.940195
5.985328
4.911423
3.723928
2.591099
1.627888
0.669275
-0.740801
-2.380099
-3.968137
-5.148649
-5.921466
-6.716422
-7.448878
-8.342266
-9.066377
-9.778568
-10.657992
-11.825391
-12.813977
-13.625111
-14.116253
-14.498745
-14.992101
-15.748739
-16.337633
-17.069408
-17.738853
-18.600055
-19.230332
-19.594942
-19.571100
-19.571441
-19.795213
-19.770179
-19.548110
-19.050837
-18.542664
-18.442358
-17.772913
-16.894000
-15.708038
-14.800514
-14.094795
-13.718264
-13.086285
-12.584244
-11.708226
-10.896581
-10.150841
-9.037937
-7.778917
-6.347895
-5.085639
-4.181010
-3.252200
-2.194473
-1.115629
-0.345877
0.256470
1.273326
2.379247
3.715924
4.929645
5.924872
6.909030
7.690362
8.612701
9.332555
9.913104
10.597706
11.336463
12.274981
13.074023
13.672965
14.225926
14.921597
15.789270
16.730172
17.657280
18.303905
19.162212
19.929920
20.633766
20.843063
20.757743
20.625932
20.487309
20.025969
19.227607
18.316507
17.247370
16.292334
15.480859
14.590706
13.834408
13.130392
12.333734
11.589016
10.565519
9.276697
8.096184
6.881271
5.855220
4.912615
3.761053
2.592972
1.693964
0.652586
-0.551428
-2.170801
-3.771782
-4.951784
-5.855901
-6.519045
-7.298504
-8.105891
-8.781808
-9.676899
-10.589361
-11.683532
-12.696981
-13.361999
-14.002323
-14.423132
-14.871018
-15.610797
-16.249418
-17.086949
-17.597335
-18.388374
-19.157103
-19.455126
-19.620487
-19.602435
-19.814457
-19.883769
-19.890751
-19.469942
-18.903187
-18.329450
-17.765250
-16.882760
-15.924317
-14.968429
-14.106716
-13.549158
-13.147082
-12.425184
-11.620011
-10.821138
-10.104350
-9.010519
-7.726976
-6.347724
-5.064351
-4.187311
-3.180844
-2.170290
-1.049553
-0.359161
0.316075
1.152073
2.357789
3.559589
4.803794
5.824566
6.738731
7.653407
8.396421
9.205512
9.773118
10.473898
11.256082
12.224742
13.049841
13.766629
14.244659
14.951910
15.634128
16.621692
17.358916
18.118109
18.973351
19.908633
20.569222
20.854473
20.741224
20.561729
20.452057
20.021881
19.265924
18.302713
17.372881
16.408137
15.533652
14.683689
13.851949
12.904916
12.180465
11.342253
10.339703
9.067740
7.793392
6.636211
5.730050
4.646948
3.250837
2.248628
1.321861
0.475815
-0.934431
-2.554144
-4.085302
-5.295617
-5.941561
-6.683213
-7.496050
-8.123432
-8.824212
-9.562629
-10.461467
-11.536905
-12.480702
-13.412578
-14.080490
-14.449699
-14.914274
-15.560559
-16.296421
-17.024279
-17.603125
-18.557651
-19.232035
-19.587960
-19.784314
-19.823994
-19.994804
-20.209210
-20.031418
-19.658634
-19.164767
-18.764394
-18.019676
-17.119646
-16.197136
-15.209573
-14.388221
-13.824531
-13.353143
-12.668031
-11.798143
-11.014427
-10.343109
-9.112528
-7.716588
-6.402561
-5.060434
-4.103524
-3.147296
-2.033200
-0.908545
-0.267029
0.343834
1.326459
2.583776
3.580366
4.855394
6.044422
6.838356
7.743325
8.496727
9.262902
9.758472
10.448183
11.197158
11.995350
12.913602
13.669389
14.141628
14.791318
15.655415
16.597509
17.346144
18.176011
19.179072
20.056111
20.782607
20.954609
21.110092
20.945924
20.757573
20.434686
19.749062
18.886498
17.786367
16.902515
16.069923
15.255042
14.340196
13.499090
12.657472
11.849914
10.860137
9.419577
8.164815
6.976979
5.901371
4.835980
3.606251
2.644914
1.615456
0.618867
-0.618185
-2.345869
-3.894227
-5.207232
-6.090573
-6.746054
-7.392338
-8.163112
-8.887563
-9.727819
-10.559559
-11.582885
-12.595824
-13.293028
-13.837303
-14.278208
-14.771734
-15.410185
-16.248226
-16.741923
-17.550673
-18.290281
-19.013371
-19.428560
-19.659996
-19.819396
-19.987822
-20.066500
-20.040444
-19.741740
-19.340345
-18.892629
-18.315656
-17.408814
-16.522748
-15.518154
-14.797790
-14.179775
-13.659852
-13.042007
-12.088844
-11.152881
-10.591234
-9.367807
-7.859128
-6.555830
-5.161081
-4.242829
-3.147977
-2.141339
-0.918422
-0.219515
0.421831
1.462868
2.511059
3.737041
4.890135
5.982944
6.937470
7.688488
8.505413
9.175539
9.774310
10.267837
11.052234
11.916331
12.785367
13.424158
13.903550
14.584746
15.430961
16.382762
17.132418
17.881734
18.768992
19.728797
20.365034
20.650796
20.831823
20.737137
20.628486
20.336424
19.735438
18.670389
17.710413
16.779729
16.000952
15.366588
14.510666
13.720989
12.792519
12.069430
10.947670
9.594815
8.406128
7.283688
6.224258
5.121742
3.875153
2.732618
1.790864
0.732797
-0.572375
-2.175740
-3.855569
-5.108288
-5.979879
-6.617478
-7.384334
-7.967949
-8.704151
-9.638923
-10.350091
-11.410543
-12.353659
-13.139418
-13.680799
-13.974564
-14.567375
-15.103476
-15.756403
-16.442026
-17.116751
-17.908982
-18.609932
-19.044025
-19.165277
-19.295045
-19.545215
-19.729478
-19.766773
-19.513539
-19.047941
-18.538237
-17.918178
-17.159837
-16.209909
-15.177727
-14.522076
-14.020715
-13.459410
-12.763228
-11.909860
-11.097363
-10.441031
-9.340048
-7.965054
-6.640298
-5.211660
-4.283019
-3.104040
-2.161264
-0.969853
-0.212193
0.456231
1.502378
2.554314
3.760712
5.020925
6.095852
7.093804
7.676567
8.569104
9.339707
9.887559
10.407822
11.066369
11.929785
12.785026
13.385330
13.858421
14.523097
15.358584
16.189984
16.948325
17.602103
18.628154
19.370317
20.116568
20.505360
20.508255
20.515067
20.400626
20.078761
19.394159
18.478802
17.556293
16.579798
15.932322
15.205656
14.311416
13.544389
12.725421
11.929103
10.891472
9.574379
8.370025
7.246562
5.994354
5.017860
3.770590
2.729041
1.762424
0.736713
-0.551428
-2.175059
-3.740617
-5.062137
-6.121908
-6.764446
-7.503714
-8.085455
-9.021929
-9.727478
-10.603666
-11.596680
-12.686934
-13.404744
-13.934885
-14.277526
-14.848539
-15.451397
-16.006572
-16.661882
-17.221144
-17.975909
-18.665791
-19.079787
-19.240720
-19.382068
-19.548620
-19.649778
-19.658974
-19.477776
-19.046579
-18.560546
-17.931802
-17.247200
-16.382762
-15.419381
-14.603819
-14.133113
-13.577257
-13.075215
-12.409346
-11.317219
-10.676214
-9.582724
-8.176906
-6.921973
-5.612714
-4.512583
-3.451790
-2.465759
-1.325437
-0.410591
0.287976
1.409054
2.364431
3.624303
5.022458
6.041527
7.008144
7.907833
8.759328
9.575060
10.168042
10.620696
11.256763
12.189150
12.954303
13.519355
14.028549
14.705658
15.476942
16.315324
16.993114
17.761162
18.553564
19.422259
20.137685
20.421403
20.509788
20.467554
20.272561
20.056452
19.499234
18.654210
17.575026
16.551018
15.881402
15.135152
14.358589
13.530425
12.732574
11.895725
11.006594
9.746552
8.425542
7.263592
6.237371
5.267348
3.998450
2.893720
1.973084
0.781161
-0.382832
-1.801763
-3.498622
-4.894393
-5.960805
-6.673336
-7.302420
-8.115258
-8.828810
-9.665830
-10.461637
-11.396749
-12.469462
-13.289792

