-14.950378
-15.610627
-16.084909
-16.768319
-17.360789
-18.069744
-18.661192
-19.092219
-19.393819
-19.476073
-19.653014
-19.820588
-19.699846
-19.529377
-19.041640
-18.514395
-17.984424
-17.227445
-16.157797
-15.184028
-14.372894
-14.022759
-13.460943
-12.738194
-11.842251
-11.028051
-10.326079
-9.317739
-7.971866
-6.797825
-5.583593
-4.655123
-3.509521
-2.528599
-1.351322
-0.508342
0.157867
1.112052
2.173526
3.378562
4.718985
5.810431
6.613050
7.560253
8.545773
9.340388
10.006768
10.605540
11.320625
12.217590
13.014589
13.589859
14.133794
14.995847
15.636342
16.407796
17.192023
17.919200
18.734762
19.688095
20.364864
20.725727
20.714828
20.558664
20.444053
20.159483
19.618784
18.562930
17.542328
16.589335
15.811239
15.019519
14.075722
13.373750
12.617111
11.846338
10.854857
9.567397
8.302586
7.272448
6.169932
5.168234
3.928457
2.807208
1.887764
0.955377
-0.212533
-1.716443
-3.261226
-4.723242
-5.759171
-6.475789
-7.248436
-7.980040
-8.714880
-9.558712
-10.460615
-11.599404
-12.612854
-13.293198
-13.944932
-14.489208
-15.045745
-15.652691
-16.208036
-16.819579
-17.435721
-18.218245
-18.898249
-19.166470
-19.395351
-19.518137
-19.533975
-19.735779
-19.673279
-19.327402
-18.772057
-18.290452
-17.816850
-17.065321
-16.162395
-15.026501
-14.327424
-13.811248
-13.336114
-12.644189
-11.718443
-10.988372
-10.392155
-9.347541
-8.084093
-6.894895
-5.637578
-4.607780
-3.520932
-2.490623
-1.531839
-0.745910
-0.140497
0.892878
1.923186
3.232615
4.507644
5.762918
6.688493
7.584946
8.448873
9.382452
9.974582
10.587147
11.405604
12.168373
13.017484
13.636180
14.236484
15.091555
15.782969
16.580309
17.431634
18.096822
19.038405
19.854477
20.574842
20.857709
20.697968
20.506552
20.370654
20.122187
19.471645
18.381902
17.365558
16.436747
15.648603
14.864206
13.930287
13.224908
12.410539
11.560917
10.653734
9.445293
8.236851
7.063491
6.067583
5.002022
3.933396
2.852167
1.824754
0.954185
-0.154631
-1.717465
-3.235000
-4.758324
-5.654267
-6.466423
-7.087503
-7.827963
-8.578982
-9.369339
-10.354349
-11.459759
-12.579305
-13.285364
-13.871534
-14.387369
-14.903205
-15.695265
-16.371012
-17.018318
-17.567022
-18.278020
-18.898589
-19.402163
-19.561052
-19.745997
-19.867080
-19.974027
-19.944906
-19.546066
-19.053050
-18.618277
-18.030916
-17.119987
-16.128336
-15.073163
-14.230013
-13.754538
-13.218948
-12.568746
-11.710780
-10.804279
-10.058710
-9.042536
-7.719483
-6.650346
-5.368846
-4.227161
-3.244025
-2.242327
-1.195499
-0.539167
0.100987
1.101664
2.111026
3.334965
4.673856
5.654097
6.581715
7.525342
8.480379
9.353331
9.900161
10.522945
11.354855
12.185063
12.882607
13.529573
14.139925
14.890432
15.693051
16.499077
17.113004
18.007585
18.964665
19.745316
20.577056
20.956653
20.841871
20.717553
20.559856
20.284312
19.634451
18.570764
17.561913
16.642298
15.697820
14.847347
13.994489
13.415303
12.517997
11.689152
10.647093
9.367807
8.086136
6.994861
5.918571
4.887240
3.810440
2.680676
1.579012
0.609330
-0.447035
-1.971381
-3.480230
-4.875490
-5.785908
-6.425381
-7.258994
-7.909877
-8.589200
-9.316206
-10.171958
-11.377335
-12.403897
-13.132266
-13.603824
-14.188290
-14.760324
-15.308516
-15.941518
-16.693388
-17.228808
-18.046073
-18.706662
-19.022737
-19.392286
-19.431625
-19.708020
-19.945417
-19.819055
-19.525460
-18.957683
-18.556799
-18.035173
-17.280919
-16.279391
-15.156269
-14.492955
-13.921772
-13.401338
-12.705667
-11.857237
-10.941029
-10.191202
-9.084088
-7.751329
-6.581204
-5.342620
-4.381112
-3.248113
-2.314363
-1.217978
-0.317097
0.333616
1.219341
2.284220
3.487042
4.814523
5.801065
6.774153
7.691383
8.627006
9.356907
10.016305
10.608605
11.245864
12.212311
12.918540
13.551712
14.021056
14.768498
15.596833
16.381230
17.152514
17.786537
18.688611
19.575528
20.352432
20.759617
20.610775
20.358052
20.227773
20.208529
19.683157
18.625430
17.753669
16.746691
15.879188
15.070098
14.137711
13.450384
12.611321
11.835269
10.841063
9.625810
8.363553
7.222039
6.063325
5.111524
3.932033
2.833945
1.824072
0.795637
-0.287805
-1.783541
-3.536769
-4.851818
-5.930151
-6.571668
-7.468973
-8.145911
-8.786576
-9.624958
-10.338851
-11.559895
-12.478999
-13.347694
-13.865232
-14.285190
-14.819758
-15.447821
-16.044378
-16.754525
-17.238855
-17.922095
-18.616574
-19.045898
-19.307477
-19.279378
-19.566161
-19.828933
-19.793851
-19.539595
-18.976075
-18.606186
-18.242427
-17.341716
-16.226087
-15.067373
-14.554092
-14.117275
-13.627665
-12.920754
-11.997393
-11.112860
-10.412080
-9.534700
-8.153915
-6.937129
-5.595003
-4.600286
-3.524678
-2.564703
-1.453672
-0.704357
-0.018903
0.866992
1.992839
3.357104
4.682030
5.751337
6.705863
7.652555
8.618832
9.577785
10.058710
10.746207
11.548315
12.390784
13.105358
13.671943
14.275994
14.947993
15.692541
16.587632
17.293181
18.025296
18.751621
19.570078
20.490033
20.829780
20.784480
20.682641
20.514727
20.347663
19.781760
18.822636
17.732212
16.887188
15.936749
15.147243
14.417853
13.618980
13.004882
12.079988
11.213677
10.007790
8.833919
7.547481
6.425210
5.520412
4.271780
3.188338
2.042907
1.067945
0.092472
-1.444306
-3.201280
-4.641499
-5.611181
-6.376335
-7.295779
-8.013419
-8.738892
-9.566545
-10.368824
-11.565856
-12.610129
-13.356549
-14.005559
-14.412914
-14.811584
-15.412058
-16.140257
-16.927549
-17.424652
-18.048627
-18.723011
-19.250768
-19.434009
-19.497020
-19.582851
-19.854307
-19.865717
-19.636835
-19.145523
-18.491064
-18.123048
-17.354829
-16.437258
-15.378169
-14.581680
-14.105013
-13.562781
-12.881756
-12.094975
-11.293037
-10.538271
-9.521416
-8.249623
-7.063321
-5.829675
-4.751853
-3.787620
-2.696174
-1.684257
-0.655481
-0.270264
0.598260
1.680851
3.118685
4.324572
5.378042
6.440197
7.376330
8.364235
9.162085
9.924003
10.613373
11.271579
12.075560
12.879201
13.490064
14.024973
14.670917
15.444926
16.319922
17.010484
17.807995
18.595968
19.465004
20.285164
20.736115
20.651647
20.613330
20.506041
20.233222
19.821439
18.879516
17.916305
16.889061
15.952928
15.146221
14.216730
13.496705
12.831007
11.992455
11.130060
9.969813
8.756433
7.591248
6.515980
5.541018
4.442930
3.273998
2.260549
1.358305
0.311136
-1.276561
-2.843142
-4.223245
-5.362715
-6.165334
-7.050037
-7.825749
-8.401360
-9.203468
-10.028396
-11.162928
-12.232235
-13.082879
-13.809034
-14.319420
-14.754023
-15.386513
-16.088997
-16.796589
-17.363344
-17.794541
-18.577065
-19.081490
-19.335236
-19.400631
-19.479479
-19.733054
-19.739355
-19.475562
-18.960748
-18.600907
-18.055950
-17.351934
-16.373566
-15.461104
-14.571122
-13.943740
-13.478654
-12.767485
-12.050016
-11.161225
-10.490417
-9.523800
-8.258138
-7.043736
-5.852325
-4.797493
-3.816911
-2.841779
-1.632656
-0.749486
-0.210660
0.608649
1.622438
2.953836
4.219498
5.313499
6.297827
7.243497
8.095673
8.935758
9.733098
10.310411
11.074884
11.795589
12.650830
13.421093
13.920750
14.623914
15.332869
16.224725
17.123052
17.732382
18.581322
19.377811
20.186220
20.630360
20.667485
20.533289
20.426341
20.233393
19.638709
18.817016
17.860787
16.787904
15.892472
15.047959
14.185395
13.347183
12.678249
11.891127
11.008637
9.749787
8.615937
7.339035
6.377867
5.389452
4.324913
3.056356
2.124480
1.319136
0.214747
-1.259872
-2.822876
-4.333939
-5.428961
-6.215572
-6.940365
-7.735150
-8.432695
-9.169749
-10.078294
-11.087315
-12.092079
-13.082709
-13.869660
-14.216559
-14.681646
-15.318564
-16.098704
-16.673633
-17.294203
-17.901829
-18.669878
-19.319739
-19.599199
-19.582851
-19.700016
-19.867761
-19.899096
-19.558668
-19.138370
-18.638713
-18.177032
-17.403705
-16.475575
-15.483584
-14.453615
-13.895035
-13.319595
-12.817213
-12.025833
-11.011532
-10.296277
-9.401526
-8.085626
-6.800379
-5.603177
-4.568951
-3.654616
-2.652066
-1.623631
-0.715426
-0.296831
0.511578
1.574755
2.818959
4.083088
5.193097
6.231410
7.079329
7.975101
8.829491
9.615592
10.309390
10.912418
11.691877
12.529748
13.389247
13.876302
14.426879
15.298298
16.189984
17.076901
17.683847
18.520866
19.501788
20.288910
20.844766
20.943029
20.788397
20.555087
20.383767
19.900458
19.152505
18.123388
17.182997
16.153881
15.338489
14.444760
13.602972
12.735639
11.960098
11.183875
9.919575
8.479527
7.335799
6.258999
5.328315
4.121406
2.956731
1.975979
1.102005
0.098092
-1.297849
-2.837011
-4.254409
-5.450249
-6.186792
-6.859643
-7.703475
-8.371898
-9.063482
-9.900502
-10.882105
-12.033156
-12.925523
-13.619661
-14.137370
-14.428922
-15.141964
-15.829802
-16.493968
-17.167500
-17.777681
-18.622705
-19.139903
-19.376278
-19.542319
-19.754682
-19.960403
-19.980158
-19.707339
-19.329957
-18.904720
-18.331494
-17.656088
-16.802720
-15.780074
-14.752150
-14.131069
-13.667515
-13.114384
-12.319939
-11.370693
-10.586977
-9.729692
-8.395399
-7.097210
-5.858285
-4.700763
-3.812143
-2.775873
-1.636744
-0.607627
-0.118017
0.544446
1.623460
2.680506
4.078320
5.128554
6.047658
6.943941
7.865088
8.795261
9.484632
10.209765
10.762555
11.512552
12.340716
13.151509
13.789109
14.320271
15.063456
15.880380
16.778367
17.550162
18.391609
19.287552
20.180089
20.724365
20.922933
20.859241
20.744801
20.457847
20.087106
19.366060
18.403019
17.365047
16.261680
15.488182
14.606544
13.695615
12.978826
12.177399
11.296443
10.183368
8.773974
7.611854
6.583929
5.572012
4.458938
3.211498
2.208608
1.182897
0.229563
-1.135554
-2.689362
-4.170963
-5.445991
-6.116288
-6.908178
-7.625478
-8.312975
-9.049688
-9.848561
-10.760001
-11.809724
-12.711116
-13.588837
-14.089346
-14.414447
-15.022584
-15.728133
-16.488688
-16.916990
-17.574685
-18.368619
-18.980162
-19.313097
-19.453083
-19.670555
-19.827570
-19.851242
-19.700527
-19.466707
-19.024100
-18.539258
-17.926863
-16.938618
-16.055788
-15.041317
-14.337301
-13.822828
-13.291155
-12.543372
-11.603832
-10.722365
-9.981905
-8.580344
-7.183381
-5.929981
-4.873446
-3.911938
-2.847910
-1.771791
-0.769070
-0.162295
0.579017
1.487562
2.714906
3.934928
5.216599
6.134510
7.065364
7.894550
8.790834
9.594645
10.139091
10.773965
11.498417
12.378693
13.133117
13.645887
14.180286
14.892817
15.887192
16.685895
17.336096
18.113852
18.977097
19.746167
20.495313
20.735775
20.823308
20.709719
20.472492
20.132065
19.480671
18.420049
17.349890
16.396216
15.559026
14.857394
13.978311
13.054269
12.386356
11.488199
10.293041
8.912427
7.754224
6.696326
5.686453
4.585300
3.328494
2.238580
1.290526
0.215939
-1.046317
-2.620901
-4.054478
-5.368676
-6.225279
-6.940024
-7.627351
-8.347886
-9.097712
-9.954316
-10.693754
-11.789118
-12.717077
-13.433354
-13.908488
-14.265946
-14.988184
-15.524966
-16.257252

