-16.364711
-17.331157
-17.974206
-18.575873
-19.017117
-19.470283
-19.730330
-19.787039
-19.689117
-19.408805
-19.166470
-18.815654
-18.100568
-17.260483
-16.182320
-15.234096
-14.676367
-14.289447
-13.837133
-13.508286
-13.054098
-12.606212
-11.531796
-10.085106
-8.610657
-7.521425
-6.940365
-6.186962
-5.085639
-3.765821
-2.062491
-0.334297
1.704863
3.604548
5.394220
6.575925
7.322175
8.116790
8.854696
9.653909
10.485479
11.001655
11.309726
11.869158
12.588501
13.230188
13.712985
14.113358
14.650140
15.413591
16.240052
17.000266
17.818383
18.886668
19.590514
20.078932
20.175491
19.940649
19.664424
19.461768
19.128152
18.545730
17.694065
16.687427
15.852111
15.141623
14.591898
14.022248
13.630390
13.190848
12.630735
11.626482
10.189329
8.849927
7.594824
6.512233
5.424193
4.279954
3.278766
2.506290
1.642704
0.716107
-0.671489
-2.229214
-3.634521
-4.854543
-5.907672
-6.735495
-7.412263
-8.022445
-8.575746
-9.194442
-10.016135
-10.843958
-11.471340
-11.841740
-12.137549
-12.716906
-13.302905
-13.835600
-14.658315
-15.585763
-16.501290
-17.453262
-18.181971
-18.713815
-19.205468
-19.680773
-19.983394
-19.842386
-19.629683
-19.315481
-18.972329
-18.650464
-17.999581
-17.018148
-15.834740
-14.921256
-14.368296
-13.955661
-13.650826
-13.219459
-12.923649
-12.341227
-11.344637
-9.934902
-8.381265
-7.351807
-6.859984
-6.064177
-5.038806
-3.765311
-2.132484
-0.381470
1.627377
3.474440
5.206721
6.387745
7.106917
7.950919
8.618150
9.467091
10.188988
10.836124
11.305128
11.830330
12.475082
13.207367
13.595138
13.945443
14.544215
15.192883
16.091040
16.971486
17.928907
19.068207
19.819055
20.270348
20.393133
20.006554
19.833360
19.531931
19.271714
18.682991
17.695427
16.691855
15.835251
15.134130
14.473881
13.916492
13.552904
13.199023
12.629713
11.613880
10.173321
8.811951
7.483278
6.286587
5.258662
4.162618
3.215245
2.335140
1.561301
0.575270
-0.704867
-2.223594
-3.727504
-4.857779
-5.753892
-6.620884
-7.213524
-7.896253
-8.373260
-9.096520
-9.886708
-10.747739
-11.330843
-11.696475
-12.052400
-12.560742
-13.237340
-13.853482
-14.665978
-15.605177
-16.517299
-17.611129
-18.394504
-18.931116
-19.308499
-19.756045
-20.043509
-20.175321
-19.959041
-19.772734
-19.507068
-19.089154
-18.400635
-17.307826
-16.196115
-15.306473
-14.700208
-14.185735
-13.830832
-13.444764
-12.942042
-12.333734
-11.264597
-9.845155
-8.386884
-7.220847
-6.603684
-5.871058
-4.778590
-3.466266
-1.764468
0.149863
2.062491
3.821169
5.587339
6.592955
7.295268
8.103337
8.745364
9.539468
10.337659
10.806322
11.227131
11.799506
12.492623
13.143505
13.498068
13.899292
14.499596
15.199695
15.954631
16.826221
17.752307
18.783297
19.630364
20.151990
20.109415
20.000935
19.820929
19.509792
19.309350
18.768481
17.797777
16.835587
16.019515
15.342576
14.733928
14.171941
13.783319
13.353995
12.584414
11.528730
10.104861
8.898633
7.515805
6.390469
5.312647
4.165173
3.137759
2.283198
1.407521
0.409569
-0.856263
-2.409731
-3.971883
-5.158697
-6.021432
-6.851298
-7.447175
-8.005074
-8.484806
-9.023462
-9.981394
-10.720321
-11.206184
-11.492286
-11.709418
-12.300185
-12.925693
-13.534342
-14.259304
-15.230349
-16.197477
-17.082010
-17.823492
-18.482379
-18.870320
-19.412211
-19.807475
-19.793851
-19.760132
-19.446952
-19.285338
-19.017117
-18.264226
-17.313787
-16.168015
-15.367099
-14.852626
-14.466388
-14.095988
-13.636521
-13.273443
-12.576750
-11.506081
-10.097027
-8.673668
-7.473741
-6.894895
-6.049190
-4.935435
-3.598588
-1.869883
-0.146457
1.896620
3.658363
5.443096
6.708247
7.460799
8.234126
8.996214
9.792192
10.568074
10.951757
11.364562
11.857407
12.544734
13.080324
13.555459
13.924326
14.391967
15.191862
15.930619
16.742264
17.517635
18.522739
19.431284
19.997358
20.152671
19.876105
19.608225
19.368955
19.094093
18.558843
17.536027
16.546249
15.754019
15.300342
14.783144
14.223371
13.917344
13.426883
12.758800
11.786052
10.414294
9.158850
7.827282
6.678275
5.559070
4.452126
3.420285
2.562148
1.666546
0.794104
-0.555856
-2.132484
-3.652062
-4.969495
-5.902052
-6.744351
-7.574218
-8.086136
-8.656127
-9.213345
-10.209084
-10.995865
-11.519705
-11.918374
-12.059041
-12.688466
-13.203110
-13.928754
-14.608417
-15.375955
-16.276496
-17.224550
-18.029383
-18.680436
-19.010305
-19.407443
-19.692353
-19.713640
-19.529717
-19.124235
-19.052710
-18.882241
-18.264396
-17.358405
-16.151156
-15.299831
-14.801196
-14.237336
-13.743980
-13.301883
-13.238021
-12.774467
-11.775494
-10.296788
-8.689335
-7.463694
-6.808383
-6.257125
-5.136047
-3.996917
-2.235344
-0.389303
1.552786
3.575938
5.300556
6.449904
7.223572
7.932016
8.688654
9.622574
10.420595
10.937963
11.398622
11.950902
12.641464
13.406788
13.672284
14.113188
14.708212
15.394858
16.212463
16.964674
17.875092
18.796921
19.576379
20.178556
20.222664
19.995144
19.608906
19.328254
19.222328
18.642970
17.718247
16.740901
15.831164
15.147073
14.511517
14.040130
13.646909
13.399465
12.727635
11.780943
10.512045
9.053775
7.869005
6.624290
5.690370
4.634517
3.712518
2.716099
1.821348
0.974451
-0.380959
-1.865285
-3.494195
-4.751001
-5.594322
-6.514447
-7.409028
-7.995197
-8.449554
-9.064163
-10.017838
-10.832889
-11.412246
-11.800187
-11.989219
-12.526342
-13.119153
-13.694423
-14.511858
-15.298298
-16.100747
-16.998904
-17.873900
-18.620150
-18.992935
-19.390242
-19.760813
-19.943544
-19.749744
-19.427197
-19.103118
-18.857207
-18.257414
-17.379352
-16.312599
-15.244484
-14.748573
-14.282465
-13.950893
-13.549498
-13.192381
-12.679781
-11.713845
-10.380404
-8.923497
-7.760695
-7.027899
-6.294932
-5.260536
-4.065037
-2.407687
-0.620229
1.240288
3.160238
4.945312
6.419761
6.973573
7.745879
8.549690
9.541682
10.227987
10.708230
11.209249
11.733089
12.440000
13.059207
13.647420
14.085259
14.512028
15.160867
15.944583
16.731024
17.588309
18.518993
19.425835
20.089831
20.189796
20.023584
19.682986
19.435201
19.176688
18.726076
17.808846
16.933509
16.076735
15.280076
14.708723
14.157295
13.835090
13.407639
12.841395
11.921270
10.591575
9.237358
7.945640
6.691047
5.674362
4.573550
3.570829
2.719164
1.924719
1.063347
-0.140326
-1.677104
-3.235681
-4.517010
-5.539315
-6.522451
-7.237877
-7.713182
-8.214542
-8.819955
-9.797641
-10.696309
-11.275155
-11.751481
-12.034859
-12.543883
-13.143335
-13.713837
-14.524290
-15.378680
-16.199350
-17.192364
-18.127646
-18.858058
-19.303390
-19.522905
-19.960233
-20.076207
-19.884620
-19.536018
-19.202914
-18.998384
-18.415281
-17.496007
-16.322647
-15.437603
-14.696462
-14.206682
-13.786043
-13.555970
-13.157300
-12.590885
-11.724234
-10.341917
-8.924859
-7.617644
-6.918056
-6.177766
-5.180325
-4.042898
-2.531324
-0.714234
1.135554
3.137078
5.052430
6.386382
7.083416
7.789816
8.508818
9.375470
10.139602
10.647263
11.114904
11.672803
12.244156
12.894869
13.469117
13.801711
14.358418
14.905759
15.780415
16.711099
17.515591
18.507923
19.329105
20.021030
20.367248
20.053727
19.851412
19.565821
19.320931
18.869298
18.079621
17.084054
16.168867
15.428237
14.672620
14.227288
13.920409
13.428075
12.888397
11.960268
10.634490
9.140628
7.851635
6.658690
5.631958
4.458938
3.591265
2.621583
1.923868
1.042570
-0.136750
-1.781327
-3.224952
-4.421643
-5.517347
-6.454332
-7.133143
-7.742132
-8.226974
-8.820295
-9.645735
-10.569777
-11.231729
-11.629888
-11.949880
-12.332882
-12.846674
-13.611487
-14.482737
-15.179259
-16.050850
-17.047950
-18.044370
-18.595798
-19.105503
-19.477946
-19.895690
-20.188093
-20.057304
-19.632237
-19.346305
-19.088132
-18.548455
-17.585925
-16.537053
-15.523945
-14.827081
-14.241082
-13.839177
-13.542346
-13.071128
-12.590715
-11.652708
-10.451419
-8.954661
-7.495029
-6.712164
-6.061281
-5.020414
-3.829684
-2.325262
-0.625849
1.179491
3.106935
4.904440
6.376164
6.972211
7.690872
8.418560
9.233441
9.981224
10.520390
11.008467
11.428765
12.047121
12.717758
13.307333
13.759647
14.144523
14.754023
15.579121
16.597680
17.415115
18.305438
19.328254
20.095791
20.420892
20.124572
19.916126
19.744635
19.473008
19.079276
18.347842
17.382928
16.370331
15.562602
14.875446
14.394692
13.996192
13.656787
12.998751
12.178251
10.861329
9.417534
7.967608
6.747075
5.794423
4.596029
3.411940
2.539158
1.758337
0.965255
-0.311817
-1.796143
-3.310101
-4.564353
-5.608797
-6.511893
-7.198708
-7.727827
-8.269038
-8.796453
-9.534870
-10.498762
-11.144025
-11.510508
-11.747565
-12.056998
-12.678759
-13.262033
-14.026846
-14.938116
-15.689645
-16.765594
-17.691510
-18.348013
-18.890245
-19.303390
-19.841535
-20.017454
-19.880874
-19.698654
-19.544363
-19.309010
-18.758604
-17.848526
-16.787733
-15.855687
-15.066692
-14.554432
-14.225755
-13.874940
-13.393164
-12.866770
-12.045247
-10.837317
-9.331192
-7.902214
-7.076434
-6.443773
-5.381278
-4.137925
-2.677100
-0.805684
0.985520
2.961329
4.885537
6.391662
7.133824
7.750647
8.562122
9.224245
10.115760
10.570458
10.937282
11.364903
11.982918
12.681484
13.211455
13.699872
14.032977
14.608928
15.377317
16.291482
17.221315
18.077918
19.054413
19.767284
20.204272
20.153693
19.893476
19.695248
19.514731
19.095625
18.435546
17.522914
16.622714
15.770197
15.102284
14.686925
14.321293
13.892480
13.192892
12.425355
11.183364
9.633132
8.298670
7.051740
5.974429
4.845347
3.650529
2.743176
1.961163
1.116140
-0.056880
-1.624993
-3.122772
-4.520246
-5.590064
-6.507465
-7.235663
-7.795095
-8.367130
-8.760520
-9.582383
-10.443074
-11.137724
-11.598723
-11.865411
-12.145213
-12.629032
-13.241768
-14.069251
-14.886345
-15.638386
-16.591719
-17.568554
-18.373047
-18.707514
-19.115891
-19.583361
-19.857373
-19.784995
-19.576379
-19.440310
-19.208363
-18.733740
-17.937933
-17.045907
-15.995332
-15.208381
-14.726094
-14.223031
-14.040130
-13.615915
-13.096843
-12.288604
-11.077779
-9.571144
-8.096695
-7.091420
-6.533350
-5.452633
-4.190036
-2.739259
-0.994376
0.798532
2.903938
4.826784
6.294761
7.138423
7.817405
8.472375
9.282827
10.051387
10.716234
11.109284
11.543717
12.056828
12.701409
13.300351
13.611317
13.996874
14.560563
15.415294
16.292674
17.105171
17.946277
18.849203
19.745316
20.115546
19.994293
19.730500
19.434350
19.138030
18.923453
18.261160
17.470462
16.564642
15.651669
15.041317
14.625107
14.216389
13.788087
13.276168
12.493644
11.414630
9.919575
8.396762
7.299355
6.196329
5.051749
3.868512
2.986363
2.166544
1.292910
0.126532
-1.415695
-3.023999
-4.382474
-5.545446
-6.421804
-7.202625
-7.741622
-8.334943
-8.852652
-9.588003
-10.397434
-11.161566
-11.642320
-11.948688
-12.078626
-12.607915
-13.259820
-13.958556
-14.737674
-15.494483
-16.553232
-17.364706
-18.178054

