-3.075429
-1.586846
0.004087
1.337528
2.396958
3.282172
4.684074
5.932365
7.389103
8.558035
9.667022
10.390622
11.261361
12.051548
12.815850
13.665642
14.559371
15.404735
16.315494
16.895703
17.428398
18.310206
19.039086
19.921916
20.640237
21.402325
22.240877
23.255689
24.021353
24.283103
24.583169
24.795192
24.767773
24.314608
23.931265
23.043496
22.160155
21.077735
20.126956
19.051177
17.859595
16.703946
15.757595
14.908654
13.880389
12.608426
11.509487
10.398797
9.517670
8.399827
6.708077
4.912785
3.013100
1.257658
-0.641176
-2.405133
-4.054819
-5.789825
-7.289307
-8.841242
-10.270051
-11.436769
-12.582030
-13.623919
-14.639752
-15.851430
-17.248052
-18.541472
-19.669362
-20.574842
-21.287714
-21.805252
-22.030047
-22.177356
-22.596291
-23.310525
-24.155208
-24.714300
-24.685860
-24.413381
-23.978778
-23.760285
-23.419516
-22.878817
-22.392103
-21.758250
-21.351235
-20.696947
-19.858224
-18.611125
-17.424822
-16.378335
-15.390941
-14.140947
-12.954303
-11.848041
-10.709763
-9.746552
-8.708409
-7.283347
-5.902222
-4.509517
-3.037282
-1.468148
0.045640
1.417398
2.555336
3.565550
4.847390
6.153924
7.549524
8.771079
9.714876
10.613884
11.293718
12.158837
12.814317
13.621024
14.437948
15.429769
16.328948
16.822134
17.318215
18.071277
18.941164
19.760132
20.497356
21.311385
22.116729
23.071425
23.783275
24.147034
24.363143
24.659634
24.677345
24.480139
24.022205
23.203918
22.407600
21.221297
20.190137
19.227607
17.945085
16.865219
15.943902
15.040636
14.081172
12.925863
11.750460
10.558367
9.623766
8.375474
6.779262
5.006790
3.127030
1.254933
-0.503063
-2.340760
-4.245724
-5.943435
-7.670777
-9.053775
-10.505744
-11.685916
-12.853656
-13.799497
-14.834234
-16.006402
-17.402342
-18.661022
-19.725561
-20.581484
-21.232196
-21.851403
-22.099870
-22.347144
-22.658110
-23.376942
-24.278334
-24.714811
-24.769817
-24.598326
-24.016244
-23.829596
-23.480143
-22.904532
-22.311892
-21.752289
-21.210057
-20.617076
-19.730670
-18.518823
-17.317704
-16.230345
-15.190329
-14.093603
-12.850421
-11.649472
-10.674000
-9.654420
-8.540154
-7.317066
-5.917549
-4.676580
-3.152915
-1.709972
-0.228541
1.292910
2.313512
3.254243
4.537276
5.862202
7.275684
8.667707
9.636879
10.480029
11.318752
12.183871
12.911047
13.598204
14.606033
15.586615
16.465868
17.102616
17.560039
18.227441
19.110612
19.862311
20.622015
21.374396
22.355318
23.147208
23.925815
24.405548
24.639198
24.876595
24.893965
24.699824
24.289233
23.460048
22.614683
21.652154
20.652328
19.494806
18.283810
17.090355
15.987498
15.263217
14.306818
13.014930
11.828968
10.698693
9.700230
8.550201
7.115943
5.238397
3.316743
1.432555
-0.398670
-2.205372
-4.032510
-5.763599
-7.448196
-8.772952
-10.276011
-11.576244
-12.689488
-13.638565
-14.627831
-15.797785
-17.182997
-18.384286
-19.554581
-20.356349
-21.268129
-21.773406
-22.083010
-22.323302
-22.632905
-23.327896
-24.141414
-24.666275
-24.909122
-24.713789
-24.216175
-23.843220
-23.467711
-23.108380
-22.577047
-21.847316
-21.375929
-20.809344
-19.922938
-18.840688
-17.510142
-16.576563
-15.570777
-14.400312
-13.186591
-11.975084
-10.880062
-9.825400
-8.699042
-7.457393
-6.061963
-4.736866
-3.292390
-1.684427
-0.176770
1.267876
2.458606
3.490278
4.533018
5.895921
7.269723
8.639097
9.551900
10.547297
11.352130
12.154239
12.843268
13.516971
14.408997
15.319245
16.285692
17.015934
17.359086
18.144846
18.870490
19.525630
20.338467
21.117926
22.140741
22.981167
23.865019
24.441821
24.705274
25.022881
25.136300
24.986948
24.526971
23.915938
23.040942
22.008930
21.065644
19.995144
18.737486
17.400980
16.389063
15.503168
14.630045
13.444594
12.264081
11.134148
10.077442
8.901528
7.378374
5.607775
3.802947
1.927103
0.207084
-1.645940
-3.482103
-5.393028
-7.136549
-8.597544
-10.016305
-11.324201
-12.569087
-13.455493
-14.381238
-15.493972
-16.812938
-18.240724
-19.291128
-20.304067
-21.067006
-21.679401
-21.875756
-21.916968
-22.336074
-22.857530
-23.860080
-24.467707
-24.827038
-24.606330
-24.249894
-23.860250
-23.562908
-23.202385
-22.658450
-21.956478
-21.584715
-20.972320
-20.236117
-19.097328
-17.959731
-16.744818
-15.834059
-14.777865
-13.448000
-12.234960
-11.176552
-10.100263
-9.018183
-7.764442
-6.376675
-5.073718
-3.679480
-2.086503
-0.673873
0.784397
2.012934
3.027235
4.144566
5.445821
6.799017
8.266653
9.022951
9.839875
10.716915
11.614731
12.364728
13.020209
13.989551
14.834574
15.978132
16.900642
17.210245
17.715522
18.614531
19.301346
20.268474
21.028178
21.896533
22.601400
23.398399
24.219240
24.498701
24.763686
24.838618
24.725539
24.440629
23.720775
23.022549
22.032091
21.020855
20.035676
18.706662
17.572982
16.339506
15.544551
14.627661
13.360637
12.177570
11.168207
10.116441
9.021078
7.660900
5.924531
4.025527
2.111367
0.330721
-1.602173
-3.349611
-5.277906
-6.909711
-8.417027
-9.777546
-11.215380
-12.272085
-13.288089
-14.193228
-15.277863
-16.560044
-17.779725
-18.935885
-19.975219
-20.799126
-21.436896
-21.864687
-22.081307
-22.348506
-22.808313
-23.629154
-24.346284
-24.618932
-24.600880
-24.296045
-23.805073
-23.591348
-23.163727
-22.617238
-21.865368
-21.495478
-20.968063
-20.278011
-19.280400
-18.077748
-16.956159
-15.968425
-14.825889
-13.616596
-12.325389
-11.342594
-10.370527
-9.170941
-8.107594
-6.696326
-5.322184
-3.972564
-2.377544
-0.892026
0.741993
1.995564
2.988407
4.080534
5.319970
6.744691
8.173670
9.294408
10.193246
10.950906
11.789458
12.585776
13.186591
14.082364
15.033994
15.876123
16.587462
17.238515
17.807824
18.536874
19.107376
20.116738
20.848853
21.619626
22.492238
23.464475
24.185862
24.522543
24.775607
24.923086
24.854285
24.482012
23.971115
23.038898
22.283963
21.278688
20.245654
18.942867
17.726421
16.730513
15.829972
14.864377
13.828278
12.563297
11.480365
10.375636
9.283338
8.053609
6.232773
4.223074
2.532516
0.742333
-1.175063
-3.062657
-4.934243
-6.666694
-8.262566
-9.660040
-11.098725
-12.340716
-13.384138
-14.351266
-15.405587
-16.669546
-17.950024
-19.329786
-20.253488
-21.081822
-21.687235
-22.025279
-22.205455
-22.536005
-23.057120
-23.810693
-24.562904
-24.893454
-24.894476
-24.384941
-23.975032
-23.616723
-23.210389
-22.745643
-22.040435
-21.576541
-21.053893
-20.242078
-19.239868
-18.065657
-16.954626
-15.967233
-14.905248
-13.744661
-12.488195
-11.375632
-10.341406
-9.180818
-8.055653
-6.674358
-5.299194
-3.841945
-2.421652
-0.884533
0.546149
1.970359
2.991472
3.999472
5.235502
6.670952
8.073194
9.102481
10.083403
10.932173
11.792013
12.636525
13.285194
14.169557
15.107223
15.917165
16.878503
17.331668
17.954622
18.663236
19.287893
20.204782
21.066495
21.861451
22.630010
23.529530
24.155889
24.322782
24.593217
24.760621
24.823802
24.530547
23.803370
22.821937
22.070067
21.198818
20.020349
18.781424
17.681633
16.667673
15.722343
14.784166
13.675519
12.472868
11.340720
10.300194
9.151016
7.890463
6.200416
4.153252
2.239261
0.523158
-1.233135
-3.312315
-5.109310
-6.819623
-8.238213
-9.791681
-11.173487
-12.438808
-13.416154
-14.371702
-15.414272
-16.540630
-17.864193
-18.995830
-20.067351
-20.934343
-21.567174
-21.948474
-22.239685
-22.506544
-22.782428
-23.549284
-24.360078
-24.692842
-24.630683
-24.249043
-23.923601
-23.669345
-23.248877
-22.674458
-21.980490
-21.459886
-20.816837
-20.102773
-19.097839
-17.861979
-16.693558
-15.755381
-14.714173
-13.467073
-12.149811
-11.131253
-10.100433
-9.056841
-8.066552
-6.696667
-5.256278
-3.877878
-2.431359
-0.885044
0.556707
1.895768
2.875158
3.942592
5.163636
6.579672
7.984638
9.019205
9.949548
10.922977
11.639765
12.467248
13.190338
14.072486
15.019689
15.928916
16.721146
17.325708
17.937422
18.700021
19.352095
20.152671
20.910331
21.847657
22.694383
23.498195
24.063587
24.416787
24.667127
24.919680
24.812903
24.564266
23.824828
22.945404
22.039243
21.134445
19.955805
18.736976
17.411879
16.428573
15.456166
14.414276
13.449022
12.199027
11.179447
10.071652
9.094306
7.784367
6.034204
4.147461
2.221891
0.539337
-1.104389
-3.156832
-4.970516
-6.691388
-8.185250
-9.587152
-11.009489
-12.219293
-13.164112
-14.184713
-15.172618
-16.385657
-17.714671
-18.846478
-20.036527
-20.769494
-21.417141
-21.874223
-22.096293
-22.362471
-22.806440
-23.552861
-24.339812
-24.789742
-24.653673
-24.326699
-23.994786
-23.704767
-23.047924
-22.566659
-22.061212
-21.460397
-20.959888
-20.092726
-19.119637
-18.119471
-16.996520
-15.910012
-14.733587
-13.657808
-12.409857
-11.211804
-10.281972
-9.347541
-8.042029
-6.686790
-5.293233
-4.014969
-2.459628
-0.870398
0.437328
1.786777
2.831902
3.840923
5.164317
6.504059
7.905279
8.972713
9.906803
10.790825
11.542354
12.356894
13.052395
13.928924
14.832531
15.735626
16.640425
17.204966
17.813955
18.631560
19.226755
20.087787
20.970958
21.811724
22.743770
23.710557
24.285657
24.575165
24.793829
25.024073
24.974687
24.544682
23.914916
23.072106
22.008930
21.195241
20.021711
18.879856
17.654555
16.569240
15.570436
14.615740
13.655424
12.415988
11.254208
10.165657
9.313141
8.001838
6.388426
4.582064
2.512080
0.807047
-0.799894
-2.901895
-4.824400
-6.334100
-7.870027
-9.213516
-10.660035
-11.840378
-12.861320
-13.893672
-15.095643
-16.167675
-17.362322
-18.640246
-19.759962
-20.619461
-21.382570
-21.777494
-21.983896
-22.322450
-22.698471
-23.593392
-24.464301
-24.878808
-24.852582
-24.429219
-24.141584
-23.846797
-23.462943
-23.050479
-22.625242
-21.778005
-21.279028
-20.431280
-19.397565
-18.187932
-17.148427
-16.134977
-15.020200
-13.879878
-12.607745
-11.501823
-10.434219
-9.500299
-8.361680
-7.096529
-5.612033
-4.276889
-2.759865
-1.200097
0.155483
1.605749
2.610513
3.615958
4.793235
6.208079
7.635014
8.671113
9.601797
10.432175
11.223384
12.014764
12.910877
13.611487
14.499596
15.486138
16.383444
16.878503
17.539774
18.347161
18.880027
19.708531
20.565476
21.350724
22.334882
23.297412
23.994616
24.188076
24.483204
24.824824
24.712937
24.507727
23.922239
23.144313
22.268976
21.233218
20.233393
19.013030
17.800842
16.782965
15.831505
14.876298
13.963154
12.789113
11.530433
10.495867
9.564502
8.233786
6.508998
4.666873
2.784729
0.973599
-0.762429
-2.657516
-4.533189
-6.230559
-7.866110
-9.226799
-10.669231
-11.828116
-12.956858
-13.960940
-15.024287
-16.115052
-17.336096
-18.694060
-19.780908
-20.626783
-21.414927
-21.780389
-22.016423
-22.333009
-22.706985
-23.455109
-24.466855
-24.857010
-24.847814
-24.474519
-24.136135
-24.028165
-23.533787
-22.995472
-22.346122
-21.834544
-21.156073
-20.536866
-19.437075
-18.374920
-17.107044
-16.137021
-15.034165
-13.956853
-12.719120
-11.473383
-10.485649
-9.551900
-8.465392
-7.100616
-5.612203
-4.339388
-2.839736
-1.337358
0.203848

