-19.939286
-19.847495
-19.424473
-19.134794
-18.946784
-18.578597
-17.644167
-16.750949
-15.716382
-15.054941
-14.405251
-14.198678
-13.840028
-13.520377
-13.084582
-12.236323
-11.010170
-9.609120
-8.169242
-7.359641
-6.707566
-5.619015
-4.350458
-2.681187
-0.899349
0.921658
2.862726
4.872424
6.356580
7.180827
7.927758
8.696147
9.404761
10.048151
10.797126
11.174338
11.638573
12.148959
12.886184
13.457366
13.844456
14.236995
14.828103
15.697990
16.581161
17.306294
18.263374
18.991232
19.751447
20.092385
19.853967
19.575868
19.250938
19.039597
18.502133
17.801353
17.091887
16.195093
15.462978
14.695781
14.232567
14.013563
13.632945
13.125794
12.464012
11.251995
9.766306
8.394037
7.169758
6.090914
4.983800
3.931522
2.998625
2.228703
1.323734
0.134706
-1.361370
-2.964735
-4.271099
-5.393880
-6.288971
-7.131781
-7.737875
-8.239235
-8.859634
-9.493998
-10.482413
-11.248078
-11.812449
-12.028558
-12.356554
-12.923649
-13.589178
-14.193569
-15.013899
-15.925680
-16.720295
-17.692362
-18.394504
-18.778699
-19.245148
-19.634792
-19.791467
-19.645180
-19.338812
-19.049474
-18.803222
-18.375260
-17.555441
-16.629696
-15.635320
-14.892646
-14.431987
-13.952426
-13.773612
-13.332537
-12.986830
-12.181146
-11.040143
-9.496723
-8.097887
-7.325241
-6.692239
-5.681004
-4.340921
-2.694471
-1.050404
0.821522
2.618177
4.514456
6.108454
7.004227
7.690191
8.506264
9.236506
10.030440
10.672467
11.054959
11.590890
11.967761
12.650490
13.370855
13.677052
14.132432
14.742953
15.563624
16.509805
17.389229
18.287386
19.097839
19.851412
20.154715
20.030056
19.778354
19.509792
19.193888
18.792663
18.102101
17.142466
16.224384
15.298639
14.694929
14.164788
13.883284
13.466222
13.073342
12.362514
11.255060
9.756599
8.381605
7.190875
6.161758
5.087682
3.913471
3.021785
2.135890
1.356602
0.183412
-1.336847
-2.795458
-4.116978
-5.320821
-6.086656
-6.992987
-7.595675
-8.050033
-8.584942
-9.297814
-10.193416
-11.076416
-11.659009
-11.945282
-12.278387
-12.807846
-13.472353
-14.190674
-14.948164
-15.812942
-16.813108
-17.681292
-18.338987
-18.883262
-19.359929
-19.892795
-20.004341
-20.018986
-19.733735
-19.300154
-19.133772
-18.734591
-17.877477
-16.937426
-15.930278
-15.014069
-14.516967
-14.133794
-13.752835
-13.359955
-12.965713
-12.340716
-11.106730
-9.599073
-8.184399
-7.247755
-6.650686
-5.752700
-4.478523
-3.071683
-1.289163
0.520945
2.502373
4.268033
5.868162
6.937470
7.629735
8.359807
9.067740
9.824208
10.511535
10.891982
11.368309
11.929274
12.664795
13.248580
13.666153
13.956172
14.417853
15.372719
16.278539
17.082180
18.054928
18.923794
19.729137
20.157269
20.218236
19.926344
19.642455
19.344432
18.974713
18.348864
17.458882
16.558000
15.645538
15.051195
14.431136
14.020375
13.653040
13.237510
12.586457
11.477130
9.992293
8.608443
7.264614
6.279945
4.998786
3.952980
3.023488
2.140147
1.340423
0.189543
-1.201800
-2.644232
-4.125493
-5.299194
-6.131445
-6.857089
-7.427931
-8.033514
-8.573702
-9.099756
-10.005406
-10.903052
-11.494500
-11.829478
-12.016637
-12.656791
-13.361318
-13.996363
-14.855180
-15.739713
-16.670057
-17.532110
-18.233401
-18.765756
-19.275631
-19.790956
-20.075696
-20.032781
-19.796746
-19.453934
-19.147396
-18.707684
-18.088307
-17.124074
-16.112157
-15.204464
-14.718601
-14.198508
-13.832194
-13.423988
-13.036898
-12.441533
-11.351790
-9.967600
-8.481741
-7.380758
-6.880760
-5.896602
-4.779100
-3.427608
-1.647302
0.120401
2.123117
3.870385
5.584785
6.769385
7.461991
8.251326
9.008305
9.788956
10.421957
10.895559
11.273452
11.704138
12.445280
13.131755
13.591221
13.854674
14.423132
15.205656
16.138724
16.944579
17.869473
18.802711
19.642796
20.131895
20.176853
19.984075
19.753660
19.479139
19.186224
18.601247
17.831666
16.825880
15.920571
15.244314
14.620849
14.203617
13.765948
13.418198
12.883289
11.870861
10.449035
8.862870
7.655621
6.435599
5.335297
4.164321
3.284046
2.504757
1.544271
0.571353
-0.922510
-2.335140
-3.921986
-5.117485
-6.124803
-6.911244
-7.583414
-8.149999
-8.582047
-9.021589
-9.954827
-10.803257
-11.493819
-11.779410
-12.120860
-12.490749
-13.179949
-13.826234
-14.503343
-15.364885
-16.378845
-17.234428
-18.025807
-18.545559
-18.983568
-19.506386
-19.848347
-19.849369
-19.776991
-19.455978
-19.249405
-18.928392
-18.280063
-17.348187
-16.340869
-15.313625
-14.977966
-14.625958
-14.217070
-13.796772
-13.441018
-12.935570
-11.795248
-10.447843
-8.737530
-7.420438
-6.932020
-6.291015
-5.083084
-3.824745
-1.893554
-0.036103
1.878909
3.568786
5.231585
6.690536
7.430826
8.121218
8.808374
9.598051
10.391133
10.817221
11.342934
11.795078
12.369156
13.074705
13.444764
13.856207
14.189993
15.103476
16.047955
16.811575
17.720461
18.771887
19.550153
20.085743
20.243100
20.053216
19.752809
19.485269
19.198656
18.577405
17.828601
16.752481
15.880551
15.148946
14.577593
14.077255
13.858591
13.475759
13.004371
12.087652
10.688135
9.282827
7.905960
6.674869
5.543232
4.430158
3.388439
2.481427
1.653433
0.716618
-0.589575
-2.092293
-3.543922
-4.865272
-5.913462
-6.636892
-7.357938
-7.908174
-8.362021
-8.796624
-9.763581
-10.650158
-11.395046
-11.801209
-12.056487
-12.467078
-13.082198
-13.686078
-14.440162
-15.240056
-16.282627
-17.258099
-17.951216
-18.614531
-19.046579
-19.530569
-19.934007
-19.965342
-19.875765
-19.396884
-19.169194
-18.901825
-18.333197
-17.471824
-16.450882
-15.448843
-14.842408
-14.416150
-14.075211
-13.684886
-13.281448
-12.840884
-11.829478
-10.443756
-9.060587
-7.840906
-6.978512
-6.229537
-5.168915
-3.921815
-2.030134
-0.338554
1.529455
3.299032
5.188329
6.612199
7.401364
8.097036
8.823361
9.557349
10.258811
10.827099
11.108773
11.710269
12.317215
13.002838
13.395037
13.771909
14.328105
14.999253
15.797615
16.723871
17.560720
18.565314
19.356864
19.977433
20.294019
20.018135
19.649778
19.577060
19.280570
18.727268
17.969608
17.023768
16.099725
15.328101
14.719112
14.200381
13.842412
13.440166
12.914964
12.102127
10.789973
9.370191
7.847037
6.744351
5.619867
4.538298
3.548009
2.636399
1.724448
0.752040
-0.491313
-2.007995
-3.500325
-4.835980
-5.702291
-6.519386
-7.160732
-7.738726
-8.280788
-8.719649
-9.591239
-10.534695
-11.186089
-11.666673
-11.997223
-12.455327
-13.060059
-13.767140
-14.472689
-15.308176
-16.259636
-17.195599
-17.965181
-18.645866
-19.089835
-19.577060
-19.880363
-20.075185
-19.897904
-19.635984
-19.224712
-18.975224
-18.451214
-17.578772
-16.526835
-15.506915
-14.911379
-14.385666
-13.964176
-13.604334
-13.193744
-12.754202
-11.777878
-10.457720
-9.058033
-7.645062
-6.993668
-6.199224
-5.223240
-3.973075
-2.180849
-0.397137
1.437323
3.181526
4.987206
6.344318
7.006611
7.730041
8.463689
9.371894
10.161570
10.578632
10.888917
11.533669
12.257269
12.822662
13.301373
13.770035
14.309883
15.002830
15.828609
16.693047
17.609767
18.583706
19.459384
20.037038
20.354816
20.215000
19.803047
19.535167
19.374916
18.920728
17.960242
17.075879
16.204119
15.526329
14.807667
14.319931
13.913086
13.542346
13.006755
12.217930
10.989904
9.496212
8.150509
6.869861
5.680493
4.543236
3.522294
2.519744
1.644407
0.885214
-0.399692
-1.970700
-3.480911
-4.816226
-5.856582
-6.777218
-7.500478
-8.023977
-8.444275
-8.899144
-9.695462
-10.507958
-11.251824
-11.709929
-11.950391
-12.365920
-13.008288
-13.657127
-14.336279
-15.121528
-16.118118
-17.059360
-17.923628
-18.694060
-19.089665
-19.512347
-19.829784
-19.939457
-19.755534
-19.448655
-19.123725
-18.891777
-18.311569
-17.456157
-16.407626
-15.481881
-14.907633
-14.418534
-13.973032
-13.725247
-13.310569
-12.812955
-11.854001
-10.489736
-9.030274
-7.783515
-6.968975
-6.220681
-5.155802
-3.945827
-2.221210
-0.448397
1.571519
3.364256
5.155461
6.489924
7.325241
8.027213
8.855377
9.594645
10.417359
10.790825
11.191028
11.706863
12.417350
12.999943
13.477121
13.747215
14.315503
14.926536
15.711614
16.714334
17.554930
18.576894
19.356523
20.009620
20.177194
19.948653
19.583361
19.273758
19.132069
18.756560
17.743281
16.839334
15.921933
15.234436
14.567716
14.104673
13.793026
13.528722
12.986660
12.190342
10.917357
9.425027
8.063657
6.723234
5.671637
4.509687
3.493684
2.582073
1.717976
0.818287
-0.430516
-2.018724
-3.632477
-4.850285
-5.927426
-6.766319
-7.466589
-7.788113
-8.325917
-8.953810
-9.677580
-10.639599
-11.230367
-11.646237
-12.045247
-12.457371
-12.967076
-13.538769
-14.330489
-15.185050
-16.056640
-17.059020
-17.994813
-18.454279
-18.905742
-19.352095
-19.820247
-19.901139
-19.719771
-19.553559
-19.184181
-18.888542
-18.318551
-17.368964
-16.407285
-15.442712
-14.836107
-14.400652
-14.007602
-13.711793
-13.300521
-12.811933
-11.843784
-10.553598
-9.139776
-7.827452
-7.101808
-6.367820
-5.289657
-4.129921
-2.384186
-0.459126
1.372780
3.370728
5.160400
6.362711
7.165330
7.833072
8.683205
9.485994
10.209424
10.733094
11.100939
11.469126
12.257951
12.833561
13.426202
13.786554
14.262029
14.894690
15.749250
16.739709
17.602955
18.522739
19.288574
20.100389
20.315136
20.178556
19.900118
19.459554
19.222328
18.867935
17.870154
16.817706
16.130720
15.336786
14.723369
14.181989
13.901847
13.506072
12.955836
12.017318
10.926894
9.566035
8.159535
6.914309
5.751678
4.550389
3.593479
2.666542
1.753739
0.927278
-0.392369
-2.019405
-3.559249
-4.887581
-5.858796
-6.793567
-7.531813
-8.032492
-8.601461
-9.271247
-9.751831
-10.665655
-11.297975
-11.683873
-11.897939
-12.370518
-12.936252
-13.522932
-14.275653
-15.052727
-15.959569
-16.865730
-17.795392
-18.404041
-18.878153
-19.213472
-19.651140
-19.730500
-19.623211
-19.478798
-19.054753
-18.865892
-18.379348
-17.592396
-16.559192
-15.591553
-15.019178
-14.557328
-14.207874
-13.911383
-13.500622
-12.922457
-12.155260
-10.881765
-9.363379
-7.983276
-7.252012
-6.472894
-5.389622
-4.272461
-2.526726
-0.690733
1.213891
3.163644
5.043064
6.540333
7.214376
7.976804
8.865765
9.561437
10.428429
10.908331
11.324031
11.787585
12.288434
12.970652
13.418027
13.732570
14.222520
14.815671
15.584571
16.549144
17.421246
18.252645
19.102097
19.859246
20.092896
19.852264
19.596304
19.346135
19.115210
18.744980
17.962626
17.026663
16.196115
15.373911
14.791659
14.272417
14.062098
13.649804
13.138396
12.362514
11.280775
9.944269
8.459091
7.192918
6.132466
4.900524
3.919601
2.960307
2.041374
1.187325
-0.019073
-1.720190
-3.214053
-4.529612
-5.579846
-6.560939
-7.461139
-7.935592
-8.396932
-8.898803
-9.652887
-10.460785
-11.283670
-11.653900
-12.061085
-12.336969
-12.921946
-13.528722
-14.313119
-15.082359
-15.886511
-16.873394
-17.780406
-18.466541
-18.864700
-19.172260
-19.623041
-19.766263
-19.635473
-19.311224

