-19.055946
-19.396544
-19.406251
-19.506216
-19.741569
-19.904375
-19.556965
-19.293513
-18.793515
-18.421412
-17.662219
-16.973189
-15.934535
-15.071801
-14.488016
-13.912235
-13.353314
-12.680462
-11.741093
-11.065006
-10.231904
-8.873429
-7.477488
-6.035566
-4.897458
-3.915685
-2.998454
-1.822540
-0.842810
-0.282526
0.542402
1.606430
2.757651
3.892013
5.226476
6.150348
7.059404
7.848399
8.788279
9.574039
10.211468
10.864564
11.661904
12.577602
13.311590
13.758114
14.376129
14.945269
15.820776
16.708374
17.345633
18.145357
18.962111
19.772904
20.198311
20.341703
20.475388
20.432302
20.345279
19.834382
19.100904
18.228292
17.197643
16.279391
15.633617
14.823845
13.990743
13.234956
12.454987
11.542184
10.393347
9.106909
7.904938
6.884847
5.879743
4.783528
3.619364
2.515146
1.561812
0.476837
-0.857796
-2.549716
-4.046815
-5.203145
-6.077630
-6.656306
-7.507801
-8.323193
-9.216070
-10.024479
-11.019026
-12.090717
-13.032130
-13.601099
-14.082704
-14.623404
-15.070438
-15.791314
-16.477789
-16.975573
-17.642123
-18.354314
-18.889563
-19.136497
-19.268990
-19.367422
-19.566161
-19.684689
-19.453594
-19.154208
-18.675157
-18.245152
-17.641102
-16.699008
-15.861137
-14.833552
-14.319250
-13.794899
-13.274976
-12.463502
-11.561428
-10.911056
-10.103328
-8.826256
-7.391998
-6.053788
-4.895755
-3.939526
-2.993175
-1.894917
-0.959805
-0.318119
0.390496
1.452310
2.620561
3.929138
5.137239
6.063325
7.074390
7.733107
8.622749
9.547131
10.061775
10.759149
11.548826
12.412071
13.257435
13.859613
14.445952
15.039444
15.927553
16.696283
17.390251
18.182652
19.023418
19.781930
20.344257
20.527669
20.423617
20.350388
20.051513
19.732203
18.952063
18.032108
16.984769
16.204289
15.464851
14.751809
13.876983
13.097014
12.345995
11.500461
10.404246
9.034021
7.896764
6.756953
5.828483
4.669087
3.414324
2.404792
1.481942
0.327655
-0.811645
-2.525193
-3.992830
-5.124467
-5.942242
-6.621395
-7.397618
-8.239405
-9.044579
-9.853159
-10.808877
-11.853491
-12.859958
-13.580493
-14.055116
-14.562437
-15.223197
-15.837635
-16.429254
-17.038924
-17.697811
-18.497365
-18.963814
-19.371680
-19.509452
-19.467899
-19.701379
-19.849709
-19.612483
-19.318887
-18.863678
-18.268824
-17.704623
-16.879184
-15.882083
-14.899969
-14.247383
-13.846670
-13.201577
-12.418543
-11.574881
-10.817221
-10.070460
-8.902550
-7.435935
-6.121227
-4.921300
-3.926413
-2.870049
-1.960993
-1.007829
-0.282867
0.391347
1.355239
2.491815
3.738744
5.025182
5.976132
6.909370
7.770232
8.715221
9.466069
10.127681
10.714531
11.430979
12.474060
13.293198
13.781275
14.357567
14.957190
15.755722
16.611814
17.439127
18.164771
18.952915
19.742421
20.345960
20.567690
20.524434
20.455633
20.264047
20.014899
19.282784
18.299818
17.317533
16.424656
15.663079
14.851093
13.949360
13.192041
12.318236
11.582715
10.289635
9.057181
7.843290
6.680489
5.678790
4.532507
3.345183
2.372095
1.364265
0.334808
-0.781672
-2.249990
-3.734827
-5.100965
-6.015982
-6.552083
-7.325581
-8.181163
-8.975267
-9.803431
-10.614906
-11.819771
-12.877839
-13.562100
-14.155933
-14.663764
-15.251296
-15.853984
-16.462292
-17.037903
-17.683165
-18.415621
-19.016436
-19.350903
-19.508089
-19.584554
-19.744294
-19.826208
-19.833531
-19.506897
-19.077233
-18.512011
-18.017633
-17.080818
-16.126803
-15.118292
-14.456851
-13.988359
-13.444424
-12.743814
-11.802401
-10.930129
-10.330507
-9.086813
-7.817064
-6.563663
-5.267688
-4.250152
-3.122091
-2.153942
-1.133340
-0.326804
0.269924
1.198905
2.303975
3.529787
4.744189
5.813667
6.727832
7.534879
8.494173
9.338515
9.990590
10.501828
11.281456
12.207372
13.142484
13.716732
14.308521
14.931815
15.665633
16.430957
17.123222
17.924479
18.829107
19.665786
20.414591
20.747696
20.827906
20.676000
20.496675
20.274264
19.658634
18.722841
17.624583
16.742945
16.011340
15.186242
14.305115
13.356890
12.663773
11.765787
10.730369
9.379898
8.226122
7.147789
5.961486
4.933902
3.609487
2.631630
1.490968
0.576803
-0.594173
-2.029623
-3.571170
-4.981586
-5.872931
-6.424359
-7.261549
-7.962329
-8.840561
-9.564332
-10.509321
-11.498587
-12.619325
-13.443572
-13.903379
-14.384304
-15.004362
-15.553917
-16.184364
-16.769511
-17.354999
-18.149614
-18.833535
-19.197805
-19.499063
-19.516434
-19.720112
-19.874062
-19.837958
-19.572633
-19.195591
-18.600055
-18.382924
-17.685890
-16.664948
-15.559707
-14.805794
-14.359781
-13.713155
-13.109956
-12.011528
-11.027030
-10.477815
-9.561947
-8.118664
-6.897449
-5.389282
-4.293237
-3.311464
-2.479042
-1.510722
-0.499487
0.169447
1.012598
2.057723
3.265824
4.589898
5.551577
6.590571
7.421289
8.265632
9.196826
9.790148
10.495697
11.024134
12.099062
12.979337
13.523953
14.079809
14.847687
15.540464
16.334227
17.145872
17.896380
18.670048
19.522565
20.270858
20.537717
20.639385
20.415102
20.306621
20.102944
19.616059
18.663066
17.765250
16.803231
16.027178
15.256405
14.321463
13.557843
12.740408
11.876311
10.847705
9.657996
8.371387
7.167203
6.090914
5.089896
3.898314
2.803802
1.843146
0.832932
-0.312328
-1.631464
-3.233297
-4.666022
-5.669424
-6.232943
-7.079329
-7.863556
-8.682523
-9.479352
-10.328804
-11.370863
-12.459925
-13.233764
-13.854163
-14.270885
-14.917510
-15.568222
-16.043356
-16.747032
-17.291818
-18.032789
-18.752984
-19.175666
-19.475903
-19.391775
-19.553559
-19.755193
-19.770861
-19.547428
-19.140244
-18.625600
-18.171753
-17.481872
-16.567707
-15.534673
-14.660018
-14.193399
-13.632774
-12.927396
-12.222358
-11.403390
-10.493994
-9.505238
-8.154597
-7.035221
-5.457572
-4.373619
-3.478697
-2.529110
-1.439537
-0.513622
0.116825
0.895262
1.904454
3.111362
4.326275
5.510364
6.321158
7.357938
8.230209
9.105376
9.694099
10.311093
11.095490
11.937789
12.750455
13.486488
14.003345
14.713832
15.360798
16.186578
17.073836
17.719950
18.443550
19.483396
20.261492
20.626954
20.754508
20.694222
20.533460
20.335913
19.857713
18.930776
17.883948
16.863346
15.993289
15.277011
14.453445
13.691357
12.714863
12.013912
10.965381
9.772948
8.544752
7.363728
6.196839
5.184412
4.020759
2.890485
1.878568
0.818457
-0.148671
-1.539843
-3.107786
-4.558393
-5.653926
-6.240606
-7.015126
-7.802929
-8.512565
-9.381771
-10.279587
-11.350598
-12.406962
-13.332537
-13.932501
-14.408486
-15.010834
-15.617098
-16.162395
-16.852958
-17.377308
-18.081324
-18.686908
-19.254855
-19.502810
-19.666127
-19.677196
-19.877979
-19.906248
-19.643988
-19.219943
-18.700532
-18.272911
-17.540795
-16.593252
-15.557664
-14.660358
-14.183181
-13.563292
-12.921435
-12.208223
-11.191709
-10.570288
-9.550367
-8.303779
-7.037946
-5.568266
-4.384688
-3.445319
-2.582414
-1.555000
-0.645944
-0.153950
0.645093
1.712186
3.062316
4.364933
5.384002
6.226642
7.271596
8.242641
8.988551
9.648800
10.355881
11.104856
11.965207
12.848037
13.529062
14.153719
14.807837
15.516962
16.261850
17.136506
17.872878
18.601928
19.451039
20.340851
20.833867
20.742416
20.683834
20.528351
20.399264
19.758429
18.898419
17.866407
16.933169
16.100407
15.411377
14.642307
13.726268
12.923309
12.000799
10.944264
9.722539
8.472545
7.216249
6.076097
5.185945
3.975630
2.802270
1.768725
0.770433
-0.280142
-1.719679
-3.313167
-4.707405
-5.713361
-6.366117
-7.126672
-7.786921
-8.577279
-9.382793
-10.132790
-11.187962
-12.300866
-13.207027
-13.779913
-14.205149
-14.824016
-15.398264
-16.032968
-16.798292
-17.289945
-17.973525
-18.663406
-19.163064
-19.410167
-19.500256
-19.569908
-19.760643
-19.729648
-19.501277
-19.068718
-18.631901
-18.244811
-17.506054
-16.544887
-15.573672
-14.680454
-14.141117
-13.594627
-12.925523
-12.161051
-11.325223
-10.518006
-9.525674
-8.203472
-6.910052
-5.544424
-4.475457
-3.333262
-2.469335
-1.467807
-0.633683
0.008856
0.820501
2.030815
3.209114
4.596029
5.562646
6.495033
7.407325
8.372579
9.105035
9.779590
10.310752
11.154754
11.952094
12.719120
13.548647
14.032807
14.710937
15.352794
16.223192
17.002991
17.687934
18.453939
19.278015
20.159994
20.659651
20.487649
20.375592
20.238331
20.158972
19.645521
18.808161
17.797606
16.902685
15.992437
15.261684
14.432839
13.610295
12.890100
11.953115
11.057683
9.792873
8.517504
7.263763
6.132977
5.089385
3.991808
2.834967
1.751014
0.882830
-0.281334
-1.737050
-3.365959
-4.567419
-5.684069
-6.505592
-7.092953
-7.897786
-8.525508
-9.353161
-10.353667
-11.440856
-12.448686
-13.237000
-13.886520
-14.361484
-14.790807
-15.447480
-16.171251
-16.655411
-17.231362
-17.918348
-18.713304
-19.136497
-19.357715
-19.580126
-19.576720
-19.760983
-19.803217
-19.505875
-19.210577
-18.703427
-18.277339
-17.578091
-16.640936
-15.644687
-14.761857
-14.255217
-13.695444
-13.097695
-12.362514
-11.414289
-10.671956
-9.669236
-8.381094
-7.127183
-5.766835
-4.619360
-3.644398
-2.667052
-1.554319
-0.752040
-0.116825
0.663485
1.840421
3.062657
4.290172
5.393199
6.299189
7.049526
8.119515
8.894886
9.697165
10.284185
10.984625
11.786563
12.660878
13.535023
14.070783
14.670747
15.272072
16.244990
17.035859
17.745665
18.576384
19.263199
20.100049
20.695584
20.583527
20.355156
20.418848
20.219258
19.729648
18.852609
17.927715
16.966036
16.081844
15.209232
14.552048
13.844456
13.004541
12.166159
11.124951
9.827954
8.630242
7.428612
6.265129
5.312477
4.118170
2.871241
1.842805
0.877040
-0.093664
-1.552956
-3.136567
-4.541363
-5.707911
-6.600278
-6.961141
-7.753202
-8.392504
-9.153570
-9.944269
-11.051212
-12.114048
-12.961626
-13.623238
-14.053583
-14.556987
-15.097346
-15.830483
-16.466209
-17.090355
-17.673288
-18.444061
-18.896886
-19.176517
-19.413744
-19.365379
-19.608055
-19.645861
-19.543682
-19.122873
-18.662895
-18.313101
-17.638206
-16.768149
-15.801362
-14.862163
-14.165980
-13.782127
-13.206857
-12.395723
-11.480025
-10.834251
-9.834085
-8.498090
-7.325751
-5.902222
-4.675559
-3.697702
-2.637080
-1.580715
-0.636918
-0.120742
0.715596
1.906838
2.987896
4.388094
5.438668
6.401028
7.277557
8.059740
8.943592
9.586130
10.175875
10.912589
11.696305
12.490579
13.317892
13.908829
14.413936
15.093258
15.998908
16.758783
17.415626
18.249750
19.136667
19.973857
20.549127
20.592894
20.472663
20.395858
20.234415
19.867080
19.057989
18.203599
17.148427
16.252484
15.452760
14.785869
14.083215
13.196128
12.382269
11.503356
10.227816
9.051902
7.814510
6.636892
5.669424
4.532848
3.151042
2.155985
1.206568
0.201464
-1.240117
-2.970866
-4.332747
-5.432538
-6.228685
-6.956714
-7.604190
-8.435590
-9.128026
-10.134663
-11.053256
-12.118646
-12.993302
-13.735976
-14.158998
-14.564310
-15.222175
-15.896218
-16.567707
-17.081499
-17.605679
-18.360615
-18.882581
-19.151994
-19.228969

