-18.221821
-17.341886
-16.252313
-15.351091
-14.725242
-14.280251
-14.004707
-13.707876
-13.271911
-12.761695
-11.891467
-10.664122
-9.164980
-7.917370
-7.134506
-6.424529
-5.277055
-4.029104
-2.356768
-0.511067
1.351663
3.489937
5.271605
6.525176
7.323367
7.997240
8.709260
9.611164
10.312114
10.786057
11.292015
11.846679
12.455157
13.115917
13.587475
13.993638
14.481715
15.151501
15.993799
16.910519
17.637696
18.519163
19.551175
20.074504
20.267623
19.918850
19.595793
19.427197
19.133261
18.690484
17.874411
16.957692
15.957526
15.115227
14.532123
14.140265
13.830662
13.386522
12.901170
12.120349
10.817562
9.476117
8.202110
6.962674
5.978346
4.791192
3.792218
2.804313
1.950264
1.033715
-0.317267
-1.787799
-3.375496
-4.654442
-5.766835
-6.772791
-7.429804
-7.912602
-8.441210
-9.027890
-9.813479
-10.665655
-11.199032
-11.688301
-11.927911
-12.288604
-12.995516
-13.684034
-14.351095
-15.137536
-15.990394
-17.009974
-17.902170
-18.512351
-18.947295
-19.350733
-19.755874
-19.846303
-19.696440
-19.374745
-19.095966
-18.818549
-18.255370
-17.339161
-16.388893
-15.438284
-14.664105
-14.249427
-13.994660
-13.668878
-13.303416
-12.776170
-11.836120
-10.578973
-9.206193
-7.835967
-7.039649
-6.361178
-5.267348
-4.051924
-2.413137
-0.753914
1.154797
3.281321
4.992655
6.420612
7.183211
7.810593
8.560760
9.295600
10.088852
10.671275
11.090892
11.591911
12.184381
12.886013
13.378348
13.749089
14.246872
14.857054
15.808003
16.731535
17.466886
18.475056
19.421237
20.047597
20.370313
20.096472
19.674982
19.422940
19.181456
18.624408
17.969608
17.042160
16.048465
15.251977
14.609780
14.205320
13.963154
13.553245
13.017144
12.237344
10.973726
9.571654
8.301224
7.065194
6.011895
4.836832
3.788471
2.806698
2.007484
1.077482
-0.229904
-1.828671
-3.342969
-4.611867
-5.727666
-6.682702
-7.305145
-7.954495
-8.632966
-9.130410
-9.936265
-10.722705
-11.306661
-11.637381
-11.867285
-12.161902
-12.906279
-13.646569
-14.322826
-15.092748
-15.957866
-17.084735
-17.942871
-18.496513
-19.072805
-19.530058
-19.926514
-19.913912
-19.837277
-19.515412
-19.312246
-18.978970
-18.408980
-17.621006
-16.579117
-15.565838
-14.812606
-14.371872
-14.086962
-13.763905
-13.386692
-12.883629
-12.112515
-10.849067
-9.316887
-7.926396
-7.163627
-6.453139
-5.236013
-4.103865
-2.472571
-0.653437
1.159055
3.351654
5.239248
6.511382
7.332563
8.054972
8.816378
9.430136
10.218280
10.823863
11.176211
11.665480
12.196132
12.904576
13.372728
13.657638
14.067718
14.851093
15.568563
16.502653
17.311403
18.232039
19.281762
19.936562
20.230668
19.971132
19.712618
19.310202
19.130026
18.706662
17.996175
17.089673
16.052212
15.218599
14.618124
14.087643
13.800519
13.474226
13.001135
12.225253
11.013917
9.554965
8.279596
7.143021
6.202459
4.999297
3.943103
2.982787
2.121244
1.183578
-0.077316
-1.619543
-3.092800
-4.476820
-5.656481
-6.625823
-7.424014
-7.939339
-8.536407
-9.053946
-9.836980
-10.701248
-11.453118
-11.863198
-12.066024
-12.407303
-13.112341
-13.859442
-14.590195
-15.255042
-16.089678
-17.112834
-17.965691
-18.535512
-19.020864
-19.438607
-19.848687
-19.804580
-19.755363
-19.438437
-19.155741
-18.831832
-18.257243
-17.460244
-16.423634
-15.428577
-14.677388
-14.357397
-14.056649
-13.798135
-13.409001
-12.969460
-12.221166
-10.997057
-9.571314
-8.192233
-7.565703
-6.762062
-5.657503
-4.386391
-2.884524
-1.020602
0.849451
2.839225
4.729714
6.260020
7.081883
7.873263
8.679117
9.309053
10.101795
10.841574
11.263405
11.704990
12.392827
13.118301
13.742617
13.956172
14.451742
15.064137
15.954120
16.774791
17.673458
18.481357
19.401652
20.143475
20.285504
20.020860
19.667149
19.403526
19.010135
18.595287
17.911196
16.927719
15.966552
15.154736
14.556135
14.032296
13.779402
13.424669
12.992620
12.219633
10.935409
9.629556
8.323363
7.348401
6.304809
5.146776
4.014969
3.201962
2.315215
1.384701
0.186137
-1.291718
-2.969844
-4.321507
-5.435603
-6.492308
-7.318258
-7.855041
-8.405277
-8.913279
-9.752682
-10.637896
-11.428935
-11.758804
-11.991433
-12.280430
-12.977464
-13.657297
-14.513390
-15.308005
-16.207184
-17.139060
-17.998219
-18.516949
-19.097328
-19.524779
-19.837107
-19.929409
-19.749403
-19.497871
-19.113507
-18.841028
-18.349545
-17.503500
-16.488859
-15.505212
-14.715195
-14.340026
-13.955150
-13.755560
-13.303757
-12.879372
-12.191364
-11.094979
-9.699038
-8.416857
-7.542542
-6.993328
-5.714893
-4.557201
-2.943959
-0.873804
0.771795
2.727509
4.623277
6.217105
7.190534
7.849591
8.563484
9.247235
10.094472
10.725941
11.209420
11.653730
12.272256
12.990236
13.558694
13.797964
14.260496
14.995337
15.899113
16.687257
17.575366
18.614701
19.418682
20.137514
20.477601
20.248379
19.931623
19.505194
19.158636
18.702575
17.933164
17.079456
16.071286
15.211105
14.621019
14.094795
13.700553
13.436249
12.837819
12.167692
10.880743
9.508814
8.172648
7.032156
6.101642
4.956041
3.805331
2.979381
2.100297
1.201459
-0.028781
-1.482112
-3.009353
-4.407338
-5.426066
-6.408691
-7.127353
-7.694960
-8.218288
-8.730548
-9.631770
-10.493653
-11.186770
-11.707885
-11.819942
-12.186936
-12.895209
-13.505902
-14.297622
-15.151160
-15.988861
-17.032283
-17.845290
-18.433162
-19.028187
-19.484247
-19.848176
-19.865206
-19.762005
-19.445760
-19.103629
-18.731185
-18.273422
-17.420905
-16.328437
-15.290976
-14.680794
-14.325891
-13.998917
-13.705492
-13.397932
-12.983424
-12.131078
-10.831356
-9.393862
-8.132798
-7.358789
-6.707396
-5.543402
-4.327978
-2.801759
-0.981263
0.981944
2.963202
4.665681
6.334100
7.106747
7.865429
8.544241
9.238379
10.075229
10.702780
11.108262
11.550529
12.208053
12.845993
13.403893
13.864892
14.272247
14.885323
15.772922
16.598872
17.397744
18.433162
19.429241
20.074674
20.404203
20.251274
19.961596
19.567694
19.150632
18.743617
18.002817
17.170736
16.137532
15.314988
14.663254
14.102289
13.691528
13.362340
12.915816
12.227978
10.938304
9.487016
8.187294
6.950923
5.924361
4.824059
3.714902
2.757651
1.920973
1.016855
-0.217812
-1.650708
-3.186635
-4.657848
-5.722557
-6.594317
-7.368496
-7.962670
-8.404936
-8.920261
-9.616273
-10.629041
-11.222363
-11.633124
-11.855194
-12.174504
-12.772764
-13.371876
-14.129707
-15.061242
-16.008105
-16.830138
-17.704282
-18.414600
-18.935714
-19.476925
-19.880874
-20.043169
-19.827911
-19.541468
-19.255366
-19.045217
-18.510648
-17.674650
-16.542843
-15.487671
-14.788253
-14.451742
-14.084067
-13.610806
-13.286386
-12.837648
-12.011869
-10.804108
-9.286574
-7.919073
-7.126502
-6.505592
-5.371400
-4.233803
-2.510207
-0.794956
1.140492
2.971036
4.822186
6.451266
7.327625
7.991961
8.477824
9.301731
10.085106
10.678598
10.986498
11.432511
12.054784
12.646062
13.256754
13.628687
14.034510
14.814990
15.554088
16.414949
17.235790
18.234764
19.110612
19.797768
20.258767
20.059517
19.871848
19.548620
19.336258
18.931457
18.302032
17.321280
16.321966
15.516111
14.901502
14.361824
13.922964
13.665301
13.127668
12.454987
11.153732
9.800025
8.326939
7.167714
6.224769
5.039658
4.018545
3.039326
2.086844
1.254082
-0.065054
-1.477684
-3.058059
-4.536084
-5.637237
-6.587846
-7.364580
-8.003882
-8.412770
-8.831024
-9.485653
-10.432346
-11.134829
-11.602810
-11.724574
-12.104000
-12.679100
-13.328450
-13.997044
-14.946461
-15.834911
-16.775302
-17.641272
-18.342733
-18.861294
-19.326551
-19.759791
-19.846133
-19.802877
-19.517115
-19.177709
-19.019842
-18.564122
-17.777852
-16.685043
-15.521220
-14.862163
-14.545747
-14.151675
-13.916663
-13.559716
-13.204132
-12.427398
-11.136191
-9.775332
-8.410726
-7.415669
-6.742988
-5.818265
-4.670790
-3.042051
-1.239947
0.632831
2.527067
4.496064
6.153413
7.236515
7.874795
8.576768
9.361676
10.116611
10.756424
11.085783
11.551891
12.132781
12.923820
13.294390
13.655084
14.188119
14.631918
15.587977
16.454288
17.291989
18.271038
19.122022
19.991398
20.387513
20.337956
19.987311
19.661699
19.391945
19.084385
18.298115
17.347847
16.402858
15.621356
14.988014
14.307499
14.020375
13.591562
13.223546
12.482745
11.303765
9.841067
8.505413
7.275513
6.158692
5.119187
3.897292
3.095184
2.148492
1.243864
0.233310
-1.216957
-2.810785
-4.313503
-5.450078
-6.419591
-7.250820
-7.924863
-8.380754
-8.818933
-9.504386
-10.442904
-11.217935
-11.650324
-11.845997
-12.153046
-12.693235
-13.201918
-13.885498
-14.797279
-15.734434
-16.670738
-17.523936
-18.214669
-18.767289
-19.177709
-19.616910
-19.844600
-19.791126
-19.510474
-19.255025
-19.003153
-18.685205
-17.940487
-16.885655
-15.683004
-15.057496
-14.570951
-14.186757
-13.928584
-13.647761
-13.350419
-12.534346
-11.393172
-9.868486
-8.476462
-7.514783
-6.885869
-5.920444
-4.749639
-3.295285
-1.358305
0.450611
2.387251
4.198721
6.027222
7.094996
7.722378
8.510011
9.189333
9.961639
10.604177
11.027711
11.462654
11.994498
12.559550
13.219970
13.488701
13.968774
14.544044
15.326398
16.196966
17.101083
17.964840
18.867084
19.692012
20.106861
20.194394
19.807645
19.412041
19.238676
18.887520
18.240213
17.212459
16.387020
15.584230
14.979839
14.407124
13.949701
13.691528
13.296434
12.717247
11.642490
10.222367
8.887223
7.615430
6.534372
5.483287
4.385029
3.449065
2.397810
1.493011
0.474623
-1.115969
-2.689021
-4.179478
-5.237375
-6.291015
-7.183041
-7.879564
-8.285557
-8.792026
-9.452275
-10.417530
-11.178425
-11.634827
-11.942898
-12.120179
-12.734788
-13.218267
-13.883625
-14.829976
-15.724216
-16.503334
-17.466205
-18.105507
-18.630879
-19.073486
-19.525630
-19.818033
-19.739185
-19.476243
-19.124235
-18.869638
-18.591029
-17.904213
-16.989538
-15.697479
-14.869656
-14.410360
-14.085940
-13.807842
-13.574532
-13.127327
-12.526172
-11.503696
-10.079656
-8.727142
-7.715396
-7.137571
-6.172998
-5.034208
-3.398487
-1.635722
0.191927
2.114773
4.007987
5.828312
6.867817
7.614749
8.526359
9.258134
10.098049
10.721002
11.073692
11.569772
12.154409
12.707881
13.381072
13.695785
14.137541
14.723028
15.408312
16.316346
17.075368
17.902511
18.786192
19.579956
20.110607
20.141602
19.749403
19.463982
19.154889
18.839325
18.169710
17.222336
16.307320
15.595640
14.919213
14.239039
13.988359
13.617447
13.273614
12.561083
11.605024
10.221686
8.807693
7.550546
6.468296
5.410739
4.372086
3.401893
2.497605
1.609496
0.591108
-0.874656
-2.485343
-3.976141
-5.176408
-6.217275
-7.218804
-7.825238
-8.446830
-8.846862
-9.468794
-10.401521
-11.139938
-11.645555
-12.059893
-12.223039
-12.739556
-13.337135
-13.985293
-14.823164
-15.589510
-16.587802
-17.532451
-18.214669
-18.642289
-19.049644
-19.441502
-19.735438
-19.605160
-19.368104
-19.049644
-18.686908
-18.317359
-17.653363
-16.684192
-15.601601

