4.229886
5.435603
6.870202
8.165666
9.250300
10.178600
10.857582
11.643001
12.512207
13.201918
13.982568
14.796938
15.713317
16.514403
17.070259
17.681122
18.495832
19.234930
20.033632
20.841871
21.672930
22.719077
23.647036
24.187905
24.499723
24.729967
24.828911
24.867739
24.477414
23.833513
23.038047
22.194386
21.167312
20.098346
18.861294
17.708540
16.628334
15.656097
14.710426
13.714007
12.400491
11.203119
10.390111
9.250811
7.943766
6.080014
4.144907
2.350807
0.574248
-1.166037
-3.013781
-4.838194
-6.652900
-8.294071
-9.711811
-11.039632
-12.249947
-13.353995
-14.292342
-15.249252
-16.495841
-17.687593
-18.773930
-19.854137
-20.582846
-21.270854
-21.627290
-21.893297
-22.099870
-22.528512
-23.419857
-24.163042
-24.606671
-24.518967
-24.218389
-23.971115
-23.632390
-23.168325
-22.696086
-22.198132
-21.703414
-21.176168
-20.305599
-19.373723
-18.192700
-16.995668
-16.089678
-15.073163
-13.913597
-12.654747
-11.461122
-10.553598
-9.567227
-8.413281
-6.995542
-5.583082
-4.272802
-2.729552
-1.182045
0.284740
1.608304
2.690554
3.785236
5.097730
6.412949
7.801907
9.026527
9.959936
10.654245
11.504037
12.283495
13.095481
14.030082
14.927558
15.755211
16.630207
17.246859
17.782620
18.658127
19.307647
20.090001
20.744801
21.582672
22.660664
23.429394
24.202040
24.455615
24.623019
24.822780
24.753639
24.464130
23.859569
23.041112
22.161177
21.177360
20.203079
19.029209
17.786707
16.780751
15.720129
14.895541
13.860975
12.507439
11.378867
10.445629
9.395565
8.177417
6.404264
4.399845
2.524001
0.786781
-1.119205
-2.838033
-4.671301
-6.500483
-8.082220
-9.533678
-10.880913
-12.021916
-13.119493
-14.171941
-15.164103
-16.382422
-17.631905
-18.792152
-19.919021
-20.749569
-21.498884
-21.925654
-22.249903
-22.388697
-22.854124
-23.663044
-24.547066
-24.983883
-24.939605
-24.619954
-24.329083
-23.900441
-23.602247
-23.287705
-22.581645
-22.065639
-21.433830
-20.592213
-19.443035
-18.226419
-16.948836
-16.037737
-15.035186
-13.804265
-12.517316
-11.335952
-10.500976
-9.468453
-8.189848
-6.965399
-5.531992
-4.154444
-2.523490
-1.024178
0.516006
1.741307
2.900532
4.013606
5.161251
6.589890
7.991791
9.225948
10.111332
10.841915
11.625120
12.415307
13.129371
13.870512
14.759983
15.732050
16.611304
17.077242
17.620666
18.557651
19.165448
19.958360
20.723854
21.527665
22.536857
23.512159
24.084193
24.365187
24.645669
24.856840
24.655376
24.357523
23.810863
22.945063
22.093739
21.035842
20.059177
18.814632
17.584562
16.451223
15.657289
14.617102
13.619661
12.357065
11.175871
10.372741
9.408678
8.213520
6.527219
4.754918
2.721889
1.048190
-0.674384
-2.470527
-4.272120
-6.136383
-7.764101
-9.203127
-10.629552
-11.893511
-12.978486
-13.957705
-15.008450
-16.262872
-17.666306
-18.852438
-19.929579
-20.690475
-21.488156
-21.987132
-22.273064
-22.481169
-22.977761
-23.761136
-24.624552
-24.973495
-24.958679
-24.644818
-24.306263
-24.026462
-23.480994
-23.008074
-22.341694
-21.775450
-21.115882
-20.328079
-19.252811
-17.970119
-16.766787
-15.811409
-14.858586
-13.734783
-12.340375
-11.163269
-10.257108
-9.254047
-8.070639
-6.813662
-5.473750
-4.198211
-2.576794
-1.187495
0.232799
1.520259
2.549716
3.671816
4.815034
6.154605
7.568427
8.778231
9.574039
10.360820
11.121375
11.980874
12.729338
13.579641
14.497212
15.419892
16.423123
16.814981
17.561231
18.456153
19.323485
20.035505
20.864691
21.772555
22.726400
23.601907
24.352244
24.638687
24.913209
25.179556
24.951356
24.620976
24.132899
23.263863
22.221122
21.293844
20.243611
19.162212
17.711776
16.671930
15.699012
14.822142
13.736486
12.609788
11.378867
10.403906
9.527717
8.153405
6.441729
4.544599
2.732447
0.877040
-0.815221
-2.542394
-4.371405
-6.157841
-7.711138
-9.117978
-10.571820
-11.763402
-12.820108
-13.769184
-14.830317
-16.115904
-17.336607
-18.539940
-19.438267
-20.296914
-21.054745
-21.643979
-21.821601
-22.126266
-22.632565
-23.443869
-24.249894
-24.913039
-24.918999
-24.607522
-24.377619
-24.168491
-23.712090
-23.268291
-22.628989
-22.116389
-21.543843
-20.857879
-19.719260
-18.449681
-17.150981
-16.225917
-15.123401
-14.085088
-12.833050
-11.662415
-10.626486
-9.548153
-8.236000
-7.076434
-5.656821
-4.192931
-2.705199
-1.144409
0.261920
1.668589
2.755778
3.748110
4.972730
6.347384
7.766145
9.010179
9.877511
10.713850
11.406626
12.332201
13.048138
13.753176
14.567205
15.475239
16.269343
16.984429
17.387015
18.431459
19.123554
19.961425
20.973682
21.629333
22.427355
23.385457
24.260112
24.650437
24.820226
24.975198
24.849858
24.622338
24.075338
23.329258
22.366388
21.369968
20.379169
19.216197
17.875433
16.802890
15.950714
15.045575
13.874258
12.686934
11.622735
10.532141
9.568759
8.431843
6.771939
4.902737
2.883332
1.073905
-0.698226
-2.577475
-4.264116
-6.097215
-7.738216
-9.134838
-10.552236
-11.886869
-12.823003
-13.989891
-14.914104
-16.224044
-17.524106
-18.751110
-19.780057
-20.518133
-21.250418
-21.813086
-22.005013
-22.266933
-22.739853
-23.507902
-24.279867
-24.688244
-24.748359
-24.371658
-24.042811
-23.712601
-23.322276
-22.855656
-22.198813
-21.765402
-21.206992
-20.407438
-19.506046
-18.121685
-16.943557
-16.082696
-14.924322
-13.873918
-12.696130
-11.482068
-10.569607
-9.553432
-8.351122
-7.197516
-5.817413
-4.427433
-2.837181
-1.379933
0.108651
1.415014
2.588034
3.564869
4.812649
6.324564
7.816383
8.940186
9.766306
10.574886
11.388574
12.129716
12.821981
13.673306
14.669895
15.607391
16.461440
17.044715
17.585243
18.474034
19.241401
19.888197
20.711763
21.650621
22.662367
23.394993
24.236781
24.457829
24.706125
24.841513
24.643285
24.438586
23.924453
23.127965
22.103957
21.147558
20.062923
18.866232
17.768485
16.676528
15.705313
14.863866
13.718775
12.487343
11.387723
10.503871
9.428263
8.251667
6.636211
4.839386
2.917222
1.006808
-0.711679
-2.556358
-4.324913
-6.168229
-7.740940
-9.154422
-10.592937
-11.883804
-12.899467
-13.900655
-14.866931
-16.130039
-17.529896
-18.675327
-19.765411
-20.624059
-21.194730
-21.721295
-22.063937
-22.285495
-22.726740
-23.508583
-24.291618
-24.712086
-24.869612
-24.547918
-24.134091
-23.904358
-23.553371
-22.995302
-22.433145
-21.786179
-21.370649
-20.462615
-19.423280
-18.196617
-16.981874
-15.929767
-14.835766
-13.708898
-12.565851
-11.453969
-10.281290
-9.261029
-8.179801
-6.938492
-5.631447
-4.284212
-2.855744
-1.170465
0.292914
1.597745
2.591440
3.662109
4.890646
6.360156
7.846526
8.987188
9.795598
10.624954
11.598042
12.334755
13.098376
13.951233
14.847176
15.791825
16.708715
17.250095
17.725229
18.636329
19.264391
20.107201
20.896537
21.786349
22.645678
23.561886
24.381365
24.719579
24.936540
24.893114
24.910995
24.680070
24.118423
23.220096
22.304399
21.371671
20.245143
19.119297
17.864874
16.702414
15.878677
14.938457
13.884817
12.649979
11.565685
10.494505
9.444271
8.342607
6.612539
4.887751
2.928972
1.194647
-0.525202
-2.270085
-4.183395
-6.015471
-7.610151
-8.994341
-10.390111
-11.779240
-12.684720
-13.718094
-14.677048
-16.000101
-17.244475
-18.565144
-19.584724
-20.335402
-21.110773
-21.553721
-21.845102
-22.145169
-22.516762
-23.409298
-24.206809
-24.730137
-24.932453
-24.587597
-24.261304
-23.941483
-23.628984
-23.031916
-22.394317
-21.771022
-21.329267
-20.569904
-19.534315
-18.201556
-17.052889
-16.027519
-14.956338
-13.818571
-12.764931
-11.623587
-10.598387
-9.559563
-8.496046
-7.232257
-5.863564
-4.563843
-3.032003
-1.611880
-0.116825
1.272815
2.287456
3.331389
4.516159
5.968128
7.499116
8.620024
9.396247
10.266474
10.945797
11.813641
12.502670
13.324703
14.351436
15.207699
16.023091
16.766446
17.300504
18.086774
18.754176
19.694226
20.529372
21.405050
22.243772
23.192508
24.094071
24.624211
24.823461
24.998699
25.088446
24.800130
24.317673
23.399591
22.507054
21.472318
20.602431
19.191674
17.949002
16.958203
15.786205
15.007598
13.938291
12.715374
11.560917
10.454825
9.604863
8.472034
6.987367
5.073207
3.126519
1.352685
-0.368186
-2.245392
-4.145248
-5.884511
-7.416351
-8.781297
-10.304792
-11.508976
-12.660027
-13.555629
-14.611994
-15.788930
-17.115559
-18.272741
-19.335576
-20.284823
-20.915270
-21.555935
-21.688768
-21.924973
-22.380011
-22.930758
-23.723500
-24.328572
-24.556092
-24.280037
-23.923431
-23.672240
-23.420709
-22.880009
-22.252628
-21.709033
-21.301167
-20.669528
-19.663232
-18.440315
-17.250265
-16.266789
-15.097516
-13.911554
-12.860639
-11.750630
-10.758468
-9.711811
-8.625473
-7.456711
-5.999633
-4.701614
-3.237554
-1.732281
-0.224795
1.113755
2.283709
3.222227
4.434075
5.847216
7.459606
8.566380
9.505068
10.394028
11.153732
11.936256
12.609107
13.507094
14.407805
15.444585
16.278369
16.949347
17.381566
18.114022
18.910851
19.634451
20.545380
21.296229
22.182975
22.958176
23.839474
24.312224
24.426494
24.695907
24.654525
24.410997
23.939269
23.178543
22.270169
21.310023
20.209721
19.183499
17.868280
16.903366
15.978643
15.140261
14.124087
13.062784
11.824880
10.774306
9.867293
8.724587
7.335458
5.466087
3.482444
1.749311
-0.019755
-1.851831
-3.888607
-5.598409
-7.211992
-8.645569
-10.145392
-11.566196
-12.635163
-13.646228
-14.635665
-15.794209
-17.146213
-18.369130
-19.502810
-20.436049
-21.155562
-21.722487
-22.004843
-22.358724
-22.757394
-23.326533
-24.311713
-24.873359
-25.071417
-24.730989
-24.417979
-24.174622
-23.829256
-23.231677
-22.620644
-22.029366
-21.548612
-20.830802
-19.798960
-18.702064
-17.310381
-16.380889
-15.161548
-14.030593
-13.051885
-11.888232
-10.721684
-9.852648
-8.699213
-7.531132
-6.165334
-4.776887
-3.464222
-1.927785
-0.458615
0.909907
2.047334
2.943277
4.072189
5.385024
7.138082
8.475440
9.468794
10.298150
11.084420
11.850425
12.710435
13.502496
14.353820
15.399626
16.263553
17.004354
17.448834
18.232209
18.977608
19.850731
20.632063
21.490540
22.398063
23.343563
24.190290
24.566821
24.779524
25.133235
25.143283
24.934496
24.435180
23.557799
22.729295
21.796567
20.626613
19.573484
18.187761
17.094612
16.166312
15.211957
14.316014
13.116087
11.852469
10.757957
9.812117
8.730718
7.293565
5.403076
3.589051
1.754250
0.048365
-1.752036
-3.709112
-5.479029
-6.980896
-8.447511
-10.037933
-11.158330
-12.326411
-13.232061
-14.394692
-15.493291
-16.803231
-18.139056
-19.274099
-20.217896
-20.971128
-21.457502
-21.790436
-22.047928
-22.473676
-23.067168
-23.952552
-24.658101
-24.863482
-24.615696
-24.214131
-24.125576
-23.754835
-23.384946
-22.717203
-22.112812
-21.695410
-20.940644
-19.990376
-18.944740
-17.621006
-16.546079
-15.492950
-14.367104
-13.226441
-11.943749
-10.940688
-9.987525
-8.860826
-7.561786
-6.202630
-4.781655
-3.484658
-1.822540
-0.304665
1.047339
2.343995
3.301927
4.370042
5.706378
7.142169

