-22.460563
-25.848831
-28.999703
-32.022170
-34.798213
-36.928313
-38.504601
-39.390326
-39.425577
-39.013794
-38.563013
-37.689379
-37.063531
-36.545140
-34.712212
-32.002415
-29.030868
-26.177849
-23.181268
-19.331489
-14.252833
-9.074552
-4.596029
-0.300748
3.717627
7.231065
10.641643
14.014585
17.104319
20.293679
23.130349
25.638853
28.410128
31.335865
33.630644
35.101516
35.947561
36.003079
35.906690
35.750185
35.080739
34.489121
34.054858
33.067976
31.369584
29.505491
27.318001
24.772031
22.647721
20.200014
17.645018
14.497042
10.483265
6.075076
2.210992
-1.457248
-5.019733
-8.390631
-11.564153
-14.864377
-17.935889
-21.555764
-25.040763
-28.207983
-31.376907
-34.345559
-36.667926
-38.389989
-39.490972
-39.790017
-39.389815
-38.783210
-38.013969
-37.293434
-36.723784
-35.337210
-32.794986
-29.769114
-26.854617
-23.820571
-20.218917
-15.604837
-10.316031
-5.554812
-1.295635
2.765826
6.456035
9.838513
13.246877
16.481025
19.395522
22.471973
24.915082
27.448790
30.294486
32.767568
34.555367
35.507338
35.661629
35.494055
35.472938
34.926449
34.116677
33.706938
32.914877
31.436682
29.577698
27.601038
25.324481
23.116384
20.898070
18.266780
15.446288
11.729513
7.459606
3.317424
-0.303813
-3.780637
-7.164478
-10.449375
-13.703959
-16.799995
-20.049640
-23.747342
-26.971442
-29.859032
-32.972438
-35.508360
-37.530490
-38.984333
-39.560625
-39.268732
-38.832426
-38.235358
-37.345716
-36.897830
-35.995586
-33.828872
-30.853578
-27.947085
-25.029864
-21.799122
-17.386164
-12.086800
-7.171631
-2.970014
1.118694
4.898139
8.512395
11.894362
15.159505
18.364021
21.337952
24.040427
26.491880
29.335022
32.080582
34.114974
35.356113
35.927125
35.939217
35.807746
35.371440
34.448590
33.963748
33.453192
32.126733
30.320202
28.439590
26.142767
23.816483
21.505015
18.998384
16.230515
12.831858
8.594138
4.544599
0.912973
-2.672332
-6.244012
-9.484121
-12.769188
-15.876634
-19.116913
-22.701025
-26.030540
-28.953552
-32.094036
-34.973792
-36.972761
-38.631133
-39.463043
-39.429494
-38.856268
-38.216625
-37.394421
-36.973102
-36.259719
-34.530674
-31.622819
-28.774398
-25.871822
-22.751774
-18.880708
-13.903550
-8.807523
-4.310097
-0.112568
3.751857
7.314512
10.774476
14.274461
17.316171
20.308324
23.139204
25.655372
28.387138
31.158073
33.403465
34.937177
35.592828
35.687174
35.508871
35.377571
34.771476
34.046514
33.561332
32.695872
31.101363
29.232332
26.986940
24.674790
22.466864
20.198481
17.569576
14.472178
10.602134
6.134169
2.199411
-1.413482
-4.837513
-8.182355
-11.469637
-14.699357
-17.644508
-21.160671
-24.768455
-28.059142
-31.128100
-34.025908
-36.426101
-38.366488
-39.471218
-39.764983
-39.340939
-38.842133
-38.168941
-37.455048
-36.918776
-35.692113
-33.193997
-30.111926
-27.161326
-24.169002
-20.733220
-15.817370
-10.489055
-5.767175
-1.574755
2.491304
6.207398
9.674515
13.105869
16.321284
19.416468
22.426673
25.012153
27.522870
30.469894
33.067805
34.755298
35.706588
35.923719
35.823413
35.673720
35.175255
34.387452
33.977883
33.284937
31.783921
29.856307
27.803523
25.448288
23.155553
20.873036
18.409831
15.535695
11.840207
7.426568
3.387758
-0.215088
-3.895419
-7.387229
-10.553769
-13.778550
-16.878162
-20.232201
-23.844242
-27.044160
-30.019794
-33.193486
-35.763298
-37.557738
-38.869211
-39.439883
-39.268221
-38.752045
-38.066251
-37.231616
-36.705221
-35.730089
-33.583471
-30.673742
-27.804545
-24.853604
-21.666799
-17.434529
-12.284177
-7.334607
-2.930505
1.226323
4.992144
8.500304
11.863708
15.103476
18.035514
21.085909
23.765053
26.219061
29.011965
31.735556
33.769778
35.120760
35.535949
35.399369
35.333974
35.085167
34.378426
33.859355
33.317464
32.127925
30.468873
28.391055
26.172400
24.017947
21.796056
19.417490
16.753503
13.567380
9.373937
5.137409
1.442092
-2.063172
-5.568436
-8.832046
-12.075390
-15.236480
-18.321616
-21.950177
-25.478431
-28.734377
-31.824453
-34.664018
-36.886420
-38.599287
-39.448057
-39.642709
-39.216961
-38.717304
-37.937335
-37.337201
-36.709138
-35.079888
-32.213075
-29.340642
-26.398727
-23.410661
-19.689798
-14.560563
-9.377684
-4.801580
-0.676938
3.436293
7.171120
10.586296
13.919558
17.074176
20.136663
23.138012
25.624207
28.265033
31.214782
33.629111
35.166740
35.854919
35.903965
35.882166
35.672528
34.990651
34.396478
33.937522
33.018248
31.280007
29.446398
27.270147
24.899755
22.727932
20.423276
17.639909
14.530761
10.547979
6.132977
2.249309
-1.339742
-4.921641
-8.428267
-11.439494
-14.483588
-17.713990
-21.402155
-24.955102
-28.016908
-30.823095
-33.892734
-36.254099
-38.226332
-39.307049
-39.683070
-39.357117
-38.678305
-38.008009
-37.339585
-36.759036
-35.463401
-33.001048
-29.994249
-27.097123
-24.108716
-20.561729
-15.873228
-10.535717
-5.825758
-1.529966
2.547332
6.117310
9.574890
13.140440
16.336441
19.254344
22.209712
24.877957
27.318001
30.086211
32.605784
34.313883
35.425254
35.690410
35.615649
35.530158
35.028287
34.240144
33.571039
32.876730
31.536136
29.660804
27.589968
25.267601
23.084709
20.871844
18.380540
15.528543
11.988197
7.768188
3.689528
0.111546
-3.327642
-6.769385
-9.990079
-13.266121
-16.324180
-19.414425
-22.990533
-26.341166
-29.454572
-32.415390
-35.027095
-37.094695
-38.582768
-39.236546
-39.125851
-38.633857
-38.041047
-37.114791
-36.711012
-35.887105
-34.027270
-31.258719
-28.245449
-25.336913
-22.273575
-18.179246
-12.960093
-7.947683
-3.648145
0.337192
4.179989
7.738897
11.172806
14.605863
17.687763
20.711763
23.483889
25.828225
28.515032
31.370265
33.586536
34.935474
35.560301
35.539014
35.520622
35.159928
34.532888
34.038850
33.597776
32.445874
30.766555
28.954915
26.778323
24.518626
22.306272
19.872189
17.372370
14.178412
9.981394
5.651031
1.905646
-1.641853
-5.197184
-8.529425
-11.740753
-14.856543
-17.944063
-21.611452
-25.079591
-28.198276
-31.254632
-34.502745
-36.660263
-38.409744
-39.400203
-39.808580
-39.483820
-38.812331
-38.008860
-37.503753
-36.936998
-35.422529
-32.786472
-29.882022
-26.969910
-23.832151
-20.127126
-15.279395
-9.987865
-5.351816
-1.092809
2.939190
6.493841
9.981053
13.513735
16.759804
19.865206
22.830282
25.346449
27.930396
30.737094
33.165727
34.929684
35.887105
36.066771
36.000184
35.895961
35.216638
34.382514
33.716815
32.933440
31.382356
29.493230
27.403150
25.052513
22.745132
20.385981
17.677375
14.782803
11.172295
6.776878
2.786943
-0.770773
-4.304477
-7.780109
-10.934557
-14.263732
-17.214332
-20.489011
-23.974010
-27.237960
-30.193499
-33.288172
-35.739967
-37.566253
-38.904973
-39.232118
-39.033379
-38.448402
-37.799392
-36.966630
-36.486898
-35.473279
-33.354759
-30.465296
-27.475357
-24.554729
-21.338633
-17.020873
-11.754036
-6.879057
-2.718142
1.312324
5.194289
8.655105
11.999266
15.198163
18.262693
21.293844
23.950168
26.326520
29.060159
31.784262
33.769437
34.986734
35.391705
35.343000
35.389662
35.048894
34.252916
33.809798
33.193827
31.938383
30.141728
28.171369
25.912183
23.734910
21.517788
19.092219
16.357388
13.026680
8.745534
4.538127
0.898497
-2.630949
-6.136554
-9.370872
-12.529748
-15.666655
-18.786022
-22.475379
-25.860923
-28.983355
-31.917095
-34.815925
-36.892891
-38.483483
-39.389815
-39.446354
-39.012602
-38.337026
-37.549734
-36.969696
-36.289181
-34.477711
-31.674589
-28.870787
-26.002101
-22.899764
-19.048282
-14.110974
-8.904934
-4.353353
-0.173875
3.766673
7.244859
10.692562
14.068399
17.186403
20.156588
23.001262
25.583506
28.243916
31.117371
33.385243
34.937859
35.671166
35.596745
35.370929
35.262789
34.714086
34.082958
33.637966
32.723461
31.098809
29.213599
26.955434
24.601221
22.582667
20.402500
17.692362
14.758962
10.867119
6.353344
2.484322
-1.129253
-4.616805
-7.961137
-11.125122
-14.348371
-17.409665
-20.853622
-24.458000
-27.798244
-30.826330
-33.821719
-36.115646
-37.970543
-39.295469
-39.562668
-39.384535
-38.885559
-38.132838
-37.405491
-36.876372
-35.559280
-33.157212
-30.236755
-27.278151
-24.299111
-21.006720
-16.262872
-10.873590
-6.068945
-1.832928
2.191237
5.973748
9.362868
12.784345
15.981708
19.036872
22.129161
24.709531
27.194704
29.989481
32.631329
34.411294
35.441433
35.752910
35.738094
35.727705
35.233157
34.367868
33.891542
33.277273
31.752246
29.987778
27.954749
25.577715
23.338284
21.026475
18.552201
15.736818
12.213843
7.875817
3.787790
0.279972
-3.283535
-6.736347
-10.071312
-13.227463
-16.250951
-19.510474
-23.108040
-26.488815
-29.499360
-32.699278
-35.359008
-37.249327
-38.728373
-39.319481
-39.307731
-38.877555
-38.208280
-37.311486
-36.896808
-36.109005
-33.948251
-31.119755
-28.244768
-25.338786
-22.228105
-18.148593
-12.866429
-7.902214
-3.586326
0.631298
4.517351
7.956369
11.408329
14.738526
17.841033
20.818540
23.617234
26.002271
28.779677
31.527111
33.706597
35.073587
35.619395
35.551957
35.435472
35.129615
34.439223
33.911296
33.432245
32.283238
30.549594
28.715985
26.348489
24.038553
21.866049
19.440140
16.721487
13.590881
9.539468
5.279439
1.488413
-2.126013
-5.566904
-8.874450
-12.133803
-15.258108
-18.291473
-21.876608
-25.324140
-28.536149
-31.609195
-34.378597
-36.652940
-38.445336
-39.279461
-39.353711
-39.056029
-38.495404
-37.758350
-37.044627
-36.492688
-34.983839
-32.320023
-29.267413
-26.352576
-23.259776
-19.582340
-14.638730
-9.386029
-4.756962
-0.789336
3.238916
6.894214
10.315861
13.653891
16.824688
19.852945
22.763695
25.266750
27.808462
30.731814
33.143418
34.821885
35.644770
35.702842
35.564218
35.517727
34.769433
34.068823
33.763306
32.883201
31.216655
29.352052
27.209520
24.895327
22.725718
20.367418
17.910515
14.923300
11.145387
6.640979
2.695663
-0.873123
-4.470519
-7.904938
-11.113541
-14.255387
-17.276491
-20.634787
-24.389710
-27.517932
-30.560153
-33.728736
-36.146130
-37.991490
-39.227520
-39.527416
-39.260898
-38.781507
-38.105760
-37.371090
-36.914859
-35.711867
-33.270972
-30.283758
-27.503967
-24.513347
-21.042824
-16.509635
-11.186429
-6.365095
-2.053806
2.078669
5.881275
9.259156
12.758119
16.027689
19.001790
21.899939
24.529696
27.041606
29.817138
32.481807
34.316438
35.440922
35.765512
35.553149
35.475152
35.087040
34.340790
33.898524
33.316953
31.847443
30.058111
28.018270
25.593383
23.281574
21.194730
18.692527
15.789952
12.419564
8.118664
4.015139
0.385216
-3.164836
-6.643193
-9.902545
-13.129030
-16.109943
-19.238506
-22.879328
-26.180914
-29.229947
-32.417263
-35.108328
-37.053823
-38.651569
-39.307731
-39.247274
-38.870573
-38.299901
-37.432058
-37.009716
-36.185639
-34.267391
-31.461886
-28.651953
-25.765044
-22.544520
-18.492767
-13.324022
-8.128030
-3.868682
0.299386
4.059247
7.669755
11.180639
14.531612
17.680781
20.764215
23.569039
25.965997
28.721775
31.578541
33.731290
35.181046
35.768407
35.745076
35.867180
35.618373
34.836871
34.196717

