-19.312416
-21.939789
-24.423259
-27.203219
-30.063731
-32.545498
-35.156522
-37.143401
-37.819999
-37.639482
-37.178482
-35.815750
-34.279312
-33.407041
-32.413517
-31.360218
-29.918637
-27.886118
-25.471108
-22.744281
-19.063098
-14.892476
-10.794401
-6.508827
-2.469165
1.109498
4.851137
8.342096
11.010511
13.641970
16.229493
18.921920
22.083691
25.320734
27.968884
30.343703
32.708645
34.465109
35.495247
35.828522
35.411460
34.831933
34.353392
33.752407
33.111232
32.564061
31.172378
28.762477
26.398386
23.261309
19.744464
16.223873
12.795585
9.168727
5.441734
1.442432
-2.281666
-5.383321
-8.293731
-11.751822
-15.073504
-18.454790
-21.248204
-23.763691
-26.513849
-29.461384
-31.991686
-34.529993
-36.818811
-37.923711
-37.908043
-37.394081
-36.360366
-34.783227
-33.559969
-32.607828
-31.579052
-30.282055
-28.466157
-26.050295
-23.412704
-20.145689
-15.983752
-11.774131
-7.597889
-3.401382
0.319311
3.948723
7.531302
10.465894
12.770040
15.509639
18.050841
21.020515
24.238314
27.064255
29.504129
31.766381
33.593518
34.736395
35.361733
35.144602
34.530163
34.115314
33.553158
32.940592
32.389675
31.323263
29.263667
26.896681
24.082661
20.484754
17.078263
13.725758
10.308708
6.537948
2.638272
-1.137257
-4.386902
-7.327454
-10.618993
-13.925689
-17.092398
-20.175491
-22.779192
-25.269474
-28.090136
-30.812366
-33.436503
-36.003079
-37.530490
-37.688698
-37.399190
-36.674227
-35.090787
-33.768926
-32.872643
-31.853574
-30.611243
-29.025418
-26.838779
-24.457318
-21.405050
-17.397233
-13.194254
-9.135859
-4.921811
-1.122781
2.676078
6.241117
9.281806
11.812278
14.276334
16.959565
19.780057
23.127454
26.212590
28.624875
30.764341
32.888310
34.372807
35.051448
35.121952
34.583466
34.169129
33.731120
32.994236
32.360043
31.618220
29.839788
27.524573
24.968215
21.742753
18.279042
14.891284
11.352130
7.794244
3.917388
-0.101839
-3.650870
-6.484474
-9.564502
-12.853656
-16.112668
-19.300835
-21.982874
-24.528503
-27.370453
-30.199119
-32.625539
-35.219193
-37.084988
-37.617513
-37.328345
-36.701645
-35.431215
-34.073932
-33.050776
-32.140698
-30.928510
-29.642071
-27.571576
-25.116716
-22.412028
-18.805776
-14.707191
-10.512386
-6.251846
-2.311638
1.331057
5.120890
8.665664
11.212485
13.566528
16.183172
18.864019
21.970442
25.102922
27.740002
30.104092
32.333987
34.119402
35.046680
35.438367
35.123995
34.521648
34.029313
33.551455
33.007690
32.420669
30.870097
28.590815
26.091678
23.072447
19.434520
15.965189
12.709924
9.052413
5.277906
1.285587
-2.297504
-5.423852
-8.492299
-11.916671
-15.065329
-18.293006
-21.220275
-23.784978
-26.402644
-29.301814
-31.839609
-34.515006
-36.810807
-37.938697
-37.954365
-37.561825
-36.634036
-35.061325
-33.762625
-32.817977
-31.705754
-30.312027
-28.458152
-26.112454
-23.734229
-20.272561
-16.146387
-12.004886
-7.842609
-3.642355
0.146457
3.888607
7.524150
10.405609
12.839011
15.426193
18.078259
20.999738
24.363484
27.291094
29.654673
31.937361
33.848456
35.080569
35.583632
35.364287
34.686838
34.197909
33.695017
33.012458
32.431909
31.378780
29.318333
26.889358
24.065631
20.659310
17.135484
13.742787
10.195460
6.616286
2.782175
-1.196861
-4.549197
-7.409368
-10.628189
-13.983079
-17.268828
-20.303215
-22.808824
-25.403159
-28.274400
-30.969552
-33.422709
-35.838570
-37.401744
-37.701641
-37.335157
-36.521469
-35.092320
-33.729417
-32.786301
-31.782900
-30.584506
-29.058286
-26.777302
-24.300132
-21.304062
-17.479999
-13.369833
-9.246554
-5.035571
-1.253741
2.402067
6.112882
9.323869
11.761699
14.285360
16.852958
19.578934
22.767101
25.783437
28.301137
30.735901
32.806567
34.286806
35.090106
35.276583
34.800938
34.305028
33.818994
33.258029
32.845395
31.977551
30.299085
28.087412
25.463104
22.181443
18.617766
15.338830
11.879887
8.318595
4.571676
0.689881
-2.868176
-5.806003
-8.915663
-12.332712
-15.555109
-18.747023
-21.509443
-24.138689
-27.001926
-29.805047
-32.431398
-35.164016
-37.150042
-37.993022
-37.794454
-37.285089
-36.051614
-34.503937
-33.486400
-32.654660
-31.451838
-30.187709
-28.129816
-25.726897
-23.097822
-19.330808
-15.137196
-11.013235
-6.943941
-2.808741
0.952142
4.667555
8.131947
10.929619
13.441188
16.219446
18.871001
21.913903
25.186028
27.937719
30.340637
32.625369
34.436669
35.559961
35.902091
35.525731
34.969875
34.446376
33.840622
33.135584
32.582624
31.187534
28.888328
26.418141
23.396696
19.621338
16.073159
12.634822
9.072168
5.464043
1.531839
-2.268553
-5.546808
-8.322341
-11.542695
-14.988014
-18.455131
-21.327393
-23.734740
-26.135956
-29.079744
-31.672035
-34.364121
-36.603383
-37.808759
-37.858656
-37.296159
-36.368200
-34.884896
-33.590794
-32.589265
-31.442302
-30.116013
-28.406382
-26.018279
-23.385286
-20.088468
-15.984944
-11.867966
-7.640464
-3.454515
0.150204
3.859316
7.661922
10.502679
12.719972
15.208040
17.904384
20.752464
23.985079
26.913200
29.211385
31.462567
33.317634
34.569332
35.161972
35.048894
34.500020
33.915894
33.416748
32.841308
32.238790
31.203713
29.155186
26.846102
24.124043
20.740202
17.199005
13.903379
10.491950
6.882633
3.045627
-0.742504
-4.118681
-6.974254
-10.193075
-13.503177
-16.574860
-19.622019
-22.260462
-24.910995
-27.695383
-30.327695
-32.887289
-35.440922
-37.077325
-37.473100
-37.193980
-36.519766
-34.991332
-33.661127
-32.698938
-31.782729
-30.726194
-29.191801
-27.030536
-24.702890
-21.853788
-18.042837
-13.862167
-9.795598
-5.725792
-1.841443
1.830714
5.526543
8.837666
11.367287
13.832876
16.432490
19.069569
22.214311
25.461231
28.117555
30.493566
32.697235
34.298726
35.231113
35.358838
35.010576
34.562349
34.149715
33.490317
32.961539
32.386950
30.801467
28.549773
25.999887
22.785664
19.384793
16.026497
12.524298
8.921794
5.200250
1.207420
-2.467803
-5.544424
-8.574554
-11.909689
-15.142305
-18.490553
-21.282605
-23.845434
-26.642765
-29.690436
-32.274893
-34.862586
-36.938361
-38.025039
-38.000175
-37.427970
-36.325455
-34.969023
-33.823081
-32.857486
-31.673568
-30.376911
-28.447253
-25.913715
-23.255008
-19.847495
-15.662398
-11.530774
-7.293565
-3.143719
0.482116
4.182713
7.779087
10.535547
12.975420
15.592745
18.302713
21.388190
24.723666
27.486767
29.779332
31.919309
33.697060
34.746613
35.276413
35.104070
34.597942
34.016882
33.535957
32.863106
32.239641
31.054871
29.006686
26.637145
23.807117
20.217385
16.778878
13.501304
9.789126
6.039994
2.070325
-1.759529
-4.988909
-7.736342
-11.048317
-14.251300
-17.438616
-20.358903
-23.078408
-25.704248
-28.461218
-31.070198
-33.536468
-35.977874
-37.254436
-37.497112
-37.113428
-36.355938
-34.799235
-33.445358
-32.397509
-31.388147
-30.230795
-28.598138
-26.354109
-24.000236
-21.021366
-17.028025
-12.844801
-8.779764
-4.612889
-0.706230
2.927440
6.476641
9.421280
11.821474
14.332703
16.929763
19.637517
22.866556
25.983879
28.469222
30.665909
32.584838
33.994913
34.767219
34.789017
34.279653
33.842496
33.346244
32.691785
32.124349
31.301975
29.511622
27.284792
24.677174
21.464995
17.964840
14.709745
11.249440
7.682017
3.941911
-0.021458
-3.572873
-6.523643
-9.554454
-12.845312
-15.989201
-19.224031
-21.883760
-24.478265
-27.189425
-30.136279
-32.584667
-35.125869
-37.057400
-37.655830
-37.455729
-36.786113
-35.559450
-34.108843
-33.111913
-32.069683
-30.905690
-29.663358
-27.647529
-25.165081
-22.435359
-18.929924
-14.751809
-10.585955
-6.364073
-2.342122
1.235689
5.017860
8.508308
11.173146
13.516630
16.048465
18.770014
21.788052
25.005170
27.685847
30.176469
32.530853
34.223284
35.134213
35.543271
35.235541
34.647839
34.180369
33.640691
33.089604
32.485383
30.980962
28.663022
26.319708
23.291452
19.555943
16.201053
12.915816
9.319442
5.741630
1.806191
-1.887764
-5.100625
-8.107253
-11.498758
-14.749595
-17.946107
-20.868267
-23.444210
-26.145663
-29.064587
-31.625203
-34.248488
-36.705732
-37.758861
-37.821872
-37.431547
-36.470209
-34.990822
-33.817462
-32.894952
-31.866687
-30.575309
-28.727225
-26.293993
-23.836579
-20.453589
-16.315494
-12.180124
-8.112362
-4.028593
-0.165190
3.474440
7.125480
10.109118
12.560913
15.194075
17.778363
20.612649
23.841347
26.805912
29.149055
31.445537
33.469200
34.845897
35.565070
35.494225
34.862246
34.414360
33.975158
33.216647
32.752412
31.757184
29.756682
27.415582
24.639027
21.223852
17.678227
14.345646
10.749613
7.116284
3.350122
-0.577824
-3.921815
-6.900004
-10.062967
-13.384649
-16.562768
-19.626788
-22.297076
-24.898052
-27.808973
-30.526263
-33.046688
-35.606112
-37.263291
-37.683249
-37.420477
-36.677633
-35.166740
-33.859525
-32.996110
-31.897341
-30.834845
-29.401949
-27.187722
-24.748700
-21.857194
-17.901829
-13.814143
-9.819439
-5.615439
-1.753739
1.789842
5.487714
8.820295
11.402709
13.874599
16.543865
19.144160
22.302866
25.325503
27.915750
30.292102
32.467331
34.083469
34.898860
35.089254
34.641538
34.098285
33.637285
32.973289
32.437018
31.849827
30.144964
27.881690
25.440454
22.240026
18.568720
15.243292
11.907646
8.335965
4.551581
0.569991
-2.944640
-5.951439
-9.003196
-12.335777
-15.514408
-18.717561
-21.418674
-23.968560
-26.744264
-29.574803
-32.095398
-34.827845
-36.853041
-37.573576
-37.526573
-36.991153
-35.839081
-34.207957
-33.135925
-32.230786
-31.208141
-29.889005
-27.969054
-25.446245
-22.893122
-19.330297
-15.124934
-10.950225
-6.966591
-2.873795
0.826120
4.562140
8.030619
10.788441
13.184718
15.793868
18.437079
21.358388
24.613653
27.362449
29.777970
32.066277
33.844369
34.968512
35.502400
35.071714
34.489291
34.152780
33.554690
32.863106
32.284941
30.983857
28.810161
26.347978
23.325341
19.828762
16.358410
13.046435
9.383133
5.750316
1.871756
-1.895257
-5.136558
-8.057526
-11.285373
-14.541660
-17.741919
-20.818881
-23.285321
-25.904349
-28.791768
-31.420333
-34.012284
-36.414180
-37.573065
-37.706750
-37.355764
-36.444153
-34.920488
-33.674240
-32.704047
-31.552144
-30.325992
-28.769629
-26.391404
-23.791790
-20.600387
-16.506229
-12.355873
-8.168731
-4.006965
-0.188862
3.390142
7.110153
10.192054
12.575218
14.993293
17.610618
20.480497
23.650272
26.604278
28.962408
31.266894
33.347607
34.624168
35.316944
35.353729
34.788847
34.340279
33.860718
33.121620
32.606806
31.677825
29.628107
27.249711
24.692672
21.282264
17.625093
14.380557
10.862010
7.272618
3.465073
-0.450271
-3.819125
-6.740604
-9.913104
-13.170753
-16.343764
-19.507749
-22.125585
-24.788209
-27.703217
-30.369588
-32.910790
-35.535778
-37.258182
-37.722588
-37.584135
-36.962714
-35.537992
-34.174579
-33.091307
-32.130139
-31.008210
-29.584680
-27.445895
-24.964128
-22.158112
-18.360274
-14.053072
-10.036741
-5.753892
-1.928466
1.787458
5.537442
8.778742
11.365243
13.857739
16.539608
19.291128
22.547415
25.819881
28.414726
30.732666
32.754285
34.214428
35.240650
35.436664
34.926449
34.388474

