-7.671288
-3.713710
-0.078848
3.661088
7.244689
10.106734
12.603998
15.223026
17.771040
20.788738
24.111952
27.031047
29.544149
31.869922
33.863613
35.240991
35.801274
35.681725
35.227197
34.957613
34.544638
33.929518
33.455917
32.306228
30.077015
27.563913
24.719749
21.087783
17.472165
13.952255
10.278055
6.486007
2.586160
-1.299892
-4.709278
-7.848229
-11.377335
-14.801196
-18.187591
-21.273920
-24.008070
-26.840142
-29.925959
-32.691615
-35.300255
-37.879774
-39.284400
-39.484841
-39.141859
-38.155658
-36.549909
-35.223961
-34.081425
-32.853058
-31.411988
-29.503448
-27.038370
-24.379832
-20.933492
-16.688449
-12.139252
-7.739408
-3.321511
0.568288
4.410914
8.230209
11.513914
13.960940
16.519853
19.264051
22.006035
25.327376
28.347458
30.760935
32.803672
34.648861
35.755294
36.186831
36.132847
35.547188
34.813200
34.279994
33.315250
32.588243
31.420674
29.071569
26.535988
23.824828
20.300831
16.592400
13.217756
9.741953
5.915506
2.020257
-1.805169
-5.231925
-8.201940
-11.425870
-14.563118
-17.455476
-20.290273
-22.790943
-25.314433
-28.031554
-30.747652
-33.256837
-35.729408
-37.298203
-37.536791
-37.099123
-36.395958
-34.908908
-33.323084
-32.317128
-31.355279
-30.138833
-28.720754
-26.600191
-24.156230
-21.415268
-17.531599
-13.350248
-9.298495
-5.291530
-1.440048
2.023663
5.614758
8.787768
11.196647
13.599396
16.118288
18.625600
21.694388
24.790083
27.431250
29.713256
31.801122
33.341987
34.289530
34.622465
34.359183
34.030506
33.819505
33.291578
32.730954
32.249178
30.851364
28.750896
26.367222
23.331302
19.776821
16.506059
13.199363
9.710448
6.033523
2.130611
-1.520429
-4.534721
-7.631608
-11.036055
-14.294897
-17.606361
-20.501273
-23.103952
-26.010786
-29.179198
-31.979765
-34.842661
-37.235192
-38.244043
-38.332769
-38.020951
-37.141017
-35.848618
-34.972940
-34.050941
-32.992533
-31.835011
-30.059985
-27.552843
-24.852582
-21.251099
-17.053740
-12.788943
-8.525848
-4.298006
-0.522137
3.440721
7.262060
10.416678
13.124091
15.859434
18.677711
21.770852
25.136300
28.049435
30.660459
33.204215
35.211188
36.382505
36.943470
36.677463
36.231620
35.911628
35.305023
34.522159
33.897161
32.575812
30.254977
27.735063
24.707147
20.954779
17.144850
13.554777
9.999616
6.110498
2.030475
-1.983813
-5.444629
-8.581706
-12.107577
-15.445096
-18.636499
-21.683489
-24.245126
-26.864835
-29.827016
-32.323258
-35.021646
-37.494557
-38.796834
-38.783550
-38.170985
-37.277937
-35.629783
-34.063714
-32.895122
-31.767913
-30.351026
-28.581108
-26.206289
-23.644311
-20.423957
-16.044549
-11.709418
-7.537774
-3.384181
0.442948
4.129750
7.674524
10.654075
12.982743
15.532289
18.037387
20.701204
23.867232
26.770319
29.024908
31.006677
32.851185
34.109865
34.709147
34.510749
33.979416
33.485208
33.035108
32.355445
31.696217
30.745608
28.846094
26.388679
23.830788
20.595789
17.105171
13.784681
10.455336
6.973403
3.313678
-0.365973
-3.735508
-6.641320
-9.676388
-12.741940
-15.710422
-18.596819
-21.125589
-23.624556
-26.405879
-29.216494
-31.705414
-34.398692
-36.212546
-36.708627
-36.412477
-35.784585
-34.642390
-33.359357
-32.604252
-31.762293
-30.676808
-29.399906
-27.515037
-25.256361
-22.549118
-18.896035
-14.802558
-10.754892
-6.769555
-2.983979
0.450100
4.171303
7.599422
10.199887
12.575899
15.170915
17.830644
21.048273
24.365868
27.111769
29.537678
31.971931
33.795834
34.828016
35.298211
35.163334
34.833125
34.571375
34.189224
33.774546
33.331939
31.816789
29.537337
27.078050
24.083172
20.510980
17.038924
13.552564
9.941033
6.232262
2.080543
-1.616308
-4.850115
-8.055653
-11.733259
-15.192372
-18.428564
-21.250418
-23.934671
-26.981831
-30.017240
-32.703536
-35.560983
-37.850142
-38.918427
-38.893734
-38.471563
-37.566764
-35.992180
-34.784079
-33.800261
-32.706261
-31.349829
-29.311521
-26.721443
-24.095433
-20.442179
-16.047273
-11.640787
-7.269553
-3.059081
0.861713
4.708256
8.515460
11.476789
14.017650
16.766957
19.433158
22.315638
25.681938
28.614657
30.971084
33.139161
34.881149
35.962548
36.248650
35.958801
35.333633
34.777948
34.187692
33.290046
32.518761
31.164033
28.901952
26.207481
23.184844
19.485610
15.947819
12.511015
8.794240
5.093813
1.148156
-2.684763
-6.024837
-8.999280
-12.233257
-15.406609
-18.480505
-21.336930
-23.654870
-26.188578
-29.156208
-31.746796
-34.226179
-36.446197
-37.687165
-37.771804
-37.247964
-35.868883
-34.391539
-33.130646
-32.046352
-30.926296
-29.608182
-27.981315
-25.774581
-23.217542
-19.901139
-15.769856
-11.868988
-7.891485
-3.755944
-0.280482
3.351825
6.913458
9.892157
12.058020
14.607055
17.118113
19.829784
22.928034
25.802851
28.144802
30.343022
32.371283
33.618041
34.354925
34.345899
33.955233
33.583300
33.268247
32.601697
32.167094
31.425101
29.567139
27.319874
24.800811
21.617583
18.174478
14.757599
11.432341
8.006947
4.256283
0.356095
-3.002541
-5.887917
-9.024654
-12.348720
-15.589169
-18.581663
-21.297591
-23.930243
-26.826518
-29.775075
-32.332795
-35.181046
-37.066426
-37.864787
-37.664516
-37.159920
-36.082268
-34.667424
-33.730609
-32.759905
-31.749691
-30.442306
-28.399910
-26.029689
-23.308652
-19.339493
-14.912060
-10.577270
-6.286587
-2.236877
1.442773
5.444629
8.788109
11.378867
13.832194
16.634124
19.372531
22.510801
25.825841
28.384754
30.654328
32.725334
34.234694
35.083635
35.396644
34.916060
34.441096
34.110546
33.629962
32.881328
32.123327
30.433110
28.137309
25.604963
22.554398
18.961940
15.648944
12.241261
8.632115
4.993677
1.066072
-2.702815
-5.830015
-8.929457
-12.381928
-15.443734
-18.595287
-21.459545
-23.996319
-26.775939
-29.893603
-32.561847
-35.331930
-37.382841
-38.288661
-38.072722
-37.501369
-36.348956
-34.874507
-33.753940
-32.729081
-31.599828
-30.170849
-28.230974
-25.732347
-23.016589
-19.277164
-14.892135
-10.698863
-6.324393
-2.305337
1.411097
5.112886
8.783851
11.598212
13.934714
16.422612
18.988848
21.778345
25.020497
27.762651
29.937199
32.111236
33.992188
34.880298
35.262108
34.994568
34.517390
34.102372
33.559288
32.861573
32.291583
30.954395
28.650079
26.185342
23.322105
19.833020
16.431638
12.982403
9.394373
5.840574
2.011572
-1.789502
-4.936457
-7.763590
-11.062111
-14.296089
-17.473016
-20.283631
-22.786345
-25.448969
-28.435162
-31.161819
-33.689908
-36.233834
-37.691423
-37.838050
-37.372623
-36.566087
-35.134213
-33.864975
-32.935994
-31.887974
-30.729430
-29.074635
-26.844229
-24.405548
-21.321603
-17.143829
-12.884992
-8.689165
-4.509858
-0.894581
2.791371
6.536586
9.578977
12.059382
14.745167
17.474379
20.249060
23.490020
26.659966
29.159955
31.604937
33.586366
34.993717
35.721915
35.781349
35.345554
34.982818
34.626893
33.983162
33.375876
32.440254
30.391727
28.072596
25.295871
21.812575
18.246685
14.864717
11.345148
7.508823
3.678117
-0.259025
-3.814016
-6.762573
-10.208573
-13.609443
-16.907624
-20.021711
-22.652149
-25.266920
-28.215647
-31.091997
-33.751215
-36.395277
-38.171836
-38.683585
-38.475990
-37.809951
-36.384038
-34.997634
-33.820697
-32.805375
-31.539031
-30.010939
-27.890035
-25.415591
-22.559336
-18.541983
-14.134816
-9.907143
-5.430835
-1.362392
2.310276
6.016663
9.442738
11.903558
14.468602
17.128331
19.830636
23.023912
26.274920
28.856993
31.064238
33.225673
34.733840
35.467488
35.579886
35.186665
34.852198
34.408740
33.691270
33.036641
32.242026
30.501740
28.019633
25.450162
22.178888
18.612146
15.218428
11.817557
8.111681
4.414661
0.450611
-3.280299
-6.233794
-9.243148
-12.492112
-15.696628
-18.785511
-21.375077
-23.910488
-26.722295
-29.718876
-32.301119
-34.985372
-37.064212
-37.904467
-37.583453
-36.865643
-35.742692
-34.397500
-33.420154
-32.456091
-31.351192
-30.086381
-28.143099
-25.734561
-23.078748
-19.536870
-15.264409
-11.139086
-6.987708
-3.121069
0.426429
4.217454
7.788624
10.552917
13.021060
15.662568
18.272400
21.257741
24.431433
27.269976
29.636451
31.986747
33.794641
34.879276
35.344192
35.106625
34.642730
34.277950
33.907720
33.312525
32.674755
31.435830
29.176985
26.909113
24.024418
20.410844
16.921248
13.590540
9.898288
6.269217
2.423014
-1.431022
-4.640136
-7.653577
-11.065517
-14.305455
-17.606190
-20.563943
-23.136309
-25.824479
-28.791939
-31.500714
-34.212896
-36.708287
-38.000856
-38.233825
-37.881817
-36.975145
-35.480942
-34.362589
-33.456257
-32.341651
-31.057937
-29.336384
-27.059828
-24.519478
-21.261999
-17.083883
-12.603658
-8.539472
-4.226821
-0.413997
3.231253
7.013083
10.171618
12.650660
15.193905
17.724378
20.706994
24.113655
27.114834
29.542957
31.713588
33.762285
35.088573
35.646473
35.506998
35.004956
34.706252
34.236397
33.502068
32.908065
31.766210
29.634578
27.151619
24.366549
20.938771
17.303058
13.936417
10.381596
6.665843
2.884865
-1.049042
-4.542725
-7.493496
-10.690689
-13.956002
-17.194578
-20.137174
-22.513696
-25.097813
-28.004476
-30.815431
-33.299582
-35.906860
-37.551948
-37.921837
-37.493195
-36.648342
-35.164697
-33.861058
-32.826832
-31.747477
-30.621631
-29.253449
-27.105979
-24.647883
-21.738495
-17.915964
-13.501304
-9.251152
-5.110502
-1.368182
2.115795
5.768708
9.112358
11.577606
13.992276
16.715356
19.406421
22.446258
25.514194
28.078556
30.320202
32.353061
33.831596
34.611566
34.915720
34.547704
34.113441
33.847094
33.267226
32.821894
32.101870
30.350685
28.058631
25.611435
22.507395
18.850906
15.580654
12.149981
8.494684
4.642691
0.852517
-2.700090
-5.681174
-8.699042
-12.161561
-15.399797
-18.591881
-21.301338
-23.855312
-26.464633
-29.451847
-32.012463
-34.814222
-36.767381
-37.656852
-37.638460
-37.170819
-36.149706
-34.703016
-33.661638
-32.733338
-31.705754
-30.407395
-28.544664
-26.214634
-23.586069
-20.112821
-15.795912
-11.577606
-7.409028
-3.238916
0.525883
4.187822
7.716758
10.581527
13.058015
15.608243
18.327747
21.342720
24.610588
27.539900
30.091831
32.386269
34.271479
35.374505
35.784585
35.520962
35.013301
34.815243
34.309455
33.642565
33.095734
31.784773
29.586383
26.971102
23.987804
20.408971
16.846146
13.496195
9.826762
6.177936
2.206394
-1.773664
-5.122083
-8.079324
-11.345148
-14.690331
-17.961775
-20.892961
-23.311717
-25.999887
-29.044322
-31.758036
-34.400395
-36.843675
-38.180181
-38.191080
-37.747111
-36.778961
-35.275732
-34.067290
-33.099481
-31.949963
-30.744076
-29.019117
-26.675803
-24.010454
-20.895685
-16.692366
-12.303080
-8.106572
-3.890480
-0.211511
3.431865
7.073368
10.193246
12.592248
15.149287
17.824684
20.631722
23.675306
26.598658
29.042278
31.275749
33.302988
34.642560
35.150221
35.249165
34.684454
34.304346
33.936501
33.299242
32.710007
31.692471
29.676131
27.228764
24.612631
21.179063
17.548800
14.318739
10.864735
7.157837
3.310101
-0.538996
-3.923007
-6.857259
-10.055474
-13.261012
-16.279391
-19.309350
-21.874734
-24.356331
-27.173076

