31.307084
31.213931
30.871119
30.725002
30.671188
30.302150
29.874189
29.432944
27.991533
25.906052
23.664406
21.080290
18.171583
15.093940
11.687619
8.231231
5.029270
2.120733
-0.934771
-4.054819
-7.480383
-11.086805
-14.075041
-16.906943
-19.950015
-22.621666
-25.101900
-27.785472
-29.834168
-31.247309
-32.088416
-32.107319
-31.710863
-31.539713
-31.304700
-31.063727
-31.537499
-31.637975
-30.690942
-28.507369
-25.943007
-24.006537
-21.892786
-18.301010
-14.177050
-10.433027
-6.675891
-3.173011
-0.153610
2.973761
6.557703
10.185923
14.052050
17.842395
20.942858
23.589475
26.131698
28.382199
30.663865
32.570873
33.592497
33.578532
33.261435
32.387802
31.578711
30.993053
30.313901
29.247659
28.320040
27.002266
24.601051
22.049461
19.252300
16.221830
13.042007
9.602819
5.816732
2.433402
-0.259536
-2.996240
-5.953142
-8.870363
-12.248414
-15.080827
-17.639909
-20.390408
-22.665943
-24.652140
-26.921715
-28.793641
-29.865333
-30.446223
-30.530521
-30.018602
-29.436350
-29.014349
-28.512137
-28.664895
-28.920174
-28.268439
-26.476213
-23.962089
-22.046055
-20.356859
-17.643997
-13.930457
-10.360139
-6.870372
-3.457410
-0.553131
1.981599
5.040339
8.464030
11.864049
15.311071
18.436738
20.882913
23.282937
25.570393
27.618579
29.764175
31.057256
31.302656
31.040226
30.539036
29.771498
29.376064
28.973307
28.175116
27.577707
26.785987
24.981839
22.729806
20.339319
17.702409
14.900310
11.883123
8.470331
5.173002
2.412115
-0.173364
-2.806527
-5.582401
-8.809737
-11.939321
-14.501810
-17.089503
-19.636495
-21.932125
-24.377789
-26.769979
-28.362444
-29.481820
-30.019624
-29.898712
-29.770476
-29.750211
-29.487269
-29.623338
-30.291932
-30.316114
-29.302835
-27.091163
-24.966342
-23.386649
-21.279199
-17.707688
-13.931819
-10.402714
-6.814344
-3.572702
-0.725814
2.315555
5.808217
9.438481
13.408661
17.073836
19.957679
22.620133
25.391408
27.913877
30.411822
32.280343
33.108166
33.169304
32.943828
32.256842
31.900406
31.621967
31.042099
30.356986
29.570545
28.051479
25.636128
23.062059
20.171915
17.160518
14.111144
10.633469
6.790331
3.521953
0.500679
-2.513954
-5.533525
-8.924007
-12.428079
-15.370846
-18.124240
-20.943199
-23.315975
-25.694030
-28.207472
-30.183622
-31.437022
-31.996114
-31.898533
-31.490837
-31.183447
-30.810663
-30.460358
-30.834334
-30.914886
-29.919488
-27.823108
-25.244611
-23.269483
-21.248375
-17.673458
-13.824020
-10.147606
-6.461314
-2.926418
0.158548
2.959285
6.325586
10.037082
13.769184
17.325708
20.384278
22.917134
25.391579
27.603592
29.778310
31.908921
32.921689
32.918624
32.537835
31.792096
31.116690
30.607666
29.923575
28.921025
28.251580
27.018275
24.841513
22.408451
19.747019
16.791821
13.680458
10.351113
6.826775
3.586667
0.720024
-1.985686
-4.703658
-7.660048
-10.890790
-13.864892
-16.482728
-19.116061
-21.574497
-23.724863
-26.052679
-28.054374
-29.409954
-30.282055
-30.418975
-30.024563
-29.620102
-29.409272
-29.142414
-29.336214
-29.722452
-29.301984
-27.704750
-25.338445
-23.411342
-21.806104
-19.184692
-15.356881
-11.788096
-8.308377
-4.969665
-1.951286
0.823906
3.870555
7.328476
10.815007
14.509303
17.844609
20.527158
23.051841
25.463785
27.797052
30.047383
31.540564
31.999009
31.909772
31.571218
30.868905
30.549594
30.326673
29.671703
28.970412
28.158937
26.378802
24.135283
21.703243
18.890074
15.899965
12.917008
9.456192
5.964211
3.072023
0.300578
-2.619709
-5.664315
-8.986677
-12.181146
-14.841727
-17.661708
-20.390238
-22.752796
-25.160313
-27.574812
-29.251916
-30.515024
-31.058959
-30.815431
-30.712911
-30.499697
-30.209167
-30.190093
-30.909777
-30.936003
-29.646839
-27.214118
-25.067329
-23.477588
-21.110092
-17.358916
-13.515949
-9.841238
-6.311451
-3.005947
-0.098603
2.813169
6.445306
10.193927
14.001472
17.536708
20.416124
23.077556
25.705440
27.939762
30.265195
32.145977
32.938378
32.960858
32.519613
31.861578
31.294141
30.987433
30.303853
29.529674
28.866870
27.283090
24.828741
22.381544
19.634451
16.653878
13.566017
10.046107
6.460462
3.214904
0.418084
-2.492837
-5.436114
-8.605378
-12.028899
-14.890773
-17.576899
-20.220791
-22.682803
-25.010790
-27.440786
-29.134580
-30.310324
-31.099149
-30.956779
-30.559472
-30.268431
-30.005659
-29.717003
-30.115843
-30.271666
-29.474327
-27.437210
-24.922405
-23.131200
-21.341017
-18.095630
-14.229332
-10.496378
-7.017340
-3.777061
-0.887769
2.322538
5.529608
8.957897
12.728657
16.384636
19.460065
22.011995
24.450336
26.858704
29.314245
31.456777
32.284600
32.363449
32.240663
31.477383
30.961037
30.598981
30.092512
29.111590
28.566633
27.430739
25.368929
22.936889
20.218406
17.250265
14.301709
11.083399
7.429464
4.186801
1.341956
-1.422848
-4.270758
-7.303953
-10.736500
-13.685737
-16.306128
-19.110952
-21.587270
-23.844583
-26.259933
-28.307268
-29.831103
-30.730963
-30.787843
-30.484540
-30.269282
-29.984372
-29.554367
-29.751573
-30.188901
-29.779673
-28.001922
-25.597130
-23.666620
-21.877800
-19.152335
-15.181814
-11.557852
-7.905449
-4.611015
-1.463549
1.336506
4.374300
8.014951
11.608430
15.355178
18.655402
21.312748
23.787362
26.121480
28.252942
30.519451
32.037837
32.441446
32.312700
31.855106
31.089442
30.800274
30.308451
29.406207
28.565441
27.758053
25.939771
23.439782
20.909991
17.920732
14.855862
11.489391
7.760354
4.253898
1.373802
-1.477173
-4.238231
-7.043907
-10.102476
-13.245174
-15.833548
-18.397740
-20.794187
-22.868259
-24.969237
-27.023554
-28.319018
-29.212407
-29.563052
-29.149055
-28.721605
-28.529167
-28.167282
-28.131349
-28.735229
-28.538874
-27.424608
-25.271007
-23.194892
-21.707501
-19.780397
-16.403369
-12.924160
-9.526355
-6.293569
-3.293071
-0.720876
2.036435
5.224773
8.591584
12.172461
15.529564
18.318551
20.801170
23.291452
25.627443
28.090647
30.053684
30.794655
31.103747
30.918803
30.442817
30.125720
30.139514
29.719557
29.188054
28.726544
27.498347
25.375571
23.257051
20.715339
17.846312
14.985459
11.791672
8.149147
5.047151
2.255269
-0.564711
-3.512587
-6.817409
-10.279417
-13.239895
-16.186408
-19.243615
-21.892956
-24.439267
-27.093206
-29.078552
-30.647176
-31.616517
-31.689405
-31.520469
-31.514508
-31.315599
-31.081097
-31.655686
-31.889677
-31.043461
-28.864826
-26.363986
-24.542638
-22.521870
-19.121340
-15.004873
-11.257444
-7.589204
-4.001175
-0.783375
2.273832
5.801916
9.619508
13.528722
17.354659
20.529202
23.279871
25.913375
28.325149
30.592680
32.768760
33.890690
34.029824
33.737932
32.836369
32.093014
31.694174
30.963761
29.991865
29.239484
27.945553
25.556087
22.847312
20.076207
16.922951
13.738360
10.169744
6.446157
3.028767
0.099114
-2.793755
-5.769559
-8.895227
-12.293203
-15.347004
-17.976591
-20.726068
-23.009436
-25.217363
-27.553354
-29.386963
-30.546699
-31.289373
-31.429359
-30.845915
-30.341830
-29.912676
-29.234886
-29.416255
-29.619081
-28.983355
-27.162688
-24.585554
-22.492068
-20.624740
-17.740726
-13.842753
-10.094983
-6.518534
-3.138781
-0.235353
2.450602
5.576951
8.910043
12.498413
16.026837
19.238506
21.751097
24.017947
26.222467
28.182268
30.228240
31.495946
31.657049
31.575986
31.037842
30.146497
29.532909
29.093879
28.147697
27.439083
26.588440
24.731500
22.410154
19.994123
17.231362
14.344965
11.319774
7.896594
4.519054
1.756804
-0.808750
-3.307206
-6.125484
-9.295770
-12.280430
-14.843770
-17.496177
-20.030737
-22.191320
-24.547407
-26.678698
-28.151614
-29.192652
-29.700484
-29.423748
-29.224668
-29.229096
-28.881175
-28.960194
-29.585702
-29.716321
-28.547559
-26.249034
-24.277823
-22.896358
-20.734583
-17.197984
-13.621535
-10.157313
-6.829160
-3.603867
-0.759023
2.255440
5.617653
9.207215
12.988363
16.527176
19.385304
22.082158
24.753809
27.224336
29.636111
31.580925
32.308783
32.490662
32.208817
31.646149
31.415735
31.262296
30.668974
30.019624
29.463598
28.018611
25.812898
23.314953
20.593916
17.619474
14.547621
10.932173
7.261889
4.096542
1.106603
-1.886913
-4.956382
-8.272443
-11.714697
-14.797619
-17.661027
-20.646538
-23.055587
-25.562048
-28.214966
-30.103070
-31.305211
-32.234532
-32.132353
-31.747307
-31.616688
-31.285627
-31.045675
-31.481981
-31.499181
-30.533075
-28.232677
-25.727408
-23.807798
-21.578244
-18.023763
-14.003515
-10.206870
-6.440367
-3.075259
-0.040531
3.079687
6.612028
10.167020
13.949530
17.737661
20.866394
23.468903
26.005507
28.333834
30.577523
32.557760
33.598798
33.363615
33.111572
32.412665
31.581095
31.136615
30.455589
29.413189
28.500898
26.921034
24.679388
22.218227
19.441502
16.417674
13.290473
9.941544
6.255082
2.913475
-0.014646
-2.866302
-5.565201
-8.585283
-11.884485
-14.725072
-17.380544
-20.114865
-22.516251
-24.668830
-26.890550
-28.760433
-29.885258
-30.590977
-30.578205
-30.019454
-29.657057
-29.389007
-28.925453
-29.085534
-29.368230
-28.851203
-27.012144
-24.356331
-22.492238
-20.816837
-18.052885
-14.236995
-10.681323
-7.194621
-3.905637
-0.952653
1.797676
4.897118
8.124794
11.651516
15.229498
18.290111
20.682641
23.122856
25.439603
27.628115
29.651267
31.095403
31.498841
31.351192
30.770813
30.013834
29.649053
29.457637
28.711387
28.078045
27.409451
25.654520
23.327385
20.887000
18.194914
15.388387
12.321472
8.815527
5.467619
2.776384
0.107118
-2.654280
-5.468300
-8.733273
-11.740582
-14.464344
-17.324345
-19.937243
-22.256545
-24.715662
-27.155876
-28.697082
-29.920680
-30.540228
-30.542271
-30.307429
-30.218533
-29.953378
-30.117716
-30.883721
-30.826500
-29.634578
-27.295181
-25.242226
-23.495810
-21.151985
-17.475912
-13.808353
-10.031291
-6.488391
-3.339222
-0.446354
2.650193
6.232091
9.952954
13.783489
17.347676
20.379509
23.052352
25.646857
28.110572
30.467510
32.411643
33.189399
33.208472
32.996110
32.416752
31.797886
31.369073
30.714444
29.982839
29.139178
27.573449
25.226900
22.646870
19.830465
16.828435
13.634988
10.080848
6.364243
3.142187
0.154461
-2.848591
-5.694968
-9.005070
-12.441192
-15.307835
-18.100739
-20.834889
-23.303883
-25.656053
-28.047221
-29.849325
-30.940260
-31.688043
-31.499692
-31.095573
-30.836208
-30.492033
-30.070373
-30.323267
-30.457122
-29.558454
-27.280365
-24.664743
-22.807121
-20.814793
-17.432485
-13.513054
-9.822845
-6.223747
-2.759865
0.138283
3.079346
6.407159
9.815352
13.461624
17.071962
19.988503
22.503819
24.966172
27.353082
29.448271
31.422717
32.462903
32.496282
32.210009
31.397854
30.631168
30.146156
29.569694
28.621299
27.898039
26.787519
24.677174
22.077560
19.409997
16.558170
13.599225
10.368654
6.853342
3.472907
0.834465
-1.946688
-4.620722
-7.469313
-10.657992
-13.491767
-16.113690
-18.803903
-21.214826
-23.296050
-25.736775
-27.808292
-28.961216
-29.836893
-30.120781
-29.832125
-29.495103
-29.194525
-28.837919
-29.115677
-29.562712
-29.154164
-27.669157
-25.287526
-23.340668
-21.677358

