-1.714740
2.285072
5.935601
9.381771
12.801204
16.004528
19.134113
22.116048
24.598496
27.352742
30.400923
33.063378
34.772669
35.663673
35.879271
35.942793
35.918100
35.517386
34.987245
34.733500
34.024375
32.399041
30.547040
28.480802
26.067325
23.761306
21.635294
19.083023
16.038588
12.107406
7.523979
3.317084
-0.350986
-4.077128
-7.751669
-11.184897
-14.583383
-17.706667
-21.168164
-24.916104
-28.325319
-31.615666
-34.967150
-37.543433
-39.503745
-40.906838
-41.314704
-41.008847
-40.511404
-39.671149
-38.789000
-38.297176
-37.015676
-34.528290
-31.368051
-28.133563
-24.980477
-21.463122
-16.620670
-11.119332
-5.867652
-1.378570
2.932038
6.750311
10.379723
13.962133
17.469100
20.597492
23.674454
26.397364
28.727225
31.515700
34.080063
35.897323
36.890677
37.146466
36.840609
36.611727
36.154134
35.274540
34.363951
33.571890
31.823601
29.831444
27.630329
24.993590
22.640058
20.404203
17.763206
14.789615
11.210442
6.860154
2.472741
-1.214402
-4.521438
-7.855552
-11.054788
-14.335769
-17.303910
-20.300150
-23.724181
-26.959692
-30.023881
-32.772166
-35.279138
-37.296159
-38.698060
-39.233650
-38.979564
-38.406168
-37.784406
-36.839417
-36.086355
-35.292932
-33.390522
-30.469554
-27.558293
-24.679388
-21.631718
-17.771551
-12.583222
-7.571493
-3.233637
0.704697
4.471711
7.859639
11.198180
14.398779
17.327241
20.290102
22.974695
25.196075
27.760267
30.500719
32.700300
34.122978
34.769603
34.730434
34.712723
34.583977
34.028803
33.585174
33.339943
32.374007
30.686004
28.994765
27.003288
24.909122
22.890738
20.670891
18.073661
15.035016
11.097874
6.812130
3.041029
-0.469685
-4.008157
-7.299866
-10.619845
-13.813291
-16.894851
-20.574672
-24.190801
-27.437040
-30.714784
-34.084661
-36.554847
-38.521120
-39.816414
-40.154627
-40.029117
-39.732627
-39.199080
-38.740124
-38.331747
-36.768232
-34.139838
-31.267234
-28.484038
-25.492055
-21.874394
-16.940321
-11.577777
-6.676231
-2.247776
1.997777
5.754914
9.443590
12.954133
16.341550
19.659315
22.773402
25.609221
28.484038
31.580584
34.193482
36.001887
37.124157
37.324258
37.136929
37.141187
36.652769
36.060469
35.717487
34.768922
33.002240
30.957460
28.688397
26.172740
23.883241
21.513871
18.770184
15.542848
11.526857
7.007974
2.666371
-1.198053
-4.914318
-8.498090
-11.863027
-15.287740
-18.376453
-21.727766
-25.388002
-28.709514
-31.784092
-34.857477
-37.143060
-39.124489
-40.420805
-40.683406
-40.237052
-39.465087
-38.713728
-37.784406
-37.029641
-35.772835
-33.420154
-30.259405
-27.138335
-24.097817
-20.735264
-16.170229
-10.559729
-5.574056
-1.293761
2.753394
6.545271
10.124445
13.500452
16.767468
19.723007
22.744111
25.175129
27.360916
29.943671
32.448769
34.206084
35.172871
35.463061
35.290548
35.106114
34.438031
33.560480
32.977206
32.335349
30.980280
29.072762
27.034112
24.760791
22.429228
20.300491
17.952238
15.238523
11.806829
7.694960
3.667900
0.201634
-3.005436
-6.282500
-9.442568
-12.546267
-15.367440
-18.311058
-21.707160
-25.005851
-27.957644
-31.023707
-33.811842
-35.752228
-37.434612
-38.187334
-38.221053
-37.801777
-37.200281
-36.600998
-36.191600
-35.674061
-33.942120
-31.179701
-28.399740
-25.790589
-22.970268
-19.179072
-14.246362
-9.278400
-4.943269
-0.966276
2.831221
6.192923
9.602989
13.023785
16.102450
19.090005
21.936042
24.444376
27.295010
30.298574
32.630818
34.124170
35.044125
35.220555
35.234690
35.318136
34.946544
34.557070
34.256663
33.414364
31.853063
30.155352
28.003454
25.763852
23.699147
21.552699
18.964325
15.747207
11.547634
7.078137
3.185783
-0.646455
-4.214730
-7.688488
-11.083399
-14.537743
-17.813274
-21.382570
-24.991717
-28.357165
-31.755311
-35.059452
-37.384885
-39.394072
-40.503911
-40.859495
-40.548529
-40.037291
-39.465598
-38.707597
-38.076469
-36.596741
-33.945186
-30.885935
-27.805226
-24.641071
-20.987136
-15.932492
-10.398626
-5.439179
-1.016855
3.141846
7.013083
10.580506
14.168876
17.523766
20.743949
23.875237
26.487964
29.009751
31.996455
34.521307
36.176443
37.015506
37.013122
36.876202
36.629098
36.032711
35.211870
34.610374
33.673729
31.777450
29.625722
27.280535
24.805580
22.290434
19.849879
17.123563
14.100415
10.230712
5.627360
1.565559
-2.041885
-5.539996
-8.977652
-12.155260
-15.301704
-18.201726
-21.513530
-25.027479
-28.079067
-31.085696
-33.989804
-36.340952
-38.078002
-39.076465
-39.411954
-39.142881
-38.589920
-37.422010
-36.637783
-36.136593
-34.821715
-32.378776
-29.304538
-26.382038
-23.591859
-20.319564
-15.738010
-10.400159
-5.799191
-1.651900
2.432551
5.912951
9.351969
12.639080
15.749761
18.455131
21.453415
23.936374
26.260274
28.902973
31.444345
33.276933
34.439053
34.870931
34.639835
34.578357
34.188543
33.535106
33.145632
32.724994
31.401941
29.749530
27.875049
25.648560
23.471117
21.404028
19.144331
16.507421
13.040474
8.949382
4.972901
1.364946
-2.116816
-5.533014
-8.751665
-12.013231
-15.058347
-18.231358
-21.674803
-25.113310
-28.246811
-31.444005
-34.480265
-36.601339
-38.459642
-39.292063
-39.511749
-39.058072
-38.590431
-38.074085
-37.590606
-37.016017
-35.243716
-32.504116
-29.613120
-26.751927
-23.666620
-19.696099
-14.366593
-9.081023
-4.529612
-0.326804
3.651551
7.284709
11.030265
14.485972
17.680952
20.784991
23.746490
26.183299
28.746809
31.617539
33.748490
35.188198
35.825627
35.761424
35.656180
35.524539
34.700121
34.070185
33.638818
32.690082
30.849661
28.891223
26.704414
24.488653
22.315298
20.052876
17.420735
14.244318
10.113205
5.677768
1.923357
-1.566410
-5.120890
-8.473056
-11.780603
-15.114546
-18.112319
-21.714313
-25.327887
-28.527124
-31.508548
-34.640857
-36.914519
-38.808244
-39.807388
-40.090765
-39.766857
-39.225306
-38.429158
-37.760905
-37.118367
-35.495247
-32.791070
-29.653651
-26.725701
-23.739338
-20.044531
-14.966726
-9.469816
-4.773991
-0.318119
3.692252
7.430145
10.906798
14.407464
17.621006
20.628146
23.499898
25.957482
28.354611
31.183788
33.554861
35.031523
35.880123
36.015681
35.651582
35.460676
34.802301
34.122808
33.673389
32.819339
31.175443
29.283421
27.054037
24.592025
22.339991
20.085743
17.588649
14.756577
10.868992
6.447520
2.529281
-1.008000
-4.555328
-7.896764
-11.005913
-14.269522
-17.219441
-20.520006
-23.938077
-27.091163
-30.145305
-33.306565
-35.848958
-37.700449
-39.107118
-39.655651
-39.381981
-38.803305
-38.141693
-37.440232
-36.963395
-35.876717
-33.543621
-30.575650
-27.626072
-24.723666
-21.434171
-17.023087
-11.633124
-6.694964
-2.384015
1.686811
5.292892
8.854185
12.395552
15.629189
18.714496
21.856512
24.531909
26.922226
29.669659
32.483169
34.413167
35.699436
35.998140
35.897323
35.845893
35.491330
34.835339
34.384387
33.870765
32.503945
30.603239
28.576851
26.217869
24.070910
21.839993
19.356012
16.578947
13.095651
8.739233
4.298176
0.583274
-2.978018
-6.553786
-9.754556
-13.199534
-16.309534
-19.546066
-23.174626
-26.595763
-29.733351
-32.889843
-35.785437
-37.928138
-39.511068
-40.228026
-40.181535
-39.780310
-39.133174
-38.262095
-37.825278
-36.942959
-35.067967
-32.104254
-29.048409
-26.146684
-22.906406
-18.776996
-13.397081
-8.189508
-3.779275
0.558240
4.521438
8.042370
11.465379
15.004192
18.142291
21.371841
24.225201
26.594230
29.263837
32.055378
34.217494
35.594531
36.281688
36.258868
36.072731
35.785777
35.063880
34.567799
34.029143
32.814741
30.991690
29.015200
26.707479
24.326869
22.123711
19.663743
16.967399
13.708898
9.573187
5.112376
1.380784
-2.151046
-5.734137
-8.913619
-12.118135
-15.230179
-18.442699
-21.959884
-25.362458
-28.405190
-31.573943
-34.637451
-36.740814
-38.492169
-39.471899
-39.764132
-39.295810
-38.705213
-37.943465
-37.393400
-36.782878
-35.067116
-32.330241
-29.365505
-26.525089
-23.604802
-19.998721
-15.126637
-9.753534
-5.122764
-0.842469
3.064360
6.637744
10.153396
13.554948
16.657795
19.711597
22.695065
25.184495
27.851888
30.678851
33.165557
34.714937
35.615138
35.684790
35.493033
35.421848
34.897327
34.351860
33.998660
33.302307
31.713928
29.737438
27.622155
25.217022
23.165260
20.968573
18.381732
15.385492
11.566026
6.987538
3.006969
-0.572375
-4.215922
-7.637739
-10.916165
-14.187779
-17.145872
-20.600046
-24.146182
-27.382204
-30.437197
-33.694335
-36.196709
-38.141864
-39.512260
-39.907694
-39.755957
-39.255960
-38.517032
-37.769590
-37.411622
-36.255121
-33.833299
-30.786821
-27.843033
-24.930920
-21.549293
-16.946282
-11.538267
-6.409202
-2.292054
1.908881
5.721535
9.105206
12.631076
16.033990
19.131729
22.164072
24.696418
27.291775
30.241183
32.855272
34.709147
35.769088
36.139829
36.068644
35.994904
35.487243
34.731967
34.339598
33.680371
32.157217
30.259575
28.090818
25.658607
23.355995
21.080971
18.621172
15.702248
12.160540
7.751158
3.490789
-0.064884
-3.578493
-7.082735
-10.302067
-13.539110
-16.563620
-19.847666
-23.345436
-26.494946
-29.656206
-32.665559
-35.367012
-37.334136
-38.848945
-39.472921
-39.382321
-38.832426
-38.123642
-37.296159
-36.912475
-36.054509
-33.996275
-31.099149
-28.182779
-25.262492
-22.104468
-17.988171
-12.895380
-7.728338
-3.285408
0.769751
4.531486
7.981573
11.435917
14.905930
17.947129
20.893472
23.688078
26.007210
28.527634
31.248331
33.430372
34.855945
35.496780
35.398517
35.226004
35.078015
34.356628
33.747469
33.407211
32.324791
30.747993
28.836387
26.508059
24.228777
22.105830
19.779205
17.021384
13.937439
9.837661
5.500657
1.634700
-1.760040
-5.241292
-8.549861
-11.828457
-15.119314
-18.173797
-21.683148
-25.045361
-28.074809
-31.040907
-34.196036
-36.451646
-38.427285
-39.309944
-39.558240
-39.268051
-38.733312
-38.005624
-37.415368
-36.889826
-35.384212
-32.755988
-29.738120
-26.909113
-23.953233
-20.240545
-15.341384
-9.958233
-5.302089
-1.158374
2.889293
6.589379
9.933880
13.312101
16.586781
19.800493
22.709370
25.342873
27.943850
30.776943
33.274378
34.998996
35.909925
36.073412
35.956587
35.874503
35.304172
34.646307
34.386941
33.556904
31.875542
29.961382
27.766228
25.467191
23.111616
20.831312
18.280915
15.234947
11.425870
6.827457
2.819129
-0.858818
-4.507644
-7.988555
-11.181491
-14.386688
-17.485108
-20.974874
-24.474859
-27.634246
-30.724151
-33.772503
-36.290373
-38.200447
-39.548193
-39.973600
-39.670978
-39.169107
-38.374662
-37.552289
-37.087883
-35.910266
-33.477545
-30.483859
-27.475016
-24.545874
-21.143300
-16.776494
-11.390277
-6.335803
-1.984153
2.184766
5.910907
9.387732
12.797969
16.094616
19.058500
22.043330
24.744613
27.156898
29.743229
32.330411
34.313713
35.457270
35.841976
35.650390
35.363776
35.045998
34.215621
33.751215
33.255134
31.917095
30.100516
28.021336
25.640385
23.371833
21.268640
18.769503
15.957696
12.673310
8.396081
4.046304
0.329358
-3.117834
-6.474767
-9.671279
-12.936422
-15.937260
-18.993957
-22.572109
-25.880166
-29.029165
-31.937701

