41.872263
43.030977
43.474266
43.210983
42.528425
41.217123
39.614780
38.076299
36.071539
33.695698
31.049592
28.118576
24.788209
21.089315
16.835928
12.467418
8.177587
3.745215
-0.761918
-4.883323
-9.182010
-13.957194
-18.360104
-22.521870
-26.646682
-29.878276
-32.352209
-35.188879
-38.043431
-40.502719
-42.234319
-43.229205
-43.697357
-44.194971
-44.228860
-43.561459
-42.645761
-41.084971
-39.134877
-36.719867
-33.824274
-30.735391
-27.451515
-23.339987
-18.798624
-14.287744
-9.371894
-4.491125
0.108821
4.712173
8.939845
12.399810
16.263383
20.704269
24.914571
28.801986
32.348292
35.322223
38.303988
41.120904
43.184246
44.138432
44.898646
44.952461
44.241803
43.109826
41.614941
39.362567
37.124668
34.896646
31.929186
28.820208
25.442328
21.991049
18.409661
14.316695
9.748084
5.505766
1.420975
-2.971036
-7.191045
-11.013065
-15.340533
-19.345624
-23.093905
-26.851892
-29.754979
-31.821047
-34.059967
-36.539691
-38.689034
-40.212359
-41.063343
-41.325092
-41.269064
-41.098595
-40.395430
-39.535931
-38.223948
-36.468165
-34.396308
-31.753949
-28.913362
-25.863307
-22.292818
-18.161706
-14.035361
-9.646586
-5.143029
-0.943967
2.988407
6.980896
10.505915
13.798475
17.682484
21.847827
25.433983
28.825998
31.794650
34.432752
37.365300
39.670127
40.961163
41.790519
42.411089
42.118856
41.365283
40.271623
38.409914
36.485706
34.693650
32.337052
29.646158
26.781729
23.728950
20.615033
17.088311
12.897764
8.826767
4.918405
0.736884
-3.239087
-6.885529
-10.950395
-15.225240
-19.030741
-22.799798
-26.204245
-28.792109
-31.210354
-34.007345
-36.626714
-38.763285
-40.192945
-40.918589
-41.543756
-42.026213
-41.839395
-41.352340
-40.546826
-39.174386
-37.552970
-35.300766
-32.575641
-29.736076
-26.579414
-22.633757
-18.382583
-14.092411
-9.468113
-4.951102
-0.612225
3.712177
7.658345
11.259999
15.593086
20.192521
24.268457
28.013672
31.572069
34.682070
37.916218
40.907349
42.935610
44.201953
45.218297
45.273645
44.735500
43.697357
42.055675
40.119035
38.188355
36.068644
33.383029
30.382190
27.026960
23.511137
19.832850
15.399967
10.648796
6.365435
1.848766
-2.602850
-6.653581
-10.953120
-15.574864
-19.909484
-23.995297
-27.889694
-30.775751
-33.171518
-35.737923
-38.463558
-40.745224
-42.194128
-43.017524
-43.474266
-43.755770
-43.622085
-42.830535
-41.871752
-40.275369
-38.280146
-35.975150
-33.122471
-30.037846
-26.795013
-22.594929
-18.318551
-13.850416
-9.094817
-4.258667
0.314883
4.539149
8.607932
12.181146
15.915803
20.101581
24.290085
28.063399
31.528984
34.435987
37.248646
40.238244
42.202132
43.194124
43.949400
44.232096
43.828487
42.880092
41.428123
39.229052
37.209647
34.988948
32.223463
29.244764
26.102407
22.807462
19.357886
15.446288
11.121886
6.963355
2.644743
-1.761743
-5.705357
-9.481907
-13.593776
-17.714160
-21.576030
-25.310346
-28.546878
-30.861582
-33.212219
-35.842487
-38.264479
-40.008511
-40.936129
-41.311639
-41.517019
-41.674886
-41.288478
-40.547507
-39.361375
-37.744386
-35.785096
-33.290897
-30.471938
-27.552502
-24.134261
-19.993441
-15.923977
-11.605535
-7.139274
-2.774170
1.513617
5.581890
9.191377
12.589182
16.697305
21.044867
24.946077
28.462410
31.648704
34.594706
37.675755
40.203503
41.692598
42.708601
43.493509
43.293067
42.711837
41.771276
40.096726
38.157701
36.373649
34.099647
31.485387
28.610229
25.386640
22.022724
18.440826
14.090538
9.738037
5.675554
1.320839
-2.933059
-6.879909
-11.075905
-15.430280
-19.422088
-23.481165
-27.108874
-29.799938
-32.138824
-34.905672
-37.565913
-39.815562
-41.263955
-41.906493
-42.660918
-42.995555
-42.834452
-42.150702
-41.317088
-39.839234
-37.839583
-35.336529
-32.590628
-29.762302
-26.437214
-22.319726
-18.060378
-13.534512
-8.906126
-4.216773
0.272478
4.474946
8.494684
12.111494
16.111135
20.494291
24.596112
28.400421
31.932081
34.839596
37.905659
40.780646
42.646953
43.729203
44.481754
44.607605
43.926750
42.939186
41.310617
39.264815
37.407705
35.184452
32.306739
29.410805
26.212079
22.837094
19.243445
14.876638
10.434049
6.188325
1.860006
-2.536092
-6.523643
-10.531630
-15.027182
-19.207341
-23.188932
-26.878800
-29.907056
-32.268933
-34.825291
-37.343161
-39.527927
-41.196346
-41.876691
-42.256628
-42.507478
-42.473418
-41.789157
-40.875162
-39.470877
-37.783895
-35.617011
-32.761267
-29.876232
-26.827029
-22.936549
-18.656765
-14.179264
-9.686777
-5.252361
-0.989948
3.574916
7.454497
10.814156
14.686244
19.080469
23.291792
27.048928
30.458655
33.488785
36.586353
39.598261
41.472571
42.621749
43.710300
43.972390
43.626683
42.770760
41.355576
39.110524
37.281513
35.248143
32.750709
29.885088
26.770319
23.480483
20.106690
16.197988
11.621203
7.470676
3.213882
-1.129253
-5.135536
-8.957556
-13.316189
-17.469781
-21.420547
-25.366545
-28.601033
-31.032222
-33.439738
-36.076307
-38.626705
-40.391854
-41.280815
-41.784559
-42.240109
-42.396443
-41.863748
-41.082416
-39.943457
-38.285426
-36.070177
-33.502238
-30.608007
-27.502094
-24.034977
-19.784995
-15.659503
-11.129379
-6.636892
-2.026728
2.326284
6.409543
10.129895
13.517823
17.609937
21.881376
25.782245
29.352903
32.535110
35.379614
38.514478
41.013786
42.363746
43.235506
43.880429
43.639966
43.071338
41.971207
40.115118
37.985359
36.090783
33.626727
30.553000
27.405705
24.013179
20.588807
16.713313
12.248755
7.891655
3.757136
-0.817265
-5.036763
-8.794069
-12.644700
-16.818557
-20.561218
-24.166277
-27.343546
-29.721260
-31.783240
-34.200123
-36.535263
-38.454533
-39.614609
-39.952653
-40.186473
-40.417910
-40.104900
-39.453506
-38.663660
-37.126371
-35.460676
-33.297028
-30.578375
-27.755499
-24.816820
-20.943880
-17.104830
-12.977464
-8.790834
-4.629578
-0.667913
3.313507
6.869010
10.076591
13.969966
18.193381
22.162369
25.741884
29.025759
31.982490
35.179002
38.150549
39.945330
41.380780
42.395762
42.775699
42.419434
41.844675
40.621076
38.904803
37.322896
35.507338
32.992533
30.402967
27.475016
24.276802
20.903349
16.953945
12.492623
8.394888
4.027401
-0.319481
-4.310097
-8.469479
-13.008799
-17.302717
-21.561044
-25.701012
-28.930732
-31.559638
-34.391880
-37.241493
-39.919955
-41.828156
-42.767865
-43.440546
-44.059583
-44.123105
-43.550900
-42.871918
-41.506461
-39.711169
-37.346397
-34.494230
-31.493732
-28.236594
-24.252619
-19.772223
-15.313114
-10.610138
-5.716426
-0.971896
3.545455
7.818767
11.564663
15.561240
20.141261
24.534975
28.554712
32.211031
35.376549
38.307224
41.382142
43.547664
44.715064
45.575244
45.679467
45.168570
44.239249
42.642185
40.406500
38.284745
36.041737
33.105442
29.860905
26.613304
23.045370
19.449677
15.131235
10.472195
6.029946
1.581396
-2.981765
-7.150343
-11.095830
-15.417337
-19.640241
-23.538385
-27.391229
-30.376060
-32.726186
-35.079377
-37.500007
-39.640154
-41.196346
-42.107957
-42.292901
-42.411600
-42.332751
-41.494370
-40.621587
-39.177792
-37.237406
-34.975835
-32.185827
-29.085023
-25.922912
-22.327048
-18.133436
-13.832365
-9.352991
-4.749298
-0.374487
3.846713
7.956028
11.261191
14.587641
18.431629
22.571087
26.244947
29.605627
32.655001
35.318817
38.214070
40.423189
41.449411
42.347397
42.853015
42.353868
41.395085
40.333612
38.395098
36.469357
34.581082
32.119581
29.300451
26.358366
23.238318
20.077739
16.555105
12.376990
8.245707
4.261902
0.023331
-3.818444
-7.526193
-11.563642
-15.598025
-19.385815
-23.144484
-26.483195
-28.908253
-31.257016
-33.819675
-36.335502
-38.346393
-39.731775
-40.267025
-40.745224
-41.213376
-40.907690
-40.310962
-39.524862
-38.385391
-36.762101
-34.502063
-31.899214
-29.201678
-26.055915
-22.100891
-18.040282
-13.813462
-9.530102
-5.104031
-0.842299
3.359318
7.122414
10.700056
14.897585
19.415787
23.525102
27.324302
30.751228
33.811331
37.008524
40.041038
41.937317
43.333939
44.282845
44.458423
44.099433
43.272972
41.711841
39.844854
38.183417
36.092656
33.520630
30.575991
27.427333
24.006196
20.331315
15.898943
11.317389
7.086141
2.553804
-1.913990
-6.018877
-10.204145
-14.792170
-19.245148
-23.399591
-27.404683
-30.323437
-32.837050
-35.651411
-38.440738
-40.711846
-42.509181
-43.315887
-43.748787
-44.237035
-44.097560
-43.405124
-42.479209
-40.867158
-38.990634
-36.500011
-33.588409
-30.444009
-27.008568
-22.888013
-18.451895
-13.952085
-9.169238
-4.476309
0.086001
4.654952
8.899484
12.359279
16.261509
20.748717
24.996996
28.734888
32.177653
35.204036
38.164513
41.099616
43.230568
44.030803
44.865779
45.037610
44.210468
43.171133
41.662966
39.439712
37.303993
34.954378
32.224485
29.215472
25.866032
22.367920
18.771546
14.699697
10.217939
6.008659
1.707418
-2.740111
-6.663629
-10.578292
-14.903375
-18.989018
-22.858552
-26.576689
-29.590300
-31.762123
-34.003087
-36.539350
-38.729225
-40.380274
-41.211503
-41.397640
-41.587182
-41.573218
-40.819815
-39.917742
-38.623980
-37.013633
-34.918615
-32.114472
-29.226201
-26.230642
-22.674458
-18.474545
-14.353991
-9.984119
-5.626338
-1.383850
2.747434
6.689174
9.952613
13.394015
17.479318
21.641765
25.262322
28.689759
31.735897
34.557751
37.386077
39.805344
41.215079
42.178120
42.706558
42.414154
41.743517
40.855919
39.054155
37.083626
35.422529
33.110040
30.328717
27.441468
24.448122
21.372182
17.823492
13.537066
9.273972
5.330529
1.004083
-3.120218
-6.789480
-10.897773
-15.016283
-19.034147
-23.101739
-26.587078
-29.222284
-31.710012
-34.540551
-37.112917
-39.304835
-40.730408
-41.584287
-42.081731
-42.540346
-42.419774
-41.936977
-41.231428
-39.732116
-37.918942
-35.460166
-32.699789
-29.598815
-26.328734
-22.374902
-18.304416
-13.750110
-9.182181
-4.657337
-0.183753
4.183224
8.148977
11.717422
15.799488
20.310198
24.581807
28.398718
31.918287
35.120760
38.302626
41.264466
43.046304
44.112716
45.020580
45.153243
44.432708
43.368169
41.842972
39.909056
37.889481
35.647665
32.834836
29.715300
26.370628
22.959028
19.229991
14.830657
10.256086
5.961486
1.402582
-3.091097
-7.016318
-11.182342
-15.687943
-19.874232
-23.911510
-27.649232
-30.665227
-33.044134
-35.576650
-38.206407
-40.319817
-41.930505
-42.565380
-42.942081
-43.227332
-43.116127
-42.303801
-41.223594
-39.781673
-37.900891
-35.411971
-32.428162
-29.378789
-26.132890
-22.121498
-17.804929
-13.419390
-8.821658
-4.163980
0.172002
4.537616
8.556332
11.936426
15.671594
20.012004
24.053199
27.763333
31.108005
34.089088
36.779472
39.630277
41.676419
42.736701
43.636560
43.831553
43.235677
42.228188
40.787969
38.583790
36.550079
34.562009
31.987258
28.928007
25.791611
22.614854
19.206149
15.299831
10.940858
6.643363
2.634355
-1.721723
-5.538804
-9.230716
-13.315167
-17.367942
-21.230323
-25.004319
-28.110061
-30.284609
-32.657044
-35.266876
-37.447044
-39.288827
-40.425403
-40.958439
-41.292054
-41.386059
-40.869883
-40.215935
-39.084639
-37.477868
-35.671677
-33.232144
-30.472279
-27.507714

