42.400360
40.738583
38.642372
36.816256
34.689563
31.912667
29.068334
25.889022
22.481339
18.869298
14.687777
10.312625
6.228685
1.926763
-2.447367
-6.253208
-10.294574
-14.701571
-18.788746
-22.733722
-26.550634
-29.407229
-31.855277
-34.409591
-36.953347
-39.203678
-40.840762
-41.616474
-42.091778
-42.546306
-42.618343
-41.979722
-41.060107
-39.641687
-37.878581
-35.777433
-32.962561
-30.008384
-26.805741
-22.961242
-18.608911
-14.297792
-9.855202
-5.437987
-1.104389
3.175565
7.266658
10.733094
14.451572
18.883773
23.046902
26.795694
30.299085
33.333642
36.313363
39.361715
41.482619
42.639971
43.749298
44.221367
43.811628
42.970351
41.536263
39.537294
37.653276
35.618033
33.199276
30.413015
27.252606
23.945059
20.622526
16.727618
12.297119
8.017847
3.875153
-0.576973
-4.663127
-8.481400
-12.748752
-16.814811
-20.706994
-24.641923
-28.006009
-30.411993
-32.908916
-35.660267
-38.141012
-40.000507
-41.079010
-41.648320
-42.149510
-42.426075
-42.094844
-41.453668
-40.569135
-38.938693
-37.026235
-34.483331
-31.679698
-28.606483
-24.990695
-20.803043
-16.667162
-12.344122
-7.811785
-3.476313
0.875677
5.097560
8.810418
12.426036
16.640254
20.950692
24.985926
28.711728
31.949111
34.921510
38.033554
40.709121
42.298181
43.357440
44.181177
44.113568
43.399504
42.372431
40.713038
38.648503
36.808252
34.553494
31.665564
28.683628
25.413547
21.893638
18.139396
13.841902
9.563140
5.485841
1.132999
-3.311464
-7.124628
-11.365414
-15.739202
-19.762686
-23.750067
-27.343546
-30.097621
-32.532045
-35.106284
-37.637779
-39.789506
-41.251183
-41.902236
-42.336328
-42.601483
-42.400530
-41.652577
-40.690558
-39.120742
-37.427630
-35.047361
-32.242196
-29.260090
-25.807789
-21.753652
-17.386675
-13.048819
-8.621386
-4.191228
0.093324
4.318442
8.296796
11.815854
15.670231
20.123039
24.160828
27.687209
31.010083
33.870595
36.837544
39.712531
41.509186
42.714902
43.651547
43.902738
43.234144
42.276553
40.714741
38.633857
36.690746
34.616164
32.066788
29.093538
25.956971
22.626434
19.134453
15.072482
10.692562
6.499972
2.391509
-1.932212
-5.884341
-9.740932
-14.036724
-17.965181
-21.863154
-25.794847
-28.891393
-31.247990
-33.750193
-36.364964
-38.704872
-40.389810
-41.334288
-41.768721
-42.281832
-42.368174
-41.755608
-41.089228
-39.837701
-38.077661
-36.051444
-33.331939
-30.444690
-27.317660
-23.443188
-19.214324
-15.083381
-10.567563
-6.109646
-1.812492
2.409049
6.486348
10.089704
13.777528
18.089158
22.250414
26.194709
29.755660
32.891205
35.868372
38.864953
41.338887
42.657512
43.653250
44.280291
43.983289
43.260881
41.950771
40.000337
38.125685
36.128419
33.597095
30.733858
27.657407
24.437734
21.103110
17.154728
12.729338
8.474929
4.252706
-0.380959
-4.523822
-8.354868
-12.650490
-16.953094
-20.881551
-24.789912
-28.211219
-30.864647
-33.324787
-35.964591
-38.497107
-40.396963
-41.578497
-42.061635
-42.431695
-42.792048
-42.443786
-41.650363
-40.626866
-38.953509
-37.105254
-34.517390
-31.545503
-28.358357
-24.739674
-20.528351
-16.152688
-11.744840
-7.042715
-2.619028
1.766852
5.991799
9.777205
13.233083
17.443895
21.783965
25.696754
29.332638
32.472100
35.320861
38.356951
40.966272
42.400530
43.479715
44.274330
44.206211
43.398312
42.378392
40.480750
38.254772
36.207097
33.859185
31.151601
28.027807
24.784463
21.395513
17.738342
13.323682
8.958578
4.855054
0.521626
-3.664323
-7.527045
-11.532988
-15.825033
-19.627810
-23.550817
-27.336223
-29.912165
-32.159260
-34.747464
-37.305014
-39.438861
-40.707588
-41.333607
-41.800397
-42.159728
-41.945832
-41.211503
-40.350982
-38.781166
-36.981787
-34.748316
-31.879459
-29.068504
-25.740521
-21.599531
-17.393827
-13.209411
-8.689676
-4.318782
-0.158208
3.993341
7.779598
11.319944
15.092407
19.485950
23.528167
27.220419
30.658245
33.523866
36.443642
39.299726
41.297844
42.424032
43.361357
43.712343
43.196508
42.425224
40.971892
38.903270
37.112747
35.074438
32.376902
29.572248
26.472296
23.291111
19.764389
15.541315
11.223895
7.217952
2.858639
-1.603535
-5.482946
-9.516988
-13.794218
-17.873560
-21.820239
-25.734901
-28.721946
-31.196901
-33.767223
-36.427634
-38.716282
-40.636574
-41.619199
-42.124987
-42.509862
-42.676244
-42.208263
-41.457755
-40.132489
-38.445847
-36.480427
-33.783742
-30.855111
-27.700152
-23.809331
-19.402674
-15.122380
-10.714531
-6.234646
-1.886913
2.446004
6.716592
10.309390
14.001812
18.385649
22.524595
26.338782
29.901266
32.964093
35.997629
39.156164
41.487217
42.849609
44.112546
44.809920
44.237886
43.267523
42.001179
40.092809
38.344179
36.337716
33.856460
30.863285
27.754647
24.393967
20.863499
16.898768
12.348209
8.063998
3.914152
-0.549044
-4.603522
-8.638586
-13.007436
-17.406430
-21.244117
-25.199992
-28.599330
-31.095062
-33.440249
-36.126035
-38.592815
-40.439027
-41.664328
-42.172159
-42.536429
-42.750325
-42.178971
-41.294779
-40.248803
-38.624491
-36.611216
-33.972434
-31.046356
-28.056928
-24.428368
-20.125934
-15.858071
-11.328459
-6.837675
-2.348934
2.040352
6.167207
9.819439
13.360807
17.464502
21.764040
25.667804
29.233183
32.498326
35.337039
38.219520
40.775537
42.235851
43.176753
43.902397
43.697527
42.985507
41.978870
40.088040
38.059950
36.158391
33.803497
30.858346
27.895314
24.763346
21.465846
17.793179
13.418538
9.235655
5.201442
0.754084
-3.556183
-7.461820
-11.460100
-15.639748
-19.591025
-23.456642
-27.040924
-29.729775
-32.231978
-34.895624
-37.413665
-39.525713
-40.867669
-41.617325
-41.935274
-42.277915
-42.103870
-41.568620
-40.764809
-39.219686
-37.455559
-35.197735
-32.297373
-29.197591
-25.883232
-21.898746
-17.734766
-13.412748
-8.982079
-4.551751
-0.363077
4.005773
7.936273
11.386190
15.262706
19.591195
23.737465
27.475016
30.815431
33.874171
36.959818
39.908716
41.825431
42.991298
43.942417
44.216258
43.688672
42.865106
41.549376
39.535591
37.464585
35.342148
32.701322
29.713426
26.539564
23.281915
19.811051
15.886341
11.430808
7.229703
2.866643
-1.581056
-5.617312
-9.654420
-14.019523
-18.120664
-21.975381
-25.870289
-29.039383
-31.474829
-34.068823
-36.889655
-39.266348
-40.875503
-41.680677
-42.085137
-42.597055
-42.684930
-42.147126
-41.518893
-40.253231
-38.613422
-36.463737
-33.553668
-30.593191
-27.457305
-23.586069
-19.159658
-14.972516
-10.521582
-5.998271
-1.455375
2.868516
6.990433
10.495526
14.142650
18.449000
22.636482
26.437385
30.021157
33.204726
36.169972
39.149352
41.458607
42.748451
43.660062
44.102669
43.751853
42.973076
41.749137
39.726836
37.578685
35.706418
33.177819
30.200992
27.117218
23.821252
20.509618
16.593933
12.095826
7.990428
3.894227
-0.582082
-4.753896
-8.565358
-12.717758
-16.864538
-20.757914
-24.642604
-27.954919
-30.469213
-32.846417
-35.501889
-37.922859
-39.733989
-40.993180
-41.505269
-41.846378
-42.076792
-41.709117
-41.009528
-39.889812
-38.193975
-36.313704
-33.915043
-31.039204
-28.051479
-24.546725
-20.443542
-16.191517
-11.848722
-7.415669
-3.099271
1.055683
5.245549
8.923837
12.419394
16.419377
20.707505
24.702549
28.382029
31.575986
34.448079
37.565742
40.154287
41.728701
42.883328
43.700593
43.778930
43.011904
42.105573
40.526901
38.514478
36.620413
34.351179
31.729596
28.809479
25.633403
22.183486
18.553053
14.313459
9.947675
5.821160
1.547166
-2.702304
-6.526538
-10.651350
-15.032291
-19.118786
-22.985254
-26.709863
-29.563393
-32.024894
-34.657887
-37.199599
-39.543595
-41.096210
-41.771787
-42.353528
-42.884009
-42.723758
-42.056697
-41.240454
-39.696523
-37.941081
-35.629954
-32.807759
-29.847792
-26.658944
-22.526469
-18.113852
-13.719116
-9.273291
-4.699911
-0.338725
3.886734
7.802589
11.294910
15.136003
19.552878
23.626770
27.436018
30.989477
34.046854
36.931889
39.874315
41.846378
43.027571
44.059924
44.353179
43.945313
43.156147
41.694641
39.509535
37.496941
35.361903
32.724142
29.680388
26.523726
23.291452
19.821439
15.696287
11.127165
7.061958
2.809422
-1.732962
-5.780118
-9.591750
-13.898781
-18.082687
-21.948644
-25.777476
-28.836046
-31.259230
-33.799410
-36.481789
-38.793939
-40.546485
-41.564192
-42.010546
-42.338712
-42.479379
-41.878394
-41.169269
-39.916890
-38.237231
-36.263636
-33.726011
-30.673231
-27.524233
-23.749045
-19.419534
-15.239034
-10.778052
-6.273644
-1.959460
2.128908
6.375653
9.997232
13.612509
17.855678
22.097315
25.898729
29.376064
32.363279
35.263130
38.269929
40.764809
42.046649
43.075596
43.791873
43.564183
42.709112
41.554315
39.805855
37.762267
35.941601
33.621107
30.866861
27.864661
24.586575
21.175487
17.505544
13.142313
8.808034
4.801920
0.400714
-3.746237
-7.447686
-11.753525
-16.008956
-19.811732
-23.658957
-27.215140
-29.785974
-32.194342
-34.864971
-37.376710
-39.564541
-40.843146
-41.478021
-41.907855
-42.285068
-42.083945
-41.487047
-40.564707
-39.072888
-37.370069
-34.945522
-32.143593
-29.228755
-25.877442
-21.770000
-17.598697
-13.309547
-8.951426
-4.452297
-0.121423
4.115786
8.053439
11.529412
15.392303
19.774607
23.846115
27.541092
30.986241
34.028462
37.034750
39.943286
41.787795
42.911427
43.781996
43.994018
43.484654
42.833771
41.220358
39.182050
37.302801
35.229240
32.579388
29.608692
26.433808
23.166622
19.614356
15.523604
11.011703
7.002524
2.637761
-1.803637
-5.768878
-9.779760
-14.010498
-18.211773
-22.036859
-25.893109
-28.910977
-31.393256
-33.931051
-36.653110
-38.916383
-40.632657
-41.540350
-41.868346
-42.243174
-42.335817
-41.871411
-41.136231
-39.799213
-38.030318
-35.985197
-33.383710
-30.390876
-27.259759
-23.423433
-19.121851
-14.985970
-10.429110
-5.862032
-1.542398
2.653769
6.790161
10.390793
13.859442
18.078089
22.173439
26.065792
29.646839
32.577004
35.521984
38.552284
40.922335
42.166369
43.164662
43.780974
43.468475
42.735679
41.651555
39.763451
37.773337
35.721064
33.230271
30.432940
27.439765
24.131536
20.797764
17.031261
12.553419
8.486339
4.353183
-0.111376
-4.217114
-8.074045
-12.208564
-16.386850
-20.245143
-23.987974
-27.507373
-30.194351
-32.486575
-35.158736
-37.734849
-39.772817
-41.047164
-41.467633
-41.895083
-42.193277
-41.940042
-41.239262
-40.292910
-38.927794
-37.052802
-34.587724
-31.764507
-28.780018
-25.333677
-21.101918
-16.789947
-12.468270
-8.161238
-3.650188
0.648499
4.737718
8.527211
12.165138
16.238860
20.594256
24.555581
28.219734
31.553677
34.487077
37.428652
40.202822
41.999647
43.139458
43.951103
44.067247
43.452638
42.472056
40.823902
38.773503
36.841461
34.734181
32.113109
29.092857
25.953225
22.604465
19.000769
14.730351
10.289294
6.190709
1.912798
-2.348082
-6.394216
-10.313136
-14.615910
-18.763372
-22.698641
-26.428359
-29.375213
-31.777620
-34.362078
-36.940064
-39.091110
-40.653774
-41.498457
-42.020934
-42.406831
-42.307377
-41.663817
-40.999992
-39.542232
-37.847757
-35.705056
-32.984359
-30.071565
-26.846102
-22.903000
-18.659660
-14.345135

