17.569917
20.338637
23.691825
26.837417
29.285465
31.549420
33.428328
34.734862
35.356283
35.410438
34.944330
34.490313
34.164020
33.471584
32.923222
32.073770
29.987097
27.623858
24.949312
21.469423
17.845290
14.479671
10.847705
7.139274
3.272125
-0.692776
-4.268544
-7.205861
-10.374103
-13.708728
-16.869988
-20.091534
-22.554738
-24.946928
-27.959347
-30.921187
-33.405508
-35.776922
-37.420647
-37.904978
-37.527425
-36.829710
-35.505125
-34.173046
-33.208132
-32.215629
-31.043802
-29.569013
-27.535302
-25.019305
-22.128310
-18.251283
-13.923475
-9.735312
-5.471706
-1.510041
2.056701
5.711147
9.091411
11.729683
14.123576
16.705990
19.398246
22.424459
25.612967
28.149230
30.443328
32.706261
34.282548
35.041400
35.279819
34.988437
34.457445
34.125703
33.538512
32.924754
32.374348
30.741010
28.406211
26.008742
22.898231
19.278186
15.713487
12.366091
8.773293
5.049195
1.141514
-2.487387
-5.506958
-8.520399
-11.891808
-15.089682
-18.195936
-21.075181
-23.673092
-26.339633
-29.296364
-31.911135
-34.515517
-36.752054
-37.761075
-37.665197
-37.303652
-36.346401
-34.910951
-33.811671
-32.838242
-31.937190
-30.719723
-28.895821
-26.571410
-24.089643
-20.671572
-16.340188
-12.036051
-7.855211
-3.684759
-0.028951
3.702300
7.403748
10.321311
12.856722
15.448843
18.239532
21.075521
24.358375
27.308464
29.633556
31.731980
33.754281
34.925086
35.376378
35.240650
34.768581
34.494059
33.948421
33.338751
32.817296
31.664371
29.562031
27.310508
24.432625
20.910842
17.323153
13.929265
10.261025
6.491286
2.615111
-1.433236
-4.777057
-7.738045
-11.101961
-14.309032
-17.608915
-20.709889
-23.159810
-25.749377
-28.575659
-31.375544
-33.865997
-36.279985
-37.620408
-37.892376
-37.444149
-36.562170
-35.149029
-34.001725
-33.132519
-32.057081
-30.896834
-29.374020
-27.253117
-24.869442
-21.795545
-17.557996
-13.227633
-9.049347
-4.728862
-0.929492
2.643892
6.379230
9.666681
12.156452
14.576571
17.207520
19.948142
23.166622
26.230471
28.683288
30.821562
32.910790
34.355436
35.054002
35.149370
34.664529
34.285784
33.886603
33.223629
32.751560
31.993559
30.079229
27.752093
25.299617
21.997179
18.310717
14.759813
11.339699
7.676397
3.900017
0.048706
-3.475632
-6.448030
-9.497064
-12.914794
-16.067880
-19.145012
-21.859748
-24.369614
-27.235576
-30.082635
-32.447917
-35.147837
-37.044457
-37.722077
-37.398168
-36.797694
-35.634892
-34.230777
-33.190932
-32.276085
-31.299932
-30.100175
-28.092861
-25.736604
-23.164068
-19.558328
-15.042169
-10.845491
-6.616626
-2.661092
0.934090
4.650865
8.218970
10.965892
13.316529
16.026667
18.568720
21.494116
24.749892
27.589968
29.827697
32.057932
33.817632
34.884385
35.344533
35.104411
34.570524
34.309455
33.836876
33.216476
32.775402
31.527621
29.314586
26.895148
23.911851
20.210062
16.820601
13.322319
9.651865
5.887066
2.011742
-1.901899
-5.038125
-7.996559
-11.413268
-14.572314
-17.890419
-20.836932
-23.348161
-25.965657
-28.959342
-31.674760
-34.273182
-36.588056
-37.847246
-38.056544
-37.627561
-36.697728
-35.194499
-34.045492
-33.270461
-32.139846
-30.892917
-29.330083
-27.010271
-24.437564
-21.173443
-16.845635
-12.469632
-8.333411
-4.114594
-0.289679
3.245388
7.019213
10.211638
12.629373
15.204975
17.847674
20.655734
23.852076
26.831967
29.273885
31.601020
33.667088
34.939732
35.551616
35.544293
34.998826
34.708466
34.212385
33.602715
33.043623
32.131161
30.072246
27.593885
24.968045
21.511487
17.860617
14.429092
10.977983
7.258654
3.399508
-0.603880
-4.109825
-7.144553
-10.321311
-13.736827
-16.934361
-20.001956
-22.577899
-25.043998
-27.963604
-30.646154
-33.191102
-35.796847
-37.397657
-37.855591
-37.422350
-36.825453
-35.582781
-34.218856
-33.210516
-32.194172
-31.198433
-29.812540
-27.658088
-25.201014
-22.404534
-18.499749
-14.111144
-9.803261
-5.527905
-1.698903
2.025196
5.757468
9.127855
11.573349
14.010668
16.592400
19.250086
22.217035
25.504487
28.179543
30.467851
32.649040
34.113101
35.081250
35.282544
34.773350
34.327848
34.068482
33.522674
32.940592
32.294137
30.714273
28.381688
26.108537
22.875752
19.203595
15.781437
12.448856
8.742639
5.027226
1.163483
-2.582414
-5.608286
-8.671795
-12.025833
-15.226432
-18.453257
-21.302530
-23.800305
-26.471445
-29.411146
-32.033239
-34.719365
-36.813361
-37.805353
-37.714924
-37.255117
-36.314045
-34.838234
-33.867529
-32.950810
-31.794139
-30.578375
-28.770140
-26.492562
-23.992232
-20.627805
-16.242095
-11.996201
-7.694108
-3.584794
0.117847
3.790004
7.639612
10.659184
13.092416
15.418530
18.105337
21.032776
24.597475
27.533940
29.802152
31.993900
33.874001
35.119908
35.538844
35.360541
34.883533
34.607819
34.113441
33.540215
33.038003
31.949111
29.667616
27.213948
24.491378
20.895345
17.260994
13.845307
10.277373
6.562642
2.618858
-1.375164
-4.702636
-7.677930
-11.024475
-14.274291
-17.444577
-20.365374
-22.938251
-25.610924
-28.604439
-31.310490
-33.787659
-36.420822
-37.764651
-37.879944
-37.425416
-36.593676
-35.309281
-34.164361
-33.216817
-32.210691
-31.110389
-29.526779
-27.189425
-24.747508
-21.748543
-17.606190
-13.147422
-8.855207
-4.639966
-0.907694
2.799034
6.504570
9.688480
12.256077
14.707361
17.289434
20.021711
23.201023
26.253292
28.705938
30.969211
32.983167
34.361737
35.199268
35.227707
34.767219
34.243379
33.914532
33.328533
32.756669
31.999179
30.065605
27.721439
25.228773
21.916798
18.155234
14.873232
11.298997
7.624115
3.715924
-0.193971
-3.616810
-6.558725
-9.732928
-13.063124
-16.247204
-19.467728
-22.071089
-24.599859
-27.363811
-30.215979
-32.751049
-35.436494
-37.164007
-37.682397
-37.420477
-36.817278
-35.523857
-34.145798
-33.249004
-32.358680
-31.293120
-29.965980
-27.983359
-25.611775
-22.846460
-18.950360
-14.566183
-10.288613
-6.013598
-2.104214
1.577309
5.261047
8.704492
11.414630
13.851779
16.383784
18.947635
22.017615
25.241886
27.883564
30.192818
32.414879
34.153632
35.112756
35.367012
34.989119
34.559965
34.220730
33.610889
33.080748
32.484361
31.017746
28.606142
26.201350
23.137842
19.568716
16.030414
12.625456
8.957727
5.206040
1.254763
-2.534049
-5.671297
-8.761031
-12.152025
-15.453271
-18.607378
-21.401133
-23.905550
-26.685510
-29.627766
-32.145807
-34.698418
-37.002904
-37.945509
-37.868704
-37.427289
-36.463908
-35.101857
-33.994402
-32.962390
-31.798397
-30.609710
-28.760093
-26.391915
-23.774079
-20.348855
-16.039780
-11.664288
-7.338694
-3.250497
0.500679
4.284212
7.847888
10.755914
13.101101
15.663930
18.340009
21.187919
24.384090
27.364663
29.822247
32.147339
33.930540
35.164356
35.576991
35.435132
34.759215
34.467152
34.055540
33.449275
32.894100
31.781197
29.716832
27.267252
24.540254
20.941155
17.296927
13.974054
10.457720
6.700243
2.824749
-1.016515
-4.437481
-7.436957
-10.745185
-13.967412
-17.228808
-20.212616
-22.890738
-25.455952
-28.316464
-30.978067
-33.624343
-36.102022
-37.482296
-37.669625
-37.277426
-36.586864
-35.213062
-34.058775
-33.331599
-32.349825
-31.108686
-29.608522
-27.462414
-24.984734
-21.967377
-17.862320
-13.579641
-9.381090
-5.108629
-1.252208
2.447707
6.157841
9.501151
12.016467
14.453615
17.038413
19.715003
22.907768
26.069369
28.673921
31.059129
33.222267
34.802811
35.480601
35.522665
35.160269
34.699781
34.397500
33.870595
33.373152
32.653979
30.830417
28.262479
25.746822
22.524936
18.834387
15.294382
11.841570
8.234978
4.451615
0.489439
-3.246069
-6.301233
-9.490933
-12.850761
-16.081674
-19.221987
-21.814789
-24.421556
-27.357851
-30.388491
-32.841308
-35.559961
-37.536451
-38.143737
-37.823234
-37.159409
-36.018065
-34.707785
-33.682244
-32.820872
-31.654835
-30.364650
-28.336218
-25.860923
-23.111275
-19.367082
-14.990398
-10.622059
-6.338869
-2.395085
1.202992
5.036422
8.584602
11.351279
13.870341
16.593252
19.267116
22.381033
25.556939
28.159448
30.375889
32.529831
34.157889
35.089425
35.484689
35.198586
34.638984
34.278291
33.822911
33.175605
32.637630
31.109027
28.717348
26.357174
23.270675
19.601754
16.135659
12.762036
9.063482
5.241292
1.307556
-2.395596
-5.592278
-8.610487
-11.972530
-15.092577
-18.267121
-21.099022
-23.588623
-26.257379
-29.223646
-31.869922
-34.519264
-36.769424
-37.721395
-37.636757
-37.170819
-36.198923
-34.700462
-33.644949
-32.842840
-31.822068
-30.617544
-28.876237
-26.582139
-24.094752
-20.644835
-16.311918
-12.022087
-7.817064
-3.723417
-0.070333
3.654105
7.199219
10.105542
12.614046
15.228476
17.667157
20.494120
23.821252
26.646512
28.973818
31.162841
33.099311
34.405674
34.865652
34.808602
34.354925
33.970390
33.578191
32.920837
32.466139
31.491688
29.525246
27.064596
24.451188
21.027837
17.545904
14.023781
10.433878
6.716762
2.953495
-1.071862
-4.370213
-7.036754
-10.266985
-13.603653
-16.905751
-19.967045
-22.460563
-25.005170
-28.040579
-30.768429
-33.203363
-35.824435
-37.321533
-37.583283
-37.158557
-36.417076
-35.143069
-34.042767
-33.230441
-32.207966
-31.155007
-29.867717
-27.669157
-25.168828
-22.081307
-18.023423
-13.552734
-9.315354
-5.091429
-1.410416
2.249820
6.070137
9.301390
11.850255
14.458554
17.131567
19.822461
23.008244
26.089123
28.658084
31.032051
33.298050
34.771647
35.632678
35.820518
35.319158
34.790380
34.383876
33.819335
33.297198
32.436848
30.774730
28.478418
26.015724
22.671563
18.951723
15.427215
11.861835
8.156640
4.261221
0.320843
-3.215075
-6.291185
-9.533167
-12.992961
-16.211782
-19.407613
-22.134440
-24.669852
-27.330603
-30.285801
-32.823426
-35.543442
-37.494046
-38.103887
-37.852526
-37.352868
-36.086696
-34.616334
-33.792768
-32.832282
-31.642233
-30.303853
-28.371981
-25.973831
-23.218904
-19.275972
-14.799663
-10.487863
-6.196158
-2.125842
1.481771
5.220004
8.560249
11.349235
13.934544
16.594274
19.289085
22.350890
25.633574
28.312206
30.447245
32.616002
34.441096
35.351345
35.681895
35.335847
34.891026
34.536804
33.973626
33.260414
32.633884
31.262977
28.844050
26.412180
23.479973
19.858565
16.335079
12.837989
9.122065
5.406312
1.429319
-2.441917
-5.590064
-8.579322
-11.987856
-15.136003
-18.400635
-21.251781
-23.783786
-26.437214
-29.350179
-31.916244
-34.381321
-36.751372
-37.761245
-37.760053
-37.183932
-36.122118
-34.726177
-33.594200
-32.711029
-31.631844
-30.449969
-28.812545
-26.575157
-24.024418
-20.690475
-16.461100
-12.139423
-7.850954
-3.673349
-0.061308
3.542219
7.135017
10.007450
12.477807
15.026501
17.670393
20.533460
23.823125
26.706968
28.927156
31.128781
33.035619
34.202167
34.823247
34.910270
34.435477
34.106459
33.756665
33.275911
32.728910
31.688724
29.579060
27.296373
24.619273
21.224192
17.633438
14.235292
10.752678
7.029261
3.114939
-0.791209
-4.167046
-7.035392
-10.333742
-13.680117
-16.782284
-19.794703
-22.381374
-25.028331
-27.898039
-30.739137
-33.282042
-35.922698
-37.475313
-37.713051
-37.377221
-36.701815

