18.271038
15.388046
12.186766
8.714710
5.226135
2.301080
-0.537974
-3.369706
-6.238052
-9.292705
-12.405770
-15.044723
-17.692362
-20.391941
-22.696597
-25.177343
-27.364152
-28.894969
-29.981136
-30.604090
-30.385937
-30.127764
-29.990162
-29.718876
-29.688222
-30.208145
-30.070373
-28.869254
-26.680231
-24.396862
-22.713457
-20.584890
-17.026833
-13.173819
-9.575401
-6.054299
-2.782685
0.210149
3.157684
6.534372
9.901013
13.509137
16.922099
19.817863
22.360597
24.884769
27.165072
29.497317
31.384230
32.089097
32.271317
32.008035
31.425101
30.802318
30.566965
29.987437
29.265710
28.512989
27.184316
25.009257
22.556101
19.806794
16.884804
13.915982
10.480029
6.810767
3.623962
0.849451
-2.155134
-4.974433
-8.116109
-11.319092
-14.073508
-16.677891
-19.491570
-21.941321
-24.262496
-26.667118
-28.604610
-29.841321
-30.620779
-30.697073
-30.391046
-30.343703
-29.991695
-29.759407
-30.254466
-30.480964
-29.841491
-27.847631
-25.402137
-23.598330
-21.795716
-18.631390
-14.572654
-10.877166
-7.306848
-3.800903
-0.710317
2.098083
5.241973
8.887734
12.447834
16.007253
19.056286
21.605321
24.195739
26.554210
28.735740
30.931405
32.129288
32.426970
32.313892
31.773533
31.110900
30.724321
30.256510
29.274906
28.739316
27.743408
25.664057
23.214647
20.632574
17.686912
14.701400
11.450563
7.900511
4.561118
1.701798
-1.279627
-4.106079
-7.060085
-10.334594
-13.286216
-15.907288
-18.591881
-21.128484
-23.462091
-25.943177
-28.027807
-29.399736
-30.389343
-30.762809
-30.452694
-30.168295
-29.999358
-29.558965
-29.746464
-30.235222
-29.870953
-28.576340
-26.132039
-23.966517
-22.193023
-19.718068
-15.853643
-12.061426
-8.453131
-5.005428
-1.781838
1.065050
4.105738
7.613386
11.074884
14.677048
18.031767
20.673445
23.103782
25.467873
27.829238
30.184984
31.724317
32.319512
32.319852
31.941618
31.209503
30.679362
30.400923
29.683113
28.967176
28.164727
26.536839
24.276631
21.691322
18.786022
15.756573
12.768507
9.351288
5.734648
2.721207
-0.089066
-2.892358
-5.814178
-9.069613
-12.243986
-14.815160
-17.575026
-20.185879
-22.462606
-24.836404
-27.178185
-28.889860
-30.098813
-30.653647
-30.564410
-30.506168
-30.369077
-29.977560
-29.817649
-30.386278
-30.409098
-29.410294
-27.170011
-24.939094
-23.151636
-21.001101
-17.432656
-13.496705
-9.922470
-6.299870
-2.971206
0.050919
2.920968
6.264278
9.816715
13.441358
16.968761
19.843919
22.449834
24.927173
27.300630
29.546874
31.504290
32.470737
32.537154
32.305377
31.663861
31.061172
30.909947
30.116013
29.345240
28.732504
27.484553
25.161505
22.672926
19.915785
16.971997
13.904061
10.398286
6.829500
3.648315
0.909737
-2.165011
-5.033016
-8.152553
-11.316197
-14.281273
-16.949347
-19.760472
-22.061041
-24.374894
-26.802676
-28.623683
-29.864311
-30.647176
-30.751399
-30.473982
-30.244759
-29.996804
-29.721260
-30.103411
-30.354091
-29.616867
-27.830601
-25.433472
-23.579597
-21.708693
-18.650804
-14.675515
-10.976451
-7.233449
-3.774336
-0.722579
2.191578
5.456890
8.923837
12.414455
15.968084
19.055435
21.699156
24.242401
26.597125
28.924942
31.039204
32.159771
32.311508
32.201324
31.714610
31.136104
30.801807
30.425106
29.536145
28.817313
27.695554
25.607177
23.229633
20.683834
17.723526
14.783485
11.580501
7.964373
4.499129
1.601492
-1.332249
-4.278762
-7.239240
-10.515281
-13.315507
-15.913418
-18.605675
-21.297932
-23.625919
-26.087420
-28.174775
-29.603583
-30.547210
-30.858006
-30.463082
-30.298233
-30.148370
-29.808623
-30.011960
-30.488627
-30.110904
-28.460366
-25.923593
-23.847137
-22.190469
-19.463641
-15.632936
-11.930636
-8.323703
-4.935265
-1.613242
1.289845
4.438502
7.906812
11.471680
15.127829
18.255370
20.754337
23.473842
25.968552
28.300285
30.508041
32.008035
32.403128
32.419137
31.927313
31.169483
30.839103
30.441795
29.658590
28.963430
28.130157
26.419163
23.967028
21.386147
18.592732
15.657118
12.485981
8.921112
5.397626
2.424717
-0.403609
-3.400190
-6.387574
-9.497915
-12.668541
-15.241759
-18.032960
-20.551852
-22.917475
-25.369099
-27.722461
-29.284103
-30.279841
-30.802488
-30.707121
-30.413525
-30.227389
-29.919147
-30.001913
-30.562537
-30.359200
-29.194014
-26.871817
-24.592876
-22.845949
-20.521539
-16.848019
-13.168880
-9.464877
-5.778585
-2.502033
0.409228
3.532512
7.044077
10.517495
13.977289
17.301355
20.108564
22.677524
25.199311
27.623517
30.025925
31.876564
32.448258
32.304866
31.947749
31.353065
30.901773
30.554703
29.888664
29.220411
28.465135
27.147361
24.917126
22.411857
19.501788
16.299316
13.222184
9.942566
6.512574
3.426416
0.380789
-2.544097
-5.323376
-8.577790
-11.784860
-14.579466
-17.188277
-19.977093
-22.335563
-24.681262
-27.093887
-28.886795
-30.088254
-30.880315
-30.786651
-30.447756
-30.373335
-30.133213
-29.797895
-30.351877
-30.386448
-29.591833
-27.528661
-25.094237
-23.353951
-21.303211
-17.947980
-14.067548
-10.441371
-6.867136
-3.430843
-0.400203
2.668074
6.016323
9.507792
13.218096
16.834566
19.661869
22.145169
24.719409
27.072941
29.459681
31.503098
32.488619
32.615491
32.390356
31.647852
31.147684
30.791078
30.222280
29.303006
28.566803
27.467864
25.350366
22.838456
20.120655
17.193726
14.113188
10.769878
7.113729
3.889629
1.072884
-1.841102
-4.729884
-7.745028
-11.002507
-13.867106
-16.519002
-19.282784
-21.730491
-23.976905
-26.436193
-28.415918
-29.593536
-30.462572
-30.607837
-30.391216
-30.179364
-29.996293
-29.690947
-30.086040
-30.367715
-29.760259
-27.987616
-25.629146
-23.762328
-21.919182
-18.774612
-15.004533
-11.454650
-7.772105
-4.314354
-1.196180
1.585143
4.889114
8.376496
11.926208
15.404735
18.633093
21.265064
23.769311
26.160308
28.480291
30.631168
31.977211
32.331262
32.308272
31.814916
31.217677
30.845744
30.407735
29.660804
28.931073
27.996302
26.027645
23.630176
21.068028
18.171753
15.133279
11.886869
8.312464
4.933732
2.004419
-0.854901
-3.756285
-6.705863
-10.056325
-13.104507
-15.611649
-18.390587
-21.057470
-23.411853
-25.832142
-28.028488
-29.484544
-30.502422
-30.847958
-30.576672
-30.269623
-30.193329
-29.815776
-29.879808
-30.407224
-30.146156
-28.795515
-26.390553
-24.253471
-22.639036
-20.086936
-16.215699
-12.341567
-8.660385
-5.228860
-1.963036
0.972067
4.087346
7.509674
11.024645
14.670065
18.028872
20.693370
23.212944
25.734050
28.030361
30.216830
31.825134
32.341651
32.441105
32.071216
31.361410
30.952862
30.586890
29.900074
29.024908
28.277125
26.617561
24.206468
21.777494
18.923453
16.005550
12.804099
9.144374
5.623783
2.643211
-0.241825
-3.133161
-6.028073
-9.117467
-12.221336
-14.848709
-17.482213
-20.219258
-22.547926
-24.969237
-27.418647
-28.978075
-30.071906
-30.664376
-30.586549
-30.304704
-30.119589
-29.870612
-29.718876
-30.251231
-30.253444
-29.259750
-27.042457
-24.761643
-23.007733
-20.880018
-17.430271
-13.632093
-10.067054
-6.378038
-3.101315
-0.163998
2.827474
6.296124
9.815182
13.332367
16.718081
19.582169
22.149767
24.729286
27.124201
29.545171
31.473466
32.275745
32.368728
32.048566
31.488282
30.991180
30.647346
30.102219
29.354266
28.718880
27.411495
25.132043
22.675650
20.027672
16.979831
14.082364
10.751656
7.178273
3.947190
1.011576
-1.905305
-4.805667
-7.841587
-11.162758
-14.004878
-16.565493
-19.265073
-21.759101
-24.184159
-26.657241
-28.574467
-29.884066
-30.723640
-30.743735
-30.406543
-30.319861
-30.200481
-29.842172
-30.181919
-30.490160
-29.967683
-28.176819
-25.706632
-23.681777
-21.898236
-18.844434
-14.820610
-11.210782
-7.630076
-4.222904
-1.042230
1.868350
5.214044
8.574894
12.171950
15.752486
18.868787
21.327564
23.890393
26.371138
28.722457
30.937025
32.103402
32.467331
32.442808
31.861748
31.160627
30.913864
30.511277
29.646329
28.857674
27.972289
26.094913
23.664747
20.980665
18.079792
14.986822
11.789969
8.120707
4.691226
1.768385
-1.063177
-3.951788
-6.967442
-10.177578
-13.189997
-15.771389
-18.532106
-21.124738
-23.343393
-25.724513
-27.962412
-29.482160
-30.414718
-30.755486
-30.500378
-30.282906
-30.122655
-29.723474
-29.853242
-30.372143
-29.988289
-28.620107
-26.223660
-24.144650
-22.445406
-19.944395
-16.181980
-12.490238
-8.945635
-5.334105
-2.117327
0.780651
3.911768
7.372584
10.892153
14.390094
17.602103
20.382745
22.972822
25.403329
27.664048
30.015026
31.640019
32.227550
32.083648
31.669140
31.054361
30.597619
30.299425
29.587235
28.835705
28.062718
26.594571
24.282081
21.889210
19.178050
16.219786
13.112852
9.632962
6.108284
3.115961
0.153610
-2.714225
-5.521945
-8.672987
-11.869158
-14.556476
-17.153195
-19.878319
-22.221122
-24.548428
-26.956626
-28.597627
-29.758896
-30.537333
-30.482497
-30.185325
-30.133895
-29.937199
-29.840980
-30.228581
-30.387470
-29.490675
-27.407067
-25.068862
-23.282426
-21.324669
-18.014397
-14.042854
-10.557004
-6.945474
-3.560781
-0.530992
2.460480
5.811112
9.256090
12.837478
16.339506
19.292831
21.822623
24.376597
26.828902
29.168470
31.143086
32.113791
32.327175
32.200473
31.565257
31.034946
30.753102
30.202355
29.321228
28.586388
27.421543
25.363139
22.940465
20.274946
17.377138
14.461790
11.187281
7.478169
4.158361
1.265832
-1.492500
-4.391159
-7.498775
-10.699715
-13.549498
-16.127144
-18.931968
-21.458694
-23.724181
-26.193687
-28.283426
-29.589449
-30.467340
-30.627251
-30.356986
-30.167614
-29.921021
-29.576847
-29.875381
-30.348812
-29.842343
-28.260946
-25.841679
-23.831810
-22.095782
-19.339323
-15.476091
-11.851788
-8.273125
-4.728181
-1.536778
1.269749
4.464218
8.021934
11.580331
15.080827
18.193211
20.794187
23.401805
25.845085
28.127943
30.398199
31.894956
32.210520
32.076836
31.704562
31.004122
30.654839
30.306407
29.549428
28.790236
28.000219
26.172400
23.797240
21.313088
18.499579
15.466043
12.293713
8.739233
5.270924
2.303294
-0.568799
-3.402574
-6.243672
-9.394544
-12.502159
-15.140942
-17.730168
-20.345279
-22.721972
-25.107690
-27.379138
-28.890371
-29.983350
-30.567816
-30.404159
-30.154501
-30.005148
-29.729264
-29.656546
-30.199119
-30.084848
-29.008559
-26.874883
-24.541106
-22.821767
-20.666974
-17.110450
-13.211966
-9.668555
-6.184578
-2.811296
0.115463
3.105232
6.501845
9.986332
13.579471
17.052037
19.853967
22.347655
24.894817
27.163710
29.582126
31.471423
32.239301
32.275915
32.041584
31.376737
30.799593
30.587060
29.933282
29.111079
28.411661
27.125222
24.926492
22.508417
19.747530
16.843591
13.852971
10.521242
6.798165
3.636905
0.821352
-2.033881
-4.962683
-7.995537
-11.276007
-14.060395
-16.682999
-19.403866
-21.873372
-24.125746
-26.636975
-28.541258
-29.840810
-30.635255
-30.598470
-30.310495
-30.193840
-29.931068
-29.618229
-30.131681
-30.386789
-29.651778
-27.886629
-25.486946
-23.610251
-21.854469
-18.826893
-14.860971
-11.271238
-7.674694
-4.179307
-1.003742
1.901048
5.085809
8.596012
12.149640
15.629871

