24.535656
21.197115
17.440319
13.242108
8.969137
4.951102
0.570331
-3.701108
-7.538625
-11.557170
-15.869141
-19.786358
-23.535660
-27.048077
-29.612269
-32.026938
-34.580571
-37.173714
-39.368187
-40.879420
-41.487387
-41.941575
-42.241301
-41.987044
-41.361025
-40.466956
-38.979735
-37.211180
-35.009044
-32.142230
-29.077700
-25.752102
-21.640914
-17.347166
-13.053417
-8.667707
-4.346371
-0.013454
4.191058
8.099249
11.561768
15.570607
19.959893
24.080447
27.749709
31.016384
33.834321
36.830221
39.717129
41.504077
42.797668
43.740102
43.983970
43.300390
42.475632
40.980237
39.089578
37.200451
35.234349
32.639503
29.685497
26.424101
23.039409
19.519840
15.314817
10.837317
6.759167
2.564532
-1.926422
-5.822011
-9.874446
-14.190333
-18.316167
-22.251436
-26.094743
-29.036828
-31.363283
-33.812012
-36.473785
-38.789511
-40.506976
-41.468143
-41.975975
-42.558568
-42.454515
-41.950941
-41.250501
-39.894240
-38.220712
-36.000354
-33.249174
-30.344895
-27.231830
-23.441655
-19.078595
-14.793532
-10.378020
-5.786930
-1.349449
2.915689
6.879398
10.631766
14.286212
18.541983
22.746835
26.551485
30.133043
33.172199
35.954714
38.992848
41.162116
42.462519
43.457747
43.951784
43.603863
42.869364
41.706903
39.686305
37.901061
35.971233
33.402273
30.428341
27.313914
23.927859
20.482710
16.543695
12.190512
7.986852
3.864084
-0.673362
-4.766669
-8.584261
-12.823173
-16.995668
-20.959548
-24.802344
-28.098822
-30.613456
-33.034597
-35.558939
-37.953683
-39.912462
-41.160754
-41.722059
-42.134183
-42.383330
-41.894913
-41.188172
-40.075438
-38.366318
-36.605767
-34.094708
-31.143086
-28.039217
-24.715151
-20.504509
-16.228301
-11.793716
-7.333926
-2.855914
1.444987
5.558729
9.294067
12.706007
16.826051
21.274771
25.253807
28.826169
31.969036
34.864800
37.892546
40.294613
41.864940
42.994022
43.772459
43.749298
43.051754
42.096717
40.468318
38.508688
36.562000
34.363100
31.694855
28.614487
25.257894
21.847316
18.287216
14.031785
9.560926
5.445310
1.067775
-3.109319
-6.983961
-11.093106
-15.419381
-19.329616
-23.311887
-26.870796
-29.517072
-31.841482
-34.476859
-37.140676
-39.358309
-40.768215
-41.506801
-42.248113
-42.623963
-42.424202
-41.743176
-40.956054
-39.531333
-37.744216
-35.419464
-32.649211
-29.508897
-26.209865
-22.159134
-17.872878
-13.607911
-9.065866
-4.593645
-0.149693
4.071849
7.967779
11.516639
15.388046
19.813095
23.931265
27.715649
31.054531
34.044640
36.987407
39.864268
41.827815
42.895419
43.831723
44.080530
43.509688
42.894227
41.296993
39.369038
37.563017
35.541739
32.738447
29.731308
26.479789
23.133074
19.652503
15.396902
11.038780
6.924527
2.673864
-1.992328
-6.007978
-10.007109
-14.180286
-18.425158
-22.367750
-26.261125
-29.139689
-31.520469
-34.091813
-36.673546
-38.980927
-40.674720
-41.554485
-42.027065
-42.402574
-42.392186
-41.917562
-41.169269
-39.917401
-38.183587
-36.169120
-33.439228
-30.389854
-27.122498
-23.325171
-19.007070
-14.731373
-10.132108
-5.677768
-1.340253
3.003052
7.117987
10.691030
14.356715
18.642970
22.869621
26.701348
30.116694
33.086538
36.029305
39.056880
41.282007
42.529617
43.584790
44.072526
43.661424
42.744534
41.596038
39.679323
37.838561
35.934108
33.453192
30.625037
27.495282
23.965325
20.436049
16.478300
12.044225
7.846696
3.788301
-0.606435
-4.739932
-8.644547
-13.021060
-17.194407
-21.172081
-24.972303
-28.341498
-30.725002
-33.097437
-35.684620
-38.171496
-40.110861
-41.366134
-41.839906
-42.428630
-42.604549
-42.123965
-41.348764
-40.198905
-38.586685
-36.600828
-34.008367
-31.120437
-28.100695
-24.473497
-20.186731
-15.871695
-11.409351
-7.012742
-2.487898
1.747949
5.847386
9.534189
13.116087
17.402172
21.736792
25.560686
29.318673
32.459157
35.254785
38.179159
40.613413
42.027235
43.227332
43.967792
43.793576
43.155466
42.048522
40.279286
38.284404
36.430189
34.227201
31.334673
28.246811
24.990184
21.518299
17.727443
13.342244
8.964709
4.881450
0.544276
-3.750154
-7.679292
-11.688130
-16.132763
-20.076207
-24.120978
-27.521678
-30.131170
-32.473803
-35.151924
-37.700619
-39.690903
-41.108813
-41.910410
-42.362554
-42.646612
-42.405980
-41.808401
-40.887594
-39.283548
-37.507670
-35.161461
-32.269444
-29.174430
-25.779520
-21.596466
-17.402513
-12.912750
-8.229188
-3.796646
0.422852
4.698549
8.614744
12.118816
16.116585
20.530224
24.698462
28.371811
31.562533
34.398522
37.434953
40.223769
41.848080
42.881966
43.796471
43.983630
43.401207
42.451620
40.818283
38.917916
36.971399
35.043444
32.426289
29.421704
26.079416
22.446598
18.808842
14.695951
10.428258
6.324053
1.772131
-2.585820
-6.398473
-10.521242
-14.854670
-19.033636
-22.954089
-26.776620
-29.631683
-31.961714
-34.490143
-37.094695
-39.321184
-40.952819
-41.682890
-42.161771
-42.694296
-42.681183
-41.942086
-41.207245
-39.678982
-37.998302
-35.788502
-32.975674
-30.012642
-26.730129
-22.776808
-18.472161
-14.123746
-9.606055
-5.041872
-0.672681
3.654787
7.616282
11.074373
15.044383
19.567524
23.749556
27.483872
30.978577
33.856119
36.815064
39.661271
41.575432
42.784214
43.785231
44.046981
43.705532
42.865276
41.482789
39.395945
37.424564
35.527263
32.935313
29.892581
26.682445
23.369108
19.871678
15.844277
11.383295
7.301910
3.051588
-1.460143
-5.545105
-9.450402
-13.703959
-17.874581
-21.826880
-25.669677
-28.708322
-31.003611
-33.509391
-36.214760
-38.497959
-40.328332
-41.328328
-41.879586
-42.284386
-42.400020
-41.901043
-41.253056
-40.016685
-38.308586
-36.278112
-33.684628
-30.750207
-27.513845
-23.593903
-19.443035
-15.328271
-10.813645
-6.286757
-1.895428
2.284391
6.416014
10.013921
13.652870
17.786537
22.174971
26.120969
29.626233
32.686506
35.628080
38.587536
40.918759
42.285749
43.405635
43.973071
43.733120
42.984145
41.868346
40.096896
38.109507
36.235367
33.797877
30.911139
27.813741
24.492570
21.034479
17.136165
12.732744
8.568764
4.382133
-0.094005
-4.276378
-8.148977
-12.435572
-16.698326
-20.534311
-24.470772
-27.921370
-30.455760
-32.798222
-35.444157
-37.972757
-39.986883
-41.199071
-41.804143
-42.201451
-42.552267
-42.154108
-41.463716
-40.437153
-38.820846
-36.954028
-34.444502
-31.489304
-28.501579
-24.989162
-20.739010
-16.459567
-12.015445
-7.564511
-3.050225
1.380614
5.660057
9.390967
12.848718
16.920567
21.315302
25.224515
28.830937
32.117196
35.007170
37.940230
40.549891
42.076281
43.196167
43.986865
43.858290
43.198211
42.181185
40.647643
38.621426
36.836863
34.605265
31.760761
28.773546
25.370462
21.980831
18.176862
13.760669
9.493487
5.540677
1.178469
-3.149850
-7.058552
-11.135169
-15.436752
-19.457511
-23.319721
-26.941470
-29.587405
-31.928335
-34.607308
-37.106105
-39.301429
-40.845360
-41.644914
-42.164326
-42.450939
-42.302608
-41.624137
-40.783882
-39.290360
-37.554502
-35.320861
-32.629456
-29.576676
-26.219232
-22.171055
-17.891100
-13.593946
-8.976630
-4.619019
-0.415700
3.754752
7.799012
11.384657
15.272072
19.654546
23.850203
27.660131
31.058959
33.920833
36.908048
39.701973
41.531154
42.797157
43.729373
44.060775
43.572698
42.576449
41.107961
39.137772
37.308761
35.329887
32.758542
29.899563
26.795694
23.290089
19.813606
15.614714
11.146920
7.020916
2.726657
-1.621076
-5.575418
-9.464366
-13.835260
-18.084901
-22.055932
-25.878463
-28.960024
-31.376055
-33.824444
-36.399705
-38.741316
-40.485689
-41.422333
-41.970015
-42.565380
-42.768887
-42.098931
-41.271959
-39.942265
-38.299050
-36.299569
-33.634390
-30.575480
-27.540411
-23.808309
-19.431455
-15.182325
-10.706697
-6.201948
-1.692942
2.587863
6.733281
10.195460
13.895886
18.216542
22.581816
26.321922
29.888323
32.988616
35.880293
38.848264
40.983983
42.376518
43.518373
44.067247
43.710470
43.114594
42.034388
40.122611
38.078342
36.249331
33.869062
30.933789
27.711391
24.353606
20.781074
16.946793
12.440511
8.163963
4.020759
-0.373977
-4.560096
-8.426223
-12.581859
-16.857897
-20.756721
-24.609566
-28.024060
-30.418124
-32.745429
-35.438367
-37.980761
-39.921488
-41.123799
-41.698388
-42.204346
-42.471204
-42.030982
-41.380950
-40.416718
-38.736718
-36.921331
-34.485374
-31.647682
-28.549603
-25.003297
-20.759276
-16.543695
-12.170247
-7.631779
-3.288133
0.959635
5.155461
8.944614
12.523787
16.505207
20.836932
24.904864
28.580768
31.693833
34.443310
37.466458
40.066072
41.684593
42.703152
43.497086
43.576104
42.909554
41.977848
40.330376
38.347925
36.549057
34.481457
31.746456
28.828723
25.611946
22.210734
18.517630
14.231205
9.945801
6.005764
1.527922
-2.782175
-6.629739
-10.702610
-15.068735
-19.086429
-22.916964
-26.566642
-29.301643
-31.554699
-34.165723
-36.683083
-38.921833
-40.590593
-41.378396
-41.857788
-42.309080
-42.313848
-41.807549
-40.897812
-39.582253
-37.905659
-35.684960
-32.951151
-29.947247
-26.723998
-22.784812
-18.441166
-14.274461
-9.829487
-5.394391
-1.024348
3.274509
7.345336
10.888066
14.730351
19.127812
23.347310
27.040073
30.418975
33.463069
36.410775
39.262431
41.255951
42.526892
43.557542
43.865272
43.441909
42.660577
41.360855
39.442437
37.544795
35.605941
33.137798
30.237607
26.959692
23.602588
20.173107
16.192028
11.703117
7.619347
3.432206
-0.851665
-4.946334
-9.032999
-13.325044
-17.507587
-21.413054
-25.312049
-28.455428
-30.796187
-33.204045
-35.872970
-38.278614
-40.122781
-41.197709
-41.757311
-42.221716
-42.322874
-41.807209
-41.100468
-40.003742
-38.357122
-36.464078
-33.976010
-31.069177
-27.917113
-24.298600
-19.946269
-15.696798
-11.289631
-6.761551
-2.398661
1.707588
5.831718
9.597880
13.231039
17.385312
21.693877
25.599003
29.157230
32.207625
35.001380
37.996088
40.507487
41.888952
42.939186
43.745381
43.553114
42.859486
41.815383
40.051426
38.064889
36.295652
33.955404
31.140191
28.078045
24.838277
21.381719
17.577410
13.243301
9.049177
4.991123
0.582423
-3.659044
-7.494688
-11.636189
-15.943561
-19.964831
-23.750918
-27.234214
-29.876062
-32.192980
-34.748146
-37.215608
-39.358650
-40.796314
-41.474445
-41.926418
-42.245218
-42.053120
-41.399513
-40.542909
-38.988761
-37.272487
-35.064902
-32.205071
-29.123340
-25.819199
-21.749054
-17.423119
-13.172797
-8.757796
-4.228183
0.068460
4.297495
8.190870
11.711121
15.668869
20.077229
24.162531
27.812890
31.194006
33.996616
37.072216
39.850984
41.613919
42.754071
43.707405
43.857779
43.297665
42.529106
40.990625
38.954360
37.065574
35.070521
32.440424
29.535294
26.264361
22.949321
19.485610
15.431813
10.902030
6.869520
2.628565
-1.807213
-5.857944
-9.786912
-14.146566
-18.254348
-22.189617
-25.963443
-29.012816
-31.271321
-33.829893
-36.435127
-38.825444
-40.563004
-41.338887
-41.867665
-42.336668
-42.330197
-41.752543
-41.196006
-39.883001
-38.133689
-36.122118
-33.497129
-30.521154
-27.388334
-23.575510
-19.226926
-15.037911
-10.594811
-6.102834
-1.656328
2.594846
6.629910
10.241440
13.936077
18.142291

