33.617360
34.994738
35.632678
35.718679
35.528626
35.327332
34.596750
33.899886
33.427647
32.514334
30.764512
28.898375
26.735238
24.386985
22.269147
19.904034
17.320429
14.137881
10.037933
5.542210
1.708950
-1.840081
-5.322524
-8.669240
-11.908497
-15.102284
-18.109764
-21.584545
-25.099005
-28.141396
-31.088080
-34.079552
-36.311490
-38.058417
-39.168767
-39.445162
-39.162466
-38.492339
-37.742342
-37.070683
-36.605937
-35.188028
-32.637630
-29.554367
-26.700326
-23.834365
-20.421573
-15.644176
-10.350943
-5.723579
-1.351322
2.655642
6.344829
9.736334
13.209070
16.390937
19.470794
22.351742
24.886812
27.384077
30.221598
32.716479
34.399884
35.381828
35.588230
35.367864
35.258702
34.836190
34.023353
33.693484
33.008030
31.604086
29.778991
27.752434
25.405543
23.248707
21.080971
18.685545
15.829461
12.223210
7.828644
3.669432
0.027078
-3.694807
-7.050037
-10.381256
-13.743980
-16.729150
-20.091704
-23.599522
-26.837758
-29.949631
-33.130986
-35.759381
-37.678991
-39.143222
-39.777585
-39.545809
-38.998638
-38.384199
-37.765503
-37.157706
-36.316088
-34.192630
-31.272854
-28.336218
-25.370632
-22.165605
-17.932824
-12.582200
-7.561956
-3.104721
1.051937
4.947526
8.577960
12.146064
15.545913
18.555096
21.822112
24.558135
26.899917
29.611758
32.344375
34.309285
35.564729
36.002738
35.934448
35.893066
35.625866
34.731116
34.194333
33.739635
32.461371
30.690772
28.685161
26.393107
24.096455
21.884612
19.437926
16.744307
13.404914
9.104524
4.650014
0.819990
-2.752032
-6.295443
-9.525844
-12.856552
-16.001463
-19.068888
-22.834710
-26.193346
-29.286657
-32.199451
-35.129956
-37.271466
-38.878918
-39.704527
-39.762599
-39.202315
-38.578510
-37.830387
-37.199089
-36.630801
-34.887620
-31.989302
-28.943164
-26.087080
-23.124048
-19.208363
-14.103310
-9.032999
-4.424538
-0.161784
3.820317
7.499797
10.999441
14.489378
17.609937
20.692008
23.509605
25.930745
28.576851
31.361410
33.564227
34.914868
35.773686
35.869053
35.589593
35.398177
34.755809
34.135239
33.689226
32.712732
31.057767
29.266391
27.054889
24.746146
22.631543
20.387513
17.761333
14.609098
10.588850
6.282159
2.314704
-1.507998
-5.025353
-8.306503
-11.510508
-14.787401
-17.806462
-21.279710
-24.777140
-27.944871
-30.828374
-33.949614
-36.263636
-38.072211
-39.335149
-39.613417
-39.329188
-38.659402
-38.029296
-37.422521
-36.916392
-35.652433
-33.156361
-30.151095
-27.207988
-24.364335
-20.861796
-16.225406
-10.886022
-5.970342
-1.733303
2.322367
6.056343
9.561266
13.213328
16.280413
19.470283
22.555930
25.150946
27.534621
30.376230
32.892057
34.629788
35.690580
35.853897
35.815069
35.815409
35.373824
34.422193
33.980949
33.317804
31.969888
30.043466
27.984892
25.542804
23.438760
21.197115
18.636499
15.768664
12.113367
7.741962
3.553288
-0.115122
-3.630434
-7.110323
-10.493994
-13.808693
-16.863176
-20.196949
-23.861102
-27.113472
-30.137300
-33.169644
-35.852534
-37.784406
-39.249318
-39.689881
-39.570502
-39.082255
-38.364785
-37.603208
-37.149532
-36.289351
-34.118210
-31.159094
-28.150082
-25.290421
-22.124393
-17.782109
-12.497902
-7.494347
-3.066404
1.194647
5.119698
8.697850
12.125628
15.553917
18.606356
21.699326
24.428708
26.880332
29.743569
32.540219
34.425940
35.602536
36.024196
35.888297
35.796165
35.544464
34.825972
34.292596
33.814056
32.461200
30.752080
28.722797
26.461397
24.054391
21.889550
19.478968
16.751119
13.312101
9.006602
4.584278
0.865630
-2.883162
-6.435258
-9.755577
-13.020379
-16.146898
-19.393478
-22.961753
-26.254824
-29.286316
-32.512460
-35.340105
-37.347249
-38.999830
-39.775372
-39.881468
-39.297342
-38.693292
-37.971224
-37.458113
-36.719186
-34.801619
-31.988961
-29.094900
-25.977918
-22.874560
-18.922772
-13.832876
-8.659192
-4.137925
0.229052
4.186801
7.801226
11.434385
14.805964
17.957858
21.080119
23.881708
26.365689
28.970752
31.760420
34.025567
35.409927
36.102193
36.041907
35.813366
35.605771
34.925256
34.169640
33.713749
32.804183
31.005825
29.153654
26.819195
24.597815
22.400788
20.052365
17.341035
14.188460
10.210105
5.748272
1.751014
-1.813514
-5.370549
-8.768865
-12.123585
-15.335764
-18.302883
-21.889210
-25.405543
-28.390203
-31.400238
-34.514495
-36.678995
-38.567100
-39.503404
-39.517879
-39.150715
-38.647822
-37.933247
-37.350314
-36.880119
-35.472257
-32.800947
-29.669149
-26.803017
-23.946932
-20.358222
-15.477623
-10.157824
-5.523648
-1.343148
2.723421
6.556170
10.164295
13.588837
16.748735
19.919361
22.782258
25.487627
28.195211
31.079224
33.427477
34.843683
35.769429
36.030837
36.051444
35.984686
35.220725
34.507002
34.245593
33.428669
31.834500
29.904502
27.816807
25.364842
23.132903
20.902668
18.384797
15.401500
11.551210
7.043907
3.011056
-0.681196
-4.423346
-7.939168
-11.085783
-14.454808
-17.385994
-20.899432
-24.516923
-27.671882
-30.717850
-33.915894
-36.390679
-38.260903
-39.555856
-40.011065
-39.708103
-39.122956
-38.336345
-37.671668
-37.282876
-36.064216
-33.526591
-30.519962
-27.649062
-24.689266
-21.358558
-16.769511
-11.474235
-6.607430
-2.231428
1.925571
5.638429
9.366955
12.890952
16.221660
19.296578
22.318704
24.992057
27.462755
30.260597
32.867193
34.686327
35.787821
36.155326
35.981280
35.984346
35.527093
34.632342
34.076486
33.481632
32.076665
30.244759
28.190442
25.825841
23.563760
21.389212
18.869468
15.967573
12.441874
8.037942
3.776210
-0.007323
-3.581899
-7.122244
-10.418040
-13.804095
-16.814300
-20.010642
-23.587602
-26.946919
-29.988970
-32.979761
-35.498653
-37.582602
-39.226157
-39.721557
-39.573056
-39.035252
-38.402421
-37.607976
-37.129266
-36.283731
-34.346410
-31.310660
-28.248344
-25.353602
-22.229637
-18.047776
-12.867451
-7.795266
-3.347567
0.883852
4.749979
8.358615
11.831692
15.174661
18.354825
21.412032
24.137327
26.493583
29.207127
31.994581
34.022672
35.229751
35.797358
35.804510
35.790035
35.455908
34.716129
34.123829
33.637285
32.449790
30.740670
28.915576
26.640722
24.311543
22.103616
19.779546
17.072133
13.754368
9.538616
5.193438
1.376697
-2.141680
-5.815199
-9.135519
-12.443747
-15.634639
-18.786873
-22.407259
-25.816986
-28.821911
-32.048907
-35.020964
-37.100656
-38.828339
-39.739438
-39.931025
-39.455380
-38.770437
-37.979228
-37.413495
-36.856277
-35.228389
-32.479933
-29.520818
-26.620626
-23.523229
-19.702230
-14.745508
-9.494679
-4.895244
-0.548192
3.448554
7.111175
10.722024
14.201914
17.510142
20.563943
23.555585
26.056937
28.593540
31.494243
33.728225
35.243886
35.927125
35.892725
35.807746
35.755464
35.092320
34.409251
33.929859
33.043793
31.418119
29.517923
27.368750
24.974176
22.811038
20.470619
17.786026
14.803580
10.861329
6.373950
2.297333
-1.394578
-4.931518
-8.364575
-11.602129
-14.864547
-17.818213
-21.327564
-24.851731
-28.104442
-31.124694
-33.934627
-36.353384
-38.222415
-39.443459
-39.630107
-39.380108
-38.909572
-38.189377
-37.424224
-36.884546
-35.640682
-33.155169
-30.078888
-27.095590
-24.176155
-20.788227
-16.146047
-10.898454
-6.164312
-1.792227
2.261230
6.110498
9.671620
12.998070
16.189303
19.281251
22.306783
24.881874
27.341161
30.220747
32.892397
34.523521
35.609688
35.806554
35.646813
35.586868
35.059963
34.323420
33.931051
33.345563
31.867879
30.001572
27.989660
25.683812
23.417132
21.148579
18.715858
15.950203
12.371370
8.039985
3.943103
0.235694
-3.431865
-7.028239
-10.201931
-13.470650
-16.445262
-19.785677
-23.416792
-26.670524
-29.585702
-32.913855
-35.601514
-37.465947
-39.078338
-39.707593
-39.600304
-39.013624
-38.393395
-37.574087
-37.249327
-36.392723
-34.281015
-31.278133
-28.439931
-25.565454
-22.376605
-18.167666
-12.934889
-7.998943
-3.490959
0.762599
4.603352
8.167369
11.859110
15.319926
18.390587
21.393299
24.207830
26.696239
29.388326
32.120602
34.235546
35.435302
36.010402
35.836867
35.787651
35.507168
34.817117
34.242017
33.756154
32.628434
30.863626
28.987782
26.663882
24.272033
22.208180
19.883088
17.094612
13.678925
9.508303
5.128895
1.255785
-2.368518
-5.907842
-9.227991
-12.579986
-15.788930
-18.837622
-22.477422
-25.878463
-29.092176
-32.038859
-34.824269
-36.975486
-38.747617
-39.685283
-39.716618
-39.354903
-38.726841
-37.892376
-37.257331
-36.566257
-34.966128
-32.228913
-29.124532
-26.136296
-23.205110
-19.575187
-14.562437
-9.316717
-4.609823
-0.430516
3.562484
7.304805
10.815348
14.203106
17.318896
20.411866
23.291792
25.748866
28.238467
31.090634
33.431734
34.866674
35.596916
35.612413
35.435302
35.330738
34.511600
33.753599
33.341476
32.503435
30.862093
29.025929
27.005502
24.679218
22.542817
20.355156
17.806973
14.963831
11.194263
6.738731
2.783878
-0.742674
-4.313673
-7.789135
-11.094638
-14.171089
-17.193215
-20.589658
-24.059159
-27.218887
-30.240161
-33.162492
-35.622801
-37.435974
-38.893563
-39.324420
-39.112057
-38.618701
-37.915877
-37.191084
-36.769424
-35.679681
-33.320699
-30.382701
-27.589628
-24.805920
-21.495478
-17.043693
-11.850255
-7.000140
-2.604553
1.531499
5.263942
8.834600
12.364898
15.589169
18.658808
21.726234
24.423770
26.938234
29.792956
32.460860
34.317119
35.461358
35.861901
35.699095
35.726343
35.390684
34.784079
34.227712
33.585174
32.297543
30.477217
28.506858
26.122332
23.831129
21.676506
19.268990
16.426529
12.974909
8.647782
4.377195
0.550066
-3.071172
-6.557022
-9.855032
-13.176884
-16.300678
-19.477946
-23.148911
-26.564939
-29.561009
-32.701322
-35.504443
-37.400893
-39.070674
-39.810623
-39.738246
-39.259877
-38.723605
-37.961176
-37.330219
-36.544459
-34.645626
-31.777109
-28.734548
-25.807449
-22.768634
-18.876791
-13.695615
-8.467947
-3.939697
0.246423
4.282338
7.916519
11.539119
14.962469
18.054758
21.107197
24.023567
26.364156
29.004472
31.808274
34.009389
35.296849
35.954033
35.928147
35.778965
35.576480
34.783397
34.091302
33.634901
32.606125
30.846936
28.929540
26.843207
24.546044
22.272723
19.938605
17.348187
14.264924
10.257789
5.838871
1.922165
-1.672847
-5.193608
-8.596863
-11.845997
-15.055452
-18.009118
-21.509954
-25.107350
-28.065102
-31.033243
-34.118380
-36.352021
-38.116489
-39.291893
-39.622613
-39.214236
-38.622447
-37.851674
-37.173203
-36.697047
-35.359178
-32.798903
-29.804707
-26.953902
-24.014711
-20.604304
-15.818051
-10.598898
-5.915165
-1.659053
2.429485
6.115947
9.621041
13.163430
16.347851
19.437415
22.397893
24.945225
27.402299
30.268090
32.700981
34.429346
35.487413
35.863093
35.647835
35.581759
35.081250
34.259047
33.714431
33.116341
31.610216
29.860905
27.856486
25.551149
23.320743
21.211590
18.662214
15.828950
12.188128
7.841246
3.832238
0.174556
-3.421988
-6.851639
-10.099922
-13.527870
-16.515255
-19.729648
-23.355654
-26.654686
-29.712064
-32.777616
-35.388981
-37.344354
-38.945164
-39.578847
-39.460829
-38.892712
-38.256645
-37.570851
-37.101848
-36.265169
-34.287998

