28.091158
30.285461
32.383885
34.120083
34.960679
35.208123
34.794467
34.297705
33.959150
33.535617
32.895633
32.231637
30.638831
28.207132
25.722299
22.538219
19.023248
15.611308
12.210948
8.552926
4.859992
0.929322
-2.769061
-5.883830
-8.863722
-12.164967
-15.297447
-18.467052
-21.299635
-23.773909
-26.490348
-29.482501
-32.007183
-34.533398
-36.708798
-37.583283
-37.428141
-36.773000
-35.774537
-34.335511
-33.413001
-32.575301
-31.577178
-30.294657
-28.504985
-26.214293
-23.666961
-20.156758
-15.900476
-11.740242
-7.423162
-3.382649
0.286273
3.869193
7.478850
10.292189
12.742111
15.288591
17.934697
20.875590
24.132218
26.946408
29.242039
31.470231
33.345222
34.503085
35.036121
34.953696
34.354074
34.058094
33.604247
33.080748
32.601016
31.540734
29.393775
27.007886
24.265221
20.881721
17.325197
13.985123
10.458912
6.750822
2.833605
-1.106603
-4.313503
-7.321835
-10.686602
-13.991254
-17.360279
-20.355327
-22.900956
-25.585038
-28.546197
-31.206608
-33.618893
-36.141362
-37.671838
-37.830217
-37.373134
-36.613090
-35.349982
-33.984525
-33.196381
-32.274553
-31.214101
-29.739823
-27.461052
-24.972984
-21.963120
-17.754010
-13.392653
-9.067399
-4.830701
-0.972748
2.710138
6.453991
9.610653
12.004375
14.725072
17.404045
20.123209
23.336581
26.463951
28.934479
31.267234
33.338921
34.789698
35.599981
35.689388
35.084656
34.655503
34.302643
33.660105
33.115319
32.279662
30.424765
27.976206
25.267771
21.909305
18.314293
14.946461
11.455161
7.734639
3.888266
-0.047684
-3.666537
-6.619351
-9.855543
-13.252667
-16.461611
-19.776821
-22.429228
-24.907759
-27.618408
-30.556236
-32.991511
-35.547018
-37.404128
-37.996939
-37.632840
-36.947216
-35.728216
-34.242358
-33.334153
-32.454899
-31.285797
-29.980625
-28.058290
-25.680576
-22.828068
-18.940994
-14.657123
-10.352305
-6.042889
-2.070154
1.572711
5.254405
8.708239
11.299338
13.759306
16.375269
19.077233
22.204093
25.392941
27.940784
30.067648
32.304014
34.113441
34.939732
35.232135
34.920488
34.484523
34.118550
33.555542
32.961709
32.511098
30.974150
28.676305
26.259593
23.264374
19.675323
16.169889
12.727976
9.215389
5.458423
1.263278
-2.454690
-5.526032
-8.448022
-11.837823
-15.076058
-18.346139
-21.195412
-23.779699
-26.407923
-29.324974
-31.904323
-34.475837
-36.794118
-37.774699
-37.689379
-37.061317
-36.134720
-34.751551
-33.643927
-32.830068
-31.830754
-30.618055
-28.821911
-26.598658
-23.994616
-20.655394
-16.420228
-11.981896
-7.750647
-3.642014
0.069482
3.747259
7.549524
10.223048
12.759992
15.442882
18.130881
20.974023
24.303879
27.191809
29.512303
31.692641
33.519438
34.769263
35.366842
35.359519
34.677301
34.321717
33.917257
33.438376
32.829898
31.735386
29.541254
27.238301
24.438926
20.954609
17.449856
14.076744
10.553769
6.784030
2.806527
-1.049553
-4.394054
-7.406814
-10.680982
-13.991424
-17.238515
-20.400967
-23.013353
-25.632722
-28.569869
-31.352213
-33.868040
-36.386422
-37.696362
-37.915707
-37.490981
-36.620753
-35.183089
-33.986739
-33.218861
-32.346419
-31.217166
-29.632875
-27.451175
-24.948801
-21.828754
-17.756394
-13.460602
-9.222712
-4.917043
-1.016174
2.698898
6.455353
9.758472
12.220144
14.800344
17.428739
20.166806
23.406914
26.531901
28.964622
31.255484
33.381837
34.803322
35.519770
35.561323
35.052640
34.534931
34.200294
33.559969
33.149379
32.346078
30.506509
27.971779
25.322778
21.947622
18.316678
14.846836
11.360305
7.624626
3.877708
-0.182390
-3.740788
-6.752184
-9.950399
-13.362169
-16.707693
-19.858735
-22.411346
-24.945055
-27.884586
-30.702523
-33.158404
-35.787651
-37.598099
-38.166898
-37.680694
-36.981617
-35.719872
-34.366335
-33.424241
-32.446214
-31.418119
-30.213594
-27.960879
-25.445053
-22.593907
-18.734932
-14.316865
-10.053430
-5.658695
-1.726321
1.875843
5.702291
8.963346
11.502164
14.055627
16.741412
19.513539
22.620814
25.815623
28.440782
30.719382
32.913004
34.496103
35.354410
35.672699
35.332441
34.734522
34.316778
33.875534
33.168282
32.556738
30.836718
28.598138
26.025602
22.856678
19.168002
15.734434
12.381247
8.712155
4.839727
0.908545
-2.744538
-5.841596
-8.944954
-12.323005
-15.506404
-18.826553
-21.638189
-24.129323
-26.768616
-29.718365
-32.264846
-35.047361
-37.119729
-37.767887
-37.558760
-36.983320
-35.831077
-34.403971
-33.527613
-32.843011
-31.864813
-30.577694
-28.747320
-26.397535
-23.653848
-19.946950
-15.562602
-11.335782
-7.195643
-3.230572
0.505618
4.281657
7.797820
10.590724
13.190678
15.802213
18.668345
21.774258
25.030204
27.649232
29.786825
32.044479
34.021820
35.318988
35.830225
35.381147
34.836190
34.636940
34.125362
33.558096
33.004284
31.818662
29.545512
27.037518
24.104459
20.524945
16.933169
13.459410
9.789467
6.114244
2.187831
-1.758337
-5.046470
-7.896764
-11.338506
-14.555965
-17.944745
-21.000930
-23.501260
-26.227406
-29.179028
-31.846932
-34.479243
-36.894253
-38.162640
-38.137095
-37.556887
-36.488771
-35.018240
-33.921003
-33.023698
-31.960351
-30.844382
-29.329743
-27.014187
-24.430922
-21.029540
-16.770363
-12.349742
-8.012908
-3.879070
-0.249829
3.554821
7.119860
10.115079
12.532984
15.171766
17.985446
20.981516
24.296556
27.260269
29.551813
31.612430
33.566441
34.800087
35.413504
35.400391
34.859691
34.427302
34.067801
33.445699
32.906192
31.912838
29.801130
27.329241
24.634940
21.168164
17.538071
14.232227
10.661909
6.930147
2.943277
-0.970193
-4.423005
-7.406303
-10.726792
-14.013903
-17.209053
-20.275457
-22.945915
-25.549616
-28.318507
-30.941452
-33.576148
-36.274195
-37.751538
-37.991830
-37.531512
-36.745923
-35.216127
-33.902270
-33.096245
-32.263483
-31.053339
-29.600518
-27.494601
-25.053876
-22.041116
-18.041474
-13.640949
-9.327275
-5.041361
-1.185111
2.495902
6.174530
9.321996
11.909178
14.434542
17.066172
19.751957
22.983040
26.157243
28.612614
30.697073
32.803161
34.402439
35.270452
35.374505
34.983839
34.537486
34.190246
33.554861
32.991511
32.329900
30.515194
28.077705
25.445223
22.256885
18.659830
15.285185
11.816025
8.197682
4.379579
0.480413
-3.236021
-6.253038
-9.358781
-12.762376
-16.076735
-19.388539
-22.111280
-24.675131
-27.571576
-30.457292
-32.868896
-35.441603
-37.422010
-38.202660
-37.939889
-37.266697
-36.028964
-34.599815
-33.615657
-32.735382
-31.670502
-30.444009
-28.496129
-26.048592
-23.282766
-19.597837
-15.268156
-10.956356
-6.532499
-2.479383
1.196861
5.043745
8.531468
11.271409
13.626814
16.367776
19.057478
22.074836
25.402648
28.039558
30.365671
32.467502
34.085512
35.122463
35.535438
35.178491
34.665380
34.271990
33.833470
33.278806
32.701492
31.313726
28.952360
26.419674
23.299626
19.607203
16.177041
12.807676
9.221179
5.444118
1.476152
-2.262081
-5.490269
-8.508989
-11.909008
-15.103647
-18.419709
-21.241052
-23.785830
-26.418822
-29.305731
-31.919990
-34.555537
-36.918776
-37.834304
-37.773507
-37.195342
-36.145449
-34.573930
-33.532722
-32.757861
-31.870093
-30.713933
-28.988123
-26.570218
-23.969242
-20.512002
-16.288928
-12.044907
-7.789476
-3.740788
0.016349
3.741639
7.266998
10.162933
12.657983
15.294892
17.928737
20.728282
24.055413
27.018785
29.249021
31.552315
33.444847
34.707785
35.313198
35.120078
34.625530
34.263475
33.900738
33.267055
32.746451
31.824112
29.798065
27.317490
24.474689
21.068709
17.542839
14.167513
10.679109
7.059234
3.157513
-0.846897
-4.281487
-7.142169
-10.427407
-13.724225
-17.097848
-20.226410
-22.801331
-25.287356
-28.241362
-30.975682
-33.385583
-36.045483
-37.635224
-37.956408
-37.470545
-36.676952
-35.176958
-34.073080
-33.247811
-32.291583
-31.165736
-29.907056
-27.724334
-25.190456
-22.145339
-18.045221
-13.747215
-9.394203
-5.079678
-1.288652
2.346720
6.221022
9.475606
11.948177
14.419385
17.191001
19.997018
23.211752
26.279177
28.853076
31.022174
33.135584
34.569332
35.406181
35.550594
35.145964
34.721919
34.353733
33.765520
33.208813
32.445874
30.564410
28.059312
25.537695
22.326027
18.641608
15.169041
11.807169
8.167880
4.315036
0.289508
-3.361021
-6.404775
-9.583405
-12.964521
-16.058854
-19.282103
-21.969761
-24.545022
-27.382374
-30.242545
-32.768760
-35.474811
-37.455729
-37.987403
-37.668433
-36.961862
-35.666057
-34.217153
-33.212730
-32.415049
-31.471423
-30.113118
-28.066124
-25.658948
-22.953408
-19.208533
-14.858757
-10.519198
-6.371055
-2.461672
1.254763
4.972901
8.371217
11.018855
13.528551
16.154902
18.849713
21.833181
25.120974
27.805056
29.934134
32.035453
33.749853
34.825632
35.279819
34.892559
34.366676
34.026759
33.537149
32.881839
32.324621
31.067303
28.806925
26.323455
23.463283
19.904205
16.532285
13.196468
9.569951
5.887066
2.030134
-1.789502
-5.034208
-8.030619
-11.201586
-14.456851
-17.682144
-20.591702
-23.072277
-25.701693
-28.662682
-31.284775
-33.751215
-36.292928
-37.452323
-37.458794
-36.944832
-36.008358
-34.587894
-33.570358
-32.784087
-31.844888
-30.767918
-29.249702
-26.975019
-24.400949
-21.174465
-17.082521
-12.829985
-8.568083
-4.370723
-0.689541
3.084796
6.844146
9.816033
12.201922
14.795406
17.419543
20.207167
23.470266
26.508059
28.963259
31.218018
33.233166
34.520456
35.198246
35.164186
34.799406
34.303495
33.888647
33.374003
32.922540
32.134908
30.165740
27.655193
25.008406
21.643128
17.934527
14.572144
11.110135
7.474593
3.569296
-0.359671
-3.819295
-6.811959
-10.078294
-13.479846
-16.688790
-19.898926
-22.580624
-25.122166
-27.979101
-30.779498
-33.273867
-35.999162
-37.775210
-38.159064
-37.716627
-37.009886
-35.630465
-34.176282
-33.260414
-32.375710
-31.320708
-29.964958
-27.852399
-25.377103
-22.489514
-18.533639
-14.105865
-9.850945
-5.660057
-1.722063
1.895939
5.739587
9.093455
11.653900
14.178583
16.941854
19.573144
22.713627
25.933981
28.452703
30.510766
32.627753
34.269094
35.136087
35.417421
35.003424
34.537145
34.237078
33.697401
33.074617
32.409259
30.964954
28.623343
25.977237
22.886140
19.305944
15.887192
12.473379
8.820977
5.036763
1.061474
-2.663646
-5.825417
-8.826596
-12.166841
-15.333550
-18.572637
-21.468742
-23.893459
-26.560170
-29.444184
-32.004288
-34.557751
-36.819151
-37.833793
-37.629604
-37.067277
-35.952670
-34.478051
-33.468349
-32.640696
-31.592505
-30.437367
-28.765202
-26.422398
-23.874726
-20.336594
-16.129698
-11.885166
-7.665839
-3.545795
0.115974
3.790515
7.404259
10.219812
12.707540
15.304259
17.983573
20.938260
24.306434
27.087927
29.360907
31.517914
33.482313
34.584999
35.152776
35.103049
34.637111
34.228052
33.879450
33.266544
32.786642
31.750032
29.673236
27.188744
24.496317
21.006550
17.486981
14.091219
10.602815
7.019554
3.081730
-0.849111
-4.178626
-7.113729
-10.490928
-13.751302
-16.937426
-20.057814
-22.667987
-25.263514
-28.226376
-30.925955
-33.431223
-36.056553
-37.638971
-37.884542
-37.390505
-36.574091
-35.229240
-33.908912
-33.106634
-32.268081

