-2.846888
-3.770930
-4.666873
-5.263942
-5.868503
-6.465231
-7.197857
-8.147103
-9.224926
-10.189499
-10.952439
-11.644704
-12.610810
-13.628687
-14.667000
-15.676022
-16.754014
-17.841884
-18.874407
-19.766773
-20.543167
-21.093403
-21.588632
-21.931955
-22.075347
-21.740198
-21.265575
-20.558664
-19.903353
-19.117253
-18.037047
-16.817876
-15.506574
-14.512880
-13.739552
-12.995175
-12.309211
-11.742626
-11.309215
-10.738032
-9.861333
-8.751154
-7.719994
-6.821326
-6.443432
-5.860499
-5.101817
-4.253217
-2.973420
-1.477173
-0.045129
1.342297
2.881118
4.156998
4.787615
5.439179
6.378889
7.243497
8.159024
8.908851
9.554454
10.224410
11.249099
12.299163
13.285024
14.062950
14.861482
15.709911
16.697305
17.796244
18.820933
19.768306
20.845447
21.705117
22.313084
22.341354
22.024768
21.502631
20.936898
20.410674
19.533123
18.407958
17.308167
16.163758
15.180792
14.184032
13.375453
12.693065
12.121882
11.371204
10.577440
9.488038
8.207560
7.144042
6.144047
5.148820
4.330022
3.442424
2.871922
2.387932
1.940387
1.200608
0.142540
-0.847578
-1.907689
-2.971547
-3.889288
-4.719666
-5.300386
-5.988223
-6.744351
-7.529770
-8.615085
-9.703296
-10.650328
-11.370523
-12.088673
-12.975931
-14.060736
-15.184879
-16.118458
-16.984769
-18.078940
-19.174133
-19.930771
-20.593916
-21.119118
-21.639551
-22.054911
-22.092376
-21.702221
-21.107878
-20.357881
-19.777162
-18.892459
-17.806632
-16.601767
-15.274457
-14.293705
-13.483592
-12.847866
-12.293373
-11.729683
-11.135169
-10.574545
-9.570803
-8.582217
-7.428442
-6.793227
-6.447179
-5.809239
-5.077635
-3.904445
-2.620390
-1.314878
0.192268
1.542228
2.978359
4.214900
4.900353
5.679131
6.482942
7.406473
8.232764
9.031977
9.791851
10.608264
11.540822
12.628010
13.466563
14.264754
15.208040
16.081844
17.023938
18.015589
18.924815
19.977093
21.034309
21.778856
22.240707
22.166627
21.740709
21.313769
20.746333
20.137174
19.221136
18.014908
16.864027
15.878507
14.878852
13.899633
13.140951
12.604850
12.110812
11.341572
10.458061
9.163618
7.951089
6.786585
5.906139
5.138772
4.190036
3.449576
2.801418
2.292054
1.786266
1.065731
-0.009707
-1.075779
-2.140147
-3.036601
-4.030977
-4.861525
-5.409718
-6.057024
-6.794589
-7.791349
-8.837155
-9.952443
-10.904414
-11.638744
-12.344803
-13.224908
-14.288085
-15.438795
-16.437258
-17.320088
-18.293347
-19.271885
-20.086595
-20.717553
-21.189451
-21.807466
-22.010974
-21.963801
-21.502972
-20.800148
-20.259448
-19.593579
-18.662044
-17.461436
-16.121524
-14.920746
-13.915471
-13.181823
-12.592588
-12.022768
-11.504037
-11.005572
-10.391644
-9.457895
-8.333921
-7.269042
-6.714378
-6.493500
-5.712169
-4.784550
-3.811632
-2.451965
-1.158033
0.377553
1.843827
3.379754
4.445144
5.060264
5.796126
6.673506
7.611173
8.512906
9.325913
10.154247
10.883638
11.870180
12.911558
13.968263
14.642647
15.510491
16.367095
17.370496
18.332515
19.248043
20.288740
21.291290
22.016934
22.314957
22.096634
21.718570
21.213293
20.544870
19.912039
18.885817
17.761333
16.613007
15.426363
14.409849
13.576576
12.841054
12.298822
11.658839
10.860988
9.735823
8.540494
7.447856
6.507295
5.622080
4.764966
3.816400
3.150872
2.728360
2.231257
1.662288
0.930684
-0.138623
-1.235519
-2.325262
-3.182207
-3.979206
-4.883494
-5.542891
-6.145579
-7.023641
-7.986171
-9.179115
-10.191032
-10.974067
-11.673314
-12.505225
-13.554267
-14.578785
-15.532630
-16.516788
-17.503670
-18.463305
-19.378322
-20.211594
-20.894323
-21.214996
-21.711077
-21.981512
-21.951028
-21.496500
-20.734753
-20.044531
-19.403355
-18.405574
-17.144510
-15.890939
-14.764411
-13.811077
-13.028724
-12.347869
-11.871372
-11.397770
-10.866949
-10.137388
-9.073871
-8.039985
-7.071836
-6.626163
-6.309748
-5.572523
-4.786083
-3.542559
-2.145938
-0.722068
0.755106
2.266339
3.798178
4.439524
5.104712
6.011554
6.990944
7.905790
8.708239
9.356737
10.181155
11.130571
12.277194
13.298477
14.118467
14.908314
15.688113
16.548463
17.662048
18.570423
19.431284
20.493610
21.463462
22.146191
22.260291
21.904366
21.478108
21.023921
20.524434
19.679580
18.628665
17.536197
16.413416
15.337808
14.429603
13.502325
12.804951
12.153046
11.421953
10.627849
9.542874
8.434568
7.215909
6.287609
5.310433
4.512753
3.614426
2.977678
2.561978
2.081224
1.475470
0.399692
-0.648839
-1.602854
-2.626862
-3.581388
-4.459960
-5.206381
-5.790506
-6.622417
-7.287434
-8.076770
-9.247916
-10.397775
-11.238882
-11.931998
-12.537411
-13.611998
-14.622211
-15.700885
-16.683170
-17.602273
-18.708365
-19.537892
-20.262684
-20.776136
-21.340166
-21.924462
-22.068364
-21.778515
-21.265745
-20.627975
-19.849028
-19.143139
-18.140078
-16.886336
-15.502317
-14.409678
-13.659511
-12.976272
-12.231214
-11.693069
-11.219127
-10.723897
-9.829657
-8.869171
-7.787091
-6.955521
-6.605046
-6.210123
-5.391155
-4.517181
-3.327302
-1.774515
-0.379767
1.138789
2.543926
3.847565
4.611186
5.324398
6.213188
7.046291
8.076600
8.775166
9.493487
10.416848
11.370693
12.326070
13.226441
14.077766
14.961106
15.805960
16.721998
17.718928
18.723522
19.793681
20.775284
21.696772
22.346803
22.448812
21.861110
21.356344
20.906074
20.388024
19.576379
18.432140
17.256226
16.174998
15.139580
14.019864
13.034003
12.419735
11.881930
11.197669
10.333061
9.204149
7.888590
6.840059
5.900349
5.006960
4.112891
3.275531
2.647298
2.282177
1.899685
1.306364
0.252383
-0.828505
-1.868010
-2.837862
-3.766503
-4.746233
-5.346196
-5.906650
-6.581375
-7.470506
-8.576938
-9.690864
-10.503360
-11.304276
-11.924335
-12.626307
-13.665301
-14.656101
-15.776498
-16.652857
-17.607723
-18.710068
-19.619295
-20.348515
-20.899773
-21.497692
-21.910838
-21.968910
-21.549634
-21.035160
-20.344087
-19.761835
-18.916982
-17.782109
-16.510146
-15.209913
-14.313459
-13.522421
-12.887376
-12.268509
-11.747394
-11.268514
-10.659184
-9.792703
-8.564677
-7.663965
-6.828989
-6.550550
-5.961657
-5.061456
-4.105227
-2.756970
-1.402412
0.054325
1.715422
3.059251
4.258496
4.983459
5.686283
6.583929
7.500138
8.490596
9.209088
9.838002
10.565008
11.465209
12.593610
13.579300
14.268160
14.991931
15.812772
16.824518
17.697811
18.626451
19.688266
20.746674
21.637848
22.162369
22.128991
21.711418
21.251099
20.753145
20.248549
19.417320
18.305779
17.208372
15.986988
14.966215
14.037745
13.080154
12.535027
11.945793
11.271749
10.361671
9.114742
7.961307
6.933383
5.985498
5.151374
4.171814
3.468650
2.872092
2.394404
1.936470
1.206398
0.173875
-1.027925
-2.135379
-3.073556
-4.002878
-4.885537
-5.570650
-6.167207
-6.826094
-7.724251
-8.878878
-9.895223
-10.765791
-11.473894
-12.165649
-13.068404
-14.130558
-15.072312
-16.044038
-17.052037
-17.937081
-19.015074
-19.923619
-20.651817
-21.108559
-21.561384
-21.967036
-21.965844
-21.678039
-21.084888
-20.291465
-19.739696
-18.816335
-17.677375
-16.473361
-15.196460
-14.208726
-13.415984
-12.717758
-12.200219
-11.629888
-11.145047
-10.630403
-9.786742
-8.702959
-7.645062
-6.791864
-6.546463
-5.967106
-5.074569
-4.080534
-2.644573
-1.466274
0.109332
1.604898
3.103699
4.223585
4.816055
5.684750
6.590230
7.463183
8.325406
9.154763
9.760516
10.643005
11.573178
12.634141
13.567209
14.449188
15.197141
16.047784
17.063958
18.037898
18.957513
19.999913
20.976748
21.938596
22.315298
22.299801
22.002799
21.560362
21.005699
20.295382
19.399098
18.171583
16.969783
15.773262
14.785188
13.892480
12.977294
12.300355
11.736836
11.181320
10.258470
9.067569
7.880586
6.827968
5.977494
5.058561
4.242999
3.611360
3.072023
2.499478
2.043928
1.194988
0.249318
-0.830718
-1.912628
-2.805165
-3.716264
-4.582575
-5.280290
-5.923680
-6.656136
-7.461650
-8.547306
-9.654590
-10.523966
-11.294740
-12.033667
-12.965713
-14.099053
-15.095302
-16.215358
-17.315149
-18.259627
-19.242764
-20.110777
-20.817007
-21.310193
-21.787882
-22.201708
-22.110428
-21.726404
-21.060365
-20.399264
-19.805772
-18.883433
-17.731871
-16.363008
-15.101092
-14.104843
-13.257946
-12.620006
-12.003865
-11.525324
-11.064155
-10.492972
-9.564842
-8.413621
-7.460288
-6.686449
-6.480217
-6.020410
-5.148309
-4.162959
-2.808911
-1.551253
-0.104734
1.401390
2.916711
4.084110
4.684414
5.510194
6.350109
7.189683
8.085796
8.927924
9.617976
10.510853
11.495181
12.530088
13.569934
14.386007
15.238864
16.016449
17.061404
18.143313
19.092049
20.117419
21.061727
21.940810
22.583859
22.428376
21.935020
21.490710
20.900284
20.206656
19.366060
18.152509
17.009463
15.828780
14.699357
13.707365
12.834242
12.307167
11.727129
11.044911
10.181325
9.035042
7.727487
6.755761
5.956718
5.159037
4.204682
3.435612
2.881289
2.529621
2.041033
1.238755
0.261750
-0.779969
-1.804147
-2.794777
-3.700427
-4.522290
-5.222048
-5.891664
-6.515809
-7.410560
-8.541175
-9.728330
-10.590724
-11.333908
-12.045588
-12.987682
-14.174155
-15.252318
-16.278199
-17.295565
-18.323830
-19.336428
-20.099708
-20.764215
-21.336760
-21.760634
-22.008760
-21.944727
-21.627460
-20.995481
-20.218236
-19.546918
-18.617596
-17.543009
-16.321114
-14.973879
-14.001301
-13.242449
-12.560913
-11.946133
-11.379889
-10.980368
-10.381426
-9.537765
-8.453982
-7.461820
-6.814684
-6.393535
-5.912610
-5.113568
-4.267863
-2.994197
-1.608133
-0.189543
1.278775
2.755778
3.898995
4.585641
5.239419
6.212677
7.094485
8.028746
8.750473
9.446485
10.295766
11.294910
12.457030
13.464008
14.325721
15.098197
16.052723
16.952583
18.026658
19.034999
20.125934
21.068539
22.030388
22.492238
22.395509
21.886655
21.334376
20.866564
20.147562
19.204276
18.041645
16.869647
15.756743
14.630216
13.732740
12.842076
12.315852
11.771236
11.002507
10.215896
9.065185
8.007288
6.879398
5.897113
5.184242
4.217454
3.429651
2.849102
2.392871
2.023152
1.325607
0.253916
-0.791039
-1.857962
-2.792733
-3.722566
-4.534210
-5.196333
-5.820479
-6.668227
-7.607256
-8.631774
-9.702274
-10.570117
-11.381933
-12.102638
-13.125454
-14.220987
-15.236310
-16.310726
-17.187084
-18.176011
-19.276653
-20.112310
-20.642281
-21.167312
-21.718400
-22.181443
-21.992581
-21.605662
-21.012340
-20.320245
-19.520521
-18.627814
-17.591715
-16.393661
-15.154225
-14.115913
-13.390950
-12.643167
-12.119327
-11.533499
-11.039972
-10.608946
-9.693248
-8.573192
-7.465397
-6.787777
-6.445817
-5.895240
-5.062137
-4.177264
-2.798012
-1.481771
0.068460
1.454183
2.835648
4.020248
4.678624
5.533525
6.360667
7.286923
8.266483
9.113720
9.745870
10.614225
11.556489
12.701409
13.609273
14.369147
15.210765
16.082525
17.077242
18.087115
19.008092
20.045383
21.097830
21.825688
22.354296
22.243261
21.898576
21.305425
20.853622
20.149095

