2.487387
1.517194
0.116825
-1.245567
-2.546140
-3.601142
-4.390138
-5.281312
-6.212848
-7.273299
-8.321660
-9.479523
-10.954312
-12.332882
-13.524975
-14.455829
-15.306473
-16.226939
-17.091036
-17.915113
-18.726758
-19.307137
-19.864866
-20.283972
-20.630189
-20.650455
-20.674126
-20.567179
-20.474025
-20.281928
-19.818374
-19.135986
-18.282788
-17.585073
-16.871180
-15.890939
-14.836788
-13.878175
-13.205835
-12.727124
-12.224572
-11.623246
-11.005572
-10.303599
-9.900161
-9.162596
-8.281469
-7.489579
-6.589208
-5.610841
-4.875830
-4.072871
-3.151042
-2.369199
-1.935278
-1.399517
-0.336170
0.778437
2.111707
3.406661
4.567589
5.638259
6.883996
7.960796
8.979184
9.825570
10.797467
11.869499
13.082538
14.268160
15.221834
15.934706
16.762699
17.481702
18.296242
18.886668
19.465515
20.124401
20.744971
21.298783
21.330629
20.981516
20.591191
20.066329
19.554240
18.729482
17.702750
16.619648
15.613862
14.659337
13.907637
13.150999
12.297630
11.679786
11.012724
10.266645
9.550537
8.606570
7.885865
7.146938
6.471191
5.603348
4.631281
3.927946
3.215245
2.349274
1.272985
-0.104053
-1.471383
-2.793925
-3.870385
-4.687480
-5.651883
-6.643534
-7.704667
-8.798156
-10.002851
-11.378016
-12.733255
-13.939653
-14.762197
-15.423468
-16.342231
-17.331668
-18.025807
-18.720967
-19.309521
-19.852774
-20.345109
-20.563432
-20.539079
-20.435708
-20.314625
-20.343236
-20.117760
-19.659315
-19.005196
-18.092734
-17.316001
-16.460419
-15.560729
-14.616592
-13.699702
-12.995686
-12.607745
-12.022087
-11.527198
-10.670083
-10.190180
-9.699379
-8.880922
-8.045605
-7.163286
-6.255082
-5.491120
-4.676921
-3.897122
-3.057548
-2.203499
-1.747778
-1.013960
-0.140837
1.100472
2.374819
3.716605
4.995210
6.167889
7.263252
8.351462
9.197848
10.081189
11.190687
12.345825
13.480868
14.520202
15.320778
16.092062
16.934872
17.625604
18.414600
19.001790
19.555603
20.314285
20.896537
21.291460
21.229812
20.767110
20.318202
19.927706
19.329275
18.444913
17.414774
16.394854
15.470300
14.534507
13.785362
12.858595
12.120179
11.405604
10.860137
10.271243
9.392500
8.516823
7.631949
6.869350
6.178958
5.374806
4.479545
3.731932
3.007139
2.209118
0.945841
-0.504426
-1.810278
-3.040348
-4.042046
-5.004576
-5.951950
-7.002354
-8.151872
-9.264265
-10.423320
-11.743818
-13.022934
-14.211110
-15.070098
-15.759809
-16.568559
-17.461266
-18.240724
-18.900122
-19.383941
-20.014048
-20.316499
-20.533970
-20.482370
-20.352943
-20.405906
-20.355156
-20.038230
-19.431284
-18.595798
-17.774786
-16.941002
-16.112668
-15.230349
-14.295408
-13.439485
-12.873581
-12.481553
-12.006760
-11.372226
-10.607072
-10.125126
-9.766476
-8.814505
-7.862704
-7.080351
-6.232432
-5.563498
-4.709278
-3.826959
-2.840076
-2.110856
-1.660585
-0.933068
0.155824
1.417398
2.801248
4.164491
5.451271
6.495203
7.605382
8.673157
9.749447
10.562624
11.668035
12.755735
13.922283
14.888900
15.664101
16.450541
17.228297
17.992599
18.701213
19.242764
19.900628
20.578929
21.038396
21.384614
21.218061
20.843063
20.356519
19.728967
19.083875
18.254689
17.188958
16.190835
15.188796
14.300176
13.383116
12.571982
11.903899
11.370693
10.780777
10.067735
9.127515
8.320638
7.661240
6.888935
6.112031
5.348751
4.454511
3.694977
2.908366
2.070836
0.868865
-0.738076
-2.163649
-3.290006
-4.326275
-5.213533
-6.249462
-7.227148
-8.292539
-9.443930
-10.774817
-12.246541
-13.485636
-14.411381
-15.218769
-15.982730
-16.777175
-17.595461
-18.436738
-19.143820
-19.482715
-20.014729
-20.464148
-20.720448
-20.722151
-20.577056
-20.475728
-20.423446
-20.035676
-19.319057
-18.528189
-17.725400
-16.875778
-15.925850
-14.904737
-14.033828
-13.281788
-12.786388
-12.365069
-11.788777
-11.210271
-10.497911
-10.027545
-9.560755
-8.646250
-7.917540
-6.978852
-6.087167
-5.337851
-4.489592
-3.520932
-2.519914
-2.153601
-1.609155
-0.654970
0.527246
1.846211
3.148658
4.360676
5.609649
6.810938
8.022955
9.036745
9.898799
10.831526
11.824880
12.937273
14.167854
15.067714
15.733753
16.529219
17.345292
18.129860
18.746172
19.261496
19.909314
20.613670
21.225384
21.335908
21.090508
20.727941
20.263025
19.701038
19.032955
18.024615
16.953434
15.845980
14.807497
14.021056
13.193744
12.484789
11.713675
11.148793
10.408674
9.769372
8.846692
8.089883
7.451432
6.720168
5.936282
4.845347
3.996917
3.340755
2.581562
1.543760
0.207424
-1.263108
-2.535752
-3.794772
-4.567419
-5.295106
-6.350790
-7.584436
-8.726971
-9.894712
-10.996035
-12.424503
-13.573340
-14.582702
-15.417678
-16.142130
-17.123052
-17.886502
-18.598012
-19.121851
-19.682475
-20.337445
-20.653350
-20.717553
-20.703248
-20.643132
-20.463807
-20.359755
-19.949504
-19.227437
-18.267632
-17.468589
-16.783306
-15.894345
-14.819758
-13.881241
-13.202769
-12.787921
-12.233598
-11.731897
-11.079141
-10.450397
-10.051387
-9.456362
-8.533512
-7.658516
-6.822859
-5.913632
-5.090577
-4.330533
-3.496238
-2.568449
-2.090420
-1.450947
-0.463384
0.639643
2.073050
3.343310
4.582235
5.921807
7.055317
8.065190
8.967774
9.882791
10.929959
12.077093
13.223886
14.322145
15.255213
16.058513
16.761507
17.538071
18.402679
19.087962
19.454275
20.112821
20.853622
21.387679
21.465676
21.052871
20.602942
20.158972
19.604649
18.756049
17.622028
16.618626
15.660184
14.699868
13.814994
12.941360
12.036732
11.396578
10.837487
10.221004
9.457724
8.571148
7.729360
7.084438
6.419080
5.652734
4.684414
3.911597
3.236532
2.469335
1.351663
-0.214406
-1.616308
-2.886568
-3.896781
-4.797663
-5.731072
-6.691217
-7.598400
-8.748599
-9.883642
-11.098215
-12.485129
-13.587815
-14.581169
-15.227795
-15.966381
-16.948666
-17.787388
-18.577405
-19.212621
-19.833871
-20.366907
-20.628827
-20.524774
-20.494802
-20.361628
-20.390408
-20.183155
-19.684008
-18.956150
-18.054588
-17.346825
-16.488518
-15.579462
-14.572484
-13.703789
-13.104507
-12.670755
-12.227127
-11.490583
-10.912418
-10.209424
-9.824038
-9.046282
-8.115598
-7.268190
-6.359986
-5.654267
-4.809754
-3.905296
-3.015314
-2.176421
-1.705544
-1.046658
-0.076635
1.139811
2.549206
3.845181
5.013772
6.123952
7.204499
8.399316
9.348222
10.097878
11.045592
12.117624
13.333218
14.301879
15.127489
15.947819
16.747032
17.536708
18.313272
18.941845
19.512517
20.189966
20.851237
21.423101
21.448817
21.108900
20.681279
20.046915
19.514050
18.749407
17.633608
16.657114
15.644516
14.764411
13.888223
12.915986
12.166159
11.573178
11.000804
10.375977
9.503194
8.704322
7.933889
7.151195
6.465401
5.628552
4.715068
3.853015
3.107275
2.310106
1.175404
-0.311817
-1.818112
-3.030300
-4.028082
-4.919938
-5.906820
-6.830352
-7.803099
-8.869341
-10.088852
-11.489902
-12.858425
-13.889926
-14.707191
-15.498400
-16.207695
-17.179251
-18.068211
-18.839496
-19.370488
-19.875595
-20.384959
-20.625591
-20.691838
-20.620993
-20.393133
-20.423106
-20.142112
-19.593069
-18.947295
-18.070425
-17.302036
-16.478130
-15.523263
-14.633621
-13.711623
-13.077429
-12.752669
-12.346166
-11.754547
-11.082547
-10.368313
-10.011196
-9.249619
-8.270911
-7.452965
-6.465401
-5.807706
-4.926579
-4.002878
-3.119707
-2.365623
-1.978704
-1.131126
-0.098603
1.077141
2.365623
3.771782
4.874298
6.118672
7.248265
8.340222
9.293556
10.233096
11.140278
12.243816
13.461113
14.524971
15.337637
16.153029
16.920907
17.840862
18.476248
19.096477
19.792829
20.473855
21.079268
21.414927
21.442005
21.004507
20.522901
19.925322
19.415447
18.634456
17.472165
16.348703
15.357733
14.606033
13.786214
12.906279
12.186595
11.577436
11.093276
10.409015
9.682178
8.969477
8.219140
7.392509
6.688152
5.720343
4.836491
4.086324
3.314359
2.569641
1.457759
-0.001362
-1.475641
-2.752883
-3.808907
-4.631962
-5.608456
-6.641660
-7.617474
-8.759499
-9.941544
-11.339017
-12.743132
-13.837133
-14.833212
-15.783310
-16.573327
-17.452240
-18.230166
-18.969263
-19.470453
-19.995996
-20.557812
-20.713466
-20.753145
-20.644835
-20.569904
-20.543337
-20.210573
-19.640241
-18.793344
-17.936570
-17.210075
-16.330310
-15.443223
-14.451912
-13.596501
-12.958050
-12.565511
-12.042352
-11.385850
-10.800362
-10.171958
-9.819950
-9.182181
-8.162430
-7.410049
-6.403242
-5.678960
-4.923003
-4.090582
-3.140824
-2.363239
-1.995393
-1.190220
-0.224624
0.917912
2.226659
3.613744
4.788978
6.024667
7.161243
8.238554
9.266308
10.179962
11.255911
12.273107
13.545411
14.678240
15.489714
16.287565
17.011677
17.847674
18.764394
19.251278
19.739355
20.439965
21.011148
21.328926
21.360091
20.941155
20.482540
19.927876
19.245999
18.356017
17.231533
16.224384
15.172277
14.317036
13.571126
12.760162
11.942898
11.442389
10.992799
10.390963
9.481055
8.609635
7.831880
7.195302
6.487540
5.578824
4.710811
3.960133
3.240449
2.348082
1.218489
-0.216280
-1.677445
-2.943107
-3.902401
-4.739591
-5.705867
-6.812981
-7.789305
-8.894035
-10.104179
-11.498077
-12.985468
-14.109271
-15.030418
-15.802894
-16.678912
-17.557655
-18.292836
-18.997703
-19.581488
-20.046064
-20.386151
-20.540101
-20.587104
-20.481518
-20.318883
-20.239183
-19.923278
-19.422770
-18.720457
-17.770529
-17.045396
-16.277858
-15.348707
-14.384133
-13.433525
-12.886524
-12.461969
-11.987175
-11.402709
-10.765791
-10.229179
-9.699208
-9.045260
-8.152042
-7.453135
-6.594828
-5.790506
-5.012069
-4.147121
-3.247772
-2.506801
-2.049889
-1.457419
-0.400203
0.774520
2.171482
3.443105
4.651887
5.873271
7.017851
8.205005
9.161915
10.061945
11.048828
12.270042
13.426031
14.590025
15.488182
16.307661
16.964504
17.829963
18.500430
19.051347
19.525119
20.136322
20.862307
21.179063
21.114520
20.738500
20.238502
19.724199
19.052199
18.284151
17.204966
16.233410
15.265601
14.324018
13.608762
12.782472
12.181146
11.501483
10.848045
10.357755
9.471008
8.596863
7.806505
7.090398
6.452799
5.651542
4.697357
3.962517
3.218821
2.447367
1.296146
-0.090769
-1.520089
-2.776895
-3.950766
-4.890306
-5.776882
-6.772791
-7.732596
-8.925029
-10.152033
-11.633975
-13.013397
-14.102289
-15.029056
-15.729325
-16.539948
-17.512015
-18.317359
-18.887009
-19.477946
-20.053216
-20.621674
-20.673956
-20.660843
-20.566157
-20.451205
-20.260470
-19.977774
-19.530228
-18.840347
-18.007074
-17.216206
-16.484090
-15.489714
-14.576401
-13.614552
-12.981040
-12.698514
-12.182849
-11.561768
-10.832889
-10.287080
-9.866272
-9.122917
-8.190700
-7.331542
-6.394727
-5.692414
-4.825422
-4.089900
-3.280980
-2.486365
-2.020597
-1.191582
-0.215428
1.033034
2.461502
3.826448
4.935946
6.170443
7.284028
8.461816
9.397268
10.285718
11.343275
12.462650
13.649634
14.729330
15.474217
16.253676
17.051016
17.742770
18.545730
19.083534
19.737823
20.295041
20.961251
21.273920

