11.841910
12.754032
13.539451
14.062609
14.433861
15.337808
16.245672
17.048461
17.797095
18.302373
18.598182
18.622875
18.345288
17.586606
16.546931
15.681812
14.924322
14.521735
14.166832
13.806650
13.216564
12.755394
12.378863
11.990070
11.335611
10.671956
10.331699
9.703636
9.008646
7.978848
6.710461
5.596195
4.516329
3.481082
2.613919
1.409905
0.137261
-1.042741
-2.236707
-3.320830
-4.497426
-5.437136
-5.968128
-6.311791
-6.670100
-7.544415
-8.505583
-9.408167
-10.237183
-11.141811
-12.177910
-13.050352
-13.738019
-14.202254
-14.415468
-14.821461
-15.496356
-16.316175
-17.085246
-17.637185
-18.094948
-18.491745
-18.748556
-18.715858
-18.301351
-17.689637
-17.253501
-16.809021
-16.177211
-15.306813
-14.265435
-13.416835
-12.859787
-12.295076
-11.969464
-11.750119
-11.501653
-11.214869
-10.509150
-9.478331
-8.166347
-6.924186
-6.228004
-5.612203
-4.958596
-3.916025
-2.544778
-1.147815
0.415189
1.749822
3.053631
3.995555
4.651546
5.113227
5.457401
5.963700
6.400517
6.741285
6.990944
7.326262
7.805824
8.464711
9.439332
10.179622
10.970661
11.797973
12.680973
13.469458
13.904231
14.294556
15.292679
16.221149
17.103127
17.863853
18.194403
18.574851
18.774952
18.431800
17.484256
16.485793
15.675511
15.003170
14.567716
14.292683
13.905593
13.445616
12.944937
12.471846
12.061766
11.534521
10.925020
10.396583
9.883472
9.137051
8.085455
6.834269
5.627530
4.708767
3.696339
2.639294
1.389469
0.248126
-0.983988
-2.265147
-3.307036
-4.442590
-5.324398
-6.008829
-6.404264
-6.772620
-7.600784
-8.621216
-9.565864
-10.536909
-11.387212
-12.419053
-13.388055
-13.892480
-14.281613
-14.580659
-15.186582
-15.915121
-16.671419
-17.319747
-17.825876
-18.262863
-18.726587
-18.869809
-18.821614
-18.306460
-17.720291
-17.145872
-16.678572
-15.937260
-15.031099
-14.065674
-13.306822
-12.899637
-12.359108
-12.023790
-11.825732
-11.627844
-11.429787
-10.548319
-9.370020
-8.113044
-6.955351
-6.206206
-5.596706
-4.920108
-3.777913
-2.261911
-0.835317
0.632831
1.966102
3.249816
4.171303
4.905803
5.305495
5.715234
6.137575
6.700754
6.868839
7.051740
7.518870
8.107594
8.896078
9.841919
10.597365
11.394024
12.337821
13.147763
13.952085
14.306988
14.854840
15.757084
16.583715
17.441852
18.048627
18.382072
18.613338
18.575021
18.151147
17.085927
16.035693
15.270029
14.839513
14.446633
13.986485
13.545411
13.123751
12.726443
12.280941
11.771747
11.198691
10.665996
10.223218
9.588514
8.821658
7.762909
6.554808
5.395412
4.512583
3.647293
2.409901
1.118183
-0.107459
-1.178128
-2.370051
-3.466606
-4.673685
-5.492994
-5.953993
-6.471361
-6.942068
-7.794074
-8.792537
-9.711300
-10.624102
-11.428254
-12.348039
-13.215542
-13.909170
-14.305626
-14.598710
-15.220983
-15.998227
-16.636508
-17.297609
-17.832518
-18.393312
-18.847500
-18.877813
-18.576554
-18.029383
-17.370837
-16.850914
-16.328948
-15.605347
-14.710426
-13.694763
-13.011183
-12.564148
-12.235131
-11.970997
-11.764084
-11.588335
-11.318071
-10.372741
-9.091411
-7.743495
-6.791864
-6.078652
-5.322184
-4.460982
-3.318616
-1.894236
-0.458445
1.004594
2.298525
3.473588
4.424197
4.994529
5.318778
5.745717
6.189006
6.616797
6.912947
7.098062
7.560594
8.223908
9.136541
9.917361
10.595833
11.371885
12.301377
13.096162
13.661555
14.120511
14.737334
15.821968
16.660009
17.475571
17.991066
18.371855
18.494299
18.391779
17.973014
16.900812
15.942710
15.290976
14.710426
14.410700
13.938120
13.492789
13.052906
12.603658
12.208905
11.659009
11.041164
10.599239
10.156121
9.451934
8.620194
7.414648
6.169592
4.961831
3.937823
2.981765
1.987900
0.689881
-0.506129
-1.689025
-2.773830
-3.933736
-4.940203
-5.624635
-6.031990
-6.472554
-7.077966
-7.988044
-8.845500
-9.626491
-10.625294
-11.618308
-12.774127
-13.485295
-14.099564
-14.383793
-14.665467
-15.341214
-16.109262
-16.865730
-17.560720
-17.977783
-18.454450
-18.907785
-18.868617
-18.536534
-17.884289
-17.347676
-16.983577
-16.337803
-15.559367
-14.692545
-13.788428
-13.122559
-12.616430
-12.263230
-11.942727
-11.695453
-11.516469
-10.923488
-9.941714
-8.601121
-7.238388
-6.187303
-5.528586
-4.771267
-3.851993
-2.663987
-1.213040
0.196525
1.690217
2.925226
4.023314
4.660232
5.087512
5.448546
5.786930
6.037610
6.507465
6.753717
7.156985
7.600273
8.358444
9.113720
9.869678
10.617801
11.491605
12.466397
13.336795
13.847862
14.225074
15.209062
16.232048
17.159326
17.963478
18.177373
18.449851
18.573318
18.581663
18.107210
16.961949
16.044549
15.134130
14.831850
14.585767
14.232227
13.652359
13.200385
12.666157
12.278046
11.708566
11.045081
10.579824
9.996210
9.234633
8.194617
6.928103
5.679641
4.531826
3.620897
2.472230
1.298530
0.019925
-1.210655
-2.342973
-3.452982
-4.508325
-5.459445
-6.070989
-6.461654
-6.842443
-7.395574
-8.276531
-9.165491
-10.087320
-10.940858
-11.957032
-12.935741
-13.540472
-14.067037
-14.370169
-14.714343
-15.441860
-16.205311
-16.808510
-17.527512
-17.863682
-18.341201
-18.654891
-18.601418
-18.233061
-17.582178
-17.126458
-16.730513
-16.196966
-15.417337
-14.501299
-13.679777
-13.147763
-12.699706
-12.287753
-12.046269
-11.863708
-11.668035
-10.912589
-9.789637
-8.406639
-7.148300
-6.288801
-5.692754
-4.925047
-3.905296
-2.468143
-0.925234
0.429324
1.808064
3.053801
4.093306
4.795790
5.158186
5.587339
6.009000
6.437131
6.764276
6.883315
7.266147
7.765123
8.465392
9.287085
10.091407
10.843107
11.629718
12.484278
13.288770
13.777358
14.142990
15.023095
15.918357
16.752992
17.527172
18.058504
18.450192
18.414089
18.238851
17.544542
16.498566
15.774114
15.265771
14.793362
14.440843
14.099053
13.646058
13.155767
12.758459
12.425355
11.864730
11.180128
10.659013
10.030610
9.328297
8.264950
7.053784
5.788122
4.722050
3.710645
2.599273
1.354728
0.203337
-1.001869
-2.165862
-3.391675
-4.456554
-5.416530
-6.019899
-6.307023
-6.765468
-7.401024
-8.426905
-9.398801
-10.316883
-11.109625
-12.051719
-13.109275
-13.800349
-14.177391
-14.464685
-14.875616
-15.551363
-16.238519
-16.848700
-17.400129
-17.833369
-18.330302
-18.635477
-18.622705
-18.195254
-17.610107
-17.153025
-16.772066
-16.264405
-15.504871
-14.601776
-13.671603
-13.234275
-12.809890
-12.401513
-12.117624
-11.930636
-11.626652
-10.874271
-9.793895
-8.429289
-7.219825
-6.372247
-5.582571
-4.723413
-3.763778
-2.386400
-0.966958
0.412124
1.763787
2.983298
3.955535
4.740102
5.136728
5.585296
6.028925
6.525176
6.837164
6.943430
7.307700
7.778236
8.437123
9.325743
10.050365
10.923999
11.717933
12.563297
13.282299
13.759306
14.163085
14.913252
15.900646
16.851085
17.609256
18.045221
18.341712
18.384797
18.261501
17.533984
16.441005
15.655926
15.128510
14.706169
14.399971
14.047623
13.679266
13.320957
12.892314
12.428420
11.866433
11.198691
10.611159
9.957041
9.269885
8.276190
6.983450
5.705697
4.615954
3.699064
2.683231
1.486370
0.199080
-0.922169
-2.164500
-3.273487
-4.306010
-5.221197
-5.837849
-6.292207
-6.768703
-7.395063
-8.390801
-9.260859
-10.199547
-11.083399
-11.871883
-12.939828
-13.696296
-14.052391
-14.408827
-14.655760
-15.428747
-16.091551
-16.709566
-17.328773
-17.728295
-18.246514
-18.600907
-18.545219
-18.238000
-17.718928
-17.249073
-16.833203
-16.195774
-15.481029
-14.514753
-13.720989
-13.099568
-12.662922
-12.343781
-12.036392
-11.815003
-11.588165
-11.073010
-9.916510
-8.619853
-7.227659
-6.459270
-5.867822
-5.072696
-4.083088
-2.837862
-1.403775
0.129768
1.595531
2.795798
3.817252
4.634687
5.101306
5.570650
5.903755
6.397452
6.818260
7.012231
7.316555
7.758481
8.572851
9.546450
10.233096
10.921444
11.740582
12.539966
13.244152
13.774123
14.137030
14.994315
15.943391
16.735111
17.539603
18.074683
18.448148
18.546411
18.396378
17.681292
16.586440
15.702077
15.059880
14.748403
14.506578
14.102800
13.617447
13.251986
12.789113
12.364728
11.787244
11.172635
10.680301
10.147776
9.419067
8.405958
7.208415
6.030968
4.917553
3.967455
2.954347
1.804999
0.449249
-0.731264
-1.747438
-2.950600
-4.130942
-5.168404
-5.872931
-6.371737
-6.820645
-7.465567
-8.409364
-9.283849
-10.308027
-11.167867
-12.057338
-12.982743
-13.799667
-14.213324
-14.435393
-14.768669
-15.367610
-16.230685
-16.822985
-17.354318
-17.811060
-18.374579
-18.827064
-18.829618
-18.498216
-17.935378
-17.370837
-16.953264
-16.239541
-15.466043
-14.544555
-13.636691
-13.002328
-12.437786
-12.103319
-11.849403
-11.656625
-11.337655
-10.740416
-9.599243
-8.326428
-7.120371
-6.322180
-5.733797
-5.018370
-4.054819
-2.826112
-1.352855
0.106607
1.555341
2.807208
3.801414
4.526888
4.969495
5.464043
5.807025
6.269387
6.724937
6.977660
7.292884
7.781131
8.631434
9.449891
10.231222
10.914632
11.806488
12.728657
13.516801
14.023611
14.264924
15.078272
16.029562
16.830649
17.633268
18.163579
18.465349
18.501793
18.346139
17.592226
16.506059
15.729666
15.014240
14.565332
14.223371
13.867446
13.349737
12.931824
12.527875
12.181997
11.567388
11.056151
10.535206
9.942906
9.329149
8.293731
7.083586
5.916187
4.810265
3.793240
2.802440
1.762765
0.565222
-0.707422
-1.966953
-3.112555
-4.288639
-5.318437
-5.926745
-6.267003
-6.694794
-7.396255
-8.455345
-9.429625
-10.279076
-11.138065
-12.098721
-13.038601
-13.717243
-14.186416
-14.509474
-14.926536
-15.492780
-16.268832
-17.022746
-17.579794
-18.091031
-18.614871
-19.014563
-18.840858
-18.424647
-17.770699
-17.296076
-16.872713
-16.175679
-15.324354
-14.230183
-13.418709
-12.851954
-12.445790
-12.042012
-11.790139
-11.557511
-11.288439
-10.596684
-9.532656
-8.286749
-7.027217
-6.255933
-5.680493
-4.937989
-3.933055
-2.607277
-1.066753
0.342471
1.739774
2.869708
3.928457
4.660913
5.119528
5.577632
5.923169
6.413289
6.765468
7.058041
7.344144
7.872752
8.557183
9.434904
10.312285
11.081014
11.991092
12.870516
13.595138
14.051369
14.437607
15.490736
16.458035
17.295906
17.901148
18.313101
18.604483
18.599715
18.501282
17.541647
16.427721
15.629019
15.016794
14.466047
14.107909
13.703789
13.181482
12.700217
12.326070
11.865752
11.216402
10.680471
10.191032
9.707553
9.027890
7.943766
6.780454
5.642346
4.654952
3.847224
2.809933
1.575436
0.355073
-0.917230
-2.136060
-3.209625
-4.308394
-5.230904
-5.891664
-6.359645
-6.813322
-7.525001
-8.524316
-9.383815
-10.274138
-11.127506
-12.097870
-13.109786
-13.686248
-14.054946
-14.374597
-14.901842
-15.670402
-16.347000
-17.073665
-17.723015
-18.121345
-18.627303
-18.808671
-18.643311
-18.363510
-17.702920
-17.244135
-16.761507
-16.084739
-15.252488
-14.288936
-13.564144
-13.021571
-12.634141
-12.112345
-11.861324
-11.764424
-11.473554
-10.688816
-9.564502

