14.266968
15.195438
16.033139
16.733067
17.391273
18.401657
19.436223
20.377636
21.373885
22.287198
23.173094
24.013349
24.756704
25.338616
25.730133
26.078565
26.089464
25.967530
25.414569
24.606160
23.439101
22.362300
21.323987
20.248720
18.898249
17.548629
16.494649
15.261514
14.131921
12.839522
11.562109
10.582549
9.685414
8.685248
7.695130
6.191390
4.410744
2.702475
1.039335
-0.461851
-2.054657
-3.631285
-5.039658
-6.407670
-7.674353
-9.177412
-10.469130
-11.505059
-12.418202
-13.417687
-14.576060
-15.746525
-17.047269
-18.325022
-19.409997
-20.447459
-21.267278
-21.880354
-22.319555
-22.768974
-23.483379
-24.387666
-25.366374
-26.019471
-26.145833
-25.904860
-25.646857
-25.274583
-24.790764
-24.272374
-23.618596
-23.131371
-22.622006
-21.718911
-20.570074
-19.210066
-17.731360
-16.471488
-15.278033
-14.175177
-12.972525
-11.687279
-10.681493
-9.531294
-8.335114
-6.994179
-5.620718
-4.516670
-3.239087
-2.100979
-0.735692
0.472069
1.597915
2.677270
3.678799
4.866464
6.038291
7.097891
8.008310
8.788109
9.529250
10.286910
11.377164
12.289456
13.234275
14.137370
15.023095
15.925850
16.594614
17.263549
18.434014
19.509792
20.556790
21.608727
22.343057
23.296561
24.301495
25.008406
25.449310
25.932789
26.352576
26.403325
26.187045
25.659459
24.777310
23.719754
22.611618
21.485601
20.387854
19.153697
17.796755
16.534839
15.399115
14.217240
12.897594
11.642320
10.567393
9.839364
8.879219
7.696322
6.127017
4.474606
2.644403
0.859329
-0.618867
-2.256121
-3.797838
-5.397115
-6.809064
-8.067914
-9.481055
-10.827950
-11.908497
-12.977634
-13.902017
-15.012366
-16.274963
-17.396723
-18.624919
-19.743443
-20.906755
-21.703584
-22.255353
-22.593566
-23.033789
-23.718391
-24.714470
-25.520325
-26.123353
-26.149409
-25.968892
-25.631019
-25.303704
-24.792807
-24.234227
-23.647206
-23.157086
-22.700344
-21.697794
-20.486287
-19.140584
-17.762695
-16.617434
-15.330144
-14.099904
-12.888227
-11.597361
-10.420254
-9.303774
-8.148125
-6.828138
-5.414486
-4.276208
-3.065552
-1.842294
-0.440393
0.799383
2.022811
2.989769
4.070146
5.245209
6.596020
7.586649
8.425542
9.360824
10.173150
11.035885
12.043033
12.938465
13.843264
14.840875
15.706164
16.631058
17.251628
18.062251
19.069399
20.012004
21.022218
21.912541
22.700855
23.609740
24.440289
25.147029
25.480134
25.819710
26.106324
26.284286
25.975364
25.174107
24.214983
23.169688
22.124052
20.995481
19.827911
18.572978
17.413923
16.388553
15.221323
14.078787
12.747560
11.497736
10.428940
9.697676
8.879900
7.485151
5.898135
4.159553
2.545289
0.884022
-0.704357
-2.422673
-3.976822
-5.342960
-6.815195
-8.047989
-9.397609
-10.626486
-11.686427
-12.749093
-13.709409
-14.822824
-16.081844
-17.439808
-18.701042
-19.775288
-20.896707
-21.711588
-22.120305
-22.530726
-23.098503
-23.976394
-24.975538
-25.690113
-26.011978
-26.046038
-25.758232
-25.428023
-25.061710
-24.569375
-23.970604
-23.310355
-22.813593
-22.210394
-21.380867
-20.169531
-18.799305
-17.492941
-16.412394
-15.142815
-13.876132
-12.602636
-11.496884
-10.404076
-9.163448
-7.878542
-6.600448
-5.310944
-4.119703
-2.898148
-1.659053
-0.372274
0.919785
1.950434
2.892869
3.992489
5.254235
6.456035
7.568768
8.350270
9.188652
10.036741
10.989904
11.895214
12.696300
13.622727
14.603649
15.482903
16.159330
16.905580
17.740045
18.908637
19.839661
20.834378
21.711929
22.599186
23.434673
24.294853
25.049278
25.401286
25.775603
26.098830
26.014021
25.707994
24.881704
23.946081
22.930418
21.891083
20.862307
19.620657
18.327066
17.214503
16.079119
14.791659
13.591051
12.223210
11.030946
10.003022
9.153230
8.188656
7.013423
5.264793
3.524848
1.821518
0.312158
-1.272644
-2.813850
-4.238061
-5.619185
-7.045269
-8.429629
-9.827954
-10.908842
-11.798825
-12.840203
-13.869831
-15.193394
-16.312429
-17.694746
-18.911191
-19.975390
-21.055426
-21.735430
-22.158623
-22.619963
-23.092713
-23.939439
-25.061880
-25.766407
-26.124205
-25.998184
-25.790930
-25.527988
-25.003297
-24.443354
-23.917471
-23.377623
-22.887843
-22.214651
-21.226747
-19.865036
-18.357038
-17.048631
-15.683004
-14.492955
-13.200045
-11.888913
-10.620526
-9.523290
-8.276701
-6.955011
-5.660568
-4.357951
-3.197704
-1.951456
-0.750848
0.538145
1.527241
2.487557
3.477505
4.566056
5.575418
6.834950
7.773978
8.699553
9.419407
10.256427
11.035204
11.930125
12.851613
13.845307
14.899799
15.862840
16.549485
17.160688
18.317699
19.412552
20.489182
21.579606
22.207499
23.056269
24.006537
25.003467
25.786843
26.082652
26.437725
26.362453
26.351724
25.969063
25.187220
24.041959
22.977250
21.864516
20.808492
19.564629
18.257754
17.100062
15.850578
14.567035
13.183185
11.768000
10.577440
9.602308
8.786236
7.573196
6.156138
4.418237
2.633504
0.974110
-0.596898
-2.102171
-3.595012
-5.025523
-6.370374
-7.689680
-8.953810
-10.198866
-11.257614
-12.280771
-13.204132
-14.308521
-15.494483
-16.639914
-17.952919
-19.117423
-20.184858
-21.117074
-21.760634
-22.085905
-22.628818
-23.175478
-24.117742
-25.113310
-25.777646
-26.027305
-25.874887
-25.677000
-25.395155
-25.008406
-24.502448
-23.958342
-23.449319
-22.989511
-22.239344
-21.083014
-19.731011
-18.307822
-17.072644
-15.736478
-14.495509
-13.216393
-11.926038
-10.772092
-9.692567
-8.419922
-7.060255
-5.648817
-4.346882
-3.269570
-2.008677
-0.707592
0.599452
1.743862
2.645935
3.682886
4.760708
5.933557
7.034200
7.854700
8.723055
9.533678
10.335956
11.185919
12.101276
12.915134
13.795069
14.689820
15.593937
16.309023
16.965696
18.019847
18.992935
19.971132
20.975896
21.956137
22.975717
23.784467
24.692161
25.363139
25.761979
26.209014
26.490688
26.278666
25.772538
25.001764
24.032422
22.975888
21.933317
20.878996
19.633770
18.245663
17.028536
15.785524
14.603138
13.246025
11.948517
10.743311
9.787594
8.868320
7.638591
6.117310
4.519394
2.762079
1.128401
-0.534569
-2.065216
-3.683908
-5.142008
-6.435769
-7.788794
-9.055989
-10.413613
-11.535372
-12.533154
-13.419901
-14.450209
-15.751805
-16.961268
-18.103293
-19.218240
-20.277160
-21.177871
-21.754333
-22.095782
-22.566829
-23.191656
-24.142095
-25.123187
-25.821754
-25.958845
-25.867053
-25.662354
-25.403670
-25.061710
-24.584702
-24.043322
-23.417132
-23.026807
-22.258077
-21.107197
-19.722836
-18.344777
-17.032112
-15.706335
-14.490570
-13.177054
-11.930295
-10.761193
-9.499448
-8.202791
-6.937470
-5.598239
-4.418918
-3.264632
-2.057041
-0.724452
0.496251
1.691410
2.612897
3.660917
4.742486
6.006105
7.070473
7.899148
8.789301
9.571144
10.297298
11.252335
12.074028
13.030427
13.925689
14.850923
15.689305
16.410181
17.091887
17.968757
19.043003
20.065648
21.057470
21.924291
22.846971
23.700850
24.620465
25.185517
25.476728
25.905882
26.156902
26.013681
25.528840
24.699654
23.789065
22.799969
21.712099
20.525455
19.285509
17.988852
16.788415
15.593427
14.499937
13.239895
11.835439
10.603326
9.562118
8.670773
7.550716
6.136894
4.435267
2.849613
1.107625
-0.432559
-1.955373
-3.510543
-5.002703
-6.421634
-7.806846
-9.052243
-10.384151
-11.377845
-12.419735
-13.406958
-14.296600
-15.590531
-16.864198
-17.956325
-19.154378
-20.040955
-21.075862
-21.625246
-21.965163
-22.478274
-23.087604
-24.024418
-25.043998
-25.624888
-25.895664
-25.801148
-25.573117
-25.304215
-24.834531
-24.419682
-23.830448
-23.397037
-22.796052
-22.046736
-21.026134
-19.618613
-18.221651
-16.917161
-15.827588
-14.480012
-13.246025
-11.820453
-10.783502
-9.705339
-8.384330
-7.079669
-5.827802
-4.658188
-3.369195
-2.095870
-0.802449
0.435795
1.715422
2.734831
3.797667
4.787104
5.982774
7.189001
8.108786
8.925200
9.677070
10.608094
11.630058
12.411560
13.170924
14.066356
14.915807
15.760660
16.513382
17.183338
18.266269
19.295897
20.185709
21.175487
22.074836
22.991044
23.875918
24.741718
25.378466
25.737967
26.132720
26.291779
26.262147
25.837251
24.952378
23.910148
22.943360
21.898065
20.806449
19.592898
18.354654
17.211437
16.069753
14.901161
13.563633
12.234620
11.102131
10.109118
9.221520
8.140462
6.722723
4.922833
3.176246
1.630442
-0.041723
-1.693964
-3.346886
-4.892179
-6.375824
-7.763079
-9.129729
-10.453973
-11.519194
-12.708391
-13.672454
-14.661891
-15.814134
-17.148256
-18.353633
-19.382920
-20.434516
-21.280731
-22.003140
-22.296565
-22.624050
-23.246663
-24.195739
-25.262492
-25.906052
-26.133571
-26.040929
-25.722640
-25.477750
-24.937221
-24.467366
-23.924453
-23.351397
-22.773402
-21.900790
-20.857538
-19.515753
-18.122026
-16.766957
-15.623399
-14.358589
-13.119323
-11.905602
-10.779755
-9.687798
-8.489234
-7.185766
-5.975621
-4.733460
-3.565890
-2.271959
-0.964573
0.340087
1.513447
2.501862
3.632818
4.626513
5.780288
6.977660
7.961818
8.796624
9.642499
10.616098
11.519023
12.384483
13.182504
14.169557
15.123061
16.031265
16.794034
17.370496
18.419027
19.505194
20.372697
21.342720
22.217546
23.086752
23.921558
24.802685
25.409290
25.734561
26.213101
26.273557
26.058469
25.538717
24.696418
23.628644
22.616386
21.576030
20.538058
19.216027
17.979997
16.762870
15.565838
14.497212
13.196809
11.941024
10.867459
9.891987
8.915152
7.831199
6.513596
4.883834
3.123113
1.406840
-0.146627
-1.751014
-3.406150
-4.906995
-6.247248
-7.630587
-8.963346
-10.367291
-11.509316
-12.530770
-13.513735
-14.604160
-15.847342
-17.077242
-18.348524
-19.462790
-20.531927
-21.294866
-21.922588
-22.379330
-22.783790
-23.501260
-24.426494
-25.456122
-25.889022
-26.040077
-25.819710
-25.581121
-25.290421
-24.747849
-24.202381
-23.462432
-22.917475
-22.358383
-21.615028
-20.469257
-19.087962
-17.685209
-16.468763
-15.225410
-14.044046
-12.871368
-11.533158
-10.416337
-9.362187
-8.109127
-6.825754
-5.544765
-4.212005
-3.094503
-1.854556
-0.674554
0.642368
1.784222
2.829177
3.923859
4.959447
6.205184
7.325411
8.319957
9.062631
9.851626
10.655097
11.570794
12.547970
13.456004
14.478479
15.375614
16.174316
16.852617
17.469440
18.672773
19.723177
20.709378
21.542992
22.400277
23.311547
24.102075
25.026969
25.377784
25.680235
26.073796
26.192495
25.853770
25.313411
24.408443
23.318529
22.203582
21.172932
20.038741
18.696785
17.525979
16.379697
15.307665
14.209747
12.857573
11.680296
10.626146
9.761197
9.037937
7.867132
6.345510
4.646778
2.804995
1.120056
-0.375850
-1.916034
-3.478186
-4.982948
-6.414652
-7.729701
-9.031977
-10.389600
-11.417355
-12.421097
-13.395548
-14.474051
-15.779052
-16.909838
-18.106188
-19.288063
-20.421914
-21.374737
-21.880865
-22.329433
-22.936719
-23.588453
-24.599859
-25.479112
-25.951522
-26.239497
-25.997502
-25.758573
-25.398220
-24.907589
-24.390561
-23.776293
-23.351737
-22.757053
-21.978617
-20.628486
-19.175155
-17.835924
-16.603300
-15.363523
-14.157466

