-11.848382
-11.170421
-10.464532
-9.941374
-9.481737
-8.646590
-7.802078
-7.014104
-6.106751
-5.311285
-4.479715
-3.599269
-2.808571
-2.162967
-1.582588
-0.803471
0.135047
1.491649
2.836840
4.185608
5.304302
6.477662
7.634333
8.725439
9.554284
10.413613
11.667183
12.783664
14.026506
15.025650
15.810728
16.708715
17.459563
18.156597
18.969604
19.551516
20.104306
20.745311
21.238327
21.512338
21.257060
20.807811
20.300661
19.765922
19.152505
18.018654
16.931636
15.943902
15.030588
14.108760
13.180971
12.402875
11.707715
11.044400
10.553428
9.903567
9.091582
8.243663
7.424695
6.705863
5.943945
5.148990
4.292216
3.513949
2.822706
1.931701
0.604902
-0.854390
-2.263955
-3.322363
-4.161937
-5.091258
-6.084272
-6.965739
-8.065530
-9.206533
-10.454144
-11.894703
-13.151339
-14.299325
-15.169723
-15.892472
-16.848019
-17.721994
-18.572467
-19.200700
-19.729308
-20.331996
-20.551511
-20.726238
-20.586252
-20.507574
-20.448310
-20.280225
-19.925152
-19.166810
-18.368278
-17.546415
-16.731535
-15.838827
-14.970813
-14.133794
-13.216053
-12.719461
-12.246200
-11.748586
-11.099236
-10.382448
-9.907654
-9.462663
-8.517504
-7.618836
-6.736347
-5.900349
-5.287954
-4.428966
-3.447533
-2.656834
-2.223764
-1.613242
-0.741652
0.239100
1.515491
2.912453
4.177094
5.362545
6.468977
7.537433
8.620364
9.581361
10.453463
11.498077
12.748412
13.939994
14.914274
15.729666
16.539437
17.505884
18.248047
18.944229
19.454445
20.211084
20.830461
21.243266
21.522556
21.261828
20.839146
20.220791
19.632578
19.028698
18.022060
16.865730
15.875782
14.870848
14.093944
13.249431
12.380566
11.828116
11.234283
10.661057
9.752171
8.899144
8.093970
7.355554
6.655114
5.900519
5.000319
4.256623
3.456388
2.738237
1.716273
0.487566
-0.988075
-2.270085
-3.346375
-4.206555
-5.208935
-6.346703
-7.246903
-8.310250
-9.499107
-10.825055
-12.349061
-13.528381
-14.534848
-15.417337
-16.175168
-17.051186
-17.992769
-18.847329
-19.475733
-19.921575
-20.502465
-20.851919
-20.940134
-20.804576
-20.762171
-20.630871
-20.507915
-20.063434
-19.374234
-18.424988
-17.761162
-17.020191
-16.019515
-15.079805
-14.184202
-13.357231
-12.870516
-12.403897
-11.728832
-11.074373
-10.286740
-9.827273
-9.215900
-8.318765
-7.456200
-6.488562
-5.669934
-4.934754
-4.061290
-3.168072
-2.326625
-1.939195
-1.317433
-0.410421
0.853879
2.162457
3.376688
4.542896
5.720002
6.891489
7.910558
8.844137
9.728840
10.688645
11.874097
13.007947
14.167002
15.108415
15.919890
16.682148
17.654385
18.520526
19.037042
19.594601
20.236458
21.015917
21.444729
21.604981
21.167653
20.726919
20.264557
19.580296
18.913235
17.863512
16.765084
15.779052
14.787742
14.019183
13.202429
12.413263
11.595658
10.948692
10.316883
9.398801
8.506775
7.787262
7.049697
6.316389
5.407333
4.523993
3.845692
3.236192
2.475125
1.522814
0.250680
-1.171316
-2.415691
-3.400871
-4.177094
-5.148138
-6.167548
-7.236685
-8.367300
-9.527036
-10.882786
-12.422630
-13.576916
-14.477287
-15.264750
-16.203267
-17.124755
-17.912388
-18.674306
-19.321782
-19.915104
-20.448480
-20.749910
-20.860093
-20.770005
-20.633595
-20.608561
-20.494802
-19.942863
-19.157784
-18.308163
-17.442874
-16.679593
-15.714509
-14.691523
-13.704641
-13.061081
-12.621198
-12.129375
-11.386360
-10.708570
-10.157483
-9.610312
-8.963176
-7.920095
-7.123096
-6.227493
-5.495378
-4.721028
-3.932033
-3.085136
-2.292565
-1.926592
-1.256807
-0.283888
0.800576
2.193962
3.397465
4.597221
5.780118
6.903921
7.989407
8.913108
9.759154
10.856731
12.056317
13.203110
14.327424
15.177556
15.998908
16.722509
17.555101
18.332005
19.098180
19.620316
20.328079
20.967381
21.433319
21.404879
21.061727
20.626954
20.148414
19.461087
18.629347
17.492090
16.529730
15.680620
14.650140
13.786043
12.776000
12.099743
11.343786
10.759660
10.177238
9.266138
8.397273
7.607937
6.814173
6.170954
5.329847
4.394736
3.704003
3.020934
2.249479
1.081399
-0.397989
-1.718657
-2.883673
-3.906659
-4.815715
-5.822863
-6.841081
-7.948535
-8.996044
-10.184901
-11.595658
-12.897594
-14.053243
-14.918872
-15.665122
-16.433341
-17.377990
-18.139226
-18.820422
-19.449677
-19.963299
-20.441668
-20.565135
-20.600898
-20.509107
-20.578929
-20.527669
-20.237480
-19.680091
-19.055435
-18.077918
-17.312595
-16.328948
-15.443904
-14.480863
-13.743469
-13.164793
-12.712819
-12.160540
-11.401176
-10.670764
-10.153907
-9.725434
-8.765289
-7.777555
-6.869691
-5.886044
-5.399840
-4.644735
-3.741128
-2.698217
-1.848595
-1.436983
-0.674895
0.069312
1.462698
2.945151
4.233633
5.280120
6.474257
7.503033
8.623430
9.546961
10.393688
11.507443
12.627670
13.756752
14.730011
15.495505
16.246183
17.027003
17.951557
18.540621
19.194399
19.836766
20.462785
21.078587
21.416119
21.370309
20.990031
20.481348
19.973176
19.349371
18.531936
17.478807
16.436577
15.397412
14.493465
13.542516
12.670755
12.020894
11.310237
10.690178
9.993826
9.054286
8.196150
7.537944
6.665502
6.043059
5.174364
4.322359
3.590414
2.860001
2.005781
0.715937
-0.786441
-2.196346
-3.343139
-4.290172
-5.189521
-6.201097
-7.163116
-8.113725
-9.253025
-10.500976
-11.953626
-13.140440
-14.153378
-14.946290
-15.706846
-16.553913
-17.528023
-18.296242
-18.955469
-19.440310
-19.915104
-20.414421
-20.587104
-20.547083
-20.427704
-20.409482
-20.403351
-20.033291
-19.406761
-18.621343
-17.830474
-17.140252
-16.152007
-15.199695
-14.265605
-13.484444
-12.901340
-12.482405
-11.974233
-11.290652
-10.573523
-10.020392
-9.556498
-8.667367
-7.846526
-7.055487
-6.153754
-5.375828
-4.472051
-3.735338
-2.808401
-2.141510
-1.613923
-0.737906
0.364440
1.511063
2.841949
4.124812
5.316053
6.413630
7.556507
8.685078
9.562288
10.345152
11.369331
12.492963
13.708217
14.677388
15.528202
16.296421
17.123733
17.909152
18.523761
19.104481
19.888878
20.579440
21.178041
21.383933
21.319560
20.825863
20.363501
19.924641
19.219773
18.380880
17.198835
16.115904
15.105350
14.271396
13.434206
12.485470
11.756931
11.188303
10.632787
9.918043
9.053264
8.287770
7.585798
6.911925
6.193093
5.315372
4.486867
3.721033
3.056867
2.125161
0.863246
-0.662293
-2.098594
-3.276723
-4.206896
-5.000830
-6.117650
-7.164649
-8.136886
-9.249278
-10.543551
-11.920077
-13.135161
-14.235292
-15.069757
-15.858923
-16.717230
-17.539944
-18.249410
-18.968412
-19.514220
-20.089490
-20.549638
-20.744801
-20.713125
-20.630871
-20.485095
-20.420892
-20.014729
-19.352436
-18.494640
-17.684017
-16.999585
-16.059024
-15.135833
-14.269522
-13.434887
-12.925352
-12.399810
-11.899812
-11.261531
-10.610819
-10.108267
-9.619679
-8.914130
-7.976123
-7.052251
-6.228345
-5.517517
-4.757302
-3.931011
-2.943277
-2.341952
-1.879420
-1.006978
0.108480
1.358986
2.727849
3.986870
5.274841
6.506273
7.615430
8.632456
9.552070
10.398286
11.398281
12.497391
13.735635
14.759472
15.500784
16.217743
16.992944
17.854656
18.580300
19.134283
19.758259
20.537036
21.030051
21.362475
21.290779
20.890066
20.382404
19.793000
19.047431
18.184866
17.018488
16.057491
15.046256
14.130558
13.423136
12.477636
11.715548
11.206354
10.597876
10.059902
9.086984
8.354187
7.660048
6.922654
6.245204
5.334956
4.460812
3.770249
3.017357
2.088887
0.831911
-0.630277
-1.986027
-3.216948
-4.100459
-5.099092
-6.043570
-7.051229
-8.139610
-9.187460
-10.418722
-11.814492
-13.213328
-14.162745
-15.056644
-15.649285
-16.592571
-17.571960
-18.284832
-18.937928
-19.592217
-20.142283
-20.489182
-20.588126
-20.616565
-20.551682
-20.387684
-20.308495
-19.908122
-19.379684
-18.566847
-17.675161
-16.922099
-16.040972
-15.163762
-14.106376
-13.164282
-12.685061
-12.336288
-11.820963
-11.233432
-10.620356
-10.034357
-9.589195
-8.714029
-7.834945
-7.052592
-6.144558
-5.365951
-4.524844
-3.682545
-2.796991
-2.185787
-1.706055
-0.949928
0.056199
1.388959
2.789497
3.979206
5.134685
6.365095
7.422992
8.499452
9.393351
10.292700
11.353493
12.555463
13.689995
14.661040
15.472514
16.284159
17.060382
17.890590
18.614020
19.234419
19.781079
20.493780
21.224533
21.533285
21.395002
20.969425
20.456655
19.855499
19.203424
18.317529
17.228808
16.242947
15.129362
14.259304
13.509648
12.692043
11.888402
11.312110
10.802576
10.147265
9.332214
8.404425
7.739919
7.114240
6.348235
5.437136
4.447699
3.694977
2.935273
2.003397
0.818116
-0.669956
-1.973425
-3.169434
-4.181351
-5.084787
-6.064517
-6.952456
-8.053098
-9.178264
-10.430813
-11.788436
-13.135331
-14.139925
-15.053749
-15.871525
-16.748565
-17.711946
-18.497535
-19.179412
-19.821780
-20.341873
-20.737989
-20.850045
-20.774943
-20.694733
-20.607199
-20.511661
-20.068203
-19.529547
-18.726587
-17.839670
-17.035859
-16.141789
-15.216385
-14.132091
-13.340541
-12.815680
-12.495177
-11.905432
-11.246715
-10.539293
-9.959085
-9.662935
-8.798327
-7.870708
-7.068941
-6.162780
-5.355052
-4.556349
-3.728867
-2.772467
-2.159561
-1.612050
-0.703846
0.276225
1.499993
2.866473
4.120554
5.238397
6.404434
7.530621
8.669070
9.512220
10.447502
11.484623
12.582030
13.857569
14.822483
15.658992
16.487837
17.275810
18.022060
18.715177
19.407613
20.120314
20.719767
21.236454
21.518980
21.368946
20.876271
20.403011
19.917658
19.240039
18.305608
17.107895
16.021729
15.083041
14.191696
13.316699
12.476104
11.759315
11.110135
10.518687
9.787764
9.032318
8.210625
7.386718
6.653070
5.840063
4.937989
3.974608
3.365789
2.668755
1.786947
0.531673
-0.960486
-2.268382
-3.380605
-4.135030
-5.071333
-6.071670
-7.096188
-8.097376
-9.197508
-10.448354
-11.841229
-13.087818
-14.183692
-15.119995
-15.814304
-16.714675
-17.657621
-18.423966
-19.099542
-19.671576
-20.109926
-20.547083
-20.684685
-20.767280
-20.608050
-20.534141
-20.431791
-20.007065
-19.413063
-18.558502
-17.734255
-16.891445
-16.045059
-15.090023
-14.240231
-13.432673
-12.795925
-12.383461
-11.727810
-11.049679
-10.425704
-9.888411
-9.448699
-8.398294
-7.509504
-6.642853
-5.855049
-5.097900
-4.236528
-3.357785
-2.351829
-1.919610
-1.396111
-0.529460
0.534058
1.697711
3.059251
4.291875
5.399159
6.493500
7.611002
8.586986
9.359973
10.302748
11.359453
12.608426
13.846840
14.708042
15.588658
16.369649
17.221655
18.158981
18.798624
19.403526
20.072120
20.673275
21.158116
21.457672
21.263531
20.867586
20.297425
19.720963
19.051858
18.161195
17.051526
16.116244
15.182495
14.328616
13.455153
12.530259
11.910711
11.323690
10.690859
9.837832
8.903572
8.129392
7.328476
6.500142
5.787781
4.877363
4.114594
3.458261
2.577986
1.680681
0.347921
-1.079355
-2.355576
-3.412451
-4.282509
-5.238226
-6.216254
-7.216930
-8.098568
-9.193761
-10.574886
-11.999437
-13.212136
-14.266797

