-8.030619
-7.190534
-6.227493
-5.398478
-4.471030
-3.615447
-2.710479
-2.123288
-1.529966
-0.695331
0.418425
1.742840
3.131458
4.383155
5.417892
6.565707
7.683550
8.722884
9.522779
10.370186
11.352301
12.437275
13.536896
14.515264
15.428066
16.136851
16.856023
17.709051
18.363680
19.031422
19.686222
20.346642
21.044697
21.379335
21.316835
20.904200
20.416124
19.967045
19.315651
18.357890
17.177037
16.192879
15.249082
14.315333
13.492618
12.645892
11.874778
11.270557
10.577951
9.909357
8.989913
8.208581
7.464034
6.686960
5.956377
4.983800
4.121235
3.427948
2.697706
1.804999
0.520945
-0.994887
-2.367667
-3.521953
-4.464899
-5.420276
-6.319795
-7.246733
-8.290495
-9.360313
-10.623421
-11.962823
-13.116087
-14.137881
-14.900991
-15.579632
-16.516106
-17.327070
-18.033981
-18.765926
-19.240039
-19.724710
-20.307473
-20.396369
-20.379509
-20.172766
-20.114694
-20.048959
-19.689117
-19.097158
-18.350227
-17.666136
-16.910008
-16.021899
-15.045234
-14.126301
-13.282980
-12.798820
-12.315001
-11.903899
-11.270046
-10.631766
-10.193757
-9.745189
-8.877175
-8.031981
-7.064853
-6.275347
-5.507980
-4.577637
-3.727504
-2.709968
-2.124310
-1.448904
-0.514303
0.577314
1.866817
3.215585
4.518202
5.721024
6.855045
7.942063
8.992297
9.801217
10.556664
11.611155
12.741600
13.941016
14.787061
15.488352
16.317708
17.146553
17.919030
18.539940
19.112655
19.775799
20.512513
20.986114
21.250418
21.186556
20.811898
20.309857
19.831657
19.153016
18.164601
17.113345
16.080141
15.214000
14.409849
13.692379
12.707199
12.048142
11.445284
10.892323
10.166509
9.251322
8.454663
7.640123
6.939002
6.198372
5.278928
4.401037
3.519739
2.706051
1.782009
0.454528
-1.021624
-2.494029
-3.724269
-4.604885
-5.588531
-6.690196
-7.617303
-8.611849
-9.709086
-11.032820
-12.329476
-13.511351
-14.504875
-15.323332
-15.929426
-16.773088
-17.615897
-18.403360
-18.968923
-19.483907
-19.944395
-20.341362
-20.357711
-20.395006
-20.218406
-20.140409
-20.132235
-19.718579
-19.064801
-18.252645
-17.455135
-16.817536
-15.938963
-14.961106
-14.142309
-13.371195
-12.996708
-12.553249
-12.171779
-11.610133
-10.989734
-10.446310
-9.940522
-8.976630
-8.167199
-7.220677
-6.259169
-5.537782
-4.586492
-3.529617
-2.540861
-2.054998
-1.398325
-0.447035
0.775201
2.134017
3.469501
4.720007
5.857263
6.991455
8.019039
8.989913
9.878022
10.733945
11.667524
12.747049
13.923986
14.816693
15.549830
16.287225
16.959054
17.849718
18.448659
18.963643
19.625936
20.283461
20.969936
21.132912
20.919016
20.512172
20.058836
19.499574
18.846818
17.950365
16.966888
16.007764
15.071290
14.236484
13.534682
12.718780
12.086970
11.586121
10.937452
10.220834
9.327786
8.450576
7.840565
7.046972
6.208760
5.236864
4.391330
3.603356
2.773319
1.741818
0.411613
-1.152243
-2.520595
-3.765481
-4.684584
-5.621569
-6.640468
-7.587842
-8.635010
-9.796279
-11.006764
-12.373073
-13.547114
-14.396906
-15.175343
-15.892812
-16.746180
-17.621006
-18.306800
-18.959216
-19.421067
-19.888197
-20.291465
-20.383426
-20.445415
-20.283631
-20.153863
-20.113332
-19.713981
-19.089154
-18.319232
-17.508779
-16.848530
-15.951225
-15.077250
-14.091049
-13.390098
-13.068914
-12.698514
-12.155771
-11.517491
-10.863883
-10.345493
-9.774821
-8.896419
-8.106061
-7.114240
-6.185600
-5.377020
-4.500151
-3.655808
-2.580711
-2.044439
-1.369544
-0.442948
0.706060
1.923697
3.226655
4.521779
5.612544
6.818771
7.925204
8.907148
9.791851
10.695798
11.718954
12.811593
13.995681
14.912742
15.641451
16.341209
17.102786
17.958539
18.533979
19.084045
19.729648
20.385810
20.970787
21.128825
20.875250
20.469768
20.057304
19.524097
18.855163
17.918008
16.774620
15.773262
14.921427
14.139584
13.400487
12.647595
11.887721
11.281797
10.752848
10.069438
9.213345
8.337668
7.653236
6.862368
6.088700
5.025523
4.197359
3.487042
2.624989
1.709291
0.297853
-1.158033
-2.489941
-3.696339
-4.563161
-5.505426
-6.561109
-7.451602
-8.570467
-9.655271
-10.908501
-12.315171
-13.635159
-14.515775
-15.281098
-16.137021
-16.982896
-17.774105
-18.419027
-18.945251
-19.539254
-20.061731
-20.414931
-20.392793
-20.379680
-20.173447
-20.074674
-20.017113
-19.576039
-18.922601
-18.115044
-17.329284
-16.622543
-15.801532
-14.861822
-14.087302
-13.330323
-13.003179
-12.517146
-11.967591
-11.338506
-10.683366
-10.316542
-9.825741
-8.939845
-8.101463
-7.078648
-6.059068
-5.307198
-4.399504
-3.431695
-2.542564
-1.860006
-1.154968
-0.152077
0.778948
1.985005
3.449236
4.681179
6.119183
7.167714
8.239746
9.078979
10.015794
11.032820
12.112686
13.212476
14.302049
15.129702
15.881232
16.574689
17.257077
18.085071
18.690314
19.255536
19.807986
20.320926
20.883254
21.058491
20.846980
20.398583
19.988332
19.490549
18.645184
17.691340
16.669886
15.751634
14.819077
13.975416
13.135161
12.374095
11.753525
11.212826
10.618142
9.893860
8.996555
8.161919
7.376671
6.702287
5.944116
4.939692
4.053286
3.418922
2.587863
1.494374
0.046832
-1.509190
-2.754075
-3.876516
-4.789148
-5.731583
-6.714037
-7.619858
-8.655616
-9.848901
-11.074543
-12.467929
-13.671262
-14.706680
-15.376636
-16.118288
-16.912392
-17.807143
-18.478462
-19.084896
-19.522565
-20.069906
-20.282098
-20.322800
-20.231009
-20.148073
-20.125423
-19.925662
-19.361121
-18.795388
-18.040964
-17.312254
-16.653367
-15.779052
-14.952762
-14.087984
-13.376815
-12.943063
-12.517316
-11.928763
-11.279072
-10.596173
-10.190010
-9.478331
-8.458580
-7.663114
-6.749971
-5.925213
-5.083765
-4.160745
-3.097057
-2.408879
-1.980237
-1.223258
-0.238759
0.917401
2.253737
3.677266
4.854202
6.084783
7.100786
8.270059
9.300879
10.116271
10.949033
12.135846
13.293198
14.377832
15.168701
15.960932
16.742604
17.450707
18.203429
18.760647
19.363846
19.980669
20.662546
21.115712
21.184172
20.916973
20.343406
19.765922
19.320079
18.594946
17.599889
16.485282
15.496016
14.717238
13.878345
13.047116
12.335437
11.686257
11.055980
10.410547
9.518351
8.628539
7.967268
7.197687
6.395238
5.569799
4.663127
3.840753
3.053631
2.229554
1.134872
-0.268221
-1.778432
-3.167561
-4.127707
-5.005598
-5.930492
-6.913968
-7.957731
-8.981909
-10.205507
-11.669397
-13.043370
-14.142479
-14.959574
-15.693903
-16.506059
-17.376627
-18.221651
-18.906253
-19.395522
-19.860608
-20.266090
-20.495653
-20.486116
-20.303386
-20.163740
-20.056452
-19.888026
-19.288063
-18.612828
-18.000262
-17.213992
-16.375610
-15.327079
-14.460087
-13.576405
-12.976953
-12.639080
-12.034518
-11.499950
-10.753359
-10.090726
-9.593964
-8.851460
-8.014100
-7.104022
-6.145750
-5.343812
-4.580532
-3.731762
-2.790179
-2.169439
-1.695497
-0.891004
0.194481
1.291037
2.639123
3.918069
5.156483
6.419591
7.522106
8.493492
9.458065
10.393347
11.380570
12.373243
13.623749
14.732054
15.505552
16.227790
17.039776
17.729998
18.483911
19.036021
19.659826
20.373208
21.004166
21.414927
21.274430
21.029881
20.466191
19.909995
19.364527
18.430267
17.318555
16.388212
15.339681
14.518329
13.750621
12.879031
12.079137
11.427913
10.846342
10.223048
9.316376
8.421966
7.686445
7.057190
6.290163
5.267688
4.380771
3.671987
2.937998
2.084630
0.960316
-0.492334
-1.955032
-3.163815
-4.171814
-4.957744
-6.012235
-7.078137
-8.080857
-9.212834
-10.405609
-11.887891
-13.123410
-14.129877
-15.042850
-15.865053
-16.681978
-17.625775
-18.315996
-18.976416
-19.611461
-20.128489
-20.465851
-20.592383
-20.509107
-20.507574
-20.344768
-20.366056
-20.094088
-19.515753
-18.692698
-17.790624
-17.113686
-16.245331
-15.269518
-14.385666
-13.521739
-12.958731
-12.483256
-11.976617
-11.277028
-10.637896
-10.127681
-9.744508
-8.850779
-8.006436
-7.163116
-6.272452
-5.598579
-4.837854
-4.009690
-3.011397
-2.269234
-1.864774
-1.121930
-0.092302
1.241309
2.628905
3.970691
5.162784
6.369182
7.616963
8.612701
9.677751
10.414124
11.518683
12.743984
13.796943
14.907803
15.611308
16.365903
17.058168
17.887013
18.620832
19.237144
19.853285
20.498889
21.048955
21.504675
21.360091
20.893472
20.545210
19.928728
19.231013
18.364021
17.330136
16.362326
15.322311
14.368466
13.568231
12.724570
12.009314
11.457886
10.836635
10.240759
9.475606
8.653062
7.807187
7.256269
6.586994
5.711317
4.771267
4.125323
3.415857
2.538477
1.297338
-0.108310
-1.452310
-2.628054
-3.730059
-4.676070
-5.762407
-6.860154
-7.965905
-9.102140
-10.345152
-11.820453
-13.258287
-14.299835
-15.222686
-15.979665
-16.848189
-17.780236
-18.599885
-19.240550
-19.769328
-20.216874
-20.610264
-20.709549
-20.708527
-20.637342
-20.617758
-20.503146
-20.196778
-19.561052
-18.735273
-17.876284
-17.014061
-16.207354
-15.269177
-14.250449
-13.405596
-12.853486
-12.452943
-11.927911
-11.308364
-10.713169
-10.160037
-9.735652
-8.933033
-8.094822
-7.470335
-6.574733
-5.845513
-5.058731
-4.201106
-3.291539
-2.527067
-2.139296
-1.269238
-0.326463
0.998804
2.372605
3.712007
4.911593
6.193604
7.416180
8.549350
9.489059
10.374955
11.546782
12.600422
13.750451
14.766625
15.633617
16.502823
17.265422
18.005541
18.742936
19.319228
19.872870
20.489693
21.051339
21.448817
21.274090
20.753316
20.289080
19.785166
19.174474
18.099887
17.017467
15.870673
14.919383
14.124938
13.201748
12.401683
11.711291
11.060749
10.577611
9.891987
9.195975
8.398805
7.651533
7.028239
6.430319
5.650520
4.772629
3.956897
3.394229
2.494710
1.270771
-0.175919
-1.671144
-2.941574
-3.960473
-4.834618
-5.915506
-6.861346
-7.906471
-9.170089
-10.415486
-11.818920
-13.156959
-14.255217
-15.150479
-15.886000
-16.689130
-17.615557
-18.420730
-19.054924
-19.594090
-20.127637
-20.554066
-20.695584
-20.650625
-20.437070
-20.409141
-20.313263
-19.909995
-19.300835
-18.611465
-17.721994
-16.893148
-16.064303
-15.063456
-14.069080
-13.200726
-12.648957
-12.266125
-11.812449
-11.153732
-10.487522
-9.973560
-9.698527
-8.959600
-8.034025
-7.255248
-6.467104
-5.807366
-4.946334
-4.082918
-3.326961
-2.521276
-2.068111
-1.239947
-0.133514
1.090595
2.496413
3.876516
5.151885
6.295102
7.417713
8.593457
9.584767
10.398286
11.418036
12.626989
13.945614
14.990738
15.713658
16.568388
17.362663
18.113170
18.840517
19.367933
20.053046
20.719937
21.189622
21.507740
21.348170
20.954268
20.362990
19.765241
19.128323
18.187761
16.992944
15.930108
14.928750
14.130558
13.231039
12.372562
11.731897
11.063984
10.553939
9.838343
9.015969
8.225782
7.592440
6.834098
6.159714
5.363056
4.629067
3.866638
3.206900
2.324751
1.088211
-0.424215
-1.870394
-3.104040
-4.045623
-4.926409
-6.103005
-7.160902
-8.131606
-9.261540
-10.690178
-12.023790
-13.338327
-14.292172
-15.267815
-15.975407
-16.849041
-17.660005
-18.534831
-19.280400

