-4.814863
-3.852333
-2.311638
-0.921828
0.711850
2.296312
3.629582
4.582575
5.327123
6.131104
7.018532
7.953644
8.813824
9.521927
10.077102
10.935579
11.936596
12.957709
13.722692
14.402015
15.116079
15.930959
16.850403
17.830133
18.959897
19.949164
20.909480
21.738665
21.971464
21.859748
21.412202
20.898240
20.499400
19.896201
19.010646
17.891271
16.774961
15.735797
14.732735
13.754879
12.879883
12.347017
11.755739
10.924510
9.951081
8.733273
7.538625
6.543398
5.569117
4.712003
3.744023
3.073556
2.554485
2.056020
1.512596
0.588213
-0.475986
-1.515831
-2.548013
-3.478527
-4.396268
-5.188669
-5.813496
-6.418058
-7.150514
-8.153234
-9.180648
-10.122912
-10.979346
-11.635167
-12.428250
-13.365575
-14.301879
-15.337297
-16.289949
-17.162732
-18.247536
-19.143139
-19.844941
-20.562581
-20.976237
-21.380356
-21.796737
-21.561214
-21.096127
-20.344939
-19.712959
-19.062928
-18.129349
-16.987153
-15.728133
-14.690672
-13.778380
-13.052055
-12.413434
-11.922632
-11.351109
-10.886703
-10.110310
-9.237698
-8.098568
-7.208075
-6.750652
-6.480047
-5.781310
-4.918405
-3.662961
-2.445493
-0.995398
0.565733
1.999991
3.577471
4.459279
5.269732
6.157160
7.082054
8.027724
8.948530
9.716068
10.470492
11.307682
12.249947
13.280426
14.055116
14.660529
15.473195
16.353130
17.386164
18.220118
19.080979
20.159824
21.165950
21.850892
22.028514
21.774428
21.380697
20.925658
20.299469
19.598348
18.690484
17.598186
16.456161
15.436922
14.459746
13.518844
12.837308
12.272596
11.739390
11.021410
10.120187
8.781978
7.686956
6.695475
5.872761
5.013602
4.056862
3.410237
2.814531
2.368007
1.805169
0.900882
-0.209297
-1.440729
-2.563851
-3.521272
-4.500491
-5.284718
-6.058897
-6.758656
-7.440533
-8.482082
-9.666511
-10.578632
-11.333738
-12.021746
-12.850932
-13.758114
-14.748914
-15.762193
-16.715697
-17.451218
-18.431629
-19.367763
-20.190648
-20.741054
-21.268129
-21.666799
-21.900449
-21.596295
-21.147728
-20.397050
-19.709894
-19.094774
-18.110275
-16.933169
-15.643665
-14.532464
-13.777358
-13.002498
-12.343611
-11.921440
-11.450052
-11.097874
-10.394028
-9.500810
-8.516141
-7.599422
-7.021768
-6.680318
-5.872590
-5.054644
-3.909894
-2.394063
-1.050404
0.620229
2.346209
3.782000
4.618679
5.394391
6.300722
7.286583
8.299180
9.143523
9.879214
10.580676
11.454650
12.350593
13.306141
14.097520
14.825208
15.496867
16.343423
17.383780
18.305608
19.204106
20.180941
21.036182
21.801335
21.959543
21.666629
21.272046
20.776817
20.367077
19.573314
18.524272
17.403194
16.298805
15.194246
14.254877
13.441188
12.827090
12.337310
11.728832
10.912418
10.000978
8.778742
7.722378
6.824562
5.939347
5.072015
4.190207
3.449576
3.032344
2.507312
1.838718
0.891515
-0.170810
-1.277072
-2.373457
-3.416368
-4.334109
-5.182879
-5.840404
-6.580523
-7.391146
-8.422988
-9.576082
-10.493823
-11.296613
-12.002502
-12.725251
-13.692209
-14.682157
-15.575886
-16.539778
-17.474719
-18.465689
-19.421407
-20.098175
-20.726579
-21.151134
-21.565301
-21.788393
-21.581820
-21.174465
-20.440136
-19.755874
-19.101586
-18.097503
-16.922610
-15.661376
-14.533315
-13.746534
-12.986319
-12.465886
-11.897087
-11.482409
-11.161055
-10.502679
-9.455340
-8.402893
-7.511718
-6.993498
-6.609815
-5.912270
-5.121061
-3.904275
-2.378055
-0.931876
0.692265
2.226659
3.668410
4.545280
5.307879
6.203141
7.132121
8.005926
8.823020
9.594815
10.238205
11.195626
12.181997
13.149977
14.024632
14.812606
15.590872
16.436066
17.501116
18.429926
19.341707
20.284993
21.244798
22.013528
22.104297
21.872180
21.421739
20.931619
20.398412
19.577231
18.508775
17.369815
16.279902
15.247890
14.287915
13.427394
12.654747
12.072836
11.508976
10.755403
9.786061
8.623259
7.415840
6.426743
5.625827
4.800388
3.924710
3.202302
2.767018
2.257824
1.674039
0.658546
-0.380618
-1.410076
-2.527237
-3.417730
-4.356248
-5.098070
-5.689178
-6.440537
-7.168055
-8.198023
-9.373426
-10.287080
-11.155265
-11.824369
-12.602636
-13.656957
-14.792000
-15.738692
-16.675166
-17.723186
-18.715348
-19.585235
-20.278181
-20.738500
-21.342209
-21.784135
-21.951880
-21.618434
-21.121332
-20.333699
-19.651481
-18.975564
-17.921925
-16.717570
-15.458379
-14.346497
-13.557332
-12.923820
-12.320280
-11.950561
-11.444603
-11.070115
-10.239737
-9.200403
-8.129733
-7.242305
-6.898301
-6.606919
-5.846534
-4.982608
-3.694977
-2.081735
-0.672000
0.896794
2.465248
3.830876
4.786423
5.636726
6.562131
7.270915
8.098739
9.026527
9.734801
10.719981
11.539970
12.506417
13.320446
14.196975
15.038252
15.857901
16.709736
17.684358
18.565484
19.536700
20.480497
21.318708
21.969421
22.026471
21.714142
21.129336
20.482200
19.965512
19.216367
18.195254
17.042671
15.968084
14.960766
13.872044
13.049330
12.455497
11.998926
11.342934
10.527543
9.467431
8.297648
7.261038
6.379230
5.508491
4.704509
3.815378
3.161430
2.616814
2.186980
1.578842
0.518050
-0.624316
-1.599789
-2.647468
-3.622941
-4.549026
-5.356073
-5.919252
-6.625141
-7.499967
-8.571148
-9.655952
-10.462829
-11.218275
-11.933701
-12.658324
-13.727461
-14.816182
-15.925850
-16.798462
-17.706156
-18.655062
-19.616399
-20.288910
-20.867586
-21.298102
-21.779707
-21.795886
-21.471296
-20.858560
-20.186050
-19.562755
-18.726928
-17.542328
-16.497714
-15.299150
-14.315333
-13.622727
-12.953963
-12.478488
-11.990241
-11.462143
-10.903052
-10.100773
-9.020737
-7.993494
-7.138763
-6.841081
-6.285225
-5.401203
-4.410233
-3.101996
-1.798698
-0.228201
1.237222
2.950771
4.063845
4.710811
5.564179
6.464890
7.384675
8.302416
9.188311
9.846176
10.682855
11.516809
12.652193
13.664620
14.441013
15.091385
16.003166
16.911881
17.925671
18.785000
19.812073
20.837273
21.652835
22.138698
22.097485
21.718400
21.154540
20.672934
20.083530
19.253322
18.229314
16.975062
15.793187
14.904908
14.040981
13.279234
12.613365
12.075220
11.461803
10.541337
9.433883
8.284875
7.198027
6.240095
5.356584
4.374640
3.563847
3.056356
2.550738
1.963207
1.221384
0.212533
-0.938518
-2.079862
-3.071683
-3.979376
-4.765136
-5.504915
-6.237200
-6.889275
-7.800545
-8.873258
-9.937116
-10.838509
-11.530774
-12.235301
-13.239724
-14.311075
-15.329293
-16.292674
-17.227786
-18.218075
-19.177369
-20.076036
-20.735604
-21.193709
-21.636486
-21.915947
-21.920204
-21.563598
-20.845277
-20.100730
-19.406761
-18.586942
-17.392124
-16.185386
-15.150479
-14.154230
-13.372728
-12.611491
-12.146745
-11.631591
-11.153562
-10.636534
-9.621552
-8.627517
-7.525342
-6.778751
-6.410735
-5.865267
-5.080700
-4.071849
-2.631971
-1.167059
0.261409
1.794781
3.231423
4.252366
4.925217
5.763088
6.715230
7.516486
8.423158
9.136370
9.872573
10.788100
11.713845
12.652363
13.644695
14.475243
15.271221
16.016109
17.109088
18.137012
19.025973
20.020519
21.071604
21.847827
22.315979
22.221463
21.873372
21.428381
20.894323
20.283801
19.266605
18.264396
16.985621
15.819073
14.871699
13.806479
12.935230
12.421949
11.781624
11.104175
10.212490
9.008305
7.773978
6.721020
5.797488
4.943098
3.961154
3.167561
2.662965
2.301591
1.812322
0.908715
-0.086342
-1.097577
-2.153431
-3.128392
-3.956727
-4.769223
-5.421128
-6.007978
-6.751674
-7.552760
-8.759158
-9.919235
-10.777542
-11.516469
-12.224742
-13.231209
-14.206171
-15.195438
-16.233240
-17.285688
-18.295731
-19.329105
-20.044872
-20.647560
-21.239689
-21.737814
-21.956478
-21.877289
-21.400281
-20.902327
-20.170382
-19.547939
-18.668345
-17.474890
-16.157116
-14.887197
-14.025314
-13.259820
-12.565340
-12.067727
-11.538267
-11.041164
-10.350091
-9.415490
-8.256606
-7.303953
-6.720849
-6.460122
-5.742652
-4.931688
-3.936802
-2.575942
-1.283884
0.134366
1.698732
3.089224
4.179989
4.769564
5.544254
6.407840
7.438660
8.358274
9.149143
9.837661
10.708230
11.779921
12.749434
13.758285
14.382941
15.272924
16.234773
17.153536
18.233401
19.087791
20.096813
21.021026
21.884441
22.279705
22.183146
21.782773
21.260636
20.698309
20.119292
19.088984
17.875774
16.854491
15.650817
14.587641
13.682502
12.917178
12.408325
11.749778
10.961635
10.037252
8.862359
7.707562
6.728683
5.790847
4.996572
4.191399
3.449576
2.835819
2.517530
2.045121
1.261575
0.122275
-0.880446
-1.882144
-2.864088
-3.795624
-4.538809
-5.124296
-5.706549
-6.527390
-7.531473
-8.751495
-9.867123
-10.806833
-11.534350
-12.263571
-13.335943
-14.504365
-15.551192
-16.628334
-17.589501
-18.591200
-19.610780
-20.398583
-21.012000
-21.469763
-21.886996
-22.164072
-22.032772
-21.620648
-20.992245
-20.359925
-19.628150
-18.691335
-17.469270
-16.135318
-14.897415
-13.838836
-13.124262
-12.478999
-11.829138
-11.298827
-10.800362
-10.182006
-9.223052
-8.163452
-7.260186
-6.661926
-6.343978
-5.765983
-4.961831
-4.153592
-2.778598
-1.407521
0.033038
1.632827
2.917051
4.042217
4.596370
5.505085
6.314005
7.349593
8.270059
9.052072
9.754896
10.693244
11.751481
12.853827
13.808523
14.629705
15.615736
16.406775
17.369815
18.379177
19.362484
20.466021
21.463633
22.204263
22.600208
22.454773
21.965163
21.425145
20.841530
20.209891
19.115550
17.842054
16.703265
15.556642
14.571122
13.437612
12.622220
11.938129
11.333057
10.678598
9.621722
8.467606
7.333755
6.267343
5.482265
4.592623
3.854547
3.152405
2.636739
2.284050
1.910584
1.235179
0.243528
-0.880957
-1.774856
-2.723592
-3.645590
-4.395757
-5.114079
-5.786249
-6.574222
-7.497243
-8.728504
-9.731906
-10.627168
-11.528219
-12.239047
-13.231891
-14.335258
-15.413761
-16.513893
-17.460414
-18.413407
-19.458703
-20.274775
-20.864861
-21.377461
-21.874053
-22.168670
-22.068194
-21.602426
-20.826714
-20.194394
-19.469431
-18.447297
-17.245327
-16.051531
-14.773096
-13.775826
-13.032981
-12.314831
-11.726277
-11.186259
-10.692051
-10.111502
-9.205852
-8.106913
-7.144042
-6.553446
-6.451096
-5.906991
-5.083765
-4.124131
-2.859661
-1.594169
-0.078508
1.490116
2.742495
3.890991
4.537106
5.371571
6.322690
7.197005
8.167199
8.995703
9.801899
10.649136
11.644704
12.805462
13.782297
14.487505
15.287059
16.240052
17.425673
18.454450
19.341367
20.490204
21.524770
22.288391
22.632224
22.422586
22.062915
21.588291
20.922763
20.268645
19.234589
18.083879
16.808340
15.601771
14.618976
13.614212
12.731041
12.141126
11.523792
10.834762
9.773288
8.551223
7.439852
6.359986
5.559410
4.676410
3.851312
3.170967
2.752372
2.262081
1.787288
1.022135
0.122275
-0.964063
-1.925911
-2.888611
-3.776039
-4.614592
-5.311114
-5.978176
-6.673677
-7.623945
-8.929287
-9.996550
-10.812453
-11.549166
-12.522936
-13.463497
-14.558349
-15.538931
-16.659498
-17.544372
-18.584728
-19.474200
-20.367077
-21.085909

