19.021886
19.914593
20.968573
21.873713
22.916794
23.795366
24.722304
25.320053
25.809833
26.246650
26.506696
26.428870
26.011808
25.249720
24.135794
23.172072
22.182465
21.102088
19.781419
18.501793
17.217738
15.947648
14.688969
13.335262
12.142147
10.903903
9.853159
8.954832
7.706881
6.222044
4.360506
2.538647
0.973259
-0.531844
-2.098594
-3.657171
-5.071844
-6.397281
-7.713522
-9.075233
-10.413102
-11.431149
-12.332542
-13.280426
-14.248405
-15.398094
-16.632250
-17.775638
-18.963303
-19.937072
-20.831823
-21.354471
-21.705117
-22.190639
-22.795541
-23.860250
-24.865866
-25.445223
-25.681938
-25.564602
-25.368759
-25.115013
-24.723155
-24.275269
-23.775952
-23.358379
-22.799628
-22.023405
-21.010978
-19.609417
-18.248558
-16.904729
-15.596322
-14.361484
-13.069425
-11.724063
-10.655097
-9.442738
-8.144549
-6.888935
-5.425385
-4.118511
-3.118515
-1.819815
-0.551939
0.791890
1.884529
2.838373
3.831387
4.904270
6.074735
7.041352
7.950068
8.751495
9.532315
10.327441
11.319603
12.138401
13.122388
13.922283
14.875787
15.715872
16.312599
17.005716
18.068041
19.074338
20.156758
21.067347
21.995476
23.044007
23.883751
24.817501
25.394474
25.889022
26.336568
26.553869
26.385444
25.899581
25.111948
24.106673
23.012842
21.906921
20.786864
19.461087
18.057312
16.840356
15.663419
14.530591
13.121877
11.704138
10.600431
9.683371
8.690017
7.470506
5.895070
4.231078
2.519233
0.748975
-0.803130
-2.343484
-3.856761
-5.345004
-6.685257
-8.025340
-9.442568
-10.629552
-11.744329
-12.654918
-13.509137
-14.485461
-15.827928
-17.022746
-18.240384
-19.356864
-20.379339
-21.331310
-21.861281
-22.329092
-22.758075
-23.380007
-24.366038
-25.327206
-26.012489
-26.245458
-26.027986
-25.812217
-25.467362
-25.126253
-24.623019
-23.966857
-23.444891
-22.910663
-21.981852
-20.779542
-19.353458
-17.983232
-16.607727
-15.311582
-14.051029
-12.793200
-11.361837
-10.171107
-9.067059
-7.911580
-6.601129
-5.322865
-4.112550
-3.041540
-1.759018
-0.592640
0.674895
1.825946
2.699069
3.728867
4.822186
5.998611
7.072006
7.859128
8.731740
9.596688
10.372741
11.317389
12.085267
12.998070
13.794729
14.621190
15.472514
16.239371
16.966207
18.104485
19.070251
20.120655
21.139554
21.948985
22.937741
23.946081
24.879830
25.272369
25.748525
26.199818
26.385784
26.211909
25.627613
24.722644
23.645844
22.630181
21.509273
20.373208
19.154378
17.897742
16.609771
15.383618
14.257090
12.961285
11.656966
10.552406
9.564672
8.791174
7.624115
6.069626
4.384518
2.645084
1.153094
-0.458104
-2.111367
-3.604548
-5.059923
-6.516831
-7.861512
-9.201765
-10.442053
-11.499950
-12.489728
-13.505220
-14.496190
-15.759127
-16.965866
-18.139226
-19.339664
-20.359755
-21.220957
-21.788733
-22.007057
-22.461585
-23.171221
-24.188587
-25.076696
-25.662865
-25.857346
-25.691816
-25.428534
-25.127275
-24.663380
-24.229458
-23.703745
-23.227760
-22.733893
-21.887336
-20.747866
-19.391435
-17.933335
-16.660179
-15.413931
-14.110293
-12.897083
-11.691196
-10.554620
-9.431839
-8.142335
-6.853172
-5.496400
-4.268203
-3.154789
-1.902751
-0.735692
0.606435
1.807724
2.776044
3.868852
4.989420
6.182534
7.320302
8.186613
9.080342
9.863888
10.820968
11.740242
12.432848
13.272592
14.208896
15.092577
15.899965
16.572986
17.304591
18.333367
19.216367
20.257405
21.211420
22.107022
22.990533
23.779358
24.710723
25.211062
25.645494
26.049103
26.205778
25.913545
25.314093
24.524076
23.423093
22.508928
21.450520
20.357711
19.166980
17.994813
16.851766
15.667507
14.567545
13.274125
11.950902
10.757106
9.818418
8.977992
7.704156
6.163631
4.409552
2.644403
0.997101
-0.700099
-2.386570
-3.955364
-5.431175
-6.802082
-8.141313
-9.494679
-10.837827
-11.957543
-12.891463
-13.810737
-14.856202
-16.039780
-17.363174
-18.603291
-19.677537
-20.602771
-21.407434
-21.952391
-22.189277
-22.655044
-23.297071
-24.352755
-25.211232
-25.644473
-25.800126
-25.524242
-25.257042
-24.888856
-24.369444
-23.942164
-23.339135
-22.846120
-22.366728
-21.468912
-20.402840
-18.991913
-17.618792
-16.441516
-15.361650
-14.056819
-12.843098
-11.723042
-10.602304
-9.462493
-8.170434
-6.743670
-5.507980
-4.289661
-3.145422
-1.767022
-0.525543
0.846897
2.002205
2.964565
4.109825
5.256278
6.503207
7.609299
8.470672
9.245362
10.067395
10.812623
11.799165
12.538433
13.499771
14.439821
15.264409
16.105345
16.611474
17.267125
18.306119
19.256558
20.297085
21.356855
22.192001
23.054906
23.916108
24.721622
25.314604
25.813920
26.241200
26.146003
25.770835
25.241886
24.355309
23.622683
22.550481
21.472488
20.202569
19.039767
17.921584
16.798122
15.589850
14.401163
13.047797
11.820112
10.726111
9.770393
8.940186
7.684231
6.120716
4.268374
2.413818
0.814199
-0.763961
-2.332926
-3.869534
-5.281312
-6.648302
-8.177928
-9.539127
-10.781629
-11.840207
-12.851954
-13.816357
-14.910528
-16.119140
-17.317193
-18.453939
-19.606522
-20.537717
-21.356855
-21.838120
-22.222825
-22.621836
-23.288386
-24.366549
-25.289740
-25.671039
-25.741884
-25.570733
-25.351729
-25.053705
-24.522543
-24.039064
-23.602247
-23.185185
-22.638866
-21.720954
-20.519495
-19.167151
-17.726251
-16.541992
-15.400308
-14.310394
-13.019357
-11.833055
-10.681834
-9.566545
-8.243322
-6.869180
-5.448205
-4.292045
-3.028257
-1.729216
-0.391688
0.845705
1.963377
3.090245
4.382644
5.423682
6.644045
7.681165
8.476632
9.267160
10.020563
10.912248
11.899471
12.818916
13.712304
14.651333
15.498570
16.280242
16.778197
17.641442
18.761328
19.690820
20.654542
21.575519
22.453921
23.340668
24.266073
24.843727
25.143623
25.599173
25.978770
26.002952
25.682109
25.076866
24.096625
23.102931
21.990367
21.046230
20.002808
18.816335
17.549310
16.528368
15.339000
14.082875
12.618474
11.376313
10.356562
9.428263
8.473056
7.117135
5.457742
3.561803
1.812322
0.154291
-1.489265
-3.049885
-4.690375
-6.174019
-7.379907
-8.671454
-9.995018
-11.276518
-12.326751
-13.195617
-14.201914
-15.285356
-16.421250
-17.614705
-18.839496
-19.905567
-20.971639
-21.681104
-21.976573
-22.352593
-22.873027
-23.649590
-24.540935
-25.292976
-25.681257
-25.616203
-25.324651
-24.978433
-24.570227
-24.123532
-23.510797
-22.964137
-22.432464
-21.779878
-20.856857
-19.562585
-18.173626
-16.962801
-15.768153
-14.562437
-13.270038
-12.044055
-10.933706
-9.788786
-8.641481
-7.370370
-5.942924
-4.636901
-3.420115
-2.223764
-0.990799
0.392369
1.662970
2.763271
3.740277
4.923855
6.060600
7.046631
8.073364
8.914130
9.842770
10.578632
11.497395
12.399299
13.175522
14.176198
14.981031
15.898262
16.632250
17.257077
18.135139
19.057308
20.085914
21.074670
21.974700
22.815296
23.606164
24.448463
25.036846
25.361606
25.809833
26.175124
26.004485
25.611946
24.832998
23.926326
22.989682
21.933828
20.740884
19.632408
18.484763
17.320258
16.061749
15.023266
13.844626
12.473038
11.261531
10.287080
9.333917
8.324555
6.907838
5.229712
3.512587
1.786947
0.199080
-1.524687
-3.050055
-4.724605
-6.233283
-7.528918
-9.032318
-10.429110
-11.488880
-12.577602
-13.508797
-14.476606
-15.712466
-17.019681
-18.209560
-19.418171
-20.435027
-21.428892
-22.094079
-22.419861
-22.719247
-23.244449
-24.202892
-25.153841
-25.744268
-26.018109
-25.894812
-25.560515
-25.241375
-24.825675
-24.275269
-23.775782
-23.142951
-22.669349
-22.069386
-21.027156
-19.762346
-18.328599
-17.110280
-15.794720
-14.524800
-13.305800
-12.145553
-10.966914
-9.926558
-8.615085
-7.253545
-5.992651
-4.735504
-3.476824
-2.224786
-0.881127
0.265156
1.472064
2.423695
3.396784
4.519565
5.720513
6.970678
7.862023
8.716924
9.547813
10.332039
11.276007
12.173653
13.099909
14.004196
14.988014
15.850919
16.528538
17.120668
18.186229
19.180264
20.174299
21.134785
21.963801
22.818191
23.647717
24.575676
25.264536
25.544677
25.948967
26.162692
26.145663
25.738478
25.019986
24.007899
23.036003
22.057295
20.852770
19.742591
18.305438
17.199857
16.139575
14.857565
13.686589
12.228148
10.997738
9.898969
8.981228
7.914986
6.488562
4.814693
3.032514
1.316241
-0.188521
-1.879760
-3.519058
-4.823208
-6.310940
-7.662262
-8.926221
-10.178089
-11.181150
-12.254374
-13.241257
-14.207704
-15.395880
-16.632250
-17.809016
-19.056967
-20.069565
-20.924977
-21.594763
-22.109236
-22.411346
-23.017781
-23.975372
-25.122336
-25.788375
-26.068687
-26.048762
-25.875739
-25.574309
-25.123528
-24.639879
-24.205617
-23.758241
-23.347650
-22.670541
-21.685532
-20.336424
-18.881559
-17.660856
-16.510146
-15.204464
-13.959408
-12.632268
-11.413097
-10.249444
-8.951255
-7.549354
-6.107773
-4.759516
-3.517355
-2.238069
-0.969342
0.277076
1.400198
2.468313
3.452131
4.602671
5.780288
6.923846
7.933549
8.646079
9.381260
10.265453
11.142322
11.998756
12.819597
13.708047
14.599902
15.364885
16.064133
16.736473
17.708540
18.757411
19.615718
20.667485
21.597828
22.506884
23.457323
24.332149
25.111607
25.436367
26.013511
26.224852
26.252440
25.849002
25.129659
24.092197
23.124388
22.128991
21.025794
19.790615
18.501111
17.463820
16.180277
14.918021
13.609443
12.247392
11.081866
10.038444
9.004048
7.950749
6.530796
4.751853
2.993005
1.274347
-0.268902
-2.005441
-3.685100
-5.079508
-6.449733
-7.690021
-9.150335
-10.403224
-11.532477
-12.489046
-13.296774
-14.411552
-15.539782
-16.701562
-17.931972
-18.942186
-20.038741
-20.799807
-21.454096
-21.877289
-22.239855
-22.739172
-23.563930
-24.565629
-25.341000
-25.511129
-25.435346
-25.273732
-24.982861
-24.660655
-24.250405
-23.762158
-23.233550
-22.803886
-22.041287
-21.033798
-19.852093
-18.418176
-17.109769
-15.860796
-14.606033
-13.362510
-12.053081
-10.793209
-9.683030
-8.410556
-7.098573
-5.720343
-4.510709
-3.357615
-2.123628
-0.828845
0.531503
1.624823
2.636228
3.704514
4.789318
5.843639
7.031304
7.999114
8.759839
9.614059
10.508639
11.458397
12.339864
13.192211
14.098031
15.043361
15.953950
16.674485
17.154046
18.101760
19.170386
20.103114
21.052871
21.829946
22.818020
23.713452
24.405207
25.161334
25.506530
25.944880
26.259593
26.096276
25.699309
24.976219
24.005004
22.917816
21.797929
20.744460
19.569908
18.219437
16.974381
15.839849
14.789786
13.520036
12.035200
10.913781
9.947334
9.008476
7.966587
6.472894
4.902908
3.190551
1.419442
-0.129087
-1.774515
-3.309080
-4.870551
-6.292377
-7.577964
-8.957727
-10.332210
-11.479003
-12.484448
-13.374260
-14.506749
-15.733923
-16.934361
-18.260990
-19.375426
-20.497526
-21.420888
-22.106511
-22.431101
-22.939614
-23.563078
-24.451017
-25.341340
-26.016746
-26.210206
-26.083163
-25.822095
-25.548424
-25.143964
-24.635621
-24.007389
-23.390736
-22.993939
-22.204603
-21.044697
-19.650800
-18.429075
-17.013550
-15.759638
-14.395203
-13.230528
-11.865582
-10.702440
-9.456192
-8.286238
-7.104192

