15.695265
16.472510
17.296587
17.781087
18.201215
18.259798
18.131392
17.364366
16.393321
15.625102
15.106882
14.799493
14.543363
14.191696
13.630050
13.231039
12.837648
12.460947
11.841399
11.292355
10.743482
10.131427
9.371723
8.335284
7.184574
5.878040
4.684925
3.713199
2.618347
1.419783
0.103371
-1.172679
-2.252715
-3.394229
-4.524674
-5.505255
-6.119183
-6.461143
-6.857770
-7.592269
-8.601972
-9.484972
-10.302578
-11.153732
-12.009825
-12.896402
-13.541324
-13.897930
-14.232567
-14.554092
-15.244825
-15.909161
-16.553572
-17.129864
-17.539092
-18.091202
-18.365043
-18.254008
-17.892463
-17.338140
-16.930444
-16.618456
-16.068901
-15.359265
-14.491592
-13.761350
-13.133798
-12.692213
-12.405089
-12.148619
-12.015104
-11.701584
-10.929789
-9.808370
-8.366959
-7.043736
-6.236008
-5.487204
-4.641158
-3.710985
-2.261911
-0.770262
0.462873
1.923527
3.132139
4.215070
4.917043
5.301237
5.648817
6.002188
6.407499
6.619351
6.835120
7.161924
7.715906
8.455345
9.370361
10.100603
10.922807
11.629547
12.488195
13.211795
13.603142
14.005559
14.917169
15.859604
16.786030
17.443214
17.922606
18.326385
18.340860
18.235275
17.464842
16.542843
15.826906
15.267815
14.843260
14.517648
14.155933
13.713326
13.227292
12.796266
12.415648
11.810746
11.087656
10.579824
9.977136
9.257964
8.092608
6.724255
5.567414
4.518543
3.535577
2.436808
1.189198
-0.033719
-1.195839
-2.477339
-3.613574
-4.650865
-5.519901
-6.105559
-6.435769
-6.855556
-7.642337
-8.546625
-9.494168
-10.333572
-11.103664
-11.962141
-13.045924
-13.664450
-14.083556
-14.341729
-14.774288
-15.538250
-16.243628
-16.965525
-17.531088
-17.951727
-18.450362
-18.747875
-18.787895
-18.424988
-17.765760
-17.303739
-16.815833
-16.287736
-15.504020
-14.460598
-13.674838
-13.148103
-12.628181
-12.218782
-11.903729
-11.731727
-11.361326
-10.568925
-9.404932
-8.057356
-6.708418
-5.912100
-5.286762
-4.587855
-3.560952
-2.220528
-0.748975
0.640494
2.085652
3.186464
4.199573
4.871402
5.168234
5.563498
5.972726
6.428787
6.774323
6.886210
7.274491
7.894720
8.580514
9.453467
10.103328
10.902371
11.640957
12.409346
13.135842
13.641630
14.080150
15.054771
15.917165
16.826391
17.592226
18.013205
18.385989
18.547092
18.394504
17.411879
16.406775
15.655075
15.128681
14.780079
14.436415
14.028209
13.501133
13.052566
12.504884
12.028899
11.471340
10.919401
10.368143
9.765625
9.117978
8.096014
6.856748
5.623272
4.484313
3.635032
2.560445
1.339742
0.161443
-1.014301
-2.028091
-3.261396
-4.430839
-5.331721
-5.947862
-6.389959
-6.821496
-7.568938
-8.470672
-9.417023
-10.373422
-11.310237
-12.217079
-13.194425
-13.805968
-14.125620
-14.449869
-14.882599
-15.586104
-16.374077
-16.932487
-17.519508
-18.008266
-18.500430
-18.691506
-18.578087
-18.191508
-17.589331
-17.133781
-16.745159
-16.111306
-15.366929
-14.401845
-13.593095
-13.053928
-12.549503
-12.250628
-12.047291
-11.840207
-11.561087
-10.797467
-9.521246
-8.191722
-7.020746
-6.257807
-5.660057
-4.884686
-3.889799
-2.466610
-0.957421
0.472580
1.879590
3.009183
4.075255
4.823038
5.209105
5.644219
6.104708
6.553275
6.944452
7.112537
7.535219
8.046797
8.884839
9.703977
10.291508
11.024305
11.920929
12.748241
13.488020
13.929265
14.415298
15.255042
16.058854
17.019510
17.740216
18.199853
18.488339
18.426010
18.265418
17.352615
16.334738
15.558856
15.009471
14.531101
14.172792
13.831002
13.309036
12.974228
12.568576
12.145553
11.624098
11.096852
10.594811
10.013240
9.342773
8.307525
7.037606
5.784716
4.720688
3.799541
2.656494
1.410076
0.132322
-1.119716
-2.279282
-3.513438
-4.714387
-5.617482
-6.169081
-6.549529
-7.015126
-7.772616
-8.838006
-9.832212
-10.663101
-11.489902
-12.376819
-13.215542
-13.926370
-14.318057
-14.526503
-14.891965
-15.576397
-16.348873
-16.921248
-17.471824
-17.872197
-18.454620
-18.617426
-18.454620
-18.065316
-17.404897
-17.018829
-16.539948
-15.833378
-15.091726
-14.080831
-13.291665
-12.824365
-12.348720
-12.104682
-11.870350
-11.699370
-11.421953
-10.792358
-9.537595
-8.183888
-7.123777
-6.363222
-5.721535
-4.907676
-3.760712
-2.460480
-1.036780
0.409058
1.924889
3.097568
4.196167
4.912104
5.324227
5.796637
6.235668
6.705523
7.075582
7.250820
7.590907
8.178268
8.848395
9.738718
10.349751
11.191028
12.040819
12.830496
13.517141
13.801711
14.184373
15.064819
15.924147
16.844102
17.610107
17.998729
18.242257
18.248047
17.971822
17.145191
16.214166
15.499422
14.737504
14.229843
14.002153
13.611487
13.444764
12.949705
12.548651
11.965547
11.466231
11.047125
10.630063
10.037082
9.260348
8.146252
6.921121
5.715234
4.617998
3.722736
2.635888
1.399176
0.055007
-1.268217
-2.383505
-3.559249
-4.670109
-5.532844
-6.014279
-6.358283
-7.002013
-7.782834
-8.698361
-9.594304
-10.517325
-11.460100
-12.465545
-13.387374
-13.937950
-14.240061
-14.520373
-14.929261
-15.655756
-16.392980
-17.081669
-17.507757
-17.903021
-18.386671
-18.585069
-18.295561
-17.816339
-17.251117
-16.897406
-16.517980
-15.811920
-14.990398
-14.121192
-13.399124
-12.901340
-12.396233
-12.141466
-12.024300
-11.826072
-11.549166
-10.791336
-9.671279
-8.243322
-7.120371
-6.333930
-5.740949
-4.881280
-3.767014
-2.258165
-0.798362
0.747613
2.186469
3.443105
4.393884
5.022628
5.487544
6.025519
6.304809
6.727491
7.025344
7.212503
7.653407
8.217948
9.042706
9.886197
10.608605
11.343445
12.178251
12.979337
13.672113
13.994489
14.661891
15.675851
16.496352
17.265252
17.794200
18.196106
18.391609
18.466541
17.914942
16.796419
15.885149
15.186412
14.639752
14.297111
14.073508
13.687951
13.347524
12.873752
12.584244
12.154409
11.503015
10.813134
10.391644
9.743997
8.928265
7.746390
6.562812
5.417892
4.292386
3.251178
2.010209
0.723430
-0.551258
-1.668589
-2.768891
-3.918409
-4.935435
-5.868673
-6.472383
-6.772109
-7.326433
-8.165155
-9.181670
-10.079486
-10.862350
-11.798654
-12.790305
-13.579130
-14.107738
-14.460938
-14.770882
-15.381745
-16.068390
-16.640765
-17.231533
-17.758097
-18.209730
-18.563441
-18.625770
-18.372365
-17.764398
-17.130886
-16.641957
-16.127995
-15.492269
-14.565161
-13.653551
-12.918200
-12.403216
-12.019532
-11.707715
-11.545931
-11.483261
-11.080674
-10.135174
-8.819784
-7.555996
-6.652389
-5.975451
-5.344493
-4.460812
-3.178801
-1.693453
-0.195163
1.225301
2.553122
3.734657
4.641329
5.224603
5.561113
6.025859
6.412608
6.649664
6.961482
7.246392
7.851294
8.468969
9.327786
10.121380
10.751656
11.657647
12.422289
13.293879
13.919047
14.289277
14.987162
15.827928
16.734430
17.540625
18.058504
18.349375
18.390758
18.272059
17.582348
16.474043
15.613692
15.015262
14.436586
14.086110
13.720819
13.352122
13.038090
12.636696
12.165478
11.753355
11.280775
10.786738
10.160889
9.580340
8.733954
7.512399
6.250824
5.164998
4.082578
3.130606
1.925400
0.656503
-0.544786
-1.740796
-2.880437
-4.141501
-5.067757
-5.874463
-6.371396
-6.721701
-7.462331
-8.422136
-9.320123
-10.297128
-11.088508
-11.951583
-12.938636
-13.763053
-14.242956
-14.554262
-14.840705
-15.521901
-16.291823
-16.899279
-17.365388
-17.801183
-18.349034
-18.670559
-18.617596
-18.296412
-17.744303
-17.137017
-16.709566
-16.150985
-15.352624
-14.452083
-13.460602
-12.900659
-12.555463
-12.190853
-11.980023
-11.768171
-11.636870
-11.023453
-9.935413
-8.653913
-7.468121
-6.547826
-5.940369
-5.150523
-4.199573
-3.009013
-1.560279
-0.039339
1.412289
2.743346
3.714902
4.550559
4.991293
5.354541
5.784035
6.269217
6.717443
6.873437
7.192407
7.695981
8.371558
9.260689
10.056496
10.860307
11.704649
12.636866
13.398954
13.886520
14.184202
15.087298
15.972342
16.856023
17.639058
18.038068
18.324852
18.384627
18.312250
17.716544
16.554935
15.670061
15.024117
14.652014
14.328275
14.030933
13.577597
13.181652
12.876987
12.416158
11.998415
11.266129
10.857071
10.381596
9.569270
8.679799
7.374968
6.121056
4.913637
3.973757
2.995219
1.806702
0.537974
-0.751700
-1.991817
-3.043073
-4.264287
-5.335638
-5.837849
-6.330354
-6.780454
-7.396085
-8.282151
-9.145226
-10.127340
-11.039461
-11.941024
-12.911558
-13.654062
-14.064142
-14.426708
-14.730351
-15.305110
-16.072818
-16.854320
-17.302377
-17.727273
-18.231869
-18.665109
-18.621853
-18.292155
-17.769677
-17.282282
-16.826732
-16.190325
-15.400648
-14.592750
-13.769695
-13.242790
-12.843098
-12.536389
-12.274810
-12.036051
-11.878865
-11.366776
-10.255745
-8.929968
-7.568938
-6.636551
-5.978857
-5.223240
-4.230056
-2.874136
-1.309599
0.203167
1.677275
2.936465
3.981931
4.682881
5.193778
5.552769
6.003039
6.448201
6.830011
7.105214
7.311446
7.740259
8.505753
9.322166
10.065522
10.759660
11.555297
12.391976
13.106550
13.646569
14.006921
14.821972
15.709400
16.415971
17.207861
17.693894
18.060037
18.212625
18.090010
17.572641
16.447306
15.708208
15.029056
14.694589
14.400823
14.117616
13.671603
13.343607
13.017654
12.641975
12.113878
11.442729
11.011192
10.307857
9.504557
8.502858
7.276535
6.104878
4.963364
3.906148
2.901214
1.689366
0.353881
-0.899008
-2.092464
-3.138270
-4.355567
-5.422149
-6.010703
-6.420101
-6.756783
-7.548843
-8.473056
-9.427752
-10.247741
-10.980368
-11.955840
-12.856381
-13.563974
-14.072827
-14.296940
-14.711789
-15.209232
-15.928405
-16.608068
-17.132078
-17.485959
-17.934527
-18.321276
-18.426180
-18.000262
-17.443725
-16.982215
-16.571454
-16.103813
-15.426193
-14.592750
-13.727971
-13.185569
-12.666157
-12.300185
-12.159177
-11.929785
-11.711121
-11.099918
-10.047300
-8.745364
-7.449559
-6.492819
-5.833251
-5.120890
-4.119362
-2.799545
-1.372780
0.048024
1.468829
2.749477
3.902231
4.602500
5.086831
5.520071
5.929129
6.270409
6.676912
6.929977
7.191215
7.740770
8.488042
9.376662
10.148798
10.840041
11.659179
12.574026
13.386181
13.929605
14.136689
14.917850
15.907458
16.712802
17.482213
17.889397
18.313783
18.460069
18.197639
17.669031
16.566856
15.745674
15.157631
14.673982
14.388561
14.108419
13.743298
13.297115
12.855189
12.504544
11.946133
11.215210
10.601623
10.059731
9.465388
8.501325
7.191896
6.031649
4.924195
3.873621
2.860853
1.610347
0.419106
-0.763791
-2.024344
-3.114258
-4.272631
-5.191735
-5.869695
-6.340742
-6.699051
-7.390295
-8.395059
-9.320974
-10.221175
-10.997057
-11.998585
-13.009991
-13.709239
-14.264073
-14.536381
-14.983756
-15.612159
-16.381230
-16.968421
-17.622198
-18.057312
-18.512351
-18.743447
-18.766097
-18.384116
-17.799991
-17.294543
-16.876459
-16.306468
-15.519006
-14.515945
-13.614041
-13.127668
-12.647254
-12.195451
-11.905772
-11.855875
-11.499609
-10.830675
-9.652036
-8.393526
-7.096359
-6.219319
-5.488736
-4.846539
-3.984485

