-3.168413
-4.170622
-5.004747
-6.027392
-7.098743
-7.995026
-8.971010
-10.202612
-11.491776
-12.854849
-13.891799
-14.805623
-15.511683
-16.271046
-17.162221
-17.890249
-18.568550
-19.077233
-19.582851
-20.159483
-20.405224
-20.270688
-20.217896
-20.155225
-20.087446
-20.098686
-19.605500
-18.940483
-18.133606
-17.400469
-16.648940
-15.735456
-14.861311
-14.032977
-13.399124
-12.919051
-12.414626
-11.861324
-11.166334
-10.547468
-10.064329
-9.229694
-8.363724
-7.435424
-6.507976
-5.850962
-4.948718
-4.094839
-3.128733
-2.345358
-1.872948
-1.060622
-0.030143
1.134532
2.467632
3.841434
5.137069
6.334952
7.450070
8.513246
9.367636
10.229860
11.123078
12.304953
13.371365
14.321123
15.121698
15.861477
16.614369
17.436232
18.116236
18.795388
19.400120
20.158461
20.754678
21.162374
21.152667
20.914248
20.476750
19.961255
19.439459
18.592392
17.648935
16.621351
15.678576
14.849220
14.072827
13.133628
12.408325
11.800187
11.234965
10.579484
9.684903
8.840220
7.985830
7.243156
6.622076
5.622080
4.623107
3.862211
3.023148
2.198730
0.963552
-0.420638
-1.924208
-3.264802
-4.241296
-5.113057
-6.210293
-7.198879
-8.204154
-9.293386
-10.442393
-11.834417
-13.117620
-14.117786
-14.960425
-15.705994
-16.560214
-17.315831
-18.042496
-18.702064
-19.302198
-19.698995
-20.067862
-20.194224
-20.299639
-20.225729
-20.182303
-20.159994
-19.787720
-19.224542
-18.519674
-17.746346
-17.058679
-16.269343
-15.283993
-14.376300
-13.550350
-13.095311
-12.596846
-12.156623
-11.557511
-10.854176
-10.195460
-9.791510
-8.970669
-8.042710
-7.219655
-6.233794
-5.581038
-4.722902
-3.805501
-2.827304
-2.163649
-1.702138
-0.814029
0.248126
1.581567
3.016506
4.254239
5.471195
6.716762
7.646935
8.763756
9.689331
10.468108
11.532307
12.506247
13.669559
14.550005
15.299491
16.031095
16.796419
17.634290
18.300499
18.785170
19.427708
20.219769
20.803383
21.141086
20.984922
20.604304
20.189796
19.702911
19.115891
18.133606
17.164605
16.113349
15.124423
14.246872
13.520036
12.641464
11.963844
11.414460
10.811261
10.124956
9.105035
8.284364
7.596016
6.914139
6.082399
5.077124
4.261392
3.535407
2.707924
1.854215
0.607797
-0.920296
-2.229214
-3.437996
-4.407678
-5.222218
-6.243501
-7.196665
-8.297477
-9.410892
-10.645730
-11.996712
-13.320787
-14.369828
-15.055793
-15.810558
-16.649451
-17.484426
-18.135650
-18.794877
-19.343581
-19.914082
-20.260470
-20.414421
-20.482881
-20.317350
-20.174299
-20.106009
-19.841194
-19.194058
-18.504858
-17.586946
-16.836269
-15.920741
-14.908995
-13.960600
-13.190338
-12.730019
-12.384823
-11.692728
-11.157649
-10.536228
-9.945631
-9.512390
-8.579663
-7.801907
-6.953989
-5.996057
-5.347218
-4.388094
-3.559930
-2.577135
-1.958438
-1.426084
-0.558240
0.621591
1.934596
3.325258
4.537106
5.687816
6.891319
7.983957
8.989062
9.753704
10.645560
11.680296
12.777533
13.845648
14.864888
15.620164
16.388723
17.063788
17.888716
18.636840
19.135645
19.738163
20.489693
20.953928
21.318538
21.068198
20.653861
20.285675
19.688095
18.992254
17.982040
16.908646
15.911204
14.982053
14.193058
13.357571
12.510674
11.785712
11.090040
10.522263
9.928261
8.996044
8.249283
7.460799
6.712334
5.995376
5.013943
4.176242
3.458261
2.667904
1.734155
0.325952
-1.189368
-2.530473
-3.693955
-4.683052
-5.643879
-6.611347
-7.541691
-8.645228
-9.835448
-11.115244
-12.466908
-13.680288
-14.727797
-15.528883
-16.173124
-16.944408
-17.849207
-18.430608
-19.120148
-19.573825
-20.170041
-20.533289
-20.542485
-20.482370
-20.348515
-20.365715
-20.323311
-19.881044
-19.193036
-18.403019
-17.570768
-16.785860
-15.967914
-15.076399
-14.029230
-13.251475
-12.722356
-12.372392
-11.819601
-11.196818
-10.563816
-10.186604
-9.696484
-8.706536
-7.834435
-6.909030
-6.096022
-5.337681
-4.407338
-3.495216
-2.600806
-1.991306
-1.339912
-0.442607
0.664677
1.964569
3.450257
4.749809
5.955866
7.013083
8.040496
9.074211
9.850945
10.712998
11.865582
13.083730
14.182159
14.996018
15.763385
16.593252
17.359257
18.058845
18.591710
19.205979
19.903183
20.479304
20.927191
21.279028
21.013021
20.541123
20.026990
19.465685
18.823487
17.851080
16.740390
15.836954
14.972857
14.205320
13.244152
12.384312
11.861154
11.316708
10.555131
9.869167
9.110144
8.265972
7.467951
6.755420
5.953482
5.106245
4.200765
3.362043
2.614089
1.612220
0.303302
-1.359667
-2.896275
-3.916877
-4.860503
-5.817754
-6.835631
-7.726635
-8.725950
-9.809051
-11.006764
-12.308700
-13.350419
-14.548131
-15.354838
-16.052893
-16.777345
-17.433507
-18.278701
-19.013711
-19.545725
-19.974709
-20.312071
-20.352261
-20.310198
-20.183495
-20.095451
-20.026820
-19.567013
-18.918685
-18.183334
-17.471313
-16.695602
-15.749250
-14.845133
-13.959238
-13.356039
-12.928588
-12.532984
-12.044566
-11.498247
-10.833059
-10.298491
-9.752853
-8.847884
-8.002009
-7.144213
-6.237541
-5.518539
-4.551411
-3.536769
-2.595357
-2.112900
-1.578842
-0.462702
0.687497
2.022811
3.329686
4.569122
5.701780
6.849766
7.906812
9.028741
9.890114
10.703121
11.759656
12.858936
14.052732
15.004362
15.714509
16.366584
17.285006
18.024104
18.639054
19.072635
19.767966
20.500081
21.001611
21.195923
20.974534
20.639556
20.046064
19.463812
18.852779
17.969097
16.953775
15.960421
14.922619
14.226096
13.437271
12.671266
12.023279
11.402709
10.821138
10.081700
9.198359
8.585283
7.815191
6.959949
6.143366
5.139964
4.377195
3.599269
2.776214
1.718657
0.445843
-1.089914
-2.559764
-3.654446
-4.544258
-5.510535
-6.531988
-7.564170
-8.640460
-9.692056
-11.062281
-12.287583
-13.500963
-14.380727
-15.189818
-15.965189
-16.920907
-17.709562
-18.486295
-19.103459
-19.524268
-20.027842
-20.376274
-20.481007
-20.506723
-20.379509
-20.188604
-20.186560
-19.784825
-19.113166
-18.282618
-17.443384
-16.675506
-15.922955
-14.952251
-14.094795
-13.360807
-12.891463
-12.520722
-11.951923
-11.391469
-10.710614
-10.194608
-9.682008
-8.732932
-7.866791
-6.892511
-5.943945
-5.210638
-4.304988
-3.406491
-2.486195
-1.810278
-1.287801
-0.377212
0.689711
1.951115
3.282002
4.485505
5.711317
6.909370
7.892677
8.977992
9.873424
10.755062
11.777708
12.962648
14.062268
14.954465
15.757424
16.467401
17.221144
18.096822
18.790790
19.211769
19.879341
20.561218
21.044527
21.224022
20.947967
20.507063
20.054579
19.593069
18.879175
17.921925
16.861303
15.838146
14.822653
14.143842
13.334751
12.492282
11.807169
11.215551
10.698693
10.028396
9.025676
8.256265
7.532665
6.839548
6.014279
5.060775
4.157509
3.415516
2.651215
1.583610
0.300918
-1.181364
-2.530984
-3.692423
-4.550559
-5.555834
-6.509168
-7.496050
-8.609806
-9.592090
-10.856560
-12.282303
-13.518674
-14.515775
-15.364034
-16.087634
-16.962460
-17.753669
-18.431629
-19.013882
-19.615207
-20.061731
-20.375422
-20.393303
-20.385981
-20.267793
-20.184517
-19.987992
-19.645521
-18.916300
-18.028021
-17.260994
-16.543354
-15.759127
-14.842919
-13.873577
-13.248239
-12.769869
-12.433869
-11.817898
-11.172124
-10.617631
-10.180984
-9.593112
-8.559908
-7.729701
-6.801571
-5.902563
-5.134514
-4.218136
-3.211328
-2.356597
-1.776729
-1.271282
-0.377723
0.769241
2.054828
3.494195
4.587855
5.742141
6.981407
7.978507
9.024143
9.888070
10.859285
11.965718
13.083390
14.159169
15.063626
15.848194
16.684702
17.441341
18.196447
18.928051
19.366230
19.946098
20.618268
21.192517
21.303381
21.058491
20.724535
20.154204
19.505705
18.844264
17.853635
16.877822
15.860455
14.810562
14.099394
13.264418
12.525490
11.941535
11.290482
10.617461
9.939671
8.988721
8.153915
7.448026
6.758315
5.961997
4.924365
4.101821
3.370047
2.630098
1.548869
0.080551
-1.401901
-2.605234
-3.749813
-4.562140
-5.615439
-6.585121
-7.466929
-8.675371
-9.804623
-11.157819
-12.587649
-13.819252
-14.741080
-15.465873
-16.250781
-17.205817
-18.080303
-18.744128
-19.305093
-19.891943
-20.307302
-20.706824
-20.576205
-20.523071
-20.513535
-20.383426
-20.164422
-19.716706
-19.161531
-18.246685
-17.550162
-16.717570
-15.884638
-14.967237
-13.991594
-13.278212
-12.910536
-12.524639
-11.953967
-11.165312
-10.545594
-10.115760
-9.324380
-8.427756
-7.621901
-6.697348
-5.799191
-4.950421
-4.019737
-3.131117
-2.398832
-1.908370
-1.183578
-0.203678
0.958783
2.285753
3.638097
4.800899
5.966766
7.193770
8.242471
9.216411
9.980372
10.973045
12.108939
13.316018
14.363187
15.277011
16.015598
16.775642
17.502819
18.285854
18.795047
19.414595
20.062583
20.738159
21.287203
21.356174
20.919357
20.403692
20.046745
19.451891
18.772227
17.660005
16.658306
15.639407
14.814649
13.897589
13.083390
12.358086
11.750630
11.053937
10.399137
9.654079
8.785384
8.023296
7.127694
6.554127
5.607435
4.660232
3.888948
3.141676
2.300228
1.226493
-0.272819
-1.727513
-2.964394
-3.996066
-4.792724
-5.801576
-6.733452
-7.724592
-8.966242
-10.268688
-11.536564
-12.831688
-13.916663
-14.825889
-15.653372
-16.548463
-17.399788
-18.184526
-19.002472
-19.502469
-20.009450
-20.570074
-20.748717
-20.725216
-20.500762
-20.390068
-20.438944
-20.274264
-19.738844
-19.095285
-18.266780
-17.527682
-16.702073
-15.726430
-14.785188
-13.907296
-13.355187
-12.879201
-12.363706
-11.714356
-10.938815
-10.241951
-9.773629
-9.031807
-8.035047
-7.124969
-6.172827
-5.420276
-4.642350
-3.782340
-2.803973
-2.168587
-1.680510
-0.848600
0.168937
1.344851
2.620390
3.995895
5.288976
6.337336
7.383312
8.418219
9.441376
10.237523
11.176552
12.251990
13.501133
14.581510
15.229327
15.930789
16.756058
17.474209
18.267121
18.839666
19.504002
20.267793
20.819902
21.249056
21.135296
20.821095
20.503998
19.876787
19.345794
18.486977
17.404556
16.396216
15.419381
14.680283
13.785192
12.871538
12.134484
11.508635
10.898113
10.230882
9.226799
8.429970
7.719483
6.831373
6.162439
5.177941
4.302774
3.546987
2.830710
1.903943
0.741311
-0.757830
-2.099446
-3.333773
-4.262924
-5.107267
-6.158863
-7.202796
-8.215734
-9.206704
-10.473558
-11.812789
-13.044391
-14.093774
-14.887026
-15.713658
-16.562768
-17.359597
-18.084220
-18.838985
-19.426346
-19.916296
-20.310368
-20.373038
-20.544870
-20.417997
-20.301853
-20.398753
-20.126275
-19.549983
-18.795047
-17.974547
-17.227786
-16.451393
-15.429088
-14.523608
-13.631753
-13.098717
-12.703282
-12.066875
-11.389937
-10.733094
-10.143008
-9.493147
-8.627857
-7.699387
-6.893362
-5.987372
-5.266326
-4.364082
-3.462349
-2.436638
-1.920291
-1.405988
-0.586510
0.526564
1.827138
3.150872
4.439184
5.587169
6.768874
7.826601
8.842434
9.719815
10.635001
11.542865
12.619325
13.717072
14.680965
15.481029
16.092913
16.999756
17.743281
18.530914
19.050155
19.701038
20.408971
20.966019
21.351406
21.249056
20.864691
20.408630
19.867931

