-24.863992
-24.273225
-23.667472
-23.204088
-22.704942
-21.645512
-20.310027
-18.960408
-17.538241
-16.316686
-14.973538
-13.761691
-12.446642
-11.318752
-10.254213
-8.995022
-7.736513
-6.339039
-5.026885
-3.941911
-2.733299
-1.306364
-0.082765
1.049723
2.164330
2.974612
4.087176
5.226135
6.433214
7.453305
8.295774
9.122235
9.933880
10.801043
11.756080
12.682336
13.725587
14.626128
15.517984
16.326734
16.944579
17.943042
18.934011
19.912720
20.982027
21.748372
22.719247
23.595776
24.457148
25.124550
25.483200
25.946242
26.239668
26.154518
25.743076
25.065967
24.180753
23.128646
22.077560
20.966530
19.690820
18.447127
17.206328
16.153370
14.945609
13.623408
12.277705
11.042356
9.962491
9.068080
8.002009
6.738220
5.089215
3.481252
1.750674
0.176430
-1.478876
-3.036942
-4.548686
-6.029436
-7.339886
-8.694104
-9.911231
-11.051893
-12.072665
-13.057675
-14.133964
-15.420062
-16.669546
-17.891100
-19.016606
-20.058496
-21.024602
-21.669865
-22.180762
-22.606168
-23.068190
-24.031571
-25.058304
-25.657756
-25.971447
-25.719234
-25.490522
-25.087254
-24.712256
-24.310861
-23.661000
-23.126432
-22.703239
-21.949155
-20.893982
-19.602776
-18.146379
-16.938448
-15.746014
-14.473200
-13.269016
-12.015445
-10.905777
-9.635346
-8.425713
-7.133314
-5.888939
-4.529102
-3.290347
-2.018554
-0.853539
0.433070
1.554830
2.497435
3.586667
4.681349
5.784886
6.887572
7.811274
8.601802
9.464025
10.297298
11.196307
11.960438
12.952260
13.825553
14.687606
15.621015
16.440664
17.035178
17.981529
19.013711
19.878660
20.960058
21.689279
22.642102
23.543494
24.472134
25.046383
25.343043
25.812217
25.988817
25.904008
25.502614
24.638176
23.728268
22.823470
21.635805
20.637342
19.494806
18.118961
16.984769
15.658821
14.536551
13.217245
11.894362
10.759660
9.806667
8.998769
7.840395
6.312983
4.601479
2.944640
1.312835
-0.229222
-1.816750
-3.346716
-4.784550
-6.178107
-7.475615
-8.979865
-10.203293
-11.351960
-12.405259
-13.378177
-14.329127
-15.574353
-16.779729
-17.915453
-19.063268
-20.093407
-21.089997
-21.690471
-21.999904
-22.391932
-23.060186
-24.141584
-25.028501
-25.636469
-25.938238
-25.725876
-25.475706
-25.209359
-24.697440
-24.234056
-23.751940
-23.120982
-22.672585
-21.833522
-20.758595
-19.395522
-17.922265
-16.596998
-15.432494
-14.246191
-12.868983
-11.661223
-10.513748
-9.356226
-7.969993
-6.654092
-5.293744
-4.067591
-2.897637
-1.698903
-0.531333
0.735521
1.939876
2.956050
3.878048
5.027396
6.108114
7.311957
8.163452
8.980206
9.812798
10.698012
11.635678
12.482745
13.294390
14.373234
15.160356
15.929256
16.664777
17.284325
18.355506
19.269500
20.203590
21.244287
21.986961
23.024593
23.841006
24.712426
25.281055
25.608710
26.024580
26.275941
26.098149
25.596278
24.736779
23.682628
22.724356
21.681445
20.577567
19.272566
18.029043
16.853128
15.605007
14.280592
13.042348
11.710950
10.610989
9.618827
8.761031
7.676738
6.105900
4.350798
2.657516
0.893048
-0.563860
-2.196687
-3.726993
-5.096538
-6.486007
-7.870708
-9.306669
-10.586636
-11.654241
-12.601614
-13.486488
-14.547961
-15.775136
-17.039946
-18.324511
-19.476584
-20.357370
-21.275793
-21.729129
-22.103105
-22.556101
-23.143802
-24.157081
-25.098835
-25.642429
-25.819881
-25.557620
-25.396177
-25.082316
-24.573462
-24.126598
-23.619788
-23.141418
-22.545201
-21.648066
-20.485946
-19.126449
-17.709221
-16.399622
-15.095813
-13.920239
-12.669734
-11.349235
-10.152715
-9.085110
-7.670437
-6.450415
-5.085979
-3.977673
-2.870389
-1.615967
-0.352178
0.913824
1.943622
2.841779
3.910065
5.027567
6.158692
7.272278
8.135012
8.897441
9.623936
10.640451
11.591741
12.540477
13.326747
14.263562
15.111821
15.959399
16.536542
17.245497
18.422604
19.440310
20.473514
21.376950
22.192342
23.174286
23.996830
24.795021
25.327546
25.779179
26.126589
26.188578
25.915418
25.417464
24.550813
23.513862
22.393124
21.256208
20.211594
18.859761
17.581156
16.460930
15.344790
14.113869
12.697492
11.464698
10.464021
9.594475
8.647782
7.350445
5.861010
4.195486
2.400024
0.650031
-0.703505
-2.303975
-3.894908
-5.378723
-6.778240
-8.118664
-9.533337
-10.857923
-11.879376
-12.778725
-13.651167
-14.867442
-16.114712
-17.196451
-18.371684
-19.708191
-20.679576
-21.437577
-21.955797
-22.355318
-22.792986
-23.457493
-24.386985
-25.336742
-25.976215
-26.042972
-25.842190
-25.526626
-25.338956
-24.975879
-24.344070
-23.744277
-23.238318
-22.705793
-21.786860
-20.572117
-19.127812
-17.633098
-16.290120
-14.864036
-13.898270
-12.682847
-11.429446
-10.281972
-8.962154
-7.817064
-6.651538
-5.341768
-4.124982
-2.962521
-1.713719
-0.510216
0.694479
1.781668
2.755608
3.868512
5.044426
6.194796
7.236855
8.136204
9.083067
9.864739
10.733094
11.563812
12.468951
13.379540
14.319250
15.152693
16.012532
16.720295
17.453773
18.507072
19.476414
20.460912
21.453244
22.270509
23.268121
24.189438
24.982010
25.370972
25.655712
26.250567
26.417971
26.209014
25.621653
24.670873
23.586409
22.528001
21.365711
20.297936
19.038405
17.701728
16.546931
15.361309
14.206682
12.919222
11.613710
10.439157
9.675877
8.824042
7.623093
5.954334
4.306180
2.651385
0.989437
-0.594343
-2.167395
-3.613234
-5.165339
-6.586994
-7.876158
-9.211642
-10.478326
-11.614561
-12.758459
-13.609954
-14.657804
-15.840871
-17.066002
-18.310717
-19.443887
-20.542656
-21.438088
-21.831308
-22.205625
-22.796222
-23.469584
-24.498190
-25.311368
-25.859560
-26.019982
-25.864158
-25.517430
-25.209359
-24.838618
-24.296556
-23.666450
-23.164068
-22.609064
-21.801335
-20.652499
-19.169194
-17.866577
-16.461781
-15.220983
-13.895546
-12.689829
-11.496714
-10.428088
-9.245362
-8.041007
-6.755931
-5.341768
-4.135541
-2.975294
-1.737731
-0.568969
0.716618
1.958438
2.881629
3.927946
5.101306
6.288971
7.441384
8.335114
9.028230
9.891817
10.680641
11.605195
12.495688
13.336114
14.272417
15.080997
15.966211
16.645023
17.324686
18.419709
19.445419
20.542145
21.500077
22.328581
23.232017
24.048260
24.892432
25.475877
25.745460
26.141405
26.182107
25.915078
25.310176
24.368422
23.365191
22.372518
21.186216
20.141942
18.959727
17.765250
16.567196
15.452930
14.252152
12.866259
11.630739
10.518347
9.562969
8.749281
7.614749
5.940369
4.268714
2.505609
0.819138
-0.777585
-2.432721
-4.004581
-5.444969
-6.782668
-8.120707
-9.477649
-10.746377
-11.876992
-12.932675
-13.726098
-14.824867
-16.099896
-17.317874
-18.539088
-19.605671
-20.568030
-21.535499
-22.039754
-22.346292
-22.691148
-23.412534
-24.390050
-25.332144
-25.827203
-25.919676
-25.776965
-25.459358
-25.099005
-24.581466
-24.053199
-23.413215
-22.974695
-22.314617
-21.455629
-20.379339
-18.861294
-17.455646
-16.232899
-15.038933
-13.851098
-12.675694
-11.454991
-10.392836
-9.207385
-7.930313
-6.645066
-5.455017
-4.205193
-3.038134
-1.721212
-0.506980
0.758171
1.866817
2.959115
3.912960
5.088193
6.344829
7.471527
8.351633
9.100778
9.921278
10.893515
11.751652
12.662240
13.474737
14.475243
15.402351
16.176871
16.778537
17.523255
18.727439
19.660166
20.639726
21.635635
22.490535
23.419176
24.329935
25.124550
25.578908
25.829247
26.112284
26.188578
25.877953
25.350537
24.287190
23.232698
22.288220
21.119969
20.024947
18.789428
17.607212
16.434363
15.236991
13.981036
12.662411
11.430979
10.454825
9.566886
8.623941
7.544415
5.852325
4.042046
2.307040
0.738757
-0.853368
-2.439363
-3.821509
-5.350283
-6.830522
-8.119685
-9.510858
-10.694947
-11.835609
-12.986149
-13.882944
-15.052216
-16.278369
-17.458200
-18.756901
-19.953932
-20.880869
-21.739006
-22.290094
-22.623369
-23.106677
-23.799453
-24.951867
-25.818178
-26.233196
-26.225533
-26.043994
-25.876590
-25.467021
-24.851901
-24.337087
-23.700850
-23.237126
-22.590160
-21.508251
-20.371335
-18.935374
-17.580475
-16.385828
-15.122209
-13.896227
-12.555804
-11.335952
-10.333232
-9.191547
-7.880245
-6.502186
-5.286762
-4.018715
-2.949408
-1.517364
-0.255108
0.857115
1.988411
2.974612
4.014628
4.999978
6.292718
7.249968
8.180652
8.932011
9.711470
10.686602
11.619500
12.457882
13.345821
14.285019
15.350580
16.165291
16.805104
17.826217
18.854652
19.841705
20.840509
21.814108
22.756032
23.706641
24.530377
25.218214
25.613649
26.049273
26.335716
26.310682
25.918654
25.257724
24.265221
23.199831
22.242921
21.102088
19.919021
18.587453
17.364366
16.188111
15.020711
13.733251
12.440511
11.196988
10.184731
9.300028
8.376837
6.964888
5.425215
3.619875
1.925060
0.464746
-1.058919
-2.714906
-4.219839
-5.471536
-6.867477
-8.144208
-9.596688
-10.769027
-11.871542
-12.764590
-13.837133
-14.948675
-16.185726
-17.445258
-18.808161
-20.001105
-20.991393
-21.795545
-22.240366
-22.811208
-23.179735
-24.140903
-25.235585
-25.986603
-26.413202
-26.399408
-26.146855
-25.906393
-25.483370
-24.904183
-24.370296
-23.694209
-23.154191
-22.400788
-21.347318
-20.160845
-18.779891
-17.290797
-15.943902
-14.602286
-13.318232
-12.044736
-10.885171
-9.698697
-8.441721
-7.198879
-5.759682
-4.380090
-3.273146
-2.000332
-0.736543
0.658716
1.884699
2.809933
3.785746
4.879236
5.994524
7.122755
8.045605
8.811780
9.590728
10.326420
11.222363
12.063299
12.941701
13.851438
14.761516
15.695265
16.454969
17.003843
17.905406
19.008262
20.095621
21.125419
21.998882
22.884607
23.691825
24.631875
25.214979
25.611605
26.123013
26.407242
26.340655
25.895664
25.223494
24.341175
23.130860
22.020510
20.880699
19.774267
18.470628
17.209564
15.974385
14.893157
13.641630
12.090547
10.791165
9.834766
8.869341
7.903406
6.495203
4.928964
3.271954
1.513958
-0.039509
-1.710824
-3.288133
-4.634857
-6.167037
-7.427931
-8.750473
-10.093961
-11.222873
-12.280600
-13.089861
-14.188630
-15.454463
-16.649961
-17.827749
-19.024951
-20.078591
-21.142108
-21.736281
-22.072962
-22.609574
-23.141078
-24.145671
-25.116376
-25.801659
-26.030540
-25.936195
-25.666441
-25.437730
-24.929558
-24.541616
-23.927007
-23.368767
-22.944212
-22.266592
-21.206481
-19.739185
-18.356017
-17.008100
-15.718085
-14.465025
-13.117790
-11.910370
-10.719470
-9.460960
-8.103507
-6.812811
-5.433049
-4.050561
-2.852849
-1.531328
-0.422682
0.860010
2.051251
2.912624
3.935610
5.037274
6.217616
7.333926
8.165325
8.862359
9.688820
10.420595
11.364051
12.211118
13.016973
14.013052
14.899458
15.639918
16.298635
17.084394
18.068211
19.148248
20.113843
21.093062
21.933317
22.889887
23.738486
24.712086
25.194713
25.568179
26.023047
26.298591
26.247842
25.742905
24.941649
23.885965
22.866556
21.736111
20.671572
19.493444
18.303735
17.087289
15.879359
14.656612
13.297967
11.957032
10.598557
9.744678
8.742298
7.663454
6.101983
4.375322
2.569812
0.772306
-0.763791
-2.416713
-3.950255
-5.442756
-6.799868

