-6.283351
-6.895917
-7.691894
-8.832897
-10.036400
-10.805811
-11.460440
-12.184211
-12.963159
-14.012030
-14.911720
-15.941347
-16.856194
-17.852954
-18.860613
-19.645180
-20.302534
-20.772389
-21.208695
-21.659306
-21.664074
-21.171229
-20.634277
-20.004851
-19.360440
-18.718924
-17.637696
-16.421591
-15.221153
-14.263902
-13.529914
-12.881415
-12.393679
-11.960779
-11.440686
-10.786057
-9.834255
-8.804117
-7.787773
-7.047994
-6.718295
-6.073713
-5.311285
-4.184927
-2.819811
-1.566751
-0.006812
1.540525
3.000157
4.149335
4.830871
5.674192
6.584440
7.456030
8.343628
9.149994
9.940522
10.717596
11.646748
12.650490
13.495343
14.284168
14.997721
15.919038
16.778878
17.670734
18.573659
19.554070
20.525626
21.378994
21.779026
21.797078
21.397216
21.025964
20.482370
19.869464
18.990380
17.948321
16.838142
15.704802
14.771904
13.870682
13.197320
12.640102
12.107066
11.440175
10.514770
9.237698
8.080346
7.070644
6.169762
5.335467
4.383666
3.635713
2.968311
2.467121
2.026899
1.114777
-0.006982
-1.080036
-2.219166
-3.120048
-4.080704
-4.826444
-5.565030
-6.340912
-7.002865
-7.946321
-9.154763
-10.173321
-10.990245
-11.723893
-12.360130
-13.336454
-14.397417
-15.371357
-16.368117
-17.294032
-18.289260
-19.094774
-19.884450
-20.456655
-21.035671
-21.386147
-21.609068
-21.477767
-21.177871
-20.555258
-19.917488
-19.306285
-18.326896
-17.188447
-15.976429
-14.855010
-13.987337
-13.299840
-12.617452
-12.095996
-11.618819
-11.223214
-10.461126
-9.544918
-8.475270
-7.438830
-6.695815
-6.441900
-5.795445
-4.918916
-3.807885
-2.403940
-1.130956
0.411102
1.980407
3.502028
4.494020
5.134514
6.038972
6.927422
7.918051
8.874280
9.573528
10.334935
11.261191
12.077434
13.200215
14.108760
14.747552
15.564476
16.245842
17.236812
18.077748
18.960408
19.963299
20.947797
21.774088
22.016764
21.766594
21.335568
20.917484
20.382745
19.732203
18.762350
17.673799
16.610112
15.531608
14.571122
13.514417
12.803929
12.181316
11.514425
10.732412
9.862185
8.641652
7.543734
6.596020
5.687646
4.797152
3.752538
3.034558
2.568620
2.165352
1.568113
0.604221
-0.403779
-1.480579
-2.636228
-3.543581
-4.457746
-5.268029
-5.798851
-6.437472
-7.221188
-8.070810
-9.267500
-10.215555
-11.068753
-11.762721
-12.450899
-13.363191
-14.499766
-15.555961
-16.439813
-17.453091
-18.474034
-19.390583
-20.027161
-20.624229
-21.094595
-21.596977
-21.813767
-21.699837
-21.353279
-20.662376
-19.935369
-19.202573
-18.295050
-17.044544
-15.847853
-14.626810
-13.770546
-13.053758
-12.379885
-11.834076
-11.337996
-10.829312
-10.141815
-8.957045
-7.958072
-7.082735
-6.511211
-6.265640
-5.487885
-4.679816
-3.465755
-2.059085
-0.735010
0.871420
2.262592
3.764459
4.650865
5.306687
6.143025
7.160221
8.133820
9.028401
9.712151
10.407822
11.330843
12.308870
13.288430
14.073849
14.805623
15.640429
16.474554
17.349379
18.397910
19.302368
20.342214
21.201542
21.944898
22.248881
21.987132
21.503653
21.069050
20.405565
19.783292
18.725906
17.604487
16.572305
15.485627
14.516115
13.562271
12.858255
12.286391
11.639254
10.907650
9.840386
8.611849
7.495540
6.432533
5.598409
4.865442
3.929819
3.290517
2.740962
2.272810
1.713719
0.741482
-0.335830
-1.416206
-2.517870
-3.467287
-4.499469
-5.292552
-5.916357
-6.628718
-7.452113
-8.494002
-9.592261
-10.504382
-11.313813
-12.077434
-12.844631
-13.826404
-14.832871
-15.919038
-16.914436
-17.757756
-18.690654
-19.684178
-20.288910
-20.985944
-21.427018
-21.992070
-22.156920
-21.874053
-21.317516
-20.587615
-19.994804
-19.346646
-18.315656
-17.082861
-15.832015
-14.682497
-13.812099
-13.131414
-12.591907
-11.928763
-11.453799
-10.895559
-10.225603
-9.170430
-8.125305
-7.233109
-6.818771
-6.513596
-5.633320
-4.752704
-3.545114
-2.161605
-0.774009
0.838382
2.364772
3.771271
4.660232
5.476815
6.280627
7.153409
8.072172
9.059906
9.817907
10.601623
11.454139
12.404408
13.425180
14.183181
14.875276
15.771389
16.723360
17.685209
18.549987
19.523927
20.604985
21.537031
22.137676
22.143466
21.935190
21.517447
20.939623
20.257575
19.682475
18.623386
17.394679
16.210249
15.122550
14.168705
13.252837
12.528896
12.090206
11.547293
10.844810
9.673664
8.438996
7.490431
6.570135
5.523137
4.703999
3.940208
3.285749
2.737386
2.303634
1.701457
0.831400
-0.291722
-1.497098
-2.503395
-3.471715
-4.331384
-5.285399
-6.079674
-6.663459
-7.470165
-8.535726
-9.670939
-10.557175
-11.280434
-11.952775
-12.653725
-13.578108
-14.458724
-15.722002
-16.692196
-17.587798
-18.484592
-19.189460
-20.033291
-20.721299
-21.219935
-21.587270
-21.756547
-21.474532
-20.991564
-20.319223
-19.674471
-18.994808
-17.946448
-16.699859
-15.480859
-14.477287
-13.612849
-12.840884
-12.308189
-11.838845
-11.503356
-11.026859
-10.332210
-9.336131
-8.345331
-7.463864
-6.955181
-6.596361
-5.881616
-5.009004
-3.872599
-2.327817
-0.984669
0.744036
2.385378
3.669943
4.467113
5.108288
6.200927
7.152557
8.143527
8.988721
9.680646
10.375295
11.225258
12.154239
13.231550
14.025995
14.714854
15.543870
16.404390
17.477104
18.446956
19.338642
20.253658
21.328756
21.990367
22.147213
21.768468
21.354301
20.883765
20.290783
19.490208
18.456323
17.373051
16.134637
15.051535
14.168024
13.365405
12.716906
12.192896
11.452266
10.785716
9.811095
8.662088
7.612876
6.628888
5.793571
4.871743
3.991808
3.463200
2.915689
2.304316
1.678807
0.724282
-0.254256
-1.345532
-2.415010
-3.443105
-4.270417
-5.100625
-5.846364
-6.489583
-7.219485
-8.244344
-9.346860
-10.363885
-11.164120
-11.782646
-12.669052
-13.535193
-14.583043
-15.503509
-16.487837
-17.466545
-18.536874
-19.407102
-20.206315
-20.842382
-21.277836
-21.729299
-21.925994
-21.717208
-21.288395
-20.585060
-19.823653
-19.211429
-18.210411
-16.997201
-15.705483
-14.544215
-13.663428
-13.042518
-12.386526
-11.944601
-11.486837
-10.989223
-10.303259
-9.277037
-8.251156
-7.302250
-6.776537
-6.444965
-5.654437
-4.766158
-3.538132
-2.027580
-0.656843
0.954526
2.458436
3.853525
4.804134
5.426237
6.269557
7.126842
8.004563
8.843115
9.519543
10.332380
11.271749
12.153728
13.203791
14.050518
14.811584
15.570436
16.504696
17.533302
18.426010
19.419023
20.400797
21.298102
22.047247
22.228105
21.826540
21.415097
20.932129
20.342043
19.579104
18.501111
17.336948
16.201905
15.178919
14.197486
13.320446
12.627329
12.066705
11.374610
10.723897
9.682519
8.417538
7.313490
6.327970
5.533866
4.705531
3.729718
3.078154
2.587352
2.159561
1.510893
0.552450
-0.557218
-1.637084
-2.677100
-3.706387
-4.559926
-5.320651
-5.917209
-6.591252
-7.308722
-8.398294
-9.457043
-10.402203
-11.268343
-11.839526
-12.624093
-13.660874
-14.725583
-15.763555
-16.779048
-17.715182
-18.743106
-19.598859
-20.294019
-20.847831
-21.417482
-21.733897
-21.844762
-21.536861
-21.004847
-20.332677
-19.676174
-18.880197
-17.956325
-16.696623
-15.333039
-14.218433
-13.421433
-12.810741
-12.249436
-11.711461
-11.322328
-10.825566
-10.158334
-9.053094
-7.987022
-7.195132
-6.812470
-6.397963
-5.562305
-4.659721
-3.380605
-2.044780
-0.545808
0.987394
2.597400
3.965071
4.786423
5.386727
6.177085
7.095507
7.997581
8.957556
9.543044
10.322843
11.347703
12.256759
13.302224
14.137711
14.954294
15.786716
16.662904
17.604147
18.566847
19.585746
20.664419
21.583864
22.189447
22.380522
21.956989
21.405561
20.916632
20.390408
19.615548
18.567528
17.529896
16.309534
15.158994
14.212472
13.333900
12.733255
12.142829
11.359453
10.659013
9.589706
8.418560
7.378204
6.364925
5.453484
4.626002
3.720011
3.059592
2.597570
2.152749
1.525198
0.449760
-0.659227
-1.747268
-2.733810
-3.740106
-4.700422
-5.408696
-5.901371
-6.608793
-7.348742
-8.489234
-9.575912
-10.370868
-11.255571
-11.946644
-12.818234
-13.899463
-14.964002
-15.997205
-16.917671
-17.887013
-19.007410
-19.934859
-20.567349
-21.105834
-21.636997
-21.957500
-22.171736
-21.696942
-21.141427
-20.564284
-19.842046
-19.038916
-17.986979
-16.897576
-15.535184
-14.566694
-13.692720
-13.076237
-12.489728
-11.909178
-11.403390
-10.910886
-10.118144
-9.047474
-7.836478
-7.007974
-6.628207
-5.997760
-5.232777
-4.260881
-3.003904
-1.565048
-0.086342
1.544952
2.989258
4.161256
4.893371
5.658013
6.532328
7.382461
8.288963
9.109804
9.762560
10.545594
11.598042
12.568917
13.552734
14.259134
15.017135
15.873058
16.843932
17.773254
18.775804
19.760813
20.775284
21.628141
22.163732
22.074154
21.768808
21.233388
20.732198
20.243440
19.418512
18.223013
17.048802
16.076224
15.008279
14.139925
13.206175
12.649468
12.024811
11.409351
10.472877
9.371383
8.223568
7.156474
6.106070
5.204507
4.338367
3.524337
2.956731
2.337524
2.027750
1.214402
0.139134
-0.924553
-2.040522
-3.023318
-3.935610
-4.810946
-5.476134
-6.037610
-6.744862
-7.551738
-8.649485
-9.670428
-10.511024
-11.386360
-12.181657
-12.992791
-13.965368
-14.955146
-15.967914
-17.025471
-18.055950
-19.000769
-19.796406
-20.599195
-21.092210
-21.572624
-22.082158
-22.051334
-21.679061
-20.943369
-20.227092
-19.671065
-18.877472
-17.756735
-16.571283
-15.378509
-14.451912
-13.683353
-13.008969
-12.448686
-11.911733
-11.465720
-10.799680
-9.852477
-8.712666
-7.606404
-6.816728
-6.502186
-5.902222
-4.995721
-3.814868
-2.457755
-1.082761
0.349283
1.855407
3.347227
4.351309
5.031824
5.883830
6.746224
7.621901
8.453131
9.249108
10.035379
10.697842
11.564153
12.538092
13.520718
14.249427
14.949696
15.724897
16.796078
17.844439
18.614360
19.600562
20.684004
21.454607
21.929741
21.805934
21.515403
21.141257
20.570414
19.989014
19.015074
17.909493
16.947814
15.731539
14.814990
13.906445
13.120004
12.573344
11.961290
11.337996
10.311774
9.041514
7.878031
6.868499
5.946159
5.097219
4.025527
3.343310
2.848591
2.236196
1.764638
0.864438
-0.172853
-1.242501
-2.255610
-3.228528
-4.076447
-4.900524
-5.470855
-6.167548
-6.856748
-7.754053
-8.950233
-10.034016
-10.874612
-11.445965
-12.204477
-13.116598
-14.115402
-15.164614
-16.110114
-17.134121
-18.132755
-19.037724
-19.796065
-20.519154
-21.093743
-21.569218
-21.856512
-21.712780
-21.473851
-20.818029
-20.132746
-19.593920
-18.676860
-17.506054
-16.248737
-15.064648
-14.198508
-13.553245
-12.842076
-12.329987
-11.759486
-11.232070
-10.558707
-9.439332
-8.293731
-7.359982
-6.775686
-6.273985
-5.585466
-4.631451
-3.499304
-2.127545
-0.756127
0.775371
2.313512
3.770079
4.611015
5.276544
6.097215
7.047653
8.026872
8.855207
9.593282
10.239397
11.104516
12.030602
13.051714
13.947657
14.744656
15.440668
16.253505
17.183849
18.110105
19.053561
19.937924
21.045208
21.739176
22.080115
21.857194
21.468571
20.987136
20.382234
19.792489
18.844775
17.716714
16.609601
15.516281

