-3.635202
-2.136401
-0.663825
0.784397
2.259186
3.476313
4.434075
4.978350
5.400521
5.777393
6.226812
6.678445
6.868158
7.053443
7.432870
8.080176
8.846862
9.635006
10.356222
11.113371
12.000288
12.847526
13.642311
13.986826
14.494828
15.451738
16.262872
17.266444
17.870665
18.238510
18.477440
18.413067
18.035344
16.983066
16.017982
15.306473
14.759813
14.389583
14.099223
13.645206
13.265780
12.778214
12.359108
11.951753
11.405434
10.868311
10.316713
9.831531
9.102140
8.007969
6.682873
5.557878
4.424879
3.427437
2.317599
1.120227
-0.034400
-1.248292
-2.467632
-3.631966
-4.761560
-5.602496
-6.160906
-6.578820
-7.101127
-7.898126
-8.858953
-9.890624
-10.691541
-11.475086
-12.455668
-13.443742
-13.993127
-14.344965
-14.605352
-15.194416
-15.878507
-16.541311
-17.137187
-17.675161
-18.228292
-18.592903
-18.723181
-18.582003
-18.036195
-17.389059
-16.947814
-16.450371
-15.839679
-14.872210
-13.824531
-13.178246
-12.772935
-12.332201
-12.070962
-11.801379
-11.733089
-11.362348
-10.460956
-9.171452
-7.917540
-6.937640
-6.148815
-5.411421
-4.570484
-3.447873
-2.036265
-0.514303
1.032352
2.359663
3.520250
4.534040
5.040339
5.431686
5.758830
6.141833
6.659712
6.883485
7.141147
7.632460
8.257117
9.162256
9.937627
10.631595
11.518172
12.458733
13.211625
13.878005
14.250619
14.840705
15.779052
16.535691
17.343589
17.922435
18.180779
18.349716
18.349375
17.901148
16.919545
15.841382
15.167339
14.623914
14.279229
13.925859
13.486317
13.101101
12.719120
12.234449
11.772088
11.211804
10.766983
10.335445
9.693589
8.850268
7.733107
6.434407
5.213874
4.185949
3.355742
2.218485
0.929662
-0.244209
-1.458441
-2.499649
-3.698724
-4.843644
-5.509342
-6.045103
-6.479536
-7.012061
-7.866110
-8.779934
-9.657145
-10.517495
-11.453288
-12.392998
-13.312101
-13.997384
-14.394181
-14.563118
-15.035016
-15.710252
-16.457524
-17.106192
-17.516272
-17.936570
-18.373728
-18.459388
-18.202237
-17.696619
-17.169884
-16.714164
-16.164098
-15.489204
-14.698165
-13.846840
-13.150147
-12.628351
-12.221677
-11.979512
-11.753355
-11.573860
-11.281116
-10.503020
-9.196826
-7.868324
-6.857259
-6.226301
-5.578143
-4.655293
-3.561122
-2.139636
-0.672000
0.860521
2.174888
3.285067
4.160915
4.706553
5.054133
5.475453
5.904436
6.391662
6.668738
6.805999
7.271256
8.034195
8.930479
9.850945
10.506255
11.262042
12.299333
13.117790
13.779402
14.230524
14.858757
15.817029
16.524792
17.383609
17.980678
18.332515
18.507413
18.415962
18.077918
17.066002
15.941177
15.264579
14.688117
14.340707
14.031955
13.605186
13.214861
12.775149
12.378693
11.961120
11.333057
10.776349
10.276692
9.547983
8.670092
7.607426
6.466593
5.335978
4.295451
3.300565
2.234152
0.993865
-0.233480
-1.344681
-2.440044
-3.570148
-4.779441
-5.452122
-5.938326
-6.339039
-6.844997
-7.746390
-8.707728
-9.624958
-10.604518
-11.535883
-12.565511
-13.412918
-13.944251
-14.416661
-14.673642
-15.258959
-16.016109
-16.714334
-17.329625
-17.763717
-18.249580
-18.696615
-18.858228
-18.634796
-18.025977
-17.395360
-17.039435
-16.569751
-15.926702
-15.066181
-14.084578
-13.311590
-12.795244
-12.372392
-12.051037
-11.841059
-11.586802
-11.142833
-10.234288
-8.957897
-7.551908
-6.478173
-5.809920
-5.168063
-4.300390
-3.121580
-1.720360
-0.377383
1.041719
2.380269
3.450428
4.228354
4.829339
5.166360
5.600282
5.934579
6.307023
6.627866
6.847892
7.230043
7.824387
8.673327
9.466239
10.216066
11.020899
12.075731
12.896912
13.546092
13.860464
14.433009
15.466894
16.301359
17.237323
17.892633
18.366746
18.623386
18.607208
18.170731
17.158645
16.192028
15.531608
14.964853
14.689650
14.395203
13.820784
13.384138
12.879883
12.461458
11.997904
11.219808
10.582549
10.063989
9.422473
8.628539
7.490260
6.244012
5.043915
3.934928
3.059251
2.084119
0.907694
-0.264474
-1.496928
-2.538306
-3.572873
-4.689012
-5.373274
-5.845342
-6.199905
-6.713867
-7.621220
-8.639097
-9.507622
-10.429961
-11.325904
-12.427739
-13.230017
-13.836111
-14.187268
-14.479501
-15.004022
-15.741927
-16.510487
-17.153025
-17.671074
-18.161024
-18.572467
-18.616744
-18.519504
-18.018995
-17.476252
-17.134803
-16.729321
-15.976259
-15.050684
-14.166321
-13.455153
-12.869835
-12.479339
-12.193748
-12.051889
-11.821645
-11.315175
-10.374444
-9.105716
-7.624626
-6.578309
-5.854879
-5.174705
-4.582916
-3.398827
-1.972233
-0.621762
0.828845
2.247265
3.451620
4.290172
4.874638
5.293233
5.856752
6.189346
6.462165
6.750822
6.908349
7.554974
8.194957
8.993149
9.707383
10.568755
11.333908
12.192896
12.976953
13.688462
13.970137
14.605011
15.673978
16.491073
17.432656
17.960242
18.373217
18.632923
18.583706
18.092394
17.112834
16.100577
15.450375
14.862844
14.487846
14.236144
13.897760
13.339349
12.820959
12.367112
11.898620
11.335441
10.707719
10.290486
9.645394
8.843626
7.529940
6.230048
5.050557
4.123449
3.077814
1.893384
0.668253
-0.473091
-1.684938
-2.806527
-3.847224
-4.976647
-5.721705
-6.320817
-6.662096
-7.178783
-8.067744
-9.086643
-9.961809
-10.821308
-11.678593
-12.773616
-13.558865
-14.050007
-14.370169
-14.544385
-15.169552
-15.874590
-16.488518
-17.146042
-17.466886
-17.931972
-18.371514
-18.485614
-18.385649
-17.880883
-17.298290
-16.950880
-16.391618
-15.751464
-14.888218
-13.919558
-13.224738
-12.812955
-12.359279
-12.014764
-11.830330
-11.647769
-11.173487
-10.172469
-8.842945
-7.536071
-6.517853
-5.866119
-5.181347
-4.423857
-3.272465
-1.754420
-0.313691
1.182045
2.522639
3.623622
4.499980
5.071674
5.470003
5.976813
6.439856
6.826435
6.975787
7.281985
7.785218
8.546965
9.354183
9.988206
10.682685
11.432852
12.263230
13.076067
13.651678
14.035531
14.735290
15.679428
16.446965
17.321280
17.871857
18.248558
18.466881
18.498557
17.969608
16.891105
15.901668
15.292679
14.830657
14.483077
14.102800
13.659852
13.279745
12.783493
12.387548
11.928763
11.340209
10.832037
10.154418
9.504216
8.661236
7.448707
6.205184
4.954679
4.012925
3.065041
1.780646
0.519071
-0.647988
-1.846041
-2.921479
-4.173858
-5.222048
-5.862202
-6.356239
-6.825413
-7.437127
-8.349930
-9.223904
-10.186093
-11.108432
-11.938299
-12.979507
-13.708217
-14.075211
-14.433520
-14.758451
-15.322651
-16.040461
-16.638381
-17.179762
-17.625093
-18.245833
-18.695763
-18.646376
-18.297093
-17.636503
-17.291478
-16.763891
-16.183342
-15.552555
-14.637538
-13.799497
-13.217585
-12.682336
-12.443236
-12.085438
-11.852128
-11.621373
-11.044741
-9.944269
-8.577619
-7.319791
-6.466934
-5.896432
-5.124807
-4.140479
-2.829347
-1.320839
0.159740
1.619373
2.912794
4.033191
4.877533
5.387408
5.763088
6.049871
6.519726
6.945985
7.182019
7.463864
7.973228
8.754049
9.666852
10.258130
10.972875
11.846338
12.678589
13.443402
13.885328
14.347519
15.236310
16.153370
16.992773
17.702409
18.239873
18.542664
18.512351
18.328258
17.557825
16.560555
15.721832
15.123742
14.632770
14.312438
13.829981
13.241598
12.985979
12.520722
12.077604
11.428595
10.781458
10.362182
9.775502
9.094988
8.018357
6.895236
5.631787
4.444633
3.493173
2.539328
1.328502
0.036103
-1.209634
-2.359322
-3.493343
-4.699230
-5.675725
-6.226131
-6.560939
-6.986686
-7.784878
-8.699894
-9.624447
-10.415656
-11.330332
-12.269872
-13.223205
-13.869149
-14.213834
-14.507260
-14.818907
-15.437944
-16.255379
-16.937596
-17.543861
-18.026318
-18.524272
-18.771376
-18.591710
-18.122366
-17.410857
-17.033475
-16.578436
-15.862840
-15.038933
-14.034339
-13.270889
-12.708051
-12.218782
-11.964696
-11.692899
-11.435917
-11.119672
-10.379212
-9.318760
-7.995537
-6.927592
-6.184919
-5.556345
-4.736185
-3.658703
-2.234663
-0.879594
0.572545
2.034392
3.270592
4.312822
4.831723
5.266156
5.708252
6.131615
6.650516
6.926571
7.120541
7.515805
8.002690
8.806161
9.660040
10.428940
11.097704
11.978831
12.838840
13.544730
13.968604
14.485121
15.514408
16.429935
17.251798
17.803056
18.274443
18.508264
18.469947
18.136501
17.149278
16.139235
15.394006
14.772415
14.436586
14.133794
13.805117
13.328280
12.959242
12.475593
12.047802
11.436428
10.749613
10.317053
9.689501
8.799689
7.673843
6.428616
5.332402
4.357440
3.411259
2.261571
0.912973
-0.187159
-1.473938
-2.648320
-3.891162
-4.825592
-5.594322
-6.201438
-6.597212
-7.151025
-8.074556
-9.104184
-9.977818
-10.843788
-11.655773
-12.737002
-13.551712
-13.962303
-14.289447
-14.535189
-15.182665
-15.930959
-16.639403
-17.236471
-17.781087
-18.077408
-18.552712
-18.718754
-18.510989
-17.996516
-17.348869
-16.925505
-16.423464
-15.681471
-14.840024
-13.935566
-13.277190
-12.777533
-12.307848
-12.058190
-11.854172
-11.688982
-11.269706
-10.392496
-9.098223
-7.871389
-6.853172
-6.064177
-5.340236
-4.629408
-3.387928
-1.736028
-0.235183
1.280989
2.545459
3.715413
4.577466
5.163465
5.504063
6.055662
6.438494
6.826265
7.036754
7.242646
7.655961
8.374112
9.147269
10.048151
10.816199
11.631080
12.421438
13.233934
13.867787
14.202765
14.869486
15.820095
16.677039
17.509120
17.959731
18.419368
18.554074
18.473864
17.867088
16.717230
15.762874
15.041147
14.608417
14.288766
13.902017
13.476951
12.913431
12.450048
12.049164
11.747224
11.123930
10.528735
10.119847
9.478842
8.615255
7.453305
6.225790
5.062819
4.058395
3.024510
1.871756
0.583104
-0.592640
-1.750503
-2.907174
-4.076277
-5.144732
-5.847386
-6.309577
-6.719487
-7.254226
-8.105210
-9.066377
-10.068587
-10.903733
-11.694261
-12.715544
-13.476780
-13.952766
-14.266797
-14.692715
-15.299320
-16.148261
-16.738687
-17.331668
-17.833710
-18.315145
-18.664769
-18.628836
-18.366235
-17.842906
-17.325878
-16.808510
-16.239882
-15.541996
-14.648267
-13.594287
-12.988533
-12.485470
-12.129375
-11.915479
-11.754377
-11.659009
-11.112690
-10.009323
-8.794921
-7.459777
-6.590741
-6.039994
-5.336319
-4.315206
-3.073045
-1.526390
-0.136239
1.336166
2.597570
3.681353
4.612548
5.171640
5.421128
5.720513
6.179980
6.646599
6.903069
7.129908
7.674694
8.436101
9.281806
10.007279
10.731391
11.696815
12.465034
13.281618
13.872044
14.186927
15.055793
15.945435
16.806296
17.623901
18.137183
18.492596
18.602780
18.398251
17.836264
16.772747
15.918016
15.253339
14.819758
14.469283
13.984442
13.587645
13.175011
12.820278
12.318066
11.773961
11.152199
10.629892
10.127681
9.480034
8.529084
7.320302
6.015641
4.862377
3.842967
2.941063
1.712016
0.379256
-0.749486
-1.894065
-3.063849
-4.268203
-5.270754
-5.834954
-6.198032
-6.691728
-7.276194
-8.210284
-9.096009
-9.968281
-10.786567
-11.715208
-12.684209
-13.630731
-14.206852
-14.443057
-14.748233
-15.330996
-16.173295
-16.796759
-17.427887
-17.947299

