-6.560258
-5.162784
-3.941059
-2.770254
-1.430511
-0.102690
1.149688
2.168076
3.197363
4.218136
5.388941
6.576947
7.521936
8.337498
9.086984
9.929453
10.794061
11.653219
12.503692
13.395888
14.307158
15.163422
16.050168
16.622373
17.348869
18.469266
19.393648
20.585741
21.534647
22.359576
23.257051
24.075508
24.842364
25.175810
25.635787
26.012829
26.061705
25.785991
25.185858
24.214302
23.285151
22.200857
21.171400
20.105328
18.914768
17.730168
16.452074
15.349218
14.136859
12.785026
11.474235
10.456187
9.498937
8.564336
7.313320
5.748613
3.991468
2.210481
0.498125
-1.082420
-2.697536
-4.206215
-5.623443
-7.033518
-8.387906
-9.705680
-10.946648
-12.123925
-13.037579
-13.881922
-14.988354
-16.298805
-17.484426
-18.706662
-19.770350
-20.873887
-21.622181
-22.027152
-22.328581
-22.817169
-23.648228
-24.523565
-25.362628
-25.864669
-25.879996
-25.575161
-25.305237
-24.927684
-24.539232
-23.914916
-23.213284
-22.807802
-22.308486
-21.376269
-20.193032
-18.708706
-17.461777
-16.243287
-15.001638
-13.710942
-12.509993
-11.408840
-10.214193
-8.942570
-7.651193
-6.332908
-5.053793
-3.821680
-2.544778
-1.339231
-0.074932
1.245907
2.255951
3.266335
4.333087
5.424704
6.716422
7.684061
8.561952
9.427582
10.231904
11.223384
12.055806
12.879031
13.903720
14.884983
15.699353
16.499587
17.110109
17.930610
19.000598
19.869804
20.846980
21.765743
22.548607
23.426669
24.317333
25.016921
25.442839
25.746993
26.114328
26.123864
25.805065
25.131362
24.155549
23.183652
22.197281
21.070923
19.934348
18.715348
17.542158
16.410010
15.192543
13.917685
12.610470
11.318241
10.263068
9.347200
8.567401
7.260868
5.570310
3.881454
2.079010
0.565733
-1.045295
-2.663987
-4.044431
-5.486863
-6.935767
-8.287089
-9.691375
-10.898624
-11.928082
-12.890611
-13.922623
-14.993974
-16.260317
-17.630543
-18.884284
-19.857373
-20.827736
-21.481173
-21.982193
-22.343908
-22.711754
-23.429905
-24.463960
-25.232349
-25.593553
-25.581973
-25.358541
-25.042977
-24.560690
-24.081128
-23.626600
-23.188421
-22.755521
-22.173609
-21.282775
-20.092215
-18.663236
-17.325538
-16.214848
-15.129702
-13.899292
-12.716055
-11.597872
-10.550533
-9.382963
-7.994516
-6.664480
-5.333594
-4.140650
-2.880607
-1.661948
-0.443118
0.762429
1.804318
2.774341
3.967796
5.147117
6.428787
7.460458
8.194276
9.009498
9.967940
10.863372
11.907816
12.720312
13.620343
14.742953
15.630381
16.468763
17.154898
17.980167
19.058670
19.906589
20.912886
21.854469
22.664922
23.535660
24.309329
25.123358
25.501251
25.739500
26.099512
26.074648
25.762490
25.121655
24.127109
23.131541
22.028174
20.923785
19.804920
18.555096
17.307316
16.234943
14.980861
13.734954
12.486492
11.347703
10.331529
9.454148
8.494684
7.269893
5.701269
3.971713
2.313682
0.740971
-0.861372
-2.600976
-3.995895
-5.428450
-6.806850
-8.158513
-9.514775
-10.745185
-11.779921
-12.884821
-13.914108
-15.124253
-16.332013
-17.537389
-18.854312
-19.895349
-20.936046
-21.736281
-22.236790
-22.562231
-23.066487
-23.902995
-24.904183
-25.742054
-26.157073
-26.065792
-25.748185
-25.562729
-25.214297
-24.814435
-24.291958
-23.689781
-23.127965
-22.472143
-21.515403
-20.263365
-18.817186
-17.406770
-16.132593
-14.915807
-13.639246
-12.339013
-11.066880
-9.962661
-8.751154
-7.447175
-6.121567
-4.900353
-3.884179
-2.745731
-1.481431
-0.299726
0.843491
1.956735
2.882821
3.946338
4.947356
6.033352
7.093293
7.951600
8.782659
9.621211
10.591575
11.465209
12.288945
13.178757
14.265776
15.145881
16.008445
16.646385
17.512526
18.740211
19.672598
20.719426
21.658455
22.564956
23.531743
24.450847
25.197608
25.670018
26.116882
26.451520
26.392085
26.137148
25.452716
24.343218
23.310695
22.217376
21.220786
20.097494
18.693209
17.400639
16.229664
14.986651
13.785022
12.409517
11.178085
10.130065
9.183543
8.351292
7.208245
5.665166
3.912789
2.126013
0.636748
-0.839744
-2.449581
-3.851822
-5.252361
-6.620203
-7.962499
-9.409700
-10.701759
-11.681318
-12.661559
-13.647590
-14.931304
-16.112838
-17.485619
-18.723692
-19.879511
-20.893982
-21.667821
-22.163391
-22.533791
-23.054906
-23.881708
-24.884088
-25.648900
-26.182107
-26.201350
-25.938238
-25.733709
-25.447948
-24.932112
-24.359056
-23.888520
-23.453747
-22.741556
-21.809850
-20.594597
-19.225393
-17.812763
-16.474383
-15.183006
-13.955321
-12.525150
-11.290823
-10.121890
-8.865765
-7.773127
-6.330524
-5.023650
-3.992489
-2.772467
-1.489265
-0.115974
1.039505
2.152749
3.209966
4.428455
5.471536
6.452969
7.472038
8.215053
9.261540
10.099922
11.016982
11.813130
12.808016
13.671432
14.546599
15.389068
16.243798
16.794205
17.706496
18.938610
19.863163
20.975045
21.813256
22.729976
23.693187
24.577720
25.268963
25.779349
26.148387
26.515041
26.411840
26.017768
25.370632
24.542298
23.427010
22.330795
21.265745
20.113332
18.889053
17.526490
16.424826
15.183517
13.986485
12.504033
11.251143
10.221515
9.453467
8.432184
7.005419
5.369527
3.668921
1.879760
0.247274
-1.226153
-2.885035
-4.366466
-5.924872
-7.276876
-8.600269
-9.976625
-11.195966
-12.174674
-13.076918
-13.989380
-15.263047
-16.444411
-17.685890
-18.912724
-19.878660
-20.916121
-21.607535
-21.929060
-22.333179
-22.711073
-23.555415
-24.632386
-25.471279
-26.016235
-25.993415
-25.701182
-25.472811
-24.985245
-24.585043
-24.108546
-23.532765
-23.053714
-22.528682
-21.564790
-20.226410
-18.814972
-17.441511
-16.212634
-14.947993
-13.704641
-12.492963
-11.309726
-10.191713
-8.944443
-7.696152
-6.374121
-4.980734
-3.813165
-2.553463
-1.293421
-0.066757
1.191923
2.269404
3.317254
4.543918
5.748783
6.907327
7.779939
8.652381
9.483269
10.437625
11.316027
12.113878
12.970652
13.827937
14.710597
15.548979
16.210760
16.821963
17.715352
18.775123
19.699165
20.808833
21.741390
22.648743
23.548944
24.459532
25.166273
25.531054
25.918313
26.290076
26.330437
25.963272
25.166103
24.175474
23.162706
22.021532
20.927702
19.805602
18.583366
17.404216
16.084228
14.887026
13.640778
12.261186
11.047976
9.937968
9.152038
8.201940
6.704501
5.053452
3.320319
1.566921
0.031335
-1.646621
-3.276212
-4.681860
-6.158182
-7.585628
-8.914982
-10.269710
-11.356388
-12.422970
-13.449703
-14.365230
-15.612670
-16.799484
-17.885821
-19.134113
-20.222834
-21.085399
-21.719762
-22.009781
-22.338629
-22.906065
-23.874555
-24.937732
-25.550297
-25.853259
-25.694200
-25.601387
-25.246314
-24.797916
-24.430411
-23.884944
-23.394312
-22.938933
-22.112131
-21.232707
-19.815820
-18.371003
-17.080137
-15.880891
-14.592409
-13.332197
-12.123074
-10.993310
-9.948356
-8.660555
-7.273470
-5.883489
-4.532167
-3.288303
-1.983983
-0.677109
0.657695
1.867158
2.914327
3.947530
4.938160
6.175552
7.389103
8.295093
9.057181
9.813309
10.662249
11.655944
12.383461
13.259138
14.253003
15.177897
16.025134
16.686405
17.411028
18.461772
19.446611
20.429237
21.356855
22.342886
23.205451
24.010965
24.827378
25.404862
25.816986
26.221957
26.395832
26.136977
25.664398
24.733203
23.568869
22.723845
21.643468
20.505701
19.203935
17.889227
16.756058
15.540464
14.367955
12.976442
11.780943
10.589021
9.579488
8.747918
7.637058
6.135702
4.326957
2.534730
0.887428
-0.672851
-2.327136
-3.912108
-5.336489
-6.685598
-8.036069
-9.485824
-10.794912
-11.924846
-12.834072
-13.816357
-14.821461
-16.046252
-17.249414
-18.433332
-19.607714
-20.525455
-21.340166
-21.947793
-22.307123
-22.765228
-23.469755
-24.379832
-25.293146
-25.776284
-25.910480
-25.618247
-25.491374
-25.170531
-24.607522
-24.095944
-23.406063
-22.916113
-22.303036
-21.422591
-20.310708
-18.912383
-17.412220
-16.151156
-14.967407
-13.817378
-12.581519
-11.403050
-10.295936
-9.200573
-7.913283
-6.623949
-5.299875
-4.227843
-3.037112
-1.752547
-0.423193
0.877380
1.798528
2.847910
3.956045
5.104371
6.402220
7.433721
8.298329
9.087665
9.763071
10.638918
11.584078
12.495347
13.279234
14.251641
15.154566
15.967914
16.608919
17.333712
18.470458
19.489016
20.475728
21.380527
22.358554
23.293665
24.129663
24.922064
25.342533
25.727749
26.056085
26.002782
25.751420
25.116035
24.255684
23.150614
22.121498
20.985603
19.901480
18.709217
17.428568
16.397919
15.279906
13.996703
12.639591
11.359624
10.302407
9.453126
8.496557
7.224253
5.563498
3.975289
2.164160
0.481776
-1.236200
-2.685274
-4.166876
-5.715575
-7.037776
-8.371217
-9.723221
-10.954653
-11.946814
-12.902532
-13.813121
-15.060391
-16.241585
-17.321280
-18.491064
-19.493614
-20.602771
-21.346807
-21.847827
-22.186041
-22.801331
-23.439612
-24.475881
-25.288718
-25.700842
-25.729963
-25.477069
-25.264195
-24.961063
-24.474008
-23.947443
-23.402827
-22.907768
-22.200005
-21.192687
-20.001616
-18.631901
-17.375776
-16.181469
-14.977285
-13.693741
-12.474741
-11.259317
-10.058028
-8.871215
-7.786921
-6.504399
-5.090748
-3.901379
-2.645935
-1.437494
-0.086171
1.107965
2.193962
3.079517
4.276548
5.404779
6.581204
7.571493
8.394037
9.190696
10.095835
10.927405
11.900663
12.797798
13.713837
14.542852
15.427215
16.245331
16.861473
17.736299
18.838303
19.774096
20.811387
21.591697
22.540433
23.440804
24.282762
24.882044
25.193010
25.574139
25.779520
25.807960
25.449991
24.718216
23.824147
22.705793
21.682807
20.594427
19.631726
18.324511
17.007249
15.927723
14.734609
13.488701
12.168544
11.011532
10.022436
9.158339
8.074045
6.706544
5.009856
3.263610
1.588719
-0.008856
-1.577650
-3.186635
-4.666362
-6.072010
-7.466418
-8.784022
-10.085106
-11.245523
-12.356043
-13.280426
-14.145204
-15.365226
-16.592230
-17.830644
-19.001280
-20.162378
-21.077905
-21.831308
-22.112301
-22.475549
-23.083517
-23.942334
-24.948120
-25.629316
-25.964635
-25.890555
-25.637320
-25.217874
-24.739163
-24.268627
-23.762499
-23.076194
-22.636141
-21.907943
-20.897559
-19.613675
-18.169539
-16.955648
-15.695265
-14.390264
-13.275146
-11.995009
-10.891472
-9.890795
-8.678777
-7.223231
-5.933217
-4.579680
-3.470012
-2.237218
-0.995227
0.246593
1.555852
2.658197
3.546647
4.579169
5.783013
7.013934
8.011716
8.758136
9.601968
10.493653
11.412757
12.256077
13.123410
14.210258
15.008450
15.894856
16.638551
17.193215
18.286364
19.296748
20.291124
21.333013
22.239174
23.152999
24.001939
24.765730
25.440454
25.812898
26.267767
26.482173
26.412521
25.974172
25.090660
24.132388
23.088796
22.100380
20.921230
19.703593
18.386500
17.148767
15.968766
14.757599
13.428075
12.058531
10.787930
9.794235
8.894546
7.966757
6.489413
4.709278
3.040688
1.329013
-0.274522
-1.920462
-3.455026
-4.802772
-6.125825
-7.548673
-8.878027
-10.311263
-11.427573
-12.453113
-13.387544
-14.383793
-15.556642
-16.955478
-18.242768
-19.327572
-20.360436
-21.263361
-21.973848
-22.320407
-22.715160
-23.319381

