-52.016973
-51.190172
-48.662424
-45.888424
-42.018379
-36.501374
-29.149055
-20.791462
-11.346681
-1.965761
7.710116
16.793524
25.569030
34.104756
40.563345
45.843976
48.536062
49.412761
49.572161
48.191547
44.828824
38.744041
30.468702
21.540778
13.398102
5.221707
-2.778087
-12.405940
-21.831989
-30.956950
-40.269920
-46.698536
-50.642320
-51.825898
-50.255571
-47.703981
-44.786249
-40.536438
-34.487077
-26.993241
-18.132414
-8.675371
0.843491
10.624272
19.361121
28.383051
36.332267
42.201791
46.772616
48.834937
49.462829
49.283845
47.386203
43.187993
36.482641
27.824981
18.957342
10.731901
2.645254
-5.537442
-15.289443
-24.318354
-33.640862
-42.165007
-47.877175
-51.332372
-51.567895
-49.477134
-46.900511
-43.528761
-38.860015
-32.301460
-24.397884
-15.427896
-6.157500
3.575938
13.075556
21.680083
30.777965
38.030318
43.866123
47.758818
49.005236
49.625124
49.024139
46.371903
41.474785
34.044640
25.282758
16.824177
8.613212
0.571012
-8.339030
-18.094778
-27.025938
-36.515849
-44.190202
-49.084255
-51.637718
-51.175867
-48.755237
-45.975617
-42.217289
-37.044798
-30.055727
-21.789074
-12.460777
-3.179652
6.654773
15.857560
24.640220
33.255986
39.866992
45.157671
48.236847
49.213682
49.400840
48.239061
45.162269
39.464065
31.349659
22.446258
14.289447
6.055662
-1.990625
-11.343275
-20.844425
-29.727731
-39.007834
-45.916183
-50.086805
-51.811593
-50.709248
-48.214878
-45.120205
-41.006122
-35.225153
-27.758735
-19.132750
-9.827103
-0.387771
9.305818
18.069233
26.993241
35.330057
41.443620
46.324900
48.596518
49.373422
49.263409
47.572000
43.833596
37.423032
28.822081
19.928558
11.864901
3.677436
-4.504068
-14.251811
-23.481846
-32.711029
-41.399343
-47.373090
-51.046099
-51.772594
-49.737692
-47.178268
-43.947697
-39.356777
-32.820872
-25.205272
-16.309874
-6.907157
2.620220
12.073517
20.686388
29.740674
37.299735
43.210813
47.320127
48.739570
49.390282
48.945972
46.719483
42.100974
35.011428
26.237965
17.630713
9.375640
1.306023
-7.240943
-17.103979
-26.053361
-35.562515
-43.648822
-48.761708
-51.593781
-51.482064
-49.114057
-46.377182
-42.842797
-37.901231
-30.815090
-22.635290
-13.437612
-4.166365
5.430835
14.656612
23.436206
32.298565
39.266007
44.753722
48.065186
49.137729
49.571310
48.451424
45.535564
40.140663
32.363449
23.559332
15.284504
6.877695
-1.169273
-10.332721
-20.044361
-29.009240
-38.274867
-45.252017
-49.704313
-51.827601
-50.622225
-48.123598
-45.302085
-41.401727
-35.913161
-28.650931
-20.014388
-10.575567
-1.379251
8.412089
17.379693
26.204927
34.579379
40.876695
45.997075
48.419237
49.291168
49.396413
47.921964
44.349262
38.188015
29.793637
20.899262
12.795925
4.565205
-3.750665
-13.489553
-22.652660
-31.831094
-40.853534
-47.019720
-50.798995
-51.885673
-50.101451
-47.486339
-44.317075
-39.845535
-33.563035
-26.053701
-17.191001
-7.722718
1.829352
11.476278
20.033121
29.059989
36.783900
42.706217
47.034366
48.873935
49.518176
49.191202
47.033855
42.661258
35.863944
27.189255
18.293006
10.168893
2.007484
-6.496906
-16.318900
-25.298085
-34.512963
-42.678629
-48.162426
-51.353318
-51.563297
-49.390793
-46.725273
-43.291194
-38.387775
-31.535455
-23.649250
-14.432158
-5.140815
4.516329
13.964346
22.565808
31.452179
38.591964
44.198717
47.833579
48.994337
49.603326
48.731565
46.062469
40.863923
33.240489
24.450847
16.089167
7.807357
-0.279120
-9.250981
-18.963984
-28.040239
-37.532364
-44.960976
-49.424342
-51.725592
-50.938811
-48.477479
-45.761040
-41.975975
-36.673035
-29.354266
-21.009615
-11.551550
-2.365283
7.346358
16.410010
25.225197
33.763136
40.181875
45.566559
48.332896
49.163444
49.310412
48.088006
44.827121
38.816759
30.654839
21.781240
13.730015
5.469322
-2.553633
-11.969124
-21.443878
-30.615670
-39.743866
-46.457052
-50.492968
-51.895380
-50.361667
-47.752006
-44.592108
-40.398496
-34.622124
-27.039562
-18.305268
-8.795091
0.614268
10.295255
19.094774
28.019803
36.127908
42.100974
46.743665
48.804794
49.479859
49.206870
47.277553
43.206385
36.675249
28.039217
19.296408
11.262723
2.986022
-5.291871
-15.120847
-24.289915
-33.436843
-42.103529
-47.860997
-51.118987
-51.726273
-49.464873
-46.803440
-43.569463
-39.049217
-32.531364
-24.779865
-15.765088
-6.327459
3.324917
12.810401
21.382059
30.402797
37.752049
43.515478
47.411237
48.796279
49.464362
48.869848
46.305486
41.505098
34.244231
25.467532
16.805785
8.451939
0.408547
-8.345672
-18.236807
-27.058465
-36.463908
-44.123786
-48.936776
-51.770381
-51.465375
-49.092429
-46.369008
-42.429481
-37.153789
-30.150584
-21.991049
-12.555463
-3.228358
6.554638
15.700715
24.380003
33.022846
39.648499
45.106241
48.238380
49.178430
49.536398
48.474584
45.421805
39.698056
31.744242
22.823300
14.537743
6.320477
-1.753058
-10.971342
-20.462615
-29.529163
-38.954360
-45.799528
-50.141471
-51.976953
-50.703798
-48.057352
-45.273645
-41.179487
-35.609518
-28.144462
-19.550153
-10.065351
-0.810283
9.048496
18.037558
26.982512
35.320691
41.390317
46.516316
48.804283
49.567904
49.712317
48.110144
44.284718
38.047348
29.403482
20.476239
12.285369
4.043068
-4.217454
-13.965879
-23.164919
-32.263313
-41.275876
-47.373431
-51.089355
-52.141121
-50.252165
-47.608444
-44.316564
-39.842299
-33.538682
-25.819029
-16.844443
-7.380247
2.011572
11.725766
20.202398
29.315097
37.224804
43.100459
47.506264
49.223219
49.812623
49.304281
47.139611
42.850631
35.814217
26.841164
18.204791
10.119506
1.953329
-6.617819
-16.537053
-25.503806
-35.062007
-43.378898
-48.733268
-51.805632
-51.746368
-49.519709
-46.804462
-43.360335
-38.569995
-31.715972
-23.714134
-14.348711
-4.890476
4.814863
14.392478
22.943531
31.946046
39.040361
44.871058
48.357248
49.596344
50.059727
49.239056
46.497754
41.226660
33.695527
24.569545
16.173976
7.761206
-0.287976
-9.254217
-18.984931
-28.030702
-37.463052
-44.945649
-49.638067
-52.159684
-51.345314
-48.900843
-46.048846
-42.244707
-36.885909
-29.694864
-21.374055
-11.947496
-2.532857
7.284880
16.408137
25.246825
33.925601
40.539844
45.875141
48.885005
49.757106
50.026860
48.637731
45.286928
39.416722
31.332629
22.460903
14.115061
5.767686
-2.322878
-11.890275
-21.560533
-30.622653
-39.936304
-46.641486
-50.766638
-52.393675
-51.085438
-48.390286
-45.393705
-41.161946
-35.255126
-27.675629
-18.886839
-9.377343
0.119720
9.909017
18.849884
27.859211
35.958971
42.062657
46.926226
48.921108
49.767324
49.687113
47.954321
44.028759
37.354912
28.870787
20.071609
12.118305
3.676585
-4.631792
-14.562266
-23.753473
-33.096927
-41.839736
-47.721011
-51.342760
-52.017995
-50.037588
-47.583750
-44.413464
-39.809261
-33.377239
-25.563581
-16.535691
-7.010528
2.575772
12.245349
20.912204
30.014856
37.611042
43.494872
47.688825
49.384492
49.998249
49.654416
47.343969
42.647123
35.391876
26.540416
17.905576
9.735312
1.611028
-7.036243
-16.956329
-26.117563
-35.586187
-43.756962
-48.887900
-51.885843
-51.772765
-49.457380
-46.698536
-43.110166
-38.185290
-31.200136
-23.143291
-13.970648
-4.571506
5.145243
14.589173
23.182801
32.213415
39.152077
44.646263
48.207555
49.114738
49.660036
48.700230
45.904091
40.767874
32.944339
24.029527
15.673297
7.367304
-0.656843
-9.625128
-19.541638
-28.471095
-38.036960
-45.372929
-49.878018
-52.060229
-51.087482
-48.666852
-45.807532
-41.990450
-36.454882
-29.207468
-20.662716
-11.213677
-1.823732
7.961478
16.949006
25.848150
34.208298
40.744032
45.943260
48.641648
49.615417
49.761874
48.246043
44.704505
38.595540
30.309984
21.473680
13.323171
5.073547
-2.969674
-12.510163
-21.895851
-31.066963
-40.181194
-46.690702
-50.559214
-51.931824
-50.311259
-47.752517
-44.665507
-40.322202
-34.342153
-26.835884
-18.101420
-8.736338
0.827994
10.503531
19.175836
28.185674
36.244392
42.387928
46.923842
48.850775
49.571310
49.307687
47.302587
43.224437
36.513124
27.954068
19.237995
11.057343
2.803462
-5.627871
-15.473195
-24.733884
-34.067801
-42.391505
-48.005751
-51.379204
-51.842417
-49.770389
-47.141484
-43.854373
-39.008686
-32.369580
-24.441651
-15.217747
-5.854879
3.757307
13.250623
21.781240
30.746801
38.082089
43.827295
47.783341
49.164295
49.741098
48.993996
46.468633
41.465078
34.037828
25.177002
16.704968
8.563825
0.632320
-8.221865
-17.982040
-27.027641
-36.486728
-44.103009
-49.019882
-51.629543
-51.250458
-48.872914
-46.221699
-42.476995
-37.289347
-30.212913
-21.980320
-12.640102
-3.343821
6.439686
15.605858
24.301495
33.053671
39.759534
45.172146
48.416001
49.351454
49.665485
48.506260
45.470681
39.771455
31.645809
22.702898
14.480012
6.157160
-1.927785
-11.029073
-20.676000
-29.572078
-39.071015
-45.984473
-50.186770
-52.001817
-50.751141
-48.273461
-45.354707
-41.154453
-35.370759
-27.869599
-19.284316
-9.768690
-0.548022
9.188993
18.073150
27.063404
35.305534
41.498457
46.396766
48.741783
49.484968
49.447843
47.688654
43.889454
37.701811
29.145650
20.302023
12.178591
3.843648
-4.268885
-14.008284
-23.220948
-32.392911
-41.290181
-47.476803
-51.155090
-52.083390
-50.262383
-47.658512
-44.465406
-39.878062
-33.599309
-25.743076
-16.748735
-7.251671
2.370392
11.873926
20.586593
29.542957
37.334817
43.244873
47.583239
49.282994
49.926213
49.424682
47.035388
42.673520
35.589422
26.699134
18.155575
9.981394
1.823221
-6.659542
-16.641787
-25.661503
-34.984691
-43.342454
-48.786231
-51.756757
-51.737172
-49.267667
-46.638932
-43.119362
-38.235017
-31.487261
-23.487466
-14.303752
-4.879577
4.941736
14.420577
23.120301
31.956605
39.115974
44.731924
48.169068
49.317564
49.879381
48.833745
46.187469
40.916715
33.337048
24.419001
16.044549
7.745879
-0.587361
-9.647608
-19.523076
-28.493404
-37.964582
-45.353855
-49.945797
-52.271230
-51.439319
-48.931837
-46.083757
-42.223419
-36.735024
-29.444695
-21.032436
-11.413268
-2.065897
7.788794
16.790969
25.557790
34.131663
40.496077
45.797655
48.649481
49.656630
49.878699
48.392500
44.992992
38.979564
30.820710
21.920374
13.685056
5.395753
-2.762420
-12.436765
-21.891253
-30.922209
-40.145942
-46.524831
-50.553083
-52.016633
-50.702606
-48.187460
-45.238733
-40.909903
-34.938540
-27.276107
-18.547262
-9.087494
0.394412
10.106734
18.894161
27.831963
35.909925
42.083774
46.837670
48.916851
49.763918
49.728666
47.585113
43.620212
36.852189
28.107507
19.503151
11.389937
3.247772
-5.101647
-15.017816
-24.226904
-33.514159
-42.159728
-47.991616
-51.336970
-51.836797
-49.682515
-47.138078
-43.825422
-39.173535
-32.582624
-24.712937
-15.668528
-6.311280
3.287281
12.819086
21.492583
30.503954
37.895782
43.598754
47.648634
49.024650
49.641643
49.185583
46.834264
42.045287
34.730945
25.668655
17.202071
9.026187
0.885214
-7.734639
-17.642634
-26.682445
-36.095381
-43.951954
-49.002681
-51.808528
-51.572834
-49.153396
-46.405622
-42.742150
-37.700789
-30.651263
-22.495644
-13.134480
-3.766843

