54.748229
47.634840
37.357467
27.763333
16.189303
4.452808
-4.988738
-15.826396
-26.563576
-36.512443
-45.033182
-51.590375
-55.934361
-57.804755
-59.287037
-59.168679
-56.344441
-50.097704
-40.769236
-30.930723
-20.272051
-8.808034
2.398321
12.075050
22.403683
31.900576
40.582248
48.447336
54.193735
57.565825
58.417320
58.276824
56.879861
53.078617
44.715575
34.361226
24.620805
12.634311
1.913820
-7.760865
-18.866062
-29.317481
-39.088556
-47.012738
-53.071805
-56.665114
-58.203254
-59.463808
-58.518137
-54.875612
-47.456537
-38.071530
-28.108699
-17.186744
-5.526202
5.146435
14.886175
25.135449
34.384898
43.139798
50.283841
55.422953
57.975054
58.530910
58.179413
56.350742
51.482405
41.758844
31.774896
21.345445
9.178094
-0.837530
-10.992289
-21.933998
-32.086032
-41.411434
-48.784869
-54.405928
-57.194233
-58.690139
-59.411526
-57.717221
-53.002834
-44.559922
-34.930876
-24.720771
-13.638224
-2.093485
7.978507
17.730509
27.673926
36.701815
45.177937
51.826750
56.286710
58.021716
58.265754
57.493959
55.117267
48.614570
38.484165
28.986420
17.777341
5.942753
-3.522294
-14.093093
-24.902991
-35.008873
-43.760538
-50.534521
-55.440153
-57.653189
-59.080635
-59.133768
-56.703091
-50.789458
-41.827304
-32.232659
-21.782773
-10.458572
0.909567
10.671275
20.804746
30.410801
39.295469
47.227315
53.317377
56.965181
58.149099
58.044195
56.966373
53.706169
45.601981
35.424232
25.899410
14.115913
2.962691
-6.634508
-17.460244
-27.859211
-37.643228
-45.813833
-52.116939
-56.052208
-57.787555
-59.097154
-58.390243
-55.058173
-48.053265
-38.721391
-28.896672
-18.240213
-6.829841
3.862381
13.521569
23.747512
33.158404
41.683231
49.136196
54.515600
57.309014
57.941335
57.600055
56.156431
51.652193
42.560441
32.522508
22.462096
10.432346
0.276225
-9.704317
-20.772048
-30.932597
-40.420634
-47.856569
-53.409679
-56.401491
-57.905912
-58.913401
-57.554415
-53.308691
-45.214551
-35.793952
-25.687729
-14.710597
-3.117493
7.079669
16.670057
26.661839
35.711186
44.124297
50.759145
55.410181
57.326726
57.680266
57.088648
54.807493
48.840046
38.882835
29.163020
18.449511
6.733281
-2.757992
-13.221502
-24.050815
-34.008026
-42.899506
-49.750635
-54.606710
-56.781088
-58.175325
-58.500937
-56.338481
-50.878354
-42.043584
-32.505308
-22.148235
-10.967595
0.349454
10.014091
20.031248
29.620784
38.466624
46.451603
52.528381
56.208883
57.427883
57.494811
56.386505
53.290469
45.683043
35.639490
26.035649
14.376300
3.226314
-6.155457
-16.784838
-27.208328
-37.028279
-45.253379
-51.568747
-55.612326
-57.245834
-58.595794
-58.001280
-54.906096
-48.183203
-38.911275
-29.171024
-18.486806
-7.171631
3.768376
13.279234
23.375750
32.649381
41.183744
48.652036
53.976604
56.906428
57.450533
57.196447
55.746010
51.381929
42.332751
32.440254
22.580964
10.557345
0.234161
-9.446996
-20.147051
-30.274561
-39.783716
-47.376837
-53.159850
-56.306975
-57.749067
-58.749744
-57.484593
-53.285871
-45.332909
-35.980259
-25.921379
-15.106031
-3.588711
6.707736
16.345978
26.425294
35.494396
43.836491
50.504037
55.362156
57.367257
57.605505
56.992429
54.774284
49.086469
39.160933
29.527630
18.977608
7.012742
-2.726316
-13.020550
-23.792471
-33.699444
-42.452982
-49.367802
-54.305622
-56.651320
-58.127471
-58.430263
-56.362152
-51.187277
-42.416709
-32.796179
-22.664070
-11.442900
0.136239
9.828465
19.598178
29.297897
38.086346
46.184404
52.323171
56.246689
57.527678
57.552712
56.607553
53.763219
46.512399
36.239113
26.618753
15.166998
3.833090
-5.658865
-16.317197
-26.891572
-36.693471
-44.967106
-51.236664
-55.577074
-57.345969
-58.776992
-58.434520
-55.524622
-48.964364
-39.685454
-29.885599
-19.287041
-7.924693
3.227166
12.836967
22.942509
32.291072
40.933234
48.655782
54.214171
57.171072
57.988507
57.809693
56.286199
52.298478
43.606588
33.427477
23.554564
11.460611
0.827483
-8.785384
-19.634621
-29.896327
-39.584296
-47.315870
-53.158147
-56.544372
-58.088814
-59.220621
-58.003834
-54.211957
-46.527215
-37.020956
-27.054208
-16.170740
-4.523311
5.942924
15.656097
25.812558
34.918104
43.389627
50.421102
55.544206
57.781764
58.133772
57.703257
55.892978
50.465379
40.783542
30.875036
20.363501
8.137056
-1.660926
-11.877843
-22.830793
-32.892908
-42.157173
-49.370187
-54.615225
-57.174989
-58.537040
-59.150628
-57.253156
-52.397421
-43.854884
-34.282378
-23.978438
-12.722697
-1.148326
8.832387
18.406425
28.272016
37.289347
45.573371
51.950557
56.233236
57.973351
58.152335
57.397059
54.980857
48.057181
37.723439
28.005157
16.733067
5.241292
-4.210813
-15.026501
-25.653839
-35.579886
-44.130087
-50.831522
-55.603811
-57.540621
-58.947631
-58.783804
-56.275981
-50.142833
-41.038820
-31.280518
-20.863158
-9.423665
1.888105
11.503526
21.583012
31.169823
39.993695
47.827448
53.848198
57.203770
58.277334
58.125939
56.807314
53.242275
44.942754
34.710339
24.916445
13.021231
2.117327
-7.558891
-18.436228
-28.778315
-38.447380
-46.458926
-52.546433
-56.239877
-58.007070
-59.212957
-58.277505
-54.674830
-47.456707
-38.067102
-28.202534
-17.527512
-6.063155
4.633154
14.325551
24.493592
33.875874
42.498282
49.795764
54.962465
57.575192
57.997874
57.668005
56.010314
51.293543
41.945832
31.965971
21.727085
9.673323
-0.489780
-10.440009
-21.421569
-31.623840
-41.010209
-48.456533
-53.971325
-56.883608
-58.308329
-59.227773
-57.669878
-53.172282
-44.854028
-35.347768
-25.253296
-14.203617
-2.708435
7.432870
17.335585
27.452707
36.428145
44.847727
51.489728
55.855683
57.703768
57.950020
57.290622
54.900646
48.741102
38.707256
29.089791
18.122537
6.421975
-3.244536
-13.781275
-24.533612
-34.498147
-43.318101
-50.201586
-54.941007
-57.036536
-58.426176
-58.638198
-56.454965
-50.852810
-42.065723
-32.471078
-22.103276
-10.743822
0.610352
10.369846
20.348345
30.125380
38.921833
46.842439
52.800349
56.521722
57.747364
57.792153
56.689126
53.579126
45.906646
35.702331
25.975874
14.231035
3.083433
-6.280116
-17.169714
-27.568340
-37.284408
-45.457567
-51.827601
-55.951561
-57.619810
-58.940819
-58.345284
-55.136510
-48.276697
-38.942269
-29.184989
-18.418687
-7.047994
3.854036
13.435738
23.585899
32.838413
41.478021
48.975945
54.426193
57.272400
57.865041
57.592392
56.008101
51.682166
42.734146
32.783747
22.738491
10.629041
0.371933
-9.301390
-20.351069
-30.520133
-40.070500
-47.690017
-53.363357
-56.537390
-58.060714
-59.066841
-57.686227
-53.554092
-45.646088
-36.211525
-26.144981
-15.174321
-3.483977
6.929977
16.529730
26.724679
35.719020
44.064692
50.935064
55.769852
57.760477
58.052370
57.657276
55.531263
49.738032
39.784397
30.029842
19.326380
7.169587
-2.605064
-12.880904
-23.727417
-33.626727
-42.634692
-49.727304
-54.743120
-57.091372
-58.668511
-59.078421
-57.033641
-51.750966
-42.922497
-33.326830
-23.055758
-11.842762
-0.442948
9.512901
19.523246
29.369252
38.280317
46.373095
52.751473
56.693554
58.168003
58.172601
57.079792
54.398945
47.417879
37.090438
27.446236
16.135488
4.386391
-5.188840
-15.975237
-26.742731
-36.606789
-45.033864
-51.553420
-56.085076
-57.773590
-59.103795
-58.927366
-56.230341
-49.893345
-40.530307
-30.641896
-20.012685
-8.438655
2.716609
12.437275
22.387675
31.959329
40.757826
48.469305
54.180452
57.445424
58.398076
58.304412
56.861809
53.029060
44.682707
34.309796
24.435350
12.464183
1.595531
-8.137907
-19.072465
-29.462406
-39.193971
-47.109468
-53.017139
-56.589161
-58.162553
-59.233052
-58.341878
-54.800510
-47.436101
-37.899699
-27.929544
-17.034326
-5.283867
5.538464
15.176194
25.157418
34.491164
43.168579
50.475938
55.647237
58.238336
58.632067
58.130537
56.390422
51.512037
41.868857
31.784943
21.383592
9.052583
-1.230921
-11.153562
-22.121668
-32.341651
-41.693960
-49.099411
-54.560048
-57.392120
-58.874743
-59.610605
-58.033977
-53.407465
-44.946841
-35.340445
-24.989503
-13.787236
-2.151557
8.124454
17.982040
27.994428
36.995581
45.393705
52.084412
56.730509
58.596134
58.803558
57.939121
55.537054
49.351283
39.112227
29.297045
18.291133
6.168910
-3.608465
-14.162915
-24.933304
-34.764154
-43.866805
-50.767149
-55.761678
-57.957343
-59.384618
-59.613330
-57.280575
-51.685061
-42.565039
-32.742534
-22.369964
-10.997227
0.655310
10.576078
20.687410
30.576842
39.523670
47.676904
53.925855
57.783127
59.070928
59.032100
57.916471
54.619142
46.903917
36.580563
26.880843
15.007598
3.541878
-6.046295
-17.069238
-27.628967
-37.548031
-45.944623
-52.363362
-56.576048
-58.380025
-59.534482
-59.179579
-56.152514
-49.377850
-40.042741
-30.086551
-19.413233
-7.911069
3.076792
12.771402
23.185185
32.715797
41.716610
49.299853
54.921934
58.016777
58.868442
58.759110
57.292495
53.181989
44.410229
34.131493
23.960386
11.922121
1.202651
-8.654935
-19.722836
-30.216149
-39.921658
-47.744002
-53.624596
-57.052885
-58.733736
-59.873206
-58.663232
-54.829802
-47.049693
-37.603889
-27.466842
-16.456332
-4.733460
5.889620
15.619823
25.896175
35.100835
43.750490
50.955500
55.944579
58.214154
58.720282
58.305774
56.454965
51.267999
41.566406
31.510251
20.810025
8.704322
-1.388277
-11.772939
-22.706475
-32.704898
-42.056186
-49.235650
-54.563284
-57.166304
-58.837448
-59.634277
-57.834387
-52.955151
-44.365270
-34.676109
-24.341345
-13.158151
-1.669952
8.437804
18.283810
28.206110
37.307399
45.595169
52.225930
56.615557
58.426857
58.604479
57.658468
55.236306
48.514094
38.403443
28.766905
17.397744
5.643197
-3.958770
-14.634814
-25.356497
-35.540547
-44.300556
-50.999267
-55.642469
-57.681629
-59.198141
-59.068033
-56.688786
-50.669227
-41.568279
-31.852722
-21.394661
-9.914637
1.473938
11.156287
21.181277
30.857325
39.673873
47.595331
53.506919
57.071447
58.231694
58.167492
57.002987
53.600754
45.576777
35.388470
25.818348
13.648953
2.816745
-6.727832
-17.768996
-28.209346
-37.970032
-46.106236
-52.352633
-56.298290
-58.124065
-59.378488
-58.571781
-55.264916
-48.206023
-38.835321
-28.951338
-18.141951
-6.661075
4.175391
13.752154
23.999725
33.321721
41.967630
49.289124
54.757084
57.534831
58.130196
57.840007
56.347166
51.686764
42.464733
32.402447
22.378308
10.217769
0.036274
-9.833404
-20.881040
-30.971084
-40.417910
-47.853674
-53.527696
-56.545394
-58.102778
-58.952911
-57.630539
-53.210940
-45.155287
-35.696881
-25.608369
-14.654739
-3.245899
6.885358
16.577584
26.528324
35.454716
43.881280
50.757783
55.578266
57.385138
57.543176
56.953600
54.924318
49.266645
39.165871
29.463257
18.869979
7.018702
-2.552441
-13.051885
-23.931265
-33.863783
-42.884690
-49.748932
-54.699353
-56.891101
-58.396203
-58.798109
-56.700366
-51.250117
-42.433739
-32.932929
-22.534983
-11.345829
0.208276
10.037082
19.890070
29.665061
38.507155
46.565533
52.589348
56.488514
57.711261
57.640416
56.569576
53.568057
46.152047
35.920995
26.267937
14.764411
3.530809
-5.833932
-16.554253
-27.101040
-36.918947

