-19.275120
-9.918894
-0.448908
9.217433
17.882586
26.740006
34.961190
41.108131
46.070984
48.303945
49.153226
49.229860
47.487872
43.592283
37.284068
28.920685
20.312752
12.254034
4.099948
-4.055330
-13.802392
-23.134436
-32.196556
-40.816409
-46.969482
-50.708055
-51.533154
-49.831867
-47.241279
-44.131790
-39.674214
-33.367191
-25.632722
-16.728810
-7.201603
2.234663
11.826924
20.427874
29.256684
36.958286
42.898655
47.098739
48.758984
49.449887
48.944610
46.636036
42.165518
35.134895
26.158776
17.706496
9.672131
1.684768
-6.779773
-16.627823
-25.726897
-35.230432
-43.290343
-48.429966
-51.391125
-51.388570
-48.985992
-46.224424
-42.567083
-37.770442
-31.009572
-23.008755
-13.696636
-4.361016
5.292041
14.585767
23.255008
32.065255
38.984844
44.460297
48.057522
48.878704
49.336297
48.744168
45.835802
40.631975
32.960176
23.930754
15.453781
7.127694
-0.903606
-9.929282
-19.621168
-28.543132
-37.890673
-45.382806
-49.840893
-52.044903
-51.345144
-48.671450
-45.818431
-41.866473
-36.309447
-28.959683
-20.515067
-11.073862
-1.721382
7.889952
17.093250
25.820562
34.426451
40.829863
45.968975
48.766136
49.566031
49.685069
47.975608
44.746058
38.723264
30.482667
21.576200
13.404233
5.101647
-2.901724
-12.588671
-22.052016
-31.088250
-40.322202
-46.728339
-50.664800
-52.000795
-50.309726
-47.827789
-44.808728
-40.574244
-34.650053
-26.963949
-18.176522
-8.571148
0.872782
10.693754
19.404888
28.300285
36.419800
42.512928
47.295604
49.224581
49.943924
49.768346
47.656979
43.167898
36.719867
27.976206
19.205468
10.970831
2.772127
-5.512408
-15.415975
-24.660996
-33.952679
-42.640482
-48.401185
-51.811593
-52.302905
-50.083739
-47.233275
-43.898310
-39.142200
-32.594374
-24.621316
-15.546254
-5.998782
3.751005
13.310058
22.084032
31.065941
38.496767
44.215407
48.211472
49.523967
50.045252
49.518858
46.958923
41.862726
34.466301
25.593894
17.071451
8.808885
0.463554
-8.224419
-18.246685
-27.141401
-36.581755
-44.558219
-49.501828
-52.303927
-52.085604
-49.639770
-46.916519
-43.111018
-38.019419
-30.994756
-22.680759
-13.237510
-3.636054
6.179299
15.544380
24.337087
33.133881
39.998463
45.558384
48.979010
50.068923
50.487518
49.321481
46.231747
40.645599
32.592160
23.467541
15.074185
6.813833
-1.272304
-10.461978
-20.223686
-29.339620
-38.866486
-46.170439
-50.572498
-52.590540
-51.515954
-48.952954
-46.009166
-41.904279
-36.285605
-28.878110
-20.381893
-10.889769
-1.397984
8.426394
17.555611
26.591505
35.056046
41.515146
46.581881
49.171448
50.070967
50.265789
48.669577
44.982944
38.780144
30.331612
21.345956
13.143335
4.986865
-3.218310
-12.964181
-22.462947
-31.604086
-40.819986
-47.378881
-51.239729
-52.463327
-50.856556
-48.195124
-45.213870
-40.863412
-34.830059
-26.931933
-18.050841
-8.551904
1.049382
10.915995
19.646202
28.858355
36.976167
42.958430
47.540154
49.356392
50.027030
49.898454
47.933715
43.559926
36.724636
28.034278
19.207171
11.069775
2.808741
-5.566222
-15.464851
-24.705614
-34.156186
-42.738744
-48.343965
-51.701920
-52.019187
-49.959591
-47.292709
-43.917043
-39.391518
-32.728229
-24.757215
-15.623229
-6.157500
3.565209
13.202088
21.889210
30.938387
38.334472
44.171980
48.270736
49.586466
50.166334
49.657992
47.177417
42.154108
34.749167
25.809663
17.232895
8.994171
0.949076
-8.034876
-17.816339
-26.888336
-36.477191
-44.378894
-49.385684
-52.057164
-51.768507
-49.292871
-46.564000
-42.599951
-37.495579
-30.525923
-22.282941
-12.948343
-3.525870
6.255252
15.501976
24.191311
33.007860
39.833954
45.265811
48.594304
49.620867
49.968106
48.846517
45.678275
40.153095
32.125882
23.105996
14.939819
6.665673
-1.385553
-10.703291
-20.400797
-29.309647
-38.734674
-45.804296
-50.208739
-52.151850
-50.972700
-48.464366
-45.659372
-41.584287
-35.934959
-28.458323
-20.003489
-10.470833
-1.109838
8.653062
17.579113
26.548760
34.886939
41.342463
46.408687
48.832893
49.863373
50.075054
48.360825
44.504915
38.333109
29.747146
20.686047
12.480702
4.296643
-3.677436
-13.422115
-22.827898
-31.928676
-40.906497
-47.205516
-50.922462
-51.932335
-50.113712
-47.550372
-44.421639
-40.002380
-33.883197
-26.035649
-17.264400
-7.909877
1.518215
11.284011
20.050662
29.070718
36.747285
42.766503
47.159706
48.907144
49.625635
49.418211
47.272955
42.814187
35.974639
27.209009
18.544878
10.269369
2.215249
-6.357261
-16.189643
-25.201525
-34.642901
-43.127196
-48.470157
-51.648957
-51.807846
-49.608946
-47.043903
-43.536595
-38.749320
-31.693152
-23.686886
-14.609269
-5.245720
4.310267
13.839858
22.624050
31.547376
38.645097
44.413805
48.198700
49.410888
49.818414
49.028226
46.315023
40.859665
33.263138
24.348838
16.015598
7.948365
-0.021117
-8.704151
-18.722500
-27.585200
-37.106616
-44.603518
-49.306154
-51.613705
-50.831693
-48.502002
-45.663289
-41.861704
-36.659922
-29.617889
-21.461759
-12.053081
-2.666031
7.182871
16.200032
25.133065
33.717837
40.248803
45.525517
48.337664
49.251318
49.515622
48.266649
44.914314
39.101839
30.979770
21.975381
13.748407
5.423512
-2.622775
-11.942898
-21.415608
-30.462401
-39.654970
-46.243668
-50.302744
-51.752499
-50.297635
-47.760010
-44.883490
-40.494204
-34.598112
-27.121476
-18.622024
-9.051050
0.427280
10.130576
18.856866
27.742386
35.803318
41.869708
46.605042
48.760857
49.670594
49.777201
47.772782
43.607439
36.930016
28.328896
19.585064
11.355196
3.307717
-4.958085
-14.650992
-23.733548
-32.954386
-41.638613
-47.445808
-50.966740
-51.773446
-49.723898
-47.108446
-43.904781
-39.291212
-32.831601
-24.960382
-16.068050
-6.708418
2.893891
12.401513
21.092892
30.196054
37.503924
43.374981
47.429630
48.681157
49.299513
48.753193
46.368497
41.416883
34.113271
25.271007
16.888550
8.855718
0.941242
-7.704156
-17.528534
-26.454244
-35.868543
-43.784210
-48.613548
-51.208564
-50.903899
-48.534019
-45.833417
-42.177268
-37.009886
-30.043295
-21.935701
-12.811593
-3.516844
6.094660
15.180281
23.963792
32.592842
39.267710
44.689349
47.786066
48.742124
49.062967
48.019375
45.091425
39.484671
31.608684
22.602933
14.279910
6.237030
-1.781668
-11.008297
-20.460061
-29.483693
-38.688523
-45.484134
-49.832548
-51.605701
-50.377846
-47.980377
-45.056002
-40.897982
-35.075290
-27.728762
-19.272736
-9.756940
-0.464065
9.096350
17.774957
26.707649
35.069670
41.179316
46.164989
48.383985
49.153396
49.067736
47.147274
43.409041
37.048544
28.781891
19.960063
11.940343
3.856421
-4.355226
-14.048815
-23.322276
-32.582113
-41.275024
-47.272103
-50.708396
-51.413434
-49.458572
-46.801056
-43.758324
-39.443459
-33.128943
-25.248698
-16.408137
-7.011890
2.539669
12.108428
20.548276
29.516220
37.025043
42.918410
47.075748
48.724583
49.418892
48.935584
46.555655
41.997944
34.854071
26.057788
17.570598
9.233270
1.131466
-7.415158
-17.239026
-26.189600
-35.502740
-43.460131
-48.606907
-51.378693
-51.307678
-48.898458
-46.155282
-42.532682
-37.608147
-30.790908
-22.749220
-13.455493
-4.064356
5.602155
14.818907
23.376601
32.191617
38.968154
44.489588
47.824723
48.919065
49.319778
48.258986
45.421634
40.119886
32.300438
23.273911
15.047959
6.855045
-1.201289
-10.373252
-19.977263
-28.937374
-38.149357
-45.259680
-49.746547
-51.817724
-50.804615
-48.366785
-45.334271
-41.412285
-35.788161
-28.558288
-20.181281
-10.813815
-1.444987
8.349078
17.108236
26.113135
34.688371
41.091272
46.098062
48.516818
49.368654
49.483776
47.934566
44.296639
38.258178
29.898882
20.874568
12.634482
4.476309
-3.565890
-13.174840
-22.476571
-31.586885
-40.494544
-46.897105
-50.649302
-51.789113
-50.026008
-47.513928
-44.333764
-39.890834
-33.561843
-25.915418
-17.266784
-7.918222
1.334463
11.069775
19.605671
28.753110
36.682742
42.751517
47.158343
48.799344
49.346685
49.167190
47.002350
42.635202
35.900559
27.167286
18.521547
10.302918
2.167565
-6.217446
-15.975067
-25.218725
-34.610544
-42.917388
-48.310927
-51.437957
-51.662752
-49.499103
-46.804292
-43.536595
-38.612229
-31.857150
-23.775441
-14.541490
-5.192927
4.449572
13.750621
22.396020
31.439066
38.557393
44.273308
48.086643
49.212149
49.675192
48.873595
46.187128
41.039501
33.461707
24.568524
16.289268
8.005755
-0.127554
-9.003537
-18.860102
-27.780363
-37.178653
-44.719492
-49.385003
-51.772254
-51.047632
-48.550708
-45.906816
-42.192255
-36.851338
-29.700824
-21.361453
-11.870010
-2.590077
7.184574
16.219275
24.945736
33.612422
40.118865
45.384850
48.338686
49.311093
49.554620
48.347712
45.052256
39.292574
31.202180
22.305250
14.107568
5.890301
-2.331053
-11.815173
-21.387168
-30.375889
-39.619378
-46.178613
-50.289971
-51.894529
-50.443411
-47.881433
-45.010192
-40.789161
-34.890686
-27.330433
-18.654721
-9.195294
0.238419
9.969303
18.587623
27.558804
35.451310
41.577135
46.319451
48.452956
49.371890
49.269540
47.373431
43.324743
36.734853
28.194870
19.531420
11.360986
3.348419
-4.958766
-14.704806
-23.920536
-33.184460
-41.874136
-47.636202
-51.013231
-51.710435
-49.685921
-47.075748
-43.869529
-39.222240
-32.784598
-24.944033
-16.024283
-6.647791
3.088542
12.741429
21.411010
30.361584
37.793773
43.596540
47.594990
49.010175
49.738884
49.142156
46.590567
41.966949
34.774882
25.823457
17.319918
9.049858
0.912292
-7.739237
-17.558507
-26.677336
-36.045824
-43.876852
-48.988887
-51.623923
-51.394701
-48.988036
-46.347550
-42.690550
-37.570000
-30.518941
-22.358043
-13.032130
-3.777402
5.924872
14.969621
23.834024
32.561847
39.369719
44.968809
48.174007
49.175024
49.534014
48.581532
45.433215
39.888450
31.980787
23.198298
14.934369
6.800720
-1.119375
-10.414464
-20.096472
-29.190949
-38.633857
-45.691218
-49.952950
-51.894188
-50.793546
-48.238891
-45.354026
-41.452646
-35.959312
-28.452703
-19.952570
-10.425193
-1.090254
8.767843
17.590012
26.460545
34.947395
41.290692
46.261549
48.725775
49.580847
49.655097
48.038619
44.290338
38.034235
29.638324
20.702907
12.461628
4.220009
-3.818955
-13.389928
-22.701536
-31.892232
-40.750674
-47.147615
-50.930807
-51.854338
-49.989394
-47.503029
-44.276885
-39.888109
-33.761433
-26.128633
-17.497199
-7.960456
1.637254
11.410543
19.893135
28.801305
36.802803
42.859827
47.268357
49.049343
49.862180
49.501317
47.312805
42.781830
35.927636
27.274064
18.560375
10.342768
2.225127
-6.116629
-16.033820
-25.141409
-34.506491
-42.915174
-48.402037
-51.559721
-51.662581
-49.433027
-46.768188
-43.325084
-38.578170
-31.854255
-23.820230
-14.819418
-5.371230
4.388605
13.838666
22.505862
31.412840
38.488763
44.120720
47.806161
49.151863
49.684048
48.953295
46.334607
41.061129
33.495426
24.557284
16.271727
8.108616
0.059264
-8.791515
-18.535682
-27.614151
-36.977700
-44.619696
-49.321311
-51.703283
-51.194089
-48.785039
-45.945474
-42.170797
-37.018401
-29.816798
-21.390574
-12.060915
-2.725976
7.055657
16.202756
25.010109
33.727714
40.312665
45.603684
48.421281

