53.660018
53.747211
52.367960
49.925702
46.188320
40.619884
31.031711
20.228965
9.711470
-1.491649
-10.585615
-19.893306
-30.120952
-39.617504
-45.890297
-50.088508
-53.643840
-53.935221
-51.442044
-49.782821
-47.892162
-42.817082
-35.017048
-25.085381
-15.156269
-4.795449
6.748438
17.140763
26.967696
36.316599
43.428796
48.297303
52.116598
54.151331
53.711448
51.779577
49.094132
45.070818
38.265671
27.943168
17.582008
6.571327
-4.034383
-12.897083
-22.654704
-32.919305
-41.911602
-47.338179
-51.398788
-54.206678
-53.371702
-50.786734
-49.418552
-46.807528
-40.944304
-32.730103
-22.584370
-12.345995
-1.567943
9.740250
20.011663
29.883044
38.874660
45.020240
49.433538
52.795410
54.156099
53.121192
51.122904
47.985997
43.435778
35.475833
24.651459
14.243126
3.147806
-7.165500
-16.057151
-25.663035
-35.647324
-43.545791
-48.296962
-52.299840
-54.318564
-52.616426
-50.350257
-48.946823
-45.244864
-38.497448
-29.546363
-19.562244
-9.296451
1.857451
12.861490
22.980826
32.760927
41.052955
46.688659
50.902367
53.857906
54.332188
52.895376
50.460270
47.110149
41.842972
32.766206
21.813256
11.180128
-0.098603
-9.562629
-18.730504
-29.047046
-38.660935
-45.569454
-49.781799
-53.552219
-54.538591
-52.237511
-50.198010
-48.682349
-43.959958
-36.426953
-26.961395
-16.658817
-6.228345
5.218472
16.073670
25.810344
35.368374
42.884690
47.887223
51.845823
54.263387
54.131917
52.433014
49.852133
45.808383
39.659057
29.729434
19.062928
8.313486
-2.740451
-11.780603
-21.310363
-31.482662
-41.052955
-46.900170
-51.081351
-54.337638
-54.147073
-51.558018
-49.965211
-47.707217
-42.261396
-34.203700
-24.316481
-14.144182
-3.446170
8.078984
18.617255
28.683458
37.871769
44.682367
49.299002
52.965028
54.619993
53.882429
52.091564
49.068247
44.815540
37.537302
26.841164
16.271046
5.044767
-5.613736
-14.617273
-24.469239
-34.684624
-43.365274
-48.509325
-52.471161
-55.008616
-53.700890
-51.340035
-49.837317
-46.839203
-40.321350
-31.585864
-21.395343
-11.049339
-0.008174
11.318581
21.584545
31.399046
40.230581
46.231065
50.510168
53.845985
54.796423
53.738356
51.577772
48.200062
43.339389
34.916742
23.914576
13.468947
2.048867
-7.909366
-17.082861
-27.310167
-37.377732
-45.095512
-49.819435
-53.809711
-55.453437
-53.428752
-51.175015
-49.598728
-45.539992
-38.488763
-29.301473
-19.045387
-8.547306
2.881289
14.066015
24.115188
33.962727
42.268208
47.780105
51.908323
54.695777
54.932833
53.418534
50.894022
47.311783
41.861534
32.290220
21.425826
10.668380
-0.694650
-10.104350
-19.497020
-29.794489
-39.613588
-46.487536
-50.915820
-54.600920
-55.192028
-52.625281
-50.762040
-49.023799
-44.090748
-36.316259
-26.727404
-16.555446
-5.937474
5.719151
16.569410
26.633910
36.186661
43.668406
48.601116
52.686249
54.966211
54.582357
52.902869
50.289120
46.212673
39.890494
29.739141
18.978459
7.907833
-3.278255
-12.449196
-22.205796
-32.453707
-41.751862
-47.724588
-51.852124
-55.200543
-54.779564
-52.207879
-50.602130
-48.145226
-42.374815
-34.151077
-24.098498
-13.707025
-2.972909
8.756433
19.327402
29.399906
38.643224
45.223406
49.885852
53.450210
55.059876
54.198674
52.261012
49.428259
45.051064
37.550756
26.779345
16.266789
4.997424
-5.666188
-14.763389
-24.610588
-34.842832
-43.435948
-48.640796
-52.767311
-55.398771
-54.210765
-51.705156
-50.480877
-47.111682
-40.585824
-31.885590
-21.650451
-11.380741
-0.210149
11.115244
21.474702
31.435660
40.494374
46.593291
50.914798
54.273605
55.187089
53.960766
51.774127
48.499789
43.479034
34.892900
23.984568
13.462986
2.127716
-7.704326
-17.035007
-27.249200
-37.363768
-44.946841
-49.682174
-53.774800
-55.243458
-53.192718
-51.119328
-49.668040
-45.538289
-38.324935
-29.127598
-18.920728
-8.585964
2.866983
14.054435
24.110249
33.895629
41.971718
47.389099
51.604850
54.280417
54.585934
53.151846
50.744670
47.164304
41.543075
31.816278
21.123716
10.472025
-0.834976
-9.930815
-19.242764
-29.510600
-39.331061
-45.985154
-50.559895
-54.460253
-54.931470
-52.443062
-50.543717
-48.666341
-43.738059
-36.013297
-26.324306
-16.307831
-5.744355
5.846534
16.734941
26.786327
36.350659
43.680498
48.527547
52.493300
54.580144
54.082530
52.349057
49.780096
45.881101
39.319992
28.853927
18.370833
7.274491
-3.679650
-12.679611
-22.397041
-32.654149
-41.655472
-47.231572
-51.509483
-54.685729
-54.105520
-51.563978
-50.297124
-47.672987
-41.749137
-33.453703
-23.546730
-13.297115
-2.477680
8.984974
19.368614
29.220922
38.385562
44.850792
49.721854
53.415128
54.767643
53.807327
51.831858
48.950911
44.587169
36.879948
26.024069
15.646560
4.333939
-5.941561
-15.070268
-25.120803
-35.241842
-43.686628
-48.603841
-52.690676
-54.842234
-53.191185
-50.942387
-49.469130
-46.287434
-39.558070
-30.730452
-20.492588
-10.209084
1.066412
12.339354
22.317001
32.243218
40.709121
46.376331
50.550699
53.585597
54.349729
53.045750
50.926890
47.550031
42.501688
33.540215
22.720439
12.242964
0.995568
-8.412089
-17.699855
-27.965478
-37.963731
-45.109476
-49.540486
-53.438119
-54.473366
-52.327769
-50.445625
-48.826933
-44.438669
-37.181548
-27.778149
-17.641953
-7.193599
4.295622
15.184028
25.215149
34.769944
42.608465
47.741958
51.640783
53.981713
54.102114
52.637373
50.160544
46.365772
40.268047
30.257021
19.493103
8.673498
-2.265828
-11.187281
-20.612478
-30.951670
-40.421486
-46.583244
-50.760337
-54.255724
-54.246358
-51.642486
-50.103835
-47.819104
-42.255776
-34.244742
-24.509089
-14.464344
-3.875324
7.415840
18.004349
27.967181
37.280151
44.161933
48.880747
52.668197
54.291316
53.562948
51.843779
49.057858
44.907161
37.920816
27.255501
16.996350
5.911759
-4.663467
-13.580493
-23.531914
-33.886092
-42.653935
-47.758647
-51.829304
-54.497719
-53.272758
-50.892149
-49.691881
-46.751329
-40.458781
-31.806912
-21.758420
-11.493308
-0.428472
10.732412
20.784821
30.619758
39.335149
45.430831
49.850260
53.177220
54.063797
52.909681
50.858259
47.570126
42.893716
34.392902
23.617404
13.343096
2.022811
-7.659537
-16.710418
-26.647023
-36.475829
-44.018200
-48.576593
-52.594628
-54.233755
-52.102464
-50.109114
-48.731736
-44.527905
-37.567445
-28.339114
-18.221140
-8.105891
3.185613
14.073168
23.897886
33.588069
41.572196
46.969652
50.895895
53.513561
53.744486
52.256073
49.819435
46.163968
40.620395
31.163352
20.507915
9.928771
-1.293932
-10.426215
-19.772564
-30.010768
-39.367676
-45.748608
-49.736329
-53.464855
-53.741251
-51.287413
-49.791677
-47.846692
-42.710475
-35.015004
-25.202036
-15.168701
-4.611356
6.744351
17.167159
27.009249
36.250693
43.220690
48.031296
52.006245
53.862674
53.260667
51.505395
48.790830
44.613736
37.860530
27.452878
17.203774
6.240095
-4.221712
-13.044221
-22.767101
-32.982997
-41.701283
-47.111000
-51.100935
-53.874935
-53.086962
-50.703968
-49.432005
-46.703305
-40.692602
-32.264505
-22.151981
-12.060404
-1.127720
10.123253
20.297425
30.175447
39.037977
45.109306
49.414805
52.789961
53.971325
52.935396
50.973381
47.836133
43.121236
34.955229
24.059670
13.825042
2.605064
-7.238558
-16.160011
-26.151453
-36.152772
-43.912615
-48.497745
-52.495343
-54.254532
-52.311250
-50.097704
-48.830509
-44.887406
-38.064889
-28.908423
-18.760306
-8.609806
2.539498
13.544219
23.361785
33.255645
41.323900
46.796118
50.791332
53.554262
53.806135
52.342245
50.081185
46.472890
41.193621
31.940767
21.192517
10.572502
-0.699588
-9.868145
-19.143139
-29.268776
-38.903952
-45.586824
-49.846513
-53.633281
-54.310731
-51.923139
-50.103835
-48.301561
-43.386391
-35.726002
-26.021004
-16.075713
-5.510875
5.878040
16.495841
26.281561
35.844871
43.282849
48.352991
52.140440
54.179941
53.660359
51.666158
49.121380
45.137746
38.757495
28.635263
18.256051
7.338864
-3.539494
-12.584754
-22.187914
-32.407727
-41.456904
-47.050714
-51.057850
-54.072653
-53.455830
-50.916161
-49.519539
-46.907323
-41.306530
-33.144610
-23.105826
-12.941190
-2.095529
9.358100
19.571781
29.461724
38.291216
44.800213
49.321651
52.900655
54.368973
53.369147
51.380566
48.328979
43.885708
36.228555
25.425298
15.076910
3.855910
-6.335633
-15.217406
-25.178194
-35.364287
-43.635028
-48.487357
-52.378518
-54.491758
-52.977289
-50.665992
-49.290827
-45.897790
-39.266007
-30.335188
-20.185368
-9.957893
1.210655
12.449196
22.538389
32.258034
40.567092
46.354362
50.483261
53.559882
54.316180
52.866936
50.676210
47.277382
42.097739
33.171347
22.193534
11.683873
0.433070
-9.010349
-18.222673
-28.181928
-37.868874
-44.856242
-49.310071
-53.256069
-54.389409
-52.159854
-50.352982
-48.757281
-44.218302
-36.760228
-27.365855
-17.161199
-6.888594
4.438843
15.309879
25.214638
34.826483
42.614767
47.795773
51.820108
54.268496
54.120507
52.489213
49.983604
45.988389
40.138108
30.073949
19.452572
8.654424
-2.495391
-11.470829
-20.952906
-31.185661
-40.569476
-46.567236
-50.602470
-53.971665
-53.997721
-51.299163
-49.875804
-47.725950
-42.306866
-34.286635
-24.411849
-14.205149
-3.486020
7.855552
18.297093
28.104952
37.291050
44.191735
48.854862
52.536896
54.238183
53.486483
51.815850
49.016476
44.786930
37.634032
26.922737
16.536542
5.365951
-5.197866
-14.051029
-23.869787
-34.145287
-42.697702
-47.919750
-52.067552
-54.688113
-53.603138
-51.195792
-49.777882
-46.684742
-40.549891
-31.891891
-21.674633
-11.556489
-0.362737
10.919741
21.168164
31.001738
39.786441
45.965569
50.401006
53.647927
54.673127
53.402015
51.259824
47.958067
43.343306
34.903628
24.009432
13.672965
2.209970
-7.694960
-16.834566
-26.839290
-36.905323
-44.553110
-49.239397
-53.119830
-54.707187
-52.717243
-50.518513
-49.187456
-45.162439
-38.225140
-29.067482
-18.835238
-8.413281
2.959115
13.928754
23.909807
33.715452
41.740281
47.062125
51.311255
54.134471
54.471833
52.899122
50.571135
46.898467
41.328158
31.989302
21.278007
10.605029
-0.702313
-10.012048
-19.491059
-29.753106
-39.427621
-46.024663
-50.297124
-54.065500
-54.599898
-52.240406
-50.457375
-48.603841
-43.585471
-35.925933
-26.089123
-16.087294
-5.523818
6.073543
16.866582
26.657581
36.312342
43.639285
48.510688
52.353314
54.296255
53.936073
52.322320
49.712317
45.490265
38.853543
28.705938
18.275976
7.259335
-3.591776
-12.464694
-22.266081
-32.535451
-41.640997
-47.246558
-51.356043
-54.577419
-54.016624
-51.537582
-50.034182
-47.507286
-41.647128
-33.329725
-23.371833
-13.250113
-2.476147
9.040833
19.412211
29.359545
38.544621
45.016153
49.593278
53.211451
54.465362
53.542342
51.757097
48.750128
44.259003
36.591632
25.726897
15.306132
4.031147
-6.157500
-15.151841
-25.074993
-35.115140
-43.457917
-48.309224
-52.414792
-54.711444
-53.164107
-50.883463
-49.563646
-45.964548
-39.374147
-30.405521
-20.347323
-10.209765
0.945159
11.928422
21.914925
31.878608
40.428979
46.099935
50.444603
53.675175
54.251296
52.910021
50.742456
47.379732
42.347227
33.627408
22.862979
12.413604
0.962700

