-15.706335
-26.359047
-36.283391
-44.885022
-51.384994
-55.793524
-57.670219
-59.154034
-58.809519
-55.975573
-49.580165
-40.511404
-30.743224
-20.145859
-8.614063
2.636399
12.154409
22.262335
31.790393
40.522303
48.270566
53.975242
57.170561
58.010135
57.730845
56.393317
52.634989
44.173683
33.832107
24.135283
12.105192
1.522303
-8.109297
-19.013371
-29.278823
-38.960832
-46.871390
-52.873577
-56.306805
-57.852439
-58.931964
-57.849203
-54.185220
-46.711990
-37.251030
-27.470589
-16.785860
-5.045959
5.559070
15.084743
25.191648
34.333127
42.811121
49.772263
54.876804
57.262182
57.875940
57.415111
55.584056
50.457205
40.825094
31.138148
20.577737
8.600610
-1.360519
-11.399133
-22.352934
-32.410622
-41.671651
-48.820121
-54.239035
-56.839330
-58.224542
-58.805261
-56.993280
-52.355017
-43.965408
-34.409591
-24.173941
-13.223205
-1.663651
8.533342
18.451895
28.277465
37.262099
45.417207
51.743644
55.825029
57.357720
57.593925
56.914261
54.430280
47.722374
37.479401
27.970757
16.859940
5.005257
-4.268544
-14.895712
-25.461912
-35.311324
-44.066906
-50.404412
-55.092233
-57.190146
-58.600562
-58.553900
-55.961439
-49.921444
-40.994372
-31.230790
-20.823819
-9.499959
1.603876
11.168889
21.274430
30.912501
39.731775
47.560419
53.417512
56.749412
57.749237
57.636329
56.494985
53.040470
44.807536
34.455402
24.722644
12.906109
1.958098
-7.511207
-18.383946
-28.656381
-38.371938
-46.274321
-52.315337
-55.898939
-57.533639
-58.807816
-57.932990
-54.470301
-47.104018
-37.747111
-27.897358
-17.257929
-5.691051
4.921130
14.374767
24.379492
33.657381
42.228699
49.402203
54.501976
57.172094
57.685035
57.237829
55.515766
50.783498
41.434935
31.630993
21.253143
9.286574
-0.763791
-10.640962
-21.561895
-31.731980
-40.952478
-48.308032
-53.942204
-56.739875
-58.062928
-58.858735
-57.242257
-52.746534
-44.441223
-34.950120
-24.869101
-13.764586
-2.254248
7.862704
17.643826
27.547734
36.558424
44.888088
51.528215
55.743456
57.623557
57.770184
57.011332
54.612330
48.218625
38.200957
28.642075
17.456327
5.520242
-3.852163
-14.252663
-24.943011
-34.733159
-43.531827
-50.256593
-55.059535
-57.190657
-58.604479
-58.514391
-56.211948
-50.471851
-41.466951
-31.865324
-21.405390
-10.228157
1.205547
10.870695
20.801680
30.442136
39.146628
47.106913
53.012712
56.633268
57.726928
57.760988
56.715693
53.444930
45.562812
35.280160
25.755337
14.125790
2.790519
-6.940195
-17.694235
-28.114489
-37.760224
-45.977150
-52.073002
-55.983407
-57.719435
-59.098176
-58.468240
-55.118629
-48.060247
-38.797344
-28.854438
-18.139907
-6.587846
4.227843
13.775485
23.843391
33.243554
41.892018
49.241100
54.633958
57.346821
57.907104
57.623046
56.064640
51.755394
42.598248
32.448087
22.461414
10.373422
-0.077145
-9.840727
-20.820924
-31.009912
-40.389470
-47.835793
-53.421089
-56.606872
-57.997193
-59.035846
-57.721138
-53.575039
-45.503548
-35.967486
-25.812217
-14.831850
-3.173862
7.082224
16.747543
26.748010
35.826138
44.362034
51.233939
55.915969
57.991913
58.273929
57.647739
55.486645
49.686602
39.731775
29.818330
19.101586
7.073028
-2.778258
-13.095651
-24.023908
-34.113952
-43.124471
-50.106389
-55.181810
-57.421752
-58.735098
-59.180260
-57.105507
-51.853997
-43.110166
-33.339432
-22.900615
-11.658839
-0.064714
9.873424
19.835234
29.601370
38.454703
46.623264
52.930968
56.963989
58.385815
58.282443
57.436228
54.543870
47.325918
36.977359
27.225528
15.767813
4.051413
-5.399840
-16.112838
-26.673079
-36.619902
-45.272282
-51.789284
-56.237664
-58.167321
-59.457677
-59.048278
-56.204626
-49.731561
-40.413993
-30.538184
-19.872870
-8.312634
2.952474
12.615408
22.743429
32.315254
41.170291
48.999786
54.808174
58.015415
58.880023
58.610439
57.285173
53.330660
44.744185
34.430879
24.446079
12.361663
1.432385
-8.460964
-19.285168
-29.661485
-39.323739
-47.197342
-53.231035
-56.863342
-58.540276
-59.767962
-58.633941
-54.985455
-47.437123
-38.042920
-28.041090
-17.071451
-5.395923
5.375828
15.049492
25.209529
34.563201
43.222734
50.487859
55.703606
58.322975
58.810711
58.448996
56.715182
51.699196
41.989599
31.963587
21.620137
9.186608
-0.978708
-11.037758
-22.188595
-32.346249
-41.683572
-48.947505
-54.514578
-57.342563
-58.846814
-59.695755
-58.045387
-53.488868
-44.963871
-35.466296
-25.165933
-14.010838
-2.259357
8.027724
17.904724
27.830941
36.901746
45.360497
52.014249
56.541647
58.406081
58.610269
57.879686
55.462633
49.110651
38.967814
29.200486
18.055098
6.217786
-3.414495
-13.796432
-24.746486
-34.932750
-43.793576
-50.541673
-55.300338
-57.443210
-58.938776
-59.195416
-57.070766
-51.316363
-42.415346
-32.669987
-22.222144
-10.882446
0.537123
10.393517
20.397050
30.223301
39.133174
47.186272
53.345135
57.102782
58.367423
58.454275
57.476589
54.319586
46.635015
36.191429
26.615347
14.841897
3.467628
-6.082399
-16.967569
-27.481147
-37.375859
-45.776027
-52.020039
-56.013891
-57.839836
-59.171915
-58.634281
-55.637700
-48.869167
-39.572886
-29.704911
-18.931968
-7.353851
3.451960
13.154234
23.282426
32.622984
41.385038
48.934221
54.499252
57.561057
58.298962
58.060374
56.563956
52.460432
43.512753
33.339262
23.353951
11.386190
0.881127
-9.007113
-19.873551
-30.242375
-39.800235
-47.554459
-53.428922
-56.692021
-58.179583
-59.260130
-58.078766
-53.988184
-46.169758
-36.767721
-26.817662
-15.816518
-4.179989
6.322861
15.939644
26.017257
35.122292
43.710811
50.625801
55.472170
57.695934
58.131218
57.589837
55.565664
50.062963
40.291888
30.533246
19.868953
7.677078
-2.016510
-12.364558
-23.200171
-33.169985
-42.194298
-49.256427
-54.568052
-57.051182
-58.502640
-58.969940
-56.989534
-52.052736
-43.371405
-33.865145
-23.627792
-12.524298
-1.023156
9.005921
18.859931
28.705767
37.648167
45.898642
52.185740
56.330306
57.801179
57.953596
57.182142
54.455485
47.591243
37.500007
28.084687
16.611474
4.898991
-4.611867
-15.353816
-25.983368
-36.085674
-44.619867
-51.058871
-55.590868
-57.536704
-58.940819
-58.797428
-56.058168
-49.956867
-40.762935
-31.113625
-20.498719
-9.070294
2.185958
11.893851
21.913222
31.425101
40.175744
47.878027
53.507260
56.842906
57.829108
57.707514
56.564127
52.870001
44.406142
34.457615
24.835723
12.870346
1.858984
-7.699898
-18.457345
-28.777122
-38.436651
-46.443088
-52.403552
-56.102106
-57.699680
-59.032440
-58.214494
-54.609435
-47.313316
-37.849290
-27.964115
-17.243624
-5.675214
4.890306
14.537403
24.652481
33.972774
42.596204
49.850089
54.876464
57.408639
57.860272
57.411875
55.704457
50.974744
41.621923
31.606129
21.342209
9.329319
-0.861032
-11.105367
-21.932125
-32.031366
-41.349956
-48.630238
-54.067203
-56.877988
-58.333022
-59.064797
-57.452577
-52.949531
-44.574397
-35.032034
-24.854285
-13.696636
-1.989944
8.150339
17.740897
27.641058
36.689895
44.995717
51.624094
56.028707
57.822977
58.047431
57.244641
54.874761
48.524312
38.511923
28.721264
17.699514
5.837509
-3.781489
-14.066866
-24.867058
-34.799235
-43.681519
-50.474916
-55.280754
-57.482038
-58.732884
-58.920213
-56.551184
-50.815684
-41.838203
-32.169138
-21.774258
-10.339533
1.136916
11.052064
20.966530
30.606985
39.360012
47.274828
53.285360
56.857211
58.013030
57.992254
56.885821
53.683349
45.883485
35.620587
25.940623
14.227969
2.771616
-6.748097
-17.519678
-28.013332
-37.770101
-45.909371
-52.139248
-56.148938
-57.874237
-59.315988
-58.560371
-55.359772
-48.487868
-39.145265
-29.147523
-18.420219
-6.940195
4.004921
13.600588
23.637329
33.118214
41.801419
49.174002
54.649455
57.606527
58.359248
57.982377
56.459733
52.059378
42.961495
32.858167
22.917986
10.842085
0.370230
-9.567567
-20.680938
-30.884232
-40.402753
-48.067570
-53.827933
-56.923458
-58.344603
-59.316669
-58.127982
-53.937946
-45.977831
-36.459480
-26.327372
-15.247038
-3.513268
7.002183
16.726596
26.712758
35.859006
44.347218
51.119498
55.759294
57.894332
58.213983
57.658979
55.465358
49.742290
39.973089
30.216319
19.406421
7.362366
-2.367496
-12.736661
-23.628644
-33.653293
-42.693274
-49.627679
-54.714169
-57.193041
-58.672088
-59.093578
-57.189124
-52.010502
-43.264627
-33.600671
-23.281063
-11.965718
-0.473431
9.369169
19.308669
29.094219
37.996258
46.287945
52.511692
56.492601
57.973691
58.079277
57.232210
54.517133
47.292709
36.997795
27.406556
15.912226
4.299879
-5.281142
-16.009808
-26.675633
-36.473955
-44.985499
-51.399810
-55.726596
-57.637862
-58.938946
-58.774267
-56.029388
-49.618993
-40.458781
-30.598470
-19.889729
-8.434568
2.656834
12.251990
22.340332
31.837566
40.488413
48.190185
53.941693
57.243109
58.054073
57.876621
56.544883
52.775315
44.262409
34.096241
24.314438
12.223891
1.474619
-8.090053
-19.038234
-29.395308
-39.088726
-47.023637
-52.946295
-56.374414
-57.959046
-59.126956
-58.059522
-54.395710
-46.871390
-37.474292
-27.532578
-16.608409
-5.113057
5.611862
15.262025
25.353091
34.480095
43.165854
50.164121
55.196626
57.648761
58.146885
57.637010
55.840867
50.671271
40.974958
31.138318
20.747525
8.566039
-1.405137
-11.484793
-22.385291
-32.391889
-41.641678
-48.768520
-54.204294
-56.893485
-58.339153
-58.834042
-57.040112
-52.425521
-43.840749
-34.381662
-24.320909
-13.249772
-1.663480
8.375304
18.123899
28.139353
37.027938
45.283692
51.721164
56.022746
57.744128
57.910340
57.191849
54.729836
48.101119
37.898847
28.347288
17.154387
5.283185
-4.308905
-14.850923
-25.552171
-35.478728
-44.151545
-50.729683
-55.454459
-57.453428
-58.859927
-58.799471
-56.256226
-50.308364
-41.192429
-31.414543
-21.027837
-9.710618
1.600810
11.312280
21.393640
31.023536
39.885214
47.620194
53.454638
56.953941
57.992254
58.002642
56.796244
53.350244
45.237541
34.973110
25.330271
13.470990
2.302953
-7.111686
-17.979826
-28.353078
-38.041898
-46.132122
-52.164623
-56.029899
-57.743617
-58.996677
-58.215857
-54.894686
-47.786747
-38.457257
-28.461558
-17.707348
-6.214380
4.479374
14.124768
24.287701
33.573083
42.176247
49.490929
54.737159
57.504858
58.151143
57.858399
56.366239
51.775490
42.443446
32.414028
22.258588
9.874616
-0.448738
-10.234118
-21.212612
-31.310831
-40.696519
-48.159872
-53.828614
-56.770699
-58.244467
-59.126445
-57.695423
-53.384645
-45.271260
-35.534927
-25.455952
-14.407975
-2.661433
7.561275
17.107895
27.073962
36.222083
44.566904
51.207883
55.853810
57.767119
58.117083
57.449000
55.349214
49.321992
39.428473
29.824802
18.841709
6.768874
-3.126349
-13.411726
-24.207320
-34.212044
-43.024165
-49.928256
-55.045571
-57.295050
-58.779376
-59.146711
-57.019166
-51.510164
-42.567764
-32.888140
-22.438594
-11.140108
0.330380
10.227306
20.014559
29.793126
38.662808
46.855382
53.086111
56.937422
58.283125
58.265073
57.113171
54.319075
46.808720
36.583117
26.914733
15.272243
3.785917
-5.704165
-16.561406
-27.172225
-37.135908
-45.479877
-51.767145
-56.086438
-57.891437
-59.116227
-58.717046
-55.791310

