-60.455629
-53.389754
-44.585977
-33.979927
-21.209206
-8.033514
5.256108
16.799484
27.584348
38.255623
48.409871
56.793179
62.532084
66.149575
67.531041
65.276793
61.426844
55.523940
47.359296
37.644931
25.974512
12.832710
-0.247615
-12.224742
-24.652992
-36.394085
-46.042715
-54.364545
-60.705628
-65.004485
-67.580087
-66.642591
-63.625234
-58.510474
-50.556830
-41.376182
-29.986586
-17.076901
-3.803117
9.101629
20.285675
30.986411
41.479894
51.270894
59.054920
63.952208
66.879817
67.131860
64.048426
59.705632
52.860294
44.276374
33.874512
21.624054
8.391142
-4.190377
-15.951565
-28.349161
-39.368187
-48.594815
-56.486130
-61.842714
-65.887996
-67.359720
-65.643787
-62.123878
-56.227446
-47.913790
-38.201128
-25.899921
-12.975761
0.422682
12.886184
23.784637
34.411635
44.588702
53.904227
60.775110
65.087931
67.344393
66.202879
62.830278
58.085918
50.440686
41.466100
30.477558
17.783131
4.296814
-7.931164
-19.982883
-32.091992
-42.504072
-51.436424
-58.511496
-63.343559
-66.775935
-67.435333
-64.767599
-60.755185
-53.841557
-45.090233
-34.681899
-21.765743
-8.820295
4.367658
16.143663
26.806593
37.378073
47.593798
56.172269
62.235764
65.932444
67.474331
65.235581
61.414582
55.712632
47.727994
38.268055
26.821239
13.859442
0.669616
-11.256422
-23.567336
-35.254274
-45.152221
-53.765944
-60.125930
-64.565625
-67.330769
-66.771507
-63.816139
-59.020860
-51.366091
-42.374475
-31.079054
-18.145016
-4.750150
8.197001
19.338301
30.022689
40.455035
50.434726
58.251960
63.370637
66.506011
66.991023
64.110926
60.002974
53.289277
44.871739
34.644433
22.574152
9.313481
-3.270762
-15.145881
-27.436869
-38.503749
-47.734635
-55.790969
-61.336415
-65.470082
-67.230633
-65.577882
-62.095949
-56.384461
-48.228332
-38.561651
-26.603597
-13.870682
-0.655310
11.923313
22.748028
33.327000
43.679476
53.219455
60.225044
64.508234
67.140375
66.149916
62.719413
58.008943
50.659691
41.884865
31.198944
18.784319
5.202123
-6.987027
-19.153867
-31.380653
-41.863237
-50.904240
-58.075530
-62.868765
-66.581283
-67.394631
-64.996311
-60.981001
-54.325887
-45.611347
-35.356624
-22.764717
-9.729862
3.532001
15.467746
26.339633
36.727701
46.895572
55.783476
61.870813
65.743072
67.301648
65.400941
61.607020
56.015083
47.955513
38.434948
27.150937
14.220476
1.098428
-10.842425
-22.919178
-34.780332
-44.792209
-53.423643
-59.920720
-64.240524
-67.038536
-66.784280
-63.982350
-59.313944
-51.793201
-42.820999
-31.782218
-18.781594
-5.543062
7.560764
18.920047
29.595750
40.152243
50.160204
58.123214
63.548940
66.846439
67.551817
64.732177
60.675825
54.259981
45.782498
35.688537
23.642438
10.358436
-2.559934
-14.504024
-26.768446
-38.069657
-47.463008
-55.712632
-61.620304
-65.691812
-67.757198
-66.435337
-63.010795
-57.487658
-49.318927
-39.754425
-27.875389
-14.772926
-1.555852
11.257614
22.169862
32.766206
43.200254
52.910873
60.144833
64.833845
67.506347
67.080770
63.621487
59.025799
51.758630
42.937143
32.338585
19.897052
6.383487
-6.075757
-18.078089
-30.433621
-41.179998
-50.381763
-57.967390
-63.100542
-66.706794
-67.872490
-65.644809
-61.911345
-55.548804
-46.999795
-36.839928
-24.361270
-11.230877
2.318280
14.644350
25.377784
35.932234
46.218293
55.283138
61.943531
66.021340
68.091154
66.562040
62.921388
57.587283
49.610649
40.246419
28.981652
16.163758
2.788816
-9.324040
-21.687746
-33.756835
-44.009856
-52.848203
-59.828418
-64.470257
-67.601715
-67.704235
-64.906904
-60.405050
-53.134135
-44.253894
-33.568825
-20.740032
-7.566554
5.671978
17.482894
28.382369
38.922174
49.041510
57.635307
63.433307
67.036322
68.311521
65.863473
61.902148
55.768830
47.390631
37.552118
25.799274
12.575388
-0.667402
-12.653896
-25.153160
-36.797864
-46.675716
-55.266278
-61.562743
-65.840823
-68.403823
-67.563227
-64.452546
-59.158121
-51.121371
-41.771105
-30.144283
-17.094782
-3.789323
9.243829
20.494802
31.396832
42.042732
52.035195
59.682131
64.666782
67.775079
67.951850
64.830439
60.540778
53.626980
44.996228
34.550599
22.288561
8.727142
-3.980909
-16.091211
-28.524739
-39.713723
-49.074548
-57.162557
-62.771354
-66.726378
-68.583148
-66.983529
-63.371318
-57.451555
-49.002681
-39.067779
-26.773555
-13.723373
-0.273500
12.334245
23.234742
34.055540
44.548852
54.301705
61.336415
65.755333
68.225179
67.383051
63.901118
59.080975
51.475763
42.459454
31.575305
18.897908
5.418573
-7.082394
-19.491059
-32.023021
-42.649508
-51.703283
-58.975390
-63.958168
-67.597968
-68.296024
-65.833500
-61.714649
-55.106878
-46.459947
-35.932916
-23.102590
-9.736334
3.743001
15.800340
26.602915
37.019253
47.533682
56.457009
62.826361
66.798925
68.655184
66.690104
62.986442
57.334900
49.239397
39.700610
28.170688
15.169893
1.802274
-10.352646
-22.661175
-34.701313
-44.807366
-53.641796
-60.533285
-64.873525
-67.964622
-67.848478
-65.015384
-60.283116
-52.798646
-43.724775
-32.757350
-19.726583
-6.339209
6.908689
18.501282
29.348646
39.895092
49.974407
58.287382
63.811711
67.314591
68.285125
65.422228
61.523744
55.114542
46.621391
36.531346
24.546896
11.166164
-1.776559
-13.778210
-26.255676
-37.809781
-47.310420
-55.769682
-61.818191
-65.957648
-68.278994
-67.106996
-63.907760
-58.394841
-50.328970
-40.879250
-29.115166
-16.099385
-2.711841
10.280269
21.401814
32.151767
42.869023
52.679607
60.221979
64.993926
68.047047
67.834173
64.653158
60.151986
52.979503
44.179474
33.635242
21.163055
7.566384
-5.068779
-17.081329
-29.557432
-40.553468
-49.837317
-57.699169
-63.101053
-66.893952
-68.394627
-66.453389
-62.893629
-56.586947
-47.992298
-37.870748
-25.416102
-12.446301
0.990459
13.429948
24.383068
35.144091
45.519727
54.966382
61.698130
65.898214
68.146501
66.805737
63.256196
58.180945
50.467082
41.313512
30.134916
17.164264
3.616640
-8.686951
-20.802191
-32.962050
-43.277570
-52.111149
-59.145348
-63.871656
-67.383562
-67.984547
-65.565961
-61.434848
-54.272073
-45.541355
-34.720046
-21.740879
-8.616277
4.774332
16.577755
27.309486
38.121428
48.426049
57.293006
63.277142
67.189421
68.628107
66.387313
62.591859
56.574345
48.461812
38.810287
27.153492
13.877835
0.688178
-11.358942
-24.000747
-35.867691
-45.843635
-54.623059
-60.800314
-65.075159
-67.923750
-67.479270
-64.496313
-59.618609
-51.934208
-42.846373
-31.508207
-18.407447
-5.088363
8.033173
19.216027
29.895817
40.529285
50.497736
58.634281
63.922576
67.236934
67.724671
64.729452
60.697283
53.972517
45.442241
35.283566
23.280552
9.904248
-2.802440
-14.758280
-27.136973
-38.302796
-47.777721
-55.976425
-61.745814
-65.836055
-67.656040
-66.112110
-62.993084
-57.125262
-48.873595
-39.336000
-27.336563
-14.364379
-0.955377
11.593785
22.595440
33.263309
43.734823
53.364549
60.381549
64.854111
67.488466
66.840138
63.480479
58.776311
51.420586
42.571000
31.761612
19.270352
5.796467
-6.597723
-18.652167
-31.006677
-41.543927
-50.683703
-58.046579
-63.188757
-66.796030
-67.551988
-65.387998
-61.285496
-54.733753
-46.130078
-35.961866
-23.498535
-10.452271
2.814191
14.942374
25.611605
36.223616
46.571493
55.501631
61.774935
65.626928
67.544665
65.767424
62.231507
56.757075
48.673834
39.165361
27.828557
14.855010
1.599107
-10.260514
-22.495985
-34.416744
-44.354711
-53.004026
-59.666463
-64.250742
-67.192827
-67.090988
-64.206975
-59.531416
-52.086966
-43.163470
-32.080582
-19.233397
-6.073713
7.054465
18.362658
29.203211
39.771114
49.708400
57.782957
63.262156
66.597973
67.256178
64.530373
60.620819
54.217577
45.879739
35.808597
23.803541
10.524477
-2.307040
-14.040470
-26.419503
-37.743023
-47.255925
-55.425167
-61.339821
-65.428359
-67.538874
-66.332647
-63.155890
-57.702746
-49.472877
-40.035588
-28.266907
-15.408993
-2.093826
10.653394
21.712269
32.211542
42.792218
52.519866
59.906585
64.584357
67.446572
67.115000
63.815798
59.301002
52.044221
43.262584
32.697065
20.139388
6.639617
-5.789825
-17.820426
-30.156033
-41.013105
-50.198010
-57.748726
-62.871320
-66.611597
-67.776271
-65.685000
-61.993599
-55.598361
-47.023978
-36.881140
-24.371488
-11.228323
2.108642
14.342581
25.146518
35.661629
45.988730
55.180107
61.778000
65.805231
68.031720
66.436359
62.726055
57.507924
49.664293
40.403094
29.250383
16.349554
2.854552
-9.246383
-21.377121
-33.413512
-43.555158
-52.345991
-59.290443
-63.983202
-67.230293
-67.571061
-64.926147
-60.603959
-53.470135
-44.473580
-33.681222
-20.787546
-7.613216
5.603858
17.340864
27.902297
38.446018
48.660551
57.186910
63.068526
66.812720
67.962238
65.475873
61.551673
55.426019
47.130925
37.242685
25.612286
12.522255
-0.463213
-12.476785
-24.907589
-36.550079
-46.184914
-54.676703
-60.811554
-65.035990
-67.606143
-66.823108
-63.666957
-58.511836
-50.740753
-41.514976
-30.095918
-17.042330
-3.657000
9.274142
20.467724
31.216315
41.712693
51.506587
59.211424
64.204591
67.376409
67.338092
64.332315
60.087272
53.187609
44.501850
34.199612
21.882738
8.528743
-4.073041
-15.993799
-28.479440
-39.552961
-48.838173
-56.801864
-62.248196
-66.172225
-67.806925
-66.035645
-62.519312
-56.569406
-48.177583
-38.420643
-26.127951
-13.113533
0.308752
12.832880
23.928710
34.595217
44.803960
54.266453
61.021021
65.189089
67.614998
66.596099
63.077211
58.121000
50.657306
41.584798
30.566795
17.860106
4.477842
-7.758311
-19.841194
-31.900406
-42.298351
-51.231895
-58.485270
-63.341515
-66.797052
-67.525932
-65.040588
-60.967548
-54.112843
-45.420953
-34.979071
-22.180080
-9.227480
4.133156
15.970809
26.739325
37.327494
47.545433
56.364877
62.455620
66.161496
67.682947
65.600872
61.773402
56.050164
47.975608
38.483143
26.832819
13.754198
0.515325
-11.517661
-23.745980
-35.641364
-45.450415
-54.076399
-60.553551
-64.889022
-67.631858
-67.233018
-64.154693
-59.354646
-51.624094
-42.566742
-31.275068
-18.203769
-4.998616
8.067063
19.454956
30.185495
40.678637
50.628696
58.532783
63.928536
67.144632
67.608527
64.619269
60.570921
54.001638
45.459611
35.232135
23.155042
9.759665
-3.034217
-14.895371
-27.292797
-38.546153
-47.851971
-55.955819
-61.873027
-65.886804
-67.935331
-66.560337
-63.101734
-57.440485
-49.182177
-39.575611
-27.643612
-14.672109
-1.224279
11.557681
22.578750
33.180032
43.642521
53.206171
60.630526
65.146344
67.843028
67.397356
63.892944
59.200696
51.790306
42.916196
32.021318
19.341367
5.855901
-6.593296
-18.513203
-30.957120
-41.508504
-50.506762
-57.952063
-63.085215
-66.829239
-67.913362
-65.861089
-61.904873
-55.250440
-46.568768
-36.222764
-23.639372
-10.649817
2.834456
14.938286
25.696414
36.337546
46.801908
55.947133
62.405041
66.379138
68.342345
66.587755
62.857015
57.319914
49.374274
40.052618
28.822933
15.830994
2.344166
-9.803942
-22.091184
-34.436158
-44.496059
-53.383282
-60.082333
-64.654861
-67.776782
-67.742722
-64.973150
-60.559000
-53.243467
-44.354711
-33.360379
-20.279884
-7.068600
6.242480
18.072980
28.847456
39.414849

