-49.059221
-45.197862
-38.272824
-29.265540
-19.183159
-8.950404
2.236026
13.094119
23.097651
32.921178
41.102171
46.474593
50.635849
53.483418
53.886516
52.462987
50.099237
46.675376
41.252375
31.906537
21.337782
10.904244
-0.308411
-9.583064
-19.014052
-29.225179
-38.817780
-45.367139
-49.770560
-53.416831
-53.992782
-51.531110
-49.981049
-48.194442
-43.173688
-35.541568
-26.017768
-15.898432
-5.346877
6.018877
16.581161
26.444878
35.838740
43.019397
47.949212
51.686423
53.703444
53.457192
51.748582
49.048492
45.157671
38.647822
28.331109
17.874752
7.141829
-3.623622
-12.364558
-22.057635
-32.216992
-41.126183
-46.696663
-50.716060
-53.926706
-53.115402
-50.699200
-49.446992
-46.964373
-41.105407
-32.828024
-22.791454
-12.801886
-1.993861
9.303434
19.501788
29.327529
38.119214
44.585637
49.215896
52.851098
54.123742
53.108420
51.151684
48.187971
43.583768
35.774878
25.000572
14.742953
3.517696
-6.470510
-15.276670
-25.131192
-35.237074
-43.337686
-48.114743
-52.122048
-54.233585
-52.676371
-50.236157
-49.048492
-45.424189
-38.711514
-29.899393
-19.599880
-9.540490
1.487732
12.532984
22.465502
32.266208
40.543931
46.031475
50.342594
53.321975
53.881577
52.480187
50.216913
46.822173
41.671480
32.612937
21.873031
11.464698
0.148330
-9.120873
-18.215179
-28.167452
-37.890332
-44.854368
-49.192224
-53.099394
-54.045745
-51.824365
-49.992800
-48.319953
-43.571677
-36.172867
-26.722806
-16.634464
-6.201608
5.018200
15.544210
25.431429
35.001040
42.562485
47.541005
51.459585
53.613186
53.388391
51.708051
49.153566
45.264448
39.285932
29.176644
18.745490
8.013759
-2.820321
-11.841740
-21.390574
-31.417097
-40.429490
-46.264444
-50.291845
-53.678410
-53.263221
-50.741434
-49.315861
-47.034366
-41.467973
-33.236401
-23.411001
-13.491767
-2.825941
8.602142
18.799475
28.563057
37.583453
44.199739
48.708745
52.291495
53.934199
52.980355
51.061766
48.169068
43.786594
36.393234
25.759424
15.588658
4.240104
-5.823033
-14.716387
-24.536678
-34.573759
-42.913641
-47.742810
-51.703112
-54.198844
-52.730356
-50.296783
-48.953295
-45.608282
-39.042745
-30.354091
-20.321778
-10.219301
0.764642
11.872564
22.058487
31.666585
40.050064
45.834780
49.972194
53.111826
53.654739
52.454131
50.295421
46.983957
41.917903
33.083303
22.368772
12.030091
0.736884
-8.774826
-17.747198
-27.839456
-37.723439
-44.868844
-49.148798
-52.871874
-53.887708
-51.731212
-49.836976
-48.322167
-43.973582
-36.774703
-27.512653
-17.289094
-6.907497
4.330533
15.052727
24.941649
34.666743
42.386566
47.339712
51.386527
53.883621
53.849731
52.180631
49.737011
46.028750
40.068967
30.190604
19.509452
8.782489
-2.361366
-11.467763
-20.895004
-31.109367
-40.363414
-46.520744
-50.719636
-54.061413
-53.856203
-51.283155
-49.646923
-47.535726
-42.197534
-34.211533
-24.401801
-14.179604
-3.638097
7.834264
18.186740
27.940784
37.214415
44.093984
48.674856
52.438634
54.182495
53.534508
51.617793
48.757110
44.461318
37.448236
26.883909
16.421931
5.266326
-5.207062
-14.048815
-23.755857
-33.865316
-42.607273
-47.871385
-51.929780
-54.609605
-53.493125
-50.822667
-49.427748
-46.409879
-40.180513
-31.577349
-21.562576
-11.453458
-0.427621
10.981389
21.118777
31.025750
39.787974
45.825754
50.256082
53.483248
54.335764
53.098713
51.019192
47.872918
43.069635
34.863949
24.023567
13.610465
2.176932
-7.764953
-17.011336
-26.919161
-36.839076
-44.483457
-49.016987
-52.937269
-54.662568
-52.831003
-50.646237
-49.180984
-45.169762
-38.194316
-29.046365
-18.814802
-8.496557
2.722910
13.822317
23.903506
33.637796
41.690213
47.112363
51.227297
54.069587
54.380213
52.832365
50.438643
46.854189
41.309255
31.990153
21.289928
10.684047
-0.753403
-10.176046
-19.685541
-29.862949
-39.565393
-46.305827
-50.495522
-54.053409
-54.552555
-52.165645
-50.514936
-48.608950
-43.642691
-35.997118
-26.226044
-15.956674
-5.388090
6.036929
16.657966
26.723317
36.265680
43.684244
48.452105
52.261863
54.515260
54.160867
52.332708
49.668550
45.638595
39.223773
28.914213
18.365213
7.417543
-3.428289
-12.572493
-22.282600
-32.585008
-41.672332
-47.493492
-51.548651
-54.572310
-54.079975
-51.561253
-50.057684
-47.691039
-42.014974
-33.684458
-23.649761
-13.489894
-2.560275
8.953980
19.273928
29.267924
38.344179
45.039824
49.499784
53.121873
54.602964
53.819929
51.952090
48.984630
44.421639
36.817278
26.000227
15.542337
4.295451
-6.050553
-15.161719
-25.194202
-35.389151
-43.750150
-48.641648
-52.719968
-55.188792
-53.609950
-51.005738
-49.503531
-46.250309
-39.843661
-30.972787
-20.763704
-10.355711
0.790868
12.089866
22.278343
31.949793
40.673188
46.495880
50.760508
53.871870
54.578611
53.218433
51.100595
47.726801
42.773145
34.052644
23.139885
12.754883
1.330376
-8.414643
-17.541136
-27.660472
-37.602016
-45.070308
-49.694266
-53.412063
-54.813623
-52.773442
-50.765787
-49.127340
-44.748613
-37.522146
-28.304202
-18.036706
-7.544756
3.798859
14.779908
24.820055
34.512452
42.330878
47.608614
51.670245
54.339852
54.425682
52.662236
50.349576
46.581370
40.742499
30.963080
20.220109
9.483269
-1.646961
-10.892664
-20.403692
-30.694689
-40.088040
-46.524491
-50.729513
-54.189137
-54.374763
-51.856552
-50.311429
-48.172815
-42.951618
-35.135405
-25.417464
-15.307495
-4.659551
6.913458
17.428568
27.353253
36.951303
44.019222
48.801388
52.532979
54.589680
54.015943
52.293369
49.467257
45.324394
38.514308
28.075661
17.624583
6.465912
-4.237039
-13.207367
-23.112297
-33.406700
-42.235851
-47.746556
-51.902022
-54.662739
-53.783315
-51.325219
-50.134148
-47.285386
-41.165182
-32.547542
-22.444555
-12.359108
-1.367160
10.085957
20.370994
30.312708
39.098944
45.451266
49.872739
53.346498
54.539783
53.503343
51.517997
48.375130
43.708256
35.651752
24.828059
14.432328
3.168413
-6.770747
-15.665122
-25.664568
-35.834483
-43.865102
-48.704829
-52.720989
-54.673638
-52.982228
-50.784349
-49.438647
-45.634338
-39.095879
-30.085019
-19.922767
-9.752001
1.546996
12.724910
22.854635
32.852718
41.109324
46.812977
50.979342
54.077591
54.571458
53.265946
51.107577
47.557013
42.311294
33.083984
22.226231
11.609112
0.256130
-9.102481
-18.469606
-28.627941
-38.503408
-45.585121
-49.785205
-53.584746
-54.532460
-52.312102
-50.485645
-48.766817
-43.984481
-36.583798
-27.145318
-16.954626
-6.525687
4.899842
15.555280
25.471960
35.193988
42.621238
47.718116
51.715715
54.039615
53.821291
52.086626
49.739906
45.927252
39.778948
29.723474
19.288233
8.442061
-2.527918
-11.624438
-21.184853
-31.311342
-40.515832
-46.428442
-50.658839
-53.982735
-53.589003
-51.156964
-50.094468
-47.659193
-42.010546
-33.933435
-24.070059
-13.969455
-3.218481
8.153405
18.538237
28.406211
37.581069
44.327463
48.874106
52.517653
54.126297
53.381239
51.465716
48.593794
44.285400
36.903960
26.270321
16.025475
4.787615
-5.533866
-14.417512
-24.318525
-34.311329
-42.724950
-47.626325
-51.814147
-54.271562
-52.820614
-50.659520
-49.238716
-46.017000
-39.511068
-30.822924
-20.815645
-10.729688
0.181709
11.446306
21.335227
31.151090
39.760215
45.615605
49.957037
53.080661
53.868123
52.612509
50.561258
47.371217
42.350292
33.699615
23.095608
12.846845
1.449415
-8.071831
-17.268487
-27.494771
-37.393059
-44.656140
-49.038104
-52.972010
-54.074015
-52.041497
-50.039632
-48.502854
-44.230393
-37.066936
-27.675969
-17.548800
-7.240602
4.006454
14.662572
24.669852
34.351008
42.017358
47.059740
51.169055
53.666830
53.544726
51.879202
49.527884
45.847893
40.111371
30.345236
19.727605
9.167365
-1.868010
-10.857923
-20.411696
-30.621120
-40.101835
-46.235834
-50.387553
-53.765093
-53.638220
-51.111664
-49.659865
-47.691379
-42.354209
-34.500190
-24.818352
-14.745338
-4.090922
7.386208
17.865215
27.581794
36.956583
43.859482
48.490763
52.205324
54.064819
53.481715
51.653385
48.961980
44.720513
37.741831
27.269466
16.749586
5.632469
-4.850456
-13.764756
-23.514884
-33.730779
-42.477846
-47.733784
-51.736321
-54.466554
-53.286552
-50.754377
-49.486331
-46.477318
-40.266514
-31.655346
-21.596466
-11.406285
-0.536101
10.738373
20.895345
30.637469
39.379937
45.507806
49.865586
53.137881
54.218599
52.992616
50.859281
47.742299
43.053968
34.870420
24.182626
13.851268
2.444642
-7.354702
-16.350065
-26.351384
-36.317451
-44.072356
-48.727308
-52.725077
-54.427556
-52.594117
-50.402539
-49.050025
-45.142855
-38.169452
-29.094730
-18.922261
-8.683205
2.564022
13.731207
23.598501
33.322062
41.415691
46.790668
50.968272
53.852967
54.050854
52.486999
50.176552
46.641656
41.176421
31.666585
21.023239
10.597025
-0.574248
-9.930645
-19.279889
-29.389688
-38.917405
-45.616627
-49.822841
-53.485632
-54.067714
-51.746198
-50.005742
-48.087665
-43.219839
-35.578183
-26.098490
-15.961102
-5.427429
5.920274
16.501631
26.492391
36.005293
43.213538
48.093115
51.933527
54.154737
53.561074
51.919392
49.338170
45.378208
38.866997
28.623853
18.042837
7.179124
-3.591265
-12.519019
-22.256034
-32.406024
-41.369540
-46.995878
-51.083905
-54.217747
-53.604160
-51.106385
-49.782821
-47.155789
-41.200093
-32.900402
-22.857019
-12.811933
-2.046824
9.262562
19.638027
29.551983
38.424901
45.006445
49.487693
52.920239
54.231031
53.268160
51.251650
48.102481
43.706383
35.979067
25.218044
14.932496
3.745556
-6.411416
-15.357733
-25.202036
-35.253082
-43.375151
-48.180308
-52.165645
-54.256746
-52.712134
-50.365584
-49.106394
-45.631443
-39.044278
-30.163016
-19.939116
-9.870870
1.308407
12.430293
22.497858
32.301460
40.625845
46.330690
50.592422
53.539276
54.061413
52.726950
50.485986
47.061954
41.940893
33.002751
22.034645
11.612517
0.236375
-9.309564
-18.407617
-28.508391
-38.198914
-45.286587
-49.662590
-53.409508
-54.324525
-52.159854
-50.169230
-48.545940
-43.907166
-36.590270
-27.069705
-16.759123
-6.402390
4.905803
15.716553
25.621653
35.184111
42.705706
47.642674
51.699025
54.046937
53.797109
52.021572
49.609116
45.823370
39.760045
29.722282
19.129855
8.372750
-2.639123
-11.703627
-21.303041
-31.477383
-40.630954
-46.619517
-50.903388
-54.141283
-53.882599
-51.404919
-49.845661
-47.561952
-42.018550
-34.008878
-24.214983
-14.126131
-3.361872
8.149999
18.535682
28.354781
37.610531
44.366292
49.185753
52.802392
54.508107
53.811925
51.717758
48.801388
44.457231
37.312678
26.637656
16.218254
5.167382
-5.338533
-14.249257
-24.388858
-34.590789
-43.136222
-48.229865
-52.296604
-54.775476
-53.324529
-50.878354
-49.427237
-46.235323
-40.003742
-31.357322
-21.282434
-11.231218
-0.064543
11.309045
21.475213
31.361239
40.123463
46.123437
50.352812
53.565332
54.512365
53.319761
51.284518
47.947679
43.099267
34.651245
23.812396
13.287919
1.781668
-8.008650
-17.052548
-27.330262
-37.218843
-44.997249
-49.461808
-53.446804
-55.020196
-52.921772
-50.700562
-49.178600
-44.973407
-37.944147
-28.719902
-18.429245
-8.232423
2.998454
14.175858
24.234738
34.071718

