40.066753
45.419080
48.056671
48.901694
49.174854
47.811951
44.517347
38.696868
30.581781
21.732875
13.700894
5.447183
-2.493518
-11.887039
-21.344423
-30.527796
-39.640154
-46.095167
-49.945968
-51.464864
-49.881254
-47.356742
-44.475113
-40.380274
-34.496784
-27.009589
-18.261841
-8.937461
0.388963
10.140964
18.803392
27.640888
35.601684
41.685275
46.422652
48.348052
49.128703
48.985822
47.109979
42.982783
36.370754
27.754988
19.050496
10.987861
2.791711
-5.337851
-15.066862
-24.129152
-33.430713
-42.119367
-47.719308
-50.874949
-51.437787
-49.276693
-46.480383
-43.099097
-38.583449
-32.123498
-24.234908
-15.143156
-5.778755
3.670965
13.054780
21.525281
30.486073
37.761927
43.344838
47.329153
48.735142
49.282653
48.576083
46.130759
41.302443
33.911637
25.059836
16.653197
8.509159
0.459296
-8.186102
-18.001795
-26.789393
-36.115987
-43.960299
-49.041510
-51.582711
-51.294054
-48.793384
-46.031475
-42.365279
-37.029641
-29.992035
-21.957159
-12.610980
-3.197874
6.494181
15.625443
24.180583
33.037152
39.851155
45.237030
48.410892
49.310752
49.532141
48.381601
45.074224
39.467812
31.586885
22.546734
14.269011
6.028925
-1.775197
-11.062622
-20.833867
-29.734032
-38.977861
-45.874630
-50.098045
-51.875625
-50.600767
-47.922986
-44.934579
-40.878398
-35.163164
-27.641399
-19.130026
-9.830339
-0.403268
9.492465
18.315486
27.055229
35.298552
41.431189
46.462672
48.835278
49.545595
49.463000
47.807693
43.976648
37.539516
29.164723
20.327909
12.168373
3.876686
-4.388605
-13.999769
-23.390906
-32.624517
-41.516168
-47.602483
-51.181827
-52.194255
-50.321817
-47.678266
-44.340236
-39.848770
-33.582279
-25.604623
-16.655922
-7.018873
2.458947
12.237004
20.868438
29.798406
37.673541
43.522290
47.943422
49.577951
50.097704
49.597025
47.291006
42.824405
35.756316
26.893786
18.066849
9.833915
1.710483
-6.899493
-16.737836
-25.787694
-35.165548
-43.585811
-48.958744
-52.073342
-52.093608
-49.718789
-47.059229
-43.558223
-38.703680
-31.830072
-23.705619
-14.413765
-4.853180
4.850796
14.333725
23.169518
32.136951
39.465087
45.163291
48.873765
50.042186
50.368990
49.617290
46.782323
41.641338
33.918960
24.774926
16.224555
7.926566
-0.200272
-9.285382
-19.264051
-28.283426
-37.758010
-45.414141
-50.236498
-52.507264
-51.931483
-49.411229
-46.620880
-42.745386
-37.276404
-30.019113
-21.653516
-12.014593
-2.526556
7.429634
16.542333
25.226729
33.982311
40.811130
46.233109
49.175705
50.202097
50.512382
49.107756
45.685257
39.826461
31.722103
22.748028
14.507771
6.187643
-1.911947
-11.522940
-21.303381
-30.482156
-39.831911
-46.761206
-51.071984
-52.776677
-51.356043
-48.724413
-45.838697
-41.738067
-35.903113
-28.493404
-19.700697
-9.993826
-0.457082
9.607758
18.585580
27.528150
35.674913
42.125838
47.204665
49.557686
50.323861
50.450223
48.717601
44.793231
38.103546
29.565777
20.724535
12.500967
4.193783
-4.101651
-13.820614
-23.274592
-32.701322
-41.726317
-47.791685
-51.442214
-52.411897
-50.552062
-47.932352
-44.638770
-40.179150
-33.873831
-26.010615
-17.109088
-7.628373
1.857451
11.667524
20.465340
29.561009
37.285771
43.226821
47.623771
49.411058
50.160033
49.858945
47.627177
42.950426
35.933597
27.038881
18.642630
10.512045
2.381972
-6.316219
-16.352449
-25.467532
-35.032375
-43.281828
-48.757621
-51.788603
-51.875114
-49.640281
-47.109979
-43.629238
-38.638966
-31.957797
-23.936714
-14.626299
-5.274500
4.518032
13.859613
22.690807
31.637124
38.825274
44.450419
47.995704
49.207040
49.831697
49.037252
46.232258
41.077478
33.429180
24.425473
16.251292
8.074897
0.252383
-8.823701
-18.706322
-27.799777
-37.243196
-44.755936
-49.463511
-51.603488
-50.809383
-48.441887
-45.730727
-42.079517
-36.754778
-29.585191
-21.513871
-11.992284
-2.504928
7.219996
16.185556
24.983031
33.566100
40.129934
45.346533
48.031126
48.982927
49.366270
48.145056
44.829845
38.839579
30.809641
21.861451
13.593776
5.386727
-2.458436
-11.878014
-21.396364
-30.507871
-39.699929
-46.149492
-50.202608
-51.722356
-50.198521
-47.604356
-44.522456
-40.548359
-34.588916
-27.088438
-18.376282
-8.888926
0.424044
10.131598
18.711771
27.549948
35.445860
41.599614
46.279601
48.247576
49.006939
49.014773
47.132458
43.026379
36.468846
27.944020
19.302879
11.215210
3.170797
-5.029610
-14.702082
-23.702213
-33.081259
-41.678292
-47.492470
-50.850425
-51.393679
-49.362694
-46.774660
-43.351480
-38.923706
-32.421350
-24.587597
-15.598876
-6.207398
3.201280
12.734277
21.234751
30.312538
37.763800
43.301412
47.175033
48.498596
49.057347
48.553092
46.132122
41.315045
33.767564
24.978944
16.724893
8.747578
0.744036
-8.074386
-17.910685
-26.829924
-36.062002
-43.818610
-48.762560
-51.259654
-50.738709
-48.315525
-45.736347
-41.927099
-36.972080
-29.887472
-21.801506
-12.579305
-3.261055
6.405626
15.379531
23.973329
32.685655
39.352860
44.646604
47.710282
48.710959
49.076080
47.886542
44.869866
39.221559
31.369754
22.424289
14.254025
6.241628
-1.834801
-10.922466
-20.577908
-29.589449
-38.833278
-45.617819
-49.920934
-51.708562
-50.423997
-47.799179
-44.897624
-40.825605
-35.064391
-27.567659
-19.080128
-9.669747
-0.296661
9.295940
18.101931
26.930571
35.101857
41.344677
46.171120
48.380068
48.944610
49.054963
47.387055
43.534722
37.051610
28.576510
19.722666
11.616264
3.536940
-4.412958
-13.945273
-23.029191
-32.391718
-41.208608
-47.188316
-50.672122
-51.542521
-49.591575
-46.890123
-43.591942
-39.176260
-32.920156
-25.098835
-16.294888
-6.824051
2.509185
12.180465
20.681449
29.712405
37.329367
43.070487
47.376837
48.835788
49.317394
48.863207
46.602147
42.096717
34.928152
25.986092
17.342908
9.089879
0.990289
-7.543053
-17.336777
-26.207311
-35.489968
-43.545280
-48.707042
-51.644019
-51.533154
-49.181155
-46.334267
-42.692763
-37.682397
-30.800615
-22.648573
-13.342415
-4.041876
5.592789
14.795576
23.388352
32.379627
39.327656
44.850622
48.118149
49.221175
49.516473
48.425708
45.418399
40.259702
32.526766
23.455109
15.180452
7.017170
-1.112904
-10.339533
-19.939797
-28.765372
-38.086346
-45.297657
-49.859967
-51.991088
-51.066535
-48.518181
-45.603684
-41.759525
-36.050592
-28.658594
-20.325524
-10.870184
-1.387256
8.354698
17.317533
26.116712
34.730775
41.234153
46.325241
48.953976
49.734626
49.817392
48.257794
44.457912
38.268055
29.941116
21.027837
12.853146
4.591601
-3.529957
-13.087307
-22.655215
-31.802484
-40.793249
-47.041348
-50.893341
-52.139929
-50.358772
-47.737190
-44.551577
-40.208953
-34.120253
-26.446921
-17.669201
-8.222205
1.179661
10.894707
19.802366
28.752599
36.693982
42.846714
47.332219
49.167701
49.743312
49.484287
47.380073
43.180670
36.242519
27.479615
18.910510
10.903052
2.675908
-5.860329
-15.757084
-24.908270
-34.370763
-42.844159
-48.299517
-51.392828
-51.847696
-49.750294
-47.107765
-43.779782
-38.984503
-32.323258
-24.217537
-15.045404
-5.572694
4.013266
13.485466
22.218398
31.224149
38.425922
44.114249
47.961303
49.336978
49.898114
49.116952
46.501330
41.276727
33.917427
24.991717
16.556978
8.317402
0.411102
-8.434909
-18.230847
-27.335712
-36.794458
-44.561795
-49.362864
-51.737172
-51.221677
-48.669066
-46.069622
-42.386225
-37.213394
-30.111245
-21.791799
-12.434040
-3.085818
6.694794
15.781948
24.538040
33.283915
39.934771
45.247419
48.241445
49.214023
49.553258
48.413277
45.203992
39.512260
31.462397
22.589820
14.410870
6.066390
-1.910925
-11.278391
-20.924977
-30.008044
-39.195844
-45.877695
-50.185749
-51.797288
-50.409692
-47.826937
-44.914654
-40.901729
-35.129445
-27.566297
-18.974543
-9.431669
-0.160422
9.571825
18.215009
27.152300
35.195010
41.435105
46.261549
48.522268
49.294915
49.278736
47.610147
43.583768
36.891188
28.542961
19.934177
11.715378
3.668751
-4.499299
-14.260667
-23.393801
-32.658577
-41.468995
-47.384160
-51.016467
-51.716736
-49.700226
-47.005074
-43.707575
-39.213044
-32.887799
-25.166614
-16.222852
-6.945985
2.644914
12.216227
20.831994
29.893773
37.324258
43.050732
47.088180
48.581702
49.153566
48.518351
46.099084
41.655813
34.428494
25.666101
17.327241
9.198870
1.092979
-7.540839
-17.438105
-26.403836
-35.827500
-43.759516
-48.673323
-51.370178
-51.015105
-48.702785
-46.046461
-42.342799
-37.428141
-30.636958
-22.310700
-13.151169
-3.771441
5.910567
15.001808
23.602928
32.318830
39.172513
44.524670
47.749792
48.822675
49.262728
48.252174
45.374121
39.797000
32.078028
23.218734
15.051365
6.904091
-1.095704
-10.309049
-20.003659
-29.047898
-38.366658
-45.433896
-49.821820
-51.620517
-50.522770
-48.066207
-45.283692
-41.246584
-35.721575
-28.273038
-19.776821
-10.318926
-0.971045
8.716754
17.568384
26.446751
34.829378
41.003227
45.961823
48.248257
49.118314
49.179622
47.702619
43.941907
37.619216
29.256003
20.510469
12.437446
4.243510
-3.824404
-13.301202
-22.759097
-31.959670
-40.820156
-46.944107
-50.551721
-51.605361
-49.816370
-47.210966
-44.066054
-39.777245
-33.679519
-25.930745
-17.115899
-7.682017
1.744543
11.386531
20.095961
28.988123
36.672354
42.632478
47.085966
48.755578
49.305643
48.914296
46.810934
42.534215
35.505806
26.851722
18.307822
10.146414
2.091953
-6.384850
-16.163417
-25.252785
-34.672022
-43.005603
-48.217092
-51.281112
-51.447323
-49.233777
-46.557699
-43.012074
-38.229227
-31.547546
-23.477929
-14.241764
-4.840578
4.747595
14.093774
22.652490
31.525067
38.511583
44.067757
47.685419
48.809052
49.334083
48.440695
45.741967
40.459973
32.849142
23.940461
15.687432
7.579327
-0.351838
-9.177072
-19.032444
-27.882712
-37.324088
-44.816732
-49.567223
-51.899978
-51.168885
-48.561266
-45.738901
-41.830880
-36.438874
-29.249021
-20.946775
-11.482920
-2.049889
7.660730
16.663585
25.452886
34.134729
40.663310
45.819283
48.517329
49.410037
49.677406
48.293386
44.737714
38.675581
30.527455
21.611793
13.337476
5.119017
-2.855403
-12.308189
-21.754674
-30.766385
-40.008681
-46.566554
-50.662075
-52.056994
-50.558874
-47.921624
-44.723749
-40.571860
-34.479584
-26.991197
-18.232720
-8.969477
0.395775
10.277203
19.068548
28.100184
36.258357
42.341437
47.027213
48.954317
49.670594
49.496549
47.633818
43.454000
36.741495
28.166941
19.429752
11.195455
3.050055
-5.103861
-14.902013
-24.240528
-33.521482
-42.283876
-47.982250
-51.440852
-52.138908
-49.992800
-47.263929
-43.854884
-39.199761
-32.656363
-24.767944
-15.795912
-6.219149
3.229550
12.940679
21.621500
30.653647
38.127388
43.992485
47.920091
49.276863
49.784865
49.062797
46.673332
41.998114
34.649713
25.700671
17.075028
8.887053
0.813178
-8.018528
-17.988682
-26.928357
-36.310298
-44.288635
-49.237183
-51.896232
-51.539115
-49.225262
-46.578475
-42.909895
-37.744045
-30.745098
-22.597313
-13.151509
-3.708942
6.111179
15.266282
23.961919
32.789367
39.656162
45.182705
48.533678
49.594130
50.006594
48.937627
45.911925
40.378571
32.561507
23.400102

