47.271933
53.113188
56.493964
57.534661
57.574170
56.483235
53.183351
45.252357
35.020964
25.289570
13.469969
2.340249
-7.002354
-17.729487
-28.058631
-37.853207
-45.877354
-52.040645
-55.815492
-57.557651
-58.733055
-57.995830
-54.733753
-47.614745
-38.224459
-28.428180
-17.684698
-6.290163
4.396609
13.941016
24.008070
33.213752
41.837181
49.137218
54.429940
57.054417
57.714837
57.404552
55.844273
51.254545
42.100464
32.091311
21.956308
9.668895
-0.649180
-10.387897
-21.357025
-31.296355
-40.685109
-48.095669
-53.624937
-56.462969
-58.029890
-58.870145
-57.320595
-52.926370
-44.884171
-35.355602
-25.164059
-14.086451
-2.490112
7.696833
17.212629
27.104957
36.120755
44.479711
51.077945
55.678231
57.618277
57.817698
57.074853
54.868971
48.845836
38.828850
29.148034
18.376282
6.366117
-3.234659
-13.591562
-24.433987
-34.242358
-43.150697
-50.005061
-55.049317
-57.181461
-58.614016
-58.810711
-56.635141
-51.244497
-42.295286
-32.631329
-22.382907
-11.019536
0.591619
10.472536
20.325354
30.005659
38.853884
46.889952
52.928073
56.791646
58.037383
57.994468
57.012694
53.832361
46.432870
36.126035
26.318005
14.648097
3.201280
-6.214721
-16.950709
-27.605976
-37.307058
-45.595510
-51.861831
-56.005546
-57.724714
-58.977093
-58.475903
-55.448498
-48.759154
-39.365973
-29.453039
-18.844264
-7.491793
3.654787
13.350248
23.403679
32.773869
41.446005
48.875468
54.446289
57.601077
58.294705
57.923283
56.495496
52.421263
43.537106
33.293281
23.397207
11.366776
0.610181
-9.127855
-19.964491
-30.361414
-40.022816
-47.824212
-53.748914
-57.075705
-58.530910
-59.477942
-58.297941
-54.337638
-46.672651
-37.148510
-26.976381
-16.057491
-4.215240
6.512574
16.263723
26.432446
35.594531
44.212852
51.132781
56.099721
58.391265
58.715003
58.112996
56.082862
50.880057
41.129930
31.087739
20.385810
8.108446
-1.898834
-12.057849
-22.993599
-33.085346
-42.409386
-49.755062
-55.123057
-57.884284
-59.159994
-59.684685
-57.896205
-53.092412
-44.541870
-34.745932
-24.364335
-13.109105
-1.334463
8.888074
18.714326
28.869765
37.861892
46.284028
52.848373
57.259457
58.992250
59.089831
58.450529
55.849382
49.219813
38.821016
28.852906
17.357213
5.239589
-4.295111
-14.935221
-25.763852
-35.697733
-44.571161
-51.391636
-56.317193
-58.308669
-59.759617
-59.769835
-57.251453
-51.310914
-42.101315
-32.284260
-21.804912
-10.261365
1.244034
11.226790
21.249907
31.034776
40.039165
48.193421
54.255894
57.949509
59.146200
59.163741
58.121511
54.832356
46.951771
36.513976
26.699986
14.705828
3.110170
-6.613731
-17.599378
-28.157575
-37.907873
-46.142340
-52.535193
-56.880031
-58.776821
-60.147217
-59.617758
-56.508439
-49.538612
-40.025030
-30.153819
-19.290618
-7.618495
3.459113
13.288600
23.551328
33.160789
41.980743
49.835273
55.595125
58.687755
59.326206
59.136152
57.691676
53.464004
44.327634
34.149374
24.128982
11.712653
0.907353
-8.979865
-20.139899
-30.519962
-40.215935
-47.943251
-53.764071
-57.123218
-58.780227
-59.924977
-58.812584
-54.792847
-47.014952
-37.465436
-27.266400
-16.346829
-4.698719
5.826439
15.630381
25.880677
35.199949
43.893031
50.973211
56.025130
58.452232
58.937073
58.506727
56.574856
51.113367
41.404963
31.503609
21.046400
8.789471
-1.262086
-11.640106
-22.817510
-32.966307
-42.300054
-49.377850
-54.759298
-57.359764
-58.874914
-59.541123
-57.907786
-53.047793
-44.424874
-34.915039
-24.636643
-13.334921
-1.747438
8.397273
18.219948
28.320040
37.330219
45.765127
52.249261
56.531940
58.231183
58.584554
57.978460
55.375610
48.720496
38.509199
28.740338
17.397233
5.510875
-3.864595
-14.566183
-25.325673
-35.266195
-43.920108
-50.581353
-55.334568
-57.344948
-58.886324
-59.004341
-56.543691
-50.601448
-41.441577
-31.734024
-21.494968
-10.053260
1.278775
10.876656
20.876612
30.572925
39.468833
47.509670
53.455148
56.905065
57.956661
58.036361
56.999070
53.579126
45.439686
35.417591
25.666441
13.598544
2.509356
-6.943941
-17.767804
-28.209686
-37.991660
-46.094486
-52.145549
-56.024620
-57.740041
-59.008769
-58.235782
-54.812772
-47.867639
-38.511753
-28.691803
-17.973695
-6.414311
4.286766
13.881241
23.945400
33.150060
41.767188
49.179111
54.429259
57.083709
57.710069
57.484082
55.841548
51.250798
42.154278
32.320704
22.265400
10.003022
-0.140326
-10.007620
-20.915270
-30.932426
-40.457930
-47.834260
-53.494998
-56.459052
-57.954107
-58.862311
-57.491745
-53.187268
-45.278072
-35.760062
-25.696073
-14.679262
-3.009013
7.133314
16.892638
26.824474
35.924230
44.417211
50.936426
55.412395
57.321446
57.647399
57.210752
55.040802
49.056837
38.787127
29.114655
18.352100
6.449223
-3.148999
-13.514246
-24.242401
-34.127917
-42.911938
-49.752848
-54.803405
-56.984254
-58.320080
-58.568205
-56.462799
-50.825732
-42.054823
-32.355274
-22.063766
-10.906969
0.488247
10.264090
19.947461
29.659271
38.488422
46.408858
52.424499
56.233747
57.478462
57.507583
56.500775
53.540468
46.068771
35.857814
26.240689
14.688969
3.442935
-6.113563
-16.732727
-27.282919
-37.076473
-45.354196
-51.540136
-55.749076
-57.479654
-58.690820
-58.215175
-55.287906
-48.623937
-39.295810
-29.432092
-18.810885
-7.353680
3.740447
13.205324
23.234742
32.620600
41.188853
48.636368
53.998572
56.946107
57.534490
57.392120
56.020873
51.996027
43.163300
32.979761
23.030894
10.893515
0.303813
-9.293386
-20.189115
-30.261278
-39.947884
-47.477143
-53.159339
-56.287050
-57.757071
-58.788913
-57.629687
-53.712811
-46.015978
-36.520788
-26.337249
-15.403713
-3.701448
6.682702
16.277858
26.159797
35.213573
43.708256
50.521408
55.412395
57.568891
57.849884
57.193211
55.105346
49.784524
39.928300
30.004978
19.529717
7.365942
-2.403430
-12.570620
-23.498876
-33.506836
-42.641844
-49.663442
-54.816348
-57.227271
-58.537211
-58.976412
-56.955644
-51.934549
-43.319975
-33.693654
-23.280212
-11.961120
-0.389303
9.649992
19.360440
29.145990
38.029977
46.123607
52.403722
56.414945
58.003323
58.080469
57.084049
54.247379
47.421966
37.045309
27.188744
15.855006
4.310778
-5.282334
-15.959569
-26.436363
-36.233664
-44.851133
-51.384994
-55.970124
-57.837452
-59.138536
-58.834382
-56.050335
-49.873590
-40.550232
-30.785629
-20.334039
-8.891140
2.541883
12.231895
22.374392
31.970739
40.846893
48.574209
54.203442
57.560546
58.406421
58.190993
56.855168
52.963325
44.578654
34.176452
24.346113
12.331860
1.391172
-8.205346
-19.083704
-29.526608
-39.241144
-47.081028
-53.020205
-56.657621
-58.290277
-59.357200
-58.408805
-54.789611
-47.380754
-37.892546
-27.931588
-17.036029
-5.423001
5.288805
14.883280
25.161505
34.380811
42.984486
50.313302
55.411032
58.003834
58.479990
58.151143
56.353126
51.506247
41.846207
31.679698
21.335227
9.298495
-0.944138
-11.059216
-21.935020
-32.004629
-41.457244
-48.809562
-54.279396
-57.086945
-58.723177
-59.529202
-57.901655
-53.345476
-44.888258
-35.323245
-25.039741
-13.978141
-2.329690
7.848229
17.648084
27.813911
36.927632
45.294421
51.857233
56.293522
58.098180
58.327743
57.562419
55.207355
48.800877
38.893563
29.203892
18.019847
6.012746
-3.538813
-14.083556
-24.809667
-34.813881
-43.631281
-50.427403
-55.230004
-57.262693
-58.811903
-58.955295
-56.818383
-51.130056
-42.202813
-32.532385
-21.998031
-10.661568
0.716618
10.490077
20.430940
30.187198
39.142881
47.149147
53.159339
56.925501
58.126620
58.189120
57.174478
53.892647
46.135357
35.909925
26.272365
14.456340
3.145422
-6.366628
-17.132078
-27.683462
-37.461349
-45.630251
-51.825557
-56.003843
-57.728291
-59.046064
-58.430774
-55.273431
-48.449210
-39.160933
-29.281037
-18.615552
-7.022790
3.770079
13.367619
23.392269
32.752241
41.405473
48.914977
54.266964
57.210071
57.900633
57.690825
56.297438
51.960775
42.835985
33.030510
23.083687
10.804789
0.395775
-9.448017
-20.397050
-30.516216
-39.966617
-47.493832
-53.224564
-56.499754
-58.085408
-59.124231
-57.833706
-53.707361
-45.778411
-36.278112
-26.216848
-15.258789
-3.758158
6.674188
16.255890
26.269300
35.389491
43.844666
50.675528
55.442878
57.645014
58.063780
57.492086
55.302382
49.670083
39.702313
29.961382
19.224542
7.002865
-2.729382
-12.915816
-23.712771
-33.618893
-42.664664
-49.616098
-54.654053
-57.009969
-58.402164
-58.846814
-56.807995
-51.400151
-42.649848
-33.127240
-22.663389
-11.579820
-0.143051
9.684563
19.432306
29.225349
38.092477
46.323878
52.575554
56.531770
57.934693
58.098010
57.243960
54.345812
46.899659
36.722081
27.195045
15.626465
4.062142
-5.226135
-15.962124
-26.518447
-36.415373
-44.925213
-51.366261
-55.796419
-57.554075
-58.855500
-58.596304
-55.816684
-49.231223
-40.028095
-30.214446
-19.639390
-8.216926
2.877542
12.441874
22.500413
32.105105
40.916034
48.473052
54.093770
57.104485
57.952915
57.780232
56.611810
52.646058
43.973923
33.759049
24.024418
11.878695
1.008170
-8.543219
-19.386326
-29.699462
-39.315394
-46.957902
-52.831003
-56.249074
-57.852439
-59.004511
-58.007070
-54.271562
-46.737194
-37.232978
-27.168308
-16.347340
-4.783528
5.776882
15.252829
25.389194
34.556900
43.075936
50.242288
55.347851
57.735784
58.146545
57.637010
55.787052
50.709588
40.983132
31.086377
20.709208
8.396591
-1.556873
-11.594296
-22.399426
-32.468694
-41.774511
-48.960277
-54.233074
-56.906087
-58.403356
-59.071950
-57.278872
-52.439996
-43.977329
-34.391710
-24.136135
-12.959582
-1.429830
8.587326
18.349886
28.256519
37.183762
45.407329
51.803078
56.070941
57.696785
57.870320
57.060889
54.679428
48.063142
37.834644
28.168985
17.053570
5.073718
-4.407508
-14.919553
-25.677511
-35.396474
-44.091940
-50.673825
-55.430106
-57.475567
-58.949334
-58.918170
-56.450708
-50.445965
-41.247095
-31.481300
-20.980324
-9.521416
1.857621
11.485134
21.400963
31.070539
39.938177
47.806331
53.656953
57.153702
58.255196
58.184862
56.972674
53.425857
45.314687
35.027436
25.335380
13.380562
2.186469
-7.255418
-18.239192
-28.615679
-38.322551
-46.463524
-52.540813
-56.425163
-57.957343
-59.148414
-58.466707
-55.094276
-48.075574
-38.480248
-28.594732
-17.682484
-6.262575
4.625320
14.291150
24.373872
33.696209
42.354720
49.677747
54.919379
57.628836
58.327743
58.031252
56.456668
51.885332
42.604889
32.561336
22.441660
10.169234
-0.244720
-10.103839
-21.090848
-31.423228
-40.896109
-48.481056
-54.014410
-57.111979
-58.650460
-59.444734
-57.975565
-53.675345
-45.592955
-35.999502
-25.809322
-14.784166
-2.965246
7.378374
17.200197
27.298416
36.370925
44.797489
51.671267
56.298290
58.299133
58.567694
57.874407
55.771726
49.954653
39.762088
29.790742
18.761158
6.763424
-3.066914
-13.419390
-24.273566
-34.206424
-43.213538
-50.238371
-55.293526
-57.645696
-59.001275
-59.363331
-57.239532
-51.813126
-42.915004
-33.290386
-22.997175
-11.682681
-0.130790
9.887900
19.766433
29.723304
38.746425
46.920947
53.257772
57.300500
58.644499
58.645521
57.637521
54.643154
47.387055
37.209306
27.265889

