22.003140
11.668546
0.290019
-9.143353
-18.202918
-28.272697
-37.952662
-44.900349
-49.188818
-53.030423
-54.007598
-51.861320
-49.918209
-48.285893
-43.722391
-36.526748
-27.064255
-16.909497
-6.515809
4.715409
15.526158
25.374549
34.838234
42.331730
47.396932
51.317556
53.839854
53.606033
51.862683
49.474239
45.735325
39.660249
29.735395
19.289766
8.666175
-2.412455
-11.397770
-20.973682
-31.134231
-40.354558
-46.222210
-50.359113
-53.683519
-53.495169
-51.138912
-49.650839
-47.462838
-41.966949
-33.997297
-24.242912
-14.100586
-3.253732
7.999284
18.404893
28.362615
37.576130
44.210127
48.791000
52.529063
54.302045
53.520373
51.496369
48.600435
44.278417
36.981106
26.356833
15.914270
4.849604
-5.435944
-14.248235
-24.127790
-34.184967
-42.673860
-47.818422
-51.810741
-54.289613
-53.026846
-50.544568
-49.187286
-46.050719
-39.638962
-31.020982
-21.014724
-11.069434
-0.034230
11.160033
21.329948
31.156710
39.776223
45.926230
50.172125
53.184884
54.112162
52.907807
50.752163
47.604527
42.673179
34.281867
23.509264
13.134990
1.893554
-7.905790
-16.949347
-26.895659
-36.979062
-44.534547
-48.935413
-52.957024
-54.524115
-52.518674
-50.233603
-48.810414
-44.833762
-37.691253
-28.423241
-18.201215
-7.954666
3.264972
14.249597
24.312905
34.029995
41.971718
47.297989
51.394701
53.996869
53.962299
52.349227
50.040483
46.485662
40.791205
31.205927
20.323992
9.772778
-1.392875
-10.612011
-19.929920
-30.047723
-39.668594
-46.095167
-50.092254
-53.616251
-54.093088
-51.582370
-49.937282
-48.029252
-42.953321
-35.291570
-25.516578
-15.321800
-4.772459
6.590741
17.199005
26.957137
36.502566
43.674537
48.456192
52.397762
54.405076
53.986311
52.045243
49.360309
45.305831
38.562672
28.296028
17.609085
6.613561
-4.238061
-13.247728
-22.942850
-33.150230
-42.000157
-47.685078
-51.754883
-54.795061
-54.029397
-51.337310
-49.860137
-47.120196
-41.167395
-32.834155
-22.837945
-12.605531
-1.849277
9.707042
20.135130
29.945884
38.967814
45.400006
49.883979
53.312949
54.630041
53.651503
51.580838
48.496723
44.086490
36.339760
25.518622
15.052216
3.684419
-6.734814
-15.818392
-25.680576
-35.767555
-43.791873
-48.807349
-53.044387
-55.248908
-53.586449
-51.153558
-49.712317
-46.209948
-39.519412
-30.530521
-20.281417
-10.062797
1.316752
12.570279
22.720269
32.601527
41.149173
47.071832
51.263400
54.324184
55.073329
53.632089
51.415307
47.916515
42.625155
33.691270
22.780044
12.150833
0.622613
-9.003196
-18.223694
-28.608186
-38.634028
-45.836994
-50.164291
-54.009812
-55.202416
-52.951234
-50.783668
-49.274819
-44.847216
-37.553821
-28.029340
-17.712457
-7.371902
4.104206
15.245506
25.346620
35.031182
42.949063
48.235995
52.130563
54.799148
54.871014
53.126982
50.733941
47.012227
41.047505
30.993904
20.253318
9.488378
-1.802785
-11.156116
-20.629849
-30.988285
-40.554660
-47.108105
-51.294735
-54.858753
-55.103643
-52.659001
-50.935064
-48.698017
-43.421643
-35.572393
-25.670699
-15.319075
-4.615273
6.992817
17.677205
27.706282
37.364619
44.581720
49.477305
53.433861
55.385147
54.727963
52.771909
49.943583
45.787948
38.976669
28.390203
17.768485
6.662607
-4.130772
-13.205835
-23.068871
-33.428839
-42.564358
-48.167195
-52.479335
-55.198669
-54.334402
-51.854338
-50.561258
-47.854185
-41.737216
-33.395461
-23.222140
-13.012205
-1.877887
9.738888
20.185709
30.059644
39.153610
45.734133
50.193412
53.773437
55.283138
54.271732
52.422455
49.232244
44.657673
36.629949
25.776454
15.293871
3.884520
-6.334611
-15.415124
-25.523220
-35.833972
-44.016838
-49.007620
-53.284679
-55.313281
-53.721155
-51.341908
-50.066369
-46.524150
-39.819479
-30.783585
-20.626272
-10.410036
1.052959
12.400661
22.509268
32.457454
40.841103
46.627011
50.978831
53.857565
54.602964
53.471667
51.328455
47.875472
42.727504
33.689567
22.930758
12.430634
0.927789
-8.591413
-17.850229
-28.057098
-37.911279
-45.069286
-49.393177
-53.513902
-54.772752
-52.638905
-50.795419
-49.216407
-44.650180
-37.306207
-27.849504
-17.588479
-7.196665
4.147121
15.013729
25.082486
34.884725
42.428459
47.668219
51.736321
54.311412
54.329123
52.774123
50.319944
46.404089
40.322202
30.269112
19.852604
9.128536
-2.018724
-11.117288
-20.637001
-30.937365
-40.359497
-46.371562
-50.524984
-53.957020
-53.904057
-51.489217
-50.132956
-47.893354
-42.363235
-34.531866
-24.705955
-14.758451
-4.087346
7.301228
17.681122
27.523892
36.911964
43.580702
48.358100
52.110297
53.972176
53.444760
51.520893
48.865761
44.669083
37.685973
27.293989
16.842059
5.698545
-4.709448
-13.578108
-23.317167
-33.520120
-42.005777
-47.349760
-51.521744
-54.075718
-52.722692
-50.483261
-49.436433
-46.447515
-40.276561
-31.603575
-21.573475
-11.606898
-0.595365
10.701248
20.791803
30.478750
39.340087
45.252868
49.679450
52.919899
53.846495
52.694253
50.699030
47.539473
42.779957
34.388815
23.704938
13.386692
2.130781
-7.478339
-16.465528
-26.537350
-36.415373
-43.946164
-48.379557
-52.331175
-53.867272
-51.741941
-49.835784
-48.413788
-44.445140
-37.549564
-28.463432
-18.350737
-8.302076
2.901043
13.794388
23.669515
33.286640
41.205883
46.530621
50.664118
53.376300
53.508452
52.026170
49.636875
46.232428
40.701628
31.131847
20.628316
10.053941
-1.048361
-10.266645
-19.474200
-29.553516
-39.122445
-45.576096
-49.601112
-53.253344
-53.605352
-51.203796
-49.497230
-47.552756
-42.390653
-34.961700
-25.320564
-15.286548
-4.799877
6.459951
16.856364
26.615007
36.012786
42.997428
47.701086
51.546267
53.486654
53.006070
51.124266
48.555817
44.523478
37.959644
27.717522
17.335755
6.617478
-4.008498
-12.882778
-22.509268
-32.621792
-41.277238
-46.690873
-50.775324
-53.703274
-52.938461
-50.441367
-49.110140
-46.399491
-40.393557
-32.046182
-22.097315
-12.058871
-1.347065
9.884664
19.991909
29.849495
38.710322
44.906650
49.219983
52.597012
53.753172
52.607911
50.557171
47.513757
42.920113
35.060133
24.334873
14.030422
2.780301
-7.077796
-15.973534
-25.941304
-35.960845
-43.583427
-48.153911
-52.207027
-54.074185
-52.184718
-49.945627
-48.704829
-44.757298
-37.910427
-28.901781
-18.818038
-8.839028
2.233131
13.169050
23.069382
32.828365
40.872949
46.443258
50.550018
53.217581
53.486143
52.063465
49.736500
46.426398
41.083608
32.001223
21.380356
10.841063
-0.352349
-9.706531
-18.967731
-29.023375
-38.726330
-45.466593
-49.621037
-53.219114
-54.042510
-51.646403
-49.828461
-48.080002
-43.361698
-35.854237
-26.170697
-15.917335
-5.520923
5.758149
16.445092
26.250907
35.798039
43.123960
48.018864
51.857744
54.024799
53.534508
51.605531
48.947505
45.263597
38.796323
28.601033
18.211433
7.317577
-3.483977
-12.487003
-22.037370
-32.265868
-41.315726
-47.146933
-51.101787
-54.083381
-53.499086
-50.872905
-49.453803
-47.042881
-41.349786
-33.237934
-23.263012
-13.061251
-2.144405
9.162256
19.414255
29.181242
38.197892
44.784546
49.229179
52.887201
54.381405
53.482737
51.423652
48.423835
44.075932
36.492688
25.711400
15.272754
4.093306
-6.124462
-15.056133
-25.089639
-35.185644
-43.560777
-48.338175
-52.329642
-54.685218
-53.173985
-50.651346
-49.214023
-45.714549
-39.280312
-30.484881
-20.407779
-10.177919
1.074416
12.268679
22.439957
32.126904
40.606260
46.312298
50.528731
53.771394
54.430791
53.109101
50.925016
47.469309
42.438337
33.638648
22.670882
12.135676
0.847408
-8.741277
-17.926182
-28.030532
-37.953854
-45.071329
-49.516473
-53.454297
-54.671424
-52.580323
-50.566367
-48.970154
-44.586999
-37.312848
-27.771677
-17.500605
-7.237877
4.194975
15.075888
25.121655
34.857477
42.553289
47.763756
51.852976
54.344620
54.410866
52.721160
50.295421
46.384845
40.456057
30.508382
19.934007
9.223904
-1.867669
-11.124441
-20.659140
-30.835356
-40.321180
-46.668053
-50.724915
-54.089853
-54.212127
-51.710095
-50.202438
-48.139266
-42.690720
-34.763472
-24.953910
-14.821972
-4.218987
7.222891
17.749752
27.750560
37.190574
44.149331
48.922300
52.665813
54.599728
53.870508
52.106210
49.346345
45.236519
38.241489
27.630840
17.225231
6.107262
-4.487719
-13.528211
-23.449830
-33.800261
-42.351314
-47.641993
-51.735299
-54.385662
-53.343092
-51.048313
-49.841063
-46.980722
-40.811811
-32.305888
-22.238493
-11.956181
-0.896965
10.553769
20.645516
30.456952
39.416041
45.530626
49.814326
53.451572
54.477453
53.351436
51.320451
48.015118
43.262243
34.900052
24.151632
13.779402
2.480405
-7.291692
-16.299827
-26.430743
-36.378418
-44.036422
-48.604012
-52.749940
-54.330996
-52.274806
-50.308193
-49.011537
-45.119354
-38.344349
-29.233183
-19.112144
-8.940016
2.432891
13.496705
23.431437
33.095734
41.235174
46.609300
50.861495
53.741080
54.070779
52.669219
50.346170
46.811615
41.413307
32.049247
21.234070
10.720832
-0.574248
-9.752853
-19.192525
-29.375894
-39.049557
-45.604025
-49.840723
-53.619487
-54.116419
-51.698685
-50.062282
-48.174007
-43.362720
-35.882166
-26.156562
-16.028540
-5.508832
5.865267
16.530752
26.410988
35.917418
43.100289
47.908510
51.825728
53.956338
53.540979
51.814658
49.202442
45.372418
38.838727
28.528145
18.163749
7.299696
-3.539835
-12.501648
-22.156409
-32.348633
-41.335821
-46.987193
-50.915480
-54.013388
-53.504876
-50.978831
-49.692733
-47.083923
-41.268723
-33.091477
-23.207324
-13.022252
-2.202817
9.074211
19.277164
29.114996
38.242510
44.649669
49.087831
52.696637
54.157972
53.250790
51.264252
48.307180
43.869019
36.177124
25.378466
15.091215
3.910065
-6.272963
-15.162911
-25.227751
-35.305704
-43.407168
-48.110996
-52.072661
-54.224559
-52.624430
-50.260169
-48.976455
-45.582397
-38.888454
-30.078888
-19.949164
-9.876319
1.150710
12.177229
22.205285
31.883035
40.297508
46.069281
50.246545
53.322315
54.020711
52.696466
50.462825
47.099250
41.949749
33.144440
22.379160
11.978660
0.688689
-8.702619
-17.827920
-28.029851
-38.031680
-45.278413
-49.603837
-53.328787
-54.386343
-52.074705
-50.042527
-48.521246
-43.995551
-36.719186
-27.433634
-17.234598
-6.960290
4.476309
15.339681
25.208678
34.945522
42.471375
47.656979
51.483597
53.986652
53.670406
51.975931
49.604007
45.924016
39.988416
30.115162
19.525800
8.675541
-2.487046
-11.499098
-21.049125
-31.242541
-40.559258
-46.582563
-50.659009
-53.991420
-53.887878
-51.331861
-49.722876
-47.522613
-42.209966
-34.227371
-24.433136
-14.190674
-3.621749
7.663454
18.189294
28.096778
37.425075
44.237716
48.889944
52.599055
54.251296
53.575039
51.571812
48.901013
44.777223
37.659407
27.044330
16.694069
5.429472
-5.152396
-14.070272
-23.983717
-34.112079
-42.515482
-47.719649
-51.820959
-54.572310
-53.363868
-50.891638
-49.624273
-46.633141
-40.260724
-31.574965
-21.466187
-11.249951
-0.293766
11.074884
21.168334
30.912161
39.682559
45.797995
50.125463
53.367785
54.426874
53.173474
51.094634
47.766481
42.960814
34.615993
23.830618
13.491767
2.209629
-7.669585
-16.724212
-26.784965
-36.863770
-44.539997
-49.037422
-53.032296

