-16.806807
-16.545909
-16.326904
-16.067709
-15.617779
-15.014069
-14.224223
-13.262715
-12.525831
-11.767490
-10.990586
-10.371719
-9.764433
-9.325402
-8.931330
-8.196490
-7.025344
-5.778585
-4.547153
-3.366130
-2.337354
-1.442432
-0.599112
0.256811
1.332930
2.245392
2.969844
3.598247
4.262584
4.949399
5.510535
6.215743
6.982940
7.731744
8.785554
9.701252
10.851451
11.781795
12.648276
13.399124
14.415639
15.450716
16.701051
17.798458
18.895694
19.843919
20.646708
21.301338
21.953072
22.512674
22.828068
23.036855
22.925820
22.859744
22.714819
22.399085
21.943195
21.308320
20.820924
20.592553
20.294189
20.168168
19.991228
19.393648
18.628325
17.867429
17.020702
16.155413
15.363353
14.238017
13.148103
12.204136
11.333057
10.372741
9.578637
8.732251
7.829155
6.948028
6.162098
5.343131
4.354034
3.002031
1.497950
0.197036
-1.008170
-2.004249
-2.968311
-3.881284
-4.865953
-5.803449
-6.832055
-7.867473
-8.773463
-9.778397
-10.968787
-11.864219
-12.609107
-13.436249
-14.156784
-14.962469
-15.854495
-16.712121
-17.208372
-17.957517
-18.707854
-19.516093
-20.367759
-21.208865
-21.860089
-22.244283
-22.347995
-22.731338
-22.979804
-22.967543
-22.643634
-22.277832
-21.856001
-21.253824
-20.731517
-20.155736
-19.493614
-18.716880
-18.002476
-17.383780
-17.046247
-16.845635
-16.458886
-15.925169
-15.256575
-14.354672
-13.304438
-12.476104
-11.630910
-10.858263
-10.196992
-9.499959
-8.922304
-8.508648
-7.617814
-6.383998
-5.153077
-3.832919
-2.598592
-1.730238
-0.851665
-0.004598
0.938518
1.997607
2.810444
3.473418
3.953491
4.569803
5.043064
5.821841
6.438834
7.083416
7.884502
8.855036
9.758302
10.835954
11.782646
12.621028
13.374771
14.386518
15.602282
16.747543
17.920732
18.981184
19.910846
20.720448
21.428892
22.140401
22.743259
23.066487
23.179565
23.141078
23.070233
22.956133
22.693362
22.132908
21.545035
21.228620
21.038396
20.727600
20.545551
20.189966
19.498042
18.745150
17.890930
16.970124
16.066687
15.180962
13.947657
12.890782
11.918885
11.051893
10.050365
9.125641
8.256776
7.280963
6.424700
5.513941
4.574231
3.493513
2.097232
0.575440
-0.754595
-1.907349
-2.790689
-3.694636
-4.573890
-5.562987
-6.363392
-7.380077
-8.304119
-9.091752
-10.041850
-11.118991
-12.076753
-12.825046
-13.521910
-14.172452
-14.855862
-15.752656
-16.575371
-16.997031
-17.695597
-18.542324
-19.341026
-20.318202
-21.091189
-21.555594
-21.951028
-22.011995
-22.444044
-22.841181
-22.730827
-22.488832
-22.143466
-21.618434
-21.116052
-20.663227
-20.153352
-19.457340
-18.781083
-17.979826
-17.493112
-17.244135
-17.127650
-16.607557
-15.955823
-15.220642
-14.232056
-13.373920
-12.456690
-11.570794
-10.775157
-10.102817
-9.437970
-8.874110
-8.326428
-7.257972
-5.950247
-4.532678
-3.232786
-2.120733
-1.227515
-0.250340
0.625168
1.492160
2.550568
3.261907
3.744704
4.422324
4.973922
5.497932
6.177255
6.804296
7.490431
8.331537
9.278400
10.142497
11.113031
12.047802
12.828793
13.580493
14.610801
15.748228
16.900301
17.955303
18.899781
19.808667
20.567179
21.279199
21.911349
22.498880
22.735085
22.767101
22.781576
22.751434
22.706815
22.429739
21.978446
21.412373
21.125419
20.978791
20.685707
20.603793
20.170723
19.529547
18.761499
17.897572
17.013380
16.144855
15.129873
13.954980
12.826920
11.880227
11.025327
10.099411
9.214197
8.159535
7.200922
6.221022
5.370208
4.423516
3.196171
1.700095
0.136580
-1.091957
-2.191748
-3.156832
-4.084962
-4.992996
-5.977835
-6.826435
-7.825238
-8.734465
-9.702444
-10.701588
-11.762210
-12.491601
-13.268505
-13.789620
-14.510666
-15.209573
-16.040972
-16.636338
-17.072984
-17.832688
-18.510137
-19.415617
-20.193372
-20.952565
-21.528006
-21.683148
-21.858386
-22.358724
-22.567681
-22.456816
-22.193364
-21.820579
-21.350724
-20.903349
-20.426171
-19.908633
-19.224371
-18.611125
-17.882586
-17.550162
-17.400639
-17.107385
-16.686065
-16.056129
-15.349048
-14.353309
-13.396229
-12.592248
-11.596850
-10.891301
-10.139091
-9.430817
-8.949212
-8.278574
-7.074220
-5.760874
-4.236698
-2.934933
-1.905305
-0.956910
0.005279
0.861713
1.883847
2.871922
3.634862
4.227502
4.797152
5.459104
6.021602
6.657839
7.346869
8.010353
8.861508
9.897266
10.736840
11.648961
12.389592
13.139078
13.876472
14.849220
16.040121
17.194067
18.172775
19.061906
19.833360
20.658118
21.215677
21.796567
22.291626
22.514207
22.427695
22.399596
22.260972
22.166116
21.860429
21.332673
20.870652
20.773411
20.721470
20.584890
20.204612
19.821439
19.041300
18.611295
17.817872
16.896044
15.939815
14.957530
13.909510
12.938465
11.968442
11.099066
10.117463
9.125641
8.182185
7.246903
6.252868
5.275352
4.301752
2.961840
1.493522
-0.062840
-1.351833
-2.455541
-3.389290
-4.327978
-5.389452
-6.380762
-7.284709
-8.426905
-9.350436
-10.222537
-11.264256
-12.238026
-13.028043
-13.676882
-14.257772
-14.921767
-15.764236
-16.505207
-16.977106
-17.419543
-18.123559
-18.934182
-19.747189
-20.398583
-21.061557
-21.604470
-21.519831
-21.726063
-22.208180
-22.318023
-22.033623
-21.623032
-21.218232
-20.747355
-20.290273
-19.763368
-19.195250
-18.420730
-17.719439
-17.157793
-16.864708
-16.824859
-16.620159
-16.114712
-15.594278
-14.862844
-14.014755
-13.248580
-12.428250
-11.662415
-11.055980
-10.414124
-9.860482
-9.350266
-8.529595
-7.281133
-5.910737
-4.553284
-3.334284
-2.365112
-1.342637
-0.488417
0.519582
1.605919
2.658878
3.422499
4.080534
4.677602
5.323717
5.993162
6.806510
7.520744
8.382627
9.348733
10.321140
11.291163
12.243646
12.992620
13.777528
14.588833
15.707697
16.879695
17.977442
18.929073
19.733565
20.500422
21.158287
21.859578
22.375754
22.674969
22.783279
22.709710
22.606168
22.336415
22.231851
21.772044
21.166291
20.663057
20.482881
20.362820
20.136493
19.936051
19.501959
18.717732
17.971141
17.243624
16.372544
15.527010
14.508111
13.383457
12.423481
11.617116
10.780437
9.885345
8.982420
8.034536
7.178102
6.227323
5.309071
4.272461
2.943277
1.417398
0.078338
-1.168251
-2.161435
-3.119707
-4.210813
-5.326101
-6.249802
-7.227830
-8.324555
-9.249619
-10.346855
-11.394705
-12.380396
-13.236148
-13.963836
-14.655249
-15.523093
-16.297953
-17.034326
-17.419372
-18.097843
-18.760306
-19.522735
-20.520347
-21.194220
-21.915947
-22.192001
-22.151470
-22.430250
-22.740023
-22.636141
-22.350209
-21.918161
-21.402666
-20.785843
-20.166125
-19.698484
-18.926518
-18.185888
-17.470632
-16.923973
-16.695602
-16.676017
-16.208717
-15.677214
-14.965705
-14.146566
-13.289962
-12.515954
-11.651686
-11.025667
-10.318586
-9.585960
-9.121895
-8.627857
-7.836819
-6.627355
-5.368165
-3.971883
-2.980232
-2.050911
-1.109157
-0.194822
0.711509
1.718317
2.605574
3.198215
3.768887
4.396098
5.076953
5.884681
6.594317
7.289818
8.202451
9.230546
10.271583
11.256422
12.194599
13.084582
13.881922
14.785528
15.987669
17.193726
18.352440
19.289255
20.070076
20.979302
21.620819
22.252968
22.669349
22.926671
22.974866
22.950854
22.807632
22.569214
22.289242
21.727937
21.094935
20.680257
20.519665
20.277500
20.077399
19.811732
19.216708
18.418346
17.543691
16.667332
15.792506
14.812946
13.813121
12.653555
11.747905
10.867630
10.057007
9.122746
8.188827
7.276705
6.480387
5.637748
4.750490
3.795113
2.379247
0.996590
-0.386408
-1.556192
-2.512421
-3.369706
-4.317420
-5.283696
-6.105048
-7.135357
-8.167880
-9.096009
-10.063478
-11.140619
-12.105874
-12.933186
-13.498238
-14.209577
-15.076399
-16.039099
-16.720465
-17.195599
-17.992769
-18.751621
-19.589663
-20.486116
-21.247183
-21.817684
-22.139720
-22.340502
-22.794349
-23.034981
-23.014205
-22.581645
-22.180080
-21.668502
-21.204778
-20.632063
-20.114183
-19.361632
-18.529381
-17.832007
-17.276491
-17.119646
-16.932487
-16.452926
-15.849216
-14.948845
-14.146055
-13.179268
-12.221336
-11.309726
-10.553769
-9.895223
-9.244340
-8.775507
-8.183037
-7.115262
-5.903585
-4.503386
-3.237724
-2.205202
-1.376016
-0.409739
0.452995
1.290526
2.285412
3.097398
3.671816
4.286766
4.864761
5.408696
6.087508
6.709439
7.383823
8.176906
9.209429
10.107926
11.102472
11.970827
12.787410
13.651507
14.606714
15.770367
17.029558
18.212284
19.140414
19.894668
20.811217
21.502801
22.169692
22.744451
22.912196
22.991555
23.005860
22.823981
22.738661
22.444555
22.009952
21.438939
21.122183
20.979983
20.801170
20.619971
20.177364
19.446611
18.731696
17.899445
16.966547
16.032628
15.013218
13.773782
12.646232
11.742796
10.824033
9.857416
8.827107
7.873603
6.969145
6.146090
5.101647
4.141842
2.956901
1.485348
-0.056369
-1.335655
-2.487387
-3.372942
-4.214900
-5.209957
-6.152051
-7.003035
-7.947002
-8.927413
-9.806497
-10.787078
-11.655092
-12.436935
-13.180631
-13.791323
-14.510155
-15.281439
-16.106197
-16.606024
-17.164435
-17.879350
-18.689122
-19.447974
-20.324503
-21.054915
-21.552358
-21.810532
-21.915436
-22.240877
-22.516251
-22.489003
-22.166967
-21.774088
-21.316494
-20.842382
-20.393474
-19.840683
-19.141265
-18.475907
-17.742770
-17.352615
-17.257588
-17.147405
-16.612325
-15.933514
-15.112332
-14.181648
-13.345650
-12.519530
-11.609112
-11.017493
-10.375806
-9.734801
-9.207215
-8.501155
-7.311106
-5.934409
-4.593134
-3.272125
-2.309084
-1.449244
-0.408718
0.732797
1.706736
2.667734
3.407342
3.999983
4.555838
5.201612
5.938155
6.721531
7.450070
8.170945
9.203298
10.138239
11.072159
11.987516
12.780598
13.592413
14.592069
15.744311
16.960076
18.187932
19.194228
19.987822
20.757062
21.598680
22.209372
22.817680
23.136309
23.239510
23.212944
23.073299
22.888524
22.639377
22.292307
21.756206
21.165439
20.976748
20.685026
20.474706
20.225900
19.696099
18.958024
18.117258
17.221485
16.334057
15.343087
14.299665
13.196639
11.995520
11.113541
10.172980
9.301049
8.324385
7.294246
6.405115
5.499125
4.401548
3.364256
2.073731
0.588894
-0.846897
-2.065216
-3.103018
-3.939186
-4.907506
-5.906139
-6.775686
-7.624796
-8.468287
-9.379557
-10.244506
-11.120013
-11.970997
-12.691532
-13.413940
-13.828107
-14.509303
-15.325546
-16.026497
-16.336952
-16.854150
-17.674310
-18.441677
-19.242593
-19.994293
-20.604645
-20.929064
-21.034820
-21.315983
-21.778686
-21.943195
-21.737303
-21.364348
-21.001271
-20.561729
-20.163400
-19.739355
-19.097158
-18.494129
-17.857381
-17.337969
-17.132589
-17.084224
-16.828265
-16.422272
-15.774795
-14.988354
-14.258112
-13.412237
-12.498413
-11.782646
-11.239563
-10.661398
-10.095835
-9.545769
-8.605548
-7.260868
-5.955015
-4.463707
-3.200259
-2.216612
-1.245226
-0.306368
0.641516
1.706396
2.606767
3.369025
4.111699
4.668917
5.328996
6.086145
6.798676
7.548503
8.359126
9.516988
10.533503
11.531115
12.437786
13.228144
14.017650
14.988525
16.071796

