10.283675
10.900497
11.426892
11.764424
11.971848
12.413604
12.634822
12.871027
13.260160
13.473715
13.631071
14.125279
14.695951
15.240397
15.778201
15.942710
16.040632
15.978643
15.740735
15.390260
15.046767
14.520202
14.126982
13.910021
13.903550
14.150313
14.379535
14.439992
14.394181
14.455659
14.631408
14.723539
14.890262
14.920064
14.571122
14.082023
13.517482
12.977804
12.375627
11.675528
10.714020
9.806326
9.119851
8.402382
7.428442
6.330694
4.955530
3.449917
2.139807
1.021794
0.289849
-0.542743
-1.483474
-2.556188
-3.519058
-4.608291
-5.582060
-6.619522
-7.892336
-9.147951
-10.158505
-11.251995
-12.124777
-12.908833
-13.633285
-14.562947
-15.434878
-15.920571
-16.476086
-16.957862
-17.620836
-18.223865
-18.826212
-19.156422
-19.683668
-19.824335
-19.963299
-20.061561
-19.875935
-19.533804
-18.992254
-18.485955
-18.083198
-17.880883
-17.450878
-16.786882
-16.215358
-15.681131
-15.070609
-14.857054
-14.692545
-14.509474
-14.408827
-14.038086
-13.542686
-12.997048
-12.304272
-10.978324
-9.738888
-8.899995
-8.197171
-7.770572
-7.160902
-6.314175
-5.280461
-3.813846
-2.510037
-1.511063
-0.538826
0.558751
1.652922
2.670629
3.617150
4.314354
4.870040
5.435944
5.998782
6.349938
7.277727
8.030449
8.566550
9.115934
9.845666
10.559048
11.281627
11.816536
12.094464
12.482916
12.930972
13.223716
13.602291
13.980355
14.283998
14.480352
15.042339
15.610286
16.222170
16.620670
16.561065
16.532285
16.358750
16.037396
15.614714
15.193735
14.603138
14.069932
13.900314
13.909170
14.063120
14.270544
14.189993
14.015777
13.908488
14.163256
14.192036
14.185395
13.986656
13.600418
13.053758
12.631587
12.021916
11.380230
10.618312
9.716579
8.887053
8.293731
7.589034
6.745202
5.645752
4.300220
2.998114
1.853023
0.904799
0.153439
-0.537974
-1.421486
-2.277238
-3.165688
-4.213708
-5.236183
-6.373269
-7.719823
-8.867638
-9.921278
-10.925531
-11.794227
-12.633460
-13.462646
-14.427560
-15.227113
-15.924488
-16.556638
-17.207180
-17.883096
-18.623556
-19.200018
-19.777502
-20.221642
-20.382064
-20.565987
-20.603282
-20.468916
-20.076377
-19.532272
-19.036191
-18.664769
-18.429245
-17.916305
-17.224550
-16.546420
-15.821116
-15.357392
-15.153885
-14.897074
-14.686414
-14.417512
-13.796261
-13.237510
-12.600592
-11.543036
-10.070120
-8.905275
-8.061784
-7.409028
-6.892170
-6.270579
-5.382981
-4.225458
-2.715928
-1.572541
-0.697034
0.269924
1.319987
2.321175
3.320660
4.052775
4.573550
5.009685
5.553109
6.063666
6.612028
7.269723
7.824046
8.226803
8.850438
9.558712
10.192394
10.807514
11.314835
11.675358
12.114389
12.576750
12.881926
13.337817
13.739892
14.088154
14.458043
15.103136
15.691008
16.363859
16.584396
16.633613
16.772917
16.617264
16.327756
15.936579
15.537398
15.013559
14.661721
14.501129
14.623063
14.778205
14.898947
14.732395
14.594964
14.645032
14.589173
14.654057
14.510155
14.199529
13.630050
13.010332
12.386186
11.687790
11.044911
10.118995
9.165321
8.342266
7.636717
6.797484
5.884000
4.699571
3.382989
2.209289
1.107114
0.208957
-0.439031
-1.178810
-2.055509
-2.972398
-3.787960
-4.657166
-5.551917
-6.620203
-7.835627
-8.941719
-9.899991
-10.841063
-11.574371
-12.383802
-13.285194
-14.155081
-14.831679
-15.336105
-16.021388
-16.725063
-17.562594
-18.248728
-18.875088
-19.401993
-19.799130
-20.042998
-20.307984
-20.310538
-20.205464
-19.921064
-19.542319
-19.124235
-18.911191
-18.684013
-18.046924
-17.422267
-16.791480
-16.216551
-15.835421
-15.664782
-15.406438
-15.174832
-14.720815
-14.141117
-13.408661
-12.660878
-11.497906
-9.951421
-8.902209
-8.119685
-7.510015
-6.854704
-6.065028
-5.093643
-3.822531
-2.264806
-1.147645
-0.166893
0.844172
1.886232
2.898829
4.005092
4.778249
5.233118
5.733797
6.219660
6.621565
7.058041
7.832732
8.230039
8.589540
9.245702
9.808029
10.420425
10.955504
11.215380
11.471340
11.869499
12.241091
12.563467
13.020550
13.355868
13.566187
14.020375
14.548813
15.279225
15.849216
16.122716
16.164439
16.212804
16.138554
15.847853
15.524115
15.114716
14.637538
14.419556
14.440673
14.571462
14.863014
14.977625
14.895541
14.836277
14.997380
15.052046
15.058347
14.997721
14.529399
14.127323
13.551882
12.937614
12.212821
11.516809
10.555472
9.490933
8.649315
7.880415
6.957906
5.848748
4.491295
3.151553
1.813173
0.621591
-0.275373
-1.009532
-1.993009
-3.002712
-3.867320
-4.719836
-5.612544
-6.387574
-7.664817
-8.756604
-9.573357
-10.448694
-11.569772
-12.387208
-13.088328
-13.639416
-14.344965
-14.992441
-15.672786
-16.159671
-16.686235
-17.367431
-17.985276
-18.486466
-18.908978
-19.219773
-19.386155
-19.658123
-19.586086
-19.481182
-19.125938
-18.681969
-18.276828
-18.175500
-17.915453
-17.449004
-16.929422
-16.319922
-15.816348
-15.572139
-15.471492
-15.300853
-15.130554
-14.761857
-14.392138
-13.890777
-13.131074
-11.953797
-10.502849
-9.319271
-8.558716
-7.992472
-7.412945
-6.687641
-5.558389
-4.212345
-2.808401
-1.522473
-0.486374
0.628914
1.843316
3.065552
4.069124
4.781655
5.322695
5.878721
6.506613
6.981918
7.608618
8.273125
8.753198
9.225777
9.791000
10.484116
11.061771
11.597020
11.971508
12.255226
12.620347
12.914794
13.114384
13.459580
13.646739
13.931138
14.300006
14.804602
15.391452
15.888555
16.086783
16.053574
15.987158
15.853814
15.487160
15.043872
14.689650
14.097691
13.911383
13.817889
13.973202
14.218943
14.395033
14.286041
14.241593
14.422451
14.533997
14.678751
14.579126
14.301028
13.927221
13.449192
12.820448
12.313298
11.547974
10.676384
9.650503
8.895057
8.138248
7.364920
6.234305
4.872084
3.473929
2.210311
1.041719
0.142200
-0.635215
-1.460825
-2.460309
-3.379413
-4.319974
-5.360671
-6.325586
-7.635355
-8.909362
-10.045426
-10.972534
-11.905943
-12.735128
-13.524464
-14.391456
-15.189307
-15.865564
-16.405753
-16.879184
-17.519508
-18.213306
-18.660511
-19.165448
-19.567013
-19.831147
-19.989014
-20.211935
-19.914252
-19.654546
-19.197464
-18.686397
-18.218585
-17.980507
-17.661197
-17.028706
-16.390766
-15.736648
-15.258619
-14.861992
-14.812435
-14.685903
-14.500448
-14.171260
-13.652529
-13.097184
-12.359960
-11.150496
-9.782314
-8.944614
-8.282832
-7.720675
-7.251160
-6.471702
-5.460637
-4.125834
-2.718483
-1.621417
-0.559943
0.359161
1.533713
2.589566
3.567764
4.256964
4.779952
5.344834
5.963530
6.487199
7.225445
7.943766
8.461816
9.034191
9.663275
10.509150
11.175019
11.666673
12.089695
12.489217
12.949535
13.267653
13.662236
13.980014
14.248746
14.567035
14.915126
15.465191
16.086783
16.488007
16.528198
16.460248
16.418695
16.176871
15.736478
15.278714
14.694589
14.223201
13.962473
13.935225
14.061928
14.181478
14.220817
13.989040
14.020375
14.101607
14.235633
14.303071
14.075041
13.726779
13.307674
12.760333
12.077604
11.606557
10.932003
10.035208
9.132964
8.468628
7.717950
6.860835
5.809580
4.596540
3.195150
2.129078
1.056024
0.298704
-0.354052
-1.185622
-2.121755
-3.067085
-3.993852
-4.957063
-6.109135
-7.358960
-8.628368
-9.720325
-10.736840
-11.668886
-12.384312
-13.307503
-14.198167
-15.033143
-15.756062
-16.286714
-16.784327
-17.548629
-18.325193
-18.878494
-19.409146
-19.946780
-20.118100
-20.366737
-20.458869
-20.296744
-20.073141
-19.599370
-19.123554
-18.698318
-18.485614
-18.080814
-17.363344
-16.701051
-15.955142
-15.498400
-15.224389
-15.036549
-14.838151
-14.571462
-14.093944
-13.522250
-12.824876
-11.985813
-10.556664
-9.244340
-8.411407
-7.733618
-7.214206
-6.660053
-5.737373
-4.608972
-3.192254
-1.902240
-0.924383
0.049216
1.112904
2.207075
3.143379
3.989424
4.535913
5.076442
5.536250
6.031139
6.557022
7.216930
7.838522
8.218288
8.902550
9.499107
10.248763
10.915143
11.377335
11.646748
12.144702
12.506247
12.844460
13.196128
13.665131
13.953447
14.327935
14.857905
15.448162
16.132934
16.577925
16.657795
16.634635
16.599042
16.419206
16.003677
15.458379
15.025990
14.548302
14.459406
14.469113
14.686925
14.910357
14.762538
14.591387
14.531783
14.564310
14.664616
14.580999
14.274461
13.841561
13.306311
12.622561
11.958906
11.295932
10.535547
9.436948
8.577960
7.924693
7.113389
6.179128
4.963194
3.634351
2.341952
1.307726
0.371763
-0.371252
-1.127720
-1.942260
-2.910069
-3.737892
-4.620552
-5.651031
-6.690877
-8.057867
-9.181840
-10.095664
-11.016812
-11.875459
-12.585436
-13.477462
-14.230694
-14.924492
-15.559367
-16.129357
-16.761167
-17.606871
-18.315145
-18.770524
-19.360951
-19.731011
-19.995485
-20.239523
-20.192180
-20.012174
-19.791297
-19.289596
-18.817697
-18.445935
-18.314804
-17.772913
-17.221655
-16.535010
-15.919549
-15.598365
-15.401670
-15.177046
-15.027182
-14.635324
-14.071805
-13.430800
-12.739045
-11.677231
-10.148798
-9.068762
-8.244855
-7.571323
-7.022449
-6.300041
-5.295447
-4.141842
-2.691575
-1.472575
-0.489780
0.580890
1.663991
2.704348
3.682545
4.414150
4.909549
5.442074
5.966425
6.448712
7.053443
7.746049
8.230209
8.717605
9.226288
9.805645
10.559729
11.091573
11.428424
11.737176
12.134995
12.633971
12.899297
13.201066
13.529573
13.801370
14.345476
14.878852
15.549319
16.164439
16.319411
16.343423
16.273260
16.212634
15.937941
15.547105
15.056304
14.583213
14.349733
14.343943
14.387710
14.675174
14.796938
14.607736
14.594112
14.693737
14.806816
14.848028
14.694078
14.296600
13.853312
13.277020
12.604168
11.996882
11.285543
10.367632
9.446996
8.650337
7.821492
6.959098
5.844321
4.562310
3.231594
1.925230
0.863586
-0.071866
-0.799554
-1.649857
-2.553122
-3.477335
-4.399674
-5.326952
-6.292037
-7.476466
-8.777039
-9.811265
-10.722535
-11.572327
-12.329987
-13.073172
-13.932160
-14.732225
-15.452589
-16.044208
-16.524451
-17.123904
-17.984765
-18.599544
-19.034147
-19.454615
-19.762686
-19.980839
-20.131384
-19.964320
-19.726753
-19.336087
-18.744980
-18.324341
-18.102271
-17.813614
-17.292840
-16.678401
-15.945094
-15.546935
-15.381064
-15.283653
-15.021733
-14.805283
-14.448336
-13.907296
-13.294390
-12.498243
-11.125462
-9.766987
-8.777210
-8.129392
-7.570301
-7.080862
-6.122078
-4.982437
-3.677436
-2.288307
-1.239777
-0.124999
0.971726
1.998629
3.012419
4.040003
4.624639
5.180155
5.699737
6.273815
6.864922
7.451943
7.995878
8.523975
9.170771
9.730543
10.375125
11.027881
11.542695
11.796781
12.115751
12.546778
12.980529
13.282810
13.590711
13.935225
14.267479
14.752831
15.226262
15.816348
16.244990
16.367776
16.288587
16.184364
15.950544
15.742779
15.197822
14.691693
14.258283
14.205830
14.243296
14.449869
14.749936
14.724050
14.599051
14.504365
14.600924
14.723369
14.798982
14.474392
14.008454
13.577087
12.979337
12.433188
11.723893
10.958740
9.979350
9.000642

