-15.980686
-15.271051
-14.425857
-13.596501
-12.852805
-11.891978
-11.246034
-10.714531
-10.053260
-9.508474
-8.899314
-7.760695
-6.392854
-5.044597
-3.691912
-2.611365
-1.504592
-0.481435
0.498125
1.458441
2.459288
3.134353
3.827470
4.468816
5.025182
5.748613
6.472554
7.143702
7.802929
8.718627
9.776524
10.715212
11.662415
12.553079
13.260330
14.049666
15.017135
16.219616
17.402002
18.481868
19.237144
19.892624
20.638534
21.333354
21.898576
22.445747
22.697789
22.676502
22.576877
22.366388
22.270339
21.907772
21.383081
20.825863
20.557131
20.305089
20.269666
20.223856
19.830806
19.197464
18.584217
17.628840
16.759634
15.916654
15.061242
13.912746
12.813977
12.066535
11.144366
10.242292
9.210450
8.250986
7.310254
6.653752
5.567074
4.585130
3.386736
1.943622
0.491994
-0.809261
-1.876354
-2.916881
-3.926924
-5.048173
-5.959783
-6.830352
-7.935422
-9.053264
-10.046107
-11.193071
-12.125628
-12.908833
-13.756582
-14.334066
-15.011345
-15.910353
-16.920226
-17.402172
-17.822300
-18.477099
-19.013371
-20.084211
-20.804235
-21.447624
-21.962609
-22.030217
-22.172587
-22.516762
-22.659472
-22.480147
-22.106852
-21.703754
-21.117244
-20.594937
-20.083870
-19.428560
-18.671921
-18.185377
-17.252650
-16.668694
-16.514063
-16.316686
-15.874760
-15.320608
-14.489549
-13.639416
-12.903043
-12.022257
-11.187111
-10.625975
-10.108437
-9.567227
-8.993830
-8.352825
-7.114070
-5.765132
-4.380260
-3.167561
-2.255440
-1.289674
-0.352178
0.608478
1.559428
2.503906
3.159557
3.741469
4.349436
4.931007
5.601134
6.391491
7.030453
7.735491
8.733954
10.046618
11.063303
12.015785
12.807676
13.555970
14.383793
15.629360
16.828605
18.051522
19.145863
19.965683
20.647219
21.366562
21.995136
22.565297
22.919348
23.011650
23.033619
22.956644
22.730827
22.421224
22.004843
21.374907
20.910672
20.640918
20.376614
20.279033
20.068373
19.493614
18.840006
18.018144
17.041990
16.057832
15.131405
14.175347
13.047968
12.090547
11.155605
10.245868
9.268693
8.365086
7.386208
6.619522
5.788463
4.818780
3.835985
2.605234
1.225812
-0.171321
-1.367331
-2.298525
-3.224441
-4.206896
-5.276033
-6.165334
-7.064002
-8.028235
-8.963176
-10.014432
-11.108603
-11.968783
-12.756245
-13.533320
-14.041322
-14.870678
-15.824863
-16.628504
-17.026833
-17.593418
-18.282107
-19.106013
-20.070587
-20.899773
-21.683829
-22.075176
-22.093739
-22.374392
-22.772891
-22.870813
-22.632735
-22.276640
-21.719762
-21.233729
-20.738329
-20.255532
-19.535848
-18.799305
-18.147911
-17.444066
-17.082861
-16.971145
-16.548634
-16.000782
-15.367610
-14.479671
-13.525656
-12.657813
-11.731216
-10.875634
-10.343449
-9.743316
-9.164470
-8.510181
-7.654428
-6.373610
-5.075250
-3.684929
-2.661773
-1.708950
-0.631469
0.290360
1.226323
2.139807
2.954176
3.564017
4.154955
4.624299
5.255767
5.950076
6.706544
7.291521
8.058207
9.112699
10.016646
11.022432
11.859281
12.663773
13.421944
14.354161
15.576056
16.795737
18.046413
18.987996
19.736971
20.489011
21.286011
22.006035
22.630862
22.918327
22.954941
22.913728
22.688253
22.451878
22.244113
21.835225
21.283967
20.817518
20.585401
20.382575
20.329441
19.984416
19.392627
18.708706
17.919370
17.023768
16.184194
15.236480
14.091560
12.950386
11.990922
11.149645
10.163614
9.250641
8.200577
7.366283
6.550891
5.703313
4.648140
3.533193
2.216271
0.852517
-0.477007
-1.584121
-2.583776
-3.479549
-4.574912
-5.650861
-6.460633
-7.427590
-8.394207
-9.416512
-10.444948
-11.471169
-12.258121
-13.060399
-13.689143
-14.330660
-15.048470
-16.050679
-16.769511
-17.132248
-17.756735
-18.610784
-19.486972
-20.232541
-21.013021
-21.667991
-22.052867
-22.041116
-22.336585
-22.625583
-22.664240
-22.448812
-22.113834
-21.405901
-20.867927
-20.407438
-19.757407
-19.069569
-18.480165
-17.889397
-17.132589
-16.957692
-16.845976
-16.382422
-15.957526
-15.216385
-14.305966
-13.493299
-12.610299
-11.653560
-10.839530
-10.276522
-9.626491
-9.103843
-8.543049
-7.590566
-6.345510
-4.843644
-3.538302
-2.440895
-1.538822
-0.579357
0.352689
1.239606
2.154282
2.967460
3.610849
4.301752
4.919767
5.480221
6.205865
6.838696
7.367304
8.175373
9.291342
10.308879
11.259999
12.202093
12.819937
13.700383
14.681986
15.869141
17.039435
18.295901
19.226074
19.906248
20.665271
21.366051
21.986791
22.505522
22.743259
22.928204
22.914921
22.715500
22.534643
22.243091
21.576030
20.926850
20.596640
20.423957
20.320415
20.458017
19.955635
19.435372
18.942186
18.121685
16.862495
15.878166
14.933859
14.055797
13.038090
12.037413
10.928937
9.977818
9.078639
8.023807
7.098573
6.300892
5.439690
4.415512
3.338712
1.903943
0.552109
-0.866652
-1.959801
-2.912113
-3.787790
-4.907336
-5.843639
-6.737709
-7.694449
-8.629220
-9.608439
-10.635853
-11.625631
-12.374776
-13.104677
-13.686248
-14.467410
-15.339170
-16.228131
-16.894170
-17.222847
-17.695938
-18.296412
-19.241742
-20.150457
-21.001441
-21.533115
-21.875756
-22.083351
-22.282600
-22.548097
-22.558485
-22.239515
-21.771022
-21.281072
-20.875079
-20.426341
-19.845281
-19.084215
-18.491575
-17.795563
-17.240899
-17.017467
-16.818047
-16.451393
-15.857901
-15.156439
-14.254877
-13.347864
-12.468440
-11.569602
-10.812964
-10.305473
-9.713173
-9.207385
-8.454153
-7.466418
-6.159544
-4.729714
-3.430843
-2.328839
-1.382487
-0.417914
0.632490
1.586505
2.458096
3.321682
3.830705
4.490444
4.968984
5.559751
6.281478
7.045099
7.605553
8.435420
9.504046
10.474409
11.429616
12.186084
12.953792
13.830151
14.899458
16.059535
17.407451
18.491745
19.432817
20.004681
20.723002
21.390745
22.131886
22.563253
22.781066
22.879839
22.846971
22.667646
22.430250
22.090673
21.689960
21.146366
20.848513
20.678554
20.521368
20.520176
20.037208
19.384282
18.627303
17.830644
16.840185
15.913929
14.973368
13.851268
12.783153
11.843273
10.884489
9.966748
8.955683
7.871730
7.117135
6.288290
5.336489
4.290683
3.133672
1.611199
0.382321
-0.993524
-2.088206
-3.081390
-3.973586
-5.060945
-6.076268
-6.895065
-7.823024
-8.816038
-9.863717
-10.749953
-11.809553
-12.608767
-13.332367
-13.970818
-14.588663
-15.431983
-16.343594
-16.942365
-17.306464
-17.982381
-18.811396
-19.546236
-20.429407
-21.118947
-21.684851
-21.960735
-22.044863
-22.347314
-22.512504
-22.611618
-22.236790
-21.805423
-21.261658
-20.773240
-20.286867
-19.681794
-18.960919
-18.402849
-17.739364
-17.218249
-17.064640
-16.864879
-16.467401
-15.758446
-14.993974
-14.213153
-13.365235
-12.491260
-11.587484
-10.931151
-10.316031
-9.756940
-9.152719
-8.401530
-7.386718
-6.009681
-4.569462
-3.304992
-2.295119
-1.317774
-0.223943
0.822033
1.778943
2.686296
3.382138
4.023654
4.626172
5.185604
5.844321
6.509508
7.218293
7.751840
8.748259
9.785550
10.825396
11.766638
12.457541
13.194254
14.082023
15.127148
16.200713
17.477785
18.603631
19.429411
20.072801
20.823138
21.420036
22.060701
22.496666
22.747006
22.675991
22.749731
22.507736
22.295713
22.055762
21.557638
21.028689
20.694392
20.534311
20.469597
20.251955
19.821099
19.160509
18.426010
17.512356
16.571965
15.777690
14.732395
13.647420
12.575899
11.587143
10.715723
9.914466
8.846010
7.799523
6.990433
6.163461
5.058731
4.101821
2.811977
1.390832
0.038998
-1.274858
-2.309765
-3.271444
-4.194294
-5.296639
-6.311110
-7.138252
-8.141994
-9.022781
-10.115249
-11.129379
-12.051378
-12.858255
-13.578790
-14.191355
-14.899799
-15.704632
-16.664267
-17.070941
-17.496177
-18.092564
-18.766778
-19.746338
-20.590680
-21.167653
-21.653005
-21.905218
-22.054229
-22.408281
-22.514718
-22.350209
-21.922077
-21.526643
-20.958696
-20.573480
-20.008087
-19.426686
-18.769843
-18.070596
-17.422438
-16.962630
-16.903877
-16.519002
-16.182661
-15.530757
-14.658826
-13.844115
-13.076748
-12.073347
-11.289631
-10.718278
-10.220494
-9.605544
-9.044749
-8.226122
-7.027728
-5.657503
-4.198721
-2.942937
-1.971040
-1.052277
-0.041212
0.998804
1.894406
2.653088
3.447873
4.030125
4.691396
5.241462
5.969490
6.760529
7.351296
8.105040
9.105546
10.174683
11.244161
12.069770
12.778555
13.563803
14.451572
15.526329
16.741923
17.999411
19.119126
19.743272
20.447118
21.201372
21.872010
22.462096
22.695405
22.788388
22.784642
22.708688
22.500072
22.221633
21.785327
21.263020
20.729474
20.517451
20.359073
20.228624
20.034484
19.359929
18.716029
18.017462
17.124925
16.154562
15.365226
14.253855
13.253348
12.332201
11.386190
10.528224
9.658677
8.562463
7.603339
6.903580
5.950417
4.916191
3.760712
2.432040
1.102516
-0.246423
-1.523665
-2.480575
-3.447703
-4.408870
-5.619526
-6.503207
-7.512569
-8.449725
-9.439843
-10.541507
-11.590719
-12.466226
-13.359785
-13.997555
-14.623063
-15.359436
-16.340017
-17.141785
-17.476933
-18.078600
-18.796580
-19.547939
-20.413739
-21.147898
-21.812746
-22.157601
-22.187744
-22.352423
-22.607190
-22.585392
-22.298949
-21.854809
-21.321603
-20.763023
-20.285164
-19.616740
-18.898249
-18.219437
-17.520870
-16.871350
-16.646726
-16.446795
-16.138724
-15.687091
-14.850923
-14.022589
-13.258117
-12.472698
-11.638403
-10.835443
-10.363715
-9.932859
-9.358100
-8.708579
-7.625137
-6.408351
-5.020755
-3.705025
-2.705370
-1.752377
-0.845364
0.217302
1.194477
2.129929
2.880437
3.517526
4.170963
4.779782
5.329507
6.116799
6.863730
7.454497
8.363043
9.471178
10.572502
11.571646
12.380736
13.109275
14.003175
14.999083
16.130550
17.378330
18.573148
19.468580
20.202569
20.926680
21.525451
22.189617
22.617579
22.865534
22.999729
22.914069
22.763525
22.458690
22.131716
21.596636
21.065303
20.673445
20.421232
20.328760
20.258767
19.870996
19.146204
18.434525
17.567362
16.655922
15.746696
14.772585
13.657638
12.584244
11.613880
10.648796
9.821142
8.909362
7.732596
6.838867
6.149837
5.206040
4.131794
2.948216
1.566921
0.229733
-1.058749
-2.152749
-2.969674
-3.868682
-4.917043
-5.933387
-6.836823
-7.767166
-8.634840
-9.749447
-10.874442
-11.870180
-12.604509
-13.326236
-13.974054
-14.664616
-15.537058
-16.503845
-17.035859
-17.481191
-18.035173
-18.791471
-19.760643
-20.692689
-21.343061
-21.877289
-22.099699
-22.285666
-22.587265
-22.675310
-22.519146
-22.260462
-21.829605
-21.217721
-20.780734
-20.209551
-19.592898
-18.840006
-18.112319
-17.498902
-17.110280
-16.867263
-16.503675
-16.142470
-15.528202
-14.652014
-13.688803
-12.887546
-12.027706
-11.147261
-10.424682
-9.923152
-9.423494
-8.760350
-7.969311
-6.787266
-5.530119
-4.191910
-2.973761
-1.956565
-1.096385
-0.196014
0.783546
1.873289
2.594675
3.262588
3.835474
4.479204
5.032165
5.682537
6.465912
7.066727
7.751499
8.634669
9.680816
10.715382
11.717081
12.398788
13.094289
14.081001
15.167168
16.504186
17.677035
18.819571
19.609758
20.251274

