-6.113393
-7.223231
-8.129563
-9.125471
-10.201761
-11.409862
-12.359449
-13.181652
-13.940505
-14.599051
-15.517473
-16.529219
-17.207691
-17.708881
-18.375431
-19.084045
-19.766944
-20.616736
-21.488667
-22.130353
-22.268976
-22.360597
-22.668668
-22.991725
-22.866556
-22.477082
-22.080115
-21.581990
-20.859923
-20.365545
-19.903013
-19.196272
-18.357890
-17.542839
-16.983237
-16.685384
-16.457183
-15.861647
-15.409674
-14.828103
-14.028549
-13.127838
-12.344122
-11.539800
-10.831526
-10.209424
-9.681327
-9.225777
-8.690187
-7.638080
-6.314175
-5.022969
-3.825596
-2.696855
-1.706566
-0.759193
0.160762
1.170635
2.153260
2.867835
3.486531
4.105057
4.744189
5.338703
6.095341
6.848233
7.547821
8.483274
9.564672
10.490758
11.641468
12.586798
13.280426
14.188801
15.246357
16.502142
17.731019
18.899952
19.880022
20.544359
21.306958
21.877970
22.426333
22.970097
23.121664
23.132563
22.983892
22.757224
22.572790
22.143977
21.497181
21.003314
20.659992
20.396028
20.192862
19.991909
19.587619
18.979652
18.184185
17.350571
16.367435
15.511853
14.423643
13.232231
12.267658
11.412927
10.588850
9.606055
8.630582
7.715906
6.869520
6.088018
5.232607
4.308394
3.193787
1.776559
0.358309
-0.783375
-1.731089
-2.622264
-3.535577
-4.538468
-5.397286
-6.291355
-7.331371
-8.264950
-9.277037
-10.375977
-11.483942
-12.309040
-13.118131
-13.751473
-14.585427
-15.480518
-16.449009
-16.959054
-17.620325
-18.249750
-19.039086
-19.785506
-20.738840
-21.504675
-22.013869
-22.314787
-22.509950
-22.954770
-23.025955
-22.830623
-22.509439
-22.102083
-21.611963
-20.998205
-20.555769
-19.844260
-19.041640
-18.304757
-17.464161
-17.019851
-16.745159
-16.463143
-15.861818
-15.307495
-14.516456
-13.599736
-12.707540
-11.777537
-10.992459
-10.344642
-9.716579
-9.188141
-8.683716
-7.928610
-6.688833
-5.409547
-4.066740
-2.939190
-1.974617
-1.191923
-0.224795
0.582252
1.704863
2.552101
3.201110
3.669943
4.157339
4.756280
5.385024
6.064858
6.727491
7.457222
8.417709
9.451423
10.497911
11.395897
12.250457
12.934378
13.813972
15.029226
16.288076
17.652682
18.695763
19.626788
20.427363
21.195923
21.810532
22.449153
22.923265
23.139034
23.281404
23.186547
23.018633
22.787877
22.408792
21.804231
21.365200
21.142789
20.848172
20.726408
20.485946
19.904375
19.237825
18.374920
17.393146
16.457694
15.504701
14.425005
13.099057
12.208905
11.156797
10.234458
9.160553
8.179801
7.278919
6.358794
5.511556
4.519735
3.430843
2.059596
0.644922
-0.723941
-1.814195
-2.670969
-3.622600
-4.506622
-5.569458
-6.413971
-7.370881
-8.387736
-9.207215
-10.133641
-11.149475
-12.092079
-12.793541
-13.466052
-14.063971
-14.838491
-15.758957
-16.485453
-16.907964
-17.416818
-18.166304
-18.845286
-19.635303
-20.541123
-21.240882
-21.666118
-21.799292
-22.100210
-22.567000
-22.572620
-22.409473
-22.163221
-21.707160
-21.130187
-20.655223
-20.115886
-19.445249
-18.811396
-18.097333
-17.537730
-17.193556
-17.033475
-16.623395
-16.104153
-15.487160
-14.661721
-13.771227
-12.822662
-11.902026
-11.029243
-10.369676
-9.703977
-9.151867
-8.530957
-7.612365
-6.311110
-4.879066
-3.580025
-2.477339
-1.504081
-0.514644
0.401395
1.360689
2.365623
3.196853
3.791366
4.281827
4.835810
5.515133
6.160225
6.780113
7.489068
8.202110
9.116616
10.107585
10.975770
11.848382
12.687956
13.345821
14.336109
15.428407
16.704287
17.970290
18.923794
19.639901
20.453930
21.120140
21.870817
22.407770
22.725548
22.843736
22.822108
22.668157
22.378819
22.312062
21.808829
21.275623
20.953928
20.748888
20.566838
20.504509
20.241056
19.638368
18.990380
18.167836
17.280579
16.373396
15.375444
14.167513
13.040815
12.111664
11.287076
10.300534
9.238890
8.226633
7.301228
6.461654
5.494016
4.483291
3.400019
1.962355
0.488077
-0.811815
-1.864263
-2.808911
-3.810610
-4.871062
-5.899327
-6.733962
-7.701261
-8.693252
-9.570122
-10.556834
-11.576584
-12.470654
-13.215712
-13.792685
-14.403207
-15.150820
-16.113009
-16.665799
-17.059701
-17.786367
-18.289600
-19.166129
-20.033973
-20.846980
-21.497692
-21.877459
-21.979809
-22.247008
-22.623880
-22.575344
-22.256034
-21.904877
-21.488496
-20.989691
-20.402840
-19.770179
-19.132580
-18.497535
-17.894166
-17.369986
-17.086438
-16.955648
-16.540459
-16.028200
-15.259981
-14.442376
-13.618980
-12.845652
-11.920588
-11.159863
-10.450227
-9.830339
-9.281124
-8.678607
-7.608107
-6.294250
-4.797322
-3.655127
-2.640656
-1.635211
-0.526564
0.449419
1.395600
2.490623
3.348248
4.107612
4.807200
5.130257
5.711317
6.462676
7.179465
7.944618
8.647101
9.652036
10.606391
11.529922
12.441703
13.175351
13.868638
14.858927
15.957526
17.247370
18.382924
19.275802
19.980669
20.731177
21.314621
21.860259
22.305761
22.540433
22.596291
22.575685
22.362811
22.114345
21.915095
21.483728
20.867927
20.632063
20.465510
20.392452
20.275627
20.053387
19.522905
18.842220
17.982551
17.076731
16.124759
15.152182
14.098201
12.987852
11.954989
11.190687
10.360820
9.356056
8.270570
7.401364
6.612199
5.599260
4.583427
3.450087
2.089739
0.512430
-0.771795
-1.861879
-2.778087
-3.744193
-4.801750
-5.864416
-6.749971
-7.771083
-8.734124
-9.759494
-10.847364
-11.819942
-12.784515
-13.445786
-13.982058
-14.732054
-15.618461
-16.560044
-17.097167
-17.569746
-18.171072
-18.782445
-19.595793
-20.377295
-21.173273
-21.771703
-21.956478
-22.030047
-22.411517
-22.671734
-22.504330
-22.130694
-21.761486
-21.246161
-20.758765
-20.211765
-19.579615
-18.928732
-18.251113
-17.554930
-17.005546
-16.854320
-16.648258
-16.199691
-15.654905
-14.941011
-14.233930
-13.342755
-12.445961
-11.719465
-10.971682
-10.370868
-9.783847
-9.373937
-8.701427
-7.626840
-6.318263
-4.913126
-3.718649
-2.606426
-1.690728
-0.646966
0.334978
1.361370
2.383164
3.225122
3.855058
4.468816
5.104201
5.697012
6.457738
7.217782
7.849251
8.842264
9.800366
10.843958
11.769363
12.629543
13.378859
14.155252
15.199695
16.287225
17.694916
18.807650
19.614186
20.374911
21.095616
21.621670
22.207328
22.674288
22.814955
22.827387
22.693872
22.489854
22.227934
21.848508
21.267448
20.741395
20.382745
20.238331
20.133427
19.907270
19.527674
18.960408
18.199342
17.327411
16.366584
15.524626
14.496361
13.409001
12.456349
11.539289
10.709422
9.824719
8.877856
7.879564
7.083246
6.348065
5.387238
4.435778
3.306866
1.865114
0.482457
-0.698396
-1.810108
-2.668926
-3.625325
-4.667725
-5.621399
-6.486348
-7.562297
-8.558375
-9.426900
-10.479348
-11.552743
-12.416329
-13.209581
-13.784511
-14.558860
-15.403884
-16.411713
-16.928060
-17.427036
-18.072809
-18.847840
-19.585916
-20.492077
-21.268129
-21.883590
-22.062915
-22.017104
-22.442000
-22.652660
-22.548437
-22.285155
-22.036859
-21.477767
-20.892109
-20.437070
-19.780908
-19.086599
-18.313442
-17.694916
-17.174142
-16.941343
-16.661201
-16.127144
-15.516962
-14.737674
-13.920069
-13.168199
-12.254374
-11.432511
-10.844810
-10.109629
-9.654760
-9.214027
-8.514949
-7.406643
-6.042719
-4.618338
-3.463030
-2.419438
-1.586846
-0.512089
0.450952
1.346554
2.317939
3.129074
3.733294
4.290172
4.983289
5.603858
6.257977
6.903069
7.645232
8.624792
9.632792
10.708400
11.623928
12.508290
13.304438
14.163596
15.183687
16.405923
17.788240
18.854312
19.688947
20.550319
21.222149
21.833352
22.423778
22.853783
22.983551
23.000922
23.047413
22.724356
22.500753
22.162369
21.612304
21.087783
20.800659
20.544188
20.384959
20.123890
19.788401
19.066163
18.252816
17.350742
16.424997
15.516451
14.500959
13.238873
12.300185
11.395897
10.538442
9.603330
8.584431
7.600784
6.790842
6.056002
5.013432
4.112550
2.854381
1.356091
0.016860
-1.057046
-2.189704
-3.033025
-3.983974
-4.922322
-5.880935
-6.812470
-7.711479
-8.749792
-9.693929
-10.698182
-11.754206
-12.583392
-13.213669
-13.741425
-14.575209
-15.518325
-16.507762
-16.932828
-17.524787
-18.054928
-18.694571
-19.581999
-20.487990
-21.098852
-21.625587
-22.031069
-22.104127
-22.550140
-22.735766
-22.506373
-22.132908
-21.884441
-21.339825
-20.815134
-20.247187
-19.623893
-18.952404
-18.225227
-17.514059
-17.065832
-16.785519
-16.516617
-16.051701
-15.442031
-14.714003
-13.876472
-12.982403
-12.034518
-11.267662
-10.615076
-9.983948
-9.449891
-8.918217
-8.140973
-6.927763
-5.643879
-4.217625
-3.022126
-2.056701
-1.204865
-0.168426
0.771454
1.776729
2.651044
3.358466
3.865276
4.411255
5.014454
5.693436
6.420783
7.092953
7.713522
8.709260
9.688139
10.769367
11.720657
12.552738
13.228655
14.170238
15.174321
16.416652
17.860958
18.955980
19.713470
20.474536
21.206311
21.789925
22.444044
22.765909
22.955963
23.001432
22.935527
22.520678
22.233725
21.967036
21.542651
20.992245
20.810195
20.648241
20.568030
20.250934
19.796235
19.134453
18.366916
17.354148
16.390085
15.482051
14.324359
13.207367
12.258972
11.198861
10.392666
9.456532
8.269548
7.285731
6.563153
5.649499
4.680157
3.587348
2.373627
0.832081
-0.467982
-1.664332
-2.552952
-3.522805
-4.456214
-5.451271
-6.291866
-7.206031
-8.164133
-9.088516
-10.092258
-11.075735
-12.093612
-12.903554
-13.566698
-14.081001
-14.894860
-15.838657
-16.630207
-17.014912
-17.630543
-18.351589
-19.062757
-19.893476
-20.769324
-21.411010
-21.924802
-22.058146
-22.277491
-22.731509
-22.809846
-22.566319
-22.251776
-21.780900
-21.318027
-20.785672
-20.116397
-19.467728
-18.758774
-18.091883
-17.420224
-17.063107
-16.833544
-16.499077
-16.005550
-15.184709
-14.329297
-13.541664
-12.736150
-11.738028
-10.953801
-10.336467
-9.675026
-9.119851
-8.539813
-7.540498
-6.212677
-4.887070
-3.521442
-2.387762
-1.560450
-0.652075
0.387600
1.331568
2.304997
3.040007
3.650870
4.198721
4.712003
5.300215
6.022624
6.684405
7.302250
8.226463
9.234633
10.244165
11.211463
12.081691
12.806484
13.574192
14.602116
15.675681
16.998734
18.311058
19.272736
20.031078
20.770005
21.422250
22.024087
22.526639
22.884267
22.970097
22.999900
22.817680
22.532088
22.259951
21.812235
21.184513
20.784821
20.663057
20.527329
20.364353
19.960914
19.455808
18.749918
17.876455
16.961949
15.970128
15.052387
13.847692
12.737683
11.709247
10.845321
9.965726
8.924007
7.893188
7.004057
6.253208
5.354370
4.356418
3.223930
1.864774
0.364270
-0.895432
-1.884358
-2.727849
-3.643206
-4.672834
-5.699226
-6.550550
-7.506609
-8.456366
-9.439162
-10.499954
-11.480365
-12.376819
-13.127157
-13.762542
-14.432158
-15.345301
-16.405072
-17.004354
-17.414093
-18.026488
-18.787384
-19.657271
-20.419189
-21.192857
-21.680083
-22.187914
-22.325175
-22.637163
-22.962093
-22.755010
-22.423097
-22.039073
-21.567345
-21.061727
-20.528180
-19.866569
-19.080809
-18.402849
-17.666136
-17.226253
-16.915628
-16.576903
-16.184534
-15.570096
-14.768839
-13.883284
-13.128519

