-18.085412
-17.589501
-16.809361
-16.163928
-15.744482
-15.702418
-15.567882
-15.318394
-14.960425
-14.373234
-13.808523
-13.076067
-11.801038
-10.373763
-9.348392
-8.385181
-7.622753
-7.055998
-6.363903
-5.328315
-3.842456
-2.404451
-1.270260
-0.339917
0.809942
1.999310
3.027916
3.937653
4.859992
5.374295
5.718981
6.231751
6.871564
7.547310
8.170605
8.640971
9.070805
9.826592
10.388238
10.897432
11.394875
11.826924
12.085778
12.400150
12.697492
13.072150
13.414281
13.620343
13.782297
14.299835
14.920235
15.476601
15.892301
16.156094
16.180107
16.135318
15.953950
15.705824
15.381234
14.864888
14.359610
14.069251
14.063801
14.131239
14.353139
14.498404
14.452764
14.431817
14.475925
14.431477
14.607906
14.588663
14.160190
13.723884
13.196809
12.671947
12.061426
11.355366
10.510002
9.565183
8.844137
8.032322
7.090058
6.110157
4.782166
3.391164
2.067770
0.930854
0.157527
-0.657184
-1.600470
-2.424206
-3.273317
-4.195145
-5.190202
-6.281478
-7.469313
-8.647442
-9.759835
-10.659013
-11.569602
-12.315682
-13.196298
-14.126982
-14.863355
-15.471152
-15.976940
-16.593082
-17.302547
-17.954622
-18.624408
-19.151313
-19.573825
-19.809008
-19.988503
-20.229987
-20.218747
-19.857032
-19.379514
-18.870149
-18.504347
-18.249920
-17.832858
-17.237323
-16.703095
-16.001974
-15.455825
-15.232733
-15.217577
-15.015943
-14.824356
-14.359100
-13.918366
-13.287919
-12.443577
-11.014768
-9.872062
-8.903061
-8.085626
-7.453135
-6.920270
-6.140641
-5.033697
-3.628731
-2.314023
-1.404967
-0.334638
0.803471
1.888275
2.859661
3.716094
4.468134
4.917043
5.483627
6.043911
6.552594
7.326433
7.880586
8.436271
8.969137
9.720666
10.350261
10.940007
11.459078
11.859110
12.276173
12.635503
12.990407
13.428586
13.763564
13.974224
14.291831
14.927217
15.475920
16.125270
16.488518
16.602959
16.461781
16.419547
16.095127
15.938963
15.533141
14.973027
14.449188
14.247043
14.302731
14.409338
14.588492
14.597348
14.524119
14.464685
14.511517
14.599051
14.531783
14.341559
13.826575
13.264758
12.766463
12.160540
11.603832
10.711976
9.838343
9.008816
8.274146
7.367815
6.375483
5.244187
3.923689
2.691235
1.528093
0.588042
-0.146627
-0.873974
-1.789672
-2.659219
-3.503561
-4.512242
-5.476304
-6.571668
-7.775170
-8.902209
-9.933710
-10.885511
-11.667524
-12.485300
-13.350589
-14.358078
-14.953273
-15.610456
-16.139235
-16.854661
-17.525469
-18.133266
-18.794196
-19.315992
-19.703082
-19.930261
-20.222494
-20.301001
-20.150627
-19.727264
-19.161701
-18.731015
-18.340179
-18.147400
-17.666646
-17.154046
-16.599723
-15.863180
-15.381745
-15.210084
-15.143667
-14.906440
-14.595815
-14.114380
-13.572659
-12.945618
-11.899131
-10.445799
-9.235995
-8.390631
-7.566725
-6.976128
-6.390810
-5.534206
-4.310438
-2.857958
-1.681192
-0.811134
0.293936
1.403434
2.342973
3.322022
4.157679
4.741805
5.244357
5.793401
6.253719
6.874970
7.503884
8.062124
8.529254
9.216240
9.889943
10.474920
10.966914
11.350768
11.690174
12.054614
12.444769
12.800864
13.254540
13.548987
13.818571
14.224563
14.801877
15.472344
16.019004
16.276325
16.336782
16.370501
16.234943
15.980686
15.700545
15.298980
14.777354
14.336279
14.298473
14.497382
14.658996
14.765944
14.857735
14.739377
14.722347
14.783314
14.749765
14.691523
14.438118
13.833897
13.291495
12.592418
12.008292
11.413438
10.531289
9.549856
8.843456
8.013248
7.159029
6.076608
4.816907
3.435441
2.128567
1.025030
0.043256
-0.535420
-1.423700
-2.356938
-3.215585
-4.106760
-5.066906
-6.054470
-7.135698
-8.342436
-9.390797
-10.340895
-11.178596
-11.952775
-12.776000
-13.699702
-14.540298
-15.206678
-15.658821
-16.208547
-16.915458
-17.632587
-18.266610
-18.819571
-19.350903
-19.636154
-19.781419
-20.060710
-20.114524
-19.862652
-19.442013
-18.970285
-18.612146
-18.396378
-18.188613
-17.642123
-17.096485
-16.507762
-15.873398
-15.494313
-15.413250
-15.318394
-15.135322
-14.717919
-14.199700
-13.585431
-12.875114
-11.587484
-10.203123
-9.282657
-8.420944
-7.756778
-7.107769
-6.352322
-5.338873
-4.021611
-2.548013
-1.369034
-0.473261
0.641346
1.853534
2.896786
3.803458
4.597051
5.237375
5.804982
6.292547
6.801401
7.364920
7.968630
8.537258
8.997236
9.652376
10.290146
10.916335
11.336463
11.608601
11.826072
12.192215
12.536049
12.991428
13.369662
13.586794
13.721330
14.140265
14.647245
15.324865
15.671253
15.786375
15.822819
15.887703
15.703099
15.341554
15.097516
14.718090
14.329127
14.213664
13.996022
14.121022
14.458724
14.655590
14.779057
14.599221
14.634984
14.688458
14.747552
14.749254
14.463493
13.951233
13.436079
12.818405
12.311084
11.597531
10.715893
9.800025
9.096520
8.322682
7.397618
6.305831
4.988057
3.551585
2.261060
1.033204
0.058753
-0.627041
-1.484496
-2.530984
-3.377710
-4.322188
-5.320992
-6.436620
-7.544415
-8.736168
-9.789467
-10.808025
-11.660031
-12.498583
-13.318573
-14.131750
-14.978988
-15.762533
-16.172273
-16.607727
-17.260313
-17.996516
-18.540791
-19.014222
-19.521713
-19.753490
-19.899607
-20.041466
-20.101752
-19.767114
-19.312586
-18.736294
-18.309866
-18.070936
-17.813614
-17.256226
-16.685213
-16.012703
-15.458550
-15.132087
-14.986651
-14.949015
-14.703274
-14.245851
-13.878686
-13.400316
-12.690169
-11.416163
-10.156291
-9.162767
-8.346353
-7.752350
-7.177591
-6.462846
-5.410910
-4.083940
-2.619880
-1.613923
-0.626871
0.560113
1.752717
2.730233
3.678458
4.383155
4.955190
5.534887
6.055662
6.619011
7.302761
7.965565
8.462667
9.003196
9.716919
10.432856
11.069264
11.486667
11.967761
12.352637
12.634822
13.042007
13.426542
13.831513
13.971499
14.227288
14.699868
15.234436
15.810898
16.189473
16.357047
16.294547
16.267129
16.071456
15.738010
15.353986
14.925173
14.356375
14.030933
14.004367
14.077084
14.273950
14.391967
14.277186
14.282806
14.201062
14.302220
14.308691
14.219965
13.876472
13.401168
12.898786
12.243646
11.874948
11.183534
10.242803
9.438310
8.722203
7.889611
7.042374
6.036758
4.738399
3.388780
2.144916
1.080888
0.269754
-0.467982
-1.352174
-2.238750
-3.133161
-3.939526
-4.889454
-6.034034
-7.224764
-8.427075
-9.550367
-10.567904
-11.479344
-12.293543
-13.207708
-14.091049
-14.876979
-15.558515
-16.091211
-16.662053
-17.368964
-18.120493
-18.681288
-19.153867
-19.650630
-19.858565
-20.067181
-20.318202
-20.266260
-19.920043
-19.577912
-19.018820
-18.602099
-18.361466
-17.986979
-17.362663
-16.851255
-16.197988
-15.516962
-15.195438
-15.138047
-14.963831
-14.762027
-14.271225
-13.785022
-13.154575
-12.398447
-11.084931
-9.799174
-8.893354
-8.101293
-7.474763
-6.952797
-6.150518
-5.089045
-3.764629
-2.240113
-1.293932
-0.301429
0.784227
1.842465
2.697025
3.656830
4.433564
4.850285
5.395412
5.897454
6.517853
7.100616
7.754564
8.288963
8.863381
9.617635
10.353156
11.015109
11.498587
11.814492
12.260675
12.677227
12.930972
13.492107
13.751984
13.975927
14.258453
14.781782
15.405076
16.082866
16.462292
16.625609
16.505378
16.556978
16.322817
15.909331
15.553917
15.075207
14.515604
14.185905
14.275653
14.335939
14.468261
14.442035
14.353650
14.292513
14.270714
14.365911
14.324359
14.225926
13.890777
13.390609
12.749093
12.146916
11.657136
10.826588
9.883472
9.156295
8.402382
7.603679
6.684065
5.588361
4.259178
2.907685
1.881123
0.784057
0.043937
-0.618867
-1.474789
-2.388614
-3.225974
-4.168749
-5.128554
-6.246056
-7.302420
-8.537088
-9.644542
-10.593108
-11.437450
-12.263741
-13.124772
-14.130388
-14.850242
-15.465702
-15.969958
-16.499928
-17.215184
-17.916134
-18.524953
-19.047771
-19.638879
-19.810029
-20.100219
-20.375422
-20.254510
-19.814457
-19.514220
-18.985442
-18.693379
-18.447978
-18.107210
-17.565659
-16.859600
-16.254868
-15.677725
-15.372378
-15.333210
-15.204293
-14.879022
-14.335939
-13.847351
-13.227633
-12.358427
-10.866608
-9.654760
-8.667537
-7.863726
-7.298844
-6.723915
-5.829334
-4.751682
-3.386395
-2.006463
-1.090254
-0.134025
1.001699
2.117838
2.952984
3.843478
4.518032
5.081041
5.580357
6.036248
6.581715
7.235323
7.812466
8.382116
8.930990
9.607417
10.291679
10.787760
11.219467
11.587994
12.006419
12.348550
12.722697
13.177735
13.510329
13.774804
14.115742
14.701060
15.242440
15.949011
16.409670
16.540119
16.498055
16.536713
16.309364
15.991756
15.611819
15.124083
14.589514
14.407294
14.465366
14.671258
14.866931
14.880725
14.692034
14.655931
14.640604
14.738185
14.722177
14.498404
13.965028
13.463497
12.757948
12.143680
11.692047
10.855539
9.808711
8.940186
8.204494
7.295438
6.354196
5.162614
3.840412
2.534389
1.389299
0.211341
-0.612055
-1.244715
-1.970870
-2.914156
-3.691571
-4.538468
-5.461488
-6.635359
-7.747752
-8.887734
-9.863206
-10.838338
-11.702095
-12.451751
-13.339860
-14.137030
-14.800514
-15.537058
-15.932322
-16.509805
-17.398426
-18.097843
-18.590348
-19.185884
-19.548110
-19.810881
-20.018986
-20.243951
-20.054238
-19.788912
-19.273417
-18.895694
-18.561568
-18.352270
-17.859595
-17.261165
-16.668694
-16.031265
-15.598365
-15.384470
-15.391452
-15.228135
-14.908825
-14.291661
-13.760158
-13.097865
-12.080669
-10.591575
-9.494679
-8.521080
-7.679973
-7.052592
-6.353855
-5.361182
-4.173858
-2.708605
-1.414674
-0.516687
0.559943
1.730578
2.784048
3.729037
4.450594
5.019903
5.575929
6.042719
6.560258
7.128886
7.815702
8.357252
8.808034
9.310246
9.847198
10.537079
11.046784
11.371034
11.609112
12.078115
12.429442
12.724570
13.115747
13.389928
13.576576
14.039108
14.650481
15.281609
15.925510
16.241074
16.176701
16.120843
16.097512
15.823671
15.540974
15.094791
14.617443
14.343602
14.308861
14.462982
14.753853
14.885664
14.811754
14.828614
14.808859
14.855180
14.875957
14.842919
14.496190
13.987167
13.485977
12.730019
12.157134
11.543036
10.612352
9.652717
8.871896
8.078984
7.150684
6.075076
4.833085
3.381627
2.090590
0.905820
-0.087534
-0.815221
-1.580885
-2.554314
-3.468820
-4.298346
-5.229201
-6.300041
-7.523809
-8.628709
-9.688480
-10.617290
-11.455842
-12.216738
-12.931824
-13.853993
-14.674493
-15.365396
-15.875101
-16.369649
-17.061915
-17.819575
-18.444402
-18.942356
-19.381557
-19.640582
-19.832679
-20.035335
-20.070587
-19.822632
-19.352606
-18.813099
-18.423285
-18.195936
-17.949002
-17.405578
-16.782284
-16.137702
-15.607902
-15.371186
-15.245676
-15.172788
-14.987843
-14.591387
-14.040640
-13.461113
-12.764079
-11.438472
-10.000638
-9.036234
-8.244174
-7.716417
-7.013934
-6.223406
-5.067417
-3.796816
-2.344336
-1.237052
-0.336000
0.876529
2.005271
3.004585
3.880773
4.608631
5.211660
5.756617
6.343467
6.831033
7.434572
7.943426
8.490086
9.115253
9.702274
10.400500
11.044400
11.519023
11.719806

