-5.937134
-7.001502
-7.660900
-8.293050
-9.036916
-10.004214
-10.847364
-11.645896
-12.475593
-13.236829
-14.257942
-15.319926
-15.989031
-16.420909
-16.988005
-17.385312
-17.911877
-18.619810
-19.327572
-19.933496
-20.248549
-20.636150
-21.337271
-22.171736
-22.559336
-22.609745
-22.467205
-22.059849
-21.355152
-20.799637
-20.230838
-19.436053
-18.482208
-17.503500
-16.730343
-16.224214
-15.821968
-15.194927
-14.855010
-14.560563
-14.209407
-13.851268
-13.547965
-13.046776
-12.541839
-11.955840
-11.441708
-11.104175
-10.820968
-9.998935
-8.970840
-7.867302
-6.783860
-5.651712
-4.658358
-3.798689
-3.018720
-2.287797
-1.594850
-1.145942
-0.594514
0.179155
1.165697
2.202136
3.313678
4.214219
4.776546
5.316053
5.933387
6.505251
7.412434
8.298159
9.031296
10.003533
11.176893
12.506417
13.834068
15.127659
16.311066
17.260313
18.331153
19.220795
20.064626
20.951714
21.499055
22.014380
22.523233
22.971971
23.485422
23.673603
23.429223
23.152317
22.786004
22.288731
21.800314
21.319900
20.773411
20.221642
19.725391
19.374575
18.899441
18.462624
17.733233
16.781092
15.897921
15.114035
14.331000
13.356209
12.258802
11.148964
9.919916
8.748089
7.610491
6.554638
5.490269
4.247257
2.983298
1.836334
0.627381
-0.739779
-2.334799
-3.911257
-5.180836
-6.183897
-7.111686
-7.738386
-8.393696
-9.235144
-10.164636
-10.930300
-11.733600
-12.457711
-13.352803
-14.318057
-15.314477
-15.828269
-16.406434
-16.929252
-17.401150
-17.949683
-18.678563
-19.348519
-19.922767
-20.323481
-20.858901
-21.753992
-22.381204
-22.690296
-22.719247
-22.464820
-22.003651
-21.364348
-20.846299
-20.071949
-19.184181
-18.340009
-17.298801
-16.622373
-16.119650
-15.691008
-15.116760
-14.751639
-14.390605
-14.026335
-13.675009
-13.213158
-12.678759
-12.140444
-11.539459
-11.079993
-10.764939
-10.261536
-9.310075
-8.267845
-7.062299
-5.977665
-4.959788
-4.171985
-3.306866
-2.710649
-1.872437
-1.326118
-0.885384
-0.413145
0.341960
1.355410
2.419949
3.405299
4.090241
4.598413
5.124467
5.753551
6.464890
7.219315
8.051225
8.758477
9.743486
11.057683
12.398447
13.859442
15.020881
16.181469
17.259462
18.226589
19.072294
19.961425
20.728452
21.334887
22.041798
22.687912
23.252453
23.733377
23.910999
23.617574
23.284129
22.906916
22.343227
21.957500
21.478789
20.894664
20.376614
19.924641
19.430774
19.001790
18.426691
17.608745
16.461100
15.625443
14.661891
13.772590
12.647595
11.530093
10.338000
9.072168
7.845845
6.691388
5.558899
4.335472
3.119367
1.871075
0.721897
-0.457253
-1.917907
-3.453663
-5.004065
-6.154435
-7.168906
-7.972717
-8.482082
-9.109293
-9.905611
-10.742119
-11.427402
-12.138060
-12.844120
-13.733421
-14.721836
-15.488522
-15.880040
-16.297783
-16.750268
-17.187425
-17.804248
-18.530233
-19.196612
-19.679580
-20.083359
-20.713295
-21.654708
-22.179399
-22.439616
-22.487811
-22.133078
-21.617923
-21.112817
-20.458017
-19.675664
-18.925667
-18.009969
-17.160518
-16.522918
-16.105005
-15.573842
-15.080827
-14.746359
-14.423813
-14.125790
-13.793537
-13.311761
-12.755564
-12.188298
-11.548315
-11.091573
-10.650499
-9.938989
-8.881944
-7.698877
-6.508316
-5.465065
-4.493679
-3.602164
-2.828155
-2.100127
-1.392875
-0.848430
-0.410931
0.122104
0.976494
2.044269
3.067085
3.924881
4.589387
5.022287
5.534206
6.165675
6.779092
7.585628
8.420433
9.132283
10.215555
11.373077
12.765101
14.177050
15.346834
16.366925
17.448834
18.353803
19.342218
20.166465
20.824500
21.463292
22.106852
22.704772
23.153680
23.677690
23.638691
23.334708
22.997175
22.627967
22.206988
21.861281
21.450860
20.863158
20.429918
20.053557
19.642455
19.204446
18.562930
17.597675
16.595466
15.681641
14.882599
13.937780
12.781109
11.560576
10.322503
9.092603
7.830858
6.670441
5.580017
4.328319
3.033366
1.800401
0.610181
-0.713042
-2.283539
-3.942251
-5.421638
-6.470851
-7.411412
-8.166518
-8.710793
-9.400674
-10.200739
-10.979686
-11.722190
-12.359789
-13.079643
-13.970137
-15.014580
-15.635320
-16.011340
-16.573838
-17.024790
-17.563445
-18.172434
-18.797602
-19.421918
-19.909654
-20.271880
-20.934514
-21.811553
-22.299630
-22.362811
-22.252457
-21.924802
-21.430595
-20.840509
-20.135130
-19.427879
-18.658127
-17.811911
-17.040968
-16.445432
-16.120672
-15.647411
-15.257427
-14.853988
-14.583213
-14.291831
-14.031274
-13.463497
-12.855189
-12.165989
-11.562960
-11.161395
-10.757617
-10.004214
-8.965049
-7.694619
-6.619522
-5.592789
-4.567078
-3.529957
-2.778087
-2.098935
-1.344681
-0.776563
-0.174897
0.695331
1.398325
2.447707
3.635883
4.535573
5.179814
5.522115
6.034204
6.554127
7.205350
8.049182
8.824723
9.610994
10.730539
11.909349
13.276168
14.533315
15.618120
16.641617
17.741919
18.665791
19.572122
20.413910
21.044867
21.587610
22.185360
22.684506
23.116214
23.517438
23.520844
23.096630
22.812571
22.448131
22.019829
21.635975
21.258933
20.770686
20.382745
19.988673
19.620487
19.107376
18.484082
17.630884
16.574008
15.587807
14.825378
14.002493
12.883970
11.618137
10.453633
9.277037
7.970844
6.828478
5.711828
4.487208
3.061805
1.802444
0.540188
-0.818627
-2.396788
-4.063674
-5.558048
-6.662948
-7.594654
-8.289644
-8.943251
-9.716068
-10.488544
-11.354685
-12.030772
-12.634141
-13.513906
-14.521565
-15.521901
-16.031095
-16.468423
-16.912733
-17.312425
-17.826387
-18.426180
-19.040278
-19.584894
-20.023925
-20.376955
-21.182980
-21.929060
-22.260972
-22.268976
-22.087438
-21.630526
-21.143811
-20.569393
-19.869123
-19.153186
-18.360274
-17.454113
-16.660690
-16.247545
-15.881913
-15.398945
-14.996869
-14.700379
-14.475754
-14.165470
-13.752835
-13.330323
-12.748412
-12.167862
-11.597701
-11.334590
-10.888066
-10.089534
-9.044068
-7.839373
-6.716081
-5.555834
-4.615273
-3.650529
-2.837011
-2.101830
-1.397984
-0.816243
-0.297342
0.420638
1.421145
2.472571
3.589221
4.499980
4.995380
5.570820
6.092276
6.771939
7.508993
8.337157
9.117126
9.985311
11.157990
12.341057
13.854163
15.094110
16.090700
17.154217
18.111638
18.881048
19.731011
20.499400
21.037034
21.571772
22.114686
22.612470
23.078578
23.298434
23.123707
22.785153
22.367750
22.014720
21.605832
21.124397
20.593575
20.078080
19.602265
19.181796
18.727609
18.316167
17.580986
16.719103
15.837124
15.005044
14.258453
13.363532
12.302228
11.079141
9.983267
8.896760
7.682017
6.619522
5.530289
4.275356
3.051247
1.869713
0.529970
-0.806706
-2.356768
-4.003048
-5.346707
-6.321839
-7.318599
-8.027383
-8.567061
-9.338004
-10.220494
-10.984114
-11.782987
-12.418883
-13.270889
-14.221328
-15.272413
-15.831675
-16.310215
-16.803741
-17.282452
-17.862320
-18.563952
-19.180093
-19.756385
-20.208188
-20.470790
-21.345615
-22.039584
-22.422586
-22.547075
-22.456816
-21.931955
-21.337952
-20.838124
-20.098005
-19.330297
-18.432992
-17.606190
-16.817025
-16.344956
-15.893323
-15.352283
-14.902013
-14.507600
-14.179604
-13.984101
-13.531446
-13.005904
-12.590034
-11.896917
-11.513233
-11.208739
-10.762385
-9.898458
-8.826767
-7.566384
-6.500993
-5.443266
-4.603011
-3.595522
-2.815042
-2.149343
-1.468999
-0.915016
-0.385046
0.342982
1.427957
2.473763
3.481763
4.217965
4.792554
5.339214
5.898646
6.633145
7.390465
8.280618
9.149994
10.127851
11.259999
12.554611
14.006240
15.170234
16.229493
17.369645
18.307822
19.207001
20.081997
20.826374
21.363667
21.902152
22.643634
23.043156
23.532254
23.771184
23.584366
23.197957
22.809335
22.310700
21.867582
21.366222
20.920890
20.312922
19.840513
19.404718
18.999066
18.462283
17.726081
16.667162
15.796593
14.977115
14.202084
13.312783
12.208734
11.020047
9.841578
8.700745
7.371051
6.328140
5.156483
3.865787
2.705029
1.617670
0.228882
-1.117843
-2.752883
-4.330363
-5.641665
-6.691047
-7.437638
-8.128371
-8.718457
-9.474754
-10.368313
-11.195285
-11.862346
-12.497732
-13.377156
-14.360121
-15.360798
-15.784843
-16.258444
-16.692196
-17.173290
-17.798288
-18.475907
-19.033977
-19.662551
-20.061731
-20.526988
-21.409988
-22.159815
-22.418499
-22.404534
-22.276129
-21.756206
-21.182639
-20.531246
-19.806623
-19.075530
-18.218926
-17.293521
-16.588654
-16.016620
-15.606029
-15.148606
-14.746700
-14.481544
-14.231205
-13.923475
-13.454471
-12.964010
-12.411560
-11.796781
-11.326415
-10.958058
-10.428088
-9.532315
-8.488212
-7.230554
-6.058557
-5.048513
-4.202809
-3.264632
-2.538647
-1.866136
-1.331738
-0.852687
-0.372274
0.422341
1.468148
2.635206
3.683737
4.391670
4.807370
5.354030
5.912440
6.660904
7.458585
8.301394
9.010519
10.059391
11.192049
12.517827
14.057670
15.264239
16.291312
17.296757
18.294198
19.165618
20.085914
20.734412
21.353619
21.978957
22.576026
22.899083
23.292303
23.555756
23.440123
22.997175
22.686720
22.269147
21.892105
21.339825
20.828588
20.277330
19.876105
19.355161
18.874918
18.370833
17.544712
16.613688
15.735286
14.750787
14.005218
13.066530
11.743137
10.492802
9.414639
8.151361
6.993158
5.839722
4.734482
3.411600
2.201455
0.915016
-0.289168
-1.811470
-3.391164
-4.913807
-6.040675
-6.972381
-7.752010
-8.336817
-9.014096
-9.782655
-10.686091
-11.492797
-12.241261
-12.878180
-13.865403
-14.921938
-15.787057
-16.125781
-16.656092
-17.089673
-17.510142
-18.160513
-18.814462
-19.383090
-20.015069
-20.387854
-20.965849
-21.895341
-22.457157
-22.654533
-22.592034
-22.243772
-21.818536
-21.282775
-20.574161
-19.823824
-18.963473
-18.088136
-17.130205
-16.500098
-16.091721
-15.689816
-15.321459
-14.808689
-14.445101
-14.166321
-13.873407
-13.219118
-12.610810
-12.086289
-11.482920
-11.056321
-10.675192
-9.957722
-8.890459
-7.745368
-6.472043
-5.325590
-4.513604
-3.688506
-2.849443
-2.159902
-1.510893
-1.041378
-0.516687
0.186648
1.113415
2.191918
3.345864
4.179648
4.672323
5.198547
5.716256
6.292377
6.985324
7.800545
8.583239
9.417874
10.573694
11.698518
13.071469
14.442376
15.575375
16.633783
17.687082
18.646036
19.564629
20.375422
21.066325
21.611452
22.218057
22.710562
23.143121
23.518460
23.541961
23.154702
22.770507
22.400788
21.961076
21.488496
20.920890
20.430599
19.975901
19.598859
19.182478
18.729312
18.193551
17.263378
16.264234
15.329463
14.525993
13.662236
12.543712
11.293888
10.082381
8.925710
7.746901
6.634338
5.536590
4.334620
3.040348
1.780476
0.600985
-0.724111
-2.290862
-3.924710
-5.352327
-6.370374
-7.229703
-7.903235
-8.542367
-9.341581
-10.126829
-10.984625
-11.737517
-12.408325
-13.164793
-14.124768
-15.224559
-15.813453
-16.194412
-16.641957
-17.147405
-17.899275
-18.416303
-19.083875
-19.568545
-20.127296
-20.563092
-21.327564
-22.204774
-22.529023
-22.576196
-22.368261
-21.941321
-21.380016
-20.749569
-20.038060
-19.182137
-18.452065
-17.604487
-16.950369
-16.383444
-15.886852
-15.461615
-15.008620
-14.570270
-14.227458
-14.063460

