7.799523
6.285906
4.909890
3.402574
1.839570
0.386579
-1.197883
-2.723081
-4.144907
-5.503723
-6.525687
-7.549524
-8.696318
-10.037082
-11.443751
-12.764931
-14.074530
-15.350069
-16.721828
-18.027169
-19.271203
-20.375252
-21.319560
-21.820068
-22.492238
-23.126091
-23.775612
-24.358034
-25.209529
-25.721959
-26.365348
-27.077198
-27.308294
-27.248349
-27.063404
-26.711736
-26.246309
-25.943688
-25.727408
-25.300809
-24.763346
-24.069037
-23.426499
-22.917645
-22.236109
-21.405901
-20.411185
-19.266435
-18.200363
-17.172950
-16.190325
-14.938286
-13.523442
-12.187277
-10.839360
-9.815012
-8.891310
-7.694789
-6.216594
-4.740443
-3.161771
-1.871075
-0.651734
0.694479
2.009869
3.226485
4.380601
5.260536
6.121567
7.021087
7.985830
8.855888
9.540490
10.156121
10.675362
11.159522
11.715037
12.268509
13.122388
13.946465
14.325891
14.879363
15.373060
15.817199
16.307320
16.657625
16.965355
17.279557
17.837627
18.338817
19.013541
19.695929
20.210573
20.503317
20.985092
21.577222
22.104127
22.515740
22.797925
22.831474
22.675480
22.511312
22.336585
22.099529
21.730321
21.099193
20.415953
19.872699
19.485099
19.278356
18.801178
18.161535
17.589842
16.974892
16.272068
15.625102
14.868634
13.722863
12.709754
11.860473
10.784864
9.711300
8.617640
7.369007
5.745888
4.432542
2.971036
1.387426
-0.192949
-1.822029
-3.411600
-4.807540
-6.058386
-7.012572
-8.068425
-9.372575
-10.776860
-12.088673
-13.422625
-14.705999
-16.068901
-17.474379
-18.733399
-19.841364
-20.870481
-21.588291
-22.192342
-22.852421
-23.581300
-24.201189
-24.672917
-25.376081
-26.033095
-26.645831
-27.115686
-27.218546
-27.057103
-26.814256
-26.375566
-25.878123
-25.507382
-25.235925
-24.740866
-24.123703
-23.421219
-22.859914
-22.318023
-21.509102
-20.655734
-19.696099
-18.550328
-17.532451
-16.467742
-15.443053
-14.094114
-12.696471
-11.523621
-10.279928
-9.302241
-8.332900
-7.147789
-5.774668
-4.311630
-2.818959
-1.671655
-0.334978
0.933749
2.152920
3.383841
4.438332
5.456379
6.297486
7.244178
8.177757
9.050880
9.873595
10.343109
10.812453
11.286225
11.889424
12.580327
13.519866
14.163085
14.646905
15.166828
15.560729
16.099725
16.525643
16.901834
17.114707
17.465353
17.990214
18.590348
19.263029
19.862822
20.220109
20.518984
20.913226
21.511146
22.043841
22.381033
22.504670
22.571598
22.565126
22.486789
22.207328
21.964652
21.420377
20.822116
20.210573
19.710405
19.417831
19.153527
18.613509
18.013886
17.557996
16.898598
16.163247
15.437092
14.592069
13.578790
12.677227
11.703968
10.817732
9.830850
8.597544
7.118668
5.667550
4.215240
2.714566
1.130445
-0.468833
-2.000162
-3.695318
-5.030632
-6.262745
-7.378374
-8.474248
-9.812457
-11.240585
-12.595143
-13.948168
-15.207699
-16.481365
-17.882756
-19.191333
-20.332507
-21.300827
-22.002288
-22.584370
-23.172923
-23.874044
-24.458681
-25.022881
-25.627613
-26.279518
-26.907069
-27.288198
-27.285985
-27.125733
-26.786327
-26.342869
-25.907755
-25.716339
-25.398050
-24.890218
-24.261475
-23.540429
-22.944723
-22.424970
-21.642787
-20.696776
-19.655909
-18.606867
-17.547097
-16.519853
-15.550682
-13.977119
-12.656621
-11.421612
-10.200058
-9.352991
-8.310931
-7.001332
-5.553961
-4.045282
-2.655302
-1.352344
-0.113079
1.167740
2.397639
3.567423
4.618849
5.540167
6.333419
7.295438
8.211306
9.026187
9.824378
10.332891
10.830505
11.495181
11.968783
12.696471
13.457026
14.158828
14.659507
15.147924
15.621356
16.115223
16.612666
16.959395
17.337118
17.687593
18.282788
18.848862
19.455637
20.099538
20.542145
20.832164
21.323136
21.935531
22.443022
22.740705
22.878817
22.963456
22.863661
22.687912
22.439616
22.064277
21.580798
20.873887
20.211935
19.738674
19.337279
19.035510
18.400976
17.840351
17.241410
16.492435
15.859434
15.167168
14.207193
13.190678
12.314320
11.369841
10.382789
9.465558
8.220502
6.615264
5.134344
3.757647
2.334799
0.799043
-0.873463
-2.478702
-3.919772
-5.197525
-6.434407
-7.480383
-8.505072
-9.836980
-11.167867
-12.495347
-13.804265
-15.167849
-16.542333
-17.924479
-19.204106
-20.196608
-21.192006
-21.860940
-22.402491
-23.094586
-23.835727
-24.412870
-24.978433
-25.587933
-26.278155
-26.914733
-27.215821
-27.337926
-27.136632
-26.826518
-26.443345
-26.088953
-25.745290
-25.414739
-24.877105
-24.233716
-23.616041
-23.018122
-22.478444
-21.590335
-20.663909
-19.609758
-18.481868
-17.301525
-16.349384
-15.202931
-13.920580
-12.633119
-11.448009
-10.085787
-9.228843
-8.202110
-6.856918
-5.377531
-3.574065
-2.131632
-1.090424
0.115974
1.421997
2.791200
4.184076
5.235331
6.089211
6.709439
7.745028
8.628028
9.500129
10.146584
10.667358
11.147942
11.535202
12.081010
12.821470
13.554437
14.211110
14.642647
15.157291
15.616587
16.102791
16.523940
16.763721
17.028706
17.448664
18.025296
18.528530
19.242593
19.873040
20.132746
20.461764
21.006210
21.609919
22.124052
22.540092
22.605998
22.719077
22.731849
22.492409
22.327900
21.854980
21.363837
20.762171
20.198311
19.802196
19.498553
19.186735
18.607208
17.999922
17.497369
16.802379
16.118118
15.398434
14.564480
13.542516
12.590715
11.649643
10.667528
9.529761
8.275849
6.774834
5.234139
3.817252
2.268893
0.692947
-0.869887
-2.451794
-4.010711
-5.378723
-6.567751
-7.423844
-8.591073
-9.887900
-11.233943
-12.626648
-13.949701
-15.288251
-16.560555
-17.974547
-19.143990
-20.196949
-21.142108
-21.831138
-22.378990
-23.024763
-23.742063
-24.295534
-24.846622
-25.486946
-26.038204
-26.625735
-27.015550
-27.056932
-26.971953
-26.606832
-26.198115
-25.864499
-25.568519
-25.215490
-24.660826
-24.059670
-23.313761
-22.743770
-22.269147
-21.505356
-20.495823
-19.519159
-18.465008
-17.396212
-16.458545
-15.433175
-14.062098
-12.798991
-11.538608
-10.378190
-9.423324
-8.315018
-6.970167
-5.557367
-4.001345
-2.682209
-1.408543
-0.040872
1.255274
2.470868
3.609828
4.747765
5.572183
6.453480
7.337502
8.290836
9.098734
9.871040
10.446651
10.921104
11.470148
12.050186
12.757097
13.648272
14.343091
14.810903
15.332869
15.813964
16.298294
16.664096
16.985961
17.340524
17.668009
18.237659
18.868106
19.517456
20.056452
20.397391
20.682982
21.131379
21.669183
22.271872
22.595440
22.659983
22.675991
22.638014
22.385461
22.134270
21.815811
21.270854
20.644835
20.027161
19.566672
19.190993
18.962962
18.375771
17.823832
17.256396
16.622543
16.011511
15.249593
14.420918
13.319595
12.436254
11.505399
10.604518
9.584257
8.350100
6.711994
5.234821
3.831557
2.318961
0.902925
-0.706230
-2.296822
-3.795113
-5.156824
-6.289993
-7.354532
-8.446148
-9.828465
-11.196818
-12.567895
-13.967923
-15.293700
-16.722679
-18.086944
-19.354820
-20.454781
-21.417652
-22.038051
-22.594248
-23.274592
-23.963281
-24.543830
-25.097983
-25.722299
-26.519128
-27.025768
-27.298076
-27.261972
-27.109555
-26.770149
-26.300805
-25.972128
-25.595427
-25.228092
-24.724518
-23.997681
-23.289749
-22.631713
-22.021191
-21.286862
-20.321097
-19.274099
-18.186740
-17.082691
-16.205311
-15.070949
-13.563633
-12.276343
-11.030776
-9.945290
-9.124960
-7.980381
-6.716933
-5.251510
-3.690890
-2.310787
-1.093830
0.241484
1.452821
2.632141
3.889629
4.875660
5.729709
6.542887
7.526704
8.418730
9.346519
10.044234
10.535376
10.958399
11.569772
12.185063
12.951068
13.748578
14.413765
14.803920
15.366418
15.864713
16.288928
16.584567
16.835587
17.118113
17.569065
18.130541
18.718072
19.402504
19.900118
20.253829
20.640578
21.145684
21.751438
22.300652
22.585903
22.635971
22.674629
22.636993
22.400788
22.061552
21.619967
21.118096
20.469938
19.818204
19.509281
19.167832
18.787214
18.339157
17.678397
17.006227
16.368457
15.685729
14.881407
14.023270
12.970992
12.025493
11.133977
10.187285
9.122576
7.757970
6.169081
4.763263
3.361191
1.853194
0.440904
-1.146964
-2.836330
-4.216262
-5.543743
-6.710461
-7.627692
-8.860316
-10.206188
-11.543376
-12.882607
-14.201232
-15.505041
-16.896044
-18.315315
-19.448144
-20.571947
-21.411351
-21.956308
-22.542817
-23.248025
-23.960556
-24.570738
-25.244611
-25.823457
-26.553018
-27.154343
-27.385950
-27.349166
-27.225358
-26.873520
-26.468379
-26.198626
-25.891747
-25.401967
-24.894135
-24.174452
-23.521185
-22.965329
-22.381885
-21.497692
-20.392963
-19.394670
-18.205132
-17.075539
-16.048806
-14.653546
-13.207878
-11.921780
-10.590553
-9.529080
-8.612190
-7.292884
-5.903414
-4.431350
-2.856765
-1.565048
-0.364951
1.083442
2.278941
3.379243
4.560437
5.615609
6.429127
7.251842
8.194276
9.082045
9.780782
10.403906
10.830164
11.286054
11.747224
12.393849
13.119664
13.835430
14.418023
14.809540
15.270880
15.677043
16.219446
16.544546
16.818387
17.196792
17.762525
18.280404
19.018139
19.632578
20.222664
20.510299
21.006380
21.482706
22.118773
22.668328
22.863661
22.832666
22.861447
22.840159
22.595610
22.308486
21.908964
21.308320
20.628486
20.070587
19.745486
19.395351
18.921920
18.321105
17.728124
17.116240
16.452415
15.647752
14.802558
13.777528
12.773616
11.848722
10.930129
9.900161
8.721522
7.256780
5.729198
4.293578
2.682379
1.148496
-0.409739
-2.093485
-3.747089
-4.946675
-6.217957
-7.258143
-8.337498
-9.560755
-10.946308
-12.252160
-13.576916
-14.933007
-16.163588
-17.553738
-18.834046
-19.895860
-20.894664
-21.736622
-22.292478
-22.899423
-23.602247
-24.247169
-24.850539
-25.422743
-25.991031
-26.826688
-27.375051
-27.331965
-27.165924
-26.932103
-26.484217
-25.925977
-25.695903
-25.417805
-24.949993
-24.382727
-23.749215
-23.079089
-22.550481
-21.849360
-20.926339
-19.897563
-18.787214
-17.733233
-16.717911
-15.727111
-14.301709
-12.983595
-11.641468
-10.385513
-9.417704
-8.462838
-7.157496
-5.806684
-4.089219
-2.668585
-1.453842
-0.064714
1.303468
2.598933
3.712177
4.830531
5.809920
6.594317
7.505076
8.559908
9.371042
10.122401
10.672126
11.023283
11.543376
12.176037
12.880734
13.560057
14.308180
14.795235
15.220983
15.760320
16.258955
16.711099
16.987664
17.185041
17.612491
18.083198
18.669707
19.330297
19.859246
20.261833
20.501614
21.027837
21.470615
22.153684
22.553035
22.646018
22.607531
22.642102
22.526128
22.266422
21.922248
21.450009
20.864691
20.254850
19.744124
19.495658
19.076381
18.652337
18.046583
17.405578
16.777856
16.115393
15.370335
14.536210
13.527359
12.618984
11.667524
10.672808
9.754896
8.529425
7.000651
5.368505
3.929479
2.394915
0.931706
-0.645603
-2.385718
-3.883157
-5.164317
-6.420612
-7.367134
-8.543559
-9.929112
-11.307682
-12.708562
-13.979333
-15.243122
-16.677209
-18.130030
-19.304412
-20.465851
-21.472148
-22.073644
-22.624901
-23.340668
-23.971455
-24.640730
-25.217703
-25.735923
-26.343550
-27.053016
-27.378968
-27.277129
-27.089119
-26.726723
-26.265723
-25.940112
-25.629486
-25.196927
-24.704252
-24.136986

