22.530896
22.534813
22.586243
22.383928
22.040265
21.756547
21.319219
20.868949
20.542485
20.196438
20.108564
20.039422
19.744464
19.192355
18.452065
17.693894
16.872883
15.968595
14.946801
13.915641
12.874774
11.883293
10.876996
10.203804
9.236847
8.303779
7.395574
6.634338
5.582401
4.673685
3.492832
1.975639
0.618356
-0.589916
-1.701968
-2.696514
-3.616299
-4.593985
-5.771092
-6.757293
-7.738386
-8.614234
-9.644713
-10.801724
-11.790821
-12.688807
-13.482911
-14.145715
-14.848539
-15.637364
-16.572475
-17.259462
-17.755713
-18.282448
-18.899270
-19.717898
-20.623888
-21.263872
-21.668162
-21.983215
-22.088630
-22.383758
-22.541966
-22.390740
-22.077390
-21.627971
-21.038566
-20.607710
-20.067011
-19.416809
-18.644503
-17.949854
-17.404386
-16.952923
-16.627823
-16.296761
-15.849216
-15.439817
-14.636176
-13.741595
-13.120345
-12.278387
-11.475427
-10.812283
-10.189499
-9.754896
-9.275675
-8.570296
-7.422822
-6.203141
-4.896777
-3.584794
-2.464737
-1.611028
-0.637089
0.455379
1.462357
2.331393
3.082412
3.694807
4.261221
4.839557
5.512919
6.313665
7.122414
7.854019
8.703470
9.723221
10.791847
11.925527
12.726954
13.412578
14.325721
15.414102
16.588313
17.895869
19.110612
19.876105
20.661524
21.376780
21.822282
22.362641
22.858381
23.151466
23.065465
23.145165
22.951875
22.568192
22.116899
21.560533
21.008764
20.657097
20.356689
20.324673
20.143815
19.629683
18.890245
18.146038
17.295735
16.368798
15.318394
14.209407
13.125283
12.199197
11.202097
10.284696
9.403399
8.408001
7.355213
6.504910
5.904436
4.970687
3.903253
2.657856
1.244375
-0.025545
-1.147475
-2.209800
-3.066574
-3.897803
-4.822356
-5.853006
-6.810256
-7.752521
-8.627006
-9.721177
-10.813475
-11.659861
-12.532132
-13.312442
-13.990062
-14.763049
-15.611649
-16.523600
-17.138890
-17.664433
-18.394845
-19.009113
-19.953081
-20.805597
-21.584204
-22.084713
-22.298609
-22.532770
-22.934335
-22.960901
-22.800820
-22.515399
-22.007738
-21.508592
-20.946945
-20.409312
-19.667319
-18.939461
-18.186399
-17.436232
-17.077071
-16.753503
-16.397067
-15.910523
-15.305792
-14.324188
-13.491086
-12.685401
-11.816365
-11.046784
-10.285888
-9.702955
-9.185416
-8.684226
-7.838181
-6.596361
-5.265645
-3.892524
-2.664157
-1.726832
-0.903096
-0.046832
1.003572
2.020427
2.746582
3.302608
3.906318
4.493168
5.069120
5.629403
6.370544
6.983621
7.715566
8.570637
9.541171
10.601963
11.592933
12.276343
12.976272
14.022589
15.128851
16.279391
17.527001
18.709728
19.615718
20.450183
21.088805
21.805593
22.458349
22.876774
22.993599
23.095437
23.086752
22.914069
22.598846
22.167989
21.764381
21.232707
20.990883
20.743098
20.617417
20.431621
19.870486
19.160679
18.370662
17.479318
16.577755
15.636342
14.459065
13.366767
12.332882
11.288949
10.298320
9.342262
8.342266
7.279430
6.423337
5.656821
4.717282
3.518377
2.148833
0.726836
-0.536272
-1.681192
-2.634696
-3.528425
-4.376684
-5.452122
-6.497758
-7.425036
-8.304800
-9.166002
-10.151693
-11.239052
-12.069259
-12.778214
-13.483763
-14.147588
-14.859608
-15.654394
-16.539608
-16.921248
-17.489025
-18.067019
-18.734932
-19.811051
-20.599536
-21.267108
-21.659647
-21.900279
-22.195407
-22.438935
-22.559336
-22.441319
-22.128480
-21.706138
-21.232026
-20.772559
-20.311560
-19.610950
-18.914597
-18.261501
-17.675843
-17.321961
-17.038413
-16.556467
-16.198329
-15.525818
-14.700719
-13.808353
-13.018847
-12.134654
-11.336122
-10.637045
-10.021925
-9.508303
-8.838517
-7.927077
-6.606749
-5.254064
-4.004751
-2.702985
-1.652070
-0.817776
0.191757
1.335996
2.350126
3.121580
3.727674
4.427263
4.981416
5.531311
6.205354
6.905283
7.623264
8.312634
9.185246
10.161230
11.103324
12.069089
12.646232
13.367789
14.314311
15.339170
16.582353
17.819064
18.781934
19.624744
20.395858
21.017279
21.606343
22.278002
22.615705
22.594248
22.610256
22.619452
22.476571
22.137165
21.642787
21.171570
20.882062
20.678725
20.439284
20.382404
20.256553
19.734587
19.123214
18.420390
17.604317
16.612155
15.607050
14.510495
13.406277
12.526342
11.434044
10.574205
9.683371
8.621046
7.539817
6.717103
5.913803
4.935946
3.700256
2.286094
0.900030
-0.503063
-1.622949
-2.677611
-3.646272
-4.658699
-5.636386
-6.718125
-7.675886
-8.605719
-9.584086
-10.617801
-11.680296
-12.464183
-13.231380
-13.950723
-14.568397
-15.184028
-16.086272
-16.849041
-17.473698
-18.037217
-18.651996
-19.183159
-20.158802
-20.980324
-21.347148
-21.741220
-21.732705
-21.880014
-22.361619
-22.440808
-22.222996
-21.740198
-21.091018
-20.579611
-20.174640
-19.875935
-19.076892
-18.429075
-17.726762
-17.210415
-16.912222
-16.613517
-16.346489
-15.974045
-15.302896
-14.487675
-13.657638
-12.924160
-12.039968
-11.273793
-10.601112
-10.052919
-9.649822
-9.072168
-8.087158
-6.760359
-5.494186
-4.119703
-2.868516
-1.994031
-1.121419
-0.071696
1.061303
2.047505
2.911261
3.505094
4.241126
4.936286
5.462510
6.214721
6.806169
7.530962
8.347205
9.282827
10.355030
11.414460
12.324197
12.998751
13.731548
14.744827
15.796423
16.999415
18.196787
19.260304
20.064116
20.747696
21.329778
21.929060
22.404194
22.673777
22.716863
22.666454
22.584881
22.279705
21.896533
21.464314
20.983730
20.528010
20.219088
19.997188
20.069054
19.808837
19.353628
18.685205
17.930950
17.089333
16.171592
15.255553
14.084237
13.098546
12.194259
11.269365
10.394539
9.507792
8.561952
7.526875
6.737879
6.023645
5.073547
3.991297
2.682890
1.221895
-0.074932
-1.290185
-2.270085
-3.194639
-4.201617
-5.242825
-6.261553
-7.219485
-8.211987
-9.100607
-10.186093
-11.362348
-12.286220
-13.001306
-13.798135
-14.498404
-15.235969
-16.152688
-17.043352
-17.562594
-18.160173
-18.746512
-19.439799
-20.399945
-21.110092
-21.723168
-22.086416
-22.192342
-22.505351
-22.720609
-22.621155
-22.385631
-22.031069
-21.552188
-20.954609
-20.534822
-19.926514
-19.252981
-18.482549
-17.788751
-17.153876
-16.719614
-16.441686
-16.067539
-15.633277
-15.017646
-14.082704
-13.210603
-12.479339
-11.612007
-10.854346
-10.261025
-9.787083
-9.383304
-8.774655
-7.939850
-6.698370
-5.348921
-4.074063
-2.934081
-2.019065
-1.188687
-0.240462
0.788825
1.891170
2.671480
3.243514
3.901550
4.530804
5.060094
5.774839
6.554467
7.271937
8.076940
9.023121
10.063308
11.083909
12.141296
12.822492
13.649464
14.647245
15.828099
17.107385
18.296923
19.402334
20.111459
20.860944
21.488156
22.147213
22.724186
23.014035
22.923435
22.917645
22.818872
22.525958
22.252798
21.748713
21.219764
20.805257
20.437070
20.262854
20.103284
19.881555
19.252981
18.604483
17.799309
16.881057
15.970639
14.892817
13.797964
12.772424
11.857748
10.825906
10.048492
9.201254
8.202791
7.225445
6.457056
5.765302
4.831723
3.513268
2.272810
0.952653
-0.255278
-1.397814
-2.368007
-3.242322
-4.217454
-5.152907
-6.194966
-7.195984
-8.043391
-8.996725
-10.022606
-11.093446
-12.057849
-12.868983
-13.619150
-14.335598
-15.047618
-16.098363
-16.921759
-17.405578
-18.009458
-18.731356
-19.534826
-20.543167
-21.262169
-21.887507
-22.232533
-22.391592
-22.648914
-22.885289
-22.834880
-22.647040
-22.280897
-21.632739
-21.129165
-20.606177
-20.043680
-19.215516
-18.513714
-17.739364
-17.168181
-16.808169
-16.510146
-16.020707
-15.524115
-14.800514
-13.909510
-13.025999
-12.290478
-11.381933
-10.578462
-9.973560
-9.530442
-9.136541
-8.507626
-7.468462
-6.169421
-4.911082
-3.589051
-2.467973
-1.548188
-0.678131
0.270605
1.296146
2.238750
2.953836
3.511735
4.173177
4.812990
5.332913
5.955866
6.637914
7.378544
8.189678
9.109974
10.254383
11.282137
12.210778
13.022934
13.791493
14.773948
15.983411
17.258610
18.441507
19.551686
20.315307
21.003825
21.677698
22.360257
22.881031
23.076534
23.045370
23.106166
22.991555
22.712094
22.394317
21.889210
21.264723
20.939452
20.575183
20.324332
20.266601
19.829103
19.176347
18.401827
17.598697
16.682318
15.701907
14.628342
13.453109
12.494837
11.454991
10.511364
9.685925
8.806671
7.797820
6.844487
6.127868
5.288635
4.362719
3.113917
1.699754
0.355755
-0.822033
-1.940557
-2.818448
-3.668410
-4.659210
-5.624294
-6.526368
-7.531473
-8.372750
-9.330000
-10.379042
-11.423656
-12.221336
-12.906279
-13.736827
-14.408997
-15.227113
-16.195774
-16.805955
-17.347676
-18.007244
-18.719775
-19.555432
-20.563943
-21.212101
-21.780389
-22.166456
-22.362130
-22.712435
-22.952897
-22.768463
-22.592374
-22.276981
-21.696431
-21.141938
-20.653009
-20.047937
-19.270352
-18.493107
-17.879009
-17.315490
-16.984769
-16.618286
-16.199861
-15.581676
-14.803239
-13.888904
-12.967246
-12.167692
-11.287928
-10.619504
-9.898118
-9.423835
-8.944954
-8.131436
-6.893362
-5.630084
-4.209621
-2.989769
-1.847744
-1.071010
-0.145776
0.748805
1.825265
2.755778
3.328323
3.798689
4.384007
4.984311
5.506618
6.167207
6.869010
7.585457
8.396251
9.354864
10.453463
11.432682
12.217079
12.926034
13.798475
14.955487
16.229323
17.396893
18.575873
19.499574
20.310368
21.050147
21.700859
22.366898
22.865364
23.072106
23.123196
23.166452
22.932632
22.623028
22.250754
21.701200
21.157435
21.034309
20.753826
20.631211
20.461082
20.030907
19.319398
18.557310
17.687593
16.664607
15.721321
14.593261
13.489042
12.544394
11.497395
10.439668
9.570292
8.550371
7.495710
6.562301
5.773987
4.922833
3.911597
2.407176
0.877380
-0.292063
-1.406840
-2.445834
-3.328494
-4.088368
-5.128724
-6.165675
-7.138082
-8.097717
-9.011541
-9.952273
-11.022602
-11.955329
-12.699025
-13.420582
-14.069080
-14.769520
-15.627146
-16.535350
-17.024108
-17.602955
-18.142802
-18.748896
-19.750254
-20.644665
-21.337441
-21.831989
-21.871328
-22.190128
-22.564786
-22.566829
-22.379501
-22.102254
-21.765913
-21.222830
-20.724876
-20.314114
-19.624914
-18.838133
-18.176351
-17.606531
-17.263719
-17.075879
-16.691174
-16.148431
-15.499081
-14.746189
-13.785533
-12.977123
-12.145383
-11.251654
-10.542359
-9.914466
-9.409360
-8.875132
-7.864918
-6.615264
-5.240440
-3.921645
-2.726146
-1.697370
-0.909226
0.135217
1.108817
2.247436
3.070831
3.645761
4.172325
4.835640
5.379404
6.000144
6.703309
7.392338
8.163963
9.041003
9.945972
11.044059
11.887210
12.661900
13.353314
14.249768
15.382596
16.622373
17.825535
18.930265
19.768817
20.530224
21.153348
21.771703
22.488151
22.915942
22.975377
22.862128
22.805418
22.579772
22.333690
21.930763
21.335738
20.991053
20.784310
20.539079
20.527840
20.256724
19.669703
18.957002
18.153531
17.379352
16.462633
15.375274
14.188290
13.182674
12.121371
11.070456
10.241100
9.355715
8.296967
7.299525
6.393364
5.603348
4.709108
3.542219
2.088376
0.680174
-0.490461
-1.614605
-2.585990
-3.491810
-4.505260
-5.530289
-6.500483
-7.499456
-8.506264

