22.804567
22.646700
22.549459
22.134270
21.650451
21.126951
20.844085
20.769153
20.624910
20.430769
19.966705
19.364868
18.690143
17.807484
16.773769
15.876293
14.860460
13.665472
12.615749
11.662926
10.803938
9.815523
8.715902
7.591248
6.723574
5.930151
4.918235
3.882476
2.605745
1.104900
-0.259365
-1.497439
-2.443961
-3.357104
-4.308564
-5.389452
-6.240095
-7.206883
-8.284535
-9.094988
-10.066032
-11.147261
-12.023619
-12.814317
-13.505731
-14.089005
-14.588663
-15.453441
-16.400133
-16.809191
-17.341375
-17.988171
-18.734591
-19.454615
-20.320075
-20.975896
-21.469252
-21.797929
-21.963460
-22.421053
-22.571427
-22.384439
-22.031069
-21.627460
-21.131039
-20.640578
-20.127978
-19.497190
-18.916982
-18.255881
-17.559358
-17.202411
-17.056976
-16.688108
-16.259466
-15.617098
-14.844281
-14.011179
-13.283661
-12.366601
-11.467252
-10.796445
-10.197163
-9.613548
-9.076255
-8.280448
-7.072006
-5.632298
-4.189525
-2.934592
-1.998969
-1.074757
-0.012091
1.079185
2.071517
3.011056
3.722736
4.366977
4.884175
5.555493
6.187473
6.942579
7.585287
8.163452
9.128877
10.175875
11.065177
11.945963
12.750626
13.456515
14.410870
15.436752
16.591890
17.869302
18.936055
19.749573
20.480497
21.104472
21.767787
22.238493
22.475719
22.624901
22.650957
22.468567
22.236449
22.028174
21.595955
21.083866
20.612649
20.386321
20.241908
20.136152
19.980328
19.489867
18.916811
18.170221
17.278705
16.331843
15.453611
14.473711
13.281618
12.328454
11.406967
10.610478
9.695802
8.607932
7.649320
6.827457
6.068775
5.145924
4.081726
2.739089
1.237563
-0.162636
-1.363754
-2.270596
-3.134183
-4.167386
-5.347558
-6.291526
-7.206372
-8.232083
-9.182351
-10.300364
-11.307171
-12.216738
-13.032470
-13.788428
-14.323337
-15.137877
-16.075373
-16.928911
-17.355851
-17.897061
-18.588645
-19.309861
-20.197119
-20.844085
-21.621500
-22.042649
-22.162880
-22.366728
-22.639206
-22.673777
-22.412198
-22.034475
-21.485261
-21.011829
-20.575864
-19.898074
-19.196953
-18.568039
-17.852783
-17.268317
-16.933850
-16.686576
-16.322987
-15.854154
-15.112843
-14.371361
-13.516971
-12.727635
-11.800868
-10.962316
-10.425874
-9.948696
-9.493317
-8.832897
-7.925715
-6.705012
-5.324909
-3.932714
-2.801418
-1.941408
-0.986031
0.024864
1.095704
2.124991
2.993856
3.639630
4.144226
4.712854
5.261557
6.092276
6.864752
7.465908
8.189678
9.186438
10.220664
11.242798
12.052740
12.823854
13.645036
14.699016
15.809025
17.052719
18.289770
19.410167
20.080805
20.776476
21.465846
22.134440
22.592204
22.780044
22.855997
22.888524
22.753136
22.409473
22.153854
21.804912
21.166461
20.698309
20.566157
20.401137
20.267623
19.949334
19.342388
18.711260
18.015419
17.063788
16.095298
15.132087
14.030252
12.948002
11.999437
11.058535
10.196652
9.264776
8.172308
7.286753
6.609815
5.680493
4.623107
3.514460
2.121074
0.747953
-0.626360
-1.762424
-2.626010
-3.461838
-4.394736
-5.540848
-6.424700
-7.418053
-8.393696
-9.346179
-10.325738
-11.385850
-12.289626
-13.140951
-13.746534
-14.428922
-15.136344
-16.122886
-16.929422
-17.314809
-17.924138
-18.656084
-19.365549
-20.162378
-20.929575
-21.563768
-21.994284
-22.060871
-22.352934
-22.647551
-22.685017
-22.334201
-21.989516
-21.438769
-20.943199
-20.501443
-19.897563
-19.186054
-18.521377
-17.846142
-17.271042
-17.025471
-16.759804
-16.340017
-15.763215
-14.990568
-14.180796
-13.432503
-12.629032
-11.672803
-10.964189
-10.331188
-9.827954
-9.356737
-8.720500
-7.673161
-6.392683
-4.985673
-3.668751
-2.489941
-1.645088
-0.640154
0.362567
1.473597
2.397810
3.195320
3.756114
4.414490
5.032165
5.589894
6.249292
7.000651
7.683379
8.450065
9.541512
10.621037
11.546271
12.369496
13.229506
14.028209
15.045234
16.090359
17.309359
18.539258
19.466536
20.185539
20.904711
21.572965
22.116048
22.534302
22.708518
22.738831
22.729465
22.593055
22.216524
21.969761
21.562236
20.999908
20.598854
20.376784
20.262003
20.082167
19.670555
19.068037
18.353633
17.598357
16.692707
15.783140
14.742272
13.633966
12.605871
11.675528
10.819435
10.028396
9.220668
8.116961
7.278408
6.511211
5.650180
4.671982
3.483295
2.046142
0.622613
-0.678641
-1.651049
-2.504247
-3.469331
-4.483972
-5.579676
-6.509508
-7.473230
-8.493832
-9.527206
-10.620185
-11.673995
-12.602976
-13.410194
-14.089857
-14.764581
-15.553747
-16.561236
-17.242943
-17.702579
-18.270867
-18.941675
-19.880022
-20.826714
-21.372182
-21.938937
-22.281919
-22.364174
-22.608042
-22.641250
-22.402661
-22.268976
-22.014720
-21.486453
-20.817689
-20.093407
-19.517626
-18.786703
-18.196957
-17.481021
-16.947985
-16.569751
-16.290460
-15.919209
-15.420914
-14.576231
-13.827937
-13.014930
-12.188809
-11.370863
-10.644027
-10.105371
-9.610653
-9.070465
-8.443253
-7.353340
-6.036758
-4.663978
-3.356082
-2.378907
-1.545974
-0.623975
0.423363
1.421315
2.426761
3.198045
3.687654
4.293578
4.907676
5.480392
6.292718
6.985324
7.699217
8.503369
9.451253
10.586636
11.526006
12.381588
13.107061
14.013733
15.080486
16.246183
17.516443
18.798624
19.660507
20.299128
21.040099
21.708523
22.301333
22.763354
22.864342
22.909982
22.925820
22.703409
22.360597
22.048099
21.589994
20.952906
20.678214
20.496845
20.343406
20.202398
19.633940
19.050496
18.371684
17.522233
16.567707
15.559707
14.487335
13.467755
12.515954
11.479514
10.561092
9.808881
8.713348
7.690021
6.927082
6.054980
5.227157
4.121917
2.915689
1.507998
0.170640
-1.088211
-2.044610
-2.940382
-3.785917
-4.788637
-5.778074
-6.828649
-7.687296
-8.688654
-9.728159
-10.742801
-11.735473
-12.602295
-13.428245
-14.028549
-14.765433
-15.649114
-16.593933
-17.071962
-17.593929
-18.231869
-18.855163
-19.787720
-20.643813
-21.319389
-21.914925
-22.148916
-22.279535
-22.655385
-22.823811
-22.673266
-22.286347
-21.870307
-21.307979
-20.861455
-20.273583
-19.517115
-18.797772
-18.090350
-17.477444
-17.051697
-16.789436
-16.456672
-16.009808
-15.231030
-14.468431
-13.656276
-12.886184
-12.008292
-11.123419
-10.499103
-9.878704
-9.466921
-8.925710
-7.971525
-6.830011
-5.424363
-4.136392
-2.957753
-1.955373
-1.126868
-0.088045
0.935452
1.992328
2.722059
3.381286
4.007135
4.666533
5.101987
5.848748
6.559406
7.373776
7.988725
8.921283
9.968621
10.945967
11.883974
12.662070
13.445786
14.398098
15.506233
16.697134
18.069574
19.139903
20.011493
20.731858
21.450179
22.050142
22.686209
23.069041
23.076364
23.136820
22.912366
22.556271
22.170033
21.850552
21.288395
20.793676
20.454270
20.285845
20.231009
19.948993
19.259453
18.701042
17.970460
17.087630
16.129868
15.152182
14.041492
12.919903
11.949880
10.926723
10.265963
9.321656
8.249283
7.229533
6.535734
5.676065
4.747255
3.627879
2.300910
0.987564
-0.384024
-1.499823
-2.320324
-3.131628
-4.053456
-5.070993
-6.139619
-7.005078
-7.933719
-8.887393
-10.150841
-11.118650
-12.028047
-12.872560
-13.659511
-14.278889
-15.019349
-15.945605
-16.771896
-17.151833
-17.817702
-18.498898
-19.503321
-20.278011
-20.933322
-21.456821
-21.972145
-22.225550
-22.510631
-22.813763
-22.789751
-22.609574
-22.164754
-21.684510
-21.114009
-20.607540
-19.994804
-19.242934
-18.524102
-17.896039
-17.315149
-16.967739
-16.641106
-16.187089
-15.809536
-15.070438
-14.135497
-13.339009
-12.567043
-11.629036
-10.790995
-10.112354
-9.557349
-9.053435
-8.425542
-7.510356
-6.327970
-4.991463
-3.673519
-2.560956
-1.715762
-0.844342
0.158378
1.232624
2.140999
2.903938
3.574916
4.156147
4.701103
5.231585
5.878891
6.699562
7.370540
8.133990
9.136200
10.108777
11.203459
11.934893
12.645381
13.465711
14.561585
15.776668
17.014401
18.296753
19.300835
20.049640
20.863499
21.547760
22.217546
22.696086
22.917986
22.992236
23.032427
23.017100
22.648403
22.254160
21.786179
21.295888
20.954609
20.681790
20.557301
20.486287
20.107882
19.434350
18.789939
17.944915
17.019681
16.023602
14.957700
13.741425
12.800012
11.770385
10.756084
9.836810
8.889777
7.805484
6.806340
6.093809
5.229712
4.272631
3.100634
1.731600
0.340428
-0.887939
-2.098935
-2.973080
-3.815038
-4.764284
-5.768708
-6.729194
-7.649830
-8.543730
-9.428092
-10.525669
-11.443411
-12.295246
-13.052736
-13.644014
-14.275312
-15.067884
-15.980005
-16.735111
-17.171076
-17.805610
-18.317870
-19.191674
-20.183665
-20.894493
-21.469934
-21.812405
-22.023916
-22.390400
-22.623369
-22.523063
-22.363322
-21.900790
-21.408115
-20.978791
-20.619801
-19.978455
-19.269160
-18.495151
-17.920051
-17.462117
-17.251117
-16.914265
-16.432830
-15.983411
-15.126126
-14.124598
-13.402190
-12.505736
-11.559214
-10.768345
-10.055133
-9.548834
-9.012052
-8.342947
-7.140977
-5.815881
-4.390989
-3.092970
-2.024855
-1.172168
-0.300237
0.726325
1.848255
2.789157
3.496408
4.175561
4.744700
5.264453
5.738054
6.414822
7.085289
7.778236
8.597715
9.481226
10.457550
11.449712
12.217249
12.893677
13.755901
14.794895
15.953609
17.164775
18.447127
19.418171
20.198822
20.886660
21.491732
22.059168
22.542647
22.685868
22.701195
22.844587
22.659813
22.519827
22.131886
21.541800
21.127462
20.841360
20.610946
20.520687
20.553725
20.125764
19.360610
18.731185
17.835242
16.936915
15.979665
14.796938
13.711112
12.765442
11.754717
10.862861
9.971346
8.973905
7.870878
6.938492
6.164653
5.261728
4.147972
2.905982
1.467637
0.016178
-1.309940
-2.306700
-3.257820
-4.158190
-5.147968
-6.258828
-7.218804
-8.117301
-8.952107
-9.957552
-11.079482
-11.971678
-12.688126
-13.442210
-14.086110
-14.722177
-15.541145
-16.427892
-16.870839
-17.418010
-17.933164
-18.458366
-19.378662
-20.236969
-20.791633
-21.257401
-21.656411
-21.857704
-22.202900
-22.261483
-22.193875
-21.962609
-21.522045
-21.075181
-20.661354
-20.202739
-19.574336
-18.905572
-18.258606
-17.693383
-17.322302
-17.121519
-16.802890
-16.392810
-15.846491
-15.026331
-14.118808
-13.383116
-12.528556
-11.669057
-10.876996
-10.307176
-9.660210
-9.172644
-8.476973
-7.269723
-5.887406
-4.507814
-3.132480
-2.124991
-1.242161
-0.227179
0.835827
2.095188
2.910069
3.614426
4.202638
4.812138
5.374295
6.040164
6.784371
7.439341
7.981743
8.916685
9.918724
10.904925
11.891808
12.595824
13.228144
14.156444
15.349558
16.363178
17.562934
18.771546
19.621168
20.267282
20.968403
21.564109
22.147894
22.504330
22.644997
22.637503
22.607701
22.449664
22.171906
21.758931
21.280391
20.930086
20.643643
20.451205
20.353624
20.267963
19.726583
19.059692
18.430608
17.602273
16.704117
15.756743
14.692375
13.547795
12.651001
11.637041
10.687113
9.918043
8.965560
7.859809
6.991625
6.173679
5.280120
4.138265
2.800226
1.384190
-0.023161
-1.310621
-2.274002
-3.204175
-4.100800
-5.130598
-6.204162
-7.215398
-8.156470
-9.018864
-10.029418
-11.143855

