3.968988
2.483640
1.155308
-0.418254
-2.000502
-3.642014
-5.013091
-6.075587
-7.150854
-8.231572
-9.467772
-10.771581
-12.003013
-13.347864
-14.736312
-15.961613
-17.238174
-18.570764
-19.744294
-20.634106
-21.237646
-21.864516
-22.571087
-23.298093
-23.859058
-24.470431
-25.183303
-25.739670
-26.336568
-26.890380
-27.032239
-26.994433
-26.680912
-26.316643
-26.017768
-25.843212
-25.408438
-24.977582
-24.561371
-23.819549
-23.253475
-22.753988
-22.078242
-21.211079
-20.229646
-19.074678
-17.802204
-16.849382
-15.869141
-14.394692
-13.014419
-11.813130
-10.643346
-9.480715
-8.428778
-7.263252
-5.833932
-4.263435
-2.719334
-1.507146
-0.311988
1.080036
2.435616
3.648315
4.749298
5.778926
6.649664
7.559913
8.399657
9.215730
10.073696
10.678428
11.010851
11.510849
12.062107
12.771743
13.468776
14.092582
14.482907
15.006576
15.540293
15.952587
16.398770
16.791310
17.011677
17.274618
17.713479
18.332175
19.075189
19.657782
19.954613
20.291465
20.822457
21.390574
21.870817
22.370986
22.635119
22.700514
22.610937
22.586073
22.362641
22.108385
21.585056
20.851237
20.345790
19.944395
19.492252
19.128833
18.761158
18.179076
17.651320
16.959735
16.260317
15.616076
14.768839
13.761350
12.819426
11.909349
11.013065
9.879555
8.518015
7.064683
5.558559
3.968648
2.430677
1.009192
-0.614779
-2.268553
-3.873791
-5.214385
-6.364925
-7.457903
-8.541686
-9.838854
-11.110817
-12.487343
-13.869320
-15.211957
-16.460759
-17.727103
-19.113507
-20.234415
-21.147047
-21.753481
-22.332839
-23.076023
-23.724352
-24.317503
-24.893454
-25.489160
-26.065452
-26.628801
-27.117389
-27.236428
-27.115856
-26.728085
-26.243414
-25.942155
-25.816645
-25.385107
-24.802004
-24.254663
-23.602247
-23.067849
-22.434848
-21.704095
-20.801680
-19.803899
-18.552882
-17.606361
-16.679593
-15.614373
-14.108079
-12.750455
-11.594806
-10.460956
-9.441716
-8.251837
-7.046291
-5.668742
-4.061971
-2.573218
-1.390662
-0.100136
1.298189
2.593824
3.883498
4.909379
5.756106
6.769555
7.707732
8.542708
9.471178
10.255064
10.792017
11.260169
11.782987
12.378352
13.165644
13.823850
14.473370
14.957871
15.468597
16.006572
16.368968
16.704798
16.995498
17.311232
17.633608
18.079621
18.722841
19.465855
19.971643
20.229987
20.638875
21.124908
21.666970
22.205625
22.568192
22.686550
22.598505
22.524425
22.284133
22.176334
21.839142
21.188940
20.497867
19.970621
19.537721
19.218070
18.784148
18.325022
17.810719
17.321280
16.651664
16.031776
15.351091
14.579466
13.451406
12.476444
11.631421
10.742460
9.620701
8.251156
6.748438
5.313158
3.828491
2.205031
0.753403
-0.769070
-2.536092
-4.139457
-5.314350
-6.474086
-7.559913
-8.762394
-10.187626
-11.524814
-12.828623
-14.286722
-15.665293
-16.948836
-18.319062
-19.584894
-20.645005
-21.551677
-22.166627
-22.768123
-23.528508
-24.069718
-24.525608
-25.270326
-25.951522
-26.479278
-27.060168
-27.372837
-27.452707
-27.270317
-26.787179
-26.251078
-25.843212
-25.634936
-25.104965
-24.577209
-23.939269
-23.278679
-22.596632
-21.960395
-21.216699
-20.330804
-19.175155
-18.109253
-17.026322
-16.126633
-15.038592
-13.527870
-12.293543
-11.058705
-9.959085
-8.934566
-7.826090
-6.620714
-5.218131
-3.569467
-2.234152
-1.095363
0.150374
1.551935
2.731425
3.902742
4.925558
5.710466
6.609474
7.503033
8.388928
9.244340
10.046107
10.515962
10.977302
11.559214
12.253693
13.123410
13.865914
14.407124
14.951399
15.566690
16.029222
16.556808
16.981704
17.298801
17.582859
18.018825
18.542153
19.228629
19.879341
20.407609
20.646538
21.049636
21.489348
22.075517
22.451196
22.756372
22.697278
22.665433
22.540944
22.255693
21.913222
21.526643
20.923955
20.180430
19.719771
19.317695
18.906253
18.419368
18.032960
17.422778
16.850574
16.086612
15.410355
14.769179
13.813462
12.818234
11.992284
11.206014
10.260514
9.136200
7.828304
6.380422
5.016327
3.624303
2.096210
0.752211
-0.728369
-2.345869
-3.795964
-5.029610
-6.060260
-7.138763
-8.388587
-9.745189
-11.137724
-12.531791
-13.940675
-15.324524
-16.844102
-18.231017
-19.563437
-20.654202
-21.450179
-22.073644
-22.700003
-23.530551
-24.214472
-24.891581
-25.575502
-26.186705
-26.835544
-27.456454
-27.729273
-27.759245
-27.488470
-27.035645
-26.631866
-26.290417
-25.998865
-25.405373
-24.760110
-24.125917
-23.454257
-22.833347
-22.171395
-21.325009
-20.293508
-19.088984
-17.883778
-16.758101
-15.799148
-14.497723
-13.016462
-11.668716
-10.551725
-9.483950
-8.517333
-7.236685
-5.919763
-4.505771
-2.958775
-1.655476
-0.325271
1.042911
2.151898
3.111362
4.201957
5.275352
6.266662
6.987367
7.795095
8.510692
9.304455
9.976115
10.480540
10.909012
11.376994
11.936937
12.769869
13.400146
14.015777
14.524800
15.038082
15.588147
16.025134
16.455480
16.874586
17.155749
17.696449
18.317870
19.089324
19.853796
20.300150
20.625251
21.084377
21.674974
22.225039
22.812060
23.159300
23.130178
23.137672
23.061207
22.819553
22.608042
22.131375
21.504164
20.767110
20.141602
19.813606
19.343070
18.895694
18.288067
17.649276
16.942195
16.193560
15.448502
14.729500
13.673306
12.559380
11.643853
10.704654
9.663446
8.539132
7.060426
5.580527
4.218136
2.716609
1.214061
-0.219175
-1.739945
-3.441232
-4.724264
-5.818435
-6.870713
-7.847718
-9.185416
-10.470492
-11.712994
-13.034173
-14.379365
-15.703269
-17.077242
-18.312590
-19.397736
-20.494802
-21.284137
-21.806615
-22.567170
-23.275443
-23.836919
-24.572781
-25.193351
-25.935003
-26.546887
-27.116026
-27.338948
-27.381182
-27.068853
-26.723317
-26.289395
-26.029859
-25.739500
-25.375060
-24.743421
-24.183137
-23.630517
-22.984573
-22.318874
-21.436725
-20.475728
-19.239187
-18.150125
-17.128672
-16.103813
-14.585938
-13.116768
-11.817728
-10.498932
-9.405954
-8.352825
-7.019554
-5.685091
-4.162107
-2.515997
-1.318625
-0.057902
1.288652
2.646787
3.758328
4.897629
5.797659
6.650516
7.614579
8.504731
9.358951
10.071993
10.656459
11.063474
11.495011
11.981215
12.791327
13.479846
14.074530
14.509133
14.977115
15.479156
15.859604
16.336271
16.591719
16.866582
17.315149
17.794200
18.476929
19.125768
19.695589
20.134449
20.414421
20.970958
21.536521
22.154536
22.493601
22.701025
22.769485
22.795541
22.542988
22.427525
22.083180
21.727596
20.961421
20.363671
19.892114
19.461938
19.058670
18.604313
18.053736
17.431974
16.751630
15.997376
15.412058
14.499085
13.500793
12.534346
11.667865
10.670934
9.687628
8.479186
6.929977
5.492313
3.853866
2.245562
0.664166
-0.815051
-2.425909
-4.002707
-5.335467
-6.420101
-7.381099
-8.515120
-9.970324
-11.175871
-12.462309
-13.777528
-15.074696
-16.342061
-17.670563
-18.944229
-20.061050
-21.076202
-21.565642
-22.192853
-22.930077
-23.646184
-24.134772
-24.837766
-25.496994
-26.137829
-26.796886
-27.139017
-27.269125
-27.101891
-26.634080
-26.158435
-25.786672
-25.564092
-25.310516
-24.728094
-24.087429
-23.437738
-23.039920
-22.328751
-21.553550
-20.703248
-19.709894
-18.583025
-17.542669
-16.579458
-15.437944
-13.924156
-12.638739
-11.409521
-10.485309
-9.398801
-8.140291
-6.878717
-5.408015
-3.838539
-2.482278
-1.188857
0.132493
1.382828
2.716439
3.855739
4.943439
5.851814
6.751503
7.731063
8.652891
9.440524
10.136536
10.609627
11.019026
11.582885
12.095826
12.892825
13.749089
14.329808
14.759472
15.308176
15.803235
16.269343
16.691685
17.027344
17.319747
17.698322
18.151828
18.762691
19.434350
19.921575
20.193202
20.593405
21.157776
21.773236
22.276299
22.636482
22.784301
22.734915
22.663730
22.470100
22.202900
21.953923
21.430765
20.764726
20.243951
19.780568
19.505194
18.954618
18.455471
17.904554
17.387867
16.769852
16.088656
15.371527
14.419896
13.291495
12.431656
11.550018
10.601623
9.459087
8.044413
6.507465
5.048513
3.661598
2.020087
0.397308
-1.209974
-2.830880
-4.262754
-5.574056
-6.645237
-7.616963
-8.848735
-10.275670
-11.518683
-12.885843
-14.228821
-15.560729
-16.914095
-18.345288
-19.414255
-20.507233
-21.380016
-22.012336
-22.594929
-23.306097
-24.014541
-24.529866
-25.183303
-25.724343
-26.323284
-26.859045
-27.136803
-27.108874
-27.082307
-26.659284
-26.230471
-25.897196
-25.603090
-25.191988
-24.644988
-23.981333
-23.303202
-22.812401
-22.148745
-21.346467
-20.427704
-19.301176
-18.210241
-17.226083
-16.285011
-15.096494
-13.602802
-12.363195
-11.116947
-9.982075
-9.036064
-7.863726
-6.474086
-4.989590
-3.433568
-2.142532
-0.906501
0.468322
1.702138
3.064019
4.261051
5.202293
5.952801
6.869861
7.843460
8.835452
9.593793
10.236502
10.667699
11.186259
11.782646
12.324027
13.202940
14.063971
14.554092
15.101092
15.627657
16.123567
16.638722
16.938789
17.241580
17.449345
17.930099
18.452576
19.157955
19.756556
20.172085
20.434346
20.754508
21.308320
21.908794
22.391762
22.636141
22.795371
22.736277
22.593055
22.293500
21.997860
21.589654
21.007061
20.406757
19.788401
19.366230
19.065993
18.602610
18.034663
17.491920
16.875097
16.183513
15.488522
14.802728
13.867276
12.893336
11.950561
10.994332
9.964534
8.869001
7.442406
5.900860
4.601479
3.101315
1.732111
0.149863
-1.562323
-3.101826
-4.501343
-5.739757
-6.792034
-7.689340
-8.944103
-10.462829
-11.757612
-13.153212
-14.475925
-15.797445
-17.278535
-18.572296
-19.656760
-20.659821
-21.438088
-22.009100
-22.636141
-23.374387
-24.012838
-24.558646
-25.189945
-25.827203
-26.422228
-26.956286
-27.203049
-27.203390
-26.906218
-26.510443
-26.070220
-25.774240
-25.543315
-25.082827
-24.470772
-23.759433
-23.153509
-22.689615
-21.947282
-21.006039
-20.069054
-18.984590
-17.898934
-16.933509
-15.948670
-14.542852
-13.232231
-11.920248
-10.722365
-9.672642
-8.668218
-7.415499
-6.064858
-4.611867
-3.115790
-1.830203
-0.498635
0.765494
2.009698
3.229380
4.344157
5.258662
6.098747
7.068941
7.985830
8.886031
9.628194
10.186093
10.598898
11.102983
11.666502
12.312446
13.166325
13.941526
14.410019
14.879533
15.383448
15.894856
16.326053
16.802720
17.047439
17.249925
17.769507
18.359934
19.026314
19.735609
20.059688
20.359244
20.842552
21.395343
22.126266
22.494282
22.722142
22.704431
22.687060
22.552184
22.393124
22.135632
21.664074
20.889044
20.342554
19.886323
19.533975
19.227096
18.752813
18.139907
17.624412
17.161710
16.335249
15.591553
14.887537
13.883625
12.814488
11.979342
11.062963
10.057347
8.842605
7.413626
5.842277
4.414320
2.921138
1.403945
-0.182731
-1.792737
-3.262588
-4.678965
-5.901200
-6.996223
-8.013930
-9.392159
-10.776520
-12.052229
-13.414451
-14.727967
-16.065666
-17.478807
-18.807309
-19.865206
-20.877123
-21.667140
-22.127628
-22.725548
-23.488828
-24.105992
-24.718557
-25.326184
-25.987285
-26.626587
-27.047907
-27.229786
-27.195726
-26.838609
-26.462930
-26.007720
-25.720426
-25.430066
-24.973835
-24.338279
-23.585728
-22.967884
-22.443703

