20.363501
20.769494
20.682982
20.326376
20.094769
19.790275
19.325359
18.444061
17.584733
16.645193
15.787738
14.954805
14.173133
13.764756
13.256754
12.736491
11.992965
10.865416
9.460620
8.098568
6.817409
5.799362
4.698890
3.571851
2.665009
1.847403
1.056535
-0.026737
-1.419101
-2.837692
-4.174369
-5.362885
-6.313665
-7.149492
-7.640294
-8.065019
-8.551564
-9.243318
-10.120187
-10.903563
-11.450393
-11.849233
-12.060744
-12.659516
-13.427394
-14.041662
-14.896733
-15.735286
-16.770874
-17.784153
-18.501282
-19.069229
-19.562926
-20.100560
-20.374230
-20.234755
-19.912209
-19.410167
-19.139222
-18.606016
-17.764909
-16.773769
-15.598876
-14.669895
-14.069251
-13.600588
-13.259990
-12.839862
-12.450899
-11.800868
-10.830164
-9.538787
-8.092267
-7.151876
-6.585121
-5.720513
-4.590750
-3.201110
-1.634189
-0.039169
1.855067
3.494535
5.221197
6.334271
7.011380
7.850443
8.582388
9.282487
9.992293
10.451419
10.989904
11.656284
12.351785
13.090883
13.523272
13.913427
14.388050
15.202080
16.131571
17.045907
17.948832
19.000939
19.921916
20.737648
20.790100
20.528691
20.262684
19.990717
19.629853
19.018480
18.147911
17.232384
16.233410
15.333380
14.562607
13.945614
13.486998
13.013056
12.440000
11.519364
10.177408
8.688654
7.410220
6.300381
5.259854
4.057544
3.023318
2.241135
1.437664
0.531844
-0.702313
-2.171142
-3.603186
-4.856757
-5.882468
-6.781476
-7.320813
-7.795947
-8.347886
-8.900506
-9.587492
-10.473728
-11.111838
-11.535372
-11.726788
-12.185914
-12.904065
-13.604845
-14.385836
-15.156780
-16.105516
-17.244816
-18.097843
-18.734932
-19.227948
-19.857543
-20.177705
-20.397902
-20.208529
-19.835745
-19.446611
-19.106013
-18.517120
-17.595461
-16.585759
-15.349729
-14.568056
-14.069421
-13.734954
-13.277531
-12.750966
-12.301547
-11.485134
-10.128021
-8.692741
-7.412774
-6.776367
-6.144387
-5.002873
-3.802436
-2.284391
-0.726495
1.214402
2.931016
4.605055
6.110157
6.880420
7.619858
8.372920
9.042025
9.790318
10.323695
10.777031
11.295250
11.954137
12.769018
13.316018
13.642141
14.117275
14.736652
15.710763
16.656944
17.421075
18.459558
19.428730
20.332677
20.737478
20.665441
20.404713
20.038911
19.711937
19.318887
18.588305
17.624753
16.675677
15.844277
15.023606
14.321293
13.684205
13.275146
12.734618
12.028217
10.900157
9.411403
8.018528
6.833928
5.819627
4.564013
3.493513
2.637591
1.831225
0.991140
-0.071866
-1.381125
-2.777576
-4.208088
-5.440031
-6.395749
-7.090909
-7.638931
-8.184399
-8.673838
-9.241956
-10.150330
-10.918890
-11.495181
-11.718784
-11.924505
-12.618133
-13.266461
-14.007773
-14.685392
-15.600579
-16.699518
-17.676353
-18.382072
-19.099372
-19.655739
-20.127467
-20.379509
-20.403692
-20.014048
-19.573654
-19.261837
-18.791471
-18.068552
-17.098188
-15.832867
-14.973879
-14.308521
-13.870512
-13.565677
-13.084923
-12.627840
-12.162583
-11.027881
-9.658166
-8.220843
-7.297652
-6.661075
-5.739757
-4.600797
-3.215245
-1.584802
0.034741
1.880101
3.592116
5.323376
6.439856
7.204499
7.953133
8.588348
9.414128
10.075910
10.668891
11.138746
11.758464
12.425355
13.217585
13.494832
13.937099
14.457192
15.121017
15.986477
16.830989
17.825195
18.896375
19.808837
20.599536
20.837443
20.578759
20.219598
20.000424
19.609758
19.185884
18.289260
17.383950
16.379356
15.517473
14.748233
14.126471
13.662747
13.246366
12.676375
11.738879
10.368143
9.065866
7.710457
6.408010
5.341768
4.309416
3.341436
2.408028
1.610347
0.665188
-0.382151
-1.853194
-3.246410
-4.522460
-5.606924
-6.534031
-7.221188
-7.821832
-8.354868
-8.757796
-9.583746
-10.556493
-11.213848
-11.657987
-11.986324
-12.411731
-13.123410
-13.725928
-14.492784
-15.226773
-16.206673
-17.212118
-18.033981
-18.879345
-19.290107
-19.894498
-20.325695
-20.465510
-20.367929
-19.903353
-19.517967
-19.200529
-18.704789
-17.837627
-16.643660
-15.454463
-14.750447
-14.276845
-13.736146
-13.366597
-13.033322
-12.573515
-11.826583
-10.572331
-9.253366
-7.947172
-7.074560
-6.393535
-5.236013
-4.277570
-2.885035
-1.065390
0.564371
2.473082
4.299198
5.861521
6.762573
7.416351
8.131266
8.860145
9.675537
10.238205
10.752678
11.254379
11.958395
12.701239
13.332537
13.768162
14.154911
14.753682
15.529905
16.377994
17.332009
18.343755
19.307477
20.119974
20.646538
20.638704
20.394836
19.922256
19.762516
19.363676
18.750259
17.760651
16.822815
15.656437
14.841557
14.073168
13.675519
13.308695
12.762717
12.115240
11.088508
9.992974
8.664642
7.197687
6.171976
4.979202
4.151378
3.230061
2.336672
1.377719
0.560454
-0.647817
-2.241305
-3.550053
-4.828317
-5.758149
-6.617137
-7.211140
-7.718291
-8.227995
-8.811780
-9.836129
-10.651009
-11.196477
-11.497736
-11.858259
-12.500456
-13.100249
-13.890948
-14.743805
-15.593427
-16.579458
-17.497540
-18.325022
-18.968071
-19.487483
-20.019327
-20.343236
-20.446437
-20.160675
-19.719090
-19.471134
-19.089665
-18.389566
-17.304080
-16.091211
-15.152182
-14.484099
-13.924667
-13.504880
-13.113362
-12.704815
-12.093272
-11.301041
-9.952784
-8.681842
-7.576432
-6.784371
-6.039824
-4.979883
-3.743683
-2.132654
-0.459978
1.180172
3.070150
4.888432
6.169421
6.817409
7.535730
8.280788
9.080172
9.769882
10.392836
10.785205
11.459248
12.065683
12.769699
13.327428
13.766289
14.292342
14.922789
15.893323
16.708544
17.633098
18.635648
19.703763
20.448480
20.782437
20.551511
20.208188
19.931282
19.654036
19.259964
18.457174
17.495837
16.588143
15.638386
14.780590
14.187949
13.761180
13.263736
12.681995
11.830330
10.587999
9.172474
7.806165
6.632294
5.635875
4.443782
3.458432
2.473082
1.733473
0.962700
-0.144584
-1.628058
-2.953155
-4.267863
-5.335467
-6.331035
-7.108280
-7.580859
-7.999454
-8.518015
-9.295600
-10.096686
-10.843447
-11.323861
-11.628185
-12.047802
-12.665476
-13.456685
-14.319079
-15.156099
-16.009808
-17.055443
-17.972333
-18.693379
-19.169024
-19.721644
-20.315817
-20.439625
-20.251274
-19.935880
-19.451891
-19.121681
-18.689803
-17.834902
-16.752822
-15.642302
-14.786720
-14.196294
-13.758966
-13.391631
-13.017314
-12.363877
-11.656795
-10.548660
-9.235144
-7.971525
-7.069111
-6.365265
-5.473920
-4.287447
-2.850805
-1.294613
0.382492
2.069133
3.940208
5.644219
6.473916
7.245370
7.988214
8.719138
9.440865
10.215044
10.771070
11.238371
11.795930
12.503181
13.202429
13.688122
14.076063
14.563288
15.458209
16.394172
17.137527
18.185547
19.224542
20.109074
20.774943
20.738329
20.509788
20.203931
19.902672
19.622701
19.027846
18.022060
17.106022
16.218424
15.268326
14.601605
14.010668
13.528551
12.937784
12.226105
11.283159
9.897607
8.495705
7.220166
6.126847
4.939011
3.739936
2.784218
2.004419
1.244886
0.311647
-0.988586
-2.408539
-3.713880
-5.034889
-5.968128
-6.874119
-7.478850
-7.977826
-8.429970
-8.923667
-9.814160
-10.603326
-11.066198
-11.437450
-11.775323
-12.207883
-12.896231
-13.708898
-14.360803
-15.279055
-16.254357
-17.274959
-18.175840
-18.755538
-19.400460
-19.954443
-20.343746
-20.377466
-20.174810
-19.730670
-19.435372
-19.154549
-18.529892
-17.545564
-16.468593
-15.353646
-14.622722
-14.180456
-13.731548
-13.289111
-12.829474
-12.298312
-11.389596
-10.010515
-8.663109
-7.352829
-6.602321
-5.824396
-4.690715
-3.364256
-1.890319
-0.341279
1.549721
3.490789
5.136728
6.323712
7.090909
7.789986
8.469650
9.166343
9.959255
10.544062
10.922977
11.470488
12.218782
12.876817
13.399465
13.734102
14.114210
14.864888
15.836103
16.632250
17.375435
18.481016
19.620487
20.384107
20.628997
20.520347
20.294360
19.880022
19.678729
19.281592
18.561908
17.655066
16.632591
15.706505
15.080145
14.425176
13.876132
13.371536
12.884651
12.142488
10.787249
9.334087
8.014441
6.847211
5.644049
4.472222
3.439529
2.542053
1.648664
0.794274
-0.342131
-1.764979
-3.112725
-4.576615
-5.724430
-6.504399
-7.229873
-7.772957
-8.237873
-8.693082
-9.453126
-10.295085
-11.058194
-11.441367
-11.595828
-12.027536
-12.653896
-13.414110
-14.124428
-14.813968
-15.762193
-16.693388
-17.624412
-18.410683
-19.070762
-19.694226
-20.137003
-20.370994
-20.262684
-19.976922
-19.585916
-19.361121
-18.801349
-18.040453
-16.956500
-15.839679
-14.962809
-14.514923
-14.062268
-13.625622
-13.229677
-12.755564
-12.033497
-10.819095
-9.392841
-8.074726
-7.107769
-6.365946
-5.398308
-4.170452
-2.778598
-1.046317
0.682047
2.731425
4.552943
6.036418
6.959438
7.660730
8.398805
9.085791
9.792703
10.511024
10.888066
11.313132
11.863368
12.669223
13.230869
13.585431
14.073338
14.566524
15.307154
16.224555
17.105341
18.115214
19.155570
19.980158
20.581143
20.596640
20.262003
19.982372
19.678388
19.443887
18.848692
17.860958
16.979490
16.020026
15.214852
14.514242
13.988870
13.528381
13.054439
12.341908
11.348554
9.886708
8.604867
7.278068
6.132296
4.984311
3.961665
3.018720
2.113581
1.335825
0.360182
-0.898157
-2.443790
-3.792899
-5.047832
-6.015982
-6.873608
-7.608788
-8.053609
-8.496727
-9.140968
-9.960106
-10.901690
-11.360816
-11.649472
-11.988538
-12.680122
-13.280255
-13.982058
-14.765433
-15.535014
-16.525984
-17.471143
-18.245833
-18.922261
-19.427368
-19.865206
-20.140920
-20.253999
-20.111288
-19.600221
-19.179923
-18.949509
-18.273251
-17.311743
-16.139575
-15.233415
-14.680113
-14.242956
-13.772249
-13.341563
-12.925523
-12.367964
-11.445624
-10.117803
-8.734976
-7.593972
-6.945985
-6.003380
-4.832915
-3.683397
-2.045291
-0.391177
1.449585
3.387587
5.008663
6.353855
7.075242
7.836308
8.559568
9.421280
10.198695
10.696650
11.103153
11.723552
12.304102
12.957709
13.458218
13.854844
14.239890
14.979158
15.793017
16.625779
17.453602
18.578938
19.587619
20.373719
20.640067
20.417656
20.073652
19.670044
19.480331
19.044025
18.224035
17.246178
16.385147
15.501465
14.832701
14.146907
13.740744
13.272762
12.834413
11.965377
10.821479
9.480544
8.175373
6.921973
5.822352
4.624469
3.548861
2.678292
1.832928
1.056705
0.040872
-1.436813
-2.858128
-4.364763
-5.382981
-6.395578
-7.113218
-7.573877
-8.047989
-8.529595
-9.328638
-10.249104
-10.968447
-11.383806
-11.749949
-12.202433
-12.769358
-13.470139
-14.204979
-14.962299
-15.944072
-17.000607
-17.841543
-18.642970
-19.259964
-19.683497
-20.213468
-20.409652
-20.290443
-19.895179
-19.408635
-19.116572
-18.643141
-17.754010
-16.747202
-15.530075
-14.789956
-14.199018
-13.753005
-13.389247
-13.088499
-12.602465
-11.927911
-10.777031
-9.447336
-8.178438
-7.188831
-6.542376
-5.548852
-4.458938
-3.143719
-1.437664
0.177962
2.128226
3.895589
5.541018
6.464720
7.126161
7.802759
8.572681
9.437118
10.155099
10.662249
11.143344
11.836801
12.488025
13.149296
13.623578
13.918195
14.490400
15.314136
16.188622
17.000266
17.947469

