9.363890
8.229869
6.703138
4.871062
3.143379
1.398155
-0.298194
-2.163138
-3.878559
-5.530970
-7.051059
-8.547817
-10.095835
-11.290823
-12.483427
-13.435568
-14.459917
-15.652180
-17.021724
-18.339157
-19.569227
-20.546913
-21.371841
-22.055081
-22.445917
-22.759438
-23.186207
-24.020842
-24.957997
-25.547232
-25.663716
-25.562899
-25.174107
-24.906227
-24.380343
-23.750237
-23.076194
-22.381544
-21.784476
-20.986285
-19.939968
-18.748045
-17.237323
-16.069072
-15.003511
-13.645887
-12.467078
-11.257104
-10.241440
-9.355715
-8.223908
-7.047483
-5.701099
-4.471030
-3.162452
-1.673188
-0.265666
1.140152
2.123117
3.078665
4.187822
5.354370
6.796803
8.055823
9.051902
9.875127
10.636534
11.538437
12.253353
13.064657
13.880048
14.817544
15.892812
16.681637
17.292670
18.147911
19.110612
19.969770
20.856857
21.668502
22.744962
23.666450
24.586064
25.208337
25.477580
25.900091
25.937898
25.645324
25.197608
24.324996
23.467881
22.540774
21.429232
20.293338
18.910680
17.570598
16.319922
15.350751
14.305626
13.138907
11.866944
10.819605
9.772607
8.944103
7.507460
5.673170
3.892013
2.122096
0.389303
-1.330376
-3.118004
-4.820313
-6.492308
-8.029086
-9.536232
-10.931832
-12.107066
-13.152702
-13.991254
-15.033654
-16.338996
-17.769848
-18.976075
-19.984586
-20.845788
-21.607024
-22.216695
-22.448301
-22.813082
-23.493937
-24.410486
-25.289570
-25.755508
-25.726386
-25.462082
-25.217193
-24.733543
-24.282592
-23.791109
-23.200682
-22.498199
-21.936212
-21.010297
-19.879852
-18.387863
-17.098870
-15.926531
-14.740910
-13.474056
-12.097018
-10.907820
-10.018860
-8.901698
-7.646935
-6.212337
-4.912445
-3.447703
-2.116135
-0.693457
0.716788
1.965421
2.936125
3.880603
5.058220
6.220170
7.714544
8.774826
9.586641
10.221345
11.042527
11.946985
12.611151
13.357571
14.365911
15.353135
16.263042
16.740901
17.383780
18.375090
19.276142
20.226240
20.950011
22.087438
23.004838
23.906061
24.758918
25.172063
25.550979
25.830439
25.767939
25.500229
24.829251
24.002280
23.108891
22.125244
21.116393
19.854988
18.455301
17.273937
16.164269
15.232052
14.124768
12.663433
11.488540
10.395220
9.469134
8.309739
6.674698
4.860163
2.903768
1.062666
-0.661441
-2.476658
-4.325594
-6.035055
-7.506950
-8.961814
-10.353497
-11.732408
-12.784515
-13.789109
-14.685563
-15.810217
-17.211097
-18.476759
-19.546066
-20.393814
-21.325180
-21.905048
-22.217376
-22.483894
-22.987127
-23.747172
-24.604116
-25.181770
-25.441306
-25.356327
-25.085551
-24.718216
-24.304390
-23.870979
-23.257051
-22.527320
-21.995817
-21.283286
-20.286867
-19.038405
-17.584222
-16.554424
-15.366759
-14.163596
-12.829985
-11.646066
-10.656629
-9.727308
-8.563314
-7.448878
-6.132637
-4.766669
-3.349440
-1.922335
-0.387771
1.045636
2.134868
3.163133
4.160575
5.346366
6.911244
8.164133
9.176050
10.010856
10.719470
11.599745
12.422800
13.006926
13.986656
14.946631
15.963146
16.646385
17.231192
18.117939
19.045046
19.819226
20.709549
21.507910
22.452899
23.282085
24.279697
24.916104
25.258064
25.586912
25.601387
25.493417
25.043828
24.371317
23.484230
22.640058
21.623032
20.609753
19.126109
17.929758
16.823156
15.711614
14.633792
13.412748
12.222528
11.139768
10.108437
9.193080
7.881267
6.108114
4.179137
2.398661
0.582082
-1.080717
-2.971717
-4.737037
-6.487540
-8.104699
-9.612697
-11.038780
-12.296779
-13.258968
-14.237165
-15.328441
-16.679253
-17.904895
-19.161531
-20.463467
-21.369457
-21.961246
-22.497347
-22.865874
-23.164238
-23.822444
-24.526119
-25.353091
-25.796890
-25.728771
-25.439603
-25.125742
-24.794681
-24.369104
-23.877621
-23.033449
-22.480658
-21.944387
-21.028689
-19.865888
-18.593413
-17.282793
-16.202075
-14.970984
-13.729334
-12.428761
-11.295932
-10.256086
-9.143863
-8.180312
-6.696156
-5.419595
-4.110847
-2.718142
-1.289674
0.214577
1.458781
2.445834
3.369876
4.474776
5.869184
7.334096
8.395229
9.147780
10.103839
10.873079
11.609282
12.352807
13.168199
14.164959
15.031099
15.953609
16.690663
17.327581
18.442358
19.106524
19.955465
20.952395
21.794353
22.780725
23.754835
24.761643
25.156396
25.463615
25.703737
25.741543
25.533778
24.927514
24.135453
23.268632
22.390570
21.359921
20.195416
18.929584
17.655236
16.584737
15.533652
14.430455
13.293709
12.166330
11.087656
10.037082
8.984123
7.452284
5.646263
3.571340
1.857792
0.081233
-1.661267
-3.566061
-5.268199
-7.190875
-8.721522
-10.266134
-11.432511
-12.542180
-13.659511
-14.604330
-15.693392
-16.764913
-18.014397
-19.417150
-20.363161
-21.355493
-21.736111
-22.162199
-22.490195
-23.041282
-23.568187
-24.398736
-25.312901
-25.486946
-25.515897
-25.087595
-24.801493
-24.410657
-23.904869
-23.338624
-22.696257
-22.325345
-21.639551
-20.636490
-19.339664
-18.062762
-16.951220
-15.686750
-14.605863
-13.471331
-12.221677
-11.134148
-10.113716
-9.021759
-7.828133
-6.468637
-5.135536
-3.755604
-2.353021
-0.848430
0.640494
1.745565
2.750499
3.817422
5.198377
6.664651
7.961818
9.003537
9.917872
10.742630
11.563812
12.371199
13.214520
13.938461
14.929942
15.777009
16.529219
17.234428
17.956155
18.855504
19.653695
20.549979
21.465506
22.205796
23.114170
24.211407
24.913209
25.136641
25.479623
25.700331
25.616884
25.269815
24.676493
23.767097
22.989341
21.873031
20.789249
19.535678
18.282788
17.210586
16.082355
15.158653
13.914449
12.659175
11.501142
10.637045
9.644032
8.442061
6.697348
4.780463
2.895934
1.137086
-0.581741
-2.418246
-4.214219
-5.910056
-7.534368
-9.081193
-10.511024
-11.741093
-12.886694
-13.888904
-14.944758
-16.204800
-17.531088
-18.864359
-19.975730
-20.883083
-21.744796
-22.318193
-22.800309
-22.990533
-23.497173
-24.292469
-25.257894
-25.691135
-25.770835
-25.511810
-25.274754
-24.965491
-24.465152
-23.871320
-23.161003
-22.642612
-21.989516
-21.248034
-20.199333
-18.908296
-17.627478
-16.422272
-15.310390
-14.197656
-12.942553
-11.731046
-10.738543
-9.737355
-8.638416
-7.249798
-5.965233
-4.731587
-3.244707
-1.665694
-0.246763
1.178980
2.249309
3.105402
4.256283
5.584444
7.032326
8.271422
9.231567
10.072844
10.894367
11.665991
12.663773
13.464008
14.396225
15.352624
16.216040
16.969613
17.705475
18.528359
19.442184
20.221812
21.079949
21.941321
22.771358
23.908445
24.814946
25.180238
25.557961
25.810174
25.817156
25.513853
25.119952
24.368422
23.461069
22.403002
21.337952
20.205975
18.906253
17.645018
16.493286
15.576397
14.631067
13.229166
12.155771
11.152029
10.137217
9.162085
7.639272
5.857093
3.975800
2.135890
0.504426
-1.215424
-3.122772
-4.823719
-6.410394
-8.038623
-9.447677
-10.813645
-12.057168
-13.166666
-14.132772
-15.141453
-16.452415
-17.732722
-18.959045
-19.960574
-20.918506
-21.717889
-22.190809
-22.384269
-22.725207
-23.410831
-24.331467
-25.128467
-25.385789
-25.458166
-25.092193
-24.850709
-24.527822
-24.114336
-23.542643
-22.841862
-22.426503
-21.789074
-20.752805
-19.599880
-18.328258
-17.066683
-15.945775
-14.883280
-13.559546
-12.402875
-11.229174
-10.196141
-9.206874
-7.922990
-6.644385
-5.321503
-3.980909
-2.528088
-1.072713
0.422852
1.621246
2.505268
3.520932
4.787445
6.117140
7.595164
8.701597
9.484972
10.364567
11.221852
12.026855
12.823003
13.637883
14.639071
15.537398
16.484942
17.123393
17.902681
18.859931
19.725050
20.560026
21.262339
22.298438
23.321595
24.157592
24.742058
25.117397
25.464637
25.608369
25.485413
25.210551
24.612801
23.675816
22.778852
21.901982
20.763704
19.552537
18.285513
17.020532
16.083717
15.183176
13.974224
12.544053
11.504378
10.698863
9.736674
8.446830
6.838185
5.087512
3.064360
1.409054
-0.267710
-2.039330
-3.746067
-5.568436
-7.207394
-8.506094
-10.002851
-11.367287
-12.519189
-13.413770
-14.340196
-15.685218
-17.058168
-18.276998
-19.335406
-20.364353
-21.159138
-21.761315
-22.083351
-22.416115
-22.924287
-23.746150
-24.604968
-25.090660
-25.272199
-25.088617
-24.637665
-24.276291
-23.886987
-23.299456
-22.618260
-22.076879
-21.523918
-20.848513
-19.730159
-18.341030
-17.148086
-16.043016
-15.003170
-13.792855
-12.471676
-11.350257
-10.225773
-9.264605
-8.200918
-6.960801
-5.664655
-4.241807
-2.807379
-1.263789
0.192949
1.579353
2.639975
3.714391
4.784891
6.142855
7.608959
8.874450
9.688820
10.557004
11.420761
12.176548
12.949194
13.703278
14.614037
15.547105
16.358921
17.083713
17.683336
18.466030
19.313097
20.065478
20.884275
21.687746
22.726400
23.561886
24.446419
24.832317
25.172404
25.419848
25.428193
25.112799
24.712256
23.820060
22.886481
21.888018
20.974193
19.756215
18.351419
17.249073
16.057151
15.020370
14.016799
12.789113
11.706863
10.716915
9.679113
8.670092
7.171290
5.269561
3.378732
1.516342
-0.079189
-1.812492
-3.714732
-5.379915
-7.075753
-8.626665
-10.117803
-11.483431
-12.688466
-13.689654
-14.699868
-15.739713
-17.144339
-18.307992
-19.557646
-20.635980
-21.544865
-22.078412
-22.489173
-22.760630
-22.977761
-23.658957
-24.472305
-25.256872
-25.480815
-25.367907
-25.007554
-24.643285
-24.322612
-23.731674
-23.025445
-22.411346
-21.854128
-21.357366
-20.265579
-19.031763
-17.746176
-16.691344
-15.512364
-14.298132
-13.132436
-11.880227
-10.850089
-9.890284
-8.834600
-7.721697
-6.358113
-4.939863
-3.457751
-2.095188
-0.683921
0.828505
2.051251
2.941915
3.986529
5.198887
6.672825
8.004052
8.982079
9.800366
10.711806
11.621884
12.368645
13.175692
14.035191
15.029567
16.016620
16.835758
17.348358
18.237489
19.209555
19.811562
20.663909
21.416800
22.372689
23.312739
24.161850
24.882044
25.128978
25.419337
25.486776
25.454249
25.101389
24.349519
23.428883
22.624731
21.548441
20.428896
19.189290
17.923968
16.738176
15.852451
14.853818
13.720138
12.394020
11.450563
10.505233
9.586811
8.328642
6.598745
4.717282
2.735513
1.128571
-0.592640
-2.411945
-4.237039
-5.877699
-7.471016
-8.855547
-10.355200
-11.573178
-12.759141
-13.600758
-14.755896
-15.923636
-17.220463
-18.424477
-19.685371
-20.668336
-21.527835
-22.224869
-22.605998
-22.936889
-23.444380
-24.241039
-25.197097
-25.699820
-25.991712
-25.672572
-25.496142
-25.192159
-24.685519
-24.120637
-23.439612
-22.899934
-22.353445
-21.562917
-20.442009
-19.241061
-17.996516
-16.830989
-15.645027
-14.437096
-13.100249
-11.995520
-11.028051
-9.941033
-8.909702
-7.723910
-6.306001
-5.016497
-3.623281
-2.135209
-0.600134
0.819479
1.843827
2.801248
3.968307
5.214044
6.786925
7.914475
8.880751
9.760686
10.590042
11.335441
12.163264
13.008458
13.965539
14.892135
15.783310
16.590697
17.213311
18.190145
19.015585
19.876787
20.739181
21.504334
22.592715
23.465838
24.428708
24.850198
25.140388
25.355305
25.416272
25.300298
24.838277
24.021694
23.114000
22.228956
21.154029
20.008257
18.747023
17.384120
16.342742
15.413591
14.325721
13.049671
11.833055

