14.376129
15.000275
15.711273
16.573668
17.507587
18.127305
19.023248
19.914423
20.806960
21.267108
21.295718
21.089145
20.819051
20.604304
20.040274
19.248724
18.197639
17.189469
16.314302
15.401329
14.357737
13.579982
12.795244
11.964015
11.032479
9.897777
8.652210
7.487876
6.338528
5.391666
4.165002
2.985512
2.022641
1.189538
0.229393
-1.051596
-2.663136
-3.965752
-5.108629
-5.943775
-6.526027
-7.311787
-7.957731
-8.690698
-9.545428
-10.678768
-11.746713
-12.714182
-13.605356
-14.194250
-14.607055
-15.329293
-16.144855
-16.786030
-17.455305
-18.068552
-18.650464
-19.302198
-19.629853
-19.772393
-19.947631
-20.010301
-20.192691
-19.947801
-19.508260
-19.170046
-18.532617
-17.897572
-17.034497
-16.179085
-15.153204
-14.400993
-13.908488
-13.297285
-12.544223
-11.591400
-10.691711
-9.966918
-8.671454
-7.475104
-6.241969
-4.921641
-3.993852
-2.948386
-1.804658
-0.894921
-0.444310
0.242506
1.095193
2.314023
3.529276
4.831382
5.684069
6.647451
7.516657
8.279255
9.131772
9.869848
10.482073
11.330332
12.363025
13.298818
13.907467
14.532464
15.261514
16.059365
16.901152
17.673969
18.427372
19.352095
20.183495
20.981176
21.237646
21.072286
20.945924
20.828417
20.521368
19.900118
19.041300
17.996516
17.044885
16.101258
15.300683
14.334917
13.441188
12.545415
11.737347
10.748250
9.431328
8.245025
7.108109
5.983285
4.943269
3.602845
2.511059
1.714230
0.800405
-0.380789
-1.843146
-3.351314
-4.550389
-5.570991
-6.186451
-6.882804
-7.594313
-8.279426
-9.072168
-9.912423
-11.090721
-12.263060
-13.186591
-13.926370
-14.320101
-14.960085
-15.858241
-16.526154
-17.192023
-17.807995
-18.427031
-19.076381
-19.536359
-19.759280
-19.852093
-20.033632
-20.105328
-20.096813
-19.820758
-19.448144
-18.880878
-18.263885
-17.572471
-16.691174
-15.686240
-14.730692
-14.192377
-13.713326
-12.951408
-12.058360
-11.208909
-10.445969
-9.491103
-8.166858
-7.041182
-5.710295
-4.578148
-3.564017
-2.593654
-1.544782
-0.655140
-0.216961
0.647647
1.591614
2.660240
3.991808
5.146776
5.991459
6.913628
7.784537
8.733954
9.468113
10.077613
10.711806
11.668886
12.711797
13.611828
14.116083
14.715365
15.487330
16.255890
17.027003
17.815999
18.627814
19.527844
20.448140
21.005358
21.120650
20.976067
20.760298
20.505360
20.146200
19.403185
18.499068
17.348698
16.386339
15.626465
14.727967
13.803414
13.025318
12.227808
11.265618
10.103328
8.878878
7.762909
6.578990
5.524840
4.325424
3.085988
2.158540
1.326799
0.283207
-0.866992
-2.450773
-3.844840
-5.048173
-5.905458
-6.493841
-7.305656
-7.986001
-8.829321
-9.566205
-10.651691
-11.870691
-12.808868
-13.647590
-14.258283
-14.599221
-15.397923
-16.134637
-16.785519
-17.372540
-17.966202
-18.685886
-19.338642
-19.598518
-19.832168
-19.903013
-19.896882
-20.058666
-19.928387
-19.598859
-19.125428
-18.628665
-18.049138
-17.182657
-16.258274
-15.252829
-14.457192
-14.031444
-13.307163
-12.522425
-11.669227
-10.885000
-10.093451
-8.791174
-7.421459
-6.291015
-5.056007
-3.988062
-2.994878
-2.033881
-1.120227
-0.603880
0.138794
0.929322
1.998969
3.169945
4.583257
5.531141
6.350279
7.348061
8.178098
9.105376
9.732246
10.431664
11.291845
12.210778
13.216393
13.972861
14.438799
15.146732
15.905414
16.712972
17.404727
18.292155
19.229991
20.064797
20.737818
21.069731
21.115882
20.892279
20.641599
20.263536
19.746508
18.849373
17.865045
16.896725
16.123738
15.269858
14.322656
13.526678
12.681314
11.838675
10.813304
9.573698
8.496046
7.297822
6.212677
5.095005
3.847224
2.746582
1.782690
0.896965
-0.077827
-1.436813
-3.015654
-4.429987
-5.362204
-6.111349
-6.867817
-7.569109
-8.286238
-9.040662
-9.944780
-11.029584
-12.178932
-13.168369
-13.829810
-14.352117
-14.889581
-15.607221
-16.222511
-16.787733
-17.436743
-18.012524
-18.733059
-19.193888
-19.466877
-19.638368
-19.504172
-19.746167
-19.814287
-19.614697
-19.145012
-18.567187
-18.081835
-17.533984
-16.614880
-15.589680
-14.643158
-14.128344
-13.620343
-12.873581
-12.028217
-11.205333
-10.565860
-9.741953
-8.342436
-7.124969
-5.829675
-4.771096
-3.698724
-2.679144
-1.782860
-0.809601
-0.199761
0.406333
1.398666
2.505439
3.740447
4.954168
5.841766
6.831714
7.661581
8.573021
9.368147
9.945461
10.809558
11.623076
12.602636
13.542516
14.038427
14.643158
15.393836
16.156094
17.038073
17.689977
18.573829
19.406421
20.313944
20.984922
20.945753
20.736115
20.687240
20.464488
20.204953
19.452402
18.410683
17.512866
16.699689
15.969276
14.813287
13.874769
12.981551
12.489046
11.705160
10.640791
9.148972
8.146933
6.964718
5.870206
4.785061
3.530298
2.592121
1.658712
0.813689
-0.447716
-2.005100
-3.669603
-4.827295
-5.695650
-6.393535
-7.111175
-7.883821
-8.581706
-9.488208
-10.470833
-11.643512
-12.711457
-13.659511
-14.203787
-14.746189
-15.338319
-16.092573
-16.794545
-17.385653
-17.963137
-18.597671
-19.272736
-19.621508
-19.797598
-19.725561
-19.828422
-19.953081
-19.812073
-19.472837
-18.987996
-18.584047
-17.983743
-17.189128
-16.242947
-15.174150
-14.511006
-14.008965
-13.468436
-12.703453
-11.737517
-10.946819
-10.247401
-9.094817
-7.830177
-6.524835
-5.192246
-4.265990
-3.301757
-2.145427
-1.185792
-0.565052
0.025715
1.006637
1.971892
3.239087
4.565716
5.610330
6.564856
7.496561
8.409194
9.210280
9.852137
10.550533
11.437110
12.226616
13.307674
14.006581
14.563629
15.129021
15.926872
16.703265
17.475571
18.133436
19.061565
19.858394
20.682812
20.873206
20.807811
20.619120
20.504338
20.188434
19.664935
18.867084
17.894336
16.843081
15.947308
15.155928
14.117105
13.358252
12.532643
11.598723
10.794401
9.536743
8.385863
7.148640
5.987201
5.026545
3.853185
2.661262
1.727002
0.886917
-0.103712
-1.600640
-3.189870
-4.509177
-5.545957
-6.132807
-6.929466
-7.661922
-8.353336
-9.058714
-10.027375
-11.054277
-12.171098
-13.045924
-13.805798
-14.369658
-14.759132
-15.507085
-16.338996
-16.881738
-17.517124
-18.182993
-18.804925
-19.242082
-19.524438
-19.523927
-19.566842
-19.834042
-19.827741
-19.526141
-19.149440
-18.678052
-18.131222
-17.478466
-16.548293
-15.596662
-14.681816
-14.149972
-13.577257
-12.979848
-12.108088
-11.261702
-10.405268
-9.597199
-8.260182
-7.112026
-5.780799
-4.716941
-3.703322
-2.752713
-1.650197
-0.765324
-0.323227
0.454358
1.419101
2.638953
3.875324
4.922662
6.000996
7.014785
7.847888
8.731740
9.529931
10.223048
10.964189
11.690004
12.712819
13.636010
14.202254
14.713832
15.480859
16.275815
17.095464
17.789262
18.681458
19.557135
20.466873
21.033117
21.168675
21.020515
20.799296
20.612649
20.321267
19.545044
18.545559
17.589842
16.515425
15.785183
14.874765
14.014074
13.152531
12.406451
11.583226
10.376998
9.189504
8.037261
6.879909
5.750145
4.662957
3.364767
2.358982
1.560620
0.742163
-0.636918
-2.229214
-3.670624
-4.901375
-5.785397
-6.463357
-7.233279
-7.967779
-8.770227
-9.611334
-10.543551
-11.736155
-12.835775
-13.709749
-14.272928
-14.779738
-15.412228
-16.088486
-16.756739
-17.404386
-17.930950
-18.745150
-19.315822
-19.586427
-19.720622
-19.777502
-19.958530
-20.093748
-19.886153
-19.627980
-19.166299
-18.660171
-18.110956
-17.269679
-16.418355
-15.443053
-14.597007
-14.124768
-13.645887
-12.806824
-11.914628
-11.078460
-10.366440
-9.261881
-7.854870
-6.508827
-5.256448
-4.319293
-3.258671
-2.165862
-1.239947
-0.613758
0.000000
1.031842
2.057382
3.310783
4.567589
5.727666
6.604024
7.396085
8.263758
9.228161
9.840557
10.495016
11.258125
12.229851
13.296093
13.945784
14.454808
15.002489
15.847172
16.706671
17.422097
18.192359
19.112314
20.057814
20.654202
20.933492
20.862307
20.751783
20.519325
20.270007
19.716535
18.783467
17.895869
16.735622
15.894685
15.191010
14.172282
13.278212
12.495688
11.704309
10.797637
9.524482
8.494513
7.270915
6.213699
5.165849
3.947530
2.778939
1.900026
1.025881
-0.024182
-1.520429
-3.078665
-4.384007
-5.461148
-6.207057
-6.775515
-7.556847
-8.447170
-9.108441
-10.022436
-11.161225
-12.347528
-13.186932
-13.878856
-14.420237
-14.989206
-15.712295
-16.387871
-16.972337
-17.676694
-18.247877
-19.014393
-19.306626
-19.596815
-19.625936
-19.858905
-19.944395
-19.995144
-19.806794
-19.286871
-18.819230
-18.291644
-17.565319
-16.770703
-15.772922
-14.771053
-14.264584
-13.736146
-12.989555
-12.143510
-11.214869
-10.582549
-9.683711
-8.274317
-6.986856
-5.746910
-4.778590
-3.729207
-2.717291
-1.669100
-0.918763
-0.425918
0.454187
1.398495
2.528770
3.853525
4.987376
5.978005
6.958757
7.734639
8.652551
9.476628
10.104009
10.820627
11.743477
12.838840
13.689143
14.139414
14.722347
15.447140
16.245331
17.022065
17.787388
18.600055
19.505365
20.225729
20.780393
20.849364
20.786183
20.577737
20.318713
20.063775
19.204617
18.278020
17.303399
16.374418
15.562773
14.598370
13.673646
12.830836
12.187106
11.226450
10.129554
8.927073
7.838181
6.749289
5.680152
4.432031
3.420455
2.343144
1.546826
0.528608
-0.691244
-2.175740
-3.765821
-5.013943
-5.744525
-6.424870
-7.145405
-7.854019
-8.690017
-9.604692
-10.494334
-11.689833
-12.828793
-13.573851
-14.088154
-14.601946
-15.364034
-16.068220
-16.618967
-17.326900
-17.941509
-18.700532
-19.192525
-19.582340
-19.709723
-19.716195
-19.834552
-19.881555
-19.825527
-19.501959
-18.967049
-18.414770
-17.903362
-17.164946
-16.079971
-15.065159
-14.414276
-13.822487
-13.343096
-12.462991
-11.574711
-10.836124
-10.075058
-8.838688
-7.625989
-6.439345
-5.151374
-4.201276
-3.245047
-2.116305
-1.173871
-0.539507
0.131811
0.972748
2.014296
3.295626
4.574401
5.595003
6.502526
7.409198
8.459602
9.285382
9.819780
10.533163
11.393172
12.420927
13.409512
13.987848
14.572484
15.257086
15.965360
16.734770
17.552205
18.311398
19.229991
20.048789
20.706143
21.006039
20.935876
20.707675
20.444904
20.258767
19.593069
18.672603
17.653533
16.652175
15.925169
15.046256
14.009987
13.246536
12.417691
11.572327
10.573523
9.403740
8.284535
7.161072
6.042208
5.009174
3.749132
2.810274
1.753739
0.935623
-0.045300
-1.364946
-2.949919
-4.350288
-5.351816
-6.031309
-6.749800
-7.512740
-8.273636
-9.084770
-9.887559
-11.003017
-12.265274
-13.132947
-13.912235
-14.443908
-14.942884
-15.692711
-16.252313
-16.969272
-17.610448
-18.152169
-18.821614
-19.274609
-19.776821
-19.809178
-19.844260
-19.943203
-19.967726
-19.680262
-19.239698
-18.661192
-18.121685
-17.439808
-16.475405
-15.554258
-14.597348
-14.044898
-13.495513
-12.806654
-12.039798
-11.044911
-10.363034
-9.502172
-8.240598
-6.971530
-5.770070
-4.597732
-3.683737
-2.776725
-1.722745
-0.812156
-0.333105
0.390325
1.283373
2.439703
3.691741
4.786934
5.719491
6.726299
7.705007
8.651529
9.382963
10.041509
10.900668
11.770555
12.766293

