12.656110
11.528730
10.497911
9.491444
8.365597
6.562471
4.762241
2.905130
1.242331
-0.479392
-2.355576
-4.225969
-5.996057
-7.568257
-9.163107
-10.576929
-11.911222
-13.011864
-13.938461
-15.052557
-16.470637
-17.715693
-18.979822
-20.194224
-21.288225
-22.109406
-22.639717
-22.951365
-23.197276
-23.523229
-24.420364
-25.289740
-25.824819
-25.843722
-25.553022
-25.188753
-24.956465
-24.341175
-23.749726
-23.142270
-22.434677
-21.940981
-21.153007
-20.037719
-18.767800
-17.574855
-16.297613
-15.068224
-13.973883
-12.743473
-11.392832
-10.411910
-9.534529
-8.376837
-7.180316
-5.747080
-4.267011
-3.023829
-1.594680
-0.147820
1.085315
2.286264
3.172670
4.357610
5.726985
6.960971
8.309398
9.364571
10.282823
11.032649
11.994498
12.895891
13.689995
14.583724
15.498740
16.497374
17.304250
17.898423
18.828596
19.623211
20.462445
21.319219
22.059168
22.932632
23.936885
24.766581
24.993420
25.355816
25.577545
25.761809
25.471449
25.033270
24.049623
23.188761
22.244453
21.107708
19.979988
18.767970
17.411198
16.308682
15.325546
14.308350
13.056823
11.905602
10.920933
9.993996
8.936950
7.446153
5.592448
3.723417
1.877376
0.266859
-1.443624
-3.342118
-5.064351
-6.671292
-8.125646
-9.617805
-10.953801
-12.186766
-13.178246
-14.247043
-15.264750
-16.572305
-17.963648
-19.261837
-20.382915
-21.350213
-22.203752
-22.645508
-22.911344
-23.261479
-23.813588
-24.839980
-25.670358
-25.902476
-25.808300
-25.586230
-25.242567
-24.842875
-24.225371
-23.629665
-22.923946
-22.362130
-21.730321
-20.796742
-19.614697
-18.224205
-17.008781
-15.830653
-14.640433
-13.428586
-12.093612
-10.943413
-10.110140
-9.017842
-7.825409
-6.412949
-4.982267
-3.667900
-2.264977
-0.835827
0.611544
1.748119
2.863407
3.874132
5.052430
6.325756
7.656131
8.799008
9.666000
10.466746
11.269195
12.189490
12.926034
13.673816
14.639241
15.607050
16.406604
17.018148
17.744814
18.644844
19.401312
20.322629
21.203245
22.132226
23.015227
23.996149
24.732351
25.023052
25.516748
25.782245
25.681087
25.514705
24.958679
24.015563
23.156234
22.142785
21.193368
19.928387
18.611635
17.286539
16.234602
15.254702
14.202424
12.825046
11.653560
10.653905
9.657145
8.374453
6.862709
5.071674
3.152405
1.458951
-0.241484
-2.013785
-3.807034
-5.609138
-7.256440
-8.695977
-10.148798
-11.407818
-12.661048
-13.672113
-14.553070
-15.708038
-17.029217
-18.247877
-19.464322
-20.586082
-21.543673
-22.136995
-22.406919
-22.599867
-23.000070
-23.755687
-24.731500
-25.285653
-25.434324
-25.360925
-24.993760
-24.733373
-24.287190
-23.750578
-23.139545
-22.469248
-22.020170
-21.289928
-20.404543
-19.099883
-17.879690
-16.738687
-15.443053
-14.214175
-12.955325
-11.508124
-10.547808
-9.568589
-8.444445
-7.104703
-5.669934
-4.326786
-2.963373
-1.420975
0.053474
1.417398
2.699580
3.612893
4.696165
5.894218
7.188661
8.420774
9.397609
10.289294
11.081355
11.897087
12.706348
13.318402
14.306137
15.257938
16.091211
16.747713
17.380204
18.388374
19.333703
20.016432
20.848683
21.702221
22.618600
23.442166
24.304390
24.650948
25.178535
25.492225
25.592021
25.444371
25.187560
24.333681
23.344585
22.571427
21.515403
20.484073
19.164085
17.935038
16.823156
15.757595
14.738696
13.600758
12.267828
11.221000
10.223729
9.089197
7.639953
5.984136
4.132986
2.263274
0.530141
-1.195669
-2.902406
-4.712854
-6.425210
-8.067914
-9.510177
-10.971853
-12.177910
-13.158832
-14.027187
-15.005044
-16.255549
-17.465012
-18.736976
-19.926514
-20.887852
-21.663904
-21.968910
-22.203241
-22.435699
-22.978442
-23.898057
-24.698802
-25.188923
-25.217874
-24.880511
-24.505172
-24.188076
-23.761988
-23.066146
-22.480147
-21.952050
-21.423272
-20.637512
-19.539084
-18.279552
-17.038754
-15.877315
-14.749425
-13.508797
-12.311595
-11.133807
-10.192224
-9.169068
-7.950749
-6.701095
-5.281482
-3.964560
-2.597400
-1.145090
0.236034
1.741307
2.690894
3.663642
4.800047
6.140130
7.543223
8.655276
9.426219
10.357414
11.204822
12.119668
12.782812
13.555118
14.555114
15.496356
16.293866
16.788925
17.425673
18.476929
19.226415
20.115376
20.859923
21.757228
22.672415
23.442507
24.283613
24.730648
25.004489
25.308473
25.331974
25.079250
24.605138
23.695060
22.902829
21.933998
20.930937
19.797768
18.445424
17.387015
16.243287
15.266112
14.279059
12.974909
11.809213
10.820798
9.799855
8.657319
7.000821
5.239248
3.278766
1.514809
-0.147309
-2.138274
-4.103013
-5.755595
-7.393020
-8.871555
-10.323695
-11.757612
-12.740578
-13.603824
-14.503172
-15.942199
-17.372881
-18.757411
-19.726072
-20.731517
-21.638870
-22.520508
-22.673777
-22.901297
-23.281915
-23.941313
-24.868420
-25.449310
-25.638001
-25.323629
-25.026798
-24.655206
-24.380003
-23.750918
-23.072617
-22.467886
-21.858897
-21.262509
-20.212787
-19.014733
-17.708540
-16.503504
-15.319926
-14.304774
-12.983254
-11.733430
-10.643687
-9.698868
-8.616618
-7.364069
-6.018877
-4.588366
-3.364256
-1.918077
-0.463213
1.044444
2.208267
3.206389
4.286936
5.554131
6.902899
8.042370
9.098223
10.016986
10.870525
11.867966
12.592418
13.359785
14.197656
15.181984
16.200032
16.905921
17.436402
18.275976
19.136156
20.079953
20.981516
21.701370
22.533281
23.502452
24.341175
24.776799
25.071587
25.476898
25.501422
25.323629
24.904183
24.116550
23.219756
22.246156
21.257060
20.068884
18.802030
17.535005
16.493797
15.281098
14.389924
13.224738
12.008803
10.818073
9.940863
8.942229
7.576432
5.839041
4.067762
2.143894
0.521115
-1.282862
-3.098931
-4.804305
-6.363222
-7.966927
-9.345668
-10.714361
-11.926889
-13.064998
-14.023440
-15.018838
-16.362667
-17.545223
-18.852949
-20.112821
-20.944732
-21.861281
-22.282941
-22.666625
-22.975206
-23.399591
-24.237122
-25.152138
-25.604282
-25.580951
-25.270155
-25.018964
-24.742910
-24.176666
-23.499387
-22.704942
-22.211415
-21.611282
-20.765747
-19.593069
-18.405574
-17.116240
-15.919209
-14.636857
-13.485977
-12.312617
-11.007786
-10.094472
-9.286404
-8.045265
-6.758996
-5.414997
-4.034042
-2.579859
-1.110009
0.335489
1.656158
2.514294
3.472737
4.696505
5.932876
7.293906
8.513587
9.410892
10.345663
11.213337
12.074368
12.765442
13.683523
14.550516
15.607732
16.516788
17.318555
17.929418
18.843923
19.553729
20.475217
21.254676
22.140401
22.997856
23.995468
24.639027
24.871145
25.196927
25.362458
25.409971
25.076866
24.365187
23.613998
22.848674
21.815300
20.729133
19.596815
18.348524
17.156260
15.924317
15.025820
14.071124
12.823684
11.604173
10.641813
9.657996
8.480719
6.830692
5.013943
3.123624
1.435620
-0.244720
-2.056531
-3.917898
-5.709103
-7.306848
-8.728164
-10.226965
-11.613539
-12.715714
-13.872726
-14.829295
-16.093595
-17.382928
-18.816846
-19.990887
-21.089997
-22.119454
-22.663389
-22.956814
-23.174626
-23.611103
-24.261134
-25.253807
-25.859901
-25.967870
-25.589807
-25.346620
-25.019305
-24.479117
-23.859228
-23.247344
-22.577558
-22.000756
-21.280731
-20.341533
-19.127301
-17.770699
-16.585248
-15.490055
-14.324529
-13.074194
-11.872734
-10.800191
-9.851796
-8.789982
-7.571152
-6.162609
-4.945653
-3.561633
-2.055338
-0.594173
0.756809
1.900196
2.804654
4.003389
5.194119
6.538289
7.860490
8.856058
9.844303
10.644538
11.537245
12.461117
13.267994
14.054605
15.150479
16.162225
16.970464
17.533984
18.405403
19.376619
20.283801
21.176168
21.966696
22.870302
23.885625
24.651119
25.077888
25.394133
25.793484
25.766236
25.581292
25.104114
24.363484
23.351227
22.300652
21.248204
20.250593
18.938780
17.625093
16.441005
15.447991
14.562096
13.369152
12.101616
10.942561
10.099581
9.140287
7.716588
6.048168
4.264627
2.514465
0.764642
-1.012087
-2.782175
-4.457235
-6.143025
-7.705348
-9.138925
-10.659865
-11.772769
-13.059548
-14.036894
-15.055963
-16.438961
-17.863512
-19.178050
-20.375252
-21.355663
-22.260972
-22.576366
-22.981337
-23.253816
-23.795196
-24.694886
-25.552682
-25.899921
-25.808811
-25.536163
-25.234222
-24.863822
-24.272203
-23.641416
-23.003135
-22.228275
-21.615880
-20.919868
-19.610098
-18.305779
-17.055443
-15.884638
-14.525822
-13.279404
-12.016296
-10.875293
-9.899139
-8.962325
-7.779087
-6.607771
-5.180325
-3.939697
-2.408028
-1.059771
0.353370
1.430852
2.445323
3.371750
4.394906
5.780458
7.109301
8.240938
9.186268
9.976966
10.826758
11.826754
12.526342
13.414281
14.522416
15.567371
16.557319
17.153195
17.893314
18.973351
19.849369
20.696095
21.370990
22.338288
23.283448
24.248872
24.878468
25.122847
25.575161
25.723832
25.642770
25.378636
24.661337
23.790428
22.905384
21.780729
20.737478
19.555773
18.202748
16.967569
15.879188
14.985629
13.918366
12.562105
11.378527
10.380575
9.431839
8.219481
6.706544
4.956722
3.109319
1.331738
-0.320162
-2.075263
-3.777572
-5.438498
-7.074050
-8.433206
-10.005576
-11.238882
-12.291840
-13.306481
-14.258793
-15.563113
-16.929252
-18.285683
-19.357545
-20.546913
-21.458524
-22.072111
-22.338629
-22.575685
-23.025785
-23.945740
-24.755171
-25.476558
-25.586741
-25.405032
-25.034973
-24.659974
-24.283103
-23.788895
-22.998367
-22.396530
-21.814108
-21.088294
-20.105328
-18.903698
-17.466205
-16.284330
-15.187945
-13.918366
-12.575388
-11.341402
-10.385343
-9.404591
-8.223057
-7.082224
-5.694968
-4.432883
-2.986193
-1.621928
-0.212363
1.235349
2.358300
3.330367
4.318271
5.546468
6.913287
8.189848
9.134156
9.933540
10.895218
11.821645
12.511696
13.310739
14.100586
15.143156
16.109092
16.779218
17.397063
18.330983
19.129004
19.955124
20.854814
21.660839
22.472313
23.475034
24.310180
24.807283
25.208507
25.479112
25.556939
25.430747
24.979115
24.153164
23.187229
22.269317
21.349532
20.196778
18.775293
17.505203
16.393832
15.376977
14.414276
13.095140
11.897428
10.855539
9.848390
8.783851
7.436275
5.732604
3.980909
2.159561
0.454698
-1.257828
-2.996070
-4.670109
-6.360667
-7.729701
-9.190525
-10.578973
-11.794567
-12.876136
-13.711282
-14.780590
-16.181810
-17.407962
-18.697296
-19.860438
-20.883083
-21.622522
-22.034304
-22.308486
-22.630010
-23.172413
-24.107695
-24.812732
-25.371654
-25.319372
-24.981158
-24.620635
-24.333341
-23.896183
-23.300477
-22.661345
-22.090844
-21.629674
-20.837443
-19.735098
-18.404552
-17.187425
-16.171081
-14.866761
-13.709068
-12.461117
-11.180299
-10.264942
-9.094817
-7.988725
-6.681681
-5.180665
-3.826788
-2.406665
-1.167910
0.334638
1.627547
2.708946
3.614426
4.843133
6.130763
7.531302
8.640630
9.524141
10.412931
11.173998
12.030602
12.713330
13.539280
14.509644
15.337127
16.338314
16.961098
17.604147
18.499579
19.377300
20.202739
21.054064
21.877800
22.718055
23.681436
24.468047
24.760962
25.166273
25.375400
25.368248
25.142431
24.460554
23.588794
22.737639
21.847997
20.892279
19.646542
18.358401
17.258610
16.170570
15.216214

