16.589676
17.411709
18.430778
19.375086
20.135811
20.617247
20.508426
20.242078
19.951548
19.702400
19.279548
18.624578
17.633268
16.697305
15.852281
15.056985
14.283998
13.857569
13.461454
13.037239
12.255396
11.106048
9.684903
8.324044
7.028580
5.874804
4.756621
3.703662
2.825090
1.929147
1.166207
0.176259
-1.214572
-2.744198
-4.104546
-5.252021
-6.222725
-7.135017
-7.726295
-8.196150
-8.576087
-9.308372
-10.221004
-10.989053
-11.618819
-12.037754
-12.245008
-12.852464
-13.355528
-14.048985
-14.905078
-15.724557
-16.575541
-17.576899
-18.382243
-18.938780
-19.313608
-19.889389
-20.167317
-20.141772
-19.825186
-19.479309
-19.104992
-18.761669
-18.057142
-17.091206
-16.093935
-15.257256
-14.596326
-13.981036
-13.706514
-13.232061
-12.789965
-12.194089
-11.068072
-9.747233
-8.428778
-7.279941
-6.660904
-5.815029
-4.694973
-3.349440
-1.593828
0.003747
1.759529
3.482274
5.256448
6.453991
7.123266
7.933549
8.713007
9.596348
10.290486
10.740416
11.233602
11.856045
12.412071
13.184718
13.684375
14.066526
14.454297
15.221153
16.070434
16.908475
17.757416
18.823147
19.726924
20.364012
20.564624
20.324162
20.021370
19.755023
19.413233
18.946954
18.065657
17.213651
16.323158
15.517984
14.847858
14.178583
13.878856
13.292006
12.752499
11.951583
10.552406
9.141990
7.805654
6.563323
5.400521
4.149335
3.148147
2.369029
1.643045
0.859840
-0.401224
-1.824924
-3.260885
-4.495553
-5.612203
-6.545782
-7.321153
-7.758651
-8.262566
-8.785043
-9.543555
-10.514941
-11.172295
-11.707715
-11.986324
-12.385675
-13.000454
-13.725758
-14.419556
-15.210935
-16.049487
-17.052889
-17.966884
-18.618107
-19.140584
-19.730670
-20.122187
-20.255361
-20.111799
-19.771712
-19.323315
-19.082001
-18.591029
-17.777341
-16.729661
-15.766621
-14.966897
-14.346497
-14.082193
-13.553245
-13.134139
-12.594121
-11.817047
-10.680471
-9.244510
-7.912431
-6.928103
-6.487370
-5.265304
-4.019737
-2.285753
-0.797170
1.003231
2.720356
4.516670
5.991118
6.809405
7.616963
8.438996
9.237528
9.957382
10.580165
10.962486
11.587994
12.109109
12.776511
13.453109
13.777869
14.196464
14.717409
15.502657
16.375950
17.196621
18.121004
19.056116
20.038060
20.506041
20.339319
20.123890
19.833020
19.612823
19.222498
18.475056
17.680952
16.729832
15.890258
15.123742
14.397076
13.933352
13.579811
13.079303
12.388570
11.348895
9.847539
8.434057
7.186447
5.964041
4.835469
3.690379
2.824068
2.028772
1.232454
0.204018
-1.203844
-2.665690
-4.043920
-5.291360
-6.396770
-7.089547
-7.729530
-8.170605
-8.653573
-9.352820
-10.248934
-10.992629
-11.680467
-12.010336
-12.256248
-12.751988
-13.395888
-13.986656
-14.756237
-15.468597
-16.438280
-17.362152
-18.137353
-18.663917
-19.141776
-19.593920
-19.904886
-19.802536
-19.528866
-19.195080
-19.048112
-18.685034
-17.919540
-17.107385
-16.063792
-15.165806
-14.541149
-14.069932
-13.783148
-13.438123
-12.990747
-12.361663
-11.370182
-10.067395
-8.541175
-7.494688
-6.833758
-5.985328
-4.672664
-3.267356
-1.727683
0.021969
1.856259
3.631626
5.438328
6.502356
7.344825
8.122921
8.950063
9.698357
10.500125
11.025497
11.446476
12.007100
12.776511
13.487169
13.864040
14.129026
14.634473
15.356030
16.141960
17.005205
17.804929
18.744128
19.597667
20.225729
20.269496
20.115716
19.763197
19.472156
19.177198
18.696615
17.835924
17.017467
16.090018
15.354327
14.728648
14.142139
13.733251
13.300521
12.698514
11.829308
10.459253
9.094817
7.693597
6.599597
5.547489
4.225118
3.244707
2.441066
1.701798
0.709125
-0.538485
-1.969678
-3.460816
-4.841770
-5.809580
-6.816387
-7.406303
-8.077792
-8.497068
-9.082385
-9.835277
-10.831526
-11.519705
-11.944771
-12.191193
-12.534176
-13.273103
-13.913768
-14.519862
-15.267474
-16.288417
-17.137868
-18.011161
-18.617085
-19.040448
-19.536189
-19.868953
-19.881214
-19.733225
-19.367422
-19.026824
-18.762691
-18.176181
-17.372540
-16.309534
-15.360458
-14.767476
-14.177391
-13.806990
-13.479676
-13.116087
-12.570109
-11.714356
-10.482584
-9.008135
-7.921457
-7.200752
-6.471021
-5.217450
-3.980568
-2.383845
-0.665869
1.102005
3.005607
4.739250
6.220852
7.004227
7.876498
8.639949
9.374789
10.238716
10.953460
11.343786
11.867625
12.598038
13.336965
13.895375
14.218603
14.594793
15.312944
15.984774
16.792331
17.579283
18.646547
19.462790
20.217385
20.579781
20.389557
20.121166
19.770009
19.351414
18.759114
18.085752
17.165797
16.368117
15.473706
14.801536
14.064142
13.643844
13.328961
12.977975
11.999096
10.735137
9.308032
8.204665
6.993839
5.776371
4.526717
3.519910
2.781493
2.048867
1.194818
0.127043
-1.299041
-2.827133
-4.226821
-5.388090
-6.317241
-7.119519
-7.826601
-8.238213
-8.753198
-9.442057
-10.441031
-11.282819
-11.871202
-12.156452
-12.447153
-13.084241
-13.674668
-14.367274
-15.115568
-16.017812
-16.921418
-17.806632
-18.573659
-19.051858
-19.704274
-19.967386
-20.149095
-20.052365
-19.747530
-19.378322
-19.048623
-18.536874
-17.750093
-16.743796
-15.626805
-14.902353
-14.406443
-13.810226
-13.571637
-13.126475
-12.669904
-11.985983
-10.814496
-9.430817
-8.156300
-7.237026
-6.584440
-5.642687
-4.402399
-3.043243
-1.360348
0.372274
2.020597
3.683056
5.474601
6.487540
7.218974
8.009161
8.884668
9.680986
10.499784
10.912248
11.362008
12.058531
12.804781
13.478483
13.968263
14.355864
14.920405
15.702759
16.451393
17.303910
18.234083
19.166640
19.958019
20.458017
20.575694
20.213127
19.918510
19.484929
19.189460
18.660341
17.802375
16.785860
15.966722
15.167168
14.461790
13.828278
13.477291
13.203280
12.495688
11.482409
10.095494
8.705003
7.453987
6.325245
5.198377
4.002196
3.132650
2.372946
1.560450
0.714064
-0.594003
-2.027750
-3.453663
-4.620552
-5.668402
-6.552594
-7.301058
-7.702112
-8.149658
-8.838858
-9.693248
-10.692562
-11.294569
-11.744159
-12.087992
-12.572663
-13.190167
-13.842242
-14.671087
-15.489033
-16.409329
-17.308848
-18.202748
-18.782445
-19.360951
-19.703593
-20.158631
-20.264387
-19.985608
-19.705125
-19.310883
-19.030912
-18.362147
-17.412220
-16.228301
-15.261854
-14.602286
-14.076063
-13.534342
-13.223716
-12.753691
-12.326581
-11.345829
-10.159527
-8.881773
-7.698195
-6.862879
-6.224428
-5.168574
-3.926073
-2.471209
-0.645774
0.986542
2.733639
4.431180
6.004402
6.691728
7.413796
8.230720
9.093455
9.853840
10.473217
10.856390
11.509827
12.162072
12.917859
13.432503
13.920409
14.295748
14.978136
15.693222
16.592230
17.422438
18.395356
19.317525
20.184687
20.574502
20.519665
20.149435
19.840513
19.633600
19.241061
18.468925
17.525298
16.633953
15.785694
14.964172
14.165129
13.763905
13.375793
12.862512
12.054954
10.968276
9.542533
8.181674
6.790331
5.761896
4.667384
3.582409
2.721718
1.960993
1.260212
0.328507
-1.129253
-2.523490
-3.992660
-5.056688
-6.031309
-6.936959
-7.475104
-7.765804
-8.381094
-9.121895
-10.101965
-10.841233
-11.555978
-12.175185
-12.254545
-12.690680
-13.275146
-14.087473
-14.787572
-15.748058
-16.766446
-17.703261
-18.540961
-19.069740
-19.385815
-19.904886
-20.158461
-20.163911
-19.751447
-19.471475
-19.126790
-18.804414
-18.052033
-17.052548
-15.995332
-15.119314
-14.505897
-13.888223
-13.507264
-13.209070
-12.803929
-12.105874
-11.121035
-9.864398
-8.444105
-7.381099
-6.724937
-5.917038
-4.792384
-3.406661
-1.847574
-0.276055
1.441411
3.200259
5.003895
6.141152
6.895747
7.697174
8.537258
9.336982
9.981053
10.644368
11.119502
11.698859
12.482234
13.294050
13.704811
14.178242
14.593431
15.166657
16.168697
17.102786
17.994131
18.856185
19.651992
20.376274
20.628146
20.412036
20.100900
19.761494
19.456829
18.968071
18.105677
17.250265
16.326393
15.386173
14.640433
13.983079
13.612168
13.195106
12.450048
11.824369
10.506936
9.099075
7.692746
6.574222
5.565711
4.376343
3.315381
2.509015
1.845530
1.043081
-0.145776
-1.494203
-2.994026
-4.247597
-5.338022
-6.372418
-7.161072
-7.535560
-8.056504
-8.646761
-9.368317
-10.279587
-11.080503
-11.699881
-11.861324
-12.269531
-12.883970
-13.619321
-14.311416
-15.122209
-15.974385
-17.016445
-17.928566
-18.668004
-19.211088
-19.760983
-20.118100
-20.389897
-20.139899
-19.841875
-19.606011
-19.290788
-18.734251
-17.921073
-16.872372
-15.756062
-14.892817
-14.305285
-13.812780
-13.481719
-12.994323
-12.433699
-11.810064
-10.583401
-9.224585
-7.828474
-6.954500
-6.385531
-5.322354
-4.143034
-2.993856
-1.263959
0.338384
2.202136
3.945146
5.570991
6.421804
7.201093
8.066382
8.824383
9.620019
10.410718
10.954653
11.343104
11.879376
12.740578
13.453790
13.859102
14.334236
14.818907
15.459572
16.280924
17.147575
18.037728
19.078425
19.922767
20.526988
20.488160
20.394155
20.073823
19.726072
19.399779
18.853290
17.953430
17.115389
16.046081
15.277352
14.632940
13.986145
13.548476
13.110808
12.433529
11.460440
10.035038
8.617299
7.270064
6.192582
5.051068
3.842456
2.986533
2.160413
1.467126
0.543083
-0.663315
-2.078499
-3.433228
-4.750320
-5.756617
-6.600107
-7.188150
-7.740259
-8.386884
-8.850268
-9.610142
-10.593789
-11.303084
-11.650664
-11.911222
-12.389081
-13.122729
-13.809715
-14.560734
-15.285696
-16.358580
-17.289094
-18.047094
-18.731867
-19.328765
-19.873040
-20.202569
-20.180259
-20.145008
-19.804239
-19.354991
-19.056286
-18.419879
-17.519508
-16.363348
-15.291146
-14.606544
-14.061587
-13.670751
-13.232061
-12.727295
-12.328795
-11.486156
-10.132619
-8.785895
-7.512229
-6.828308
-6.132126
-5.029270
-3.768717
-2.315555
-0.765324
0.957761
2.713544
4.503897
5.955015
6.743670
7.530791
8.195468
8.935928
9.831531
10.455506
10.921785
11.479855
12.177399
12.964691
13.546433
13.941697
14.466218
15.128851
15.852792
16.683681
17.640591
18.639054
19.512858
20.260300
20.610946
20.607199
20.308835
19.960574
19.593579
19.194569
18.520696
17.589160
16.629015
15.728814
14.896052
14.231205
13.689484
13.364724
12.748071
12.037754
10.732923
9.405102
8.036750
6.888083
5.760363
4.562821
3.497601
2.702815
1.963547
1.228196
0.299215
-1.132999
-2.575942
-4.003559
-5.140815
-6.013427
-6.853683
-7.387911
-7.841417
-8.401360
-9.151016
-10.068587
-10.944605
-11.552913
-11.712994
-12.128864
-12.753350
-13.395378
-14.213494
-14.995337
-15.815156
-16.719784
-17.727954
-18.530403
-19.213813
-19.717898
-20.176513
-20.395006
-20.305770
-20.079953
-19.731011
-19.428389
-18.980333
-18.195425
-17.137698
-15.896899
-15.146562
-14.483077
-13.878345
-13.433184
-12.896402
-12.571982
-11.864390
-10.689156
-9.276356
-7.993323
-6.993839
-6.347724
-5.396264
-4.355056
-2.991131
-1.355239
0.316926
2.046483
3.771952
5.375828
6.435088
7.110323
7.877861
8.622919
9.485313
10.142326
10.628700
11.179447
11.711121
12.500967
13.275317
13.694252
14.142309
14.702252

