13.502496
14.095817
14.789445
15.455314
16.213826
17.117432
17.822129
18.679755
19.568035
20.409652
20.931278
21.122524
20.924296
20.752294
20.552703
20.131213
19.274780
18.380540
17.357043
16.498395
15.619653
14.694078
13.714518
12.912580
12.118987
11.287757
10.273457
9.084259
7.878712
6.641490
5.596195
4.490273
3.294945
2.218485
1.361370
0.464405
-0.754935
-2.346720
-3.840072
-5.058902
-5.853346
-6.613050
-7.395915
-8.041348
-8.907829
-9.809051
-10.677235
-11.886358
-12.787410
-13.630050
-14.314651
-14.818566
-15.337978
-16.082525
-16.809191
-17.389229
-17.881393
-18.654891
-19.213813
-19.538573
-19.603797
-19.725050
-19.797768
-19.975730
-19.881555
-19.562244
-19.097669
-18.623897
-18.036366
-17.119646
-16.347510
-15.303918
-14.582532
-14.039789
-13.380562
-12.688637
-11.860643
-10.963849
-10.252850
-9.196145
-7.939509
-6.694964
-5.333764
-4.384007
-3.417730
-2.400534
-1.359156
-0.597749
-0.078678
0.791890
1.856770
3.167561
4.405805
5.422149
6.447349
7.443428
8.133309
9.061609
9.752001
10.431324
11.183194
12.262208
13.230869
13.914789
14.433350
15.151330
15.839168
16.638722
17.439127
18.151999
19.037213
19.944736
20.634447
21.039588
20.948989
20.879507
20.650625
20.400967
19.903864
18.967220
18.147400
17.009122
16.169889
15.420403
14.334576
13.474226
12.691532
11.862516
10.956526
9.722539
8.524145
7.409709
6.328140
5.302259
4.005943
2.925907
1.997266
1.154116
0.077827
-1.326799
-2.948386
-4.286425
-5.387749
-6.126336
-6.813833
-7.625648
-8.311101
-9.172644
-10.043894
-11.093616
-12.270042
-13.268164
-13.939653
-14.497723
-14.962299
-15.682663
-16.358239
-16.988346
-17.556463
-18.265588
-18.859931
-19.307307
-19.548791
-19.655057
-19.652333
-19.900118
-19.994634
-19.815820
-19.378492
-18.888031
-18.325363
-17.585754
-16.920056
-15.836273
-14.959744
-14.284509
-13.775655
-13.224908
-12.367793
-11.465890
-10.567733
-9.975944
-8.527722
-7.284028
-5.885022
-4.820994
-3.842456
-2.811125
-1.756293
-0.907012
-0.329699
0.419276
1.433747
2.575602
3.771952
4.944631
5.856752
6.933553
7.728509
8.566890
9.427411
10.030781
10.778734
11.624268
12.599911
13.455323
14.027527
14.581340
15.223537
16.174657
17.023427
17.632757
18.508264
19.355672
20.262344
20.824330
20.910161
20.909820
20.728452
20.533289
20.166465
19.415106
18.489531
17.559699
16.627993
15.815496
14.995677
13.973543
13.121196
12.393679
11.495692
10.460275
9.183543
8.026532
6.854875
5.738224
4.594326
3.351314
2.358130
1.492500
0.499317
-0.854560
-2.273832
-3.812824
-5.060434
-5.911589
-6.640809
-7.356576
-7.983787
-8.827788
-9.603160
-10.483606
-11.566026
-12.657813
-13.388225
-14.006921
-14.403718
-15.011515
-15.687943
-16.341380
-16.953094
-17.581156
-18.280745
-18.927370
-19.175325
-19.352266
-19.444568
-19.713300
-19.850731
-19.672428
-19.483737
-19.022908
-18.488339
-17.922435
-17.117773
-16.286373
-15.359776
-14.593090
-14.042003
-13.507945
-12.881926
-11.859621
-11.092765
-10.335275
-9.287425
-7.784026
-6.570135
-5.343982
-4.268033
-3.260374
-2.286094
-1.170635
-0.491142
0.179495
1.071010
2.175910
3.334795
4.665000
5.736692
6.619181
7.516827
8.466755
9.361165
9.988887
10.570799
11.444943
12.420756
13.311420
13.978311
14.427730
15.008450
15.678406
16.496011
17.204625
18.015419
18.826553
19.715514
20.417486
20.787716
20.712103
20.637172
20.425149
20.189796
19.716195
18.805436
17.822470
16.873905
16.012021
15.226603
14.224393
13.424499
12.570279
11.875119
11.053767
9.731054
8.551393
7.413966
6.349257
5.152736
3.938164
2.883843
1.900707
0.890493
-0.113760
-1.666886
-3.117493
-4.688672
-5.661249
-6.370715
-6.995031
-7.855041
-8.625984
-9.409019
-10.274989
-11.263405
-12.546948
-13.442039
-14.009987
-14.468261
-15.179430
-15.710081
-16.398600
-17.016104
-17.506225
-18.157448
-18.768992
-19.086259
-19.346986
-19.433328
-19.523076
-19.772393
-19.757237
-19.596815
-19.119467
-18.613509
-18.196787
-17.380204
-16.569751
-15.675511
-14.885323
-14.271396
-13.763223
-13.107572
-12.181146
-11.436939
-10.756595
-9.837151
-8.390461
-7.169076
-5.911078
-4.776716
-3.800052
-2.626521
-1.603706
-0.663485
-0.071015
0.769411
1.759018
2.828836
4.239764
5.528075
6.437302
7.357597
8.290836
9.149654
9.923662
10.508469
11.223214
12.286391
13.136864
13.873066
14.386518
15.082359
15.637364
16.453777
17.284495
17.965010
18.879686
19.723688
20.373208
20.718234
20.835570
20.680938
20.582335
20.281587
19.916126
19.021545
18.091202
17.191172
16.505037
15.472344
14.452764
13.481549
12.953963
12.188298
11.276177
10.117463
8.895738
7.837840
6.733792
5.575759
4.438673
3.303971
2.338716
1.440048
0.475815
-0.826802
-2.399342
-4.026720
-5.147117
-5.938326
-6.598064
-7.441555
-8.240768
-9.071146
-9.887048
-10.865246
-12.122222
-13.111319
-13.883625
-14.417171
-14.963831
-15.552895
-16.186237
-16.903026
-17.441171
-18.246174
-18.747023
-19.231183
-19.523587
-19.612994
-19.660677
-19.807475
-19.821439
-19.715684
-19.348179
-18.784489
-18.356357
-17.820426
-16.832863
-16.019004
-15.045575
-14.379195
-13.905934
-13.270889
-12.499775
-11.715889
-10.927405
-10.100092
-8.935417
-7.582222
-6.492308
-5.199909
-4.236868
-3.339222
-2.394915
-1.311983
-0.590427
0.017030
0.990459
2.156837
3.417730
4.799366
5.768027
6.690877
7.685253
8.599758
9.449380
10.159867
10.895899
11.795759
12.791157
13.568231
14.194250
14.761516
15.349558
16.020536
16.824007
17.691510
18.367767
19.235952
19.932134
20.600387
20.935535
20.826714
20.562581
20.393303
20.058496
19.405229
18.432311
17.489195
16.736984
15.848875
14.957871
13.995171
13.170072
12.425865
11.655773
10.680301
9.454489
8.342607
7.250990
6.159203
5.151204
3.941229
2.949068
2.014807
1.201119
0.028440
-1.443284
-3.103188
-4.332576
-5.253213
-6.072181
-6.772961
-7.654088
-8.331537
-9.211302
-10.161230
-11.302062
-12.400661
-13.301373
-14.045579
-14.539276
-15.136003
-15.738010
-16.440834
-17.040798
-17.701047
-18.206664
-18.903187
-19.307647
-19.405910
-19.570589
-19.643136
-19.840002
-19.746678
-19.438437
-18.867765
-18.356868
-17.882586
-17.184360
-16.202586
-15.341214
-14.471837
-14.010838
-13.357231
-12.765101
-12.058871
-11.230537
-10.441882
-9.594985
-8.378199
-7.054465
-5.921636
-4.754237
-3.826788
-2.919776
-1.902921
-0.827653
-0.404630
0.289849
1.303809
2.529451
3.775699
4.980053
5.869865
6.949391
7.855722
8.759499
9.474584
10.237013
10.944264
11.918715
12.809038
13.636521
14.188630
14.812095
15.448843
16.318219
17.161369
17.917837
18.648420
19.509792
20.348685
20.869970
20.919187
20.773070
20.661524
20.468576
20.062413
19.163915
18.308333
17.297779
16.328267
15.422787
14.545918
13.579130
12.808527
11.935575
11.223214
10.270221
9.018012
7.855552
6.735836
5.743333
4.729033
3.468479
2.550057
1.551083
0.720365
-0.545127
-2.183574
-3.697361
-4.719666
-5.705867
-6.450755
-7.287604
-7.914816
-8.857931
-9.966237
-10.694776
-11.758804
-12.743132
-13.669218
-14.139414
-14.789104
-15.451568
-16.162736
-16.929082
-17.501627
-17.917837
-18.626281
-19.143820
-19.465174
-19.469772
-19.641093
-19.750254
-19.984416
-19.846984
-19.460065
-18.938269
-18.420560
-17.865896
-16.954456
-16.080311
-15.201569
-14.500788
-13.852971
-13.316529
-12.657302
-11.747054
-10.938134
-10.196652
-9.213345
-7.867983
-6.683895
-5.472898
-4.499129
-3.556694
-2.587352
-1.430511
-0.710828
-0.140156
0.735521
1.794100
3.001349
4.159723
5.391325
6.352322
7.327625
8.312804
9.271077
9.849072
10.590724
11.351279
12.178421
13.293539
14.107057
14.704636
15.193054
15.790973
16.659328
17.444406
18.102271
18.878324
19.679751
20.448651
20.810025
20.749910
20.666293
20.465681
20.142112
19.609077
18.779039
17.880542
16.902515
15.831505
15.236480
14.208044
13.298988
12.429953
11.734452
10.987180
9.861844
8.622408
7.542031
6.540162
5.509002
4.284552
3.228869
2.218825
1.427446
0.417743
-0.984328
-2.587863
-3.848076
-5.078997
-5.937815
-6.625993
-7.457393
-8.199556
-9.079490
-9.811606
-10.854517
-12.053592
-13.097695
-13.841220
-14.438799
-14.951399
-15.683174
-16.349724
-17.031601
-17.607212
-18.258265
-18.848521
-19.430092
-19.539935
-19.701379
-19.894157
-20.070246
-20.045894
-19.887345
-19.454615
-18.874407
-18.309525
-17.696619
-16.838823
-15.975577
-14.967578
-14.211621
-13.745512
-13.061421
-12.324878
-11.381251
-10.666336
-9.962831
-8.680820
-7.378033
-6.368671
-5.140475
-4.273312
-3.166199
-2.170631
-1.146964
-0.617334
0.085660
1.082250
2.165181
3.426926
4.795619
5.849259
6.723063
7.536411
8.577790
9.437970
10.022095
10.816710
11.636359
12.513740
13.384989
14.064993
14.628172
15.358073
16.089508
16.975233
17.621687
18.531084
19.361121
20.152671
20.833697
21.122694
21.020174
20.904711
20.507063
20.216022
19.654036
18.682650
17.674140
16.746180
15.876804
15.041828
14.024462
13.154745
12.312787
11.584929
10.599579
9.364571
8.268186
7.127523
6.101813
4.984822
3.832238
2.809082
1.963888
0.976665
-0.103031
-1.528433
-2.940893
-4.350458
-5.527054
-6.081206
-6.759678
-7.661922
-8.471353
-9.206533
-10.063819
-11.161736
-12.384312
-13.305119
-13.962133
-14.357226
-15.111140
-15.787057
-16.397919
-17.070770
-17.738002
-18.423115
-18.996341
-19.262859
-19.649267
-19.763027
-19.800833
-20.040614
-19.990035
-19.745656
-19.174985
-18.541302
-18.041645
-17.326219
-16.505037
-15.493802
-14.580488
-14.129366
-13.602631
-12.837989
-12.050356
-11.139257
-10.465213
-9.601968
-8.284364
-7.069281
-5.970512
-4.873446
-3.964901
-2.851657
-1.815728
-0.898838
-0.366994
0.419446
1.269920
2.385548
3.776039
4.989931
5.985158
6.919418
7.841757
8.789982
9.504897
10.176897
11.086634
12.038946
12.910536
13.674838
14.348882
14.973879
15.571628
16.347851
17.198835
18.075194
18.883773
19.736801
20.456825
20.986455
21.113498
20.947797
20.702907
20.471641
19.988162
19.244807
18.239873
17.321961
16.287225
15.499251
14.450550
13.618469
12.852464
12.221677
11.375461
10.297469
9.048155
7.963351
6.859984
5.833762
4.856076
3.620046
2.694471
1.745905
0.803130
-0.364610
-1.975298
-3.420455
-4.553284
-5.480392
-6.214891
-6.976809
-7.816383
-8.684226
-9.345157
-10.412250
-11.656625
-12.668031
-13.609784
-14.210599
-14.704125
-15.282631
-16.063792
-16.769000
-17.492771
-18.104655
-18.793515
-19.314289
-19.619465
-19.832679
-19.962958
-20.127807
-20.182133
-20.003830
-19.563947
-18.889563
-18.500430
-17.889227
-16.964844
-16.000782
-14.902183
-14.286722
-13.717413
-13.008458
-12.204136
-11.425018
-10.643346
-9.908165
-8.770738
-7.567406
-6.383147
-5.174875
-4.186460
-3.272976
-2.411093
-1.361881
-0.681877
-0.118869
0.771965
1.819474
3.158706
4.386732
5.398137
6.402561
7.215227
8.126327
9.048155
9.690183
10.467427
11.417525

