10.635853
9.926898
8.943422
7.772446
6.544760
5.432878
4.418237
3.557205
2.289329
0.965084
-0.310455
-1.617840
-2.791541
-3.969499
-5.015646
-5.699226
-6.281478
-6.616286
-7.453476
-8.632966
-9.883983
-10.922977
-11.916671
-12.872049
-13.893843
-14.503172
-14.953102
-15.123742
-15.477623
-16.158479
-16.850403
-17.382928
-17.646721
-18.028532
-18.291133
-18.480505
-18.082857
-17.476252
-16.513211
-15.941177
-15.400989
-14.861822
-14.001301
-13.139248
-12.541669
-12.059382
-11.782135
-11.464698
-11.180810
-11.191538
-10.821819
-10.039466
-8.857931
-7.752010
-6.571497
-5.863053
-5.007812
-4.181862
-2.912113
-1.424210
-0.049216
1.118353
2.240624
3.556013
4.385539
5.037785
5.527564
5.997249
6.518705
6.862538
6.921973
7.231236
7.865429
8.953129
9.982416
10.707719
11.587994
12.391295
13.128860
13.746364
14.127152
14.592750
15.521731
16.406264
17.270701
17.865385
18.085752
17.988001
17.688104
17.188958
16.086272
14.939478
14.278378
13.717924
13.450384
13.087818
12.609788
12.269531
12.110983
12.007100
11.815854
11.405945
11.004550
10.427237
9.598732
8.536237
7.293906
6.072862
4.973241
4.061971
3.067085
1.845190
0.538145
-0.902244
-2.100808
-3.240279
-4.404783
-5.417551
-5.993673
-6.299359
-6.907157
-7.951600
-9.113891
-10.231052
-11.205844
-12.227127
-13.241427
-13.981887
-14.544555
-14.901161
-15.169893
-15.636853
-16.324520
-16.957862
-17.465353
-17.803737
-18.011332
-18.386330
-18.329620
-17.894166
-17.036029
-16.286884
-15.955823
-15.380553
-14.541490
-13.705833
-12.969630
-12.451751
-11.994158
-11.667013
-11.572668
-11.346000
-11.218105
-10.634831
-9.727989
-8.481741
-7.127183
-6.297146
-5.520242
-4.743678
-3.709793
-2.185106
-0.729050
0.497784
1.706226
2.865110
3.932714
4.708256
5.260876
5.797999
6.347043
6.734473
6.958417
7.126331
7.638761
8.382457
9.364911
10.368994
11.129720
11.964015
12.676886
13.430800
13.804095
14.177731
14.801366
15.729495
16.652686
17.506225
17.814977
17.972674
17.827749
17.540455
16.704627
15.506915
14.575209
14.066866
13.622556
13.423647
12.945959
12.513229
12.321813
12.106044
11.883804
11.661734
11.230196
10.631255
9.955508
9.097372
7.908855
6.633997
5.434241
4.365104
3.433228
2.380099
0.981092
-0.299897
-1.584121
-2.655302
-3.932544
-5.072526
-5.672319
-6.189006
-6.441219
-7.273470
-8.349078
-9.513753
-10.435070
-11.568921
-12.446812
-13.334921
-14.032125
-14.524460
-14.779057
-15.078953
-15.612841
-16.387360
-16.943387
-17.331668
-17.593248
-18.163409
-18.501282
-18.173626
-17.543861
-16.721487
-16.261850
-15.740224
-15.137196
-14.336961
-13.533490
-12.905257
-12.408665
-12.065342
-11.778389
-11.568410
-11.423486
-11.094468
-10.442904
-9.344646
-8.050033
-6.954329
-6.124292
-5.306687
-4.454681
-3.043243
-1.563856
-0.246423
0.992332
2.355405
3.506626
4.455362
5.118166
5.663974
6.246737
6.622928
6.901366
7.079159
7.345847
8.024829
8.783170
9.859971
10.731050
11.517491
12.041160
12.876647
13.660533
13.941697
14.251811
15.127659
16.036715
16.932317
17.584392
17.547778
17.641612
17.713819
17.174653
15.913589
14.976604
14.307158
13.770717
13.412748
13.074023
12.689488
12.381077
12.169395
11.833395
11.809894
11.436599
10.935409
10.468960
9.703296
8.805479
7.532324
6.194285
5.091429
4.058906
3.103699
1.755101
0.423193
-0.883681
-2.110345
-3.304822
-4.558734
-5.348580
-5.997590
-6.381273
-6.871223
-7.840054
-8.956535
-10.037763
-11.151178
-12.040479
-12.884140
-13.860805
-14.468261
-14.834063
-15.052046
-15.420914
-16.130209
-16.852277
-17.236812
-17.392465
-17.920051
-18.271889
-18.239873
-17.929758
-17.097337
-16.238179
-15.717575
-15.187093
-14.605011
-13.763223
-12.939317
-12.399129
-11.950391
-11.683873
-11.412416
-11.306150
-11.130742
-10.587318
-9.724753
-8.484125
-7.167033
-6.184408
-5.589894
-4.722902
-3.669603
-2.116476
-0.918252
0.456912
1.829352
2.999306
4.045112
4.765306
5.411931
5.921466
6.322350
6.826605
6.995031
7.146597
7.601806
8.240768
9.391648
10.295085
11.128868
11.877673
12.599230
13.532979
13.949871
14.106035
14.766795
15.813112
16.584396
17.417158
17.843587
17.947640
17.803907
17.558847
16.629185
15.424490
14.486483
14.045749
13.544730
13.262885
12.797798
12.409346
12.090376
12.012550
11.928592
11.604684
11.074202
10.570969
9.949037
9.129558
7.984638
6.593806
5.449397
4.478352
3.525870
2.398491
1.202992
-0.271116
-1.617329
-2.806357
-4.022973
-5.117825
-5.838530
-6.376335
-6.701776
-7.238388
-8.231572
-9.543044
-10.744333
-11.643512
-12.566703
-13.299159
-14.055456
-14.580488
-14.846495
-15.034846
-15.761001
-16.460248
-17.008952
-17.357554
-17.615386
-18.029724
-18.216712
-17.936059
-17.416648
-16.525132
-16.018663
-15.521901
-14.953443
-14.104503
-13.221673
-12.470654
-11.985302
-11.694602
-11.410713
-11.195626
-11.154924
-10.831015
-10.052749
-8.987018
-7.729190
-6.708758
-5.830186
-5.071504
-4.214219
-2.896956
-1.497950
-0.176089
1.131466
2.330371
3.430843
4.430839
5.124807
5.668061
6.099258
6.630932
7.048505
7.170779
7.370370
7.900340
8.885860
9.918553
10.786567
11.498247
12.254715
13.045583
13.780594
14.018161
14.397246
15.235288
16.191176
16.941173
17.506054
17.818383
17.914431
17.620666
17.205136
16.088997
15.114205
14.386007
13.745512
13.429267
13.162749
12.671096
12.364558
12.163435
12.024130
11.866944
11.385850
11.036055
10.474409
9.741613
8.714199
7.453987
6.100961
5.088874
4.027230
3.153767
1.924889
0.639302
-0.603880
-1.974106
-3.091097
-4.242999
-5.253383
-5.951609
-6.268535
-6.774664
-7.661240
-8.981739
-10.215555
-11.291674
-12.165649
-13.172626
-13.977119
-14.470134
-14.757940
-15.049321
-15.514067
-16.185216
-16.810894
-17.356191
-17.657961
-17.931121
-18.254859
-18.211773
-17.923457
-17.192534
-16.464165
-16.010829
-15.519857
-14.846495
-13.880389
-13.058696
-12.525661
-12.183700
-11.833055
-11.710439
-11.550529
-11.366265
-10.903222
-9.969984
-8.792026
-7.467781
-6.581375
-5.765642
-4.909720
-3.859656
-2.484832
-1.036610
0.370400
1.574074
2.786943
3.920794
4.718985
5.179133
5.870717
6.328481
6.870883
7.197005
7.192748
7.644211
8.375815
9.402718
10.401181
11.172465
11.926719
12.602806
13.489894
14.038937
14.220817
14.851774
15.707186
16.642809
17.310381
17.799991
17.997367
17.866577
17.585414
16.808510
15.705654
14.683519
14.134645
13.678925
13.446467
13.007607
12.680633
12.419735
12.148108
12.077263
11.707204
11.302573
10.807514
10.242292
9.460279
8.251837
6.971530
5.816562
4.716601
3.753730
2.740451
1.476662
0.074932
-1.255444
-2.446004
-3.736189
-4.906314
-5.739587
-6.271601
-6.613050
-7.172653
-8.384330
-9.550708
-10.584252
-11.606216
-12.450218
-13.450384
-14.156444
-14.604841
-15.022584
-15.200377
-15.765258
-16.298635
-17.020362
-17.392976
-17.662730
-18.078089
-18.298285
-18.198660
-17.497880
-16.748905
-16.093254
-15.735797
-15.133619
-14.404569
-13.499090
-12.801886
-12.308019
-11.965036
-11.596509
-11.536564
-11.395216
-11.174679
-10.493142
-9.504897
-8.320638
-7.061788
-6.254230
-5.522115
-4.667725
-3.571340
-2.123799
-0.718491
0.478029
1.965591
3.034898
4.065718
4.813671
5.469493
6.112201
6.545612
7.057020
7.194962
7.421630
7.949897
8.879730
9.893520
10.793550
11.550018
12.330498
13.043199
13.613531
14.001983
14.254877
15.023606
15.844447
16.791480
17.411368
17.643826
17.790454
17.606871
17.162732
16.264915
15.164443
14.443057
13.830662
13.569253
13.242960
12.748752
12.423141
12.300866
12.104511
12.080840
11.763573
11.438302
10.790144
10.074377
9.274483
7.899148
6.617137
5.476815
4.451445
3.591095
2.413988
1.047509
-0.409399
-1.691750
-2.902235
-4.177434
-5.277055
-5.969831
-6.261042
-6.841591
-7.684742
-9.040662
-10.094472
-11.089359
-12.220144
-12.920925
-13.828278
-14.445101
-14.868804
-15.018157
-15.319926
-15.893153
-16.726085
-17.195089
-17.474209
-17.765250
-18.207175
-18.200704
-17.867429
-17.194578
-16.417163
-15.904393
-15.479156
-14.816523
-14.030082
-13.109786
-12.446472
-12.140274
-11.630910
-11.640276
-11.454821
-11.294058
-10.956356
-10.227987
-9.158679
-7.768018
-6.769385
-6.052767
-5.359990
-4.302944
-3.051758
-1.550232
-0.304324
1.068286
2.293757
3.397976
4.324572
4.914488
5.568436
6.125314
6.553105
6.971019
7.245200
7.408517
8.047819
8.966071
10.006257
10.800873
11.521748
12.427568
13.148785
13.837303
14.166662
14.465877
15.371186
16.257082
17.174142
17.736639
17.954111
18.037387
17.801353
17.202241
16.083717
15.003511
14.372894
13.818571
13.362680
13.028213
12.613535
12.278727
11.998245
11.864219
11.702265
11.283840
10.756595
10.196822
9.625299
8.803095
7.379566
6.191901
5.078827
4.065888
3.102507
2.069814
0.678982
-0.513792
-1.860006
-3.014122
-4.233633
-5.237545
-5.777223
-6.225961
-6.773472
-7.741622
-9.044409
-10.219131
-11.222873
-12.158155
-13.143676
-14.054094
-14.619827
-14.964683
-15.255894
-15.554258
-16.368117
-17.093931
-17.501797
-17.765420
-18.222162
-18.564292
-18.484763
-17.979145
-17.407111
-16.611814
-16.229323
-15.651328
-14.875616
-13.991594
-13.101952
-12.468100
-11.987005
-11.716911
-11.455842
-11.217594
-10.897943
-10.618142
-9.650673
-8.452960
-7.221018
-6.225279
-5.507129
-4.681860
-3.576449
-2.291543
-1.003913
0.282015
1.579012
2.821173
3.891672
4.670450
5.283015
5.781821
6.237541
6.707055
7.093123
7.180827
7.519722
8.274487
9.258304
10.345323
11.085783
11.912755
12.712138
13.265610
13.866425
14.122043
14.577423
15.726430
16.639062
17.445258
17.912388
18.126624
18.008266
17.733404
16.978468
15.818902
15.011856
14.279059
13.825893
13.530765
13.072320
12.661730
12.385675
12.095826
11.947325
11.600426
11.140960
10.696139
10.135003
9.320463
8.129563
6.794078
5.543062
4.412106
3.452642
2.456052
1.166037
-0.121083
-1.468658
-2.631290
-3.839220
-4.899672
-5.589724
-6.053618
-6.511211
-7.162605
-8.097036
-9.452956
-10.479348
-11.316708
-12.178421
-13.165304
-13.985974
-14.450891
-14.711448
-15.014921
-15.588999
-16.248396
-16.940492
-17.349039
-17.715693
-18.085412
-18.417154
-18.171924
-17.629692
-17.016275
-16.358580
-15.910353
-15.360798
-14.483418
-13.642481
-12.867791
-12.292521
-11.971508
-11.691707
-11.465890
-11.280775
-11.115244
-10.451589
-9.411573
-8.100101
-6.925208
-6.144728
-5.262068
-4.265138
-3.210136
-1.799038
-0.460318
0.812156
2.075604
3.336838
4.343816
4.987717
5.605902
6.102324
6.582907
7.029772
7.127523
7.401875
7.825068
8.771249
9.730884
10.556323
11.333057
12.247392
12.953622
13.534001
13.885839
14.199870
15.048810
16.107389
16.933339
17.553057
17.837116
17.971992
17.730849
17.376627
16.462292
15.401159
14.561926
13.992957
13.758796
13.464519
12.864896
12.507950
12.412242
12.218101
12.004886

