16.385998
15.303407
14.163596
13.033492
11.887891
10.884660
9.915148
8.950063
7.465056
5.807706
4.058225
2.217293
0.496932
-1.301765
-3.151723
-4.897799
-6.646088
-8.020401
-9.472030
-10.945456
-12.256418
-13.327939
-14.442205
-15.576908
-16.975743
-18.246855
-19.547769
-20.567519
-21.474021
-22.248370
-22.677183
-22.923946
-23.098503
-23.704938
-24.427346
-25.259767
-25.545188
-25.506530
-25.010960
-24.664232
-24.267094
-23.888179
-23.253305
-22.625583
-22.091355
-21.404879
-20.572799
-19.415447
-17.998048
-16.904558
-15.698501
-14.442716
-13.110978
-12.035200
-10.791165
-9.817396
-8.745534
-7.769891
-6.509679
-5.112205
-3.707920
-2.406325
-1.073224
0.515154
1.599789
2.597741
3.527573
4.628386
6.050553
7.437638
8.490086
9.470837
10.337659
11.308023
12.133292
12.745006
13.691868
14.671258
15.693051
16.621011
17.374924
18.021549
18.902506
19.605160
20.488160
21.391766
22.289072
23.118258
24.013690
24.847644
25.221450
25.367226
25.589636
25.459017
25.196416
24.640730
23.752792
22.804907
21.874734
20.806619
19.605160
18.261330
17.081159
15.983411
14.868464
13.776336
12.651852
11.594636
10.584252
9.629897
8.426564
6.892851
5.108629
3.187827
1.484667
-0.124148
-1.932042
-3.840412
-5.577632
-7.089717
-8.663450
-10.199547
-11.505399
-12.660367
-13.683864
-14.831339
-16.076394
-17.307486
-18.651145
-19.888026
-20.937579
-21.805763
-22.418840
-22.736107
-23.015908
-23.446253
-23.978097
-24.955102
-25.590999
-25.804894
-25.488308
-25.071587
-24.950334
-24.550642
-23.905039
-23.339646
-22.822789
-22.253650
-21.447795
-20.405395
-19.281592
-17.833029
-16.685554
-15.427726
-14.244999
-12.968779
-11.632442
-10.627849
-9.567227
-8.523464
-7.388081
-5.942583
-4.541533
-3.285919
-1.929317
-0.526905
0.835317
1.922165
2.868005
3.955194
5.258492
6.581204
7.836989
8.885350
9.893009
10.728325
11.556659
12.432848
13.137715
14.094114
15.012026
16.046252
16.751289
17.484937
18.235956
19.117253
19.945417
20.921060
21.632058
22.534643
23.394482
24.309329
24.901628
25.180238
25.417975
25.676489
25.491544
25.160824
24.380514
23.422752
22.582156
21.547249
20.405735
19.253663
18.003157
16.718251
15.576397
14.442716
13.272762
12.086630
11.054959
10.073015
9.061098
7.778236
6.026030
4.209791
2.410412
0.834635
-0.949076
-2.792392
-4.352501
-6.003039
-7.356235
-8.939164
-10.363034
-11.612858
-12.568065
-13.742447
-14.761516
-15.953950
-17.252309
-18.591540
-19.748381
-20.740884
-21.514382
-22.138527
-22.422586
-22.702387
-23.171561
-24.161169
-25.165592
-25.575331
-25.598662
-25.289910
-25.135619
-24.795532
-24.378300
-23.808139
-23.277657
-22.755861
-22.127458
-21.337100
-20.251104
-18.912894
-17.610788
-16.397919
-15.228306
-13.952596
-12.669393
-11.537927
-10.468619
-9.402037
-8.330686
-6.884677
-5.435092
-4.131113
-2.822706
-1.252719
0.135728
1.344851
2.337013
3.331389
4.562650
5.811283
7.122925
8.296456
9.265457
10.251488
10.899987
11.785712
12.551376
13.394015
14.104673
15.160356
16.247204
16.881227
17.423970
18.317189
19.135986
20.005873
20.953587
21.514041
22.500753
23.703064
24.475881
24.694715
25.099005
25.462934
25.487287
25.246484
24.706636
23.929732
23.038217
22.081648
20.853281
19.847495
18.565995
17.303399
16.264575
15.185050
14.173644
12.951068
11.743648
10.740757
9.739910
8.636032
7.011380
5.237205
3.415006
1.671995
-0.058583
-1.948391
-3.611701
-5.362885
-6.909370
-8.382627
-9.895223
-11.206695
-12.307848
-13.497727
-14.517818
-15.555450
-16.978128
-18.311398
-19.540106
-20.524434
-21.318708
-21.960395
-22.356340
-22.510460
-22.682803
-23.491723
-24.422067
-25.104625
-25.435346
-25.187560
-24.715321
-24.388688
-24.005856
-23.649761
-23.043496
-22.459030
-21.904196
-21.177701
-20.258597
-19.025803
-17.724037
-16.512700
-15.270710
-14.104332
-12.800523
-11.493138
-10.410888
-9.537935
-8.404766
-7.248947
-5.758660
-4.638944
-3.273828
-1.766171
-0.361885
0.939710
1.946858
2.980913
4.006113
5.170447
6.598404
7.799353
8.796453
9.755066
10.511535
11.513063
12.264933
13.018676
13.877835
14.796257
15.955653
16.699518
17.172268
17.967394
18.927881
19.608395
20.564284
21.392618
22.250925
23.120131
24.116210
24.616718
24.844238
25.108712
25.463445
25.233030
24.850028
24.060862
23.190805
22.202730
21.305255
20.261151
19.006559
17.573152
16.385998
15.334402
14.286893
13.161727
11.942387
10.960443
10.059561
9.011711
7.641145
6.016663
4.048007
2.238921
0.582763
-1.135213
-2.915519
-4.615784
-6.337677
-7.782664
-9.114913
-10.449716
-11.787925
-12.994153
-13.895886
-14.949186
-16.009297
-17.379011
-18.790790
-19.919532
-20.774092
-21.681786
-22.135803
-22.324835
-22.501264
-22.924628
-23.774590
-24.618081
-25.084189
-25.182281
-24.758407
-24.487291
-24.102586
-23.713623
-23.090499
-22.468397
-21.876608
-21.259104
-20.507574
-19.375256
-18.054588
-16.821112
-15.606710
-14.343602
-13.128349
-11.901515
-10.875974
-9.803261
-8.764608
-7.715055
-6.374972
-5.044767
-3.779445
-2.393552
-1.006297
0.341109
1.597745
2.635547
3.622089
4.698038
6.080355
7.473230
8.578130
9.472540
10.322162
11.216402
12.070281
12.870686
13.641800
14.490570
15.513556
16.521386
17.101424
17.687593
18.525294
19.345624
20.088128
20.941326
21.834714
22.816999
23.651804
24.570397
24.892432
25.267090
25.541101
25.438751
25.231838
24.735757
23.876258
22.974695
22.028344
20.963124
19.797598
18.365213
17.219441
16.076905
15.061413
13.940164
12.776852
11.553424
10.663271
9.569781
8.484636
6.931169
5.217961
3.512927
1.664162
0.086342
-1.683405
-3.539324
-5.362545
-6.906475
-8.404425
-9.805645
-11.279753
-12.485470
-13.561419
-14.490230
-15.781437
-17.051867
-18.361637
-19.541298
-20.668677
-21.546909
-22.203241
-22.490706
-22.787537
-23.168325
-23.785148
-24.692161
-25.389365
-25.749888
-25.555066
-25.171893
-24.870804
-24.581807
-24.148055
-23.450681
-22.906235
-22.383928
-21.758420
-20.767280
-19.648245
-18.310206
-17.051016
-15.918868
-14.667852
-13.428586
-12.119327
-11.046784
-9.962320
-8.804968
-7.632460
-6.316219
-4.960128
-3.555502
-2.223424
-0.718491
0.699588
1.849106
2.698898
3.947871
5.151544
6.587505
7.945980
8.827107
9.819439
10.693414
11.654411
12.476785
13.227633
14.095988
14.939138
16.049487
16.942876
17.450196
18.276828
19.062757
19.943203
20.710741
21.575008
22.486789
23.320743
24.234056
24.881193
25.231498
25.482859
25.723491
25.612797
25.261811
24.548769
23.743255
22.792986
21.714653
20.706824
19.397906
18.099546
16.917501
15.855346
14.842067
13.599736
12.462139
11.403561
10.386876
9.354353
8.099931
6.442922
4.552603
2.698728
0.997271
-0.803130
-2.673694
-4.483461
-6.154265
-7.617984
-9.012563
-10.613714
-11.844294
-12.865918
-13.955832
-14.901672
-16.181299
-17.424311
-18.714155
-20.017794
-20.936728
-21.763359
-22.122179
-22.497177
-22.751944
-23.119790
-23.967368
-24.800982
-25.483029
-25.413036
-25.193351
-24.818182
-24.646180
-24.197783
-23.709536
-23.089136
-22.557974
-21.991559
-21.237135
-20.104817
-18.938950
-17.587798
-16.406434
-15.088320
-13.891629
-12.706178
-11.459078
-10.437625
-9.467772
-8.397954
-7.249968
-5.870887
-4.496064
-3.256627
-1.599448
-0.314542
0.931706
1.977342
3.064190
4.303626
5.585807
7.117305
8.315189
9.330511
10.212149
11.101450
11.908838
12.648617
13.467244
14.387199
15.364204
16.270535
17.037903
17.564297
18.383094
19.072805
19.955976
20.786013
21.573305
22.578410
23.476226
24.324485
24.823291
25.081294
25.447096
25.517941
25.514535
25.107690
24.323123
23.466008
22.593055
21.442175
20.377636
19.077063
17.869132
16.602618
15.570436
14.696292
13.355698
12.192556
11.100939
10.052749
9.031977
7.517678
5.777904
3.874813
2.115284
0.476156
-1.372440
-3.303800
-5.087001
-6.623779
-8.324044
-9.894030
-11.482579
-12.536560
-13.504539
-14.712981
-15.623740
-16.945090
-18.268313
-19.610780
-20.599195
-21.464143
-22.073814
-22.554908
-22.655215
-22.844928
-23.386478
-24.348157
-25.046042
-25.437730
-25.304045
-24.918829
-24.556432
-24.282251
-23.830788
-23.349864
-22.735255
-22.172417
-21.680764
-20.633595
-19.703422
-18.405914
-17.114367
-15.957526
-14.862163
-13.721160
-12.340886
-11.251654
-10.227816
-9.218625
-7.960456
-6.736858
-5.320140
-4.136051
-2.676249
-1.179831
0.174046
1.471383
2.446175
3.564017
4.753896
6.005594
7.373605
8.626154
9.494850
10.465724
11.369671
12.236152
12.980870
13.737168
14.761857
15.653712
16.644853
17.325878
17.901659
18.782786
19.598007
20.505190
21.321092
22.099188
23.049627
23.947614
24.697951
25.069884
25.368248
25.697776
25.639023
25.195565
24.605479
23.794174
22.895677
21.909646
20.951033
19.846303
18.497024
17.137527
15.946967
14.968940
14.043706
12.738534
11.775323
10.850259
9.869678
8.725779
7.320642
5.421128
3.683397
1.829863
0.176770
-1.588208
-3.423180
-5.067927
-6.755931
-8.320468
-9.913104
-11.470999
-12.675353
-13.715710
-14.727286
-15.919890
-17.330476
-18.658638
-19.944736
-21.082844
-21.889891
-22.691999
-23.074661
-23.205791
-23.455790
-24.222476
-25.074993
-25.754826
-25.945221
-25.866032
-25.446756
-25.233030
-24.767773
-24.173771
-23.555756
-22.883926
-22.266763
-21.503993
-20.589318
-19.305093
-17.903021
-16.493286
-15.460423
-14.155933
-12.855359
-11.680126
-10.560410
-9.523630
-8.470501
-7.221358
-5.975962
-4.762922
-3.456388
-2.029453
-0.538996
0.768559
1.848255
2.828836
3.866638
5.072866
6.490265
7.902384
8.891480
9.768690
10.657310
11.531625
12.464183
13.163941
14.107568
15.090193
15.956334
16.878503
17.488514
18.072299
19.170046
19.945587
20.844596
21.699497
22.650617
23.546389
24.483034
25.127786
25.402308
25.834867
25.889022
25.796890
25.423084
24.707999
23.824147
22.925820
21.842548
20.740373
19.393989
18.028872
16.826391
15.764577
14.694418
13.456515
12.253523
11.160885
10.118144
9.104184
7.878883
6.215232
4.440376
2.594846
0.919785
-0.808750
-2.526896
-4.137754
-5.773306
-7.381950
-8.861508
-10.172810
-11.600597
-12.681144
-13.563122
-14.607225
-15.897070
-17.282282
-18.604483
-19.749062
-20.753997
-21.607365
-22.075006
-22.474527
-22.709881
-23.237467
-24.026632
-25.009768
-25.499037
-25.571755
-25.450162
-25.059325
-24.749892
-24.390732
-23.697104
-23.177011
-22.571938
-21.892956
-21.197115
-20.142112
-18.821274
-17.445769
-16.288246
-15.041317
-13.794558
-12.468610
-11.290993
-10.314499
-9.163788
-7.936784
-6.831203
-5.464894
-4.138436
-2.813850
-1.340253
0.147309
1.353877
2.320835
3.362383
4.480226
5.803960
7.255759
8.336476
9.417534
10.178770
11.126314
11.881590
12.578283
13.385330
14.449869
15.412739
16.273601
16.961098
17.528875
18.407447
19.350052
20.142623
20.997695
21.852766
22.839137
23.699147
24.581296
25.127615
25.436197
25.646687
25.659629
25.560856
25.057793
24.113825
23.187399
22.347144
21.276304
20.117930

