11.253187
12.152876
12.957709
13.682331
14.393670
15.131065
15.906096
16.852617
17.531599
18.314975
19.298962
20.212276
20.922082
21.184342
21.127803
20.952906
20.696265
20.546232
19.926173
18.955469
17.843417
16.798122
15.832015
14.925003
13.892651
13.114044
12.257269
11.594296
10.611330
9.367636
8.180823
6.996904
6.016152
4.913296
3.859826
2.714566
1.844168
0.901903
-0.001362
-1.449926
-3.001690
-4.530123
-5.539656
-6.308215
-7.039479
-7.698025
-8.469820
-9.238039
-10.044234
-11.307682
-12.380225
-13.263566
-13.868468
-14.547791
-15.031781
-15.767472
-16.381230
-17.221485
-17.821789
-18.421241
-19.040448
-19.566842
-19.868953
-19.798619
-20.005703
-20.118100
-20.108393
-19.797087
-19.245829
-18.627814
-18.161535
-17.389400
-16.485453
-15.347515
-14.452253
-14.005048
-13.338838
-12.685742
-11.848211
-10.927745
-10.144370
-9.322507
-8.119515
-7.046631
-5.754573
-4.579510
-3.614085
-2.713374
-1.754761
-0.804152
-0.262260
0.301600
1.298530
2.389465
3.763267
4.950421
5.897284
6.803955
7.724932
8.659022
9.447506
10.085617
10.920082
11.769363
12.681484
13.492959
14.187949
14.848879
15.580824
16.418185
17.251117
17.989533
18.853119
19.638027
20.489693
21.058832
21.124908
20.856517
20.660673
20.537376
20.056452
19.220454
18.236467
17.166989
16.216551
15.253169
14.312267
13.543708
12.734958
11.914117
11.081866
10.011537
8.840050
7.735831
6.600789
5.584444
4.670279
3.468820
2.477169
1.566751
0.795467
-0.359842
-2.056871
-3.533534
-4.674196
-5.654097
-6.449052
-7.229703
-7.875306
-8.636543
-9.632962
-10.511194
-11.733259
-12.726443
-13.593095
-14.192717
-14.667852
-15.458209
-16.107219
-16.866241
-17.541306
-18.007415
-18.678222
-19.327402
-19.769839
-19.996847
-20.100730
-20.261151
-20.346812
-20.127467
-19.626617
-19.077233
-18.574510
-17.972674
-17.064810
-16.159160
-15.185901
-14.365741
-13.850927
-13.208049
-12.520722
-11.574541
-10.917187
-10.117292
-9.145226
-7.893188
-6.659712
-5.338873
-4.439524
-3.414495
-2.483130
-1.446349
-0.762939
-0.264304
0.515154
1.702820
2.913645
4.280124
5.334275
6.240947
7.232768
8.111852
8.942400
9.781293
10.467257
11.184045
12.085267
13.029064
13.732229
14.404229
15.087809
15.809195
16.713313
17.551524
18.211092
19.111804
20.005533
20.874398
21.087102
20.992245
20.950522
20.684855
20.569393
19.826889
18.954277
17.890079
16.924483
15.783651
14.962469
14.109612
13.273614
12.435572
11.693239
10.811431
9.698016
8.448533
7.334948
6.275518
5.353178
4.095009
2.928972
2.087014
1.254082
0.309263
-1.180853
-2.689702
-4.108463
-5.186796
-5.988053
-6.728513
-7.385697
-8.078643
-8.876835
-9.757791
-10.824374
-11.965377
-12.959753
-13.672284
-14.215367
-14.857905
-15.531267
-16.208206
-17.003332
-17.520870
-18.159492
-18.914086
-19.476243
-19.672598
-19.856691
-20.026479
-20.217044
-20.264047
-19.931623
-19.525971
-19.033807
-18.454450
-17.691510
-16.675677
-15.800340
-14.831679
-14.172452
-13.618129
-13.145038
-12.204306
-11.133126
-10.413953
-9.662254
-8.428437
-7.268872
-5.975621
-4.796982
-4.110847
-3.066574
-1.777411
-0.877380
-0.514644
0.191757
1.143047
2.236537
3.453493
4.625831
5.677428
6.553446
7.424865
8.140802
9.106227
9.752342
10.451249
11.354515
12.278046
13.240746
13.911213
14.517988
15.307154
16.074862
16.979490
17.634971
18.558162
19.478457
20.424638
20.991393
21.059002
21.072626
20.884275
20.752123
20.399094
19.633259
18.701894
17.688274
16.539097
15.673467
14.822142
13.778210
12.937444
12.094975
11.274304
10.297469
9.033339
7.790497
6.746054
5.876677
4.636390
3.450598
2.463034
1.439708
0.653437
-0.348261
-1.866136
-3.364767
-4.801920
-5.655800
-6.320647
-7.017340
-7.628202
-8.378199
-9.153400
-10.135855
-11.262894
-12.262719
-13.084752
-13.659171
-14.132091
-14.755726
-15.584741
-16.244309
-16.944749
-17.440830
-18.384286
-18.954958
-19.286019
-19.509281
-19.689117
-19.972495
-20.047597
-19.927706
-19.648416
-19.088643
-18.624578
-18.047435
-17.207180
-16.365732
-15.208891
-14.510155
-13.947827
-13.419049
-12.697663
-11.583907
-10.758298
-10.148457
-9.077787
-7.730722
-6.647621
-5.318608
-4.217454
-3.235681
-2.237558
-1.155308
-0.545297
-0.031676
0.751189
2.000332
3.117493
4.403421
5.442245
6.361008
7.184063
8.152383
9.021418
9.652036
10.201590
10.956356
11.842251
12.787070
13.513735
14.069421
14.793362
15.641962
16.437769
17.204966
18.071788
18.806628
19.674301
20.478283
20.879166
20.871162
20.775965
20.587615
20.461593
20.055941
19.278867
18.101590
16.897917
16.054767
15.212808
14.471667
13.587134
12.668541
11.845997
11.033671
9.689501
8.450065
7.286753
6.180320
5.166020
3.991297
2.862556
1.918929
0.930684
0.021969
-1.460143
-3.045286
-4.529272
-5.593981
-6.328481
-6.980726
-7.664476
-8.387055
-9.135859
-9.936775
-11.069434
-12.130226
-12.968779
-13.646058
-14.127663
-14.786720
-15.360458
-15.991586
-16.703776
-17.240388
-17.910344
-18.658808
-19.071102
-19.396884
-19.562926
-19.670044
-19.817693
-19.833871
-19.656079
-19.126109
-18.545900
-18.067190
-17.407792
-16.580139
-15.502828
-14.584746
-13.994830
-13.543027
-12.918370
-12.039627
-11.032649
-10.338340
-9.548494
-8.338179
-7.111004
-5.955015
-4.805156
-3.788642
-2.710649
-1.732622
-0.709125
-0.185626
0.567777
1.510382
2.525875
3.834111
5.115441
6.075246
6.991795
7.842609
8.747578
9.551389
10.068246
10.859115
11.648961
12.620517
13.390269
14.050688
14.614207
15.425341
16.116755
17.012869
17.732041
18.541472
19.526822
20.297936
20.935365
21.083355
20.876442
20.567860
20.474366
20.106861
19.438267
18.361977
17.235960
16.206162
15.447480
14.518329
13.650315
12.904916
12.211800
11.379208
10.344301
9.183543
8.078132
6.903921
5.868333
4.848923
3.706728
2.702815
1.628058
0.762769
-0.368697
-1.945496
-3.530639
-4.870381
-5.744014
-6.473405
-7.242986
-7.976123
-8.681672
-9.635006
-10.554961
-11.688641
-12.782131
-13.569083
-14.201573
-14.683349
-15.355859
-15.946286
-16.582864
-17.252650
-17.892633
-18.575532
-19.136497
-19.626447
-19.836255
-19.875595
-20.089831
-20.341533
-20.091193
-19.795554
-19.199678
-18.638543
-18.261841
-17.379693
-16.440494
-15.410866
-14.622722
-14.129026
-13.577597
-12.959923
-11.919396
-11.027711
-10.355711
-9.333236
-8.167028
-6.911073
-5.743333
-4.608972
-3.590924
-2.571685
-1.506805
-0.735351
-0.130619
0.586339
1.744883
2.923693
4.265990
5.344493
6.382806
7.271085
8.088861
9.045090
9.665830
10.341576
11.093616
12.010336
12.942212
13.597693
14.242615
14.983416
15.663419
16.508273
17.376116
18.145868
18.986804
19.924641
20.755529
21.091359
21.051509
20.917824
20.707505
20.571436
20.156247
19.167321
18.144846
17.162391
16.129357
15.352283
14.334576
13.526678
12.761354
11.883974
11.078290
9.936265
8.896078
7.614408
6.549188
5.577121
4.436629
3.324747
2.278090
1.556533
0.550917
-0.780821
-2.488920
-3.929819
-5.146095
-5.912781
-6.661245
-7.378374
-8.066382
-8.758647
-9.764263
-10.801894
-11.962141
-12.873752
-13.635499
-14.306307
-14.802558
-15.514748
-16.199180
-16.914947
-17.649957
-18.302202
-18.938780
-19.586767
-19.657952
-19.956827
-20.045894
-20.251785
-20.216022
-19.870315
-19.492933
-18.865722
-18.352270
-17.697981
-16.844613
-15.807492
-14.909506
-14.239550
-13.759306
-13.133628
-12.342930
-11.521578
-10.715042
-10.016646
-8.921794
-7.787262
-6.450585
-5.364418
-4.417896
-3.328664
-2.365794
-1.353877
-0.674554
-0.073910
0.883852
1.897812
3.267356
4.536765
5.547830
6.514447
7.506098
8.328642
9.249449
9.911060
10.675873
11.407818
12.307508
13.336624
13.874599
14.523438
15.236650
16.002996
16.900812
17.638888
18.420049
19.221136
20.114354
20.830972
21.036863
20.911353
20.807981
20.816837
20.397220
19.733735
18.571275
17.663240
16.664607
15.547276
14.864547
13.910702
13.074705
12.229340
11.485474
10.564327
9.455340
8.135183
7.069792
6.062644
5.052260
3.764118
2.811807
1.903943
1.064709
0.052793
-1.404115
-2.989769
-4.398652
-5.463873
-6.160906
-6.834098
-7.642678
-8.112362
-9.102821
-9.972027
-10.982241
-12.102468
-13.042688
-13.710431
-14.112166
-14.766114
-15.483584
-16.200032
-16.795908
-17.455987
-18.083027
-18.916471
-19.321782
-19.605330
-19.746338
-19.871167
-20.077399
-19.944225
-19.648927
-19.257239
-18.686737
-18.025296
-17.417158
-16.474213
-15.439987
-14.511858
-13.960770
-13.482571
-12.758630
-11.961801
-11.026178
-10.269880
-9.564672
-8.316721
-7.140466
-5.836317
-4.737037
-3.836496
-2.808571
-1.847914
-0.960657
-0.438520
0.278779
1.326459
2.435105
3.581899
4.772118
5.782672
6.703820
7.552079
8.535896
9.389264
10.023117
10.685750
11.487859
12.568065
13.572829
14.066015
14.837129
15.587466
16.385317
17.238174
18.126624
18.808161
19.758429
20.515238
21.123035
21.202905
21.023750
20.901476
20.687410
20.262344
19.450528
18.339327
17.281260
16.329799
15.501635
14.607906
13.698339
12.912750
12.105874
11.264937
10.380915
9.078469
7.864237
6.823880
5.885363
4.754577
3.565890
2.576624
1.727683
0.668424
-0.408888
-2.045631
-3.537791
-4.812309
-5.736521
-6.478003
-7.188150
-7.901021
-8.729526
-9.571654
-10.483606
-11.493649
-12.736150
-13.500622
-14.167683
-14.728989
-15.372038
-16.071796
-16.723360
-17.293692
-17.942190
-18.733399
-19.365379
-19.747530
-19.892624
-20.001786
-20.220961
-20.293679
-20.178727
-19.827741
-19.223690
-18.567528
-18.051692
-17.308848
-16.375610
-15.402011
-14.515093
-14.034850
-13.419390
-12.667520
-11.948177
-11.024134
-10.351283
-9.522438
-8.106913
-6.910392
-5.636896
-4.514796
-3.475121
-2.463375
-1.443454
-0.640665
-0.114100
0.794104
1.715592
2.942766
4.272802
5.376169
6.371396
7.304805
8.147444
9.024314
9.687458
10.339873
11.170592
12.134484
13.079132
13.815335
14.441524
15.112673
15.824011
16.641617
17.504522
18.236467
19.188608
20.021200
20.837614
21.191495
21.208014
21.155391
20.912034
20.592724
20.036697
19.249235
18.029724
16.990730
16.093765
15.237331
14.224904
13.294220
12.517997
11.788436
10.905947
9.763752
8.637735
7.451943
6.388085
5.377701
4.295281
3.114258
2.267361
1.394238
0.362056
-0.935282
-2.488409
-3.989083
-5.014283
-5.868162
-6.537608
-7.160051
-7.931335
-8.749110
-9.618998
-10.637215
-11.899471
-12.915305
-13.668026
-14.242785
-14.855862
-15.626465
-16.218083
-16.823496
-17.639228
-18.293517
-19.028527
-19.591195
-19.883258
-19.964491
-20.066159
-20.309857
-20.243611
-20.050662
-19.567353
-18.935714
-18.435717
-17.663240
-16.882079
-15.782458
-14.901842
-14.292172
-13.729334
-12.934038
-12.165138
-11.309045
-10.562795
-9.846517
-8.662769
-7.340738
-6.173849
-5.049876
-4.112550
-3.052098
-2.132824
-1.098769
-0.413656
0.188521
1.046998
2.066408
3.456048
4.706212
5.590064
6.527730
7.553101
8.430311
9.221349

