18.557140
17.302207
16.227790
15.046426
14.009816
12.736661
11.605365
10.661057
9.557179
8.457048
6.971700
5.314180
3.449576
1.639639
-0.104564
-1.773323
-3.675563
-5.274670
-7.072347
-8.434568
-10.035208
-11.441878
-12.607745
-13.545241
-14.505216
-15.678746
-17.044033
-18.393142
-19.550494
-20.754678
-21.617242
-22.249222
-22.614854
-22.919859
-23.249558
-23.803370
-24.700846
-25.449651
-25.798253
-25.735072
-25.358541
-25.212765
-24.894306
-24.402823
-23.714134
-23.031405
-22.580794
-21.888529
-20.895515
-19.710915
-18.320765
-16.932147
-15.665804
-14.401504
-13.014759
-11.824710
-10.672978
-9.597370
-8.456196
-7.328647
-5.887917
-4.564694
-3.319127
-1.899174
-0.502893
0.980752
2.085992
3.020082
4.023143
5.250147
6.611177
7.898808
8.899995
9.800877
10.690859
11.519023
12.240750
12.980189
13.863870
14.963491
15.754529
16.701903
17.298971
17.984935
18.868617
19.715854
20.655564
21.426678
22.394657
23.240192
24.130685
24.868250
25.157247
25.501422
25.526966
25.538887
25.242397
24.378811
23.486274
22.652660
21.537542
20.533630
19.107206
17.960242
16.795227
15.674829
14.527014
13.426202
12.222358
11.076587
10.061945
9.028741
7.817234
6.161077
4.331044
2.526215
0.911440
-0.808750
-2.596719
-4.271780
-5.823544
-7.294587
-8.870704
-10.368824
-11.641979
-12.676205
-13.628687
-14.820610
-15.961443
-17.238855
-18.565825
-19.725731
-20.789589
-21.595785
-22.140571
-22.537027
-22.837945
-23.279360
-24.158784
-25.015899
-25.611094
-25.741713
-25.399242
-25.151457
-24.934666
-24.376086
-23.775441
-23.022039
-22.751093
-22.091525
-21.126951
-20.101070
-18.862486
-17.458711
-16.264064
-15.027693
-13.678925
-12.489557
-11.236327
-10.213341
-9.144374
-7.930313
-6.656136
-5.450249
-4.058225
-2.702815
-1.252890
0.188351
1.439537
2.421141
3.353357
4.570314
5.929470
7.286072
8.418049
9.399823
10.230882
11.045762
11.908838
12.668031
13.388225
14.428411
15.306132
16.177382
16.846146
17.345973
18.319573
19.126620
20.131043
20.944391
21.838631
22.790602
23.724011
24.524246
24.934837
25.304726
25.603090
25.714806
25.472641
24.870634
24.072443
23.264204
22.252968
21.166461
19.873721
18.556970
17.401661
16.288757
15.247209
14.121873
12.958390
11.769703
10.752337
9.703977
8.643695
7.159540
5.292722
3.435441
1.615456
-0.020266
-1.965931
-3.626517
-5.219323
-6.819453
-8.303268
-9.754896
-11.277199
-12.357746
-13.389587
-14.427730
-15.564135
-16.996009
-18.231698
-19.440481
-20.526818
-21.283967
-21.924462
-22.457497
-22.596972
-22.853272
-23.608378
-24.518796
-25.124209
-25.366374
-25.325673
-24.948120
-24.791786
-24.335384
-23.785319
-23.143121
-22.589479
-22.072962
-21.303211
-20.323311
-19.209555
-17.793689
-16.514403
-15.120847
-14.016799
-12.803589
-11.456013
-10.394028
-9.380749
-8.340222
-7.122585
-5.761385
-4.447188
-3.223930
-1.792227
-0.254427
1.035418
2.098935
3.005096
4.004581
5.288465
6.585291
7.967779
8.927073
9.901183
10.721173
11.521408
12.335266
13.151680
14.110974
14.939138
15.948500
16.722339
17.295735
18.028872
18.923453
19.788912
20.708186
21.532944
22.332839
23.300818
24.272885
24.852071
25.202547
25.485754
25.626762
25.521347
25.107861
24.333341
23.442507
22.629670
21.468571
20.256042
18.981695
17.657280
16.501120
15.422617
14.432158
13.197831
11.933872
10.981049
10.058369
9.155444
7.774660
6.111009
4.264627
2.415010
0.686646
-1.028095
-2.879756
-4.460982
-6.245886
-7.902384
-9.240423
-10.656629
-11.989389
-13.019868
-14.036553
-14.970132
-16.308512
-17.647573
-18.958705
-20.165614
-21.013192
-21.758761
-22.423778
-22.511312
-22.841522
-23.238659
-24.098839
-24.972984
-25.464807
-25.601557
-25.312049
-25.048426
-24.673258
-24.427005
-23.801838
-23.141929
-22.527831
-22.076198
-21.253824
-20.239353
-18.798283
-17.455135
-16.147239
-15.016624
-13.738700
-12.409346
-11.271579
-10.236331
-9.086984
-7.955687
-6.704671
-5.363737
-4.082067
-2.743176
-1.286779
0.208446
1.449585
2.495050
3.537961
4.643542
5.901371
7.310254
8.491448
9.461130
10.334935
11.139597
12.030431
12.832199
13.481719
14.372042
15.340022
16.350406
16.987494
17.389059
18.401146
19.246340
20.049129
20.897218
21.715164
22.742748
23.567847
24.492570
24.951696
25.320905
25.638172
25.642940
25.514194
24.986778
24.146863
23.314272
22.339651
21.304914
20.123209
18.757752
17.494644
16.359261
15.323673
14.205490
13.016973
11.810746
10.731220
9.943247
8.792877
7.245200
5.453314
3.599950
1.856089
0.188010
-1.527752
-3.244366
-4.835980
-6.414311
-7.796798
-9.466921
-10.952779
-12.280260
-13.005052
-13.873407
-15.095813
-16.565663
-17.940657
-19.107546
-20.109245
-20.982368
-21.841867
-22.241218
-22.516932
-22.843395
-23.498535
-24.374383
-25.075163
-25.488649
-25.501932
-25.167465
-24.927855
-24.527311
-24.184159
-23.634774
-22.874049
-22.379330
-21.779878
-20.935535
-19.720452
-18.399273
-17.127991
-15.964167
-14.642136
-13.420582
-12.085267
-11.023964
-10.094643
-8.906807
-7.792711
-6.540673
-5.216599
-3.822190
-2.458436
-0.967469
0.375850
1.577820
2.469165
3.476313
4.792554
6.192241
7.561105
8.567572
9.536573
10.335616
11.325053
12.189490
12.770210
13.781445
14.767306
15.742779
16.420569
17.071622
17.782279
18.716710
19.555943
20.452738
21.347148
22.275448
23.165430
24.042300
24.834531
25.185006
25.518281
25.631530
25.588104
25.430066
24.773393
23.914405
22.899083
21.960224
20.846980
19.549813
18.271889
17.067535
16.028540
14.941863
13.922964
12.610470
11.555127
10.525840
9.449550
8.334603
6.771769
5.001681
3.119877
1.233476
-0.417743
-2.222742
-4.054138
-5.747420
-7.344995
-8.729015
-10.363545
-11.663607
-12.779236
-13.694082
-14.655760
-15.975577
-17.417840
-18.609081
-19.666297
-20.657607
-21.433149
-22.015742
-22.306442
-22.627796
-23.063932
-23.738657
-24.573292
-25.215149
-25.405713
-25.307962
-24.988140
-24.713789
-24.507897
-23.940972
-23.297242
-22.642953
-22.122519
-21.437747
-20.473344
-19.146715
-17.851591
-16.548463
-15.195949
-14.003004
-12.810401
-11.610985
-10.567222
-9.341581
-8.328642
-7.218463
-5.918230
-4.551411
-3.286770
-1.916374
-0.470536
0.994035
2.016170
2.934592
4.023484
5.268710
6.751503
7.983446
8.991446
9.834426
10.843277
11.734281
12.555633
13.477291
14.333214
15.327930
16.112668
16.990730
17.542158
18.363850
19.218070
20.010642
20.940304
21.756377
22.609404
23.518971
24.579082
25.080442
25.394814
25.555066
25.730474
25.643962
25.175810
24.546896
23.645503
22.617068
21.503823
20.251104
18.833365
17.697811
16.563279
15.542337
14.449188
13.344799
12.186255
11.057683
10.073355
9.013414
7.748263
5.980560
4.222904
2.400705
0.600134
-1.009021
-2.887930
-4.630600
-6.214210
-7.777895
-9.418215
-10.918890
-12.109280
-13.014419
-14.070613
-15.243292
-16.421931
-17.881053
-19.273928
-20.372697
-21.246501
-21.942343
-22.390229
-22.611107
-22.936889
-23.387160
-24.264881
-25.047915
-25.469405
-25.516238
-25.177002
-24.928876
-24.548599
-24.065971
-23.446253
-22.802183
-22.197792
-21.675995
-20.741224
-19.571441
-18.260649
-16.911881
-15.798807
-14.526333
-13.450384
-12.117965
-10.948181
-9.966748
-8.949382
-7.796288
-6.606919
-5.352157
-4.140479
-2.647979
-1.227345
0.198228
1.524517
2.431699
3.337520
4.625320
6.015130
7.354532
8.435249
9.398290
10.246038
11.090040
11.942216
12.692043
13.810737
14.597859
15.474388
16.400984
17.127820
17.700536
18.634456
19.596645
20.464999
21.265405
22.131886
23.037366
24.004153
24.850539
25.136130
25.435686
25.697776
25.631360
25.347812
24.659974
23.931946
22.916113
21.903345
20.735775
19.469261
18.195765
17.017978
15.891450
14.852626
13.757433
12.552908
11.469296
10.419914
9.552922
8.476802
6.940024
5.135025
3.321511
1.592466
-0.088896
-1.837015
-3.551926
-5.151033
-6.839718
-8.268697
-9.966408
-11.197329
-12.390103
-13.401338
-14.375278
-15.616417
-17.006397
-18.289941
-19.500937
-20.478623
-21.249226
-22.020170
-22.429909
-22.654022
-22.909301
-23.693017
-24.543660
-25.273051
-25.463615
-25.329079
-25.065797
-24.733203
-24.399757
-23.748704
-23.207154
-22.473676
-22.101062
-21.406582
-20.475898
-19.218411
-17.851932
-16.592230
-15.306813
-14.069421
-12.846674
-11.561939
-10.500295
-9.495020
-8.377007
-7.216079
-5.885363
-4.565035
-3.287281
-1.810108
-0.382151
0.981433
2.060277
3.008332
4.079342
5.504915
6.889275
8.171967
9.119340
10.024820
10.813475
11.671100
12.470824
13.449362
14.179604
15.110288
16.091721
16.722339
17.277854
18.068552
19.081320
19.828933
20.857538
21.545035
22.428206
23.367916
24.239506
24.728605
25.098664
25.420019
25.554895
25.373016
24.955954
24.196420
23.369108
22.315979
21.217721
20.030396
18.777677
17.478636
16.446795
15.355689
14.416831
13.256754
11.930636
10.991778
9.928431
9.022440
7.608959
6.003210
4.195315
2.407517
0.625849
-1.095874
-2.800397
-4.563161
-6.233283
-7.836478
-9.314333
-10.769197
-12.136017
-12.998922
-14.074019
-15.073504
-16.368798
-17.769848
-19.083193
-20.183665
-21.118947
-21.879673
-22.373029
-22.596461
-22.861787
-23.303883
-24.158103
-25.035654
-25.429896
-25.527988
-25.334529
-24.993249
-24.647542
-24.121829
-23.651123
-23.222481
-22.354637
-21.612985
-20.859412
-19.700868
-18.302373
-16.912392
-15.712806
-14.464344
-13.527359
-12.236323
-10.918890
-10.010685
-8.909532
-7.769891
-6.518023
-5.218302
-3.838199
-2.464737
-1.097577
0.471388
1.562834
2.469335
3.544773
4.725627
6.093979
7.476977
8.634669
9.526355
10.252339
11.131423
12.076753
12.793030
13.614212
14.481544
15.366077
16.372034
16.909497
17.538411
18.503155
19.350392
20.263195
21.174635
22.075687
23.015227
23.882730
24.788380
25.128807
25.564432
25.795358
25.805576
25.472130
24.992738
24.176325
23.308141
22.120987
21.032946
19.717557
18.263204
17.250776
16.252484
15.336105
14.154570
12.902362
11.619670
10.547808
9.675537
8.430992
6.797654
5.003384
3.141335
1.416036
-0.256470
-2.054998
-3.840753
-5.633661
-7.267509
-8.837496
-10.308198
-11.569943
-12.736831
-13.665812
-14.678410
-15.911375
-17.363685
-18.554926
-19.776821
-20.581824
-21.483728
-22.083691
-22.399255
-22.539411
-22.999048
-23.676498
-24.532931
-25.137493
-25.379658
-25.284461
-24.959700
-24.607692
-24.216175
-23.686034
-23.060356
-22.577558
-21.936723
-21.187748
-20.261662
-18.954277
-17.699855
-16.506229
-15.284845
-14.067888
-12.747731
-11.427743
-10.424512
-9.540149
-8.192233
-6.991455
-5.859307
-4.469156
-3.080709
-1.562153
-0.045810
1.297849
2.343484
3.273487
4.411084
5.714382
7.195813
8.390120
9.307010
10.133301
10.996205
11.966910
12.738023
13.433354
14.271906
15.255042
16.128506
16.828265
17.330817
18.295220
19.114017
19.910676
20.736456
21.498714
22.472995
23.264033
24.120297
24.757556
25.176321
25.474855
25.501081
25.427682
24.973324
24.237462
23.401294
22.463117
21.381719

