9.666681
10.415656
11.363711
12.232746
13.241768
13.895716
14.591898
15.373571
16.073159
16.954967
17.775638
18.661533
19.538913
20.329441
20.917995
21.144492
20.955120
20.891598
20.561218
20.359073
19.529888
18.511329
17.435891
16.459908
15.609094
14.641455
13.686589
12.828963
12.176718
11.276177
10.348048
9.207385
8.057526
6.878035
5.831548
4.896436
3.736700
2.704178
1.839570
0.860861
-0.214747
-1.845360
-3.464733
-4.853351
-5.725452
-6.348235
-7.198198
-7.917200
-8.599758
-9.468964
-10.391133
-11.428254
-12.481553
-13.390609
-13.964687
-14.605863
-15.265601
-15.922444
-16.542162
-17.285177
-17.790113
-18.610954
-19.309180
-19.684178
-19.939286
-19.881214
-20.051684
-20.135471
-20.058666
-19.685200
-19.119297
-18.595457
-18.068041
-17.265763
-16.243117
-15.221153
-14.477117
-13.920920
-13.309717
-12.486492
-11.827435
-10.907139
-10.223900
-9.286915
-8.033514
-6.811789
-5.491120
-4.497937
-3.466606
-2.549716
-1.615626
-0.754425
-0.218153
0.593662
1.487051
2.851316
4.189014
5.151033
6.132126
7.144383
7.919584
8.870363
9.405102
10.208062
11.060068
11.951923
12.837819
13.664620
14.319931
14.934029
15.656437
16.504696
17.439127
18.192870
19.062757
20.017794
20.827906
21.161182
21.130187
20.986795
20.874228
20.617247
19.963299
19.018139
17.950365
16.938107
16.037566
15.055452
14.211621
13.352292
12.536560
11.759315
10.831015
9.735482
8.576768
7.358960
6.281308
5.361693
4.207236
3.155300
2.190726
1.314368
0.381640
-1.040016
-2.675056
-4.018545
-5.065884
-5.727155
-6.741796
-7.395915
-7.960626
-8.818592
-9.787764
-10.756254
-11.942727
-12.911218
-13.562611
-14.227118
-14.759132
-15.465362
-16.142300
-16.711780
-17.422949
-18.196276
-18.865722
-19.441673
-19.702741
-19.808497
-19.917488
-20.074504
-20.130702
-19.818033
-19.308158
-18.759114
-18.230677
-17.539944
-16.667502
-15.731709
-14.755556
-14.095988
-13.600247
-12.845652
-12.159858
-11.296272
-10.600601
-9.897436
-8.643525
-7.415158
-5.997249
-4.954679
-3.902572
-2.909047
-1.919099
-0.961508
-0.425407
0.234161
1.165356
2.359492
3.605059
4.756280
5.747931
6.771599
7.604190
8.454323
9.124620
9.782825
10.543721
11.416333
12.380396
13.240235
13.958386
14.548472
15.280247
16.057662
16.999245
17.807484
18.555777
19.437075
20.279373
20.974704
20.990201
21.008423
20.944391
20.732198
20.365034
19.603968
18.461432
17.511504
16.443219
15.576567
14.698676
13.680117
12.925012
12.107066
11.303765
10.404416
9.163618
7.876669
6.751844
5.790336
4.636560
3.409215
2.473933
1.579864
0.609841
-0.575270
-2.188853
-3.606592
-4.841260
-5.765983
-6.489583
-7.285391
-7.878712
-8.611338
-9.514434
-10.377339
-11.460611
-12.370518
-13.327769
-13.991424
-14.451231
-15.140431
-15.816007
-16.490391
-17.099551
-17.684358
-18.456663
-19.188949
-19.554751
-19.687755
-19.813776
-20.028693
-20.136152
-20.075526
-19.648927
-19.159658
-18.579960
-18.053395
-17.169884
-16.235113
-15.271221
-14.509133
-13.908318
-13.216223
-12.587139
-11.715548
-10.941880
-10.260173
-9.289128
-8.002860
-6.723063
-5.403246
-4.380430
-3.417219
-2.403089
-1.320669
-0.557899
0.027588
0.820330
1.900026
3.119537
4.388605
5.490269
6.412097
7.440533
8.168731
8.878878
9.626831
10.268859
11.136021
12.040138
13.030427
13.726098
14.227118
14.973368
15.748058
16.633102
17.377649
18.122196
18.967049
19.847836
20.577056
20.902838
20.819902
20.818881
20.523071
20.183836
19.806794
18.952233
17.898594
16.949517
15.959910
15.224218
14.213834
13.354676
12.552908
11.700903
10.926213
9.775843
8.427416
7.405622
6.242990
5.351986
4.191058
3.071853
2.104895
1.189198
0.165701
-1.251868
-2.777236
-4.377365
-5.421298
-6.169592
-6.875311
-7.687126
-8.378369
-9.233270
-9.991952
-10.998590
-12.025663
-13.085093
-13.784681
-14.296259
-14.897926
-15.600749
-16.161033
-16.867263
-17.491920
-18.189124
-18.957513
-19.521202
-19.799811
-19.886834
-20.011663
-20.146881
-20.110948
-19.922767
-19.490208
-18.858058
-18.340860
-17.699855
-16.805444
-15.869141
-14.888729
-14.171430
-13.800859
-13.165474
-12.337310
-11.397260
-10.740587
-10.136196
-8.770227
-7.563148
-6.302425
-5.119187
-4.120214
-3.073897
-2.146278
-1.110860
-0.472409
0.212703
1.148496
2.262422
3.612552
4.840408
5.832740
6.789991
7.617984
8.487361
9.252174
9.790659
10.538782
11.412927
12.396404
13.258457
13.914449
14.467580
15.155928
16.057321
16.887699
17.581497
18.347842
19.258261
20.153522
20.824671
21.031925
20.997865
20.914418
20.739181
20.546913
19.648927
18.578768
17.421927
16.727448
15.965870
14.978818
13.875791
13.022423
12.346336
11.664799
10.754551
9.470156
8.295774
7.182530
6.126506
5.105053
4.018375
3.032344
2.119711
1.116650
0.084128
-1.452310
-2.944129
-4.387924
-5.404779
-6.000655
-6.773302
-7.547651
-8.320638
-9.137903
-10.057517
-11.147431
-12.250117
-13.085774
-13.810566
-14.261518
-14.979669
-15.795571
-16.361645
-17.106533
-17.801523
-18.543175
-19.150802
-19.590003
-19.764730
-19.852774
-19.962617
-20.218747
-20.172255
-19.744294
-19.201721
-18.600396
-18.127305
-17.353977
-16.546590
-15.427385
-14.583383
-14.218943
-13.508456
-12.829304
-12.008463
-11.352130
-10.617120
-9.715557
-8.497068
-7.200411
-5.974940
-4.877704
-3.825596
-2.926758
-1.876014
-0.974621
-0.396115
0.351157
1.274007
2.452476
3.902061
5.040339
6.041867
6.867307
7.845845
8.738892
9.415661
10.065522
10.872568
11.828968
12.761354
13.642652
14.215027
14.947312
15.636342
16.411713
17.314638
18.080814
18.959045
19.872870
20.553555
21.114690
21.204778
21.073137
20.834037
20.560707
20.180770
19.154038
18.157278
17.103468
16.224895
15.457869
14.413084
13.404233
12.706688
12.013061
11.180810
10.165657
8.972883
7.859979
6.699562
5.673681
4.674877
3.584964
2.579859
1.659734
0.619377
-0.617674
-2.130270
-3.731421
-4.866464
-5.673681
-6.308726
-7.093123
-7.851805
-8.655616
-9.407316
-10.440520
-11.495863
-12.426717
-13.263566
-13.960600
-14.578956
-15.283993
-15.787738
-16.524962
-17.288583
-17.922265
-18.574340
-19.241061
-19.700357
-19.871678
-19.856691
-20.079613
-20.191159
-20.005703
-19.561052
-18.868276
-18.425669
-17.868280
-17.078945
-16.046252
-15.041147
-14.260496
-13.610125
-13.074705
-12.339183
-11.648110
-10.791336
-10.169063
-9.071486
-7.846355
-6.656987
-5.367994
-4.402399
-3.461157
-2.501692
-1.354558
-0.646285
-0.063181
0.641516
1.786096
3.046819
4.341943
5.506277
6.424700
7.288115
8.101123
8.835452
9.491955
10.330847
11.226450
12.208394
13.087647
13.902358
14.519521
15.158653
15.899113
16.780410
17.663240
18.361296
19.308158
20.142453
20.805768
21.271706
21.141086
21.044016
20.915610
20.603452
19.841194
18.818378
17.822300
16.938448
15.967403
15.022073
14.170579
13.213328
12.315682
11.549166
10.686943
9.534870
8.356401
7.235323
6.114415
5.143029
4.032169
2.974953
2.044269
1.103708
0.043086
-1.473427
-2.933911
-4.334961
-5.346537
-6.060430
-6.738220
-7.564000
-8.177246
-8.916855
-9.841238
-10.830845
-12.015615
-12.909515
-13.744490
-14.217581
-14.784506
-15.492950
-16.181128
-16.847168
-17.542839
-18.259627
-19.041300
-19.450188
-19.744294
-19.813265
-19.868612
-20.107712
-20.155566
-19.761154
-19.212110
-18.638032
-18.169369
-17.490217
-16.625609
-15.601431
-14.677048
-14.030933
-13.233594
-12.708902
-11.951412
-11.133126
-10.348218
-9.643180
-8.384160
-7.082054
-5.834443
-4.638604
-3.725290
-2.745731
-1.654966
-0.751189
-0.264815
0.401224
1.362222
2.509185
3.815719
4.974263
6.056683
6.899152
7.758141
8.513417
9.242807
9.951421
10.775498
11.673314
12.585436
13.477462
14.051710
14.726264
15.382937
16.328096
17.235449
18.014567
18.808842
19.679580
20.517111
21.031243
21.113498
21.022218
20.947797
20.593745
20.253147
19.279037
18.392290
17.319236
16.345126
15.554258
14.585938
13.648101
12.877158
12.101276
11.386531
10.445629
9.135519
7.872922
6.754058
5.831037
4.673685
3.533193
2.537114
1.659223
0.742674
-0.565222
-2.128908
-3.664834
-4.802602
-5.725111
-6.301744
-7.174696
-7.866110
-8.635862
-9.471689
-10.459593
-11.565515
-12.558699
-13.367619
-14.009305
-14.515775
-15.200206
-15.886681
-16.530922
-17.322132
-17.954452
-18.699680
-19.435372
-19.764560
-19.940819
-20.012345
-20.209040
-20.346982
-20.241737
-19.696440
-19.125598
-18.591710
-18.043177
-17.158815
-16.264064
-15.247379
-14.465536
-13.755219
-13.254711
-12.522766
-11.579650
-10.879891
-10.158505
-9.075063
-7.668563
-6.428616
-5.108288
-4.205704
-3.167731
-2.176080
-1.112052
-0.449419
0.124829
0.962870
2.028602
3.169775
4.424368
5.512748
6.507124
7.296630
8.053780
8.803606
9.472200
10.137388
11.004380
11.924165
12.959582
13.663939
14.171771
14.974730
15.689305
16.615391
17.368283
18.195936
19.135475
20.044531
20.743949
21.102939
21.153859
20.987136
20.812920
20.427704
19.834893
18.902676
17.743792
16.944408
15.939985
15.169041
14.235973
13.292687
12.420246
11.673144
10.774136
9.581532
8.347716
7.219996
6.089721
5.123786
3.957408
2.809933
1.910244
0.925234
-0.257151
-1.618862
-3.192425
-4.544088
-5.716937
-6.701095
-7.097040
-7.652215
-8.459943
-9.204149
-9.968621
-10.955845
-12.120519
-13.009991
-14.017991
-14.481715
-14.895541
-15.638896
-16.250610
-16.890083
-17.562083
-18.292836
-18.936396
-19.441162
-19.762175
-19.707509
-19.940478
-20.160845
-20.042317
-19.769498
-19.254514
-18.650464
-18.122196
-17.446109
-16.691685
-15.647071
-14.597348
-14.057330
-13.504369
-12.920073
-12.191534
-11.184216
-10.627168
-9.802239
-8.510181
-7.229362
-5.931854
-4.773310
-3.771101
-2.752542
-1.802615
-0.711509
-0.212363
0.587361
1.528093
2.699409
3.966774
5.171810
6.219319
7.169928
7.796458
8.673838
9.350436
9.876149
10.851792
11.880057
12.968608
13.732399
14.336109
14.857905
15.535525
16.496863
17.284155
17.989704
18.868787
19.755363
20.579270
21.125759
21.241733
21.133934
20.851748
20.557983
20.114524
19.311905
18.354484
17.279727
16.363178
15.529735
14.581851
13.529914
12.825046
12.047802
11.392832
10.244506
9.012563
7.849080
6.762232
5.624805
4.524844
3.385374
2.372946
1.451969
0.415530
-0.871761
-2.366815
-3.848416
-5.060605
-5.919082
-6.722382
-7.401875
-8.073705
-8.881262
-9.592772
-10.624613
-11.789118
-12.771402
-13.597012
-14.070613
-14.556306
-15.267645
-16.098022
-16.509805
-17.236982
-18.026488
-18.688781
-19.262178
-19.558328
-19.713470
-19.782271
-20.070417
-20.169871
-19.976071
-19.502980
-18.860272
-18.375942
-17.868621
-17.081840
-16.136680
-15.024628
-14.274802
-13.803755
-13.200215
-12.410709
-11.593955
-10.860818
-10.238545
-8.942400
-7.735150
-6.509679
-5.228690
-4.248278
-3.193957
-2.248628
-1.302276
-0.586169
0.121593
0.965084
1.977682
3.326450
4.605566
5.710466
6.652900
7.492985
8.256435

