10.441371
4.074744
-2.771105
-8.168221
-13.279404
-16.105516
-17.349209
-15.247209
-11.746543
-4.531656
4.120895
10.568244
17.066683
17.871516
14.913593
12.069430
6.909200
-0.379086
-6.081547
-11.502334
-15.314477
-17.194578
-16.374588
-13.145549
-7.504395
1.874822
8.654935
15.418019
18.806798
16.225406
13.269016
9.330341
2.381120
-3.990276
-9.375811
-14.005389
-16.419888
-16.895703
-14.275312
-10.170766
-1.575606
6.289993
12.585606
18.156597
17.303569
14.225585
10.912929
4.830190
-2.016170
-7.623604
-13.158662
-16.283989
-17.869473
-16.074691
-12.524128
-5.454847
3.707068
10.238205
16.646555
17.936911
14.898096
12.109620
7.148470
-0.008685
-5.793912
-11.192049
-15.020200
-17.144850
-16.756398
-13.620513
-8.271592
0.938177
7.982254
14.714343
18.518482
16.250099
13.327939
9.465388
2.723081
-3.677436
-9.171963
-13.858421
-16.343083
-17.131397
-14.701230
-10.666166
-2.355746
5.913462
12.579135
18.308503
17.768145
14.644350
11.354685
5.294766
-1.845019
-7.249457
-12.529578
-15.707527
-17.242261
-15.685388
-12.336118
-5.800213
3.068788
9.625299
16.354322
18.142291
15.289613
12.564319
7.878031
0.666550
-5.291189
-10.837146
-14.932326
-17.059020
-16.811916
-13.719797
-8.659022
0.358479
7.421630
13.927392
18.121515
16.244990
13.453790
9.916340
3.323385
-3.113406
-8.644206
-13.767481
-16.211782
-17.195429
-14.641285
-10.734456
-2.577816
5.850792
12.063129
17.838137
17.493112
14.239720
11.315346
5.695479
-1.321690
-6.772961
-12.177740
-15.450546
-17.334734
-16.097682
-12.668882
-6.414311
2.867324
9.598562
16.345807
18.528530
15.514408
12.422970
7.747241
0.651223
-5.259003
-10.775328
-14.841897
-16.953264
-17.119816
-14.294386
-9.473903
-0.418936
7.156304
13.943400
18.540280
16.836439
14.004196
10.265623
3.570148
-3.046989
-8.426905
-13.467755
-16.046081
-17.090525
-14.816012
-11.001314
-3.518207
4.907165
11.412416
17.529385
17.661708
14.628172
11.807340
6.405796
-0.930514
-6.551572
-12.167011
-15.666144
-17.404045
-16.283819
-12.894358
-6.766660
2.264295
8.926562
15.581676
18.225908
15.466554
12.594461
8.283172
1.267195
-4.615784
-10.202782
-14.679091
-16.921759
-17.116070
-14.175688
-9.622233
-0.625849
7.060596
13.780424
18.767800
17.141785
14.043195
10.709763
4.085473
-2.723592
-7.956198
-12.980529
-15.830312
-17.081499
-15.002659
-11.453458
-3.984996
4.671471
10.893175
17.337629
17.929247
14.893668
12.180976
6.808553
-0.353881
-6.132296
-11.954648
-15.641621
-17.550503
-16.765594
-13.492618
-7.482256
1.779284
8.536407
15.156780
18.049308
15.428066
12.689148
8.563995
1.701798
-4.262754
-9.677240
-14.385496
-16.657284
-17.073836
-14.361654
-9.852988
-1.147134
6.747075
13.391972
18.413918
17.056635
14.013563
10.794742
4.606247
-2.252204
-7.510866
-12.688126
-15.668358
-17.180954
-15.489204
-11.971167
-4.827636
4.044771
10.652712
17.287391
18.301351
15.059539
11.970827
6.696667
-0.583615
-6.214210
-11.751311
-15.344790
-17.115899
-16.503504
-13.634818
-8.289473
0.946522
7.900170
14.751128
18.281426
16.054596
13.324703
9.415831
2.356597
-4.012925
-9.363719
-14.062268
-16.414268
-16.850233
-14.005218
-9.909017
-1.645769
6.323712
12.606553
18.118450
17.393827
14.431136
11.472532
5.478007
-1.451969
-7.238218
-12.679781
-15.744311
-17.302547
-15.517644
-11.848041
-4.879747
4.068783
10.311263
16.641276
17.832177
14.748233
11.898790
7.113218
0.016860
-5.648988
-11.177233
-15.215022
-17.393487
-17.036200
-13.989040
-8.921453
0.499317
7.864067
14.645202
18.357720
16.107730
13.043370
9.178434
2.450943
-3.855739
-9.112699
-13.699702
-16.186578
-17.107385
-14.619487
-10.641132
-2.506971
5.787781
12.537922
18.453257
17.998559
14.830998
11.705160
5.729880
-1.504932
-7.045099
-12.451921
-15.574183
-17.147575
-15.721491
-12.306656
-5.878380
3.085136
9.470667
16.059365
17.983232
15.253339
12.480872
7.815191
0.608138
-5.348580
-10.949373
-15.147073
-17.233406
-16.936234
-13.903209
-8.990594
-0.019584
7.155793
13.862678
18.102101
16.206162
13.293028
9.935754
3.386055
-3.209114
-8.599077
-13.608932
-16.312088
-17.297098
-14.912742
-10.943583
-2.894742
5.577973
12.097188
18.153020
17.816680
14.513050
11.500972
5.859477
-1.218149
-6.591422
-11.981385
-15.420914
-17.186744
-16.152007
-12.951238
-6.666694
2.476999
9.037086
15.863010
18.318210
15.588488
12.669223
8.076770
0.937155
-5.197355
-10.743141
-15.016794
-17.162391
-17.132759
-14.216559
-9.543896
-0.496422
7.271256
13.649804
17.996856
16.361475
13.533831
10.253702
3.948382
-2.738237
-8.273465
-13.394526
-15.870673
-17.043182
-14.826059
-11.076927
-3.446681
5.183050
11.415992
17.543180
17.840862
14.826059
11.907475
6.577628
-0.550577
-6.240266
-11.827775
-15.434708
-17.298801
-16.277007
-13.102974
-7.233620
2.147130
9.003878
15.666315
18.437420
15.697820
12.602636
8.335284
1.245226
-4.803794
-10.126318
-14.553240
-16.818898
-17.174142
-14.474562
-9.963172
-1.227174
6.620373
13.245344
18.546922
17.096315
14.058352
10.744333
4.394395
-2.632993
-7.890803
-12.976101
-15.932832
-17.060382
-15.097516
-11.608090
-4.367658
4.413979
10.699885
17.085075
18.142973
15.216044
12.456690
7.200411
0.007153
-5.831718
-11.434044
-15.278033
-17.028025
-16.033139
-12.826238
-7.278919
1.827649
8.597544
15.018327
18.241405
15.599728
12.859958
9.057181
2.162457
-4.196167
-9.615932
-14.232908
-16.869647
-17.481361
-14.625447
-10.310582
-1.687152
6.474597
13.017314
18.319913
17.244305
13.966731
10.636193
4.702296
-2.015318
-7.468462
-12.661730
-15.569755
-17.245156
-15.588658
-12.145383
-5.182879
3.954513
10.636193
17.276151
18.542153
15.500614
12.441533
7.467440
0.143051
-5.560773
-10.928086
-14.798130
-16.930274
-16.474724
-13.430459
-8.289814
0.576292
7.797991
14.623574
18.359423
16.130890
13.241427
9.524482
2.574069
-4.008838
-9.440524
-14.087132
-16.459908
-17.034156
-14.510325
-10.409185
-2.279963
5.573375
12.001310
17.766612
17.257929
14.314651
11.268684
5.523818
-1.556533
-7.039819
-12.390954
-15.699693
-17.086778
-15.420914
-12.009314
-5.346196
3.812483
10.361331
16.879695
18.520696
15.589510
12.792008
8.114406
0.844683
-4.875149
-10.374444
-14.552219
-16.740390
-16.728129
-13.849906
-8.719649
0.121764
7.247073
14.185054
18.560375
16.533988
13.505902
9.782144
3.180504
-3.335306
-8.857591
-13.829129
-16.403879
-17.338310
-15.043361
-11.040313
-2.890655
5.329166
11.806829
17.871005
17.696278
14.621530
11.627844
5.834614
-1.303809
-6.664991
-12.008633
-15.387024
-16.950880
-15.500273
-12.232235
-6.065028
3.052098
9.475265
16.040461
18.370662
15.585593
12.880564
8.482592
1.153605
-4.818610
-10.352305
-14.665467
-16.871520
-16.895873
-13.900825
-9.062631
-0.048535
7.289137
13.780424
18.270867
16.686405
13.664791
10.131427
3.785917
-2.678122
-8.078643
-13.226100
-16.032798
-17.212118
-15.106712
-11.386871
-3.553288
5.221878
11.707374
17.860787
17.921925
14.792000
11.734962
6.255763
-0.949076
-6.387745
-11.734962
-15.325546
-17.209734
-16.182491
-13.055631
-7.232768
2.007655
8.819955
15.523604
18.431459
15.842404
13.018847
8.716072
1.612902
-4.649673
-10.073015
-14.376300
-16.479152
-16.672271
-13.864381
-9.421451
-0.694990
6.814854
13.322830
18.362318
17.017126
13.979844
10.779755
4.454170
-2.409901
-7.889271
-13.092416
-15.921933
-17.136676
-14.928239
-11.446987
-4.014458
4.730395
11.121886
17.490898
18.118620
14.961106
12.110301
6.889786
-0.304665
-6.068604
-11.360645
-15.068054
-17.136506
-16.356536
-13.225930
-7.457393
1.669441
8.492640
15.328271
18.491234
15.943902
12.924160
8.951255
2.034221
-4.296132
-9.599243
-14.163426
-16.582864
-17.174142
-14.390264
-10.140283
-1.538311
6.419250
13.002668
18.415792
17.248562
14.204468
10.982752
4.770926
-2.154963
-7.508142
-12.658324
-15.681812
-16.978298
-15.081678
-11.729683
-4.817077
3.847054
10.213852
16.784157
17.943893
15.047107
12.197324
7.103852
-0.118698
-5.959613
-11.638573
-15.446629
-17.455135
-17.041990
-13.694252
-8.144379
0.976835
8.063146
14.903545
18.449681
16.153881
13.249772
9.194442
2.399853
-3.802947
-9.266990
-14.107568
-16.331162
-17.102786
-14.654739
-10.367291
-1.887594
6.191049
12.872730
18.614020
17.830815
14.663764
11.578628
5.621229
-1.335655
-6.643023
-12.112856
-15.253169
-16.890764
-15.411718
-12.063810
-5.378723
3.515823
10.100773
16.833203
18.527848
15.539271
12.659005
7.652896
0.479562
-5.403587
-10.931151
-14.896563
-16.814300
-16.473191
-13.504369
-8.547476
0.470025
7.432699
13.928413
18.290281
16.212974
13.418879
9.779249
2.984149
-3.611531
-9.187460
-14.124257
-16.697815
-17.559188
-15.096154
-11.134829
-2.977848
5.416359
11.639254
17.580986
17.193896
14.203446
11.380741
5.813156
-1.250335
-6.709950
-12.236834
-15.565668
-17.211437
-16.013043
-12.568406
-5.954163
3.310442
9.871721
16.637700
18.646036
15.563284
12.629884
8.287089
1.291888
-4.582064
-10.007450
-14.258453
-16.563960
-16.635486
-13.797794
-9.097542
-0.002554
7.461991
14.079979
18.731015
16.932998
13.916152
10.220153
3.582920
-2.959115
-8.262055
-13.274976
-15.880551
-16.935893
-14.699016
-11.129039
-3.537110
4.850456
11.182513
17.341546
17.548459
14.601605
11.747054
6.176404
-1.232454
-6.958417
-12.223891
-15.593256
-17.421416
-16.113690
-12.730701
-6.695305
2.405984
9.069783
15.597684
18.193892
15.512875
12.601784
8.435931
1.510893
-4.618849
-10.142497
-14.634984
-16.899620
-17.079626
-14.202254
-9.546450
-0.524180
7.117646
13.792345
18.704108
17.114367
14.034850
10.674511
4.456214
-2.272470
-7.561105
-12.678930
-15.652350
-17.046247
-14.970132
-11.359794
-4.080023
4.681860
11.196136
17.584392
18.060548
14.910187
11.905602
6.602321
-0.704867
-6.403412
-11.602300
-15.087979
-16.962630
-16.038929
-12.928247
-7.311617
1.758337
8.409194
15.175002
18.446445
16.123056
13.216053
9.135178
2.129248
-4.263605
-9.766987
-14.354501
-16.575881
-16.791310
-14.000620
-9.678262
-1.036780
6.716592
13.101271
18.329109
17.153876
14.223542
11.080163
4.905462
-1.999480
-7.386889
-12.671266
-15.753848
-17.272064
-15.268156
-11.656625
-4.516499
4.432542
10.694947
17.045566
18.047776
14.785188
11.857748
7.067238
-0.012943
-5.722046
-11.308874
-15.153715
-17.251287
-16.825199
-13.703789
-8.174692
1.192263
8.261544
14.949867
18.614871
16.177041
13.263907
9.328127
2.545629
-3.737041
-9.105376
-13.815846
-16.096660
-16.738858
-14.190844
-10.099752
-1.760721
6.363562
12.836116
18.539599
17.665284
14.599221
11.477641
5.466768
-1.732622
-7.039990
-12.245178
-15.363353
-16.952072
-15.282631
-11.922973
-5.223070
3.719841
10.076591
16.673803
18.280745
15.221323
12.243135
7.394893
0.113249
-5.662271
-11.264767
-15.313796
-17.303910
-17.009292
-14.059714
-8.857421
0.374658

