10.855028
6.938662
3.408364
2.204350
-1.361711
-3.534726
-4.470859
-6.343807
-8.545433
-8.612020
-8.232594
-5.707060
-0.437328
4.396609
7.512399
10.729006
9.063482
4.111869
2.977167
-0.011580
-3.164666
-4.304647
-5.689689
-8.008821
-8.501666
-7.966246
-6.686790
-2.115113
3.231423
6.300381
9.387732
10.506426
5.493675
3.244025
1.467637
-2.153771
-3.932885
-5.081551
-7.391487
-8.958748
-8.431673
-7.729871
-4.247768
1.358986
5.458934
8.143016
10.818584
7.419927
3.674541
2.777576
-0.826461
-3.479208
-4.897288
-6.651538
-8.925540
-9.129218
-8.444786
-5.827972
-0.549044
4.601308
7.382120
10.271413
9.136711
4.232100
3.146785
0.807387
-2.221891
-3.543241
-5.110162
-7.669755
-8.708068
-8.332900
-7.152898
-2.700431
3.137759
6.854194
9.807008
10.915995
5.869014
3.122091
1.466955
-2.002546
-3.737211
-4.578318
-6.657328
-8.517674
-8.378540
-7.686785
-4.514796
0.833784
5.352667
8.390801
11.297975
8.045265
3.552777
2.429315
-1.007318
-3.751516
-4.731246
-6.142344
-8.266142
-8.333581
-7.909196
-6.035907
-1.148667
3.915855
6.702457
10.019711
9.814331
5.064522
3.724609
1.187325
-2.263274
-3.955535
-5.565541
-7.903235
-8.666686
-8.024829
-6.788969
-2.569471
2.856936
6.266832
9.102821
10.746717
6.177425
3.561463
2.301761
-1.223428
-3.142357
-4.543407
-6.749800
-8.864914
-8.693763
-7.956879
-4.823378
0.887428
5.541870
7.929632
10.759320
7.880926
3.340244
2.457585
-0.594684
-2.984660
-4.114083
-5.794764
-8.121218
-8.748089
-8.407661
-6.519897
-1.393897
4.070827
7.085630
10.266304
10.154588
4.883664
3.032514
0.722579
-2.521447
-4.014969
-5.322184
-7.440192
-8.564336
-8.189678
-7.033178
-3.024169
2.490452
6.286417
9.033169
10.861158
6.743499
3.768376
2.473082
-1.099961
-3.083944
-4.437651
-6.678445
-8.616277
-8.582558
-8.068085
-5.144392
0.410421
5.184923
7.885865
10.861669
8.550201
3.768546
2.748455
-0.399011
-3.076281
-4.087687
-5.651202
-7.952452
-8.391823
-8.141994
-6.466082
-1.778262
3.608465
6.859303
10.059561
10.245698
5.102839
3.353868
0.978368
-2.601487
-4.051583
-5.200761
-7.381269
-8.559908
-8.072683
-7.165159
-3.293071
2.263444
6.025178
8.766140
11.154924
6.955521
3.700427
2.576283
-1.152243
-3.448725
-4.728351
-6.818942
-8.804628
-8.568083
-8.018017
-5.352497
0.130790
4.736015
7.405111
10.600431
8.777210
4.188163
3.194468
0.109332
-2.868857
-4.330363
-6.046295
-8.361850
-8.956024
-8.425713
-6.595169
-1.830033
3.469331
6.619692
9.543555
10.013069
5.116463
3.322193
1.635381
-1.748630
-3.234829
-4.568781
-7.027899
-8.619343
-8.465563
-7.591588
-3.760542
2.033710
6.299700
9.060587
11.326756
7.356065
3.451279
2.444642
-0.929322
-3.091267
-4.021611
-5.925383
-8.202280
-8.516482
-8.191551
-5.880424
-0.587872
4.406657
7.346358
10.695628
9.239912
4.090071
2.753224
-0.311988
-3.354039
-4.390478
-5.487714
-7.848229
-8.557183
-8.075578
-6.896768
-2.592802
2.796309
6.120546
9.151016
10.631936
5.936623
3.713880
2.018213
-1.774345
-3.749643
-5.066565
-7.115262
-8.521591
-8.042370
-7.048505
-3.635032
1.753739
5.835806
8.336306
11.058024
7.817745
4.007816
3.001860
-0.266688
-2.884354
-4.259689
-6.232432
-8.596863
-8.744853
-8.181844
-5.936623
-0.686646
4.440205
7.081713
10.008131
9.101970
3.981420
2.856425
0.520263
-2.419778
-3.691741
-5.093302
-7.635185
-8.953469
-8.510351
-7.159710
-2.645084
3.084966
6.776878
9.599754
10.924850
6.029095
3.185783
1.617500
-1.671485
-3.421477
-4.514285
-6.417206
-8.175543
-8.161238
-7.620028
-4.421643
1.205376
5.869525
8.639097
11.536053
8.565187
4.137925
2.938679
-0.691073
-3.460646
-4.686628
-6.459100
-8.590732
-8.708920
-8.128030
-6.245545
-1.377719
3.804990
6.629569
9.627342
9.290150
4.454170
3.192765
0.848259
-2.305167
-3.650529
-5.137239
-7.697003
-8.777210
-8.359977
-7.293224
-3.012248
2.608299
6.406478
9.259156
10.998590
6.376335
3.400019
2.004249
-1.428127
-3.216607
-4.257304
-6.302255
-8.182015
-8.021423
-7.523979
-4.544428
1.111882
5.739246
8.367130
11.342594
8.709771
4.179648
3.058059
-0.436306
-3.224441
-4.371916
-6.120716
-8.370025
-8.714710
-8.377348
-6.529944
-1.578501
3.451960
6.504399
9.892157
10.042020
4.913977
3.091608
0.904969
-2.506631
-4.329852
-5.664485
-7.855041
-9.128707
-8.609806
-7.145064
-3.161941
2.051592
5.618334
8.201429
10.463510
6.600959
3.662620
2.526045
-0.931365
-2.699239
-4.006284
-6.247929
-8.333070
-8.228677
-7.745198
-4.937478
0.763621
5.575078
8.191892
11.099918
8.852312
4.020078
3.109149
0.239611
-2.439533
-3.449065
-5.016157
-7.694960
-8.547136
-8.272103
-6.637233
-1.800912
3.692933
7.134506
10.198525
10.426044
4.914999
2.898148
0.856434
-2.643381
-3.950426
-4.949229
-7.320813
-8.557354
-8.275849
-7.675375
-4.156147
1.581737
5.559581
8.547647
11.334590
7.563319
3.872429
2.738408
-1.004253
-3.520080
-4.505600
-6.364754
-8.307184
-8.046457
-7.440533
-4.998786
0.033208
4.765306
7.413796
10.668550
9.278740
4.667895
3.665686
0.823396
-2.547162
-4.026720
-5.522285
-8.039985
-8.769717
-8.191551
-6.586484
-2.041544
3.508670
6.425210
9.077617
9.991612
5.031824
2.942766
1.556533
-1.699584
-3.498963
-4.864420
-7.258313
-8.962665
-8.704492
-7.751158
-4.030807
1.917226
6.262405
8.781297
11.179788
7.446834
3.396954
2.407517
-0.715426
-2.828326
-3.920623
-5.664825
-8.049011
-8.458410
-8.066041
-5.773817
-0.482287
4.782677
7.818256
10.999611
10.003192
4.765987
3.347397
0.530992
-2.692938
-4.003048
-5.291530
-7.559231
-8.338349
-8.123432
-6.896598
-2.592632
2.877372
6.245034
9.243488
10.861499
6.104878
3.562144
1.861368
-1.684598
-3.479208
-4.688842
-7.010869
-8.520058
-8.144038
-7.643359
-4.367317
1.184429
5.428280
8.126327
10.854346
7.804973
3.749302
2.859831
-0.391688
-2.958434
-3.930160
-5.733115
-8.129052
-8.397954
-7.848740
-5.755084
-0.667913
4.472392
7.398469
10.531970
9.942566
4.717452
3.453323
1.000677
-2.238750
-3.697532
-5.221197
-7.605723
-8.577449
-8.410726
-7.210800
-2.781323
2.577475
6.154094
9.412595
11.060408
6.498780
3.620386
1.970700
-1.790524
-3.703322
-4.688331
-6.835631
-8.552756
-8.177757
-7.737875
-4.811117
0.573226
5.114589
7.909707
10.915313
8.343969
4.205193
3.477335
0.082425
-2.719164
-3.903593
-5.702632
-8.013589
-8.231231
-7.700409
-5.821501
-0.914335
4.287788
7.018021
10.157824
10.154077
4.896947
3.552267
1.439367
-1.855407
-3.355571
-4.890646
-7.420949
-8.693763
-8.456366
-7.436105
-3.243174
2.272129
6.115947
8.837666
10.790144
6.383487
3.238746
2.035073
-1.554489
-3.606422
-4.632814
-6.732941
-8.810077
-8.695977
-8.216075
-5.370208
0.144243
4.860163
7.716247
10.884319
8.795432
4.092966
3.305503
0.335659
-2.557039
-3.710815
-5.174535
-7.581370
-8.089202
-7.701261
-6.027562
-1.161950
4.452126
7.606064
10.710784
11.259488
6.075076
4.061120
1.917567
-1.666716
-3.220354
-4.523482
-6.910733
-8.280107
-7.929291
-7.282325
-3.670965
1.799720
5.570139
8.093459
10.424001
6.340402
2.835478
1.782179
-1.772472
-4.033361
-5.132811
-7.064172
-9.365763
-9.163107
-8.571148
-5.895581
-0.249658
4.768372
7.480894
10.660546
8.977481
4.168238
3.165007
0.659227
-2.127545
-3.270762
-4.656655
-7.124458
-7.704837
-7.316044
-5.868503
-1.112904
4.433053
7.792371
10.750975
11.594806
6.465060
4.037789
2.104725
-1.650708
-3.451790
-4.774502
-7.108280
-8.705344
-8.419071
-7.773127
-4.549708
0.970023
4.999297
7.729190
10.349751
6.774494
3.111703
2.107109
-1.413482
-3.830535
-4.892349
-6.713867
-8.862019
-8.787939
-8.302076
-5.841936
-0.388622
4.678965
7.538795
10.776009
9.830850
5.006960
3.789323
1.225812
-1.636914
-3.116982
-4.772118
-6.870202
-7.847037
-7.544586
-5.806514
-1.153946
4.219157
7.729871
10.356222
10.990075
6.081888
3.583431
1.842294
-1.692261
-3.160409
-4.435607
-7.053273
-8.952618
-8.912938
-8.510181
-5.261898
0.315734
4.862888
7.766315
10.482584
7.090228
2.837351
1.714740
-1.862901
-4.243170
-5.103861
-6.602662
-8.708068
-8.754901
-8.426053
-6.220852
-1.100983
3.999131
7.121222
10.744333
10.243314
5.353859
3.943443
1.251868
-2.048356
-3.339563
-4.478182
-6.662607
-7.393190
-6.802423
-5.799702
-1.813684
3.731080
7.020746
9.768690
11.497225
7.058723
4.445996
2.939360
-0.779629
-2.962181
-4.559926
-6.988559
-8.885860
-8.640630
-7.950068
-4.813160
0.711850
4.930156
7.530110
10.190521
7.225105
2.933230
2.223594
-0.985009
-3.426416
-4.375832
-6.362881
-8.838858
-9.111677
-8.655957
-6.618159
-1.263278
4.246065
7.323538
10.467087
10.270732
5.008153
3.486872
1.253060
-2.005611
-3.257649
-4.399504
-6.779092
-8.068255
-7.756097
-6.815025
-2.880437
2.825430
6.657839
9.673664
11.700903
7.184063
3.930501
2.620731
-1.107965
-3.284557
-4.424197
-6.341764
-8.417368
-8.351803
-8.017336
-5.442074
-0.083447
4.538127
7.031645
10.229519
8.186272
3.537791
2.590929
-0.312669
-3.145933
-4.426071
-5.964381
-8.266824
-8.489915
-7.840906
-6.022453
-1.105070
4.422154
7.429974
10.248252
10.567393
5.544765
3.888777
2.077988
-1.343148
-2.822365
-4.053627
-6.585291
-8.117301
-7.668563
-6.804126
-2.893891
2.809422
6.729705
9.456703
11.539119
7.183552
3.475973
2.322367
-1.261575
-3.554821
-4.582916
-6.549358
-8.788279
-9.012563
-8.630582
-6.225620
-0.790528
4.154444
7.011550
10.244846
8.553777
3.661598
2.468654
-0.440393
-3.361872
-4.416874
-5.638259
-7.902554
-8.309909
-7.778406
-6.427765
-1.866647
3.612382
6.954840
10.165317
11.263915
6.449393
4.315717
2.413137
-1.243693
-3.003223
-4.185438
-6.551572
-7.944618
-7.447856
-6.722723
-3.260033
2.295119
6.119524
8.576087
11.033501
7.362195
3.779956
2.886397
-0.652926
-3.090927
-4.539830
-6.631613
-8.857761
-8.894546
-8.433887
-5.906650
-0.385387
4.635198
7.117987
10.154247
9.010860
4.038130
2.935955
0.258173
-2.547843
-3.871577
-5.429813
-7.819448
-8.656468
-8.221354
-6.564174
-2.038138
3.579514
7.244689
10.355711
11.313643
6.475960
4.075595
2.371073
-1.170295
-2.670118
-3.736019
-6.072351
-7.790497
-7.737875
-7.233790
-4.030466
1.615116
5.833251
8.502177
11.196136
7.852827
3.625154
2.597911
-0.916379
-3.326791
-4.469497
-6.245545
-8.430140
-8.429629
-8.077281
-5.952971
-0.735181
4.316568
7.075242
10.255575
9.568419
4.504408
3.369536
0.707933
-2.476318
-3.664153
-5.047662
-7.402897
-8.292198
-7.788624

