-3.213372
-4.588876
-7.232938
-7.630416
-6.825243
-5.142008
-0.269754
5.109480
8.015973
11.176211
11.387893
6.006275
4.287618
2.258675
-1.340594
-2.953666
-4.370553
-7.015807
-8.433035
-8.181504
-7.500819
-3.845181
1.938513
5.766153
8.393185
10.695798
6.379230
2.897126
1.735517
-1.909563
-4.155125
-5.321843
-7.166011
-9.254898
-9.277208
-8.437293
-5.647796
-0.189372
4.795619
7.689851
10.791506
9.049007
4.340751
3.464903
0.843661
-1.906838
-2.942766
-4.354886
-6.908689
-7.601295
-7.331031
-5.850281
-1.092979
4.630429
7.780961
10.709081
11.323180
6.004572
3.772463
1.738071
-1.767874
-3.492151
-4.603522
-6.985494
-8.704151
-8.411748
-7.749285
-4.480396
1.003742
5.209276
7.990769
10.393858
6.483112
2.775363
1.628910
-1.950945
-4.255431
-5.081211
-6.717614
-8.708579
-8.448022
-7.686104
-5.317245
0.015157
5.039147
7.759844
11.175360
10.177408
5.273478
4.224096
1.522643
-1.547337
-2.970014
-4.403932
-6.811278
-7.402216
-6.936618
-5.532673
-1.098599
4.245894
7.387570
10.327101
11.221000
6.346703
3.999472
2.088717
-1.483985
-3.296137
-4.615784
-7.068941
-8.780786
-8.591584
-7.935081
-4.628386
0.958272
5.076613
7.669074
10.191713
6.648472
2.803292
2.043588
-1.171657
-3.530128
-4.536084
-6.403753
-8.556332
-8.633988
-8.068766
-5.620037
-0.138623
4.976988
7.877350
11.187281
10.383299
5.396775
4.170282
1.647472
-1.326799
-2.614260
-4.267352
-6.690196
-7.558550
-7.333415
-6.137405
-1.735347
3.679991
6.958246
9.816544
11.152029
6.172487
3.661598
1.843146
-1.955543
-3.623452
-4.711321
-7.117987
-8.846351
-8.543389
-8.091927
-4.925047
0.722579
5.114930
7.706710
10.545254
7.536752
3.350633
2.639975
-0.656673
-3.180163
-4.141501
-6.012235
-8.259501
-8.348908
-7.975442
-5.755424
-0.463384
4.923344
7.900511
11.229345
10.680301
5.411250
4.126174
1.895768
-1.403093
-2.561808
-3.904445
-6.505081
-7.764271
-7.273810
-6.436110
-2.539328
3.054483
6.716081
9.494168
11.199542
6.544420
3.510884
1.976320
-1.883166
-3.929819
-4.928282
-7.052762
-9.042365
-8.827618
-8.341585
-5.484309
0.164849
4.543236
7.322856
10.546276
8.270230
3.738233
3.062487
-0.197036
-3.010375
-4.120554
-5.733286
-7.913113
-8.034025
-7.491282
-5.719151
-0.815732
4.736185
7.745198
10.753019
11.020388
5.944797
4.405805
2.363750
-0.998974
-2.542394
-3.967796
-6.577798
-7.985319
-7.653066
-6.721190
-2.843652
2.709797
6.485667
8.956705
10.884319
6.461654
2.938679
1.871756
-1.487562
-3.596204
-4.685606
-6.566218
-8.845159
-9.277037
-8.632285
-5.613395
-0.194481
4.630429
7.865940
11.136191
9.092263
4.178115
2.734150
-0.352008
-3.288303
-4.308053
-5.410228
-7.448026
-7.827793
-7.369689
-5.959954
-1.451288
3.892864
7.227659
10.440009
11.330843
6.513255
4.246746
2.196346
-1.581907
-3.649167
-4.793916
-6.891148
-8.379732
-7.855381
-6.953137
-3.558908
1.751014
5.646093
8.422477
10.977983
7.387229
3.719500
2.639975
-0.855412
-3.410237
-4.650865
-6.573371
-8.794240
-8.825915
-8.215904
-5.678449
-0.383173
4.675899
7.222039
10.160208
9.023632
4.256283
3.118685
0.578335
-2.144064
-3.399679
-5.024161
-7.451773
-8.419241
-7.908515
-6.321669
-1.882826
3.741469
7.374287
10.191883
11.152029
6.330354
4.017183
2.200603
-1.141344
-2.780301
-4.067591
-6.331205
-8.137396
-8.059399
-7.453987
-4.197870
1.338720
5.614758
8.291517
11.079822
7.986852
3.734486
2.634525
-0.681537
-3.074067
-4.438502
-6.276028
-8.506434
-8.937631
-8.545944
-6.236860
-1.225131
3.943273
7.215909
10.252510
9.646075
4.877193
3.216948
0.650031
-2.244200
-3.451620
-4.948207
-7.139444
-8.309228
-7.958753
-6.580693
-2.361706
3.144230
7.090228
10.121209
11.621543
6.889445
3.958941
2.455882
-1.175063
-3.106083
-4.256453
-6.254401
-8.114236
-7.932016
-7.285220
-4.317590
1.016855
5.603688
8.141824
10.878529
8.368662
3.960303
2.949919
-0.223773
-2.793244
-4.232270
-6.048679
-8.443253
-8.756604
-8.148636
-6.255082
-1.265492
4.006624
7.073368
10.078124
10.072674
4.880088
3.253562
0.998463
-2.231257
-3.671646
-4.812138
-7.178102
-8.627006
-8.238554
-7.068259
-3.077132
2.560956
6.631102
9.453637
11.437110
7.045610
3.823383
2.668244
-0.889642
-2.880948
-3.986529
-5.974770
-8.250645
-8.300032
-7.920776
-5.187137
0.241314
5.257130
7.954836
10.982071
9.253025
4.530634
3.265824
0.072888
-2.784899
-4.076277
-5.425044
-7.662433
-8.315189
-7.800545
-6.353855
-1.810619
3.579685
6.823369
9.668895
10.024309
5.150352
3.249986
1.538481
-1.724277
-3.428970
-4.801750
-6.999799
-8.543900
-8.202621
-7.061618
-3.308058
2.518211
6.683554
9.202787
11.518342
7.639102
3.901039
2.846377
-0.559092
-2.562489
-3.755093
-5.538634
-7.866791
-8.223908
-7.879564
-5.510364
-0.206573
5.111524
8.018187
11.029414
9.675026
4.538298
3.164155
0.322035
-2.622604
-3.863232
-5.243676
-7.642337
-8.421455
-8.025340
-6.725788
-2.527067
2.990450
6.400517
9.361165
10.581527
5.742993
3.448725
1.726832
-1.678126
-3.459624
-4.816055
-6.861346
-8.435249
-8.211817
-7.234471
-3.607784
1.936470
6.004572
8.514098
11.202097
7.934230
4.174028
3.154959
-0.052452
-2.331563
-3.401382
-5.447865
-7.814850
-8.004393
-7.636036
-5.486522
-0.235523
5.176238
7.863896
10.859455
9.916510
4.702636
3.297329
0.503744
-2.592121
-3.803968
-5.214385
-7.564340
-8.577619
-8.254222
-7.145064
-2.909047
2.556358
6.311962
9.445804
10.915824
6.219830
3.423520
1.824924
-1.718657
-3.568445
-4.679305
-6.622928
-8.448022
-8.294582
-7.666009
-4.553284
0.897305
5.399840
8.004393
11.018515
8.381435
4.170282
3.260544
0.114611
-2.394404
-3.567253
-5.430324
-7.777384
-7.992813
-7.502011
-5.523648
-0.558070
4.639455
7.465056
10.330166
10.091237
4.980394
3.558397
1.249995
-2.103874
-3.608125
-5.042042
-7.436786
-8.703811
-8.436782
-7.231236
-2.999817
2.691235
6.523132
9.252855
10.999782
6.487370
3.315210
2.111537
-1.389469
-3.284897
-4.267182
-6.412608
-8.371217
-8.228336
-7.790327
-5.028588
0.640665
5.565371
8.387055
11.373247
9.176731
4.337856
3.350803
0.240122
-2.442428
-3.301586
-4.864931
-7.479531
-8.063316
-7.773638
-6.253379
-1.641001
3.676585
6.943601
10.299001
10.656118
5.341428
3.491810
1.351322
-2.422673
-4.060950
-5.136217
-7.427079
-8.620705
-8.197001
-7.366964
-3.781489
1.767533
5.473580
8.039985
10.486501
6.718465
3.279618
2.396107
-1.027073
-3.337009
-4.521608
-6.464549
-8.596012
-8.346864
-7.667882
-5.029099
0.433411
5.424193
8.046627
11.061430
9.580510
4.706894
3.598077
0.673022
-2.115113
-3.364086
-4.805326
-7.394552
-8.231401
-7.688148
-6.239414
-1.747097
3.875494
7.010017
9.895563
10.949544
5.792550
3.530809
1.975809
-1.497780
-3.421477
-4.682711
-7.072347
-8.791004
-8.681331
-7.926396
-4.341091
1.418250
5.674192
8.134161
10.687794
7.139955
3.293582
2.302272
-0.894070
-3.049885
-4.206555
-5.924872
-8.157151
-8.431503
-7.797991
-5.349091
-0.167915
5.020584
8.098568
11.023964
9.810584
4.854373
3.443786
0.918082
-2.111878
-3.254754
-4.566397
-6.954329
-8.051225
-7.661581
-6.458248
-2.202647
3.371239
6.950072
9.896074
11.234965
6.302425
3.398316
1.663310
-1.979726
-3.815549
-4.954849
-6.962674
-8.596693
-8.269378
-7.776363
-4.697868
0.763961
5.241803
8.008991
10.879891
8.043732
3.946849
2.926247
-0.583785
-3.139291
-4.277911
-6.028925
-8.220162
-8.295945
-7.608788
-5.485671
-0.553472
4.733971
7.552249
10.575226
10.155780
5.124807
3.911086
1.646110
-1.496247
-2.981935
-4.489422
-6.997245
-8.238554
-7.794414
-6.620373
-2.397469
3.190211
6.749630
9.457384
11.120694
6.441559
3.385203
1.925060
-1.606771
-3.443275
-4.673345
-6.862368
-8.800030
-8.669921
-8.082730
-5.264453
0.336681
5.070482
7.687466
10.706016
8.300713
3.925221
2.971206
-0.172172
-2.817086
-4.126685
-5.809239
-8.051736
-8.428948
-7.824557
-5.856923
-0.798873
4.598583
7.736683
10.834932
10.996887
5.854028
4.233973
2.211162
-1.099961
-2.639294
-4.057884
-6.455864
-7.951771
-7.673161
-6.724937
-2.685104
2.900362
6.744691
9.418215
11.147772
6.678786
3.315892
2.133506
-1.484667
-3.372601
-4.414661
-6.737028
-8.980206
-8.924007
-8.479527
-5.815881
-0.265666
4.645075
7.430656
10.333913
8.173329
3.182037
2.185787
-0.834976
-3.758328
-4.588876
-5.773646
-8.148466
-8.769206
-8.256946
-6.779432
-2.218315
3.437485
6.949561
10.452952
11.318071
6.225279
4.045793
2.043077
-1.704863
-3.487723
-4.462004
-6.672144
-7.834094
-7.143361
-6.433214
-3.057207
2.545289
6.409883
8.897952
11.582034
7.826090
4.359995
3.308739
-0.299897
-2.772638
-4.139457
-6.131956
-8.408683
-8.383478
-7.656131
-5.071844
0.176259
4.913296
7.489749
10.278736
8.639949
3.759691
2.813169
0.175067
-2.833435
-4.122087
-5.728177
-8.281129
-9.084940
-8.409875
-6.788628
-2.004419
3.825256
7.101808
9.926558
10.880572
5.709273
3.363746
1.781157
-1.580885
-3.171648
-4.434415
-6.636041
-8.387055
-8.179290
-7.388592
-4.179478
1.483474
5.824396
8.680139
11.251995
7.676227
3.776039
2.592632
-0.944648
-3.238235
-4.303626
-6.047998
-8.274146
-8.331537
-7.846015
-5.759682
-0.700951
4.378387
7.014615
10.300534
9.518521
4.572187
3.438677
0.922510
-2.127205
-3.599439
-5.091599
-7.440874
-8.225441
-7.719994
-6.258658
-1.687322
3.883157
7.330520
10.196822
11.359794
6.646599
4.149675
2.604382
-0.697374
-2.452646
-3.826107
-6.137065
-8.013589
-7.842098
-7.101468
-3.982101
1.587187
6.023305
8.513246
10.980708
7.699558
3.471715
2.380439
-0.939199
-3.270762
-4.339388
-6.164483
-8.521591
-8.906637
-8.404255
-6.326096
-1.125506
4.159723
6.962844
10.254553
9.675196
4.363401
3.006458
0.588894
-2.536944
-3.714902
-5.100625
-7.469995
-8.308547
-7.790838
-6.615094
-2.325603
3.509862
7.232428
10.183879
11.765105
7.091420
4.338707
2.708265
-1.142195
-2.986193
-4.146269
-6.479195
-8.420433
-8.129903
-7.707051
-4.812649
0.651223
5.128043
7.723910
10.692733
7.669074
3.213031
2.485343
-0.864949
-3.597055
-4.633324
-6.316219
-8.692571
-8.761712
-8.188656
-6.053618
-0.946862
4.365104
7.322345
10.580165
10.461978
5.340576
3.926754
1.744373
-1.395260
-2.814361
-4.147632
-6.420953
-7.484129
-7.108620
-5.928448
-1.778773
3.688335
7.385867
10.257448
11.950731
7.328987
4.202298
2.721207
-1.123122
-3.328153
-4.638944
-6.824902
-9.004729
-9.016480
-8.459943
-5.801746
-0.352008
4.394225
7.050378
10.053601

