5.056517
5.199228
2.315896
-1.812322
-4.118851
-8.217437
-10.904414
-9.446996
-7.048164
-2.844674
1.489605
3.847565
3.551585
6.048679
7.100616
6.285565
6.576095
4.973071
0.962189
-2.261230
-5.696842
-9.982586
-9.462323
-7.378033
-3.858294
0.459807
3.612552
3.563166
4.728692
6.579331
5.670786
5.830697
5.114930
1.514809
-2.414158
-5.115611
-10.081019
-11.582204
-9.871381
-6.786244
-2.327476
1.708269
3.019401
3.179652
5.826099
5.717618
5.373955
5.543402
3.175225
-0.786100
-3.519569
-7.474082
-10.453803
-9.270225
-6.939173
-2.807719
1.502889
4.109485
4.047155
6.443773
7.769891
6.794930
7.134846
5.608627
1.505954
-1.775878
-4.976136
-9.437799
-9.421110
-7.409709
-4.203490
-0.178473
3.081220
3.271784
4.126174
6.228856
5.413294
5.436625
4.784720
1.356261
-2.577135
-5.284378
-9.938308
-11.518002
-9.856905
-7.050548
-2.557039
1.616819
2.886908
2.966779
5.725622
5.776031
5.211830
5.492483
3.360340
-0.604732
-3.172670
-6.963185
-10.318075
-9.093114
-6.778411
-2.805505
1.405818
4.194975
4.065548
6.018877
7.406303
6.650857
6.849766
5.363907
1.455205
-2.054657
-5.162784
-9.727648
-9.880236
-7.875136
-4.582405
-0.418084
2.934252
3.008161
3.846884
6.296294
5.336830
5.275863
4.894904
1.679659
-2.477680
-5.227668
-9.703125
-11.669227
-10.142497
-7.441555
-3.030300
1.158714
2.751350
2.700431
5.579335
5.977665
5.529267
5.961997
4.017183
0.095367
-2.642018
-6.402901
-9.976625
-9.001834
-6.834950
-2.887419
1.658201
4.606077
4.445314
5.930832
7.309062
6.281478
6.510019
5.265645
1.431874
-2.033200
-5.098581
-9.685925
-10.229179
-8.489745
-5.398989
-1.084805
2.574410
2.997603
3.644398
6.278242
5.490610
5.178962
4.853010
1.833098
-2.379247
-5.253553
-9.588344
-11.780092
-10.185412
-7.658516
-3.196001
0.978027
2.854892
2.776725
5.612203
6.394557
5.957910
6.375483
4.603863
0.507491
-2.243008
-5.846534
-9.737696
-8.924689
-6.736006
-2.963713
1.339912
4.438843
4.293919
5.685091
7.358279
6.365265
6.563493
5.585807
1.810278
-1.852512
-4.835810
-9.746892
-10.621718
-9.144204
-6.141492
-1.714911
2.098935
2.736194
3.167050
5.652905
5.141497
4.761730
4.724945
1.951115
-2.066067
-4.685095
-8.966242
-11.679615
-10.167020
-7.650512
-3.448384
0.972237
3.320660
3.198896
5.732434
6.799868
6.168059
6.556341
4.813841
0.819308
-2.247947
-5.589383
-9.720666
-9.191036
-7.033178
-3.416368
0.882489
4.011903
3.954853
5.215747
7.163116
6.228004
6.351812
5.555834
1.959460
-1.985175
-4.811628
-9.551559
-10.939155
-9.412936
-6.577287
-2.411093
1.059260
2.434765
2.640486
5.224773
5.433730
5.006960
4.898650
2.473933
-1.423870
-4.292897
-8.487701
-11.184897
-9.710278
-7.354532
-3.041029
1.280648
3.928968
3.713369
5.913462
7.019043
6.147793
6.560598
5.226135
1.251868
-1.898493
-4.983459
-9.397098
-9.362187
-7.368667
-3.928968
0.202826
3.463200
3.674711
4.712003
7.014615
6.254571
6.273474
5.573715
2.016340
-2.175570
-5.021776
-9.757621
-11.508124
-9.870529
-7.277387
-3.065722
0.891685
2.281325
2.128567
4.805326
5.175386
4.858119
5.053963
3.000838
-1.027925
-3.713369
-7.445301
-10.837998
-9.684733
-7.273640
-3.230231
0.918593
3.649337
3.759691
5.717448
7.223572
6.517002
6.906135
5.660568
1.908711
-1.472064
-4.579340
-9.056159
-9.449209
-7.698536
-4.282168
0.037636
3.483806
3.765651
4.383666
6.562131
5.839552
5.732264
5.357776
2.304316
-1.840591
-4.661083
-9.231227
-11.657136
-10.292019
-7.603509
-3.425734
0.472580
2.466951
2.386740
4.913807
5.480562
5.191394
5.323035
3.425734
-0.514644
-3.501347
-7.110664
-10.664293
-9.909528
-7.647617
-3.496068
0.762769
3.797497
3.955194
5.789144
7.581881
6.772961
6.904261
5.889961
2.217122
-1.522473
-4.469156
-8.983101
-9.821653
-8.135693
-5.084957
-0.947544
2.725124
3.366981
3.610679
6.101642
5.763599
5.314861
5.058220
2.276557
-1.791375
-4.502365
-8.943592
-11.547804
-10.158505
-7.699047
-3.569978
0.633342
2.739089
2.619198
4.900864
5.708592
5.160059
5.614928
3.958430
0.000851
-2.927440
-6.250313
-10.174853
-9.658166
-7.428101
-3.576449
0.816584
4.043409
4.211834
5.507639
7.490771
6.757464
6.883144
6.094490
2.426931
-1.505443
-4.517521
-9.195975
-10.395050
-8.647953
-5.820479
-1.615116
2.239943
3.380605
3.287111
5.577292
5.496400
5.111865
5.093472
2.576964
-1.537289
-4.330533
-8.674690
-11.737006
-10.468790
-7.917540
-3.738403
0.176770
2.799886
2.592461
4.898991
6.088018
5.270413
5.674362
4.379409
0.595025
-2.568960
-5.603858
-9.819780
-9.686436
-7.641656
-3.909213
0.600815
4.058055
4.373108
5.428961
7.343973
6.566899
6.492819
5.991459
2.633504
-1.336677
-4.075936
-8.794240
-10.573353
-8.853504
-6.164653
-2.053635
1.861368
3.239768
3.215245
5.757298
5.901371
5.309411
5.225624
2.782345
-1.310962
-4.342624
-8.312975
-11.655263
-10.539464
-8.185591
-4.026038
0.263623
2.863577
2.746241
4.856076
6.323883
5.573545
6.014279
4.938330
1.171657
-2.192429
-5.106585
-9.499618
-9.691886
-7.911410
-4.652057
-0.149352
3.378051
3.943273
4.662786
7.102489
6.388596
6.311791
5.784035
2.668244
-1.330887
-4.152911
-8.775336
-10.834592
-9.176561
-6.745883
-2.474104
1.588379
3.173181
2.977337
5.387919
5.623613
4.903930
5.108799
3.138951
-1.058919
-3.998790
-7.757970
-11.402539
-10.588510
-8.270911
-4.186119
0.069823
2.955709
2.902576
4.779782
6.553275
5.819798
6.259850
5.314691
1.687833
-1.871245
-4.772118
-9.227651
-9.891987
-8.022785
-4.811457
-0.404801
3.355401
4.054478
4.404613
6.924357
6.413971
6.181342
5.899497
3.001349
-0.997952
-3.710815
-8.076940
-10.700907
-9.353161
-6.954329
-3.008161
1.028095
2.966608
2.714906
5.173172
5.777393
4.992826
5.261387
3.488915
-0.595706
-3.704514
-7.151536
-11.076587
-10.471003
-8.400168
-4.447358
0.016519
3.251689
3.216948
4.659380
6.658009
5.791187
5.996398
5.234991
1.880952
-1.742329
-4.590069
-9.113550
-10.009323
-8.162941
-5.065203
-0.793253
3.150531
4.122087
4.218306
6.771599
6.573711
6.208760
6.166867
3.325428
-0.967809
-3.862040
-8.158684
-11.140619
-9.954827
-7.616282
-3.449065
0.626530
2.910580
2.629246
4.884005
5.870887
4.945142
5.331721
3.890310
-0.108991
-3.230061
-6.451947
-10.769197
-10.497400
-8.593968
-5.020755
-0.629766
2.927780
3.123283
4.402569
6.716762
5.909545
6.045444
5.547149
2.163308
-1.419101
-3.839050
-8.497749
-9.951591
-8.106572
-5.369186
-1.183067
2.691405
3.975800
3.929649
6.263426
6.390299
5.966595
5.965063
3.332751
-1.018047
-3.880092
-7.915156
-11.233262
-10.085787
-7.756097
-3.773144
0.479562
2.895083
2.514975
4.778079
6.173679
5.207402
5.791868
4.549878
0.591619
-3.016676
-6.278924
-10.748420
-10.838849
-8.803265
-5.219834
-0.668764
2.856425
3.384863
4.333428
6.649664
6.033693
6.187132
5.879743
2.866302
-0.992843
-3.482785
-8.109467
-10.250466
-8.747918
-6.081547
-1.839059
2.061129
3.842967
3.726142
6.195477
6.338699
5.575759
5.566904
3.432035
-0.794615
-3.652062
-7.335288
-10.836124
-10.013069
-7.916689
-3.997258
0.221048
3.040518
2.765656
4.618849
6.225961
5.221878
5.416019
4.444633
0.693117
-2.706562
-5.733286
-10.139602
-10.463340
-8.441721
-5.151715
-0.790017
2.940893
3.642525
4.379749
7.046802
6.632975
6.435599
6.146090
3.106935
-1.143728
-3.946679
-8.346353
-10.696479
-9.160553
-6.529774
-2.288137
1.670633
3.441402
3.154448
5.596365
6.102664
5.335297
5.577121
3.739425
-0.483819
-3.464392
-7.020065
-10.946648
-10.297639
-8.264610
-4.536595
-0.186648
2.878734
2.692427
4.311630
6.252868
5.428961
5.642005
4.757472
1.258509
-2.343314
-5.105734
-9.689672
-10.491610
-8.591073
-5.250999
-0.868355
2.966097
3.898825
4.214048
6.755080
6.289142
5.922828
5.873782
3.191914
-1.013449
-3.791537
-8.125305
-10.922125
-9.728840
-7.151536
-3.036090
1.075097
3.227847
2.942426
5.318778
6.125654
5.305324
5.492994
3.740788
-0.423704
-3.565550
-7.099254
-11.218275
-10.849578
-8.845500
-4.958085
-0.600645
2.707584
2.923523
4.357951
6.508827
5.932025
6.190538
5.494356
2.117327
-1.481771
-4.231078
-8.760520
-9.877682
-8.222886
-5.177259
-0.854390
3.135545
4.360506
4.651887
7.263081
6.998437
6.458589
6.503037
3.889629
-0.438179
-3.189019
-7.373265
-10.538101
-9.373597
-7.141488
-3.132820
0.983477
3.346375
2.861023
5.079848
6.216764
5.147457
5.439690
3.864425
-0.235523
-3.462689
-6.808043
-11.204822
-10.984114
-8.999620
-5.544424
-1.038824
2.411263
2.741473
3.882647
6.068945
5.456039
5.711487
5.159378
1.777581
-1.918929
-4.301582
-8.887223
-10.378361
-8.627347
-5.727155
-1.498972
2.491304
3.922497
3.986529
6.819282
6.862198
6.312983
6.312983
3.873110
-0.517879
-3.436804
-7.385186
-10.612522
-9.568078
-7.349934
-3.324577
0.963381
3.553288
3.164155
5.235161
6.538289
5.607946
5.822863
4.603692
0.642027
-2.739259
-5.811623
-10.489566
-10.659524
-8.664131
-5.035741
-0.667231
2.844674
3.327642
4.136051
6.424700
5.782332
5.741119
5.348921
2.264295
-1.542057
-4.126515
-8.631604
-10.596343
-9.010860
-6.312643
-1.974106
2.032518
3.585815
3.536599
6.245715
6.456375
5.714382
5.895070
3.642184
-0.682899
-3.733124
-7.544415
-11.058875
-10.137047
-7.989236
-4.084451
0.024182
2.794947
2.611876
4.578488
6.094149
5.311966
5.567244
4.320826
0.577995
-2.923352
-5.859137
-10.367291
-10.787589
-8.873258
-5.427258
-1.146282
2.524682
3.169945
3.974949
6.710972
6.164483
5.995546
5.743163
2.833435
-1.340934
-3.952980
-8.365938
-10.571650
-9.026698
-6.337166
-1.904794
2.326625
4.045963
3.777572
6.268535
6.628036
5.957910
6.106070
4.134008
0.035592
-2.874477
-6.589549
-10.449205
-9.628364
-7.609810
-3.796305
0.557899
3.648996
3.472396
5.105053
6.910903
5.906139
5.961997
4.882302
1.079355
-2.539328
-5.551577
-10.069268
-10.782480
-9.061098
-5.947862
-1.471554
2.250671
2.950089
3.639630
6.457056
5.934068
5.632980
5.506277
2.535752
-1.578331
-4.325935
-8.600439
-10.881765
-9.416342
-6.987027
-2.723762
1.434088
3.341436
3.058229
5.490780
6.201438
5.534717
5.765983
3.877708
-0.090429
-3.070831
-6.573541
-10.590383
-9.927239
-7.862193
-3.970861
0.255448
3.453663
3.555673
4.872084
6.654433
5.832229
5.833932
4.949570
1.410076
-2.264977
-5.050898
-9.613548
-10.448013
-8.769206
-5.614758
-1.069989

