-9.269885
-10.153225
-8.137737
-5.150863
-0.923872
3.048352
3.654957
3.732613
6.357091
5.905117
5.423341
5.360842
2.544778
-1.864774
-4.490614
-8.903061
-11.760337
-10.120187
-7.568087
-3.577641
0.625508
2.846377
2.409049
4.898991
5.679812
4.894223
5.455358
3.841264
-0.261750
-3.139462
-6.356239
-10.621548
-10.067395
-7.852657
-4.248619
0.099795
3.541708
3.475462
4.849264
7.026366
5.888769
5.995205
5.388260
1.817090
-1.751525
-4.333939
-9.045431
-10.225092
-8.351973
-5.710125
-1.497439
2.511910
3.343821
3.273657
5.916868
5.733797
5.117144
5.054644
2.264977
-2.100297
-4.734312
-8.897781
-11.941876
-10.445799
-7.947172
-3.882647
0.392709
2.790179
2.323389
4.607780
5.659035
4.850456
5.468471
4.202809
0.082084
-2.989258
-6.183556
-10.435070
-10.240929
-7.968971
-4.386050
-0.045640
3.529617
3.542559
4.795790
7.318429
6.364754
6.279434
5.811623
2.363069
-1.463549
-4.294259
-8.966752
-10.350091
-8.484466
-5.740098
-1.541717
2.579008
3.712858
3.529617
6.101131
5.884852
5.218642
5.365440
2.686807
-1.473427
-3.899847
-7.903065
-11.354685
-10.222707
-7.935081
-4.175220
-0.020095
2.626692
2.398150
4.695143
6.013427
5.088023
5.571161
4.190717
0.006812
-3.156151
-6.228174
-10.518687
-10.268348
-8.168902
-4.725627
-0.414337
3.223760
3.221376
4.148994
6.703820
5.904947
5.943094
5.572353
2.263614
-1.817601
-4.496064
-9.327446
-10.976621
-9.164129
-6.232432
-1.987049
2.180849
3.580196
3.291709
6.031990
5.994695
5.338873
5.706378
3.186805
-1.189198
-3.631285
-7.528748
-11.134999
-10.018008
-7.695471
-3.915003
0.566925
3.293582
2.884184
5.085809
6.541695
5.463191
5.734989
4.659040
0.619548
-2.665009
-5.715745
-10.150160
-10.258981
-8.201940
-5.043064
-0.619207
3.298521
3.564528
4.416023
7.057190
6.149496
5.926405
5.679641
2.264636
-1.779454
-4.276548
-8.893183
-10.993481
-9.087154
-6.278753
-2.218655
1.842465
3.367322
2.931527
5.558559
5.713701
4.952465
5.244698
3.169264
-1.124314
-3.821680
-7.479021
-11.327267
-10.171958
-7.836819
-4.124301
0.307560
3.227847
2.719334
4.707575
6.566218
5.421468
5.701099
4.611015
0.666891
-2.821343
-5.764450
-10.322673
-10.488374
-8.262566
-5.054133
-0.744717
3.214904
3.696510
4.387753
7.053443
6.379570
6.207739
6.075416
2.939531
-1.302447
-3.777402
-8.426053
-10.882957
-9.239401
-6.500142
-2.396107
1.666376
3.444127
3.078154
5.770922
6.117140
5.228690
5.629233
3.635372
-0.687667
-3.458091
-7.129056
-11.120694
-10.436262
-8.089713
-4.281657
0.122615
3.321171
2.818959
4.571336
6.513596
5.449568
5.617823
4.774673
0.919615
-2.723762
-5.528757
-10.005236
-10.609797
-8.484295
-5.231925
-0.970193
3.041710
3.685781
4.191569
6.968634
6.331205
6.025689
6.075076
3.047160
-1.336847
-3.910746
-8.343118
-10.940177
-9.497234
-7.027728
-2.956901
1.599789
3.489086
3.092800
5.800894
6.390640
5.279609
5.563327
3.812994
-0.437498
-3.214053
-6.709610
-10.752167
-10.052238
-7.875306
-4.391159
-0.050919
3.259182
2.948557
4.530464
6.624631
5.590234
5.876337
5.061286
1.329184
-2.248457
-4.637923
-9.397779
-10.270221
-8.098057
-5.064181
-0.968320
3.032855
3.807715
3.957408
6.803444
6.266321
5.934238
6.095171
3.218651
-1.193285
-3.894738
-8.199896
-10.997057
-9.624958
-7.060596
-3.042562
1.270430
3.350973
2.774511
5.450419
6.329673
5.162784
5.505596
3.874472
-0.510386
-3.456048
-6.946836
-11.373929
-10.658332
-8.370365
-4.867996
-0.476156
3.173862
2.963202
4.142523
6.311280
5.267518
5.512408
4.989760
1.381806
-2.203158
-4.625320
-9.358440
-10.612011
-8.725439
-5.849259
-1.383509
2.874477
3.914492
4.107271
7.034881
6.496906
5.878040
6.159544
3.408704
-0.953674
-3.387247
-7.492304
-10.572331
-9.084429
-6.785222
-2.964054
1.270601
3.678799
3.091437
5.576100
6.709780
5.696160
6.081888
4.515478
0.294106
-2.896275
-6.063495
-10.632787
-10.288954
-8.033855
-4.699060
-0.381640
3.115450
2.983979
4.150527
6.580523
5.632469
5.917890
5.591767
1.879079
-2.194473
-4.571506
-9.411403
-11.008808
-9.048837
-6.122930
-1.789842
2.494540
3.627709
3.581217
6.397452
6.227493
5.480392
5.694457
3.297499
-0.956059
-3.397465
-7.508482
-11.041846
-9.814331
-7.742984
-3.873791
0.531163
3.320149
2.949238
5.056517
6.348406
5.128384
5.607435
4.515307
0.351838
-2.969333
-5.755084
-10.327612
-10.213171
-7.789646
-4.722902
-0.520604
3.061465
3.291539
4.293408
6.955692
6.024837
5.828994
5.589383
2.327476
-1.787628
-4.224266
-8.801392
-10.644197
-8.797816
-6.120546
-1.960823
2.363239
3.664834
3.435952
6.528922
6.701606
5.781140
6.071329
3.808056
-0.774179
-3.516674
-7.253204
-11.016641
-9.768520
-7.433891
-3.787279
0.389133
3.344842
2.775533
4.659380
6.260361
5.120720
5.641835
4.701785
0.660419
-2.652236
-5.510194
-10.316372
-10.640791
-8.430992
-5.253724
-0.822714
3.205708
3.287281
3.900017
6.509508
5.496570
5.259684
5.463362
2.456903
-1.575436
-3.844329
-8.346524
-10.737862
-9.067399
-6.482601
-2.438511
2.002546
3.868171
3.470182
6.200756
6.680829
5.693606
6.003039
4.039833
-0.342471
-3.051928
-6.602492
-10.705335
-9.933540
-7.755756
-4.171474
0.256130
3.447362
3.087521
4.956382
6.927763
5.677257
5.815029
4.961320
0.837530
-2.719845
-5.262239
-9.843622
-10.576418
-8.544411
-5.566733
-1.346213
2.699920
3.148828
3.458432
6.549699
6.019558
5.580187
5.709444
2.795798
-1.465593
-3.800733
-8.253200
-11.035545
-9.236336
-6.722893
-2.755267
1.594509
3.687143
3.111192
5.625997
6.364243
5.565030
6.080525
4.349266
0.051430
-2.820662
-6.195988
-10.628530
-10.067906
-7.677589
-4.072530
0.279461
3.662620
3.327812
4.503727
6.568772
5.377020
5.559581
5.165168
1.531499
-2.304997
-4.809925
-9.707723
-10.793039
-8.944614
-6.123100
-1.781668
2.610343
3.613915
3.674541
6.583929
6.197861
5.494526
5.622421
3.016676
-1.373632
-3.551245
-7.672650
-10.821990
-9.199211
-6.764957
-3.211498
1.080377
3.556524
3.132990
5.609819
6.763594
5.750826
6.209271
4.713195
0.385557
-2.653599
-5.738224
-10.381937
-10.126999
-7.883310
-4.549878
-0.264474
3.141165
3.028427
4.067080
6.411927
5.536420
5.552088
5.205529
1.920632
-2.159732
-4.733290
-9.371723
-11.075905
-9.001153
-6.077800
-1.971211
2.349785
3.723076
3.316062
5.942413
6.047658
5.437647
5.674873
3.597907
-0.740460
-3.359658
-7.141318
-10.888917
-9.720155
-7.250990
-3.430162
0.850984
3.738744
3.369365
5.478859
6.867307
5.642005
5.811283
4.643542
0.601837
-2.817937
-5.444799
-10.039977
-10.531630
-8.295774
-5.058391
-0.847237
2.953155
3.181185
3.876005
6.668908
5.911929
5.630766
5.457572
2.342633
-1.825946
-4.336153
-8.793558
-10.998419
-9.234122
-6.507295
-2.490793
1.897642
3.599780
3.252540
5.894388
6.265470
5.450760
5.997590
4.080534
-0.289679
-3.129925
-6.745032
-10.679960
-9.795257
-7.474763
-3.669603
0.685794
3.806012
3.400190
5.051408
6.731919
5.440712
5.660057
4.907506
1.164504
-2.440384
-5.096708
-9.750639
-10.551895
-8.602142
-5.652394
-1.350812
2.792733
3.380605
3.828662
6.832566
6.177085
5.542721
5.300386
2.352851
-1.953670
-4.243851
-8.482252
-11.001485
-9.267841
-6.742988
-2.855914
1.533542
3.644058
3.112555
5.756957
6.618500
5.819287
6.208590
4.412447
0.067098
-2.905471
-6.181342
-10.480029
-9.804964
-7.591248
-4.052946
0.150204
3.396613
3.088202
4.385539
6.454161
5.553791
5.805152
5.270924
1.757315
-2.072709
-4.797152
-9.659358
-10.871036
-8.875472
-5.845172
-1.537289
2.531835
3.524508
3.405128
6.052085
5.912440
5.315202
5.413805
2.888611
-1.284225
-3.646101
-7.821151
-10.951587
-9.567567
-7.107258
-3.283024
1.030139
3.539324
3.212861
5.740098
6.818942
5.774328
6.253038
4.771607
0.468152
-2.580200
-5.555153
-10.137047
-10.012048
-7.955347
-4.744870
-0.337703
3.421988
3.344161
4.354375
6.949902
5.912781
5.728006
5.316223
1.942601
-2.022130
-4.520076
-9.130069
-10.752848
-8.789642
-6.112371
-2.113410
2.084119
3.404788
3.087691
5.928108
5.996908
5.317586
5.717448
3.455196
-0.950950
-3.601994
-7.464886
-11.190517
-9.967089
-7.323878
-3.372942
0.993013
3.872599
3.171308
5.127021
6.474427
5.356755
5.838871
4.891498
0.889982
-2.443961
-5.242143
-10.007620
-10.388919
-8.317402
-5.097730
-0.712701
3.443956
3.655468
4.281998
6.916693
5.981922
5.480903
5.084276
1.979215
-2.046483
-4.368510
-8.752857
-11.043378
-9.148121
-6.666013
-2.794266
1.447030
3.224782
2.997432
5.901030
6.430490
5.480392
5.874974
3.832238
-0.550236
-3.287792
-6.920099
-10.914121
-10.069438
-7.713693
-3.987891
0.234502
3.227336
2.823557
4.573039
6.552935
5.596195
6.054640
5.255767
1.515491
-2.193281
-4.897288
-9.648119
-10.503020
-8.370536
-5.117314
-0.763791
3.267697
3.754752
3.797327
6.478855
5.810431
5.376339
5.395242
2.696344
-1.467126
-3.989083
-8.348737
-11.132445
-9.658848
-7.086311
-2.970866
1.600981
3.828832
3.324236
5.928278
6.558725
5.311114
5.645241
4.029104
-0.201293
-3.104721
-6.272452
-10.426726
-10.105201
-7.864407
-4.497256
-0.092643
3.343991
3.136056
4.713876
7.050889
5.965403
6.048339
5.418233
1.681021
-2.010890
-4.473243
-9.191547
-10.315861
-8.363894
-5.595684
-1.533713
2.739259
3.529446
3.445148
6.314686
6.074394
5.600112
5.598068
2.973931
-1.352174
-3.950426
-8.091756
-11.155094
-9.607417
-7.021257
-3.059592
1.253060
3.579514
2.872433
5.154269
6.211315
5.205359
5.737543
4.500832
0.211171
-3.176587
-6.188835
-10.556153
-10.349240
-8.117642
-4.594156
-0.137261
3.693955
3.670965
4.616805
6.950753
5.943605
5.894559
5.460807
2.170801
-1.677275
-4.038470
-8.855207
-10.606902
-8.827448
-6.167718
-2.041033
2.342973
3.815378
3.562144
6.288631
6.172146
5.461999
5.616290
3.193787
-1.039846
-3.390653
-7.215398
-10.821479
-9.673323
-7.450581
-3.775869
0.544446
3.218821
2.810955
5.031143
6.504910
5.417211
5.776542
4.604374
0.461681
-2.812999
-5.602496
-10.208743
-10.207891
-7.971525
-4.669258
-0.467811
3.184761
3.417560
4.170111
6.767682
6.120546
6.127528
5.833592
2.507993
-1.648154
-4.309416
-8.976800
-11.100769
-9.242977
-6.362370
-2.148492
2.148151
3.817252
3.411259
6.071159
6.310259
5.429983
5.750316
3.704514
-0.690733
-3.366130
-6.968634
-10.994673
-10.139942
-7.861342
-4.105738
0.275714
3.379754
3.020082
4.864080
6.638765
5.390644

