-4.448550
-6.721701
-8.343458
-7.913283
-7.344484
-4.257645
1.494203
5.977494
8.417027
11.323180
8.135012
3.784384
2.953495
-0.187329
-2.759865
-3.737211
-5.452463
-7.802589
-7.977486
-7.542542
-5.708592
-0.653097
4.683903
7.580008
10.825566
10.187115
4.769734
3.335306
0.838893
-2.626692
-3.952639
-5.295617
-7.801737
-8.802925
-8.303779
-7.210118
-3.011056
2.622775
6.122589
9.064674
11.037077
6.430830
3.444978
2.263444
-1.291377
-3.174373
-4.366125
-6.526027
-8.230891
-7.806335
-7.329498
-4.318782
1.376697
5.835976
8.226292
11.126654
8.496557
4.108633
3.395251
0.139305
-2.555847
-3.395421
-5.350283
-7.910218
-8.113895
-7.764271
-6.151199
-1.096555
4.325424
7.166522
10.355711
10.251488
4.770756
3.395251
1.161098
-2.475636
-3.882136
-5.132471
-7.842439
-8.920942
-8.444956
-7.635866
-3.538302
2.476147
6.087508
8.971521
11.218446
6.641490
3.525870
2.414669
-1.212358
-3.097057
-4.017523
-6.261723
-8.279426
-7.880245
-7.369007
-4.734823
0.873974
5.680323
8.374282
11.598894
9.320463
4.462174
3.669262
0.524010
-2.487387
-3.646442
-5.148990
-7.657324
-8.211647
-7.761887
-6.275858
-1.409905
3.838028
6.647961
9.698016
10.170426
4.798515
3.134523
1.468999
-2.256291
-3.716946
-4.957914
-7.591077
-8.835963
-8.230209
-7.530962
-3.847735
2.073901
5.938496
8.475270
10.903393
6.769555
3.360850
2.641678
-0.888450
-2.888271
-3.756966
-5.878551
-8.215223
-8.029767
-7.576942
-5.103009
0.479051
5.584615
8.361340
11.596680
9.610994
4.356078
3.354209
0.426429
-2.796480
-3.887245
-5.163465
-7.715906
-8.293561
-7.968630
-6.818771
-2.197198
3.479208
6.449223
9.758813
10.809217
5.413294
3.258330
1.571178
-2.225297
-3.869534
-4.946504
-7.278068
-8.538621
-7.885865
-7.346358
-3.877708
1.831225
5.658865
8.378540
11.160203
7.417372
3.868171
3.120218
-0.469855
-2.967119
-3.942762
-5.918401
-8.098568
-7.816213
-7.283177
-5.078145
0.305516
5.114589
7.590737
10.731220
9.368488
4.373448
3.556354
0.908886
-2.504587
-3.739255
-5.370208
-8.122410
-8.756604
-8.205346
-7.002183
-2.347572
3.555332
6.818431
9.632451
10.656289
5.472898
3.052098
1.571689
-1.918418
-3.576449
-4.645416
-6.981577
-8.626495
-8.252348
-7.578475
-4.081215
1.732962
6.099258
8.945806
11.575563
7.926737
3.901890
2.990110
-0.514303
-2.889293
-3.848076
-5.671808
-7.960115
-7.907152
-7.624967
-5.601815
-0.271797
4.721880
7.271596
10.702780
9.906803
4.620893
3.543070
0.999655
-2.413477
-3.613915
-5.156653
-7.760014
-8.387395
-7.920265
-6.910903
-2.499478
3.127371
6.309066
9.190866
10.664122
5.802257
3.527062
2.043418
-1.692772
-3.400019
-4.542555
-7.006271
-8.607592
-8.075408
-7.419246
-4.089560
1.714911
6.005764
8.709260
11.731046
8.225782
3.865957
3.067936
-0.303643
-3.035409
-4.047496
-5.737543
-8.122921
-8.202110
-7.717439
-5.780288
-0.424726
4.652909
7.260357
10.622399
9.856905
4.611186
3.479379
1.155308
-2.157858
-3.422158
-4.941566
-7.688318
-8.664983
-8.079835
-7.289648
-3.068617
3.030300
6.449052
9.386539
11.163098
6.141322
3.437655
2.255780
-1.651049
-3.454345
-4.184927
-6.393364
-8.101804
-7.615771
-7.115943
-4.213197
1.388788
5.622251
8.235659
11.368479
8.499963
4.007987
3.463200
0.092643
-2.925055
-3.926243
-5.772284
-8.174181
-8.163112
-7.722037
-5.886895
-0.652926
4.656145
7.239240
10.310071
10.098900
4.502705
3.174714
1.199756
-2.200774
-3.411770
-4.726819
-7.488898
-8.709260
-8.255073
-7.485662
-3.327302
2.708776
6.379059
9.331192
11.390277
6.588187
3.397976
2.391168
-1.427446
-3.560952
-4.135541
-6.274666
-8.282321
-7.960796
-7.464205
-4.767009
0.918082
5.495037
8.013930
11.328799
8.856228
3.945487
3.372601
0.247104
-2.911261
-3.895419
-5.504744
-7.893017
-8.019209
-7.453987
-6.090403
-1.121589
4.210813
7.024152
10.225092
10.488374
5.193438
3.685951
1.734155
-1.949412
-3.493343
-4.758324
-7.339716
-8.722884
-8.243152
-7.318769
-3.314359
2.455882
6.278753
8.929287
11.069604
6.577798
3.265653
2.372605
-1.194136
-3.301246
-4.158701
-6.162950
-8.377348
-8.275509
-7.883992
-5.245549
0.408888
5.290338
7.919754
11.265278
9.114572
4.016331
3.234829
0.179155
-2.944810
-3.904956
-5.586999
-8.043221
-8.428948
-7.962840
-6.536756
-1.677445
3.892694
6.925889
9.984459
10.590383
5.409718
3.700597
1.782009
-2.095870
-3.530468
-4.715068
-6.924527
-8.187464
-7.772275
-7.263763
-3.696850
1.970870
5.796296
8.624281
10.987180
7.022960
3.591776
2.779279
-0.861372
-3.025532
-4.027230
-6.275518
-8.339882
-7.983787
-7.618495
-5.224092
0.619377
5.519901
7.854870
11.165823
9.369510
4.207918
3.300224
0.442948
-2.567257
-3.602675
-5.152736
-7.657664
-8.264269
-7.784196
-6.392172
-1.632997
3.863914
7.147619
10.108096
10.881424
5.591086
3.652573
2.013615
-1.793759
-3.227166
-4.352161
-6.896768
-8.383308
-7.926055
-7.494007
-3.898484
1.678637
5.603348
8.397954
11.292526
7.530621
3.688335
2.832072
-0.884192
-3.409726
-4.407508
-6.255763
-8.348227
-7.995026
-7.555314
-5.451952
0.042915
4.932880
7.284369
10.597876
9.321145
4.276378
3.560100
0.858137
-2.510037
-3.840072
-5.304132
-7.968119
-8.541346
-7.851464
-6.476300
-1.836504
3.905296
6.986175
9.809392
10.763918
5.376509
3.131969
1.951286
-1.595191
-3.319468
-4.332747
-6.985153
-8.788620
-8.383478
-7.751669
-4.274164
1.652581
6.015471
8.676052
11.365584
7.699387
3.205538
2.613579
-0.800576
-3.263099
-3.920112
-5.753892
-8.147274
-8.174692
-7.871219
-6.086145
-0.662122
4.720688
7.457903
10.923147
10.177067
4.839046
3.721884
1.202992
-2.507482
-3.727164
-4.802602
-7.173504
-7.989917
-7.340738
-6.456886
-2.278260
3.312486
6.530966
9.517840
11.166334
6.135362
3.629923
2.301250
-1.482623
-3.569296
-4.657166
-6.913458
-8.628028
-8.026532
-7.559061
-4.404954
1.378059
5.614417
7.945129
10.851962
7.770402
3.498963
2.839736
-0.221389
-2.873284
-3.757136
-5.645922
-8.267675
-8.427926
-7.932527
-6.043741
-0.769070
4.705702
7.372924
10.607072
10.163954
4.827125
3.587008
1.352855
-2.098765
-3.350292
-4.577807
-7.271256
-8.403063
-7.882459
-7.026025
-2.783878
3.159216
6.450415
9.265287
11.239052
6.526027
3.503902
2.383845
-1.213551
-3.135204
-4.198211
-6.497417
-8.215053
-8.102315
-7.709776
-4.693781
0.984498
5.376850
7.974931
10.766983
8.031811
3.687484
2.918073
-0.392199
-3.028427
-3.976992
-5.840233
-8.331878
-8.398124
-7.851635
-6.061963
-0.846216
4.558563
7.352318
10.590383
10.467257
4.857268
3.409045
1.286268
-2.223934
-3.435441
-4.687480
-7.336140
-8.595160
-8.117131
-7.391146
-3.202643
2.750669
6.400858
9.379898
11.519705
6.770577
3.527062
2.417735
-1.375505
-3.405639
-4.228354
-6.489413
-8.483614
-8.155618
-7.798161
-5.227498
0.311136
5.115271
7.715736
11.045933
8.972372
4.089390
3.344842
0.130449
-3.090756
-4.039151
-5.578995
-7.855211
-7.963521
-7.485662
-6.075416
-1.064880
4.295281
6.936959
10.192054
10.699204
5.198887
3.593990
1.824583
-1.842976
-3.213542
-4.380771
-7.168736
-8.299862
-7.708584
-7.243838
-3.371920
2.719845
6.354366
8.836644
11.286395
6.870372
3.376007
2.558572
-1.218830
-3.315721
-4.116978
-6.374802
-8.597885
-8.424520
-8.157662
-5.804811
-0.119890
4.800728
7.545948
11.010340
9.097712
3.976822
3.387928
0.499828
-2.786602
-3.861019
-5.441734
-7.961648
-8.308036
-7.635525
-6.412779
-1.563856
4.049029
6.773642
9.832382
10.975599
5.681344
3.704344
2.179486
-1.358986
-2.969163
-4.067251
-6.667035
-8.035898
-7.566895
-7.103852
-3.566231
2.196346
6.050212
8.393867
11.043889
7.276876
3.525019
2.906152
-0.810964
-3.294434
-4.133327
-6.178788
-8.694785
-8.571318
-8.137056
-5.958932
-0.395094
4.884005
7.504225
10.832548
9.512901
4.102332
3.138951
0.647988
-2.582754
-3.761223
-5.147968
-7.644551
-8.463860
-8.080006
-6.987027
-2.441406
3.388439
6.723063
9.861674
11.464357
6.167548
3.713540
2.213206
-1.552446
-3.405469
-4.376003
-6.713186
-8.332559
-7.751158
-7.199049
-4.188504
1.425913
5.541529
7.955347
10.977302
7.783004
3.611531
2.923693
-0.517028
-3.285578
-4.363060
-6.169251
-8.467266
-8.431332
-7.766485
-5.861350
-0.624827
4.411936
6.898131
10.132108
9.710618
4.482099
3.605230
1.476322
-1.926763
-3.211498
-4.828828
-7.685082
-8.565869
-8.004904
-6.960460
-2.432891
3.586156
7.174696
9.700911
11.272771
6.160395
3.287452
2.094507
-1.265492
-2.833264
-3.734657
-6.117140
-8.168391
-7.913624
-7.665839
-4.783188
0.981263
5.567414
8.237362
11.365584
8.323193
3.593649
2.757651
-0.692947
-3.434760
-4.256793
-5.746569
-8.227314
-8.287089
-8.095162
-6.468466
-1.324926
4.012585
6.811449
10.270902
10.399989
5.139453
3.673009
1.333782
-2.228192
-3.596204
-4.925898
-7.263592
-8.089372
-7.534027
-6.889445
-2.956390
2.768551
6.201267
9.024484
11.182342
6.667716
3.702641
2.760376
-1.010043
-3.064360
-4.132305
-6.452118
-8.576597
-8.096184
-7.578305
-4.902397
0.667742
5.297831
7.799012
10.937623
8.597544
3.630263
2.903598
-0.066757
-3.024680
-3.996066
-5.624294
-8.273806
-8.628368
-8.249453
-6.655455
-1.617329
3.920453
6.873948
10.094132
10.515111
5.097389
3.532171
1.764468
-1.884018
-3.357955
-4.379238
-6.949731
-8.348908
-7.828304
-7.298163
-3.663131
2.215079
6.197180
8.827107
11.341912
7.120541
3.468479
2.759865
-0.796999
-3.224952
-4.019567
-6.007637
-8.141994
-7.992983
-7.679633
-5.426577
-0.028099
4.686969
7.245711
10.664974
8.987188
3.733124
2.994878
0.178303
-3.074918
-4.044090
-5.536931
-8.093970
-8.518526
-7.948194
-6.730727
-2.054317
3.649167
6.789650
9.636538
10.705335
5.559751
3.528084
1.981258
-1.757486
-3.346886
-4.443271
-6.966250
-8.644887
-8.207730
-7.441214
-3.899847
2.034903
6.300041
8.959089
11.623587
7.727998
3.586837
2.945151
-0.568799
-3.137929
-3.985848
-5.775860
-8.085796
-8.094992
-7.777725
-5.761215
-0.467471
4.546472
7.032497
10.405268
9.592601
4.234484
3.090756
0.604221
-2.710479
-3.875324
-5.295788
-7.708754
-8.366619
-7.849421
-6.842443
-2.502033
3.335476
6.408010
9.197678
10.833229
5.910567
3.447533
2.186809
-1.484667
-3.372261
-4.187141
-6.606579
-8.507116
-8.018357
-7.516827
-4.350969
1.468318
5.957399
8.515630
11.452266
8.164133
3.746237
3.097057
-0.178814
-2.878053
-3.839220
-5.584104
-8.108616
-8.523124
-8.193425
-6.336825
-0.935282
4.350458
7.189172
10.480370
9.948867

