3.046138
9.165662
15.111480
17.693554
16.806637
12.051889
4.515478
-3.316573
-9.144545
-13.276168
-16.021218
-13.738019
-10.232074
-7.603168
-4.636560
0.965084
7.101638
13.292006
17.348869
17.672096
14.550686
7.630416
-0.463213
-7.317577
-11.838845
-15.827417
-15.378339
-11.697497
-8.838006
-6.285054
-1.485859
4.627705
10.658503
15.764407
17.190831
15.635831
10.192054
2.207415
-5.550895
-10.568414
-14.696632
-16.127654
-13.066701
-9.588003
-7.057190
-3.165858
2.811296
8.872407
14.783314
17.452240
16.753163
12.513910
5.325760
-2.602168
-8.656127
-12.957879
-15.999760
-13.919898
-10.354008
-7.985660
-5.081722
0.608649
6.663459
12.866599
17.267125
17.588990
14.689990
8.128881
-0.032357
-7.118327
-11.690174
-15.674659
-15.618120
-11.923824
-9.073700
-6.699732
-2.053806
4.185608
10.246379
15.803065
17.436062
15.802554
10.511194
2.842290
-5.187477
-10.314499
-14.319931
-16.127484
-13.089691
-9.733779
-7.327454
-3.701619
2.339057
8.293731
14.326913
17.574344
17.268998
13.264418
5.997079
-2.087695
-8.413792
-12.620006
-15.813112
-14.330489
-10.386535
-7.553441
-5.062308
0.364610
6.411076
12.343781
16.557489
17.007760
14.608758
8.463008
0.331913
-6.803955
-11.438642
-15.508447
-15.881062
-12.396744
-9.175369
-6.866625
-2.321005
3.942592
9.978158
15.511513
17.417669
15.908820
10.632958
3.084626
-4.723924
-10.113546
-14.233419
-16.176530
-13.329302
-9.904589
-7.517168
-3.971202
2.103363
8.270570
14.376640
17.867599
17.629521
13.689314
6.360156
-1.654455
-8.081027
-12.339183
-15.910523
-14.439992
-10.711976
-8.002349
-5.353519
-0.258344
5.944627
12.046099
16.709736
17.530748
15.071460
8.828470
0.800746
-6.817409
-11.506932
-15.494313
-16.040972
-12.428590
-9.043046
-6.603854
-2.292735
3.743342
9.615592
15.161889
17.272745
16.120161
11.280945
3.806012
-4.161256
-9.636368
-13.870001
-16.362497
-13.607059
-10.024479
-7.565532
-4.093988
1.964228
7.996900
14.148099
17.667839
17.370837
13.782978
6.775175
-1.351663
-7.820640
-12.284347
-15.928745
-14.922108
-11.321647
-8.622408
-6.181172
-0.847919
5.415508
11.630399
16.661882
17.612491
15.230179
9.124109
1.229048
-6.208590
-11.002166
-15.002830
-15.857731
-12.639420
-9.375640
-7.095167
-3.112895
3.079346
9.226969
15.062264
17.444406
16.524621
11.816536
4.147802
-3.779105
-9.329149
-13.700213
-16.130720
-13.370173
-9.768520
-7.279260
-4.067080
1.480239
7.362536
13.354506
17.125777
17.091547
13.975246
7.390465
-0.847748
-7.646935
-11.969124
-15.751805
-15.099730
-11.444432
-8.543900
-5.921125
-0.852176
5.278247
11.345659
16.420909
17.501286
15.345471
9.603841
1.792227
-5.844321
-10.739905
-14.847347
-15.984774
-12.565851
-9.531975
-7.238388
-3.093311
3.071342
9.122746
15.051535
17.577921
16.821623
12.225083
4.568100
-3.584283
-9.229183
-13.228314
-16.272068
-13.955661
-10.237013
-7.693086
-4.611356
1.074416
7.153409
13.324703
17.067535
17.111131
14.059203
7.447345
-0.721046
-7.582392
-11.829138
-15.683855
-15.176364
-11.504889
-8.625303
-6.273985
-1.313346
4.748447
10.779585
16.154732
17.635482
15.627316
9.957041
2.157007
-5.687305
-10.705675
-14.891965
-16.266108
-12.874774
-9.348563
-7.053614
-3.183740
3.015484
8.965049
14.771393
17.473016
16.778708
12.572493
5.266496
-2.898318
-8.751324
-13.020209
-16.159841
-14.192717
-10.499954
-7.997751
-5.019903
0.729561
6.917034
13.134309
17.295054
17.397233
14.251641
7.772105
-0.190054
-7.256610
-11.593785
-15.399115
-15.314988
-11.809383
-9.015799
-6.674188
-1.925911
4.281487
10.502679
15.968936
17.658131
16.018493
10.475091
2.568109
-5.392006
-10.448354
-14.591387
-16.195433
-12.894699
-9.356567
-7.056168
-3.464392
2.579859
8.343118
14.252322
17.113175
16.625949
12.736831
5.688327
-2.490793
-8.647782
-12.900829
-16.181128
-14.505727
-10.577781
-7.859298
-5.035911
0.653948
6.688493
12.832539
17.181635
17.623050
14.720815
8.312464
0.324590
-6.810597
-11.316538
-15.318394
-15.555620
-11.943919
-8.915833
-6.600789
-1.885380
4.479204
10.655097
15.854665
17.452921
15.925850
10.571309
2.885035
-4.864250
-10.033165
-14.126812
-16.072478
-13.129200
-9.819780
-7.555996
-4.140309
1.855067
8.029767
14.044046
17.233917
16.850574
12.988363
5.715915
-2.376352
-8.652721
-12.856211
-16.204800
-14.571292
-10.654075
-7.939509
-5.131619
0.279631
6.093809
12.099913
16.563790
17.168352
14.563118
8.381265
0.428132
-6.852491
-11.531285
-15.557153
-15.754700
-12.035710
-9.006092
-6.818431
-2.187490
4.012414
10.338000
15.865564
17.687763
16.221489
11.040994
3.429481
-4.376684
-9.700571
-14.061247
-16.275644
-13.540643
-10.059220
-7.778236
-4.158701
1.923527
7.910047
14.126812
17.531259
16.961268
13.097354
6.322009
-1.705204
-8.330005
-12.407133
-15.782118
-14.594793
-11.015790
-8.306333
-5.630595
-0.362737
5.838020
12.074028
16.822645
17.658302
15.341554
9.209769
1.045295
-6.166526
-10.991437
-15.113524
-15.685388
-12.076412
-8.868490
-6.691047
-2.405984
3.621238
9.611675
15.185220
17.415626
16.590357
11.727469
3.893375
-4.335982
-10.002681
-14.075722
-16.609601
-13.968093
-10.216577
-7.717099
-4.263605
1.593147
7.511888
13.653551
17.100913
16.694580
13.162068
6.601129
-1.381976
-8.154937
-12.436765
-16.042164
-15.144178
-11.404412
-8.584942
-5.961997
-0.620910
5.756276
11.878525
16.788415
17.570087
15.220642
9.190014
1.388277
-5.927426
-10.530267
-14.605863
-15.663760
-12.483937
-9.332725
-7.139104
-3.215075
3.128222
9.245362
15.075036
17.525298
16.526495
11.585270
3.903253
-4.202809
-9.795087
-13.804606
-16.192198
-13.681139
-9.911060
-7.572515
-4.532678
1.103878
6.865263
12.999773
16.970634
17.195770
13.892821
7.234301
-0.876018
-7.903916
-12.364217
-16.088997
-15.221323
-11.201416
-8.172648
-5.670786
-0.567947
5.641665
11.760337
16.580820
17.807995
15.737329
9.919746
2.049037
-5.620037
-10.563476
-14.780249
-16.201564
-12.920584
-9.540660
-7.131781
-3.159216
3.039156
9.156636
14.879874
17.368453
16.293355
11.717422
4.512072
-3.297670
-9.140117
-13.292517
-16.165291
-14.052050
-10.707889
-8.248602
-5.262750
0.650031
6.757464
12.913091
17.050334
17.234257
14.125960
7.411242
-0.673022
-7.532494
-11.825221
-15.561751
-14.996699
-11.244501
-8.366789
-6.040675
-1.205206
4.946675
10.900497
16.130209
17.633268
15.785524
10.339873
2.658197
-5.410399
-10.613544
-14.617102
-16.044208
-12.967076
-9.521246
-7.071325
-3.264291
2.716099
8.662939
14.692886
17.157112
16.475746
12.372221
5.258833
-2.755097
-8.699213
-13.190848
-16.420909
-14.394011
-10.872568
-8.550882
-5.458423
0.302621
6.407159
12.645381
17.014231
17.355170
14.378854
7.861512
-0.205040
-7.149151
-11.362689
-15.173469
-15.233755
-11.595828
-8.802584
-6.585973
-1.891000
4.360846
10.505744
15.978813
17.730338
16.112668
10.779415
2.776895
-5.224262
-10.361161
-14.500618
-16.244650
-13.004882
-9.437289
-7.143361
-3.605059
2.317939
8.068936
13.969966
17.059020
16.678401
12.759311
5.625657
-2.395766
-8.831876
-13.109956
-16.332354
-14.722177
-10.880232
-8.280788
-5.486693
0.139815
6.223917
12.529918
17.010995
17.410006
14.725753
8.652551
0.604051
-6.669249
-11.054448
-15.022925
-15.468427
-11.937278
-8.950233
-6.716762
-2.058404
4.255090
10.143008
15.906606
17.836435
16.187259
11.102983
3.599099
-4.372597
-9.816204
-13.905934
-16.089678
-13.308695
-9.902886
-7.723740
-4.353183
1.589230
7.490431
13.572318
17.028877
16.731535
12.972014
6.058216
-2.103363
-8.557354
-12.698855
-16.352960
-15.023095
-10.978154
-8.198193
-5.550385
-0.219856
5.707741
11.797122
16.474724
17.314128
14.972687
9.188141
1.234327
-6.309407
-10.893515
-14.759813
-15.429088
-12.039627
-8.965390
-6.528241
-2.235004
3.992830
10.006768
15.764577
17.820597
16.538245
11.599575
4.137073
-3.856421
-9.671790
-13.786214
-16.196115
-13.563633
-10.114568
-8.050544
-4.756110
1.308067
7.421630
13.525316
17.211948
17.069919
13.408831
6.419591
-1.602173
-8.278404
-12.404067
-15.965189
-15.116419
-11.332376
-8.475951
-6.020410
-0.983306
5.201442
11.471510
16.471488
17.665454
15.704802
9.713343
1.634530
-6.245034
-11.048658
-14.949526
-16.131401
-12.447834
-9.051050
-6.696497
-2.638102
3.395762
9.111507
14.750276
17.165456
16.308682
11.882782
4.552943
-3.422499
-9.380579
-13.680117
-16.491413
-14.310394
-10.655607
-8.115939
-4.963875
0.944308
7.027558
13.090031
16.861984
16.901152
13.681480
7.161072
-0.909056
-7.611343
-11.860303
-15.637023
-15.356711
-11.741774
-9.004559
-6.550550
-1.394238
5.081722
11.322328
16.726937
18.070766
15.900816
10.031632
2.295630
-5.309752
-10.293552
-14.212302
-15.546594
-12.318236
-9.262732
-7.066556
-3.381627
2.548524
8.562292
14.539446
17.536027
16.907454
12.492282
5.039998
-3.151383
-9.265457
-13.373409
-16.361475
-14.100075
-10.214022
-7.746390
-4.924706
0.446354
6.405626
12.339013
16.555105
16.934701
14.127152
7.817064
-0.146968
-7.505417
-11.982066
-15.876293
-15.625613
-11.735133
-8.798667
-6.153243
-1.318114
4.745041
10.953460
16.252484
17.745835
15.982049
10.547808
2.936976
-4.910060
-9.999105
-14.182499
-16.095298
-13.060740
-9.633303
-7.442577
-3.760712
2.374479
8.381094
14.238528
17.448493
16.970634
12.825727
5.566052
-2.421481
-8.585623
-12.837989
-16.145706
-14.712470
-11.050020
-8.428608
-5.786249
-0.249999
5.992140
12.106214
16.651664
17.174823
14.643158
8.362021
0.280312
-6.982940
-11.415992
-15.343257
-15.608753
-11.869499
-8.731229
-6.555489
-2.186980
4.081045
10.066032
15.600068
17.634971
16.236305
11.076076
3.463711
-4.395757
-9.898118
-14.090879
-16.250440
-13.477121
-9.825741
-7.346358
-4.197529
1.817260
7.879904
13.937950
17.257588
17.095123
13.332708
6.305320
-1.878228
-8.457388
-12.654577
-16.258614
-15.140942
-11.335441
-8.559057
-5.854539
-0.542062
5.624635
11.714016
16.393832
17.325197
14.899458
8.857931
1.247440
-6.071159
-10.942902
-14.959914
-15.762874
-12.378182
-9.338004
-7.002694
-2.674546
3.658703
9.853840
15.500103
17.639909
16.613177
11.586462
3.935610
-3.948382
-9.556328
-13.621705
-16.166312
-13.462135
-9.749447
-7.391998
-4.321507
1.346554
7.267850
13.267824
16.972508
16.941684
13.640268
6.899663
-1.263278
-8.096354
-12.410709
-16.022580
-15.235118
-11.554275
-8.721522
-6.082399
-0.935452
5.121401
11.295591
16.332184
17.403364
15.305110
9.493998
1.791886
-5.841596
-10.799510
-14.843260
-15.946456
-12.633630
-9.479523
-7.221869
-3.290687
3.167050
9.215048
14.980691
17.700025
16.778026
12.190001
4.858800
-3.072194
-8.930990
-13.143846
-16.105175
-13.969626
-10.385854
-7.857425
-4.999978
0.606946
6.811619
12.911388
16.822474
17.044715
14.039448
7.508993
-0.671829
-7.569279
-11.938640
-15.800170

