1.449926
5.651712
7.923501
11.003869
8.112873
3.710134
3.335817
0.064884
-2.553633
-3.573895
-5.493845
-8.175032
-8.410386
-7.930653
-6.175211
-0.791720
4.650525
7.360152
10.610819
10.268007
4.580362
3.491299
1.317774
-2.232960
-3.460305
-4.803283
-7.486003
-8.591073
-8.006607
-7.390465
-3.202302
2.770254
6.412268
9.287425
11.498077
6.801060
3.838369
2.745901
-1.091957
-2.957582
-3.831216
-6.119013
-8.089202
-7.660219
-7.369007
-4.742316
0.942605
5.491972
8.150339
11.398792
8.812972
3.998620
3.386395
0.162806
-2.929143
-3.646953
-5.232777
-7.759844
-8.024829
-7.677759
-6.374632
-1.345362
4.210983
6.952967
10.321311
10.526521
4.902056
3.244025
1.270430
-2.522469
-4.027571
-5.070141
-7.480553
-8.501836
-7.703304
-7.128205
-3.405639
2.523320
5.987883
8.664301
11.268173
6.942919
3.821850
3.271444
-0.510556
-2.856255
-3.814357
-6.145750
-8.450236
-7.887568
-7.416521
-4.988568
0.785760
5.526372
7.870708
11.123759
9.346179
4.071508
3.452471
0.624997
-2.608640
-3.686462
-5.096538
-7.612194
-8.130755
-7.730212
-6.548507
-1.658712
3.935950
6.693772
9.812968
10.664974
5.218302
3.191744
1.615286
-2.128908
-3.656490
-4.616976
-7.104533
-8.617810
-8.051906
-7.597378
-4.248960
1.932042
5.998441
8.650848
11.443240
7.625137
3.726823
2.918754
-0.572034
-3.172159
-4.086324
-5.951609
-8.235659
-8.086477
-7.518189
-5.344834
0.177792
5.119017
7.531643
10.824033
9.509495
4.347903
3.524337
0.875848
-2.445834
-3.719160
-5.098070
-7.708243
-8.484636
-7.767507
-6.658690
-2.011912
3.693444
6.750481
9.439332
10.648625
5.718299
3.372771
1.959971
-1.547847
-3.229891
-4.471200
-6.785904
-8.640630
-8.219821
-7.511718
-4.179478
1.511744
5.937644
8.541856
11.129209
7.695811
3.663131
2.944640
-0.311477
-2.734150
-3.546476
-5.498273
-8.060421
-8.201599
-7.828985
-6.082739
-0.720365
4.702125
7.625478
10.884830
9.984800
4.542215
3.206219
0.727347
-2.600806
-3.573724
-4.742486
-7.247925
-8.023296
-7.579497
-6.901877
-2.774681
2.961499
6.183556
9.208918
11.174509
6.174530
3.621067
2.317258
-1.749311
-3.650870
-4.417896
-6.788969
-8.433206
-7.844482
-7.539647
-4.708597
1.150370
5.379404
7.740770
11.157479
8.280788
4.064015
3.567083
0.108480
-2.860682
-3.942592
-5.840574
-8.238384
-8.007799
-7.607937
-5.948714
-0.699588
4.525525
6.966591
10.260684
10.049513
4.581383
3.449747
1.357453
-2.154282
-3.331559
-4.566397
-7.411752
-8.494684
-7.758481
-7.050037
-2.982276
3.044605
6.410905
9.085962
11.012895
6.199224
3.203154
2.370562
-1.455375
-3.470182
-4.157679
-6.477152
-8.704662
-8.336817
-7.935933
-5.209105
0.754425
5.384684
7.772786
11.086294
8.682523
3.734316
3.189359
0.216620
-2.763271
-3.825086
-5.355903
-7.869005
-8.052247
-7.661581
-6.219489
-1.215594
4.296132
7.097381
10.237523
10.769197
5.346707
3.717967
1.904283
-1.818623
-3.263950
-4.363060
-6.964036
-8.309569
-7.682868
-7.140807
-3.433057
2.353702
6.126165
8.773974
11.238711
6.903580
3.293242
2.596549
-1.128060
-3.502369
-4.140309
-6.161247
-8.447341
-8.194276
-7.694960
-5.430153
0.423193
5.408866
7.788965
11.195796
9.357759
4.044090
3.193617
0.488758
-2.788135
-3.807034
-5.138942
-7.686274
-8.116450
-7.639442
-6.644896
-1.965080
3.841264
6.886210
10.012388
11.149985
5.876677
3.843989
2.252034
-1.684427
-3.560952
-4.586492
-7.043736
-8.552074
-7.831029
-7.337161
-3.993000
1.815898
5.589042
8.130584
10.920593
7.208586
3.355060
2.827474
-0.691073
-3.278255
-4.163129
-6.068775
-8.396421
-8.091756
-7.782153
-5.561795
-0.019244
4.932880
7.225275
10.458061
9.358440
4.137244
3.193106
0.859499
-2.328157
-3.514971
-4.940033
-7.503544
-8.161238
-7.583244
-6.471021
-1.975298
3.878389
6.992476
9.786572
10.983433
5.830356
3.458091
2.207415
-1.437153
-3.142868
-4.123960
-6.619351
-8.444616
-8.096354
-7.730722
-4.569292
1.272133
5.490780
8.147614
11.151518
7.725443
3.494365
2.690724
-0.663315
-3.181696
-4.262073
-6.128379
-8.334432
-8.350781
-7.947172
-5.822693
-0.564882
4.495382
7.185595
10.435752
9.764774
4.288980
3.163985
1.006126
-2.262933
-3.321171
-4.565716
-7.111004
-8.084093
-7.682187
-6.931680
-2.625159
3.209795
6.626674
9.540490
11.305128
6.246396
3.566231
2.421481
-1.418080
-3.333262
-4.118340
-6.386553
-8.350611
-7.901873
-7.655621
-4.801580
1.035418
5.233628
7.892506
11.074884
8.258820
3.564698
2.856936
-0.459467
-3.293412
-4.100459
-5.784035
-8.255924
-8.207900
-7.767848
-6.275347
-1.163823
4.120895
6.853001
10.347537
10.483265
5.112716
3.921304
1.726832
-2.036265
-3.377540
-4.483632
-7.361514
-8.248431
-7.302591
-6.835461
-2.884354
2.907174
6.213188
9.086473
11.461292
6.715570
3.530298
2.730063
-1.025200
-3.201451
-3.941059
-6.270579
-8.571489
-8.033855
-7.836137
-5.136217
0.884874
5.281482
7.479361
10.767835
8.359807
3.545625
2.940893
0.061819
-2.939531
-3.872940
-5.407333
-7.947343
-8.266313
-7.680825
-6.348406
-1.474619
4.164662
7.051740
10.066884
10.708230
5.351986
3.651040
1.979726
-1.635722
-3.094843
-4.179989
-6.710802
-8.322511
-7.747582
-7.112367
-3.399168
2.544607
6.284543
8.811951
11.351790
7.180316
3.491640
2.772467
-0.590086
-3.083944
-3.989594
-6.046295
-8.391993
-8.304119
-8.076089
-5.863394
-0.211682
4.892520
7.379907
10.670764
9.168727
3.888437
2.932038
0.193800
-2.986704
-4.035745
-5.307538
-7.914305
-8.399316
-7.747412
-6.651027
-2.116987
3.584112
6.564345
9.818418
10.952609
5.644560
3.544433
2.059255
-1.633508
-3.482955
-4.290172
-6.537097
-7.980551
-7.425036
-6.876162
-3.468820
2.306359
6.034885
8.521421
11.232070
7.646084
3.848757
3.198726
-0.381129
-2.993686
-4.109315
-6.301403
-8.707557
-8.598396
-8.241279
-6.065539
-0.306198
4.871743
7.280452
10.466405
9.212664
3.986699
3.030641
0.558921
-2.734491
-3.815889
-5.372763
-7.967779
-8.657319
-8.080517
-7.052932
-2.508674
3.226995
6.565366
9.740591
11.218105
5.984136
3.598418
2.276046
-1.453672
-3.186464
-4.065207
-6.170954
-7.873433
-7.456030
-7.047994
-3.948893
1.684768
5.821160
8.342947
11.413097
8.163622
3.866638
2.987385
-0.519242
-3.261736
-4.234655
-5.989245
-8.525678
-8.312464
-7.866451
-6.023305
-0.707933
4.341773
6.900004
10.096175
9.451934
4.345349
3.493002
1.088040
-2.427953
-3.600291
-4.995210
-7.922649
-8.758647
-8.143527
-7.174867
-2.578327
3.479889
6.827457
9.682689
11.506251
6.320987
3.626006
2.691746
-1.052788
-2.825771
-3.597396
-6.100791
-8.052758
-7.787432
-7.581711
-4.795790
1.093149
5.668231
8.054290
11.369331
8.582047
3.759691
3.021955
-0.489439
-3.372771
-4.103865
-5.490099
-8.015122
-8.031300
-7.654428
-6.284203
-1.251187
3.995895
6.517172
10.022436
10.010174
4.630770
3.497090
1.523154
-2.346209
-3.766332
-4.814863
-7.516486
-8.439847
-7.730552
-7.061618
-2.890655
3.179993
6.572689
9.304115
11.569772
6.892681
3.665856
2.858979
-0.704697
-2.889293
-3.872258
-6.221363
-8.348908
-7.885865
-7.450581
-4.869699
0.882660
5.581379
7.950238
10.998249
8.639097
3.700767
3.049203
0.036785
-2.955539
-3.888777
-5.538974
-8.181844
-8.746215
-8.364746
-6.682362
-1.724788
3.815208
6.913117
10.105031
10.491610
4.871232
3.142187
1.359326
-2.244711
-3.618002
-4.221201
-6.536586
-7.809060
-7.404430
-7.058893
-3.604719
2.370562
6.220511
9.021929
11.801209
7.713693
4.071338
2.989939
-0.698737
-3.187316
-4.081385
-5.956207
-7.989066
-7.622753
-7.115262
-5.053793
0.393050
5.112546
7.427420
10.692222
9.146077
4.064015
3.358637
0.466279
-2.903257
-4.231078
-5.937304
-8.661236
-9.068762
-8.315699
-6.860324
-1.994201
3.626006
6.551572
9.568589
10.526691
5.360331
3.546817
2.131632
-1.454183
-3.182037
-4.371234
-6.996904
-8.606570
-8.055823
-7.478169
-3.769057
2.227851
6.393705
8.962665
11.569432
7.658686
3.791707
2.997773
-0.562327
-2.766507
-3.657000
-5.599431
-7.892166
-7.723059
-7.574899
-5.581890
-0.121934
4.911934
7.515294
10.857412
9.387391
4.009690
2.967800
0.297853
-3.006288
-4.020929
-5.286421
-7.851635
-8.453982
-7.945129
-6.894214
-2.289159
3.358296
6.436450
9.497234
10.962316
5.786419
3.498452
2.021619
-1.730578
-3.348589
-4.311119
-6.747586
-8.270059
-7.605553
-7.150684
-3.911938
2.059426
6.069796
8.612190
11.566366
8.157321
4.023995
3.298521
-0.204188
-2.928461
-3.906488
-5.845172
-8.295434
-8.109127
-7.995367
-6.092106
-0.764642
4.371405
7.173674
10.586466
9.693929
4.239934
3.254584
0.840936
-2.693789
-3.829173
-5.074399
-7.823195
-8.532320
-7.934741
-7.168906
-2.780982
3.142868
6.397281
9.403058
11.264426
6.165845
3.511565
2.503225
-1.441751
-3.268038
-4.042728
-6.422826
-8.205346
-7.575750
-7.276705
-4.334961
1.676764
5.958251
8.522783
11.673995
8.479527
3.956556
3.520761
0.036614
-2.987044
-3.806523
-5.486693
-8.148636
-8.188656
-7.754905
-6.227664
-1.005105
4.229716
6.796292
10.053260
10.034357
4.585981
3.273317
1.251016
-2.451284
-4.111699
-5.348921
-7.828304
-8.773123
-7.962159
-7.264103
-2.964224
2.967971
6.245715
8.936269
11.087315
6.447349
3.388098
2.527407
-1.019410
-3.174203
-3.979376
-6.112541
-8.278234
-7.940701
-7.486343
-4.758154
0.885214
5.596025
8.180652
11.175530
8.618832
3.811972
3.047330
0.230244
-2.761909
-3.726993
-5.260536
-7.861001
-8.290325
-7.966757
-6.656647
-1.515150
4.169089
6.973914
10.180473
10.544913
4.951443
3.138610
1.262426
-2.398661
-3.927095
-4.792043
-7.306848
-8.544070
-7.807357
-7.212673
-3.477505
2.501351
6.303617
9.059906
11.482750
7.147108
3.825426
2.933230
-0.794274
-3.291198
-4.068443
-6.198542
-8.287260
-7.877009
-7.482767
-5.016327
0.573056
5.162614
7.650682
11.026859
9.044409
4.101992
3.346886
0.465087
-2.647638
-3.755774
-5.237716
-7.837670
-8.189338
-7.799183
-6.625141
-1.851150
3.814868
6.803955
9.843963
10.579484
5.033016
3.022807
1.259872
-2.369029
-3.852674
-4.743167
-7.029602
-8.312975
-7.691383
-7.175548
-3.744023
2.039160
5.874634
8.641311
11.281797
7.332223
3.772804
3.109319
-0.648499
-3.102677
-4.073892
-6.220341
-8.485828
-8.074726
-7.571152
-5.281653
0.366483
5.022969
7.392679
10.741098
9.303263
4.177604
3.498452
0.981433
-2.233812
-3.389461
-5.066565
-7.759844
-8.318084
-7.816723
-6.821837
-1.970530
3.810610
6.747586
9.503365
10.617120
5.201612
3.202132
1.766852
-2.044610
-3.517015
-4.407508

