-10.477304
-8.258990
-5.236013
-0.971556
3.148147
3.574746
3.978525
6.633656
5.984988
5.686964
5.889109
2.849613
-1.556873
-3.810951
-8.200918
-11.025667
-9.287425
-6.704501
-2.782685
1.732281
3.681013
3.303971
6.052085
6.712675
5.528246
5.935090
4.220349
-0.321524
-3.195150
-6.719998
-10.975259
-10.356052
-8.099420
-4.627534
-0.096730
3.386906
3.118345
4.622936
6.846189
5.823544
6.137405
5.701951
1.787628
-1.969508
-4.526036
-9.516988
-10.744504
-8.709601
-5.695309
-1.421145
2.797161
3.732102
3.832919
6.608282
6.065028
5.585466
5.758660
3.140484
-1.174893
-3.517696
-7.730382
-10.760682
-9.159872
-6.898982
-2.947194
1.419953
3.753901
3.170967
5.736351
6.896087
5.591086
5.769048
4.268714
-0.065565
-3.087861
-6.250654
-10.636704
-9.995869
-7.751329
-4.473584
-0.089918
3.487723
3.351314
4.580191
6.989922
5.924191
5.930662
5.604369
1.825435
-2.041885
-4.416023
-9.288277
-10.757787
-8.743661
-5.908523
-1.758678
2.594675
3.591776
3.530298
6.487370
6.215402
5.492483
5.866630
3.506797
-1.013109
-3.557375
-7.616792
-11.074032
-9.601286
-7.295779
-3.430162
1.105070
3.800562
3.038474
5.217620
6.475619
5.364418
5.838701
4.680497
0.427621
-2.625499
-5.489588
-10.394199
-10.285037
-7.992642
-4.759346
-0.506980
3.356934
3.408704
4.319463
7.010869
5.964892
5.979027
5.911929
2.349785
-1.860687
-4.064866
-8.776188
-10.798659
-8.819444
-6.084953
-1.883507
2.450262
3.900017
3.684759
6.502356
6.502867
5.489588
5.722557
3.462519
-1.123462
-3.462689
-7.268361
-11.010681
-9.666000
-7.299015
-3.810951
0.546830
3.592798
3.040688
5.016838
6.608112
5.593981
5.788973
4.806008
0.674043
-2.781153
-5.485671
-10.336467
-10.827950
-8.473567
-5.160911
-0.874485
3.117153
3.558397
4.113913
6.924186
6.219319
6.026881
6.091595
2.981765
-1.231262
-3.572362
-8.264439
-10.648285
-8.833749
-6.209782
-2.149514
2.158540
3.883839
3.277063
6.051404
6.523814
5.497762
5.870036
3.947701
-0.454528
-3.173351
-6.742988
-10.843958
-9.870018
-7.674353
-4.143374
0.364610
3.507308
2.985171
4.631451
6.466423
5.171640
5.435603
4.678113
0.765324
-2.665690
-5.082744
-9.898629
-10.685240
-8.474248
-5.602666
-1.286098
2.928291
3.584623
3.978525
7.088866
6.400006
5.879572
6.060260
3.107275
-1.201970
-3.582069
-7.937465
-10.702099
-8.937972
-6.532328
-2.662454
1.877887
3.921815
3.092800
5.736351
6.584440
5.560943
5.920785
4.141331
-0.346729
-3.171308
-6.483112
-10.881594
-10.082381
-7.694278
-4.330873
-0.066076
3.337860
2.855914
4.254580
6.402731
5.280290
5.617312
5.168404
1.226664
-2.563170
-4.941225
-9.755748
-10.791506
-8.545944
-5.514622
-1.135554
3.209625
4.022292
3.967455
6.780624
6.395238
5.695309
6.002528
3.394740
-0.903096
-3.369706
-7.613216
-10.841744
-9.308883
-6.950242
-3.209455
1.309940
3.824234
3.258841
5.608797
6.694623
5.535058
5.960805
4.491295
0.082595
-2.853870
-6.039483
-10.768345
-10.600601
-8.362872
-5.002533
-0.659398
2.935614
2.855914
4.042898
6.426232
5.368165
5.494867
5.314350
1.693283
-2.298525
-4.443441
-9.177753
-10.628189
-8.446830
-5.721705
-1.507316
2.845355
4.024165
3.748962
6.811619
6.718125
5.766324
6.044762
3.681013
-0.831570
-3.375326
-7.409709
-11.035204
-9.527547
-7.101979
-3.446000
1.019750
3.782340
3.172500
5.383151
6.775515
5.475623
5.879572
4.700593
0.299556
-2.802270
-5.639791
-10.544402
-10.665485
-8.389779
-5.252021
-0.915698
2.990450
3.069980
4.060609
6.739923
5.733286
5.651712
5.654608
2.243689
-1.824413
-4.189355
-8.765289
-10.790144
-8.688995
-6.017344
-1.951967
2.572877
4.037278
3.495216
6.400347
6.516661
5.573205
5.892685
3.772974
-0.727347
-3.323044
-7.009506
-10.915654
-9.511028
-7.038457
-3.585475
0.709125
3.626857
2.993175
5.002192
6.691388
5.398478
5.810261
4.916191
0.786952
-2.730233
-5.437817
-10.266645
-10.815689
-8.606230
-5.353519
-1.056535
2.825771
3.286600
3.836155
6.607941
5.886214
5.572183
5.557026
2.626692
-1.467807
-3.772293
-8.267335
-10.836295
-9.037086
-6.466423
-2.368348
2.183914
3.946849
3.377029
6.167207
6.696497
5.645922
6.012065
4.124471
-0.378234
-3.231764
-6.743329
-10.843788
-10.032484
-7.766145
-4.276208
0.160933
3.405980
2.998625
4.740783
6.729705
5.370719
5.593470
5.004576
0.956059
-2.640315
-5.078486
-9.738207
-10.453803
-8.399997
-5.470344
-1.378400
2.872944
3.387758
3.459454
6.470680
6.119864
5.660909
5.797659
2.917562
-1.400879
-3.739425
-8.062635
-10.853665
-9.037256
-6.600278
-2.685274
1.866477
4.072360
3.422328
5.814518
6.699732
5.580868
6.127017
4.353353
-0.097581
-2.800567
-6.291015
-10.882105
-10.481392
-8.351803
-4.743167
-0.064714
3.473929
3.144741
4.544258
7.016488
5.763939
5.908523
5.454336
1.516172
-2.286094
-4.789148
-9.486164
-10.451930
-8.396251
-5.703483
-1.470872
2.781664
3.926754
3.838199
6.797143
6.557873
5.855049
5.920104
3.307547
-1.144069
-3.434079
-7.619177
-10.881254
-9.239742
-6.777729
-3.127881
1.191071
3.605740
2.888611
5.154439
6.277391
5.256959
5.801746
4.494531
-0.013113
-3.028257
-6.038972
-10.676043
-10.413272
-8.169072
-4.778249
-0.468493
3.259012
3.287111
4.291705
6.750652
5.664996
5.728688
5.496229
2.064535
-1.719168
-3.983293
-8.755411
-10.597536
-8.568253
-5.848408
-1.786777
2.683912
4.047155
3.762586
6.725107
6.817750
5.880083
6.172657
3.678458
-0.911781
-3.290347
-7.252523
-11.044741
-9.678091
-7.345847
-3.579344
0.852006
3.547668
2.803462
4.948378
6.413460
5.073547
5.554642
4.463877
0.164339
-3.120388
-5.740438
-10.351454
-10.376147
-8.163452
-4.992485
-0.732967
3.115279
3.176417
4.095691
6.885699
6.035055
5.992310
5.947692
2.579859
-1.631805
-3.971883
-8.659192
-10.738884
-8.665153
-5.959272
-1.981088
2.289159
3.959281
3.671987
6.595509
6.702287
5.799873
6.045273
3.936802
-0.616653
-3.157854
-6.941387
-10.979176
-9.926558
-7.542201
-3.829343
0.655821
3.649507
3.032684
4.964215
6.729875
5.372592
5.591256
4.937138
0.847237
-2.704178
-5.483798
-10.170937
-10.717426
-8.461135
-5.308390
-0.968831
3.176757
3.610849
3.999301
6.879568
6.133659
5.763939
5.874123
2.572026
-1.471043
-3.732613
-8.289644
-10.732923
-8.961984
-6.409713
-2.536263
1.721382
3.700597
3.302097
6.126336
6.694794
5.712679
6.260531
4.199743
-0.397137
-3.330197
-6.851980
-10.970150
-10.193416
-7.870027
-4.232952
0.436987
3.738063
3.148658
4.919938
6.951945
5.545446
5.746228
5.041191
1.125336
-2.585309
-5.069120
-9.833404
-10.654926
-8.467947
-5.630255
-1.262426
3.068277
3.708260
3.853185
6.620032
6.140811
5.678790
5.984136
3.063168
-1.222576
-3.623281
-8.161919
-11.004380
-9.266649
-6.896598
-2.861704
1.613413
3.851482
3.245899
5.905117
6.609644
5.300386
5.849600
4.278592
-0.129768
-3.027575
-6.331546
-10.692222
-10.075229
-7.972717
-4.527569
-0.185456
3.267356
2.974442
4.388094
6.855386
5.775009
5.848408
5.274670
1.391683
-2.308403
-4.635368
-9.493998
-10.615247
-8.335795
-5.520242
-1.463039
2.823557
3.801073
3.785746
6.709099
6.441729
5.878380
5.978686
3.394399
-1.182386
-3.794432
-7.924352
-11.170421
-9.635006
-7.105044
-3.150191
1.277753
3.634010
3.108127
5.325420
6.408521
5.215917
5.726985
4.478012
0.316075
-2.779961
-5.961997
-10.675192
-10.296958
-8.092608
-4.841260
-0.442437
3.347737
3.327131
4.333769
6.869861
5.790165
5.673511
5.374977
1.873970
-2.017873
-4.125663
-8.941889
-10.589191
-8.512565
-5.766664
-1.739264
2.526726
3.631966
3.613404
6.679637
6.583078
5.850111
6.141492
3.547158
-1.073905
-3.537791
-7.449559
-10.965211
-9.561607
-7.260186
-3.576449
0.882489
3.601994
3.006969
5.290679
6.804296
5.566052
5.923510
4.768542
0.420809
-2.929313
-5.930832
-10.627168
-10.640962
-8.270400
-4.989760
-0.610862
3.192084
3.314189
4.149335
6.781135
5.935771
5.767856
5.727325
2.397639
-1.641342
-4.199743
-8.920601
-11.079311
-9.172303
-6.262405
-1.945666
2.411263
3.941400
3.493854
6.268195
6.339209
5.380256
5.815710
3.741980
-0.725985
-3.337520
-6.961823
-10.744163
-9.714365
-7.513080
-4.001175
0.516006
3.565550
2.928121
4.951102
6.717784
5.409377
5.705527
4.667895
0.479392
-2.896445
-5.584444
-10.239226
-10.377169
-8.209773
-5.134514
-0.886577
3.230572
3.601313
4.087516
6.883826
6.049190
5.837679
5.875315
2.653258
-1.482453
-4.066740
-8.688654
-11.027030
-9.062631
-6.417377
-2.412966
1.959290
3.683567
3.208092
6.109135
6.607430
5.611011
6.116288
4.073892
-0.398329
-3.267356
-6.973914
-11.059216
-10.115079
-7.857936
-4.324402
0.215258
3.419604
2.791371
4.577126
6.489073
5.288124
5.591427
4.878896
0.932217
-2.524342
-5.097730
-9.914977
-10.549000
-8.355039
-5.341087
-1.162120
2.926077
3.529957
3.934758
6.774664
6.122589
5.663122
5.842447
2.816916
-1.463209
-3.662961
-8.117131
-10.832208
-9.045941
-6.561790
-2.701793
1.778773
3.877708
3.250497
6.050042
6.777729
5.405460
5.822352
4.111869
-0.494037
-3.285408
-6.735155
-10.952779
-10.185582
-7.928269
-4.395587
0.051771
3.486701
3.146103
4.549367
6.655625
5.520752
5.870036
5.308730
1.450777
-2.214909
-4.606247
-9.527547
-10.754381
-8.551393
-5.498103
-1.424210
2.739600
3.809248
3.760372
6.735836
6.288971
5.650520
5.878040
3.290176
-1.126528
-3.546476
-7.744517
-10.756424
-9.257283
-6.831033
-3.065041
1.300744
3.620556
2.957072
5.584444
6.653241
5.353008
5.787441
4.243680
-0.252894
-3.174543
-6.315368
-10.932854
-10.458401
-8.104018
-4.763774
-0.455209
3.266335
3.221035
4.384518
6.861176
5.675554
5.783183
5.346366
1.701968
-2.121414
-4.444293
-9.214367
-10.742119
-8.788960
-5.981922
-1.760892
2.515486
3.664664
3.635032
6.758315
6.565537
5.758320
6.151029
3.662961
-0.813348
-3.423861
-7.552079
-11.014938
-9.463855
-7.028239
-3.412621
1.086167
3.702130
2.999817
5.255256
6.635189
5.416189
5.742482
4.473925
0.169447
-2.969333
-5.836487
-10.452952
-10.306495
-8.011035
-4.771778
-0.606264
3.095014
3.050225
4.072360
6.705182
5.726814
5.690541
5.566563
2.013615
-2.047845
-4.318442
-8.939505
-10.747058
-8.809566
-6.078993
-1.971381
2.502714
3.863232
3.469331
6.398984
6.312643
5.378723
5.686283
3.423180
-0.964403
-3.438507
-7.296460
-10.883978
-9.542022
-7.234301
-3.822872
0.740801
3.590073
2.957242
5.072355
6.642001
5.426747
5.836487

