19.075700
15.948670
13.745001
8.974416
-1.649175
-9.085281
-11.598042
-15.513386
-15.364885
-9.556157
-7.825920
-7.292713
-2.933741
1.756804
4.931007
12.383120
18.602950
16.466549
14.061587
10.374103
0.282526
-8.046457
-11.170592
-15.102795
-16.216380
-10.602304
-7.997240
-7.855552
-3.848587
1.247781
4.332406
11.074202
18.067019
16.719614
13.899803
11.188132
1.795973
-7.290840
-10.523285
-13.997044
-16.572646
-11.498758
-8.081198
-7.977656
-4.601308
1.015833
4.208599
10.209594
17.866237
17.497029
14.240061
11.944260
3.363746
-6.405967
-10.188137
-13.188975
-16.503504
-12.308019
-8.137567
-8.270230
-5.726985
-0.141348
3.439869
8.766992
17.115048
18.328088
14.725413
12.591907
4.927090
-5.516836
-10.379893
-13.019017
-16.836269
-13.659000
-8.700745
-8.372409
-6.424018
-0.888620
2.839565
7.476636
16.095127
18.720457
15.237331
13.331175
6.853683
-3.906148
-9.725945
-12.014423
-16.111306
-14.100756
-8.641141
-7.863726
-6.652049
-1.455716
2.642870
6.459951
14.641966
18.700361
15.539271
13.626473
8.288281
-2.249990
-9.026357
-11.626823
-15.884468
-15.137366
-9.505578
-8.234807
-7.470506
-2.484832
2.275876
5.658524
13.509648
18.788576
15.754019
13.400146
9.078298
-1.343659
-8.959259
-11.428765
-15.251637
-15.702248
-10.100433
-8.130755
-7.936103
-3.532682
1.644577
5.014624
12.485981
18.949849
16.944068
14.269352
10.782651
0.767027
-7.942574
-10.847705
-14.558690
-16.366925
-10.799510
-7.849251
-7.873774
-4.138947
1.196350
4.308735
10.949203
18.329109
17.420735
14.417001
11.762210
2.273832
-7.445812
-10.940688
-14.187608
-16.860281
-11.905091
-8.178609
-8.116790
-5.184071
0.191586
3.312996
9.140117
17.315490
17.617941
14.271055
12.246200
3.888777
-6.221873
-10.333572
-13.158321
-16.610622
-12.753350
-8.274998
-8.049692
-5.604369
-0.185456
3.346886
8.510521
16.863687
18.603461
15.020881
13.058356
5.732604
-4.933562
-10.150330
-12.720142
-16.526154
-13.593095
-8.307866
-7.783345
-6.152732
-0.866141
2.926929
7.059915
15.329123
18.468925
15.131576
13.277020
7.138933
-3.649507
-9.843111
-12.450729
-16.613007
-14.878171
-9.205512
-8.216245
-7.111515
-1.914671
2.470868
6.248270
14.302901
18.633945
15.493291
13.467584
8.536918
-1.933575
-8.960111
-11.422294
-15.692541
-15.419381
-9.617465
-8.079154
-7.376501
-2.511910
2.442258
5.873612
13.613701
19.040278
16.286203
13.910021
9.840386
-0.448568
-8.349248
-10.976280
-14.998743
-16.040802
-10.416508
-8.254051
-8.065190
-3.714732
1.442092
4.736526
11.919226
18.579619
16.596147
13.707536
10.436262
0.627211
-8.260352
-10.960613
-14.273099
-16.181639
-11.034012
-8.118493
-8.100271
-4.632303
0.736032
4.065037
10.509661
18.258265
17.555952
14.316354
11.750800
2.812317
-6.720339
-10.342087
-13.468776
-16.352619
-11.553424
-7.778406
-7.821321
-4.868337
0.656843
3.792729
9.338515
17.547948
18.095630
14.580999
12.296779
4.137414
-6.111860
-10.573523
-13.311761
-16.804934
-12.891293
-8.223568
-8.242471
-6.119524
-0.537123
2.921649
7.790327
16.266278
18.193551
14.666149
12.768337
5.804130
-4.803283
-10.049513
-12.567384
-16.654560
-13.978822
-8.619172
-7.990088
-6.368841
-0.987564
3.053631
7.213354
15.540974
18.784830
15.391963
13.731718
7.865259
-2.937317
-9.172814
-11.634486
-15.989372
-14.641455
-9.026357
-7.966416
-7.013253
-1.960823
2.434424
6.146431
14.226948
18.828426
15.728474
13.552564
8.687973
-2.015829
-9.282998
-11.649813
-15.654223
-15.466724
-9.647267
-7.957050
-7.547992
-3.056356
1.615967
4.896436
12.642997
18.582514
16.094276
13.686589
9.899991
-0.160762
-8.355720
-11.159352
-15.013559
-16.029903
-10.345493
-7.883140
-7.530451
-3.207411
1.945836
4.881961
11.707885
18.661192
17.054762
14.118297
11.201416
1.606771
-7.452454
-10.692222
-14.308180
-16.499758
-11.315857
-8.013248
-7.838522
-4.303626
1.229048
4.330533
10.410377
17.875774
17.349379
14.135838
11.613710
2.806357
-6.882804
-10.525158
-13.768843
-17.054251
-12.545245
-8.508648
-8.506945
-5.651372
0.092302
3.563506
9.006773
17.138379
17.887865
14.442716
12.508631
4.720858
-5.444799
-9.851796
-12.658834
-16.631399
-13.328620
-8.547136
-8.262736
-6.195818
-0.377723
3.534896
8.254051
16.559362
18.598352
14.833382
13.035195
6.331716
-4.290853
-9.603671
-11.990070
-16.023602
-13.713666
-8.531128
-8.094992
-6.708077
-1.620225
2.525534
6.785222
15.142134
18.525805
14.992271
13.027872
7.303953
-3.448044
-9.901524
-12.208223
-16.082185
-14.645713
-9.031466
-8.187975
-7.224253
-2.170461
2.468143
6.283011
14.312778
19.139903
15.931129
13.773782
9.004559
-1.547337
-9.013074
-11.517320
-15.593086
-15.666996
-9.662594
-7.809741
-7.420097
-2.803121
2.065727
5.257470
12.671947
18.914597
16.806296
14.314651
10.568414
0.502552
-8.001328
-10.893004
-14.936072
-16.419888
-10.819776
-8.211136
-7.987704
-4.030125
1.246418
4.377025
11.145728
18.263033
16.985621
14.117105
11.270046
1.774005
-7.320132
-10.615417
-14.141457
-16.707352
-11.755569
-8.294242
-8.152553
-4.848582
0.688178
3.813505
9.705169
17.422438
17.157112
14.039959
11.947666
3.586326
-6.166867
-10.051046
-13.069255
-16.375440
-12.319769
-8.084774
-7.995026
-5.222900
0.300237
3.741128
9.076595
17.296416
18.246004
14.671258
12.716396
5.064011
-5.403587
-10.141645
-12.740748
-16.574008
-13.301543
-8.388417
-8.093459
-6.164823
-0.777585
2.980743
7.555996
16.069242
18.733740
15.110629
13.139759
6.557703
-4.229546
-10.058880
-12.611151
-16.645874
-14.437948
-8.783851
-8.073023
-6.888594
-1.616137
2.476999
6.198713
14.617613
18.864189
15.735115
13.914108
8.507116
-2.203669
-9.106568
-11.923654
-16.237668
-15.275478
-9.225948
-7.638080
-6.827457
-1.913309
2.394574
5.532844
13.129541
18.302543
15.647411
13.699191
9.671790
-0.637770
-8.307866
-10.933365
-15.228987
-16.081674
-10.387046
-8.359637
-7.877350
-3.304141
1.801423
5.142008
12.316533
18.531254
16.289098
13.571807
10.236161
0.370400
-8.192744
-10.894707
-14.565332
-16.436236
-11.110646
-8.037090
-7.824557
-3.980398
1.382147
4.528761
11.102472
18.369981
17.178570
14.173985
11.545931
2.459288
-7.003205
-10.496037
-13.692209
-16.372715
-11.645896
-7.962840
-8.007629
-4.997594
0.544616
3.812654
9.612186
17.743451
18.028021
14.472008
12.236152
3.975119
-6.134680
-10.399648
-13.234956
-16.623225
-12.652874
-8.340563
-8.249113
-5.859988
-0.342301
3.162112
8.263758
16.573838
18.205643
14.508622
12.601784
5.530630
-4.984822
-10.025672
-12.654747
-16.547612
-13.612679
-8.429459
-8.069958
-6.424359
-0.991310
3.004415
7.246733
15.698160
18.764394
15.244654
13.320105
7.132632
-3.559589
-9.655101
-12.059723
-16.174146
-14.511687
-8.849587
-7.902895
-6.975106
-1.942430
2.352851
6.207228
14.335258
18.779721
15.665463
13.605527
8.493151
-2.269745
-9.319612
-11.649132
-15.717064
-15.426363
-9.471519
-7.953814
-7.412093
-2.677100
2.001354
5.350624
13.037579
18.816675
16.328607
14.045579
9.950740
-0.377553
-8.561441
-11.203800
-15.007087
-15.930959
-10.159697
-7.913453
-7.700409
-3.426756
1.687663
4.770415
11.820793
18.746172
16.913925
14.066696
10.904074
1.039846
-7.979870
-11.064325
-14.414787
-16.383103
-11.088508
-7.985660
-8.074726
-4.603352
0.753062
3.880262
10.260514
17.990385
17.471654
14.267649
11.828116
2.948897
-6.831544
-10.662930
-13.841731
-16.813959
-12.230022
-8.107424
-8.053609
-5.281142
0.329358
3.668581
9.166683
17.325197
18.200874
14.830487
12.728827
4.798685
-5.512919
-10.166849
-13.015270
-16.707352
-12.900829
-7.963862
-7.836819
-5.902222
-0.580890
2.954517
7.587331
15.956334
18.305608
14.961447
13.305971
6.442922
-4.160064
-9.661061
-12.410368
-16.625609
-14.419385
-8.958408
-8.263588
-6.651367
-1.217297
2.891677
6.806340
15.062945
18.508434
14.895030
13.187953
7.686785
-3.014633
-9.330341
-11.569262
-15.820265
-15.019689
-9.282487
-7.956539
-7.060937
-1.939535
2.674886
6.253549
14.132772
19.202914
16.287906
13.891459
9.312119
-1.223598
-8.918388
-11.459930
-15.360458
-15.595640
-9.943587
-8.114576
-7.700750
-3.318957
1.517023
4.719496
12.282985
18.539258
16.449520
14.006751
10.452611
0.389644
-8.131436
-10.963678
-14.804431
-16.432660
-10.982411
-8.238895
-8.002009
-4.177434
1.118013
4.331044
10.883808
18.094097
17.162391
14.235292
11.556319
2.334629
-6.898642
-10.363545
-13.859102
-16.527687
-11.372055
-7.678441
-7.613386
-4.475117
1.098599
4.212175
9.817396
17.614705
17.624753
14.208385
11.954818
3.807715
-6.219149
-10.244165
-13.120515
-16.527346
-12.674843
-8.331708
-8.397273
-6.027562
-0.435284
3.296477
8.552756
17.017126
18.493278
14.748914
12.544223
5.062308
-5.450419
-10.454825
-12.948854
-16.724893
-13.773441
-8.596522
-7.942063
-6.330865
-1.144409
2.677441
7.194621
15.572139
18.630198
15.387365
13.724906
7.635185
-3.068447
-9.261881
-11.834417
-16.191006
-14.637027
-8.988380
-7.942063
-6.718125
-1.469680
2.777406
6.349427
14.347179
18.751621
15.474898
13.409683
8.512735
-2.014637
-9.107590
-11.498417
-15.638215
-15.448672
-9.672301
-8.278234
-7.823706
-3.010716
1.853194
5.123275
12.758970
18.639735
16.036885
13.452768
9.721518
-0.362396
-8.279766
-10.909694
-14.795746
-15.821287
-10.194949
-7.866621
-7.624115
-3.460135
1.877887
5.050557
11.868477
18.773590
17.127650
14.152357
10.960783
1.371418
-7.624626
-10.735478
-14.219965
-16.438791
-11.192049
-7.765804
-7.812636
-4.488230
0.740460
3.887415
10.109288
17.812252
17.512015
14.338493
11.970316
3.134012
-6.767852
-10.711976
-13.824872
-17.093250
-12.542180
-8.373942
-8.270230
-5.604880
-0.060286
3.384181
8.713177
17.077242
18.150977
14.648948
12.810911
5.156824
-5.254064
-10.073866
-12.872389
-16.625438
-13.325385
-8.270230
-7.925034
-5.887236
-0.442437
3.190892
7.666349
16.088315
18.601758
15.019178
13.316189
6.944111
-3.720522
-9.574890
-12.050697
-16.197988
-14.249257
-8.868660
-8.036409
-6.765979
-1.594680
2.449581
6.332397
14.588663
18.636329
15.367610
13.315507
7.959604
-2.710308
-9.429285
-11.768000
-15.891279
-15.189307
-9.387902
-8.018698
-7.280111
-2.362558
2.225637
5.645922
13.478483
19.013882
16.308682
14.058352
9.750468
-0.780821
-8.678777
-11.288439
-15.302896
-15.844277
-9.915829
-7.686104
-7.556677
-3.385714
1.669952
4.776205
11.978660
18.820933
17.011166
14.350585
11.129209
0.984839
-7.942063
-10.945797
-14.649459
-16.602278
-11.161055
-7.937125
-8.000476
-4.598583
0.734500
3.840923
10.141645
17.670052
17.046928
14.158828
11.887550
3.044605
-6.596531
-10.257619
-13.446127
-16.532966
-12.012209
-8.028235
-7.909536
-5.031824
0.465257
3.831727
9.397268
17.469610
18.028872
14.492273
12.488706
4.565545
-5.601815
-10.183028

