-0.396967
-2.786943
-8.806501
-10.395902
-7.322516
-6.074394
-1.867158
3.577982
3.782170
0.900541
2.790689
3.687484
1.702479
4.911082
6.104537
1.890830
-0.356776
-1.997096
-7.535900
-10.584593
-7.746731
-6.249121
-2.731766
3.025702
4.356929
1.380784
2.705199
4.201106
1.976831
4.381793
6.615264
2.657345
-0.142881
-1.345703
-6.557192
-10.781458
-8.103337
-6.266321
-3.337860
2.326114
4.347052
1.544952
2.068622
4.337685
2.264977
3.776210
6.710291
3.299202
-0.012091
-1.304661
-5.827120
-10.790825
-8.762053
-6.667716
-4.248789
1.380614
4.488570
1.932893
1.590933
4.141501
2.509696
3.017698
6.647110
4.126004
0.493186
-0.672681
-4.475968
-10.075058
-8.931671
-6.623779
-4.918064
0.541210
4.503386
2.330542
1.078333
3.976311
2.976145
2.699750
6.537267
5.057369
1.026733
-0.439201
-3.664834
-9.870870
-9.693078
-6.885188
-5.368676
-0.310285
4.313333
3.100123
1.059941
3.674371
3.281832
2.177954
5.916016
5.248955
0.908204
-0.634534
-3.104040
-9.103843
-10.133811
-7.098573
-5.726985
-1.175063
4.003899
3.613234
0.942435
3.222908
3.747599
2.100979
5.657843
6.183216
1.921143
-0.048195
-2.299888
-8.377518
-10.589702
-7.465908
-6.033523
-2.119541
3.391675
4.002878
1.113244
2.811807
3.715243
1.754761
4.788978
6.444965
2.338716
-0.156334
-1.688685
-7.256951
-10.797807
-7.930653
-6.437302
-3.043073
2.723592
4.102503
1.103537
2.132995
4.034894
1.957417
4.107101
6.770917
3.066914
0.080722
-1.046317
-6.062644
-10.553258
-8.239916
-6.475449
-3.786768
1.885039
4.501513
1.791545
2.016851
4.487378
2.401556
3.627539
6.855897
3.647123
0.269583
-0.983988
-5.491291
-10.665485
-8.803606
-6.533691
-4.316398
1.245907
4.627023
2.103192
1.275029
3.908873
2.558231
2.733469
6.435428
4.354715
0.499998
-0.612395
-4.400185
-10.342939
-9.378025
-6.893703
-5.279269
0.103542
4.484824
2.721378
1.286268
4.049880
3.204516
2.553463
6.371566
5.018541
0.871931
-0.415019
-3.314018
-9.532656
-9.686095
-6.857940
-5.608967
-0.681366
4.290342
3.274339
1.170635
3.800222
3.441402
2.027920
5.868162
5.685432
1.226493
-0.582763
-2.860001
-8.967945
-10.405098
-7.342952
-6.040335
-1.588038
3.580025
3.237895
0.686475
3.005096
3.605400
1.860176
5.366802
6.117140
1.860176
-0.243698
-2.000843
-7.826090
-10.422979
-7.434062
-6.120375
-2.347401
3.215926
3.919601
1.100642
2.817256
4.137584
2.176080
4.859141
6.727491
2.676078
0.078508
-1.599107
-7.089717
-10.655267
-7.794244
-6.271941
-2.927099
2.831561
4.484143
1.353707
2.145938
4.191058
2.005952
3.814868
6.466934
2.688680
-0.291892
-1.570327
-6.438494
-10.988542
-8.548328
-6.518194
-3.845521
1.940216
4.481929
1.652070
1.643215
4.196848
2.371073
3.478357
6.940195
3.861700
0.289338
-0.980411
-5.288465
-10.760171
-9.009327
-6.616797
-4.490955
1.223939
4.839216
2.552271
1.719168
4.344668
2.823046
3.026383
6.843976
4.681860
0.804152
-0.424044
-4.107612
-10.180303
-9.503024
-7.053273
-5.395412
-0.063862
4.238231
2.649682
1.046147
3.695318
2.837692
2.105917
6.121397
4.953146
0.785078
-0.566074
-3.464052
-9.416853
-9.747062
-6.953137
-5.525691
-0.740290
4.129750
3.273317
0.946181
3.467798
3.411940
1.984324
5.655629
5.794423
1.525027
-0.268561
-2.523831
-8.574894
-10.074207
-7.013083
-5.714042
-1.444135
4.054308
4.169430
1.497780
3.583261
4.157509
2.087014
5.221707
6.161247
1.793930
-0.430005
-2.188683
-8.016484
-10.777201
-7.715566
-6.433555
-2.782685
3.063679
4.095009
1.006126
2.501692
4.169600
2.052443
4.544599
6.569794
2.447878
-0.159570
-1.527922
-6.967442
-10.809047
-8.118323
-6.531988
-3.558057
2.123117
4.242659
1.559428
2.245052
4.465410
2.604893
4.368680
7.026366
3.439869
0.420468
-0.651223
-5.581890
-10.491610
-8.143187
-6.367990
-3.918069
1.810959
4.604714
1.926252
1.819304
4.326275
2.404451
3.161430
6.613561
3.771612
0.059605
-1.040356
-4.824230
-10.166339
-8.707387
-6.490946
-4.515137
0.995908
4.480566
2.005952
1.099280
4.020929
2.731425
2.753224
6.701776
4.722391
0.473601
-0.909056
-4.260710
-10.081019
-9.652206
-6.937640
-5.199398
0.005279
4.513604
3.106424
1.451629
4.139117
3.439188
2.385378
6.441389
5.461659
1.042570
-0.567947
-3.339904
-9.574550
-10.243143
-7.139785
-5.728177
-1.222747
3.846203
3.468990
1.040356
3.195831
3.530128
2.194302
6.001677
6.386212
1.993861
-0.004939
-2.624818
-8.749110
-10.594130
-7.355724
-6.037780
-1.958949
3.486701
3.749132
1.014301
2.832072
3.768546
1.917226
4.956552
6.227834
2.055679
-0.152588
-1.624823
-7.212503
-10.369165
-7.431167
-6.007126
-2.389976
3.306355
4.317420
1.291207
2.670458
4.293748
1.958438
4.389116
6.753036
2.948216
0.046832
-1.436642
-6.429468
-10.545594
-8.181334
-6.442070
-3.440550
2.438681
4.555668
1.595701
2.182892
4.480566
2.243349
3.759009
6.583248
3.020253
-0.141348
-1.319306
-5.707400
-10.612352
-8.718627
-6.643874
-4.246746
1.351663
4.487208
1.927614
1.715762
4.420962
2.817256
3.287622
6.816217
4.104887
0.483138
-0.717810
-4.809243
-10.313988
-8.875643
-6.451607
-4.756451
0.520093
4.527399
2.625840
1.262256
3.875664
2.824920
2.555677
6.508827
4.920619
0.933068
-0.353881
-3.785406
-9.946993
-9.654760
-6.925208
-5.546979
-0.455890
4.330873
2.948897
1.042400
3.717286
3.167731
1.967464
5.807195
5.242484
0.985861
-0.617164
-3.134353
-9.025676
-10.069609
-7.190364
-5.930322
-1.453161
3.896441
3.712858
1.317092
3.742831
4.129239
2.266509
5.648136
6.114244
1.635892
-0.424555
-2.327476
-8.100101
-10.334594
-7.431848
-5.927597
-1.840081
3.582580
3.995895
1.167229
2.886057
4.127026
2.062832
4.850796
6.584099
2.473252
0.044618
-1.580375
-7.289989
-10.772603
-7.927077
-6.502186
-3.156492
2.510037
4.020929
1.140833
2.263784
4.090752
2.034732
4.217284
6.605046
2.764804
-0.162125
-1.392365
-6.287098
-10.727474
-8.083241
-6.416866
-3.775869
2.200093
4.759175
1.758848
2.056871
4.528761
2.417564
3.403425
6.632124
3.622259
0.267710
-0.949076
-5.353689
-10.516814
-8.708239
-6.535394
-4.366125
1.323053
4.615954
2.135549
1.569305
4.352161
2.798353
3.067255
6.741626
4.449572
0.400373
-0.922339
-4.731076
-10.602645
-9.617295
-6.921462
-5.000489
0.128065
4.267182
2.534389
1.172849
3.901039
2.980573
2.502544
6.497587
5.110673
1.017026
-0.402076
-3.403085
-9.606566
-9.894712
-6.856237
-5.363056
-0.564030
4.225288
3.319638
1.241309
3.669603
3.342458
2.103022
5.907331
5.808558
1.462187
-0.178644
-2.650533
-8.906807
-10.295255
-7.228511
-5.952971
-1.453672
4.042046
3.725631
1.087359
3.273146
3.785236
1.812492
5.102668
6.068093
1.721382
-0.543765
-2.405814
-8.161919
-10.801213
-7.751669
-6.440537
-2.505268
3.214904
3.935269
1.034396
2.760547
4.297665
2.204520
4.854713
6.876843
2.757141
0.113760
-1.568113
-6.998437
-10.837146
-8.198193
-6.478173
-3.303800
2.553293
4.572528
1.784733
2.509015
4.428455
2.388784
4.190717
6.883485
3.306014
0.366483
-0.816584
-5.785057
-10.604688
-8.362872
-6.559065
-4.146610
1.475641
4.290853
1.550913
1.269920
3.678969
1.989773
2.998625
6.521940
3.767865
0.186477
-0.853198
-5.006279
-10.625465
-9.104865
-6.799528
-4.877874
0.802279
4.671642
2.592972
1.653773
4.257475
2.693449
2.291543
6.100110
4.361698
0.519923
-0.667231
-3.855228
-9.555476
-9.215048
-6.629569
-4.984822
0.214406
4.686969
2.952303
1.315900
4.156147
3.551245
2.492155
6.400517
5.394731
1.083442
-0.671829
-3.569637
-9.582213
-10.400670
-7.648298
-6.143536
-1.352004
3.713710
3.106424
0.691754
3.116982
3.397805
1.931872
5.555153
5.921296
1.524517
-0.254086
-2.360855
-8.535215
-10.457209
-7.492134
-6.293399
-2.322708
3.264121
3.808737
1.004764
2.779620
3.803628
1.816239
4.839216
6.164994
2.086844
-0.072036
-1.439367
-7.003546
-10.137728
-7.153749
-5.803619
-2.503906
3.153767
4.527399
1.315900
2.158029
3.990105
1.873970
3.968137
6.362881
2.646106
-0.341109
-1.675572
-6.770917
-10.917016
-8.233275
-6.540333
-3.840753
1.927444
4.346200
1.639639
1.943111
4.423346
2.388614
3.559930
6.728513
3.423010
-0.143562
-1.464912
-5.832740
-10.979857
-8.983442
-6.754569
-4.218476
1.425232
4.590920
2.057212
1.716784
4.304818
2.704688
3.143208
7.077966
4.786083
1.024689
-0.173024
-4.114594
-10.168042
-9.296281
-6.817750
-5.106415
0.134536
4.283871
2.579859
1.106433
3.807204
2.878904
2.326114
6.134340
4.859482
0.658716
-0.690051
-3.532171
-9.565353
-9.778568
-6.855897
-5.615268
-0.755446
4.054989
2.955198
0.774860
3.434760
3.469672
2.121074
5.698204
5.573205
1.396111
-0.358309
-2.863237
-9.050029
-10.291508
-7.034370
-5.713020
-1.280137
4.156147
4.040514
1.330205
3.292731
3.883328
2.068281
5.419935
6.127528
1.722574
-0.346218
-2.264125
-8.066893
-10.701248
-7.755075
-6.338528
-2.561978
3.121580
4.128047
1.115118
2.561126
4.062993
2.021279
4.668917
6.620373
2.488409
-0.121934
-1.565729
-6.988049
-10.997227
-8.225100
-6.570986
-3.513268
2.263103
4.354545
1.613923
2.306700
4.278762
2.222231
3.884009
6.885529
3.483295
0.334127
-0.727688
-5.447183
-10.424512
-8.317232
-6.383828
-4.037448
1.682554
4.545450
1.854726
1.508849
4.156147
2.399342
2.944299
6.521600
4.030807
0.518731
-0.852517
-4.965578
-10.443415
-9.141139
-6.905113
-5.036082
0.557218
4.447017
2.176080
1.080547
4.017694
2.962181
2.526215
6.358453
4.730225
0.749316
-0.659398
-3.904445
-9.760516
-9.573698
-6.791183
-5.250147
-0.175408
4.520246
3.278766
1.274007
3.866468
3.432546
2.354554
6.147282
5.555153
1.297167
-0.264985
-2.842460
-9.127515
-10.195630
-7.115262
-5.766664
-1.419442
3.732443
3.502710
0.841958
2.876690
3.342628
1.796654
5.250658
5.870547
1.482623
-0.410591
-2.407857
-8.397273
-10.764599
-7.642337
-6.330013
-2.506631
3.067596
3.841434
0.992162
2.643892
3.823893
1.718998
4.581383
6.469318
2.390146
-0.031165
-1.544441
-6.994690
-10.481392
-7.746220
-6.160225
-2.833094
3.009694
4.748617
1.707077
2.597400
4.354886
2.004589
3.970521
6.607941
2.943788
-0.121934
-1.427957
-6.167548
-10.829823
-8.520058
-6.564174
-3.904445
1.770939
4.423686
1.657520
1.615286
4.099778
2.242838
3.068788
6.521600
3.693444
0.204359
-0.997782
-5.304302
-10.736670
-9.174688
-6.913798
-4.982437

