-0.189032
-2.555336
-5.705527
-5.091429
-6.954159
-8.327620
-2.507312
3.574405
4.742827
7.393871
10.156121
4.214048
0.039509
1.445838
-1.790694
-3.062827
0.038828
-1.355750
-5.100114
-4.875490
-6.130423
-8.394548
-3.850290
3.043583
4.766158
6.774664
10.245528
5.519050
0.080551
1.287290
-1.197542
-3.242833
-0.256981
-0.663655
-4.634176
-4.866634
-5.671637
-8.578300
-5.333594
1.905305
4.402910
6.007467
10.184561
6.985835
0.334297
0.905480
-0.857796
-3.866638
-1.465593
-0.727177
-4.494190
-5.073547
-5.251169
-8.147785
-5.874634
1.777240
4.673004
5.577803
10.134493
8.741788
1.415185
1.285928
0.826120
-2.526896
-0.853539
0.609670
-3.265994
-5.029951
-4.892860
-7.425547
-6.289652
0.906842
5.046981
6.020410
9.853670
9.556498
1.981599
0.634364
0.733648
-2.931356
-1.873970
0.506980
-2.697536
-4.986354
-4.807029
-7.606574
-8.072172
-1.700095
3.243004
4.310267
8.031811
9.431669
2.745901
0.368868
0.757320
-3.167050
-2.969844
-0.192949
-2.741132
-5.326612
-4.631621
-6.666183
-7.906812
-1.927785
3.767695
4.548345
7.416010
10.071482
3.791537
0.183412
1.370907
-1.922335
-2.709287
0.217472
-1.577650
-5.085128
-4.540341
-6.030287
-7.909366
-2.847229
3.753390
4.982778
7.377011
10.734115
5.549533
0.480924
1.929147
-0.979900
-3.082412
-0.416892
-1.079185
-5.095857
-5.293744
-6.255082
-8.558546
-4.584449
2.567768
4.759346
6.702968
10.728155
6.667546
0.335659
1.434599
-0.507661
-3.291539
-0.483819
-0.139305
-4.040343
-4.643202
-5.149671
-8.160727
-5.827120
1.251187
3.937483
5.421298
9.873254
7.697174
1.016344
1.491649
0.344345
-3.099612
-1.057046
-0.041553
-4.184927
-5.168744
-4.891668
-7.767166
-6.253549
0.796999
4.195997
4.909720
9.093455
8.305652
0.796829
0.202145
0.091280
-3.476143
-2.089909
-0.042404
-3.571170
-5.342790
-4.867145
-7.440703
-7.068600
-0.037806
4.671301
5.427599
9.073700
9.809562
2.336843
0.379767
1.062666
-2.649001
-2.298696
0.511748
-2.450943
-5.301578
-4.825251
-7.178273
-8.012397
-1.530307
4.398993
5.562816
8.973735
10.996376
3.999131
0.569820
1.478365
-2.184084
-3.011738
0.188180
-1.560450
-4.859992
-4.508666
-6.477833
-8.540835
-3.468309
2.690213
3.977333
6.906135
10.340895
4.715238
0.427791
1.760892
-1.525709
-3.304141
-0.224113
-1.263618
-4.969324
-4.624469
-5.786589
-8.246728
-4.022973
2.937657
4.635198
6.603513
10.443415
5.984136
-0.129598
1.109838
-1.043933
-3.709452
-1.104389
-0.826291
-4.442079
-4.552773
-5.068779
-7.675886
-4.603692
2.394404
4.493679
5.686283
9.892838
7.081032
0.442266
1.081739
-0.255278
-3.219673
-1.295805
-0.775201
-4.945993
-5.849940
-5.918060
-8.540324
-6.330013
1.308748
4.810946
5.956888
10.094472
8.713518
1.374483
1.013109
0.354903
-3.165688
-1.377889
0.258514
-3.640481
-5.206721
-5.004065
-7.786751
-7.098062
0.063011
4.373278
5.481924
9.604692
9.498085
2.352510
1.126528
1.141514
-2.776895
-1.763105
0.680344
-2.803121
-5.187477
-4.634857
-7.161413
-7.784707
-1.266003
3.772633
4.420791
8.117471
9.759835
2.870389
0.324079
1.089232
-2.733810
-2.876180
-0.160422
-2.591610
-5.443777
-4.804645
-6.831544
-7.924693
-2.065386
3.780297
4.734993
7.625137
10.172810
3.681183
-0.282867
1.159395
-1.966272
-3.181015
-0.175919
-1.627718
-4.952465
-4.707745
-6.299700
-8.202621
-3.168413
3.337520
4.815374
7.249968
10.769878
5.416870
0.153099
1.639979
-1.201800
-3.394229
-0.433752
-1.140322
-5.050727
-4.993847
-5.963019
-8.416516
-4.617487
2.415180
4.572698
6.544931
10.581527
6.654433
0.527416
1.501015
-0.584126
-3.447022
-0.623124
-0.456572
-4.637412
-5.139453
-5.394220
-8.332729
-5.861861
1.511914
4.449572
5.962167
10.080508
7.854019
0.877551
1.133680
-0.073739
-3.398316
-1.114947
0.215088
-3.701789
-4.888773
-4.843814
-7.596697
-6.328651
0.742844
4.359143
5.344323
9.536743
8.722033
1.416888
0.854049
0.551598
-3.352846
-2.122607
0.023331
-3.531831
-5.363396
-4.927942
-7.572174
-7.218804
-0.257833
4.173006
5.007812
8.959430
9.850264
2.389976
0.626700
1.191582
-2.708776
-2.532176
0.050238
-2.937828
-5.747250
-5.165168
-7.396936
-8.124113
-1.649857
3.939526
4.886729
8.410556
10.277714
3.150361
-0.233991
1.064539
-2.471038
-2.858639
0.417573
-1.631975
-5.078486
-4.542725
-6.515809
-8.148466
-2.820832
3.192595
4.181521
6.988900
10.419403
5.024331
0.711509
1.891511
-1.223939
-2.960478
-0.192608
-1.526560
-5.240951
-4.909379
-6.060260
-8.356060
-3.785576
3.137418
4.795279
6.848233
10.524477
5.868162
0.100647
1.401390
-0.880446
-3.137929
-0.341449
-0.602177
-4.840749
-5.130598
-5.880083
-8.754049
-5.392347
2.082246
4.570484
6.247078
10.385002
7.179805
0.370571
1.097236
-0.588724
-3.641673
-1.165186
-0.174046
-4.161256
-4.924025
-5.029270
-7.955347
-6.106922
1.152924
4.131283
5.160740
9.573187
8.155448
1.198735
1.057046
0.222070
-3.299032
-1.631464
0.150544
-3.588370
-5.234310
-4.990612
-7.716077
-6.688152
0.290700
4.314525
5.446162
9.382452
9.153230
1.804829
0.657184
0.530481
-3.329856
-2.411774
-0.120061
-3.353017
-5.380767
-4.830701
-7.302591
-7.341078
-0.600985
4.155806
4.766328
8.494343
9.734801
2.528429
0.376531
0.997611
-2.829347
-2.714396
-0.046151
-2.878734
-5.703143
-5.038977
-7.085970
-7.987022
-1.851491
3.943614
5.095686
8.212498
10.496719
4.196848
0.561135
1.570497
-2.054317
-2.855573
0.223092
-1.780987
-5.236694
-4.815204
-6.532669
-8.488383
-3.339052
3.251519
4.710300
7.390465
10.584593
5.081211
0.362226
1.615116
-1.553978
-3.250667
-0.103712
-1.074757
-5.113057
-5.085298
-6.038802
-8.533682
-4.475798
2.507312
4.460982
6.526538
10.313647
6.056513
0.099625
1.336677
-0.973088
-3.381116
-0.357628
-0.221729
-4.270928
-4.597221
-5.169255
-8.137056
-5.400011
1.825946
4.512753
6.168059
10.601793
8.005926
1.031842
1.515831
-0.025034
-3.715754
-1.472064
-0.351497
-4.315717
-5.155291
-5.217109
-8.038282
-6.175382
0.975643
4.312141
5.197866
9.311778
8.454493
1.022305
0.709976
0.433922
-3.152064
-1.790524
-0.149182
-3.798859
-5.597728
-5.333083
-8.068596
-7.464034
-0.296661
4.079512
5.066565
9.142501
9.564672
2.204861
0.834124
1.142025
-2.856595
-2.257483
0.444651
-2.547843
-4.915510
-4.367999
-6.846530
-7.528578
-1.034907
4.184757
5.095175
8.558375
10.351283
3.312996
0.475986
1.518215
-2.330371
-2.853870
0.193119
-2.137082
-5.363056
-4.521097
-6.358794
-7.779258
-2.200603
3.626006
4.599265
7.452794
10.136196
4.090582
0.246423
1.525027
-1.941238
-3.600972
-0.703846
-2.297674
-6.049020
-5.697353
-6.620203
-8.365256
-3.256457
3.583091
5.074910
7.177591
10.548489
5.608967
0.327144
1.780646
-0.658546
-2.453157
0.389303
-0.209808
-4.458938
-4.783528
-5.963530
-8.656468
-4.901716
2.539158
4.911593
6.671122
10.798148
7.145916
0.422682
1.278775
-0.351327
-3.041199
-0.460488
0.266859
-3.757136
-4.749809
-5.364759
-8.518355
-6.382125
0.911440
4.056522
5.257641
9.591579
7.784026
0.798362
0.778266
-0.364610
-4.044771
-1.918248
-0.386919
-4.035575
-4.947015
-4.610504
-7.301739
-6.131104
0.988586
4.805156
5.721365
9.659869
9.137051
1.667568
0.782013
0.617504
-2.986022
-1.838888
0.220537
-3.286089
-5.277225
-4.901716
-7.488898
-7.350956
-0.549385
4.369531
5.347899
9.119681
9.920597
2.646446
0.521285
1.088040
-2.703326
-2.546140
0.033379
-2.967630
-5.980730
-5.539826
-7.635525
-8.633137
-2.478361
3.265653
4.558052
7.852657
9.982416
3.499814
0.225816
1.287801
-2.223934
-2.767869
0.346558
-1.372099
-4.617998
-4.129410
-5.985158
-8.033344
-2.942256
3.254925
4.494701
7.218293
10.648455
5.089896
0.444480
1.769747
-1.204525
-2.883673
-0.077827
-1.228537
-4.845858
-4.568100
-5.677428
-7.815531
-3.346545
3.287963
4.761219
6.611688
10.228668
5.656992
-0.350646
0.957932
-1.334803
-3.754582
-1.089914
-1.278945
-5.118847
-5.322184
-5.989415
-8.463519
-5.088363
2.172674
4.515137
6.088359
10.161911
7.153068
0.540359
1.384020
-0.260728
-3.465584
-0.959975
0.027588
-4.158361
-5.064181
-5.143540
-7.953133
-6.025859
1.240798
4.637412
5.770581
9.918383
8.361169
1.216786
1.298870
0.492164
-3.050736
-1.194136
0.377042
-3.642695
-5.436965
-5.219834
-7.928780
-7.271085
-0.201123
4.050391
5.101647
9.098564
8.912768
1.448052
0.158037
0.287465
-3.625154
-2.680336
-0.127213
-3.245728
-5.428110
-4.841430
-7.313149
-7.505076
-0.854390
4.114764
4.867996
8.606230
10.066373
2.928802
0.355414
1.406670
-2.051762
-2.251693
0.543254
-1.844508
-4.885367
-4.510880
-6.756953
-8.049863
-2.130100
3.961325
5.234310
8.469309
11.159522
4.772970
0.427961
1.453502
-1.981940
-3.266164
-0.442266
-1.986878
-5.289827
-4.907336
-6.414482
-8.474929
-3.723076
2.786262
4.118681
6.510019
10.102306
5.124978
0.149182
1.479387
-1.155479
-3.218821
-0.279290
-0.898327
-4.878385
-4.861185
-5.738224
-8.454834
-4.786083
2.361536
4.346030
6.309237
10.388068
6.881101
0.943456
1.929658
-0.117847
-2.890655
-0.422852
-0.202485
-4.315887
-4.868848
-5.343642
-8.084944
-5.342279
2.048186
4.809073
6.122759
10.183368
7.689340
0.619888
0.847067
-0.168426
-3.542389
-1.515661
-0.368868
-4.015991
-5.321503
-5.435092
-8.136545
-6.612539
0.561987
4.174369
5.308901
9.539468
8.852141
1.347746
0.821693
0.634704
-3.024680
-1.790864
0.227179
-3.120559
-5.006620
-4.653249
-7.332053
-7.123607
-0.307901
4.328660
5.396264
9.317909
10.143008
2.779450
0.764132
1.221214
-2.515827
-2.136230
0.341449
-2.465078
-5.022287
-4.561288
-6.955692
-7.897275
-1.767703
3.466947
4.358462
7.686104
9.884834
3.358637
0.290019
1.146793
-2.466100
-2.942766
-0.235183
-2.502373
-5.593130
-4.905122
-6.574563
-7.939509
-2.502884
3.642695
4.896777
7.515635
10.474750
4.627194
0.092983
1.470532
-1.639979
-2.958775
0.004428
-1.140492
-4.807029
-4.587855
-5.857944
-8.005755
-3.529446
3.385033
5.242995
7.594313
11.263575
6.499972
0.599963
1.711675
-0.765494
-3.280640
-0.513792
-0.657695
-4.739761
-5.103861
-5.864586
-8.569615
-5.322695
1.744202
4.133667
5.965233
10.219131
7.019894
0.526394
1.299892
-0.328847
-3.519910
-1.171146
-0.374998
-4.493679
-5.314861
-5.458253
-8.442061
-6.389448
0.883000
4.102162
5.437987
9.903227
8.364746
1.065731
1.163823
0.406163
-3.170627
-1.345532
0.344515
-3.153426
-4.487208
-4.196678
-7.134676
-6.333760

