-16.238689
-15.664271
-14.699527
-8.690528
2.103874
8.400679
14.862333
20.626272
17.208372
12.666157
10.653394
4.801069
-2.860171
-5.316394
-9.609461
-14.985800
-16.465357
-15.916313
-14.921086
-10.302918
0.377212
7.578816
13.397421
19.893135
17.485278
12.570279
10.594981
5.554472
-2.327647
-5.302429
-8.951085
-14.705658
-16.665799
-16.316346
-15.481881
-11.916671
-1.585654
6.627866
12.213673
19.343751
18.694230
13.693571
11.607068
7.263933
-0.883341
-4.663978
-7.653747
-13.642992
-16.134126
-15.945605
-15.313966
-12.723378
-3.155810
5.766835
11.099066
18.782105
19.524949
14.187098
11.742456
8.220162
0.064373
-4.820824
-7.120371
-12.771572
-15.874590
-16.070434
-15.540804
-13.852460
-5.435262
4.245894
9.568248
17.143318
19.528525
14.521394
11.507443
8.549179
0.893899
-4.874468
-6.876843
-12.259654
-16.007764
-16.422272
-15.565668
-14.001642
-6.668908
3.532512
9.278570
16.356707
20.154544
15.682663
12.354510
10.058710
3.139462
-3.478527
-5.589042
-10.734286
-15.163933
-16.014406
-15.386854
-14.164448
-7.914134
2.755097
8.919920
15.650817
20.727260
16.878503
12.769869
10.615928
4.174198
-3.070661
-5.464554
-10.199717
-15.317542
-16.448327
-15.972172
-15.268156
-10.164806
0.510727
7.323367
13.411726
19.830636
17.108066
12.579305
10.534695
5.191224
-2.460650
-5.116122
-9.213345
-14.829976
-16.622543
-16.121013
-15.438795
-11.470318
-0.974451
6.865263
12.361322
19.370828
18.154383
13.215542
11.250632
6.721871
-1.269749
-4.769223
-7.884332
-13.714518
-15.979154
-15.791144
-14.999083
-12.060234
-2.262422
6.394386
11.583056
18.851927
18.909488
13.727461
11.532988
7.757459
-0.329699
-4.689523
-7.146427
-13.082538
-16.131912
-16.125100
-15.402692
-13.103145
-4.031999
5.432197
10.821649
18.227441
19.793170
14.523779
11.911563
8.698021
0.806366
-4.433734
-6.568262
-12.336969
-15.959058
-16.156094
-15.575545
-13.927732
-5.896262
4.365444
9.730203
16.970464
20.395858
15.552044
12.242113
9.758983
2.413307
-3.965582
-6.095001
-11.474405
-15.854495
-16.358580
-15.767472
-14.666659
-7.930143
2.755778
8.630242
15.329293
20.159824
16.036374
12.224231
10.009493
3.546647
-3.356593
-5.626338
-10.446480
-15.477623
-16.476767
-15.807152
-14.915466
-9.420599
1.374143
7.917200
14.127323
19.998380
16.860792
12.479510
10.545424
4.696335
-2.850975
-5.325420
-9.452615
-14.950718
-16.387871
-15.735797
-14.872381
-10.586296
-0.130108
7.280452
13.090202
19.986119
18.134287
13.369492
11.342594
6.351301
-1.897471
-5.052260
-8.406469
-14.241082
-16.371693
-15.814645
-15.007939
-11.607919
-1.376356
6.984132
12.280941
19.553219
19.077914
13.845818
11.632272
7.467781
-0.646966
-4.656485
-7.515805
-13.399124
-16.276155
-16.262361
-15.598536
-12.960434
-3.638608
5.523307
10.707038
18.243449
19.376959
14.201232
11.669057
8.329153
0.357117
-4.713024
-7.120882
-12.929440
-16.163758
-16.402176
-15.765258
-13.827085
-5.543743
4.527739
9.872402
17.230170
19.875935
14.851264
12.009484
9.146758
1.749992
-4.062312
-6.142003
-11.761189
-15.759809
-16.240733
-15.654564
-14.253003
-7.012912
3.588881
9.359632
16.311237
20.283631
15.697139
12.210608
9.798152
2.908877
-3.650188
-5.589383
-10.848216
-15.578611
-16.415460
-15.676873
-14.653887
-8.558375
2.103192
8.417368
14.981031
20.294360
16.644853
12.619666
10.453463
4.123449
-3.179141
-5.432878
-9.979521
-15.197481
-16.388212
-15.896899
-14.957360
-10.019881
0.719343
7.723570
13.798986
20.149435
17.608234
12.895720
10.915313
5.512238
-2.340078
-5.055666
-8.861167
-14.438459
-16.230685
-15.983241
-15.199695
-11.163609
-0.859669
6.810597
12.492963
19.617251
18.262523
13.233083
11.352301
6.721360
-1.474449
-5.114079
-8.249283
-14.150824
-16.411373
-16.286033
-15.583890
-12.599400
-2.796650
5.685772
11.076587
18.629347
18.912894
13.833897
11.475938
7.757289
-0.359501
-4.794257
-7.311617
-13.132777
-16.011000
-15.943561
-15.232052
-13.024466
-4.105398
5.403927
10.627849
18.093416
19.958190
14.812435
12.079307
8.900166
1.130445
-4.147802
-6.434407
-12.293032
-15.910523
-16.091551
-15.522752
-13.909510
-5.988734
4.169771
9.631600
16.771214
19.868272
15.049321
11.902877
9.346179
1.839740
-4.287958
-6.223917
-11.650835
-16.049658
-16.566345
-15.871695
-14.718430
-7.899489
2.657175
8.513417
15.425512
20.075185
15.804257
12.185914
10.026693
3.357274
-3.768717
-5.687646
-10.421617
-15.143497
-16.013214
-15.445607
-14.672961
-8.997747
1.691750
8.381435
14.823675
20.562410
17.188447
12.772424
10.835954
5.033016
-2.665860
-5.165509
-9.225437
-14.826741
-16.503334
-15.991245
-15.122890
-10.650158
-0.104393
7.115943
13.047968
19.748211
17.764057
12.960775
10.891642
5.844661
-2.162967
-5.288805
-8.805650
-14.307840
-16.228131
-15.964849
-15.332188
-11.821134
-1.675401
6.471532
11.949028
19.270182
18.685886
13.723714
11.503696
7.302420
-0.820501
-4.632984
-7.545607
-13.361999
-15.985625
-15.785694
-15.146392
-12.498583
-2.893039
6.161588
11.258125
18.650804
19.221136
13.828278
11.350768
7.888419
0.135558
-4.761900
-7.247414
-13.083560
-16.383444
-16.259806
-15.452760
-13.747896
-5.221878
4.603182
10.118144
17.468418
19.809859
14.896052
11.838334
8.891310
1.253060
-4.491806
-6.634167
-12.097699
-15.957355
-16.349384
-15.562773
-14.093944
-6.665673
3.701959
9.407316
16.727448
20.524945
15.828099
12.476785
10.032484
2.787283
-3.620386
-5.756957
-11.042527
-15.572480
-16.371863
-15.848705
-14.714003
-8.246558
2.369029
8.397784
15.128340
20.316328
16.488348
12.492452
10.302748
3.962857
-3.268548
-5.493164
-10.246379
-15.226432
-16.316516
-15.945264
-15.118974
-9.826081
0.880446
7.532324
13.696636
19.930942
17.087119
12.644018
10.681493
5.157164
-2.566576
-5.246571
-9.278059
-14.745849
-16.362667
-15.910353
-15.145711
-10.981730
-0.306538
7.276876
13.057675
19.910336
18.182141
13.192211
11.185919
6.404093
-1.738582
-4.941395
-8.241790
-14.132602
-16.317708
-16.041824
-15.400648
-12.159518
-2.180338
6.278413
11.795759
19.099712
18.806798
13.759477
11.658328
7.622583
-0.662463
-4.846879
-7.571493
-13.652529
-16.326223
-16.239711
-15.667677
-13.220140
-4.082237
5.269051
10.714190
18.257073
19.702230
14.506749
11.802741
8.636032
0.711850
-4.225799
-6.413971
-12.225934
-15.734775
-15.988520
-15.317883
-13.694082
-5.534376
4.359313
9.713854
17.258951
20.186390
15.164614
12.005908
9.305137
1.816579
-4.191569
-6.308726
-11.708736
-15.831505
-16.393491
-15.736818
-14.443568
-7.365601
3.056186
8.608784
15.550852
19.906930
15.625613
11.916331
9.787253
3.005096
-3.846543
-5.921807
-10.928937
-15.748399
-16.588824
-15.839849
-14.798130
-8.671454
2.160754
8.544922
15.056474
20.591872
17.007589
12.735810
10.557004
4.448550
-2.808911
-5.117825
-9.505749
-14.873743
-16.276666
-15.899965
-15.188966
-10.403906
0.627722
7.660559
13.634307
20.251274
17.760651
12.966735
10.962316
5.722216
-2.160583
-4.965408
-8.802244
-14.398949
-16.333716
-15.966041
-15.336786
-11.619329
-1.429830
6.545612
12.282133
19.352777
18.213987
13.143505
11.052064
6.670441
-1.454183
-5.022117
-7.897786
-13.631582
-16.181810
-15.966892
-15.265942
-12.562786
-2.914497
5.886725
11.425700
18.840858
19.268990
13.931649
11.492797
7.760525
-0.270775
-4.800899
-7.199560
-13.080324
-16.109943
-16.266448
-15.533992
-13.311080
-4.478523
5.107777
10.377509
17.900808
19.889389
14.774118
11.835950
8.691549
0.904969
-4.448209
-6.767852
-12.420586
-15.910864
-16.187429
-15.601431
-13.935396
-6.277391
3.927776
9.496042
16.663756
20.259108
15.655926
12.302739
9.629556
2.414669
-3.979206
-5.986180
-11.265618
-15.523263
-16.171251
-15.534333
-14.325040
-7.871560
2.647979
8.636543
15.411036
20.148754
16.283308
12.413604
10.103498
3.597736
-3.555502
-5.686453
-10.420595
-15.511853
-16.631229
-15.885489
-14.966897
-9.432690
1.277753
7.858617
14.193910
19.884961
16.751630
12.468951
10.589531
4.744870
-2.910069
-5.409888
-9.524822
-14.909506
-16.354493
-15.946797
-15.209743
-10.782140
-0.169447
7.143532
13.138396
19.906930
17.935549
13.042348
10.974237
6.023475
-1.997777
-5.086660
-8.632115
-14.349563
-16.392469
-16.211271
-15.514408
-12.003013
-1.797676
6.444795
11.850085
19.176517
18.605505
13.382605
11.077779
7.060937
-0.924723
-4.883323
-7.845845
-13.683353
-16.299486
-16.201224
-15.572309
-12.937614
-3.459113
5.737032
10.953120
18.472672
19.556965
14.238868
11.681148
8.306674
0.372955
-4.389456
-6.777559
-12.591226
-15.897410
-16.048806
-15.327079
-13.461964
-5.122934
4.797322
10.183539
17.585584
20.138196
15.171255
12.162072
9.217092
1.618692
-4.207066
-6.218297
-11.864560
-15.962805
-16.470126
-15.785864
-14.471497
-7.147278
3.277063
9.092263
16.187940
20.119633
15.661376
12.219633
9.694270
2.645254
-3.964560
-5.917379
-11.031287
-15.608924
-16.386339
-15.852792
-14.866761
-8.656808
1.936299
8.103677
14.768158
20.165273
16.543014
12.491090
10.446480
4.324743
-3.075600
-5.383492
-9.840897
-14.894349
-16.224384
-15.773603
-14.843089
-9.902375
0.766345
7.675375
13.775826
20.182133
17.535346
12.860468
10.787249
5.419765
-2.420289
-5.293744
-9.016991
-14.656442
-16.377994
-15.965870
-15.243292
-11.378527
-1.037632
6.697518
12.285539
19.256387
17.964670
13.238021
11.146920
6.559065
-1.492841
-4.991974
-8.280277
-14.118467
-16.361134
-16.056470
-15.314307
-12.359619
-2.662284
6.105389
11.487688
18.877132
19.118786
14.171430
11.705160
7.673161
-0.186988
-4.531315
-7.220677
-13.162238
-15.983922
-16.231026
-15.522752
-13.363361
-4.507474
5.104542
10.364226
17.718247
19.392967
14.392308
11.638744
8.474248
0.687156
-4.451956
-6.768533
-12.542861
-16.131060
-16.442197
-15.664782
-13.968945
-6.142173
3.887415
9.382282
16.571624
19.840513
15.145881
11.905261
9.376492
2.115965
-4.143204
-6.164142
-11.392662
-15.504701
-16.197647
-15.490736
-14.149632
-7.352488
3.032514
8.915833
15.977621
20.516089
16.406775
12.586628
10.394709
3.656319
-3.374985
-5.553109
-10.440009
-15.246868
-16.332865
-15.817370
-14.781271
-9.103503
1.490457
7.985660
14.397587
20.170893
17.001459
12.687274
10.654926
4.706553
-2.950600
-5.577121
-10.113716
-15.290124
-16.719443
-16.245331
-15.464340
-10.903222
-0.365973
6.843465
12.792349
19.522905
17.537049
12.960093
10.984455
5.980389
-1.947880
-4.991974
-8.581196
-14.383452
-16.268662
-15.842915
-15.155758
-11.670249
-1.580885
6.597553
12.119838
19.381217
18.698318
13.680288
11.575052
7.309232
-0.738757
-4.607098
-7.456030
-13.437782
-16.116415
-16.013214
-15.265260
-12.550695
-3.181696
5.753892
10.954482
18.314975
19.115550
13.808012
11.366946
7.907663
-0.215939
-4.986525
-7.391487
-13.202088
-16.448668
-16.593593
-15.712466
-13.717924
-5.208254
4.619701
9.968962

