3.770760
6.902048
3.701959
0.548022
-0.630277
-5.331550
-10.372230
-8.243833
-6.216594
-4.259348
1.403093
4.757302
2.105917
1.584802
4.233633
2.590077
2.799204
6.435258
4.164151
0.245060
-1.071692
-4.700252
-10.249274
-9.202787
-6.836653
-5.122083
0.336170
4.395076
2.402578
1.098088
3.796475
2.709287
2.279111
6.257296
4.931007
0.670978
-0.805855
-3.719670
-9.741783
-10.121550
-7.204839
-5.587850
-0.531163
4.214559
3.275701
1.289504
3.776550
3.488234
2.377374
6.266832
5.825758
1.443284
-0.170980
-2.657005
-8.851801
-10.118314
-7.053103
-5.791528
-1.487902
3.731932
3.485680
0.619037
2.671310
3.445148
1.789331
5.070823
6.046976
1.800401
-0.281845
-2.244370
-8.267335
-10.933025
-8.042029
-6.707396
-2.936125
2.857958
3.828321
0.857796
2.491134
3.910065
1.616989
4.049710
6.068775
2.251693
-0.389814
-1.767363
-6.686790
-10.451419
-7.813488
-6.221192
-3.073045
2.821684
4.753045
1.736368
2.603361
4.857779
2.739089
4.379920
7.184574
3.624473
0.331572
-1.087870
-5.740268
-10.378190
-8.326939
-6.251505
-3.818274
1.726151
4.520076
1.936810
1.668930
4.088708
2.361877
3.325258
6.844827
3.836666
0.246252
-0.961678
-5.129235
-10.683707
-9.294919
-6.951264
-4.968643
0.277417
4.120895
2.192770
1.074587
3.551926
2.420119
2.287797
6.281478
4.481588
0.632490
-0.478881
-3.746067
-9.835277
-9.504386
-6.719146
-5.271605
-0.179325
4.512072
3.171819
1.268046
4.015139
3.495387
2.359492
5.972045
5.320311
0.952142
-0.621080
-3.028257
-8.920601
-9.740591
-6.850788
-5.414145
-0.711850
4.275186
3.533704
1.008000
3.590754
3.861189
2.098254
5.761044
6.210974
1.789672
-0.224795
-2.441406
-8.298159
-10.515111
-7.609299
-6.226812
-1.976490
3.493173
4.099097
1.344681
3.125327
4.149335
2.125161
5.234650
6.661415
2.361706
0.106096
-1.505273
-7.299015
-10.660716
-7.694789
-6.239414
-3.009183
2.726316
4.350288
1.304320
2.172334
4.031147
1.976490
4.190377
6.657158
2.863748
0.025885
-1.118694
-6.139449
-10.643687
-8.144890
-6.468637
-3.859997
1.796143
4.464047
1.758848
1.650538
3.966774
1.983643
3.055504
6.310769
3.319298
-0.145606
-1.314708
-5.362374
-10.496037
-8.767843
-6.534542
-4.366125
1.290355
4.611526
2.252204
1.586335
4.310267
2.601998
2.776044
6.740604
4.659210
0.627552
-0.864097
-4.423686
-10.217939
-9.505749
-6.928785
-5.087171
0.163146
4.530975
2.952303
1.591614
4.491806
3.595693
2.837011
6.716592
5.271775
0.959975
-0.339406
-3.142697
-9.284871
-9.640285
-6.655114
-5.233118
-0.539507
4.192080
3.341607
1.099110
3.529276
3.515652
2.020257
5.704335
5.731753
1.554489
-0.205891
-2.514465
-8.699213
-10.255575
-7.147959
-5.931003
-1.766000
3.641333
3.654105
0.817776
2.790179
3.561974
1.701798
4.821164
5.886384
1.762424
-0.530481
-2.120393
-7.816042
-10.601452
-7.586820
-6.222214
-2.442598
3.202643
4.259518
1.302106
2.915178
4.398312
2.161435
4.633324
6.620203
2.517019
-0.421320
-1.827649
-6.841932
-10.740587
-8.108275
-6.350279
-3.202983
2.454860
4.480907
1.599278
2.296993
4.333087
2.159221
3.956556
7.180827
3.632818
0.337192
-1.097066
-5.858285
-10.892834
-8.857761
-6.742818
-4.184757
1.378741
4.416364
2.065727
1.746757
4.215070
2.493518
3.285408
6.737879
4.037619
0.406333
-0.650202
-4.526547
-10.111673
-8.793218
-6.392343
-4.650014
0.749826
4.622425
2.492666
1.245737
3.975800
2.865621
2.541031
6.216083
4.635538
0.796999
-0.558410
-3.851312
-9.785720
-9.406124
-6.814684
-5.406822
-0.099114
4.504408
3.010205
0.973940
3.694807
3.152915
2.061980
5.837509
5.251850
0.978197
-0.678131
-3.417901
-9.522438
-10.386876
-7.422652
-5.991629
-1.370396
3.959792
3.554651
1.111541
3.651040
4.072700
2.319472
5.778755
6.176063
1.695667
-0.290360
-2.235344
-8.232764
-10.386195
-7.329157
-6.044933
-2.077988
3.298691
3.979547
1.224790
2.936806
4.053116
2.220869
5.322695
6.761040
2.495221
0.094346
-1.599789
-7.276876
-10.632787
-7.908344
-6.489924
-3.149169
2.508334
3.815378
0.927278
1.934596
3.739085
1.643045
3.887074
6.567921
2.981254
0.135728
-1.208442
-6.376164
-10.753359
-8.373090
-6.821326
-3.992489
1.946517
4.549026
1.632997
2.038990
4.434415
2.496583
3.683226
6.747075
3.411259
0.082765
-1.074587
-5.008493
-10.073355
-8.377177
-6.334611
-4.172495
1.453161
4.775013
2.199411
1.610007
4.513093
2.729552
2.875158
6.737028
4.570825
0.604051
-0.780991
-4.588706
-10.461126
-9.691715
-7.075242
-5.298512
-0.117847
4.151549
2.475296
0.926767
3.654616
3.026724
2.555507
6.389107
5.078656
1.062666
-0.259876
-3.223419
-9.438481
-9.743656
-6.952456
-5.451611
-0.701462
4.119703
3.220524
1.155990
3.759009
3.741128
2.353021
6.038291
5.680152
1.341275
-0.180347
-2.358982
-8.469650
-9.859460
-6.988730
-5.806344
-1.556703
3.790855
3.847906
0.922339
2.906322
3.480060
1.531499
5.111694
6.209442
1.773153
-0.501020
-2.208608
-7.928780
-10.635172
-7.558891
-6.121056
-2.429996
3.313167
4.217795
1.178980
2.780472
4.326786
2.033029
4.633665
6.578990
2.439533
-0.251532
-1.785585
-7.031304
-10.711466
-7.933038
-6.359816
-3.107956
2.694300
4.610845
1.852172
2.598763
4.624810
2.417735
4.218306
6.888424
3.273317
0.261409
-1.155819
-6.186962
-10.861499
-8.528914
-6.649324
-4.183905
1.414163
4.297154
1.643726
1.565048
4.044771
2.381291
3.376177
6.678275
3.837177
0.368016
-0.836679
-5.067757
-10.535547
-8.925200
-6.652049
-4.627364
0.952823
4.590409
2.177613
1.150199
3.917898
2.706732
2.660751
6.554127
4.606247
0.590427
-0.592130
-3.967115
-9.858779
-9.292024
-6.740604
-5.132641
0.191927
4.721369
2.979551
1.308748
3.989254
3.121921
2.145427
6.063155
5.084787
0.827653
-0.738587
-3.335817
-9.258986
-10.038785
-7.285731
-5.729880
-0.916379
4.088708
3.296818
0.900711
3.389461
3.508159
2.112559
5.781991
5.888939
1.551424
-0.353030
-2.627713
-8.601121
-10.439668
-7.290670
-5.928278
-1.872437
3.730399
4.092455
1.370907
3.218991
4.037108
2.043247
5.121742
6.464379
2.205372
0.025545
-1.646110
-7.484300
-10.392155
-7.477658
-6.276199
-2.792733
3.022466
4.356078
1.357624
2.541372
4.275015
2.039160
4.131964
6.254741
2.337694
-0.440563
-1.685619
-6.918056
-11.030776
-8.302416
-6.517683
-3.770590
2.033370
4.366636
1.449926
1.957417
4.411425
2.426079
3.866128
6.959609
3.462689
0.101158
-1.265832
-5.789144
-10.683537
-8.583409
-6.427254
-4.091093
1.393046
4.466602
2.033540
1.510722
4.222223
2.857787
3.517355
7.079329
4.525185
0.763280
-0.401224
-4.597562
-10.403906
-9.192569
-6.713356
-4.905803
0.529119
4.556179
2.515146
1.150029
3.555502
2.495561
2.182892
6.138086
4.696846
0.700440
-0.797851
-3.769738
-9.703636
-9.797471
-7.023641
-5.319970
-0.188521
4.512242
3.086329
1.045636
3.802947
3.336668
1.981940
5.838360
5.392177
1.064028
-0.723771
-3.002882
-8.936780
-10.243654
-7.282325
-5.827802
-1.267195
3.936291
3.644909
1.052448
3.557035
4.073211
2.333096
5.739416
6.373950
2.079180
-0.102861
-2.284901
-8.413962
-10.750123
-7.737534
-6.215913
-2.393893
3.048352
3.909554
1.155479
2.587352
3.772123
1.927785
4.903078
6.544931
2.689702
0.262090
-1.363414
-6.878035
-10.446140
-7.553271
-6.070648
-2.857787
2.841779
4.451786
1.352174
2.213035
4.055500
1.939876
3.863062
6.501334
3.104721
0.116655
-1.134872
-5.880083
-10.346004
-8.114065
-6.326607
-3.711837
2.022300
4.643202
1.767193
2.139807
4.629408
2.301591
3.162282
6.481920
3.381457
-0.198569
-1.428638
-5.343131
-10.513408
-9.115253
-6.814514
-4.483121
1.051937
4.402399
2.047675
1.426424
4.271099
2.866643
3.251348
6.984983
4.567078
0.648158
-0.682388
-4.450934
-10.306835
-9.549856
-6.940535
-5.197866
-0.079870
4.312822
2.743857
1.151391
3.808226
3.111362
2.531154
6.331035
5.035571
0.986372
-0.222921
-3.221546
-9.497745
-9.706191
-6.902729
-5.705867
-0.984498
4.062823
3.296477
0.919785
3.299202
3.351995
1.955543
5.601304
5.470855
1.197713
-0.434773
-2.706562
-8.727482
-10.109970
-6.846871
-5.619356
-1.231432
4.177434
3.945827
1.184259
3.237895
3.985337
1.985856
5.249126
6.448882
2.217804
-0.187329
-2.026899
-7.781812
-10.549171
-7.618666
-6.108965
-2.264466
3.408534
4.442249
1.425062
2.979892
4.416704
2.075093
4.664830
6.729364
2.507142
-0.233310
-1.742670
-7.066045
-11.038440
-8.402382
-6.642342
-3.449406
2.162286
4.208088
1.377208
2.001694
4.078661
2.064364
3.823383
6.683384
3.262418
0.201634
-1.055513
-5.729539
-10.632787
-8.544241
-6.628888
-4.174198
1.471043
4.525525
1.911436
1.574584
4.158701
2.613579
3.348419
6.781476
4.192080
0.575100
-0.586680
-4.511050
-10.171277
-8.770738
-6.453139
-4.692929
0.772817
4.647800
2.513613
1.348427
4.100289
2.669096
2.318791
6.086145
4.358803
0.374658
-0.935452
-3.972564
-9.858097
-9.632792
-6.856918
-5.042042
-0.047854
4.431520
2.930675
1.034226
3.670795
3.094673
2.131632
6.176233
5.471366
1.149178
-0.501190
-3.085307
-9.215048
-10.242122
-7.302420
-5.667039
-1.236711
3.696169
3.620216
1.304320
3.623792
3.912619
2.391509
5.691392
6.019218
1.600981
-0.339746
-2.357449
-8.375815
-10.528394
-7.539988
-6.131785
-2.264466
3.181696
3.744364
1.051767
2.708094
3.812313
1.770599
4.642521
6.286587
2.247095
-0.182220
-1.823732
-7.382461
-10.718618
-7.842949
-6.327799
-2.966608
2.862385
4.388264
1.316071
2.363750
4.277229
2.079010
3.960814
6.463868
2.913986
0.094516
-1.288482
-6.084442
-10.218961
-7.831369
-6.133318
-3.445830
2.336502
4.725286
1.913650
2.308573
4.708426
2.639634
3.775358
6.906305
3.696510
0.213214
-1.173530
-5.520923
-10.708741
-9.013414
-6.867647
-4.607609
0.890834
4.327978
2.111197
1.348938
3.793580
2.506801
2.837522
6.454502
4.033531
0.331061
-0.834295
-4.522971
-10.367121
-9.538616
-7.108791
-5.322695
-0.114782
4.086154
2.527748
1.162291
3.943954
3.131287
2.645424
6.548847
5.171129
0.970364
-0.425577
-3.314529
-9.230375
-9.338345
-6.622928
-5.283185
-0.362567
4.364593
3.243685
1.029457
3.724609
3.529787
2.062150
5.797829
5.818095
1.646791
-0.222921
-2.809593
-8.868320
-10.284867
-7.357257
-6.159203
-1.686982
3.747770
3.475291
0.808580
2.980913
3.669092
1.718146
5.011218
6.076097
1.688685
-0.492675
-2.380439
-8.166688

