10.301897
-0.005279
-8.076259
-10.839360
-14.864036
-15.912567
-10.422128
-8.063146
-7.718291
-3.577811
1.476152
4.609142
11.653049
18.385308
16.694410
13.944421
10.932854
1.233646
-7.809401
-10.989394
-14.560052
-16.660861
-11.501993
-8.126497
-7.946832
-4.565716
0.879765
4.108633
10.306665
17.937933
17.515080
14.407805
11.925527
3.160579
-6.506273
-10.294233
-13.427734
-16.466379
-12.030602
-7.883310
-7.722207
-4.846028
0.689541
4.059247
9.299517
17.371348
18.099887
14.807156
12.858936
4.756110
-5.389622
-10.047129
-13.116768
-16.822474
-13.378859
-8.580685
-8.183718
-6.120546
-0.552280
3.176246
7.735320
15.932322
18.162046
14.722518
12.969971
6.314175
-4.222393
-9.816544
-12.435402
-16.660690
-14.418364
-8.924859
-8.064679
-6.449733
-1.189709
2.997262
6.895065
14.992271
18.530914
15.201058
13.435568
8.078132
-2.296652
-8.795091
-11.343275
-15.667507
-14.862163
-9.422983
-8.131436
-7.032326
-1.921313
2.891506
6.577287
14.381068
19.060373
15.827247
13.390269
8.796964
-1.523324
-8.918558
-11.326075
-15.211105
-15.426534
-9.836640
-8.190019
-7.722207
-3.408194
1.420123
4.870551
12.489217
18.846818
16.716719
14.041322
10.230882
0.142881
-8.228166
-11.083228
-14.680454
-15.993629
-10.310071
-7.684571
-7.766656
-3.905637
1.366138
4.475117
11.231729
18.565144
17.356362
14.370510
11.452266
1.956224
-7.334607
-10.660376
-13.946635
-16.319581
-11.312110
-7.753202
-7.765123
-4.719666
0.608649
3.767524
9.690183
17.495326
17.613513
14.594623
12.205328
3.540346
-6.598064
-10.824544
-13.866084
-17.169714
-12.853146
-8.302076
-7.952452
-5.428110
-0.135899
3.418582
8.530617
16.638551
18.001795
14.635835
12.825217
5.513941
-4.892690
-9.823356
-12.599911
-16.584907
-13.576916
-8.584261
-8.020401
-6.092106
-0.560113
3.270422
7.834945
16.128165
18.713815
15.180622
13.412748
7.178443
-3.294093
-9.239061
-11.815173
-15.954801
-14.302220
-8.760691
-7.901021
-6.581545
-1.435961
2.605574
6.306512
14.437948
18.447297
15.223367
13.264077
8.188146
-2.215249
-9.084599
-11.696815
-15.923125
-15.384299
-9.647267
-8.166688
-7.390295
-2.339738
2.399683
5.764110
13.372217
18.758774
15.856879
13.390950
9.168557
-1.104900
-8.837666
-11.290312
-15.184028
-15.964338
-10.292871
-8.145571
-7.860831
-3.592457
1.559768
4.812649
11.985983
18.534320
16.711780
14.238868
10.834421
0.792061
-7.918733
-10.980708
-14.760494
-16.596658
-10.995695
-7.764612
-7.608959
-3.993171
1.423189
4.547323
10.906969
18.434865
17.709391
14.928068
12.415648
3.340755
-6.152051
-9.857927
-13.030597
-15.996695
-11.336463
-7.510185
-7.375138
-4.493339
0.906501
4.104546
9.597540
17.587287
17.824003
14.417853
12.279919
4.016331
-6.240095
-10.697331
-13.727801
-17.307316
-13.548987
-9.124790
-8.858442
-6.529263
-1.096725
2.456733
7.310935
15.631403
17.350061
13.786895
12.048483
5.098070
-5.291189
-10.694265
-13.123921
-16.854831
-14.022418
-8.733783
-7.988385
-6.280286
-0.791550
3.294945
7.719142
16.320263
19.663572
16.440664
14.372213
8.287260
-2.356427
-8.601972
-11.215891
-15.334232
-13.882603
-8.304971
-7.271426
-6.265981
-1.384360
2.909899
6.494863
14.338664
18.820763
15.832697
13.711963
8.688484
-1.878909
-9.151016
-11.868647
-16.237668
-16.158989
-10.503360
-8.699553
-8.020912
-3.348589
1.482282
4.825933
12.313298
18.049989
15.751294
13.594457
9.917872
-0.090088
-8.042880
-10.781288
-14.652354
-15.844618
-10.342257
-7.920946
-7.436786
-3.268889
1.982110
5.391836
12.323175
18.979141
17.207009
14.349222
11.188814
1.659564
-7.267509
-10.397264
-13.811759
-15.977962
-11.196136
-8.273976
-8.225100
-4.722731
0.657865
3.907170
10.220664
17.696619
16.886507
13.616937
11.075224
2.141680
-7.494347
-11.176041
-14.177391
-17.173120
-12.609277
-8.749621
-8.746726
-5.888428
-0.283718
3.308398
9.044068
17.573493
18.678563
15.250785
13.055290
4.971879
-5.279950
-9.845666
-12.513399
-15.919719
-12.186936
-7.199219
-7.071836
-5.282675
0.074080
3.624133
8.216075
16.649451
19.083023
15.877656
13.860975
6.867136
-3.803968
-9.486505
-12.223039
-16.463995
-14.150313
-8.857421
-8.214712
-6.881101
-1.760210
2.167906
6.070307
14.213834
17.932994
14.669555
12.773616
7.049356
-3.674371
-10.169234
-12.622561
-16.770874
-15.581335
-9.727137
-8.556502
-7.457393
-2.536433
1.910073
5.627189
13.760669
18.829107
16.037566
14.230353
9.654249
-1.181534
-8.656638
-11.016301
-15.051365
-14.884472
-9.154933
-7.168055
-6.873778
-2.284050
2.624989
5.717107
13.106721
19.251789
16.964844
14.332192
10.619164
0.484501
-8.247580
-11.313302
-15.116589
-16.510657
-11.037418
-8.343799
-8.142335
-4.384518
0.788484
3.914833
10.639429
17.932313
16.958714
14.166151
11.330843
1.841102
-7.568427
-11.153391
-14.570951
-16.732046
-11.511530
-7.691554
-7.486854
-4.186630
1.166718
4.365104
10.165657
17.868962
17.911707
14.658655
12.555633
4.207066
-5.589213
-9.578466
-12.663092
-16.234432
-12.276002
-8.120537
-8.019209
-5.512238
0.081914
3.637586
8.736508
16.836609
17.818213
14.230694
12.119498
4.425389
-5.932365
-10.755403
-13.346331
-17.149619
-14.111655
-9.166683
-8.493662
-6.680148
-1.353196
2.594846
7.197346
15.645538
18.418857
14.990398
13.145719
6.705523
-4.030807
-9.705680
-11.991603
-15.886681
-13.851779
-8.236000
-7.309403
-5.955015
-0.992843
3.126689
7.068770
15.263217
19.387007
16.205992
14.207193
8.876664
-1.803126
-8.733102
-11.265448
-15.398434
-14.853137
-9.279762
-7.926396
-7.176399
-2.385889
2.177273
5.617482
13.319595
18.625259
15.759638
13.448511
9.140968
-1.261745
-9.047474
-11.782476
-15.722683
-16.292674
-10.529757
-8.548839
-8.237192
-3.804990
1.399858
4.687139
12.083054
18.648931
16.765935
13.969966
10.619674
0.787973
-7.918392
-10.806322
-14.248746
-15.897581
-10.361842
-7.472890
-7.437638
-3.895078
1.261575
4.721880
11.111668
18.631560
17.869643
14.807667
11.943579
2.633504
-6.866625
-10.609456
-13.925348
-16.638041
-11.757442
-7.956539
-7.880245
-4.998105
0.344685
3.453493
9.008987
16.967910
17.390421
14.244659
12.232576
3.933055
-6.163972
-10.491269
-13.452939
-17.047269
-13.184207
-8.565869
-8.280277
-5.895751
-0.153439
3.464222
8.411578
16.888039
18.697126
15.097516
13.109275
6.062984
-4.433393
-9.521587
-11.837142
-15.831164
-13.248239
-8.092948
-7.662262
-6.087678
-0.693287
3.311634
7.563829
16.028370
19.301176
15.692541
13.581514
7.615089
-3.262929
-9.855202
-12.304102
-16.317538
-14.952251
-9.344646
-8.393015
-7.477658
-2.485684
1.886913
5.422490
13.568401
18.337624
15.336616
13.375623
8.515460
-2.059766
-9.340729
-11.837653
-16.020536
-15.658481
-9.688309
-7.948194
-7.404770
-2.665179
2.174718
5.479540
12.933867
18.871512
16.563960
14.303241
10.558196
0.467982
-7.657494
-10.487863
-14.505216
-15.745504
-10.086128
-7.601806
-7.413455
-3.281832
2.102341
5.341428
12.075560
18.716029
17.160518
14.089857
11.090721
1.441070
-7.561445
-10.675703
-14.272588
-16.622373
-11.567048
-8.257798
-8.332218
-4.990271
0.496762
3.833260
10.107245
17.999070
17.645700
14.344965
11.849574
3.062827
-6.879398
-10.823011
-13.746023
-16.752311
-12.394530
-8.195979
-8.067914
-5.379745
0.143392
3.594501
9.034872
17.445598
18.328428
14.668022
12.916837
5.163295
-5.297661
-10.019711
-12.481894
-16.278199
-12.979337
-8.260693
-8.003541
-6.179299
-0.827312
2.887249
7.562467
16.098704
18.637180
15.198163
13.135501
6.401198
-4.285574
-10.030440
-12.612343
-16.608238
-14.103651
-8.646761
-7.916519
-6.697518
-1.546655
2.492496
6.320477
14.583043
18.647398
15.536547
13.631923
8.083412
-2.736194
-9.378365
-11.836120
-15.919890
-14.928750
-9.072168
-7.552079
-6.730046
-1.993009
2.600466
6.114585
13.782127
18.836600
16.300167
14.279400
9.566886
-0.814199
-8.653402
-11.459419
-15.621185
-15.911715
-9.922641
-7.778406
-7.211140
-2.863577
1.998118
5.205359
12.340035
18.317529
16.274793
13.832876
10.609116
0.702483
-7.989747
-11.039461
-14.892476
-16.783476
-11.397260
-8.378029
-8.015633
-4.241467
1.115969
4.367658
10.974067
18.129178
16.906772
13.988870
11.441197
2.466440
-6.714208
-10.043383
-13.383627
-16.232388
-11.653560
-8.124454
-8.080346
-4.809584
0.851665
4.258326
10.064670
18.044540
18.002135
14.481374
12.238707
3.914152
-5.974940
-10.070630
-12.852124
-16.283648
-12.471335
-8.114747
-8.056504
-5.787952
-0.017200
3.437996
8.306844
16.790118
18.256221
14.704977
12.497050
5.208765
-5.245038
-10.195460
-12.674502
-16.466039
-13.578108
-8.578130
-8.212839
-6.590060
-1.238585
2.876861
7.405962
15.852281
19.003493
15.559537
13.510159
7.043055
-3.814016
-9.837661
-12.125288
-16.105005
-14.237336
-8.643866
-7.640464
-6.787266
-1.872267
2.461161
6.290334
14.426197
18.998555
16.075032
14.177731
9.060247
-1.718146
-9.050369
-11.622225
-15.775646
-15.456847
-9.578126
-7.906982
-7.297482
-2.781153
1.800060
5.108970
12.809038
18.575021
16.100066
13.776847
9.888751
-0.295128
-8.569786
-11.320455
-15.011856
-15.954631
-10.345493
-7.886205
-7.545948
-3.463711
1.613583
4.858460
11.843613
18.668515
17.024790
14.226948
11.178766
1.625334
-7.120882
-10.334253
-13.888734
-16.029051
-11.015960
-7.816553
-7.288626
-3.937142
1.248292
4.393203
10.420254
18.005541
17.485959
14.397757
11.894192
3.005777
-6.730556
-10.599920
-13.855015
-17.002821
-12.537071
-8.520229
-8.303268
-5.508832
0.072888
3.518888
8.866106
17.009803
17.958028
14.502321
12.422459
4.484824
-5.745377
-10.342939
-13.059207
-16.762359
-13.282810
-8.344821
-7.906130
-5.914654
-0.464235
3.294604
7.926226
16.308853
18.602610
15.281269
13.596160
7.043736
-3.607443
-9.248597
-11.896746
-16.088826
-14.013903
-8.803776
-8.065530
-6.559747
-1.319817
2.864259
6.988730
15.169552
18.763372
15.350921
13.380902
7.790838
-2.936295
-9.518862
-11.855534
-15.894004
-14.817204
-9.257964
-8.102315
-7.188661
-2.523490
1.934086
5.679301
13.694593
18.814972
15.847002
13.628687
9.018864
-1.350641
-8.916685
-11.443581
-15.281609
-15.442371
-9.730373
-7.755075
-7.447004
-3.081901
1.901558
5.191054
12.647084
19.000258
16.943387
14.291491
10.571650
0.599963
-7.877690
-10.887044
-14.622041
-16.112838
-10.606732
-7.884502
-7.826601
-4.137584
1.091957
4.275015
10.921274
18.392290
17.543180
14.487846
11.558533
2.076456
-7.413966
-10.877166
-14.227629
-16.794205
-11.696815
-7.936954
-7.882289
-4.832234
0.576803
3.741469
9.490762
17.482042
17.780066
14.667000
12.535538
4.070997
-5.905628
-10.011707
-13.010332
-16.536031
-12.593269
-8.100101
-7.798842
-5.480392
0.009366
3.480571
8.497579
16.712291
18.293687
15.092577
13.228825
5.859477
-4.811457
-10.102136
-12.779747
-16.670738
-13.775144

