11.565685
8.012738
0.014646
-4.815034
-7.323367
-13.217926
-16.370841
-16.520364
-15.665974
-13.520377
-5.027567
4.730906
9.967429
17.394849
19.670895
14.712640
11.817217
8.973735
1.452139
-4.057714
-6.189857
-11.877332
-15.687602
-16.219786
-15.655415
-14.098201
-6.522962
3.827640
9.312289
16.425848
20.052535
15.395028
11.968102
9.571995
2.542394
-3.868682
-5.850792
-11.041335
-15.525818
-16.258614
-15.720640
-14.732395
-8.278745
2.440895
8.398976
15.108756
20.062583
16.289609
12.404408
10.274138
3.894397
-3.215585
-5.320140
-10.123083
-15.300342
-16.312769
-15.818562
-14.948504
-9.704317
1.215594
8.083241
14.110804
20.171744
17.373392
12.813977
10.919060
5.506618
-2.203328
-4.924536
-8.889266
-14.514923
-16.334397
-15.898091
-15.121698
-11.099577
-0.685453
6.982429
12.698684
19.535167
17.954452
13.066019
11.155094
6.592103
-1.589400
-5.065543
-8.261033
-14.131410
-16.416311
-16.228471
-15.466213
-12.348550
-2.441917
6.058386
11.565856
19.000428
18.986804
13.737168
11.499439
7.795947
-0.302451
-4.485335
-7.038798
-12.930802
-15.970298
-16.085080
-15.467576
-13.214520
-4.256793
5.208765
10.434049
18.065487
19.823824
14.607225
11.670930
8.629220
0.835317
-4.438162
-6.654773
-12.431315
-16.009808
-16.266959
-15.576737
-14.073338
-6.280116
3.913130
9.251833
16.497374
19.893646
15.124593
11.815173
9.264605
1.951286
-4.159042
-6.196158
-11.539970
-15.766621
-16.302722
-15.580484
-14.363698
-7.706710
2.974272
9.108612
15.836443
20.495313
16.359431
12.518167
10.204826
3.691231
-3.247431
-5.347899
-10.086809
-15.025650
-16.132082
-15.604496
-14.770372
-9.317909
1.392365
8.168731
14.508281
20.407268
17.203433
12.810060
10.755914
4.718985
-2.944299
-5.573545
-9.680305
-15.076229
-16.539097
-16.051701
-15.379361
-10.973556
-0.600815
6.807191
12.821811
19.617251
17.780406
12.988874
10.941369
6.088189
-1.870734
-5.110673
-8.536066
-14.131921
-16.196626
-16.006742
-15.374252
-12.058020
-2.010209
6.310599
12.014423
19.302538
19.109930
13.900995
11.484282
7.512059
-0.482627
-4.636049
-7.496050
-13.260841
-15.918698
-15.866246
-15.262706
-12.680122
-3.601483
5.431005
10.526010
17.957006
19.273928
14.242445
11.612858
8.218118
0.295298
-4.673004
-7.117305
-13.068914
-16.322136
-16.504186
-15.715020
-13.864211
-5.669764
4.319463
9.742464
17.062766
19.866058
15.164273
12.069770
9.229183
1.803807
-4.123960
-6.205014
-11.744329
-15.849727
-16.330140
-15.618631
-14.323677
-7.232768
3.326791
9.200062
16.131912
20.324843
16.128165
12.452943
10.218961
3.505605
-3.225974
-5.409718
-10.518006
-15.360798
-16.452074
-15.915973
-14.972516
-9.065185
1.665354
8.029597
14.557668
20.212276
16.744477
12.439489
10.264090
4.234314
-3.149509
-5.411421
-9.708064
-14.809200
-16.106878
-15.791484
-15.036889
-10.451249
0.087534
7.129908
13.203791
19.896541
17.663240
12.907812
10.978324
5.889790
-2.183574
-5.169085
-8.754901
-14.340367
-16.243117
-15.797956
-15.230690
-11.569943
-1.353707
6.815365
12.222869
19.396373
18.648761
13.519696
11.367287
7.093293
-0.965255
-4.814523
-7.914475
-13.801030
-16.299997
-16.049317
-15.333380
-12.689148
-3.248113
5.676235
10.962997
18.394334
19.323315
14.290299
11.886869
8.222035
0.245231
-4.589387
-7.176399
-13.062443
-16.226598
-16.297443
-15.539101
-13.696466
-5.129405
4.622936
9.957893
17.470803
19.894327
14.847687
11.969464
9.275164
1.756634
-3.866979
-6.000485
-11.623587
-15.750613
-16.226939
-15.658821
-14.169727
-6.775686
3.513609
9.108271
16.085931
20.004341
15.473877
12.060574
9.829998
2.975975
-3.810610
-5.864246
-10.882616
-15.530757
-16.295910
-15.566690
-14.478139
-8.392845
2.269915
8.449554
14.929431
20.157950
16.378675
12.327773
10.357244
4.205023
-3.237554
-5.521604
-10.001659
-15.097857
-16.362667
-15.891961
-15.035186
-10.058028
0.717299
7.766315
13.858761
20.101922
17.480680
12.796095
10.791506
5.545276
-2.283369
-5.190032
-9.021078
-14.636857
-16.270365
-15.901838
-15.219791
-11.460270
-1.014812
6.722893
12.441703
19.394500
18.299818
13.445956
11.165483
6.739923
-1.290355
-4.880599
-8.151191
-13.941186
-16.176701
-16.111817
-15.352794
-12.547289
-2.882651
5.782332
11.229856
18.586942
18.978800
13.875621
11.589016
7.786921
-0.161614
-4.526717
-7.171461
-13.062102
-16.193560
-16.392810
-15.584060
-13.413429
-4.658699
4.827465
10.133982
17.539263
19.509622
14.702422
11.975084
8.797305
0.888450
-4.410233
-6.691899
-12.191364
-15.858582
-16.276325
-15.660695
-13.952936
-6.150688
3.813165
9.346349
16.610282
19.937243
15.261003
12.108258
9.710448
2.469676
-3.971372
-6.044422
-11.349746
-15.732391
-16.460930
-15.936409
-14.615740
-7.857425
2.778769
8.679969
15.490736
20.324162
16.259636
12.354680
10.186774
3.808056
-3.181185
-5.351816
-10.181665
-15.157972
-16.275815
-15.902860
-15.033484
-9.652546
1.221384
7.965735
14.186927
20.240034
17.213311
12.700898
10.671616
5.069120
-2.511740
-5.128554
-9.283679
-14.704296
-16.314983
-15.969958
-15.312604
-11.138575
-0.509535
7.068941
12.921265
19.719771
17.969438
13.074364
10.929789
5.966084
-1.911776
-5.078316
-8.389779
-14.269011
-16.325542
-16.158989
-15.612841
-12.399810
-2.511059
6.157160
11.788096
19.070591
18.724884
13.567209
11.306831
7.126672
-0.794785
-4.728181
-7.391657
-13.333218
-16.035182
-16.031606
-15.327760
-12.973206
-3.904785
5.464894
10.789633
18.299818
19.779546
14.668703
11.872905
8.458410
0.563690
-4.562991
-6.920610
-12.611321
-15.988691
-16.206162
-15.545743
-13.843775
-5.694457
4.225458
9.591920
16.940492
20.089660
15.279225
11.958224
9.278911
1.837867
-4.189525
-6.381103
-11.720998
-15.731539
-16.266278
-15.705994
-14.394692
-7.451432
3.082071
8.788960
15.751294
20.250934
16.126973
12.425184
10.286910
3.537621
-3.410407
-5.637407
-10.740416
-15.441179
-16.259125
-15.531267
-14.483929
-8.673157
1.971040
8.321660
14.657974
20.242759
16.795567
12.635844
10.660206
4.589387
-2.975464
-5.407674
-9.865761
-15.216214
-16.603810
-16.015598
-15.190840
-10.471003
0.158208
7.206202
13.232912
19.645521
17.352445
12.766463
10.829653
5.670786
-2.158199
-5.083765
-8.833919
-14.497723
-16.435385
-16.006742
-15.222004
-11.575222
-1.194307
6.861516
12.456179
19.606352
18.554585
13.485636
11.361837
7.107939
-0.849962
-4.553795
-7.675716
-13.489383
-15.932662
-15.924317
-15.186412
-12.385845
-2.864599
6.104197
11.308704
18.787043
19.410849
14.019523
11.601448
7.917540
-0.231607
-4.886048
-7.372584
-13.235297
-16.323498
-16.390766
-15.727111
-13.592243
-4.876511
4.639966
10.034186
17.452921
19.541468
14.473200
11.485134
8.563484
1.038143
-4.380260
-6.498269
-12.103319
-15.865905
-16.377824
-15.760320
-14.215878
-6.475278
3.818103
9.517499
16.798803
20.343406
15.767472
12.519700
9.814671
2.607448
-3.649337
-5.740438
-11.022261
-15.229327
-15.763044
-15.402011
-14.413595
-8.147103
2.443790
8.558205
15.236650
20.164933
16.209057
12.351445
10.125296
3.462519
-3.673349
-5.785738
-10.569266
-15.499251
-16.406604
-15.760660
-14.802899
-9.513072
1.130615
7.772616
14.073678
20.020519
16.952242
12.553249
10.649817
4.907846
-2.796650
-5.373955
-9.371213
-14.810051
-16.477108
-15.925680
-14.980180
-10.564668
-0.032187
7.370540
13.225079
20.125423
18.120323
13.165133
11.102131
6.253379
-1.834290
-5.120890
-8.609465
-14.252663
-16.373566
-16.179596
-15.537569
-12.169395
-2.051592
6.223066
11.758975
19.165959
18.800327
13.577087
11.336293
7.250990
-0.841277
-4.660572
-7.555144
-13.433014
-16.046933
-16.098022
-15.550000
-12.914113
-3.472056
5.644390
10.904755
18.459729
19.482544
14.341048
11.746713
8.298840
0.437668
-4.273653
-6.556170
-12.494155
-15.768664
-15.933003
-15.218258
-13.522250
-5.165168
4.665341
10.038103
17.278705
19.820418
14.830657
11.755058
8.777891
1.109498
-4.679986
-6.640979
-12.121882
-16.082014
-16.621862
-15.886681
-14.578274
-7.244859
3.289495
9.010349
16.234432
20.072971
15.506233
11.868477
9.388753
2.396788
-4.179137
-6.167037
-11.061600
-15.548808
-16.375950
-15.654905
-14.568908
-8.468628
2.141339
8.492640
15.283482
20.535503
16.878673
12.967076
10.807514
4.548686
-2.853189
-5.356925
-9.967600
-14.959063
-16.210420
-15.621526
-14.689990
-9.631259
1.028436
7.801056
13.953107
20.181452
17.597164
12.970992
10.923318
5.375658
-2.322708
-5.218812
-9.240764
-14.677899
-16.432660
-16.152178
-15.330485
-11.281967
-0.835487
6.687641
12.410028
19.415447
17.951897
12.934719
10.912248
6.228004
-1.979896
-5.172491
-8.452279
-14.186757
-16.377824
-16.168526
-15.339681
-12.165138
-2.257143
6.228174
11.610985
18.870320
18.853971
13.820444
11.566366
7.470506
-0.534228
-4.786764
-7.617474
-13.501814
-16.244139
-16.117437
-15.311411
-12.929780
-3.895930
5.392177
10.843788
18.317018
19.548280
14.556817
11.967931
8.565869
0.556707
-4.519905
-6.868328
-12.755394
-16.224214
-16.478811
-15.840701
-14.011349
-5.689689
4.324232
9.855713
17.214673
19.994293
15.000616
11.920759
9.315014
2.004419
-3.984485
-6.020750
-11.550869
-15.723194
-16.322477
-15.727792
-14.395373
-7.196665
3.210136
8.914130
16.087975
20.346812
15.974556
12.205669
10.033846
3.149680
-3.600291
-5.707570
-10.744333
-15.286548
-16.133615
-15.578951
-14.624425
-8.693763
1.940557
8.157832
14.709915
20.051513
16.431979
12.309892
10.131087
4.040343
-3.324577
-5.628892
-10.187796
-15.271221
-16.496863
-15.997205
-15.096835
-10.139091
0.517368
7.502692
13.698850
19.988332
17.446109
12.897764
10.865756
5.429813
-2.418927
-5.198036
-9.046963
-14.701230
-16.340699
-15.958037
-15.278884
-11.346170
-0.930514
6.964888
12.520041
19.616740
18.554415
13.597522
11.490243
6.739071
-1.527071
-5.010877
-8.134161
-13.949190
-16.232218
-15.970979
-15.273605
-12.436424
-2.727168
5.885363
11.284351
18.620150
18.905061
13.764756
11.494330
7.820981
-0.228882
-4.684074
-7.287775
-13.153042
-16.235454
-16.221489
-15.402351
-13.072150
-4.191739
5.429472
10.586807
17.873219
19.558157
14.422451
11.766297
8.742298
1.072884
-4.318101
-6.615945
-12.324197
-15.903200
-16.118118
-15.382426
-13.650315
-5.766835
4.229716
9.636709
16.952412
20.029715
15.106712
11.803423
9.123768
1.845019
-4.362038
-6.370885
-11.772258
-16.004528
-16.586610
-15.977280
-14.734949
-7.862534
2.848080
8.682694
15.666996
20.283801
16.014746
12.140785
9.866783
3.324917
-3.555332
-5.687475
-10.499443
-15.375444
-16.302722
-15.595470
-14.689650
-9.071997
1.815217
8.433546
14.724731
20.460401
17.195770
12.980189
10.849408
4.964897
-2.619369
-5.013772
-9.334258
-14.723539
-16.221489
-15.713828
-14.927558
-10.502849
-0.049387
7.173845
13.126305
19.701549
17.491068
12.742792
10.684729
5.550385
-2.469506
-5.457912
-8.967093
-14.613867

