-10.219301
-8.540154
-6.513085
-4.549197
1.078333
4.576615
2.094678
1.288142
3.932033
2.505609
2.668755
6.362881
4.385539
0.576121
-0.769411
-4.479204
-10.089023
-9.125812
-6.694623
-4.994358
0.186307
4.336153
2.577305
1.128912
3.924710
2.908707
2.165522
5.863905
4.609653
0.577484
-0.819649
-3.619875
-9.510347
-9.708575
-6.881271
-5.406652
-0.534909
4.394225
3.484317
1.358305
4.048177
3.824915
2.368348
6.087848
5.728858
1.312324
-0.399181
-2.691065
-8.751665
-10.270561
-7.178443
-5.780118
-1.651560
3.546476
3.588711
1.045806
3.290176
3.994192
2.261060
5.571842
6.319455
1.891170
-0.375339
-2.113070
-7.873092
-10.558537
-7.517168
-6.265129
-2.717802
2.761057
3.669262
0.714745
2.270596
3.936972
2.090250
4.769564
6.568772
2.350977
-0.187499
-1.682895
-6.990092
-10.678598
-7.861001
-6.181002
-2.937828
2.837862
4.759005
1.618522
2.160583
4.030466
2.006292
3.841434
6.838867
3.360850
0.176430
-1.131466
-5.894048
-10.530608
-8.417198
-6.530285
-4.065037
1.677445
4.526888
1.836334
1.537800
4.181351
2.460309
3.177779
6.673336
3.877538
0.136750
-1.046828
-5.088704
-10.628700
-9.160382
-6.754909
-4.785231
0.668764
4.514285
2.401216
1.217127
3.957748
2.901895
2.793755
6.593636
4.862377
0.963211
-0.361204
-3.769398
-9.899821
-9.691204
-6.893362
-5.232777
-0.262090
4.413809
3.150531
1.261745
3.742831
3.327131
2.388443
6.204333
5.451611
1.266684
-0.199761
-2.774170
-8.989232
-10.014091
-7.121563
-5.850792
-1.228707
3.889459
3.351825
0.859669
3.269570
3.566912
1.830884
5.261728
5.669594
1.392024
-0.522307
-2.319302
-8.133309
-10.421787
-7.423503
-6.208931
-2.258335
3.360510
3.860337
0.917401
2.900021
4.094839
2.032518
4.954679
6.489754
2.216952
-0.372614
-1.808064
-7.223913
-10.494505
-7.682187
-6.186962
-2.687318
3.033876
4.579851
1.465763
2.264295
4.100289
2.069133
4.116808
6.680148
3.035750
0.034400
-1.345873
-6.131104
-10.527372
-8.192403
-6.463357
-3.824234
1.683916
4.165173
1.550913
1.606941
4.047326
2.341781
3.689868
6.700073
3.485169
0.080041
-1.132318
-5.630425
-10.861158
-9.003196
-6.574222
-4.445996
1.097747
4.531315
2.151557
1.502548
3.971202
2.494029
2.688340
6.479195
4.448209
0.607286
-0.705549
-4.118340
-9.943077
-9.226458
-6.582056
-4.820313
0.366654
4.545280
2.663476
1.021113
3.864084
3.106424
2.335991
6.317411
5.315883
1.075097
-0.494208
-3.411770
-9.501491
-10.127851
-7.153239
-5.666358
-0.926086
3.866128
3.169264
0.897816
3.433568
3.667729
2.241646
5.849089
5.970172
1.547166
-0.356095
-2.562489
-8.588008
-10.391133
-7.280452
-5.735159
-1.418931
3.873961
3.807885
0.868014
2.655983
3.408194
1.729556
4.820142
6.145920
2.269745
0.097070
-1.851831
-7.596697
-10.465384
-7.555144
-6.264618
-2.751521
3.065722
4.416364
1.468829
2.756459
4.453148
2.275194
4.537276
6.710291
2.703156
-0.239270
-1.698392
-6.791694
-10.980027
-8.329494
-6.521770
-3.582069
2.203158
4.625150
1.748460
2.084119
4.343646
2.312490
3.708090
6.863560
3.721884
0.411272
-0.850984
-5.497592
-10.704483
-8.822680
-6.693602
-4.387583
1.172168
4.516159
2.243519
1.570838
4.076617
2.470357
3.068447
6.667716
4.243851
0.615801
-0.519923
-4.443441
-10.244846
-9.221009
-6.730556
-4.909209
0.445332
4.467794
2.612386
1.218660
4.063334
2.971036
2.412455
6.224258
4.833766
0.790698
-0.519242
-3.493854
-9.342602
-9.512731
-6.809746
-5.318267
-0.271286
4.545791
3.288644
1.239266
3.967796
3.697532
2.258505
6.020921
5.746228
1.374824
-0.508683
-2.839395
-8.997236
-10.429621
-7.355554
-6.083080
-1.706055
3.663812
3.626857
0.861883
3.032344
3.920453
2.178124
5.372592
6.271260
1.833609
-0.297342
-2.231768
-8.079835
-10.807514
-7.731404
-6.233794
-2.622945
2.860853
3.819466
0.876359
2.224616
3.893546
2.179486
4.827125
6.785052
2.809422
0.436476
-1.204354
-6.900515
-10.793379
-7.829155
-6.183386
-3.161430
2.584798
4.657337
1.776559
2.262592
4.110336
2.032518
3.897292
6.934404
3.442424
0.128065
-1.021283
-5.554301
-10.552236
-8.338349
-6.185940
-3.837347
1.830033
4.550219
1.650027
1.166889
3.772804
1.893384
2.697025
6.323542
3.917558
0.198058
-1.006637
-4.755769
-10.303770
-9.258475
-6.947347
-4.825762
0.538996
4.720688
2.782345
1.584462
4.270758
3.040518
2.672161
6.575074
4.868167
0.945330
-0.481435
-3.767014
-9.701082
-9.571654
-6.912947
-5.231415
-0.107970
4.546983
3.307036
1.244034
3.778083
3.376348
2.300739
5.970001
5.500657
1.349109
-0.247444
-2.965757
-9.100267
-10.130065
-7.188150
-5.961316
-1.449755
3.654105
3.420625
0.861713
3.014633
3.594160
2.032178
5.375998
5.908694
1.699073
-0.245231
-2.123117
-8.080006
-10.394880
-7.284880
-5.995205
-2.177783
3.522464
4.158020
1.177958
2.841949
4.051924
1.905816
4.722561
6.539311
2.542564
-0.020095
-1.607963
-6.898301
-10.424001
-7.658345
-6.062474
-2.870049
2.769232
4.480055
1.430511
2.236537
4.148483
2.084970
4.142863
6.781135
3.122943
-0.089918
-1.435110
-6.264448
-10.803086
-8.627857
-6.483282
-3.777402
1.894747
4.528080
1.786947
1.806532
4.271609
2.368178
3.332070
6.667886
3.737722
0.345707
-0.868525
-5.039658
-10.447502
-8.798497
-6.577458
-4.581894
0.975132
4.642350
2.335821
1.284565
4.100289
2.812999
2.849272
6.761381
4.760197
0.883341
-0.465087
-4.008498
-9.953635
-9.412595
-6.655795
-5.076442
0.185115
4.623277
2.933741
1.058068
3.791196
3.254414
2.271107
6.096704
5.197014
1.031331
-0.502552
-3.270592
-9.329489
-9.972027
-7.011720
-5.686624
-0.996419
4.121746
3.441061
0.983477
3.337860
3.524337
2.130270
5.663804
5.815710
1.519067
-0.460488
-2.482789
-8.440529
-10.422468
-7.255077
-5.894559
-1.745735
3.776380
4.136392
1.311472
3.008672
3.846543
1.945666
5.161422
6.437983
2.151046
-0.111546
-1.801763
-7.609470
-10.843788
-7.839714
-6.419761
-2.946343
2.774341
4.312992
1.436302
2.519914
4.249471
2.149514
4.314184
6.654433
2.769572
-0.148671
-1.385893
-6.391662
-10.675192
-8.052417
-6.513936
-3.720692
2.135890
4.557371
1.641001
1.935618
4.502024
2.482448
3.682886
6.909200
3.762756
0.501020
-0.855752
-5.323376
-10.557686
-8.654084
-6.577969
-4.451615
1.242331
4.571506
2.020597
1.414333
4.177775
2.605234
3.005947
6.691388
4.289150
0.480584
-0.739098
-4.516159
-10.264260
-9.295600
-6.760529
-5.015986
0.285421
4.435778
2.590758
1.122781
3.966434
3.067936
2.572196
6.336314
4.903419
0.768730
-0.489269
-3.433909
-9.605885
-9.840216
-6.949561
-5.409377
-0.640665
4.221712
3.316743
1.212869
3.658192
3.564017
2.301080
5.992310
5.726814
1.382998
-0.340257
-2.684593
-8.795432
-10.398286
-7.181678
-5.761555
-1.435620
3.803628
3.686803
1.012087
3.058399
3.645590
1.891511
5.196503
6.249292
1.931701
-0.332253
-2.179657
-7.955687
-10.645730
-7.689851
-6.300381
-2.527578
3.221205
4.176923
1.248802
2.920287
4.371916
2.052443
4.738569
6.834950
2.842971
0.132833
-1.460825
-6.774153
-10.610819
-7.886716
-6.420442
-3.323896
2.513783
4.513093
1.549040
2.198049
4.251174
2.096381
3.847565
6.694453
3.233467
0.255789
-1.070499
-5.864586
-10.711806
-8.563995
-6.517172
-4.141671
1.551935
4.439865
1.733303
1.420464
3.940208
2.190726
3.111703
6.577969
3.764800
0.346729
-0.866311
-4.997594
-10.492802
-9.048496
-6.733962
-4.701785
0.777926
4.767690
2.753905
1.530818
4.161256
2.729212
2.482448
6.351641
4.600968
0.668083
-0.548874
-3.810951
-9.742464
-9.586981
-6.956203
-5.481754
-0.345707
4.180499
2.722740
0.944138
3.865446
3.317595
2.316577
6.164994
5.373103
0.940732
-0.652415
-3.279448
-9.332044
-10.172980
-7.144213
-5.775179
-1.161780
3.878048
3.344842
0.864438
3.250497
3.512417
1.906157
5.541529
5.920615
1.605068
-0.321184
-2.284220
-8.222886
-10.300194
-7.384505
-6.196329
-2.193110
3.401041
4.087516
1.249654
3.031492
4.137925
2.047675
4.914999
6.388937
2.170971
-0.206573
-1.751525
-7.357086
-10.545594
-7.622242
-6.123441
-2.956731
2.750158
4.294770
1.212188
2.104725
4.025017
2.079691
4.139287
6.585462
3.002031
0.006812
-1.384020
-6.525687
-10.908161
-8.310080
-6.415333
-3.782340
1.948731
4.485505
1.692602
1.867839
4.115445
2.204861
3.386736
6.638254
3.408023
0.064884
-0.875337
-5.064351
-10.428258
-8.679969
-6.447179
-4.382133
1.217127
4.624128
2.240113
1.726661
4.405124
2.888441
3.033195
6.777048
4.415682
0.360864
-0.900200
-4.482610
-10.373933
-9.547302
-6.875140
-5.022628
0.172513
4.357100
2.615792
1.020432
3.691060
2.897126
2.369881
6.351812
5.145924
0.927619
-0.573397
-3.423520
-9.476968
-9.829317
-6.971870
-5.691733
-0.844002
4.087176
3.154108
0.845364
3.433568
3.568956
2.156496
5.823544
5.745207
1.460654
-0.357117
-2.721718
-8.647101
-10.090726
-7.001843
-5.673511
-1.352685
4.119532
4.000493
1.084123
3.185443
3.962857
1.970870
5.111694
6.279094
2.054487
-0.283718
-2.263614
-7.904257
-10.692733
-7.656813
-6.192241
-2.511059
3.180844
4.108293
1.094852
2.515997
3.988743
1.952478
4.552773
6.537097
2.592632
-0.022650
-1.576628
-6.922483
-10.946989
-8.286749
-6.582056
-3.613915
2.140147
4.344497
1.542568
2.217463
4.305329
2.186469
3.935610
6.796803
3.298351
0.283378
-0.988756
-5.569628
-10.475261
-8.476802
-6.503889
-4.037448
1.661777
4.520076
1.767193
1.527071
4.121576
2.350977
3.104380
6.661585
4.022462
0.327655
-0.804322
-4.771096
-10.352986
-8.960962
-6.593125
-4.694632
0.752381
4.545621
2.280644
1.221555
4.155636
3.040348
2.704348
6.624801
4.820653
0.671829
-0.916379
-4.144566
-10.061264
-9.766136
-7.061788
-5.291530
-0.142881
4.553454
3.189700
1.248802
3.840242
3.163304
2.191578
6.037269
5.422660
1.274518
-0.253405
-2.967290
-9.117126
-10.019881
-7.207905
-5.954334
-1.418080
3.891332
3.576108
1.041038
3.356934
3.611360
2.091442
5.834954
6.251335
1.943793
-0.027759
-2.085822
-8.169242
-10.359117
-7.231576
-5.959783
-2.003397
3.545625
4.082407
1.129593
2.858979
3.901379
1.918248
4.782506
6.433214
2.362898
0.105245
-1.503059
-7.288626
-10.678938
-7.834094
-6.489243
-3.192595
2.676249
4.200595
1.284736
2.437660
4.108804
1.884188
4.041536
6.566559
2.847910
-0.069652
-1.356261
-6.357772
-10.873079
-8.440529
-6.593466
-3.764800
1.987900
4.378557

