12.302399
3.951958
-6.151370
-10.524307
-13.513565
-16.974722
-13.014078
-8.399146
-8.046457
-5.525521
-0.062840
3.450428
8.472545
16.721317
18.309355
14.802728
13.141632
6.023475
-4.620722
-9.873084
-12.683358
-16.789436
-13.930798
-8.724247
-8.024658
-6.238222
-0.903777
2.868686
7.004568
15.282801
18.356698
14.996018
13.304097
7.374287
-3.140143
-9.216581
-11.881079
-16.226598
-14.712129
-9.061439
-7.903576
-6.720168
-1.542568
2.790349
6.324564
14.231716
18.584899
15.297788
13.291155
8.515801
-1.853534
-8.824893
-11.351109
-15.643154
-15.567711
-9.846176
-8.173670
-7.521255
-2.457414
2.527067
5.836998
13.359274
18.796069
16.112668
13.541494
9.538106
-0.481946
-8.323533
-10.979176
-14.918702
-15.963657
-10.531800
-8.285216
-7.960115
-3.731762
1.659734
5.056007
12.047461
18.802030
16.985280
14.031274
10.705505
1.010214
-7.740600
-10.534695
-13.932671
-15.952247
-10.941369
-7.974931
-8.181504
-4.813841
0.557218
4.032680
10.498932
18.373217
17.915624
14.619998
12.123414
3.090927
-6.739242
-10.607753
-13.669218
-16.679593
-12.014934
-7.946491
-7.919754
-5.217450
0.129257
3.307036
8.739914
16.902685
17.870665
14.521905
12.618303
4.995380
-5.435773
-10.323695
-13.127497
-16.846316
-13.292858
-8.377688
-7.957901
-5.866459
-0.428813
3.091267
7.639102
16.141108
18.490553
15.014580
13.062954
6.327629
-4.238571
-9.831531
-12.444769
-16.508273
-14.297792
-8.776188
-7.953984
-6.412268
-1.123122
2.981084
6.910052
15.089171
18.826893
15.485968
13.602291
8.107253
-2.550738
-9.167876
-11.600256
-16.033139
-15.403713
-9.560415
-8.062635
-7.201944
-2.231087
2.497264
5.898135
13.679607
18.795729
16.029392
13.929776
9.503024
-0.910929
-8.574213
-11.147261
-15.176364
-15.876634
-10.241611
-8.041688
-7.522958
-3.133842
1.885891
5.182028
12.360300
18.518312
16.453607
13.903379
10.635683
0.810112
-7.665328
-10.485990
-14.289277
-16.174998
-11.024645
-8.279937
-8.052588
-4.300560
1.094341
4.342965
10.906288
18.164941
17.021554
14.005218
11.480025
2.384015
-7.122244
-10.681834
-13.975075
-16.747202
-11.927060
-8.246899
-7.998943
-4.859141
0.759193
3.981931
9.610823
17.545904
17.787559
14.326913
12.140785
3.918069
-5.959954
-10.112354
-12.843949
-16.414608
-12.711457
-8.111170
-8.236681
-6.014790
-0.431708
3.388780
8.513587
16.905240
18.693890
15.017816
12.950386
5.914143
-4.608120
-9.860141
-12.431145
-16.464336
-13.892140
-8.778572
-8.153915
-6.569794
-1.299892
2.802270
7.046291
15.340192
18.702064
15.313796
13.444083
7.334607
-3.314359
-9.577956
-11.950050
-16.160011
-14.784847
-9.112358
-7.974931
-6.888764
-1.915523
2.472060
6.229707
14.121192
18.772568
15.727452
13.662406
8.832046
-1.733984
-9.032147
-11.261531
-15.208210
-15.350410
-9.779760
-8.194957
-7.851805
-3.307206
1.634700
5.206210
12.943745
19.075700
16.701903
14.199189
10.333742
-0.011410
-8.485317
-11.350938
-14.910868
-15.995843
-10.349069
-7.693257
-7.474252
-3.701278
1.402582
4.468816
11.084080
18.115214
16.953434
14.175347
11.301211
2.015999
-7.360492
-10.829483
-14.167002
-16.441686
-11.374780
-7.944277
-7.954666
-4.702466
0.688859
3.775188
9.833234
17.824684
17.911196
14.598029
12.193748
3.646782
-6.340742
-10.532822
-13.537748
-16.818557
-12.441363
-7.956709
-7.820640
-5.511386
-0.001022
3.364256
8.500133
16.777856
18.110616
14.702252
12.884310
5.436455
-5.077635
-10.101114
-12.813296
-16.929763
-13.894864
-8.584431
-8.032492
-6.334100
-0.814540
2.972569
7.222210
15.576056
18.478973
15.062434
13.418368
7.242305
-3.474951
-9.504216
-11.915309
-16.110625
-14.581680
-9.022270
-8.010183
-6.818260
-1.659393
2.671140
6.386382
14.529228
18.798624
15.617950
13.461283
8.386374
-2.054146
-9.060587
-11.446817
-15.507596
-15.214852
-9.580169
-8.036239
-7.255418
-2.417053
2.337524
5.665166
13.215201
18.888542
16.170059
13.711963
9.754726
-0.415870
-8.467947
-11.121886
-14.981713
-15.940496
-10.389090
-8.201769
-8.012567
-3.758669
1.589400
4.827636
11.939662
19.011157
17.191172
13.950723
10.652372
1.052277
-8.058889
-10.972023
-14.191355
-16.310896
-11.106559
-7.825068
-7.930653
-4.812649
0.606946
3.943273
10.169234
17.984424
17.781087
14.620679
12.156793
3.440210
-6.377527
-10.422298
-13.529233
-16.792161
-12.498243
-8.444445
-8.269208
-5.703313
-0.125340
3.299713
8.742639
16.957862
18.091713
14.873573
13.039623
5.148138
-5.421128
-10.109459
-12.906279
-16.459908
-13.068574
-8.137056
-7.809230
-5.945648
-0.593492
3.175565
7.619177
15.951054
18.353973
14.844111
13.056993
6.619522
-3.995044
-9.665659
-12.073517
-16.243969
-14.248405
-8.979355
-8.161579
-6.671633
-1.521111
2.570323
6.800720
15.059539
18.947635
15.569414
13.580493
8.216245
-2.442769
-9.254217
-11.591400
-15.736648
-15.040295
-9.318250
-7.845845
-6.961482
-2.173696
2.439022
5.951779
13.750962
19.050837
16.376802
14.044728
9.713514
-0.622102
-8.502688
-11.268343
-15.204804
-15.799488
-10.167701
-8.152723
-7.896083
-3.714561
1.403604
4.713535
11.968783
18.597330
16.771214
14.153378
10.790655
0.892878
-7.808549
-10.883468
-14.628683
-16.495160
-11.087145
-7.988214
-7.905619
-4.322529
1.118013
4.240785
10.600431
17.987319
17.272404
14.223201
11.804955
2.823557
-6.593636
-10.197163
-13.350589
-16.404050
-11.800357
-7.801056
-7.768869
-5.012580
0.430516
3.736019
9.324040
17.379182
17.849888
14.488356
12.333904
4.315717
-5.955015
-10.457550
-13.178928
-16.772066
-13.075726
-8.436441
-8.120026
-5.978005
-0.486544
3.313337
8.191892
16.667332
18.526145
14.845133
12.959753
6.090232
-4.382815
-9.803602
-12.299674
-16.375610
-13.999258
-8.710623
-8.065530
-6.436620
-1.102345
2.939701
7.043907
15.404565
18.920898
15.568904
13.654573
7.807016
-2.769061
-9.210961
-11.736155
-15.964167
-14.878341
-9.263924
-8.176735
-7.229362
-2.122096
2.263444
5.714212
13.775655
18.629176
15.747377
13.718435
9.030615
-1.444817
-8.920431
-11.346510
-15.357903
-15.670572
-9.813309
-7.922820
-7.614068
-3.215756
1.846722
5.093813
12.425525
18.632242
16.461781
13.935736
10.243484
0.214236
-8.234637
-10.966914
-14.720985
-16.177722
-10.527543
-7.566554
-7.302080
-3.624303
1.515491
4.622085
11.166334
18.248558
17.083032
14.299495
11.560576
2.290862
-7.197005
-10.691541
-14.194250
-16.897917
-11.911903
-8.157492
-7.959434
-4.877193
0.772136
4.043409
9.765284
17.773424
17.655066
14.303923
11.988367
3.631456
-6.392002
-10.548319
-13.395548
-16.806637
-12.717247
-8.442232
-8.396251
-5.893196
-0.106777
3.534555
8.628368
17.054251
18.584388
14.778035
12.870005
5.632809
-4.759857
-9.798152
-12.447664
-16.357899
-13.461964
-8.464370
-8.054972
-6.319455
-0.842469
2.917562
7.211311
15.569925
18.641097
15.122380
13.128349
7.013593
-3.727845
-9.813479
-12.254885
-16.239200
-14.601094
-9.024314
-8.091416
-6.900004
-1.936129
2.329179
6.129060
14.263391
18.619810
15.556131
13.547455
8.331537
-2.193451
-9.320804
-11.641979
-15.693733
-15.367270
-9.493147
-7.807016
-7.204328
-2.503395
2.290862
5.718129
13.267142
18.975905
16.577244
14.277015
10.099922
-0.332935
-8.424861
-11.198350
-15.098538
-16.004358
-10.164976
-7.690532
-7.419927
-3.453153
1.620565
4.638774
11.563471
18.480846
16.872542
14.203446
11.146920
1.384701
-7.904257
-11.120864
-14.714684
-16.871350
-11.469126
-8.075578
-7.974931
-4.560096
0.837020
3.934588
10.107756
17.921243
17.454113
14.311075
12.026003
3.308739
-6.333249
-10.263920
-13.467925
-16.703946
-12.250117
-8.113384
-8.005415
-5.214896
0.481606
3.795794
9.137222
17.307826
18.101931
14.674493
12.582030
4.855224
-5.394050
-9.930304
-12.765612
-16.448668
-12.932846
-8.160387
-7.959093
-6.071159
-0.696182
3.011397
7.615771
16.094957
18.550328
14.988014
13.099398
6.252868
-4.379579
-10.071312
-12.555463
-16.657795
-14.373745
-8.822339
-8.041688
-6.693091
-1.105751
3.089053
6.929466
15.055111
18.753154
15.345642
13.499430
8.016144
-2.580881
-9.093625
-11.429446
-15.749931
-15.067373
-9.274653
-7.931164
-7.235663
-2.316407
2.434935
6.016833
13.929435
18.943208
16.105005
13.900484
9.445293
-1.028946
-8.695977
-11.265448
-15.380383
-15.801362
-10.049854
-7.993153
-7.568768
-3.305844
1.664673
4.915340
12.206861
18.509115
16.422953
13.773101
10.466746
0.583104
-7.923841
-10.933876
-14.662061
-16.425337
-11.042356
-8.156470
-7.973909
-4.143885
1.268046
4.330192
10.942732
18.284661
17.245838
14.219454
11.509316
2.333437
-7.087333
-10.587147
-13.791663
-16.416141
-11.579139
-7.816894
-7.844823
-4.823378
0.597579
3.846713
9.447677
17.559188
17.961093
14.626980
12.408665
4.144226
-5.967617
-10.331529
-13.309206
-16.849552
-12.931143
-8.243663
-8.116109
-5.721365
-0.276055
3.265313
8.214542
16.367435
17.943723
14.400312
12.468100
5.354541
-5.043915
-9.995869
-12.511185
-16.505548
-13.807501
-8.634329
-8.029257
-6.361008
-0.913484
3.203494
7.503714
15.855346
18.921580
15.521560
13.725076
7.641145
-3.131969
-9.471348
-11.934042
-16.084399
-14.559031
-8.958408
-7.905449
-6.865944
-1.855407
2.627543
6.320477
14.348882
18.837622
15.659503
13.613531
8.669751
-1.972914
-9.135519
-11.555467
-15.672786
-15.569414
-9.842600
-8.295264
-7.831199
-3.187656
1.624823
5.064692
12.744495
18.706833
16.092062
13.688803
9.906803
-0.225476
-8.364405
-11.099236
-14.883620
-15.959058
-10.233436
-7.766826
-7.515294
-3.343310
1.715251
4.771267
11.780943
18.743958
17.096996
14.260496
11.176041
1.531839
-7.596527
-10.865075
-14.349903
-16.465698
-11.200224
-7.860320
-7.898978
-4.522290
0.965766
4.077639
10.229519
18.057483
17.489876
14.228140
11.803082
3.030811
-6.715059
-10.530267
-13.646739
-16.980171
-12.709924
-8.504220
-8.368833
-5.607775
0.151396
3.618683
9.041003
17.196621
18.126965
14.613186
12.704134
5.053282
-5.260025
-9.812968
-12.499435
-16.374247
-13.159003
-8.316721
-8.085626
-6.042719
-0.444480
3.359999
7.908004
16.417503
18.639054
15.069757
13.049671
6.373780
-4.303115
-9.877341
-12.167352
-16.058172
-13.908148
-8.557183
-8.014781
-6.918396
-1.735687
2.287797
6.380081
14.878682
18.774101
15.485798
13.493981
7.854530
-2.984149
-9.711981
-12.205158
-16.214337
-15.279906
-9.347882
-7.784878
-7.137230
-2.231768
2.509696
5.880424
13.740403
18.936566
16.138383
13.995341
9.641136
-0.771284
-8.653232
-11.388234
-15.452930
-15.854836
-9.998253
-7.824387
-7.510526
-3.049885
1.950945
5.155802
12.365580
18.826212
16.794375
14.114039
10.617461
0.574929
-8.075067
-11.124951
-14.985800
-16.749416
-11.163609
-8.111511
-8.015973
-4.224777
1.179831
4.258326
10.755232
18.106869
17.113004
14.129026
11.484112
2.306529
-7.067748
-10.500806
-13.872555
-16.740220

