-2.877883
3.289495
4.550559
7.390806
10.655778
4.864591
0.262601
1.568454
-1.548358
-3.141335
-0.230755
-1.376356
-5.050046
-4.895244
-6.164312
-8.583409
-4.024165
2.970014
4.702806
6.918907
10.803768
6.136554
0.291892
1.429319
-0.982625
-3.452642
-0.620229
-0.703165
-4.592964
-4.818269
-5.475794
-8.386374
-5.384513
1.689877
4.151719
6.003210
10.208573
7.215738
0.753914
1.571860
-0.093154
-3.457069
-1.238755
-0.387430
-4.322529
-4.986354
-4.912104
-7.862874
-5.988734
1.157352
4.167897
5.320140
9.597880
8.219140
1.352174
1.428298
0.600645
-3.103869
-1.481771
-0.125170
-4.104376
-5.488566
-5.146946
-7.648298
-6.653581
0.437668
4.500491
5.308901
9.115423
9.041003
1.913309
0.935793
0.948565
-2.954006
-2.154112
-0.054836
-3.411600
-5.658865
-4.970687
-7.121222
-6.960971
-0.361885
4.333258
4.940033
8.390461
9.438992
2.412966
0.270775
1.516683
-1.933575
-1.754590
0.887769
-1.998969
-5.361182
-5.025353
-7.262230
-8.534534
-2.158199
4.062482
5.366973
8.477994
10.781629
4.075766
0.098263
1.073905
-2.367496
-3.147806
0.091451
-1.469169
-4.780974
-4.573550
-6.401709
-8.581025
-3.673860
2.985682
4.403761
6.913798
10.529075
5.358117
0.297853
1.587527
-1.257488
-3.324747
-0.413316
-1.212869
-5.086660
-4.871573
-5.731923
-8.320638
-4.575082
2.449751
4.592793
6.614923
10.620015
6.782838
0.459978
1.492160
-0.622783
-3.355912
-0.732797
-0.424896
-4.376854
-4.901716
-5.315713
-8.178268
-5.687475
1.540354
4.331725
5.763599
10.257959
7.900851
0.777415
1.304831
0.207424
-3.456048
-1.416377
-0.056539
-3.992149
-5.094664
-4.986865
-7.723059
-6.301573
0.745399
4.358803
5.324398
9.577615
8.929457
1.510722
0.876699
0.650372
-3.262758
-2.042225
0.004257
-3.314189
-5.021095
-4.543918
-7.045439
-6.869691
-0.126021
4.309586
5.043745
8.814165
9.588173
2.475125
0.581230
1.094682
-2.535071
-2.308914
0.104053
-2.822024
-5.549703
-5.060094
-7.448196
-8.271592
-1.695156
3.980568
4.834107
8.173500
10.435581
3.862551
0.578335
1.455886
-2.170461
-2.950260
-0.114100
-2.335991
-5.493505
-4.863398
-6.350109
-7.875306
-2.472912
3.639119
4.730736
7.135357
10.164125
4.477501
-0.022650
1.767193
-1.180683
-2.655983
0.362907
-0.720194
-4.577807
-4.592793
-5.918912
-8.374623
-4.239934
2.768210
4.639115
6.676061
10.420935
6.013427
0.165871
1.270601
-1.024859
-3.447873
-0.741482
-0.789676
-4.810606
-5.215747
-5.647285
-8.193254
-5.020073
2.188683
4.859141
6.282840
10.385684
7.413455
0.508853
1.033715
-0.505447
-3.762756
-1.489094
-0.557729
-4.292727
-5.225624
-5.222389
-7.915667
-6.014960
1.275369
4.373108
5.239419
9.574550
8.537769
1.344510
1.227856
0.958102
-2.594335
-1.059600
0.481946
-3.510373
-5.599601
-5.556856
-8.320468
-7.475615
-0.092643
4.505089
5.553961
9.377003
9.665659
2.096040
0.361374
0.643219
-3.128733
-2.338546
0.428472
-2.438511
-4.983459
-4.602841
-7.042204
-7.620198
-1.282011
3.996577
4.727840
8.052588
9.801558
3.017187
0.246082
1.115629
-2.470698
-2.609491
0.404971
-2.042055
-5.192416
-4.656655
-6.480047
-8.102315
-2.525534
3.690379
5.076613
7.974250
10.704483
4.508155
0.205381
1.375505
-1.956735
-3.462349
-0.290189
-1.512766
-5.002533
-4.765136
-6.236860
-8.432184
-3.734997
2.982616
4.695313
7.027899
10.700566
5.674703
0.009537
1.383850
-1.231091
-3.695147
-0.549555
-0.807047
-4.789148
-4.857438
-5.695650
-8.594479
-5.152736
2.017702
4.228864
6.064177
10.468790
7.412604
0.845194
1.666205
-0.140326
-3.331048
-1.043081
-0.488928
-4.591601
-5.169596
-5.209446
-7.910728
-5.857944
1.327651
4.533189
5.666528
9.842260
8.249964
1.146112
1.153435
0.286613
-3.143890
-1.276731
0.179325
-3.713880
-5.269561
-4.941055
-7.836989
-6.895747
0.320503
4.367828
5.132301
9.038789
9.151527
2.030986
1.018047
1.136916
-2.716950
-1.932212
0.209979
-3.457069
-5.840404
-5.107607
-7.512229
-7.713182
-0.802108
4.527399
5.231755
8.688314
9.992804
2.585649
-0.062159
1.024008
-2.448389
-2.487217
0.483649
-1.903943
-5.054304
-4.810265
-7.023811
-8.463349
-2.588034
3.568786
4.820142
7.899148
10.639088
4.303285
0.258173
1.274177
-1.906667
-3.115109
-0.010559
-1.595701
-5.130768
-4.940544
-6.490435
-8.439337
-3.387758
3.155981
4.544939
7.124117
10.652883
5.713531
0.371081
1.543760
-1.380273
-3.556524
-0.618696
-0.902244
-4.648311
-4.463536
-5.350113
-7.975101
-4.429987
2.465589
4.298857
6.010703
10.086298
6.543568
0.330039
1.251698
-0.446865
-3.107616
-0.703335
-0.583104
-4.443441
-5.032676
-5.453484
-8.212158
-5.558559
1.882144
4.921811
6.223576
10.447843
8.319616
1.096725
1.171487
0.140497
-3.267527
-1.416717
-0.027248
-3.757307
-5.001341
-4.846198
-7.582222
-6.410565
0.742333
4.512242
5.347899
9.240764
8.786576
1.596383
0.888620
0.762599
-2.921990
-1.754080
0.366143
-3.141846
-5.393199
-5.032676
-7.682358
-7.664136
-0.878913
3.945487
5.126340
8.876494
9.678602
2.533027
0.426258
0.954015
-2.987555
-2.728190
0.177792
-2.447196
-5.070823
-4.461323
-6.572689
-7.627862
-1.501867
4.059417
4.956722
8.075067
10.415656
3.765992
0.381299
1.720190
-1.784563
-2.733469
0.112568
-1.900877
-5.360161
-4.931177
-6.660053
-8.349930
-3.097568
3.423010
4.704850
7.266147
10.594300
4.957403
0.072888
1.420123
-1.500334
-3.339733
-0.379767
-1.185792
-4.969324
-4.751682
-6.032331
-8.554629
-4.392522
2.614771
4.619530
6.605557
10.582038
6.344148
0.323568
1.503910
-0.757149
-3.309250
-0.486544
-0.369549
-4.428455
-4.719666
-5.169426
-7.903576
-5.021947
2.060788
4.765476
6.212337
10.223900
7.517849
0.717810
1.207250
-0.225816
-3.454174
-1.094341
-0.182561
-4.284722
-5.258492
-5.312647
-8.055483
-6.421804
0.773498
4.337004
5.332742
9.628194
8.611679
1.165697
0.834465
0.481946
-3.379583
-1.976490
0.146627
-3.488234
-5.334105
-4.956041
-7.551227
-7.027728
-0.103712
4.455703
5.425726
9.371213
9.801728
2.235515
0.471217
1.046998
-2.776214
-2.358982
0.306027
-2.487046
-5.022628
-4.544599
-7.068089
-7.766145
-1.472235
3.873110
4.748617
8.364405
10.273797
3.434420
0.488758
1.467296
-2.337694
-3.210136
-0.253745
-2.458947
-5.732434
-4.821505
-6.652900
-8.194276
-2.682890
3.388439
4.324913
7.053784
10.104009
4.346711
0.284570
1.622438
-1.591103
-3.021615
0.053985
-1.360519
-5.265134
-4.934583
-6.076779
-8.465392
-3.770079
3.322703
5.018200
6.962333
10.526180
5.858285
0.233821
1.474449
-0.907523
-3.154618
-0.297683
-0.641687
-4.763433
-5.040169
-5.654097
-8.416857
-5.155631
2.165011
4.472222
5.968809
10.132619
6.987027
0.263453
1.024348
-0.643900
-3.643717
-1.354218
-0.651223
-4.607780
-5.419765
-5.591086
-8.246047
-5.929300
1.253401
4.511901
5.579676
9.899650
8.269208
0.965595
1.097918
0.528438
-2.961840
-1.106773
0.575270
-3.294604
-5.147968
-5.047662
-7.817575
-6.832736
0.314883
4.543918
5.714553
9.707553
9.411744
1.926422
0.716107
0.657524
-3.078154
-2.059766
0.464746
-2.840928
-5.141667
-4.673174
-7.375138
-7.726295
-1.117672
3.841945
4.662275
8.486169
9.785550
2.666371
0.323057
0.947373
-2.866473
-2.874306
0.027418
-2.501181
-5.312477
-4.608972
-6.777389
-8.120537
-2.193451
3.663812
4.800728
7.994856
10.623080
4.195997
0.506639
1.695326
-1.893895
-3.005266
0.117166
-1.611199
-5.065032
-4.563332
-6.113904
-7.934230
-3.043924
3.422839
4.802091
7.268361
10.544913
5.201612
0.181879
1.596894
-1.165697
-3.187486
-0.218153
-0.999996
-5.084106
-5.105564
-6.024667
-8.697169
-4.826444
2.233982
4.451786
6.477492
10.584593
6.699221
0.490802
1.457248
-0.841107
-3.780127
-0.873123
-0.446524
-4.393884
-4.869529
-5.197355
-7.949727
-5.295958
1.814195
4.504919
5.898476
10.244676
7.910899
0.945330
1.512425
0.475645
-3.157513
-1.335655
-0.099966
-4.011733
-5.145754
-5.040339
-7.725954
-6.177255
1.010043
4.645075
5.595003
9.674174
8.755922
1.332419
0.791209
0.533717
-3.303800
-2.133676
-0.122275
-3.589732
-5.451441
-5.002192
-7.649320
-7.479872
-0.499487
4.084621
5.007471
8.806161
9.616102
2.320153
0.559092
1.097236
-2.860682
-2.583606
0.018563
-3.064190
-5.686113
-4.952124
-7.093634
-7.796628
-1.358986
4.241126
5.159037
8.354187
10.390963
3.672838
0.506810
1.624482
-1.836845
-2.359833
0.439031
-1.704863
-5.205188
-4.792724
-6.618670
-8.428778
-3.013611
3.368684
4.662275
7.406984
10.574034
4.678624
0.007153
1.352515
-1.939195
-3.529106
-0.559943
-1.531499
-5.025523
-4.796812
-5.968639
-8.132628
-3.897122
2.779450
4.416364
6.504740
10.273627
5.728006
-0.008515
1.309088
-0.907353
-3.349951
-0.527075
-0.555175
-4.604374
-4.954338
-5.573034
-8.159195
-4.808051
2.566235
5.086490
6.558895
10.693584
7.601976
0.883511
1.538651
-0.138794
-3.447533
-1.217638
-0.314542
-4.304477
-5.191054
-5.334275
-8.113725
-6.089551
1.191412
4.348074
5.344834
9.493828
8.088010
0.941583
0.888790
0.148330
-3.443445
-1.679829
-0.053985
-3.846032
-5.463191
-5.143200
-8.127519
-7.365601
-0.059434
4.265819
5.151544
9.177242
9.325913
2.018724
0.901733
1.118864
-2.612727
-1.709461
0.474112
-2.871922
-5.155972
-4.618508
-7.109812
-7.362366
-0.727688
4.416534
5.298512
8.704151
10.077442
3.083944
0.462191
1.139130
-2.723932
-2.775022
0.079530
-2.441406
-5.272286
-4.624469
-6.875481
-8.246388
-2.494199
3.277063
4.298857
7.500138
10.240929
3.960984
0.188180
1.541376
-1.889297
-3.092630
-0.093664
-1.843487
-5.320481
-4.891157
-6.297827
-8.203643
-3.135375
3.409386
4.731076
7.197687
10.598217
5.321843
0.327655
1.867499
-0.998293
-2.936295
0.085831
-0.774009
-4.972560
-4.867315
-5.774157
-8.085115
-4.232441
2.920457
4.809584
6.393194
10.206699
6.312302
-0.083106
1.002720
-0.812496
-3.451450
-0.542062
-0.345877
-4.548516
-5.133322
-5.733456
-8.704833
-6.022113
1.393386
4.479715
6.073202
10.271583
7.914134
0.706741
0.922510
-0.179495
-3.811632
-1.676934
0.020436
-3.821850
-4.966089
-4.919256
-7.939850
-6.650686
0.681026
4.549026
5.620718
9.929793
9.254387
1.877376
1.225812
0.876529
-3.154789
-1.884188
0.239270
-3.260885
-5.268369
-4.745041
-7.469654
-7.527385
-0.749656
3.819636
4.797663
8.744512
9.523800
2.269915
0.488758
0.991651
-3.048352
-2.702475
0.022139
-2.873114
-5.425044
-4.728522
-7.072176
-7.983276
-1.734495
3.707068
4.600116
8.081879
10.248082
3.418582

