-0.566925
0.222751
0.028610
1.538140
0.198398
-0.764132
-0.362396
-0.700440
-1.958268
-1.280308
-0.430175
-0.423363
0.737906
-0.142370
-2.482619
-1.582929
0.483309
-0.335830
0.998463
1.008170
-0.644922
-0.511238
-0.301770
-1.295464
-1.388959
-0.121593
-0.159230
0.805174
0.742504
-1.611028
-2.267190
0.181028
0.145435
0.512941
1.524176
-0.162976
-0.604732
-0.207594
-1.016344
-1.901048
-0.779969
-0.361545
0.182220
0.933238
-0.636578
-2.500841
-0.708103
0.251191
-0.168255
1.325607
0.278098
-0.834124
-0.361885
-0.438350
-1.682554
-1.237052
-0.378234
-0.212363
0.909397
-0.030313
-2.339057
-1.522473
0.575951
-0.196355
1.091616
1.232965
-0.470025
-0.417573
-0.293595
-1.332079
-1.600300
-0.239611
-0.378234
0.482968
0.677960
-1.600129
-2.579008
-0.135217
0.128576
0.323398
1.375505
-0.005279
-0.494378
-0.196184
-0.858477
-1.816750
-0.684943
-0.382321
0.138453
0.862735
-0.741141
-2.566235
-0.818627
0.292233
-0.188862
1.415695
0.401054
-0.761407
-0.351327
-0.498465
-1.780646
-1.224450
-0.326293
-0.282356
0.865289
0.288657
-2.266339
-1.679318
0.337022
-0.169107
0.741141
1.088551
-0.575100
-0.518901
-0.327485
-1.430852
-1.688344
-0.463384
-0.408207
0.438179
0.704527
-1.388277
-2.282347
-0.017370
0.177281
0.246252
1.564537
-0.011921
-0.570502
-0.240632
-0.855071
-1.967805
-0.802108
-0.384365
-0.032527
0.931365
-0.457593
-2.552271
-1.050915
0.319651
-0.210660
1.230240
0.552791
-0.820841
-0.527416
-0.527586
-1.661777
-1.234497
-0.218664
-0.247955
0.837871
0.243868
-2.213035
-2.041033
0.286273
-0.189883
0.783375
1.252379
-0.480924
-0.518560
-0.367676
-1.344340
-1.823391
-0.358309
-0.304324
0.484841
1.045976
-0.915868
-2.230746
-0.188862
0.101328
0.133174
1.447882
0.021458
-0.720024
-0.252213
-0.667572
-1.856940
-0.956229
-0.372955
-0.120742
0.911440
-0.319992
-2.444472
-1.031160
0.580379
-0.194992
1.280478
0.854901
-0.695160
-0.374658
-0.411613
-1.644407
-1.437664
-0.310796
-0.423534
0.731775
0.444140
-2.087525
-2.169779
0.208446
-0.084639
0.693968
1.377378
-0.380618
-0.613417
-0.320503
-1.138278
-1.886572
-0.548022
-0.394072
0.354052
0.873123
-1.037461
-2.539669
-0.457082
0.225476
-0.001362
1.546144
0.200783
-0.740971
-0.234331
-0.612055
-1.843487
-1.032182
-0.285251
-0.138112
0.981433
-0.070333
-2.413818
-1.368693
0.551939
-0.210149
1.077141
0.951971
-0.529970
-0.332935
-0.261750
-1.494374
-1.530988
-0.314031
-0.315734
0.725133
0.618015
-1.701117
-2.183744
0.146798
-0.131641
0.480243
1.536948
-0.217642
-0.613247
-0.148501
-0.936985
-1.913990
-0.729731
-0.423874
0.097070
0.939540
-0.851154
-2.645595
-0.538656
0.323738
-0.259365
1.434769
0.344685
-0.686135
-0.350986
-0.496081
-1.591785
-0.985180
-0.183412
-0.245571
0.848600
-0.061819
-2.420289
-1.540695
0.491994
-0.264304
0.946181
0.978708
-0.692776
-0.554834
-0.322035
-1.513788
-1.724277
-0.314542
-0.221559
0.559602
0.641176
-1.513617
-2.354383
-0.017711
0.061137
0.320843
1.396281
-0.179836
-0.683580
-0.336511
-0.821863
-1.850128
-0.775712
-0.301940
0.159230
1.027243
-0.626360
-2.533027
-0.686986
0.397478
-0.256300
1.421826
0.530141
-0.729220
-0.371422
-0.585147
-1.865796
-1.338550
-0.360864
-0.375680
0.787633
0.192438
-2.172334
-1.951115
0.327485
-0.167745
0.784057
1.234157
-0.444480
-0.422852
-0.257322
-1.172168
-1.647472
-0.313350
-0.269413
0.553812
0.877551
-1.377889
-2.265998
0.038317
0.125510
0.213896
1.476833
-0.149523
-0.801086
-0.302792
-0.747613
-1.907689
-0.874485
-0.385557
-0.117166
0.913143
-0.390155
-2.534389
-1.050745
0.535079
-0.186988
1.239436
0.624486
-0.763280
-0.437498
-0.508342
-1.698732
-1.434428
-0.255959
-0.302792
0.779799
0.386238
-1.975639
-1.928466
0.420128
-0.041383
0.890323
1.543760
-0.252894
-0.456231
-0.216961
-1.247440
-1.899174
-0.453506
-0.396967
0.279290
0.798021
-1.184089
-2.610173
-0.347921
0.133514
-0.133344
1.315730
0.086512
-0.652415
-0.333786
-0.662293
-1.698562
-0.815221
-0.205551
-0.018392
0.991821
-0.181198
-2.451965
-1.199245
0.547852
-0.062500
1.260042
0.890664
-0.582593
-0.273670
-0.336340
-1.421145
-1.348257
-0.201804
-0.337022
0.653948
0.603540
-1.737561
-2.115454
0.170299
-0.193971
0.284910
1.132488
-0.650202
-0.870228
-0.447546
-1.065731
-2.105917
-0.793082
-0.579357
0.114952
0.891004
-0.767197
-2.419778
-0.500679
0.293595
-0.023331
1.669100
0.512089
-0.495570
-0.210830
-0.565563
-1.576117
-0.862564
-0.018563
0.075953
1.126187
0.157697
-2.308573
-1.320328
0.578506
-0.066246
1.215424
1.020772
-0.611373
-0.444480
-0.329358
-1.509019
-1.590933
-0.260898
-0.339236
0.672681
0.483990
-1.779454
-2.379928
-0.064884
-0.204359
0.378234
1.502889
-0.308922
-0.651564
-0.376190
-0.998293
-1.874311
-0.624997
-0.289508
0.303813
1.102175
-0.528778
-2.314023
-0.403438
0.453506
-0.033379
1.495906
0.453166
-0.594854
-0.224965
-0.543594
-1.700606
-1.223598
-0.360523
-0.308241
0.804492
0.070844
-2.255440
-1.577309
0.453506
-0.256981
0.978708
1.099791
-0.659057
-0.626700
-0.437839
-1.449244
-1.838378
-0.480924
-0.382321
0.589234
0.659057
-1.540184
-2.399853
0.047003
0.223262
0.467982
1.746416
-0.000341
-0.377893
-0.206573
-0.675065
-1.704693
-0.558751
-0.307901
0.132493
1.035929
-0.589916
-2.557891
-0.881978
0.325101
-0.224965
1.253911
0.378404
-0.791720
-0.402246
-0.580379
-1.861538
-1.278775
-0.311988
-0.348091
0.728539
0.256981
-2.094848
-1.739093
0.378575
-0.181368
0.730923
1.198905
-0.569310
-0.466279
-0.264134
-1.242501
-1.641853
-0.366824
-0.317437
0.593492
0.912973
-1.374994
-2.347231
0.009196
0.098092
0.239100
1.590082
0.033719
-0.744036
-0.306027
-0.891175
-1.990625
-0.832081
-0.426599
-0.235183
0.755957
-0.525032
-2.626181
-1.140833
0.401735
-0.193630
1.322712
0.615631
-0.762258
-0.363759
-0.431367
-1.574584
-1.267535
-0.033889
-0.194652
0.821693
0.329188
-2.051932
-1.799720
0.346899
-0.159230
0.801427
1.336166
-0.460999
-0.582933
-0.310966
-1.244204
-1.821177
-0.489269
-0.387941
0.420979
0.946181
-1.148837
-2.473422
-0.357798
0.170980
0.102009
1.345192
0.026056
-0.701802
-0.271286
-0.705378
-1.841443
-0.825950
-0.181368
-0.033889
1.054321
-0.166382
-2.374819
-1.068967
0.457764
-0.122275
1.420804
0.942605
-0.725985
-0.455379
-0.470366
-1.756634
-1.474789
-0.384195
-0.362396
0.697034
0.456912
-2.053635
-2.079351
0.263793
-0.172853
0.563179
1.372610
-0.302962
-0.598601
-0.367846
-1.221555
-1.917567
-0.443629
-0.428472
0.376190
0.875166
-1.084123
-2.565384
-0.434603
0.325612
0.111035
1.457078
0.119550
-0.664166
-0.273160
-0.590427
-1.720190
-0.973088
-0.204699
-0.058413
0.959124
-0.163828
-2.423865
-1.255955
0.453506
-0.340598
1.150370
0.892026
-0.709125
-0.616142
-0.554323
-1.694986
-1.663651
-0.411613
-0.228882
0.712020
0.503234
-1.857621
-2.073901
0.289849
0.033719
0.676428
1.549891
-0.141178
-0.347751
-0.190565
-1.123633
-1.894917
-0.612055
-0.411783
0.211171
0.901393
-0.996249
-2.513272
-0.423023
0.315905
-0.040191
1.502718
0.175578
-0.638110
-0.213555
-0.509535
-1.737050
-0.985861
-0.246593
-0.206402
0.902585
-0.251872
-2.414840
-1.438005
0.403609
-0.219515
1.054321
0.885384
-0.693968
-0.610011
-0.501020
-1.641001
-1.541206
-0.273330
-0.414508
0.749145
0.723941
-1.703160
-2.135209
0.220367
-0.025034
0.439031
1.480239
-0.280993
-0.676768
-0.312328
-1.109498
-1.976490
-0.581060
-0.350986
0.219175
0.935452
-0.858307
-2.615622
-0.624146
0.294447
-0.001703
1.546655
0.293766
-0.740630
-0.408888
-0.752722
-1.927103
-1.192093
-0.329358
-0.196695
1.023327
0.032357
-2.319132
-1.394067
0.477348
-0.269924
1.058919
1.077993
-0.568969
-0.369889
-0.285081
-1.281159
-1.431533
-0.239270
-0.353541
0.684772
0.771284
-1.537630
-2.142872
0.247955
-0.022990
0.338043
1.341615
-0.299897
-0.696523
-0.368697
-1.064880
-1.944304
-0.710658
-0.417573
0.051090
0.868184
-0.828334
-2.668585
-0.699759
0.274181
-0.087193
1.384531
0.313520
-0.707252
-0.412464
-0.604391
-1.817771
-1.162631
-0.314372
-0.191416
1.041719
0.073399
-2.304145
-1.512766
0.606435
-0.039169
1.218149
1.312324
-0.435114
-0.385216
-0.320332
-1.446349
-1.752887
-0.455379
-0.509705
0.423023
0.651053
-1.709121
-2.516678
-0.130108
-0.115463
0.352859
1.505102
-0.120572
-0.714064
-0.291552
-0.938007
-1.846041
-0.752211
-0.368016
0.069993
0.922339
-0.646114
-2.523150
-0.646625
0.457593
-0.102350
1.498120
0.631639
-0.522477
-0.223773
-0.333956
-1.521621
-1.158544
-0.268391
-0.244549
0.872101
0.196525
-2.210481
-1.740967
0.385727
-0.202485
0.835317
0.983817
-0.686646
-0.609159
-0.392199
-1.397984
-1.829863
-0.512430
-0.440053
0.473431
0.692606
-1.499823
-2.422333
-0.004598
0.050749
0.496081
1.759870
0.065054
-0.532355
-0.231947
-0.816584
-1.789161
-0.776563
-0.328507
0.114611
1.048871
-0.580890
-2.561467
-0.826972
0.257492
-0.314713
1.303639
0.581571
-0.743696
-0.400543
-0.464916
-1.721552
-1.301425
-0.288997
-0.252553
0.850303
0.186818
-2.194302
-1.798528
0.384365
-0.179836
0.760896
1.107114
-0.530652
-0.473431
-0.306538
-1.249824
-1.750163
-0.531844
-0.476497
0.453336
0.760555
-1.318284
-2.322367
-0.035252
-0.010048
0.174216
1.461846
-0.137602
-0.897646
-0.459978
-0.860350
-2.020597
-0.997101
-0.597409
-0.075783
0.852346
-0.572545
-2.571685
-0.940391
0.539848
-0.023501
1.572200
0.861543
-0.475645
-0.218323
-0.419787
-1.633338
-1.296827
-0.378915
-0.242165
0.905309
0.344004
-2.037798
-1.794440
0.375169
-0.211000
0.836168
1.207420
-0.589234
-0.553983
-0.285251
-1.248462
-1.966442
-0.593322
-0.597579
0.175067
0.547511
-1.437664
-2.557891
-0.241143
0.195674
0.252383
1.518386
0.103882
-0.602688
-0.265496
-0.630106
-1.655987
-0.625849
-0.164339
0.268051
1.210996
-0.199080
-2.306189
-0.905480
0.580038
-0.035592
1.365457
0.723089
-0.565393
-0.158378
-0.345537
-1.687663
-1.511744
-0.304835
-0.451122
0.615801
0.355073
-2.052784
-1.926252
0.244038
-0.289679
0.716788
1.318455
-0.435114
-0.579527
-0.288657
-1.155308
-1.827989
-0.564030
-0.420638
0.396967
0.932557
-1.233986
-2.444301
-0.113760
0.306198
0.212363
1.626015
0.170640
-0.502041
-0.133685
-0.531503
-1.664332
-0.698226
-0.243698
-0.081233
0.918763
-0.431027
-2.586160
-1.399687
0.202656
-0.393561
1.212188
0.542402
-0.849792
-0.496932
-0.502212
-1.739264
-1.555341
-0.364780

