-0.410761
-0.448057
1.129593
2.079351
1.572541
1.181364
2.236877
-0.017370
-1.092809
-1.057216
-3.134012
-2.874647
-0.932728
-1.843657
-1.622438
-0.233991
-0.618015
0.364099
1.643726
1.966613
1.068967
2.195835
1.301084
-0.855582
-0.373977
-2.113921
-3.171308
-1.070670
-1.071692
-1.955203
-0.227519
-0.247785
0.259536
1.566580
2.108472
1.344851
1.524006
2.148151
-0.529289
-0.694990
-1.394578
-3.378902
-2.026047
-0.940902
-2.085481
-0.969001
-0.244549
-0.342812
1.094171
2.027580
1.711164
1.144409
2.230917
0.304324
-0.998122
-0.876018
-3.041540
-2.770935
-0.736032
-1.798017
-1.602513
-0.156845
-0.584126
0.501360
1.883677
2.166033
1.295294
2.386059
1.403093
-1.012768
-0.497614
-2.099105
-3.436974
-1.406840
-1.158033
-2.230406
-0.540018
-0.499828
-0.043426
1.311643
1.986878
1.475470
1.620906
2.251353
-0.397137
-0.649520
-1.177788
-3.392015
-2.067430
-0.947373
-2.184595
-1.096215
-0.250510
-0.495400
0.908886
1.965080
1.627547
1.051767
2.293927
0.424215
-1.093660
-0.668934
-2.853019
-2.893209
-0.903606
-1.548529
-1.738412
-0.137772
-0.650202
0.425407
1.523835
1.910755
1.017707
1.976490
1.413822
-1.082420
-0.511578
-1.959120
-3.311975
-1.502548
-1.157522
-2.103192
-0.409569
-0.362567
-0.059775
1.393046
2.197879
1.525709
1.592977
2.227851
-0.406504
-0.913654
-1.185792
-3.248964
-2.271959
-0.727517
-1.879420
-1.155990
-0.272649
-0.677790
0.803471
1.871075
1.799890
1.071692
2.288818
0.581571
-1.065731
-0.622272
-2.737045
-3.049203
-1.016004
-1.598597
-1.893895
-0.194822
-0.552450
0.252213
1.557555
1.967464
1.051426
1.886742
1.651389
-0.920807
-0.565563
-1.666205
-3.331900
-1.620054
-0.942945
-1.947028
-0.406163
-0.196184
-0.068120
1.489946
2.184595
1.572030
1.301255
2.172164
-0.283207
-0.921147
-1.032523
-3.250156
-2.389465
-0.782013
-2.003227
-1.356091
-0.162295
-0.550577
0.681196
1.894406
2.068281
1.237903
2.484832
0.893729
-1.062836
-0.631809
-2.675567
-3.276042
-1.073565
-1.431704
-2.025196
-0.291552
-0.591278
0.230415
1.511914
1.987730
1.188517
1.705033
1.764127
-0.730583
-0.548703
-1.526220
-3.331389
-1.587527
-0.953334
-2.188001
-0.735862
-0.363929
-0.363929
1.169443
2.086844
1.606601
1.219170
2.348423
0.013965
-0.991310
-0.926426
-3.099612
-2.598422
-0.697204
-1.767533
-1.403604
-0.044618
-0.430856
0.678131
1.746075
1.955203
1.183237
2.240964
1.241309
-0.933749
-0.487225
-2.272981
-3.217118
-1.157352
-1.369374
-1.992498
-0.255959
-0.468663
0.142029
1.602684
2.241475
1.273836
1.678637
2.078329
-0.687497
-0.630617
-1.418250
-3.342458
-2.041033
-0.819649
-2.233471
-1.140833
-0.271457
-0.462191
0.864267
2.045121
1.750674
1.223939
2.303464
0.271627
-0.841618
-0.635896
-2.875669
-2.693789
-0.787633
-1.798357
-1.606090
-0.130960
-0.605583
0.480584
1.764468
1.932893
1.009703
2.135890
1.238925
-1.223598
-0.699077
-2.143724
-3.186294
-1.359156
-1.122781
-2.014978
-0.305176
-0.341790
-0.016349
1.386063
1.988241
1.236541
1.446690
2.068622
-0.473942
-0.784738
-1.331057
-3.355571
-2.155815
-0.843321
-2.063002
-1.046487
-0.109673
-0.378745
0.928981
2.039501
1.775708
1.213891
2.382483
0.302621
-1.158544
-0.813007
-2.924544
-3.053461
-1.010214
-1.589741
-1.712867
-0.109162
-0.520945
0.422682
1.608133
2.066748
1.072543
1.966102
1.669952
-0.758852
-0.455379
-1.733133
-3.255095
-1.465763
-1.029457
-2.154112
-0.426429
-0.204188
-0.086682
1.432044
2.104895
1.341786
1.295805
2.129759
-0.407866
-0.936644
-1.187495
-3.285749
-2.345698
-0.745910
-1.931361
-1.211848
-0.186307
-0.480073
0.803471
1.775026
1.846552
1.122781
2.353362
0.737906
-1.071692
-0.700780
-2.665179
-3.145252
-1.050745
-1.487391
-1.774856
-0.072888
-0.440563
0.325101
1.718998
2.216782
1.298189
1.942430
1.826627
-0.850473
-0.575781
-1.654625
-3.363235
-1.744373
-1.096385
-2.267872
-0.738927
-0.257492
-0.263623
1.061133
1.894065
1.537119
1.291718
2.257143
-0.082765
-0.763791
-0.803982
-3.077984
-2.398150
-0.754935
-1.887594
-1.344000
-0.038658
-0.413486
0.907694
1.939535
1.989433
1.181023
2.395766
1.077141
-0.861713
-0.375850
-2.315555
-3.159387
-1.215935
-1.352855
-1.939876
-0.218153
-0.495570
0.091621
1.341615
1.826116
0.889301
1.388959
1.635551
-0.830889
-0.892878
-1.682043
-3.511395
-1.861538
-0.842128
-1.936299
-0.689200
-0.393902
-0.379256
1.120397
2.228192
1.974957
1.602173
2.494540
0.100647
-0.750848
-0.675746
-2.834967
-2.443961
-0.461170
-1.431022
-1.294953
0.099455
-0.479051
0.667572
1.846041
1.977001
1.130615
2.289329
1.356772
-1.005616
-0.538485
-2.272981
-3.388609
-1.386063
-1.424721
-2.153942
-0.353881
-0.500338
-0.058413
1.439197
2.058234
1.160928
1.533031
1.980407
-0.564371
-0.590597
-1.196861
-3.326620
-1.957417
-0.801768
-1.940387
-0.726155
0.151055
-0.172853
1.219341
2.136401
1.713378
1.183067
2.256632
0.251191
-0.960146
-0.689200
-2.893380
-2.817256
-0.847578
-1.748971
-1.690558
-0.139134
-0.635726
0.424215
1.790524
2.044099
1.061814
2.045121
1.326799
-1.131466
-0.810964
-2.205883
-3.418582
-1.326459
-1.112223
-1.991987
-0.311307
-0.254427
0.150715
1.570838
2.305678
1.456738
1.685279
2.173526
-0.170810
-0.507661
-0.957591
-3.167902
-2.085481
-0.731775
-2.064194
-1.154116
-0.230925
-0.522988
0.904458
1.865625
1.643045
1.065050
2.280814
0.419787
-1.167740
-0.669956
-2.804143
-3.005096
-1.074757
-1.572711
-1.741477
-0.148841
-0.556026
0.342301
1.562323
2.100127
1.198735
2.115454
1.712356
-0.816243
-0.455890
-1.932553
-3.379583
-1.454353
-1.104048
-2.132314
-0.437328
-0.342982
-0.160762
1.376356
2.168247
1.524687
1.457419
2.204691
-0.518901
-0.872953
-1.139641
-3.300905
-2.446856
-0.892707
-2.017191
-1.272474
-0.316586
-0.636407
0.744888
1.869202
1.810619
1.064028
2.334458
0.799213
-0.942945
-0.553472
-2.472230
-2.919095
-0.968831
-1.547337
-1.710142
0.074591
-0.457082
0.360523
1.689025
2.033540
1.099110
1.843487
1.644748
-0.943286
-0.609500
-1.847914
-3.420115
-1.644748
-1.020772
-2.113070
-0.560284
-0.431878
-0.138453
1.376697
1.966953
1.537970
1.416888
2.221039
-0.221218
-0.895262
-1.022135
-3.137078
-2.425568
-0.658887
-1.765830
-1.060792
0.032527
-0.558410
0.846216
1.967294
1.953500
1.095704
2.304997
0.881978
-1.075779
-0.592811
-2.710819
-3.284046
-1.196350
-1.532010
-1.989433
-0.134877
-0.498125
0.202826
1.477514
1.993179
1.213551
1.774005
1.699584
-0.839063
-0.547000
-1.468488
-3.438847
-1.663310
-1.000336
-2.290692
-0.771795
-0.360353
-0.128405
1.368523
2.085652
1.597234
1.332419
2.279622
-0.077827
-0.879254
-0.973088
-3.158535
-2.524172
-0.748464
-1.795632
-1.216275
0.008685
-0.547682
0.552280
1.772642
1.896620
1.009192
2.207075
0.873463
-1.128912
-0.613928
-2.537625
-3.202472
-1.219852
-1.434428
-1.998969
-0.131471
-0.318800
0.378404
1.721723
2.198390
1.350130
1.873459
1.973595
-0.798702
-0.616653
-1.479558
-3.376518
-1.924208
-0.946522
-2.241646
-0.833614
-0.178133
-0.221729
1.185111
2.166544
1.616648
1.314538
2.366645
0.073229
-0.987223
-0.889982
-3.112555
-2.682379
-0.743866
-1.902751
-1.391343
-0.183071
-0.630447
0.569650
1.723937
1.867669
1.036269
2.094167
1.084805
-1.104900
-0.552450
-2.325603
-3.387247
-1.193796
-1.204525
-1.890830
-0.214236
-0.390155
0.156334
1.468829
2.079691
1.273155
1.611880
1.934256
-0.744207
-0.799554
-1.476662
-3.395251
-2.005952
-0.893729
-2.131121
-0.913143
-0.239611
-0.359671
1.142536
2.054317
1.597575
1.187154
2.240794
0.072888
-1.050064
-0.909737
-3.075089
-2.778428
-0.813859
-1.795462
-1.490797
0.012091
-0.493697
0.587872
1.811300
2.057041
1.092298
2.236196
1.324756
-0.837190
-0.296150
-2.080202
-3.212520
-1.190220
-1.187325
-2.007655
-0.322546
-0.336000
0.073058
1.451799
2.060958
1.328843
1.515661
1.893384
-0.771795
-0.883681
-1.525709
-3.397294
-2.048186
-0.833784
-2.157348
-1.019410
-0.190905
-0.451122
0.973088
1.875162
1.638106
1.151902
2.296822
0.371252
-1.020261
-0.759193
-3.005266
-2.803462
-0.744377
-1.741648
-1.572030
-0.016008
-0.323398
0.697885
1.892362
2.108131
1.222747
2.118860
1.313005
-1.034907
-0.651394
-2.281155
-3.450939
-1.500504
-1.252208
-2.157858
-0.526054
-0.540018
-0.088896
1.427446
2.070665
1.358986
1.354388
1.967294
-0.560965
-0.678812
-1.320158
-3.339393
-2.045291
-0.871931
-2.091101
-0.956569
-0.071866
-0.330891
1.094001
2.093826
1.923186
1.368863
2.380950
0.441926
-0.906842
-0.705549
-2.921820
-2.820662
-0.745569
-1.550743
-1.592466
-0.097581
-0.584466
0.350986
1.467977
1.773834
0.975643
1.958438
1.412119
-0.979219
-0.635386
-2.273662
-3.505264
-1.511063
-1.238925
-2.117498
-0.403268
-0.234672
0.016178
1.600470
2.278941
1.470191
1.514980
2.142361
-0.344515
-0.645433
-1.229729
-3.381116
-2.175229
-0.896454
-2.158369
-0.990118
-0.102009
-0.440563
0.928640
1.917567
1.705885
0.975813
2.185447
0.420468
-1.026222
-0.628233
-2.721889
-2.901384
-0.951971
-1.735347
-1.815047
-0.192097
-0.518390
0.518560
1.737561
1.980577
1.157863
1.942601
1.389129
-0.945670
-0.621251
-2.051422
-3.369876
-1.426765
-1.120567
-2.054487
-0.476837
-0.472580
-0.327826
1.249313
2.033881
1.381125
1.332590
2.087355
-0.437498
-0.922339
-1.407181
-3.554991
-2.351999
-0.911100
-2.086163
-1.164845
-0.058923
-0.390325
0.963552
2.100297
1.990284
1.280648
2.479894
0.726495
-0.936134
-0.537974
-2.683742
-2.921138
-0.907353
-1.522473
-1.727683
-0.144243
-0.526735
0.353541
1.723766
2.009187
1.041549
1.834461
1.538992
-0.980922
-0.799724
-2.056360
-3.595693
-1.699073
-1.295635
-2.319472
-0.633853
-0.407185
-0.106267
1.407691
2.131462
1.605919
1.533883
2.360003
-0.114100
-0.610692
-0.917741
-3.137589
-2.130951
-0.622102
-1.815557
-0.949417
0.166552
-0.228712
1.098599
2.042907
1.935278
1.214061
2.462183
0.774009
-1.077652
-0.655481
-2.623626
-3.191062
-1.237392
-1.647813
-1.935448
-0.249488
-0.654118
0.169958
1.623631
2.146619
1.211337
1.836164
1.638957
-0.902925
-0.655310
-1.954351
-3.426926
-1.475130
-0.865289
-2.130440
-0.544276
-0.206743
-0.150544
1.354558
2.196005
1.689196
1.585654
2.494540
0.032357
-0.712872
-0.927448
-3.231423
-2.511910
-0.879594
-2.033710
-1.307896
-0.208446
-0.630787
0.637940
1.758507
1.520600
0.843491
2.061469
0.696182
-1.165867
-0.683069
-2.648320

