-0.086852
-0.556196
0.637089
-0.027248
-1.251357
0.387260
-0.668594
-1.396111
0.634193
1.032352
-0.061989
0.792571
0.816243
-2.630608
-1.518897
0.232969
-0.423193
0.194822
0.519412
-0.995568
-0.022820
0.134366
-1.557725
0.036785
1.398325
0.302451
0.199420
1.439197
-1.589060
-2.570663
0.005109
-0.285591
-0.317778
0.585999
-0.768730
-0.837020
0.300918
-1.233986
-0.988756
0.983136
0.730923
-0.192778
1.222576
-0.314202
-2.795458
-0.551258
0.258344
-0.309944
0.736713
0.261920
-0.956229
0.438179
-0.463724
-1.195329
0.732456
1.232794
-0.026056
0.851325
1.097407
-2.459969
-1.667568
0.079359
-0.525883
0.150033
0.668594
-0.960316
-0.064884
0.296491
-1.667397
-0.305176
1.148326
0.280142
-0.090769
1.274007
-1.371418
-2.580881
0.014816
-0.355925
-0.460488
0.602858
-0.584977
-0.848940
0.436817
-0.962189
-0.890153
1.134532
1.022475
-0.153780
1.127039
-0.227179
-2.930675
-0.895432
0.097922
-0.457082
0.647647
0.358139
-1.108476
0.262431
-0.422171
-1.448393
0.421320
1.253911
0.090258
0.754935
1.084294
-2.092975
-1.875503
0.141008
-0.650712
-0.007153
0.434944
-1.144579
-0.534228
0.115974
-1.631635
-0.560624
1.098769
0.220707
-0.035592
1.325096
-1.192263
-2.574921
-0.043937
-0.149863
-0.313010
0.769751
-0.283037
-0.853028
0.656162
-0.868865
-0.954015
0.890834
0.952823
-0.110694
1.168251
0.322546
-2.631290
-0.824758
0.157527
-0.562838
0.530822
0.322717
-1.089743
0.232458
-0.245741
-1.466445
0.415530
1.309599
0.069993
0.480073
1.155308
-2.199241
-2.116305
0.081573
-0.525032
-0.151566
0.579527
-1.010043
-0.637089
0.215428
-1.497269
-0.545127
1.251527
0.657013
0.022650
1.490968
-0.752211
-2.576964
-0.027929
0.108140
-0.271286
0.907183
-0.008856
-0.788655
0.509875
-0.838212
-1.142536
0.789336
0.900371
-0.200272
1.070840
0.435795
-2.828326
-1.267876
0.168426
-0.602858
0.207935
0.269072
-1.107795
0.059434
-0.140837
-1.708950
0.045300
1.041378
-0.232969
0.018052
1.170806
-2.034732
-2.438511
-0.037977
-0.506469
-0.141518
0.627041
-0.896284
-0.571864
0.384876
-1.374313
-0.499487
1.357113
0.783205
0.051260
1.578842
-0.536953
-2.763612
-0.309774
0.080892
-0.383343
0.719684
-0.009366
-1.035248
0.258003
-0.851325
-1.433917
0.600134
1.015493
-0.225306
0.748634
0.639132
-2.788476
-1.588038
0.065565
-0.605924
0.183582
0.392880
-1.105751
-0.027929
-0.008685
-1.535416
-0.034571
1.262086
0.195333
0.269243
1.468999
-1.610858
-2.266509
0.141518
-0.244379
-0.145606
0.856434
-0.521626
-0.631639
0.559602
-1.226834
-0.793593
1.108817
0.675576
-0.316245
1.128060
-0.286102
-2.979210
-0.785760
0.016008
-0.682388
0.305687
-0.057391
-1.297849
0.146798
-0.769070
-1.502718
0.556196
1.163994
-0.125340
0.629766
0.770262
-2.577475
-1.738582
0.162806
-0.431367
0.256811
0.716278
-0.992162
-0.124999
0.263963
-1.500504
-0.188351
1.372440
0.560965
0.389303
1.613923
-1.166378
-2.369710
0.163657
-0.141689
-0.353711
0.688348
-0.621421
-1.116991
0.136239
-1.381806
-1.173360
0.730412
0.534398
-0.389474
0.933749
-0.137261
-2.908196
-0.944478
0.159570
-0.522648
0.489269
0.313691
-1.040527
0.455379
-0.231607
-1.381806
0.509875
1.247270
0.153269
0.680515
1.227004
-1.978023
-1.545123
0.442266
-0.337362
0.170980
0.691414
-0.873463
-0.439712
0.276906
-1.400709
-0.282696
1.295635
0.520263
-0.024864
1.180002
-1.242161
-2.994708
-0.370230
-0.152418
-0.465768
0.661441
-0.420298
-1.124654
0.266007
-1.164675
-1.201630
0.890323
0.971385
0.005109
1.281500
0.523840
-2.557210
-0.869376
0.336340
-0.285591
0.671829
0.540359
-0.874485
0.335489
-0.040872
-1.433236
0.276395
1.092809
-0.058413
0.343152
1.117161
-2.131121
-2.151217
0.058413
-0.495570
-0.234672
0.568458
-0.903606
-0.541040
0.302962
-1.455375
-0.600134
1.160247
0.549385
-0.141008
1.360689
-0.808239
-2.797672
-0.200272
0.164849
-0.325271
0.651053
-0.207594
-0.974451
0.500849
-0.796829
-1.217127
1.002210
1.258850
-0.059264
1.061303
0.562668
-2.744368
-1.341105
0.226157
-0.488928
0.363248
0.381981
-1.205206
-0.077827
-0.122615
-1.729386
-0.011069
1.166378
0.047173
0.161443
1.115799
-1.930850
-2.334288
0.071866
-0.379086
-0.200272
0.614779
-0.792742
-0.794956
0.267199
-1.386063
-0.613587
1.043422
0.655140
-0.049898
1.476833
-0.206402
-2.469506
-0.261409
0.048365
-0.425918
0.699418
0.135728
-0.823396
0.710998
-0.595195
-1.459633
0.686646
1.051256
-0.188180
0.754595
0.828505
-2.527578
-1.618181
0.140326
-0.602518
0.151225
0.427450
-1.241820
-0.184264
0.133344
-1.518726
-0.070674
1.357283
0.382321
0.151055
1.377548
-1.535756
-2.439533
0.138794
-0.146117
-0.189372
0.891345
-0.450100
-0.735181
0.549214
-1.152584
-0.816584
1.168251
0.902755
-0.176600
1.239436
-0.224113
-2.890825
-0.721216
0.219856
-0.535761
0.489610
0.018222
-1.379251
0.105415
-0.786952
-1.737731
0.350305
1.025881
-0.144243
0.643049
0.974621
-2.355065
-1.670463
0.253916
-0.399011
0.305346
0.910248
-0.683921
0.082765
0.518731
-1.257828
-0.054325
1.256125
0.337192
0.098773
1.497439
-1.277924
-2.530984
-0.019244
-0.156334
-0.299726
0.684602
-0.514303
-1.084123
0.393902
-1.314368
-1.039846
0.934601
0.769070
-0.373125
0.981092
-0.186818
-3.158365
-1.093149
0.016178
-0.640324
0.549214
0.284740
-1.166889
0.313010
-0.196014
-1.374483
0.420468
1.440048
0.264645
0.872442
1.296656
-1.960993
-1.669271
0.393391
-0.395434
0.019244
0.575440
-0.894921
-0.390836
0.269413
-1.456397
-0.493867
1.016004
0.107288
-0.333956
1.129934
-1.382147
-2.963543
-0.435114
-0.339236
-0.517709
0.654629
-0.350646
-0.927959
0.565052
-0.875507
-0.994035
1.136916
1.169103
0.075783
1.283884
0.488247
-2.484151
-0.607967
0.545127
-0.176770
0.683069
0.588894
-0.969342
0.130108
-0.202826
-1.387426
0.425066
1.319136
0.240122
0.465768
1.012938
-2.365964
-2.323900
0.052282
-0.543083
-0.180517
0.583615
-0.960997
-0.535931
0.216791
-1.597404
-0.656332
1.104559
0.510897
0.009877
1.513106
-0.680174
-2.597741
-0.133004
-0.006812
-0.128065
0.957251
-0.097241
-0.712020
0.744888
-0.710317
-1.006637
1.047339
1.169954
-0.032868
1.084805
0.583274
-2.643040
-1.191071
0.102861
-0.708103
0.236545
0.267710
-1.189198
-0.142881
-0.311136
-1.700776
-0.100476
1.003231
-0.202656
0.053644
1.048190
-2.012593
-2.279111
0.204359
-0.293595
-0.002044
0.738927
-0.691244
-0.303643
0.582252
-1.255614
-0.329699
1.516683
1.012768
0.020436
1.627207
-0.562498
-2.894572
-0.340598
-0.039680
-0.339406
0.729050
-0.169618
-1.169443
0.315905
-0.946181
-1.425232
0.646455
0.888109
-0.259536
0.826972
0.554323
-2.680336
-1.320669
0.159740
-0.625168
0.172343
0.441245
-1.087870
0.052452
-0.010218
-1.656839
0.065054
1.322031
0.215939
0.356265
1.446179
-1.636573
-2.139466
0.345366
-0.095538
0.106607
0.971556
-0.507491
-0.484841
0.629084
-1.195839
-0.739098
1.167570
0.693798
-0.199250
1.130104
-0.672511
-3.114939
-0.649861
-0.036785
-0.570161
0.534569
0.000170
-1.193626
0.393220
-0.644411
-1.304490
0.670297
1.164504
0.095708
0.939540
0.863927
-2.498797
-1.292399
0.257662
-0.450441
0.405141
0.651223
-0.948736
0.144414
0.206913
-1.437153
-0.003236
1.350301
0.306368
0.168937
1.395600
-1.497269
-2.299036
0.012772
-0.305176
-0.253745
0.560624
-0.743355
-0.777074
0.361715
-1.301595
-0.848089
1.017536
0.686135
-0.197547
1.183408
-0.441926
-2.872092
-0.539337
0.169618
-0.384705
0.809772
0.219004
-1.096725
0.334467
-0.611714
-1.311643
0.690051
1.159566
0.035422
0.964063
0.951460
-2.575091
-1.622098
0.222581
-0.520604
0.141859
0.522477
-1.045125
-0.162125
0.139134
-1.657179
-0.178984
1.168421
0.196866
0.141859
1.425573
-1.491479
-2.511740
-0.012432
-0.217983
-0.316416
0.662463
-0.596046
-0.653437
0.561987
-1.054662
-0.752892
1.070670
0.778266
-0.099284
1.363584
-0.068630
-2.693108
-0.380959
0.487396
-0.338895
0.666380
0.137772
-1.170295
0.256981
-0.494378
-1.310962
0.574929
1.239606
-0.110694
0.644411
0.817605
-2.710819
-1.892362
0.128235
-0.359161
0.209808
0.650542
-0.920296
-0.089748
0.070844
-1.693453
-0.365291
1.090935
0.255278
0.102690
1.431363
-1.298359
-2.565554
-0.087193
-0.186307
-0.265666
0.872612
-0.290019
-0.482116
0.636407
-1.045125
-0.895773
1.048871
0.732115
-0.234502
1.230070
-0.116655
-2.891166
-0.777585
0.171832
-0.553983
0.379937
-0.053474
-1.241139
0.245741
-0.559773
-1.456056
0.525883
1.086848
-0.098263
0.579187
0.991310
-2.279622
-1.639298
0.489099
-0.193460
0.262431
0.653778
-0.926597
-0.194822
0.331402
-1.391513
-0.092132
1.423870
0.570331
0.182390
1.441411
-1.179661
-2.620220
-0.111205
-0.099966
-0.304154
0.883681
-0.229904
-0.725644
0.505958
-1.093660
-1.016685
0.892196
0.716618
-0.251021
1.047509
-0.059094
-2.896275
-0.906501
0.015157
-0.616653
0.372103
0.063181
-1.231943
0.254086
-0.354052
-1.479217
0.486544
1.335655
0.140326
0.627722
1.141514
-2.220528
-1.836504
0.251532
-0.341109
0.160081
0.655481
-1.008340
-0.343834
0.214747
-1.512936
-0.366824
1.133851
0.293425
-0.045470
1.307896
-1.186814
-2.599955
-0.138964
-0.216791
-0.509535
0.736884
-0.357117
-0.960146
0.416211
-1.031842
-0.979900
0.878913
0.792571
-0.282867
1.096725
0.213725
-2.748796
-0.842810
0.348772
-0.434603
0.527246
0.434433
-1.021624
0.291552
-0.174727
-1.386234
0.427621
1.383679
0.120742
0.564882
1.207590
-2.100468
-1.928295
0.243357
-0.306027
0.076975
0.810623
-0.794785
-0.364099
0.341790
-1.401561
-0.344855
1.112904
0.426429
-0.020606
1.353877
-1.132999
-2.802610
-0.244720
-0.164849
-0.414848
0.726325
-0.280993
-0.849962
0.480413
-0.940221
-1.039675
0.965255
1.004253
-0.195674
1.025030
0.288657
-2.823387
-0.974791
0.266859
-0.471898
0.496762
0.356265
-1.108135
0.141518
-0.038317
-1.400028
0.250340
1.267365
0.255789
0.516176
1.157693
-1.977852
-2.013956
0.267710
-0.404460
-0.157527
0.693287
-0.674895
-0.312669
0.360182
-1.488583
-0.583785
1.124654
0.379256
-0.118187
1.404967
-0.833784
-2.910921
-0.347240
-0.037806
-0.409569
0.698907
-0.135899
-0.841618
0.722919
-0.657184
-1.019921
0.997441
1.178469
-0.053474
1.104559
0.655821
-2.532687
-0.954185
0.369549
-0.427621
0.323057
0.424215
-1.211677
0.033719
-0.121253
-1.454013
0.212703
1.274518
0.126362

