-0.778948
-1.048701
-3.229550
-2.224786
-0.847408
-1.959971
-1.262597
-0.226668
-0.523329
0.722749
1.873289
1.840081
1.057727
2.254929
0.652926
-0.947714
-0.608478
-2.693789
-2.950600
-0.837530
-1.437153
-1.796654
-0.117506
-0.578335
0.423023
1.715251
2.204009
1.263789
2.147641
1.895598
-0.697545
-0.428132
-1.739264
-3.156151
-1.448393
-0.967639
-1.947369
-0.381810
-0.012091
0.176089
1.650367
2.359322
1.512936
1.287120
2.084119
-0.325782
-0.905650
-1.098769
-3.295456
-2.401045
-0.927789
-2.280303
-1.527241
-0.330039
-0.626189
0.821352
1.915012
2.083778
1.373121
2.615282
1.058919
-0.953163
-0.487055
-2.468824
-2.940723
-0.858477
-1.280819
-1.808746
-0.107629
-0.333786
0.445332
1.755953
2.203669
1.274177
1.968827
1.940216
-0.796488
-0.545979
-1.705374
-3.334114
-1.692261
-0.958613
-2.109323
-0.676938
-0.454187
-0.374147
1.076630
1.926422
1.432896
1.260212
2.217463
-0.040361
-0.776904
-0.979560
-3.258160
-2.494029
-0.794956
-1.928466
-1.303639
-0.014816
-0.279972
0.913484
2.011912
2.037627
1.123462
2.244881
0.859840
-0.904628
-0.475645
-2.423014
-3.049714
-1.150710
-1.459973
-2.086503
-0.311136
-0.520945
0.261750
1.531669
1.992158
1.197542
1.812833
1.865966
-0.819479
-0.605072
-1.655817
-3.356593
-1.680170
-0.807558
-2.101489
-0.700440
-0.314542
-0.330210
1.111882
2.002375
1.681702
1.504081
2.440895
0.040531
-0.785249
-0.857796
-3.229720
-2.468143
-0.562157
-1.674209
-1.197883
-0.026396
-0.407696
0.786611
1.834972
1.939876
1.092298
2.277749
1.007659
-0.938518
-0.521626
-2.365964
-3.130606
-1.091616
-1.302447
-1.910244
-0.212022
-0.336681
0.356436
1.729897
2.222742
1.241139
1.771450
1.930680
-0.731945
-0.767878
-1.702479
-3.415687
-1.685790
-0.904628
-2.135038
-0.733307
-0.141348
-0.244720
1.156671
2.093656
1.696178
1.438175
2.577135
0.337362
-0.713042
-0.783546
-3.139973
-2.610343
-0.817095
-1.666546
-1.246929
0.037636
-0.372444
0.816243
1.960993
1.980918
1.119886
2.378736
1.346043
-0.820841
-0.265156
-2.253907
-3.042391
-0.981774
-1.328332
-2.030475
-0.235013
-0.444651
0.067438
1.541036
2.120733
1.204014
1.590252
1.971381
-0.678471
-0.600985
-1.436813
-3.213201
-1.732962
-0.731264
-2.063343
-0.738587
-0.023161
-0.036614
1.348768
2.241305
1.897131
1.394067
2.410242
0.255619
-0.783886
-0.624997
-2.868686
-2.520766
-0.795977
-1.802615
-1.632656
-0.225646
-0.586680
0.618867
1.883677
2.039671
1.145942
2.350296
1.263278
-0.901393
-0.549895
-2.277238
-3.331389
-1.253230
-1.212529
-1.980237
-0.198058
-0.373636
-0.005450
1.441751
2.094507
1.329184
1.695326
2.222572
-0.423874
-0.518560
-1.181023
-3.275190
-1.849447
-0.605413
-1.971722
-0.881808
0.068630
-0.180687
1.204865
2.030305
1.715762
1.131296
2.230065
0.244720
-1.076630
-0.768219
-2.963884
-2.716099
-0.817095
-1.721723
-1.570838
-0.097241
-0.436136
0.645774
1.961844
2.080372
1.140322
2.059937
1.348087
-0.939369
-0.567947
-2.062491
-3.233126
-1.237392
-1.135894
-2.184595
-0.335830
-0.327144
0.002725
1.458951
2.147300
1.465934
1.605238
2.084800
-0.482627
-0.775882
-1.303298
-3.347908
-2.182381
-0.784908
-2.058234
-1.046658
-0.182731
-0.514473
0.983817
1.922335
1.681192
1.297508
2.387251
0.516687
-0.969512
-0.725985
-2.861193
-2.778769
-0.692947
-1.557895
-1.585994
0.002554
-0.379426
0.595706
1.817771
2.056360
1.075268
1.969848
1.484837
-0.865630
-0.477518
-2.041033
-3.209795
-1.331738
-1.082250
-2.133165
-0.457082
-0.252894
0.135899
1.507316
2.309935
1.558406
1.589741
2.215930
-0.329869
-0.628403
-1.018388
-3.220524
-2.075263
-0.716278
-1.923697
-0.974962
-0.038828
-0.389474
0.949757
2.163478
1.907860
1.250676
2.522639
0.776904
-0.934260
-0.642197
-2.886568
-2.917222
-0.913143
-1.620225
-1.753569
-0.119039
-0.688348
0.147138
1.610858
1.942771
1.089403
2.069473
1.656158
-0.897305
-0.518220
-1.888445
-3.334114
-1.502548
-0.876869
-1.975128
-0.478710
-0.253575
-0.108991
1.339231
2.074923
1.465423
1.460825
2.256632
-0.242165
-0.668083
-0.974280
-3.199748
-2.320324
-0.728539
-1.864093
-1.052959
0.050749
-0.291552
1.005956
2.062661
1.819645
0.923872
2.105406
0.762429
-1.118013
-0.596728
-2.604893
-2.984830
-1.151051
-1.752377
-2.123458
-0.432389
-0.540359
0.164509
1.564196
2.025877
1.237392
2.038309
1.971211
-0.572715
-0.540699
-1.721212
-3.322193
-1.434258
-0.538485
-1.634189
-0.340598
-0.278098
-0.151736
1.382487
2.282006
1.678978
1.399347
2.467973
0.055177
-0.699588
-0.807728
-3.056526
-2.254759
-0.545297
-1.795973
-1.167400
0.185626
-0.350475
0.784057
1.899345
2.045631
1.147475
2.180338
0.997782
-1.051767
-0.618867
-2.508845
-3.181526
-1.009362
-1.298189
-1.844679
-0.068971
-0.365802
0.257322
1.587868
2.157007
1.306704
1.812662
1.978363
-0.682558
-0.618356
-1.515491
-3.415857
-1.815387
-0.800235
-2.051932
-0.717810
-0.157867
-0.137942
1.298189
2.094507
1.630272
1.286268
2.429145
0.230925
-0.871590
-0.824928
-3.131287
-2.718994
-0.930514
-1.890148
-1.475470
-0.044618
-0.419617
0.579868
1.922846
2.090761
1.108476
2.277579
1.290866
-0.985009
-0.391517
-2.155134
-3.080368
-1.164845
-1.129082
-2.024003
-0.422341
-0.535420
0.059094
1.361370
1.932723
1.162120
1.543420
2.022811
-0.666891
-0.792231
-1.405818
-3.370728
-1.987730
-0.899008
-2.109834
-0.880786
-0.075272
-0.175749
1.220533
2.181189
1.796995
1.238925
2.374308
0.476667
-0.874145
-0.532184
-2.740451
-2.679995
-0.717981
-1.609496
-1.583610
-0.116144
-0.412294
0.584977
1.768555
2.137252
1.350982
2.297333
1.500675
-0.867673
-0.550747
-2.097743
-3.409386
-1.463890
-1.080377
-2.055679
-0.343152
-0.417403
-0.154121
1.228367
2.007655
1.419953
1.619884
2.417735
-0.106777
-0.549895
-1.035929
-3.052439
-1.900026
-0.585488
-1.874140
-0.791209
0.071866
-0.247615
1.078844
2.149514
1.799379
1.112393
2.163989
0.495229
-1.024348
-0.616142
-2.749647
-2.942085
-0.830208
-1.563004
-1.820156
-0.139815
-0.371081
0.531333
1.910244
2.222572
1.252379
1.994882
1.606941
-0.956569
-0.579017
-1.814876
-3.331729
-1.525879
-0.938177
-1.949072
-0.524010
-0.328507
-0.053133
1.436472
2.284391
1.577309
1.630102
2.472741
-0.090940
-0.856263
-1.165356
-3.439358
-2.520595
-0.850473
-2.128567
-1.319136
-0.069993
-0.415530
0.589745
1.782349
1.656669
0.950950
2.203839
0.771625
-0.986883
-0.416211
-2.478361
-2.939190
-0.827823
-1.263278
-1.678296
-0.113589
-0.419446
0.420809
1.880612
2.271448
1.299552
1.956906
1.793759
-0.796488
-0.639302
-1.801763
-3.379754
-1.732281
-0.958272
-2.176251
-0.558921
-0.140156
-0.108821
1.319647
2.117668
1.590763
1.303128
2.334969
0.063692
-0.797851
-0.880616
-3.116471
-2.566576
-0.857455
-1.928466
-1.365117
-0.017200
-0.287976
0.798702
1.943111
2.063683
1.252890
2.373798
1.150540
-0.919104
-0.452484
-2.343314
-3.242833
-1.102686
-1.389640
-1.912458
-0.327144
-0.557899
0.172002
1.560960
2.127034
1.204354
1.736709
1.952648
-0.681707
-0.595876
-1.495055
-3.185783
-1.712356
-0.694820
-1.938343
-0.662463
-0.195844
-0.277076
1.169784
2.144064
1.857451
1.366990
2.414329
0.334978
-0.684432
-0.718321
-2.952814
-2.507993
-0.678641
-1.755612
-1.442943
0.020266
-0.393902
0.777074
1.856770
1.973936
1.081228
2.092123
1.169613
-1.123633
-0.517368
-2.261741
-3.266845
-1.221384
-1.178639
-1.886913
-0.224624
-0.361374
0.203848
1.685108
2.157858
1.274007
1.700435
2.118519
-0.320843
-0.528097
-1.235519
-3.293071
-1.899004
-0.694820
-1.985516
-0.898838
-0.071526
-0.431367
1.070159
2.048186
1.815557
1.238755
2.362898
0.363418
-0.999825
-0.790358
-3.046138
-2.848932
-0.761066
-1.644748
-1.489605
-0.048195
-0.529970
0.548022
1.654625
2.027409
1.139811
2.137252
1.435620
-0.891515
-0.473091
-2.188512
-3.242663
-1.332079
-1.064198
-1.980918
-0.275033
-0.197547
0.089407
1.562153
2.183574
1.476833
1.613072
2.296482
-0.247785
-0.691073
-1.238244
-3.212179
-2.068111
-0.857626
-2.056020
-0.979219
-0.202145
-0.284059
0.978708
2.001183
1.861709
1.221384
2.397299
0.598260
-0.862564
-0.505277
-2.783196
-2.987385
-0.908375
-1.595361
-1.591274
-0.002384
-0.493697
0.596387
1.824072
2.119201
1.201289
2.062321
1.632997
-0.985350
-0.532184
-1.747438
-3.276382
-1.335825
-1.084975
-2.057723
-0.555175
-0.442437
-0.201804
1.300744
2.182552
1.543249
1.545634
2.194473
-0.345877
-0.789506
-1.111712
-3.339222
-2.222742
-0.665699
-1.877887
-1.124484
-0.026226
-0.297172
0.991140
2.068111
2.040352
1.262767
2.530132
0.850303
-0.837530
-0.407015
-2.576794
-2.985852
-0.819479
-1.360519
-1.636233
-0.037636
-0.393561
0.480924
1.801593
2.175399
1.280308
2.079180
1.949923
-0.648669
-0.483138
-1.709291
-3.392185
-1.459462
-1.001528
-2.122436
-0.463213
-0.085660
-0.052793
1.228537
2.052614
1.564537
1.491989
2.352851
0.052282
-0.608478
-0.825269
-3.026213
-2.089739
-0.568458
-1.722063
-1.052788
-0.101328
-0.371252
0.904288
1.986878
1.914331
1.064198
2.306359
0.821522
-0.981603
-0.633342
-2.472912
-3.025191
-1.085997
-1.408032
-1.870905
-0.166042
-0.436476
0.258684
1.627377
2.193621
1.149178
1.693453
1.811470
-0.759533
-0.644582
-1.654284
-3.382989
-1.699073
-0.861032
-2.017702
-0.501190
-0.022139
-0.052963
1.441581
2.213206
1.799890
1.658882
2.589907
0.171150
-0.752551
-0.866992
-3.199066
-2.651215
-0.796488
-1.899855
-1.319306
-0.145435
-0.524010
0.708444
1.844849
1.930509
0.974110
2.252885
1.046487
-1.016004
-0.596217
-2.414669
-3.108808
-0.985520
-1.309599
-1.869372
-0.074080
-0.296491
0.233310
1.702479
2.256972
1.310451
1.758337
1.868350
-0.556367
-0.409058
-1.472235
-3.351484
-1.734155
-0.905139
-2.106769
-0.746420
-0.259536
-0.204018
1.316922
2.074753
1.518897
1.226323
2.163819
-0.029291
-1.051596
-0.972578
-3.143549
-2.724273
-0.963381
-1.927444
-1.588379
-0.168085
-0.557389
0.687327
1.892703
2.033881
1.231602
2.446686
1.394408
-0.700951
-0.411783
-2.266509
-3.027064
-0.994035
-1.112393
-1.930680
-0.173364
-0.379937
0.072207
1.400709
2.080032
1.265492
1.699924
1.943793
-0.605583
-0.557389
-1.491138
-3.542219
-1.889127
-0.813689
-2.059596
-0.828505
-0.242506
-0.405822
1.090424
1.984324
1.545293
1.108306
2.169779
0.221559
-0.911100
-0.603540
-2.817086
-2.518552
-0.656162
-1.679489
-1.420634
0.038658
-0.376361
0.794104
2.014296

