0.833954
0.998974
-0.123126
1.152924
0.270946
-2.704178
-1.061984
0.151396
-0.557389
0.338214
0.332253
-1.118694
0.162295
-0.279461
-1.598426
0.324760
1.209634
0.025885
0.545468
1.303128
-2.040522
-2.063683
0.182731
-0.606946
-0.114100
0.552791
-0.908715
-0.450271
0.456401
-1.443454
-0.475645
1.204354
0.524691
-0.018392
1.382317
-0.859499
-2.582754
0.011069
0.232288
-0.124999
0.943797
-0.027929
-0.972407
0.430005
-1.043081
-1.164504
0.910248
1.092298
-0.155483
1.063858
0.324079
-3.024340
-1.345532
-0.001192
-0.727006
0.244379
0.317267
-1.012938
0.274692
0.023842
-1.493863
0.072547
1.121759
-0.010559
0.328507
1.191412
-2.011572
-2.167906
0.106267
-0.414167
-0.132663
0.581060
-0.964233
-0.629766
0.387771
-1.251527
-0.451633
1.328673
0.634534
0.104053
1.507316
-0.622102
-2.605064
-0.179155
0.058072
-0.309774
0.788655
-0.055517
-0.900030
0.542232
-0.808239
-1.051085
0.973429
1.037461
-0.203337
1.027584
0.417233
-2.842460
-1.270941
0.209297
-0.449760
0.310114
0.460488
-1.095363
0.027759
-0.083276
-1.598937
0.234161
1.388448
0.287976
0.534398
1.396111
-1.861368
-2.169439
0.342812
-0.183071
0.124318
0.906331
-0.603199
-0.396286
0.578165
-1.141514
-0.527927
1.266343
0.719343
0.024864
1.479047
-0.519582
-2.823898
-0.285081
0.018733
-0.517709
0.481606
-0.292744
-1.096385
0.422001
-0.925916
-1.474789
0.579868
0.943116
-0.354903
0.789336
0.662804
-2.700431
-1.298359
0.208957
-0.540359
0.295639
0.439031
-1.013960
0.155142
0.144414
-1.513106
0.226838
1.442092
0.486714
0.513622
1.551594
-1.553978
-2.069303
0.378745
-0.013624
0.109162
0.970023
-0.505277
-0.600645
0.561135
-1.269238
-0.686135
1.104559
0.611373
-0.190905
1.421486
-0.522818
-2.870900
-0.438520
0.158889
-0.331061
0.628403
-0.030143
-0.989437
0.617334
-0.475134
-1.020772
0.896284
1.231432
-0.124318
0.913313
0.761918
-2.460650
-1.237222
0.396286
-0.316245
0.426088
0.659057
-1.053980
-0.041894
0.122786
-1.449585
0.080551
1.449926
0.232458
0.332253
1.416717
-1.754931
-2.523831
-0.047513
-0.458104
-0.420128
0.686475
-0.692436
-0.884533
0.323909
-1.379081
-0.889982
1.041378
0.729050
0.026396
1.458951
-0.137091
-2.740962
-0.435114
0.240803
-0.239100
0.769241
0.266518
-0.869717
0.584466
-0.510556
-1.295124
0.747102
1.271112
-0.005450
0.884363
0.883171
-2.537114
-1.544271
0.230415
-0.524180
0.169107
0.613758
-1.045636
-0.124829
0.319992
-1.448904
0.112568
1.327481
0.371422
0.099114
1.354728
-1.494544
-2.464737
0.154291
-0.142711
-0.232799
0.724452
-0.576632
-0.821352
0.455209
-1.159225
-0.868355
1.127550
0.895602
-0.102179
1.326459
-0.128576
-2.869538
-0.679323
0.245912
-0.543935
0.560795
0.122615
-1.134702
0.186477
-0.713893
-1.567432
0.346729
1.113926
-0.099966
0.785419
0.970534
-2.403940
-1.638276
0.202485
-0.423363
0.224284
0.825269
-0.876188
-0.127554
0.258514
-1.470702
-0.120401
1.229048
0.344855
0.177792
1.568283
-1.311813
-2.495050
0.169277
-0.116144
-0.331232
0.683069
-0.503234
-0.779629
0.584807
-1.069648
-0.804663
1.130785
0.931365
-0.130449
1.221214
0.066417
-2.769913
-0.555175
0.415530
-0.368868
0.734500
0.337022
-1.095704
0.388452
-0.308071
-1.309088
0.567607
1.273666
0.064032
0.783546
1.159055
-2.450602
-1.855067
0.266007
-0.421831
0.089748
0.696012
-0.924042
-0.342642
0.146627
-1.676253
-0.330039
1.282862
0.396286
0.213044
1.585313
-1.060963
-2.639634
-0.130108
-0.065225
-0.240973
0.716107
-0.281164
-0.766856
0.635556
-1.032863
-1.022475
1.016855
0.938177
-0.219004
1.099450
0.165190
-2.745049
-0.788144
0.368016
-0.388963
0.468833
0.409569
-1.144920
0.221389
-0.118869
-1.223258
0.609500
1.361370
0.053133
0.610352
1.077993
-2.241986
-1.961674
0.288827
-0.345196
0.094175
0.780480
-0.835317
-0.310285
0.466619
-1.443965
-0.333275
1.387426
0.701121
0.189202
1.581567
-0.636407
-2.611365
-0.191586
-0.072377
-0.332764
0.674043
-0.247785
-0.906161
0.476837
-0.954866
-1.210485
0.905991
0.971045
-0.122615
1.048190
0.455039
-2.609491
-0.848770
0.398670
-0.418425
0.437668
0.462191
-1.160928
-0.050238
-0.275033
-1.518386
0.138453
1.221895
0.070844
0.408036
1.050915
-2.287456
-2.411263
-0.085660
-0.414678
-0.154972
0.695331
-0.818627
-0.425066
0.644922
-1.121930
-0.268561
1.252208
0.648669
0.014135
1.589060
-0.294958
-2.302783
-0.055007
-0.034741
-0.344174
0.834465
0.066757
-0.994376
0.456742
-0.719002
-1.273496
0.808409
1.072032
-0.173875
1.034055
0.709125
-2.695322
-1.123803
0.480754
-0.481946
0.298704
0.519242
-0.967298
0.044789
-0.020947
-1.579353
0.027588
1.270430
0.121423
0.282185
1.380614
-1.777411
-2.176080
0.340087
-0.099114
-0.019584
0.836168
-0.609500
-0.608138
0.461851
-1.272474
-0.652756
1.294953
0.903777
-0.024693
1.458441
-0.378234
-2.814191
-0.482116
0.095027
-0.328166
0.815221
0.147138
-1.009021
0.453847
-0.578165
-1.252549
0.621932
1.027414
-0.158037
0.880275
0.729731
-2.659219
-1.520429
0.240632
-0.442607
0.144073
0.701462
-0.926256
0.004428
0.248296
-1.488073
-0.053985
1.330205
0.294958
0.344345
1.559087
-1.361370
-2.422503
-0.002895
-0.284399
-0.192949
0.727858
-0.634193
-0.724452
0.614779
-1.036780
-0.686135
1.170295
0.834465
-0.095367
1.393046
-0.117336
-2.692597
-0.344685
0.454187
-0.236545
0.747442
0.272138
-1.145090
0.278779
-0.610862
-1.384531
0.652245
1.314878
-0.028951
0.729220
0.938347
-2.556188
-1.790183
0.212533
-0.397989
0.178133
0.670978
-0.883171
-0.079359
0.336000
-1.543079
-0.219856
1.290015
0.418595
0.065735
1.468148
-1.182726
-2.546140
0.066417
-0.124489
-0.360353
0.696182
-0.389644
-0.730242
0.691244
-0.822033
-0.758341
1.133851
1.025030
0.051941
1.386234
0.254256
-2.775703
-0.752381
0.253916
-0.423874
0.524521
0.308071
-1.248462
0.205040
-0.511408
-1.640831
0.312158
1.220533
-0.036785
0.549214
1.230240
-2.267531
-1.912968
0.334127
-0.226838
0.168085
0.972748
-0.651905
-0.221389
0.453676
-1.420464
-0.495740
1.240628
0.560965
0.013283
1.445327
-0.848089
-2.521958
-0.227009
-0.113419
-0.372103
0.751189
-0.176600
-0.910248
0.715767
-0.690903
-0.963381
0.865459
0.865630
-0.345707
0.939369
0.327144
-2.871752
-0.981603
0.411442
-0.410250
0.272308
0.352349
-1.347235
-0.022479
-0.256470
-1.588890
0.156164
1.338209
0.213896
0.477859
1.229899
-1.908711
-2.098935
0.066246
-0.353881
0.108480
1.032012
-0.635556
-0.468833
0.464746
-1.579864
-0.673532
1.112734
0.523158
-0.102861
1.419612
-0.659568
-2.821684
-0.210830
0.067438
-0.396626
0.703335
-0.027588
-0.975473
0.428472
-0.764983
-1.193796
0.796999
0.961338
-0.164509
0.902074
0.510386
-2.644914
-1.165867
0.456912
-0.258344
0.395264
0.561135
-0.963041
0.176600
0.198569
-1.314878
0.228201
1.445327
0.341279
0.363929
1.390832
-1.747949
-2.203328
0.106267
-0.204188
0.067609
0.941753
-0.473261
-0.553301
0.603710
-1.191071
-0.652586
1.173530
0.759533
0.141689
1.588549
-0.224454
-2.746071
-0.478881
-0.063011
-0.685964
0.426769
0.048024
-1.003231
0.413316
-0.644411
-1.291548
0.703505
0.988415
-0.250850
0.786100
0.797680
-2.516508
-1.392535
0.391688
-0.262601
0.419787
0.592130
-1.008000
-0.033208
0.093494
-1.479728
-0.023501
1.408713
0.353711
0.236545
1.429830
-1.440219
-2.275705
0.271967
-0.084128
-0.017370
1.014982
-0.490120
-0.840936
0.477348
-1.207250
-0.696863
1.116140
0.850303
-0.116144
1.301255
-0.070504
-2.868176
-0.801257
0.123126
-0.596728
0.513792
0.098433
-0.981603
0.482968
-0.376531
-1.277924
0.615120
1.229048
-0.040191
0.779969
1.237052
-2.176591
-1.424210
0.475134
-0.262260
0.307390
0.635215
-0.949928
-0.116485
0.314372
-1.499993
-0.219515
1.244204
0.248807
0.047343
1.301255
-1.330716
-2.653599
0.009877
-0.041212
-0.284570
0.740801
-0.499317
-0.911440
0.423193
-1.131977
-0.932898
0.959805
0.797340
-0.109843
1.202481
-0.030143
-2.907515
-0.875337
0.131471
-0.310966
0.615631
0.361034
-1.003913
0.390325
-0.285251
-1.381465
0.555175
1.371758
0.025715
0.615120
1.191241
-2.175399
-1.659564
0.323909
-0.389474
0.231266
0.834124
-0.910078
-0.266859
0.457593
-1.398495
-0.390155
1.260383
0.643900
0.083957
1.629250
-1.019750
-2.544778
-0.063522
-0.099284
-0.373977
0.697545
-0.217983
-0.817435
0.647136
-0.942775
-1.031160
1.032012
1.049212
-0.142881
1.261575
0.367676
-2.609151
-0.807217
0.292063
-0.384876
0.473942
0.424385
-0.994376
0.239781
-0.047343
-1.384190
0.345026
1.322201
0.102009
0.369889
1.157352
-2.010720
-1.889127
0.314883
-0.334467
0.032527
0.760215
-0.857626
-0.441245
0.399862
-1.285076
-0.324079
1.233135
0.588553
-0.056539
1.420804
-1.013620
-2.843312
-0.120912
0.089407
-0.350646
0.676087
-0.193119
-0.962870
0.537293
-0.778777
-1.006637
1.003742
1.181875
0.118187
1.390491
0.574078
-2.616133
-1.107454
0.124659
-0.495400
0.407866
0.474453
-1.083102
0.127043
-0.154291
-1.613753
0.192268
1.172338
0.213896
0.573737
1.445838
-1.843316
-2.047334
0.286443
-0.197206
0.028270
0.787122
-0.606775
-0.463213
0.371763
-1.347746
-0.607456
0.996249
0.426088
-0.222921
1.295464
-0.800576
-2.823387
-0.256470
0.161954
-0.369719
0.776563
-0.174556
-1.016344
0.619888
-0.665528
-1.157182
0.762769
0.990799
-0.391347
0.742674
0.483138
-2.835308
-1.326970
0.181198
-0.506810
0.312328
0.451974
-1.163312
-0.107118
-0.020947
-1.466274
0.135899
1.236882
0.240292
0.437668
1.512936
-1.789842
-2.253226
0.243187
-0.131982
-0.099114
0.892878
-0.606946
-0.641687
0.338043
-1.486540
-0.662804
1.194136
0.588553
-0.101158
1.444987
-0.535420
-2.897467
-0.540699
-0.012943
-0.362907
0.793082
0.093664
-0.930854
0.683410
-0.592811
-1.151732
0.800065
1.128401
-0.094516
0.942945
0.714064
-2.559934
-1.293591
0.347410
-0.448227
0.252383
0.494378
-1.092298
0.017541
0.249658
-1.295464
0.256811
1.318455
0.253916
0.283718
1.359667
-1.709461
-2.469165
0.155313
-0.217472
-0.232969
0.701462
-0.577143
-0.624316
0.538826
-1.233135
-0.635215
1.311643
0.861032
-0.068630
1.433407
-0.249658
-2.685615
-0.468152
0.131301
-0.411783
0.731264
0.111546
-1.052959
0.415359
-0.626019
-1.397303
0.505788
1.146112
-0.008685
0.836509
0.790698
-2.597400
-1.679318
0.163998
-0.476326
0.272478
0.623805

