-1.864604
-0.899179
-0.366654
0.057902
0.923191
-0.416892
-2.524342
-0.980752
0.410931
-0.311988
1.285246
0.674043
-0.725814
-0.368527
-0.396626
-1.495736
-1.307385
-0.289679
-0.256641
0.822203
0.327655
-2.077477
-1.862390
0.339576
0.024353
0.912632
1.445838
-0.308071
-0.333616
-0.189883
-1.069307
-1.642874
-0.364099
-0.161443
0.693117
1.042230
-1.059771
-2.314193
-0.058072
0.306708
0.347240
1.742670
0.162806
-0.626530
-0.288146
-0.694650
-1.918929
-1.036951
-0.498806
-0.151055
0.827312
-0.542913
-2.565725
-1.145601
0.388793
-0.199420
1.208612
0.774349
-0.515836
-0.131130
-0.215599
-1.420634
-1.227004
-0.156505
-0.204870
0.946522
0.578846
-1.940216
-1.825265
0.568288
0.099114
0.825950
1.372269
-0.368697
-0.449078
-0.101328
-1.033545
-1.667227
-0.415189
-0.297172
0.386068
0.919785
-1.159566
-2.470868
-0.393050
0.115122
0.028951
1.469169
0.000851
-0.819138
-0.435795
-0.738416
-1.788650
-0.931195
-0.307730
-0.009366
1.048190
-0.188862
-2.461331
-1.124484
0.617674
-0.129427
1.395430
0.945670
-0.598090
-0.297001
-0.428132
-1.517705
-1.409565
-0.248466
-0.286954
0.737565
0.529970
-1.958438
-2.096381
0.233821
-0.094175
0.567777
1.213210
-0.421831
-0.474112
-0.141178
-1.038994
-1.716784
-0.481265
-0.369549
0.242676
0.924894
-1.069307
-2.488238
-0.382321
0.309774
0.115803
1.569135
0.298704
-0.525543
-0.194992
-0.635215
-1.752206
-0.874826
-0.262260
0.053644
1.270260
0.035933
-2.285923
-1.295805
0.482627
-0.177962
1.209634
0.916379
-0.566244
-0.257322
-0.321354
-1.411268
-1.501526
-0.260898
-0.371081
0.706230
0.623635
-1.723937
-2.025536
0.453847
0.142540
0.695671
1.420123
-0.489780
-0.613247
-0.186307
-0.902414
-1.730578
-0.553983
-0.272478
0.375339
0.818116
-1.072032
-2.549887
-0.309433
0.466960
0.106096
1.644748
0.318800
-0.663485
-0.177622
-0.420979
-1.668079
-0.916209
-0.185966
0.040531
1.077993
0.089237
-2.250842
-1.350812
0.514984
-0.104053
1.325267
1.112563
-0.480243
-0.170980
-0.180006
-1.371247
-1.416206
-0.295639
-0.121934
0.925916
0.759193
-1.691580
-2.189534
0.121253
-0.187499
0.441756
1.453502
-0.260217
-0.542573
-0.165020
-0.895773
-1.816579
-0.647306
-0.253575
0.365291
1.100131
-0.751189
-2.412115
-0.336340
0.591108
0.149182
1.613583
0.481606
-0.508853
-0.154291
-0.429324
-1.607452
-0.904628
-0.212193
-0.039339
0.945500
-0.042915
-2.309935
-1.448393
0.544446
-0.090429
1.176596
1.027243
-0.650372
-0.349624
-0.302621
-1.250676
-1.454013
-0.258514
-0.371763
0.608138
0.574929
-1.742499
-2.190896
0.174727
0.048195
0.561476
1.620906
-0.144754
-0.539507
-0.223432
-0.939880
-1.744373
-0.483138
-0.196695
0.467300
1.314538
-0.562668
-2.503565
-0.559943
0.410761
-0.006982
1.456056
0.448227
-0.651053
-0.292914
-0.556367
-1.806191
-1.167570
-0.338725
-0.162976
1.034396
0.190394
-2.138955
-1.485859
0.571523
-0.116995
1.142706
1.046658
-0.618696
-0.463894
-0.312669
-1.268557
-1.611710
-0.285421
-0.358990
0.636407
0.823225
-1.526560
-2.253056
0.158548
0.127895
0.373466
1.485518
-0.078508
-0.544276
-0.263623
-0.778096
-1.880441
-0.677449
-0.386408
-0.061308
0.891856
-0.644922
-2.559594
-0.761407
0.428132
0.006642
1.467807
0.415019
-0.661101
-0.296150
-0.501871
-1.666886
-1.159395
-0.126702
-0.024012
1.116310
0.276906
-2.175910
-1.756123
0.462362
-0.059775
1.082250
1.307215
-0.462873
-0.454698
-0.296661
-1.226323
-1.691069
-0.482798
-0.299726
0.609159
0.844172
-1.378741
-2.289329
0.117506
0.318119
0.342812
1.677615
-0.052452
-0.652586
-0.214236
-0.671489
-1.701457
-0.571183
-0.166382
0.134877
1.037291
-0.434944
-2.380099
-0.797680
0.537804
-0.083276
1.607793
0.718151
-0.628063
-0.084128
-0.219004
-1.505784
-1.258339
-0.338895
-0.243187
0.750167
0.254767
-2.183233
-1.900537
0.366654
-0.257492
0.771454
1.242161
-0.511238
-0.526905
-0.207084
-1.091276
-1.663480
-0.338214
-0.141348
0.491142
0.926937
-1.251868
-2.542053
-0.167574
0.236716
0.204359
1.619373
0.117336
-0.617334
-0.273330
-0.834635
-1.762594
-0.778948
-0.172172
0.126021
1.119375
-0.135388
-2.328839
-1.050574
0.542402
-0.069823
1.442603
0.793764
-0.743014
-0.447375
-0.443459
-1.740456
-1.506124
-0.363588
-0.209979
0.726666
0.237226
-2.143042
-2.155645
0.290530
-0.267540
0.597068
1.281500
-0.363248
-0.322887
0.037636
-0.757490
-1.694815
-0.487566
-0.426088
0.514133
1.225471
-0.725474
-2.152239
-0.203507
0.404630
0.317948
1.825775
0.280823
-0.619718
-0.162806
-0.547341
-1.674550
-0.834465
-0.188691
0.178644
1.217127
-0.106607
-2.207926
-1.033885
0.654800
-0.052793
1.267706
0.983988
-0.552961
-0.428472
-0.458275
-1.520770
-1.444135
-0.363929
-0.331742
0.827994
0.557218
-1.833269
-1.975639
0.326463
0.055007
0.663144
1.480068
-0.296661
-0.571012
-0.280823
-1.076800
-1.760721
-0.424385
-0.216109
0.410761
1.107114
-0.856434
-2.526896
-0.544446
0.316245
0.097922
1.603365
0.322206
-0.591959
-0.135217
-0.527757
-1.783882
-1.054321
-0.298023
-0.190905
0.953674
-0.053985
-2.357619
-1.397984
0.572205
-0.255448
1.209974
1.090765
-0.549895
-0.323227
-0.299386
-1.426424
-1.482623
-0.253064
-0.214917
0.729050
0.827142
-1.657179
-2.298525
0.089918
-0.019584
0.377212
1.365457
-0.329188
-0.670637
-0.276736
-1.014130
-2.000502
-0.707763
-0.346218
0.175067
0.971726
-0.661441
-2.479553
-0.620229
0.499828
0.049387
1.603365
0.480584
-0.564201
-0.208446
-0.354903
-1.628739
-1.064709
-0.215428
-0.157186
0.977686
0.249147
-2.050911
-1.504762
0.658546
-0.015668
0.989607
1.078844
-0.542232
-0.353370
-0.267880
-1.199756
-1.539162
-0.232118
-0.378745
0.431197
0.692947
-1.652752
-2.401045
-0.079700
0.093664
0.333105
1.647132
0.040531
-0.508513
-0.102350
-0.736032
-1.822880
-0.647136
0.011751
0.482116
1.320839
-0.325952
-2.326454
-0.843661
0.403779
-0.168085
1.569816
0.674895
-0.513281
-0.292233
-0.439201
-1.690728
-1.378570
-0.417233
-0.283207
0.915868
0.423874
-1.999480
-1.737050
0.524521
-0.097411
0.872953
1.236711
-0.492164
-0.412124
-0.234161
-1.149007
-1.590252
-0.305005
-0.352689
0.406674
0.853709
-1.177617
-2.356086
0.003065
0.358309
0.382832
1.776048
0.057731
-0.625338
-0.202826
-0.667742
-1.910755
-0.895262
-0.339065
-0.004768
0.974280
-0.507150
-2.624648
-1.187835
0.430346
-0.329529
1.315560
0.735692
-0.604221
-0.302621
-0.454698
-1.640150
-1.334293
-0.260047
-0.220197
0.993184
0.669275
-1.783882
-1.869713
0.462021
0.009196
0.900030
1.464231
-0.336340
-0.528608
-0.299215
-1.062836
-1.788310
-0.527246
-0.337022
0.328677
0.852687
-1.185281
-2.476999
-0.286613
0.373295
0.207935
1.643215
0.257151
-0.590597
-0.295298
-0.651053
-1.791716
-0.964744
-0.263112
-0.050749
1.061303
-0.104734
-2.315044
-1.155990
0.626019
-0.205040
1.190390
0.993524
-0.443629
-0.116314
-0.187499
-1.383339
-1.346384
-0.310455
-0.494889
0.687497
0.546830
-1.800571
-2.127886
0.172172
-0.125170
0.449419
1.382317
-0.438179
-0.576973
-0.184604
-0.922510
-1.684427
-0.441245
-0.161784
0.358990
1.098769
-0.815732
-2.490452
-0.504596
0.359501
0.083787
1.701287
0.490291
-0.569650
-0.269583
-0.507661
-1.606260
-0.988926
-0.192778
-0.024012
1.143047
0.081403
-2.322708
-1.353196
0.605243
-0.091280
1.130785
1.052107
-0.559092
-0.477859
-0.359161
-1.526220
-1.580885
-0.343323
-0.377212
0.593322
0.754765
-1.525027
-2.213376
0.119039
0.111035
0.652415
1.591614
-0.228882
-0.410080
0.018903
-0.637259
-1.720701
-0.540529
-0.331572
0.153950
1.064369
-0.627552
-2.540520
-0.526224
0.331232
-0.106267
1.442773
0.423023
-0.785930
-0.306708
-0.443118
-1.659053
-1.082591
-0.191075
-0.168255
1.012768
0.170469
-2.227511
-1.651560
0.478029
-0.108651
0.979219
1.205376
-0.532014
-0.454358
-0.266007
-1.328673
-1.693964
-0.445502
-0.234331
0.566414
0.829186
-1.377038
-2.179316
0.263793
0.239611
0.515154
1.614264
-0.089407
-0.625849
-0.166723
-0.713382
-1.834801
-0.722238
-0.193630
0.109843
0.900030
-0.667061
-2.588374
-0.842810
0.524521
-0.087363
1.574584
0.744377
-0.596387
-0.257833
-0.433581
-1.659734
-1.198564
-0.273841
-0.257322
0.925916
0.391517
-2.048186
-1.691750
0.388282
-0.164679
0.919785
1.264300
-0.349454
-0.352178
-0.077827
-1.277072
-1.730919
-0.291382
-0.319992
0.628403
0.846045
-1.183919
-2.356597
-0.153439
0.051260
0.066246
1.467126
-0.024353
-0.555345
-0.238929
-0.711169
-1.679659
-0.715256
-0.325612
0.122445
1.051085
-0.342642
-2.452135
-0.906161
0.656162
-0.016519
1.449074
0.775712
-0.599963
-0.197036
-0.379596
-1.457078
-1.078163
-0.165531
-0.240803
0.968150
0.498976
-1.911606
-1.804999
0.472750
0.027759
0.957932
1.405988
-0.355414
-0.406844
-0.119209
-1.059771
-1.666376
-0.268732
-0.290189
0.608819
0.896624
-1.280648
-2.411434
-0.147649
0.225306
0.139475
1.608474
0.187669
-0.474794
-0.170980
-0.615290
-1.674891
-0.781332
-0.166382
0.257322
1.265662
-0.069312
-2.297504
-1.075438
0.496422
-0.177281
1.380273
0.861202
-0.613928
-0.255619
-0.345366
-1.526901
-1.454864
-0.283718
-0.334978
0.717470
0.468493
-1.928636
-1.910414
0.413827
-0.103712
0.699588
1.398495
-0.495400
-0.636578
-0.254427
-1.063006
-1.756804
-0.387260
-0.379937
0.301429
1.005616
-0.997441
-2.341611
-0.011240
0.443118
0.266177
1.651389
0.309944
-0.426258
-0.016689
-0.428472
-1.674550
-0.797340
-0.275033
-0.207254
0.987564
-0.244379
-2.487898
-1.260042
0.468152
-0.236545
1.266684
0.953504
-0.758682
-0.411272
-0.352859
-1.579353
-1.496247
-0.177281
-0.160251
0.899690
0.704867
-1.790864
-2.072198
0.317948
-0.108651
0.719854
1.600129
-0.170640
-0.448738
-0.181879
-0.892196
-1.659223
-0.470025
-0.278609
0.337703
1.033715
-0.877380
-2.481256
-0.372103
0.342642
0.071866
1.509360
0.134025
-0.749316
-0.358990
-0.648328
-1.908370
-1.117161
-0.383002
-0.328847
0.714064
-0.118528
-2.435616
-1.432555
0.544446
-0.143562
1.164845
0.996930
-0.556878
-0.207594
-0.110354
-1.136916
-1.386234
-0.236545
-0.211171
0.758341
0.676087
-1.702309
-2.059085
0.291722
0.040872
0.525372
1.554319
-0.278098
-0.547171
-0.308241
-0.966787
-1.713378
-0.562498
-0.382662
0.289168
1.032182
-0.815562
-2.628905
-0.741141
0.189883
-0.094346
1.522132
0.430005
-0.563008
-0.213214
-0.511067
-1.705885
-0.955888
-0.196355
-0.032868
1.086337
0.177111
-2.183914
-1.308237
0.649009
-0.068460
1.186984

