-0.113760
-2.764804
-1.964058
1.287290
-0.505958
0.354222
4.206555
3.168242
0.503404
0.753743
-0.879083
-2.576453
0.991821
-1.669100
-3.610509
-0.069993
-1.628229
-2.893380
0.615631
0.422001
-0.806877
3.129755
4.072019
1.047509
0.632320
0.321184
-2.744368
-0.141518
0.021287
-4.146440
-1.231773
-0.576462
-3.020593
-0.502552
1.340253
-0.858988
1.785925
4.562140
2.231768
0.464235
1.030990
-1.722063
-1.453332
1.168421
-3.191914
-2.522298
-0.018563
-2.661773
-2.151217
1.191071
-0.500509
0.113079
4.125663
3.221205
0.452655
0.710317
-0.868695
-2.700431
0.982455
-1.364265
-3.663812
-0.213555
-1.504251
-3.013611
0.352349
0.421831
-0.926426
2.886738
4.014628
1.240969
0.565393
0.347240
-2.770935
-0.303473
0.168937
-3.868341
-1.183237
-0.377893
-3.010035
-0.572545
1.408884
-0.803130
1.676594
4.556009
2.256121
0.416381
0.927278
-1.744373
-1.612050
1.178810
-3.006458
-2.576964
0.145776
-2.503565
-2.222742
1.245567
-0.372955
-0.035422
3.987210
3.296988
0.672851
0.786781
-0.571353
-2.645424
0.845534
-1.248462
-3.836496
-0.264134
-1.344681
-2.885376
0.490291
0.693628
-0.829356
2.959456
4.379409
1.436302
0.660419
0.572886
-2.561467
-0.272819
0.534058
-3.611701
-1.233305
-0.280482
-2.937147
-0.882319
1.287290
-0.895262
1.296486
4.523311
2.328668
0.295809
0.816243
-1.801082
-1.845871
1.209463
-2.943959
-3.000668
-0.155313
-2.502203
-2.400024
1.083612
-0.098092
-0.041042
4.068443
3.381116
0.583274
0.747102
-0.508513
-2.670629
0.908034
-0.935963
-3.798178
-0.268561
-1.158203
-2.803973
0.372614
0.830889
-0.721727
2.937657
4.465069
1.715592
0.754425
0.779458
-2.430848
-0.555004
0.529970
-3.806523
-1.518897
-0.292233
-3.036090
-1.053470
1.383168
-0.995227
1.080888
4.396098
2.570323
0.531673
0.993184
-1.506635
-1.872948
1.331568
-2.545629
-2.716269
0.178984
-2.191067
-2.282517
1.204695
-0.059094
-0.071015
3.990276
3.589051
0.786611
0.846897
-0.213385
-2.677270
0.775031
-0.720535
-3.748621
-0.378575
-1.132488
-3.151212
0.184093
0.840766
-0.955888
2.613408
4.183224
1.337188
0.209808
0.415700
-2.611876
-0.815562
0.586169
-3.664494
-1.627207
-0.239951
-3.038815
-1.205376
1.330205
-0.771795
1.109498
4.600286
2.845185
0.679834
1.092127
-1.311472
-2.027069
1.286609
-2.449410
-2.974612
0.208787
-1.953500
-2.364431
1.094341
-0.076464
-0.475304
3.689868
3.678799
0.816073
0.786952
-0.077997
-2.739089
0.519923
-0.628063
-3.891672
-0.444480
-1.011065
-2.965757
0.007493
0.927448
-0.993695
2.388954
4.428966
1.636914
0.357458
0.680685
-2.309935
-0.868184
0.795126
-3.665175
-1.967805
-0.200101
-2.886738
-1.343318
1.483645
-0.583785
1.024519
4.434075
2.721548
0.273500
0.789847
-1.418591
-2.279622
1.143728
-2.349274
-3.294774
-0.113760
-2.103022
-2.693449
0.891856
0.124999
-0.393902
3.773826
3.875835
1.019921
0.792912
0.118358
-2.780982
0.323909
-0.520434
-3.934417
-0.594514
-0.826291
-3.064871
-0.143051
1.036610
-1.064198
2.246414
4.499299
1.865455
0.488247
0.786441
-2.255099
-1.019750
0.953504
-3.551756
-1.984835
-0.067609
-2.738408
-1.545634
1.297508
-0.638962
0.716107
4.501172
2.979892
0.521455
1.095022
-0.953163
-2.254929
1.306023
-1.898323
-3.254754
-0.006301
-1.880441
-2.654621
0.945159
0.371422
-0.610692
3.509181
3.906659
0.933749
0.623294
0.078678
-2.781834
0.226498
-0.289508
-4.012755
-0.819479
-0.739608
-3.227847
-0.371592
1.060963
-1.011576
1.958779
4.542215
2.158199
0.655992
0.933409
-2.028772
-1.274007
0.913824
-3.511565
-2.283198
0.029462
-2.532005
-1.614605
1.336506
-0.593662
0.350475
4.181521
3.040518
0.534398
0.988075
-0.614779
-2.305678
1.236030
-1.540184
-3.307036
-0.005620
-1.716103
-2.847910
0.780480
0.415189
-0.600304
3.312826
4.006284
1.117843
0.493867
0.185796
-2.710308
0.142370
0.160081
-3.750324
-0.810623
-0.497443
-3.022466
-0.445332
1.212188
-0.834806
1.850298
4.510198
2.162457
0.495740
0.816754
-2.040012
-1.533713
1.045125
-3.174543
-2.531494
0.080722
-2.488238
-1.840081
1.288652
-0.420638
0.293425
4.284893
3.268038
0.656162
0.942775
-0.594343
-2.572366
0.869036
-1.549040
-3.704854
-0.376020
-1.616137
-2.987044
0.504596
0.425237
-1.029457
2.846718
3.904445
1.184259
0.413997
0.273330
-2.697536
-0.146117
0.495911
-3.549031
-0.922510
-0.421149
-3.051758
-0.829356
1.345532
-0.637259
1.852001
4.720347
2.333096
0.491994
1.087359
-1.545293
-1.746075
1.141344
-2.848080
-2.740962
0.075272
-2.394744
-2.186980
1.290866
-0.177281
-0.017541
4.215581
3.603527
0.688519
0.868014
-0.390836
-2.560105
0.853028
-1.125336
-3.953321
-0.496762
-1.301595
-3.098079
0.293085
0.864267
-0.862905
2.813850
4.374129
1.482623
0.555856
0.620059
-2.412285
-0.397137
0.659909
-3.717967
-1.587016
-0.293255
-2.947535
-1.102856
1.388959
-0.725474
1.321350
4.621744
2.599273
0.462702
1.000507
-1.503059
-2.001183
1.296316
-2.377885
-2.786773
0.121423
-2.244881
-2.540350
0.950098
-0.198058
-0.403268
3.762075
3.677266
0.888109
0.689711
-0.145776
-2.735683
0.617164
-0.677960
-3.886393
-0.474794
-0.976835
-3.056526
0.139134
0.953674
-0.897135
2.404962
4.247938
1.624993
0.555175
0.707592
-2.424547
-0.833103
0.801257
-3.616640
-1.795803
-0.113419
-2.838714
-1.247099
1.503399
-0.668764
0.953334
4.531826
2.862896
0.528267
1.087870
-1.077311
-2.137082
1.272474
-2.251863
-3.254754
0.008515
-2.060618
-2.783878
0.838041
0.121593
-0.488758
3.698553
3.917217
0.976665
0.672000
-0.089577
-2.839906
0.377723
-0.225987
-3.873450
-0.633342
-0.716788
-3.058570
-0.338214
0.979049
-1.044273
2.041544
4.474265
1.828841
0.404460
0.825269
-2.115454
-1.042911
1.159225
-3.244025
-2.066919
-0.048876
-2.671140
-1.423529
1.621417
-0.362396
0.597749
4.406827
2.982616
0.411953
0.841277
-0.958613
-2.509866
1.194307
-1.926082
-3.585134
-0.180687
-1.858984
-2.991983
0.627211
0.396456
-0.629766
3.474440
4.154955
1.243183
0.698226
0.333616
-2.725976
0.084128
0.105074
-3.843137
-0.968150
-0.538315
-3.046308
-0.630617
1.008511
-1.038143
1.829181
4.511901
2.248798
0.553472
1.048701
-1.787969
-1.493692
1.137427
-3.115109
-2.401727
-0.042575
-2.633504
-1.988411
1.286609
-0.438179
0.068120
4.075084
3.167902
0.466279
0.708955
-0.639132
-2.572707
1.098769
-1.344681
-3.720692
-0.366313
-1.627037
-3.027405
0.465427
0.602858
-0.628233
3.155470
4.082407
1.247270
0.531163
0.516517
-2.659730
-0.230244
0.341620
-3.949915
-1.244375
-0.435455
-3.157684
-0.930343
1.127039
-1.075438
1.398495
4.557371
2.348423
0.496422
1.017026
-1.641853
-1.747268
1.141173
-2.940553
-2.811636
0.065735
-2.446345
-2.189364
1.197032
-0.212533
-0.058242
4.050391
3.572192
0.793253
0.815902
-0.394412
-2.554825
1.058238
-0.735010
-3.603186
-0.259876
-1.180172
-3.012419
0.178644
0.777415
-0.855242
2.862215
4.314865
1.517705
0.513281
0.521115
-2.537285
-0.605413
0.677960
-3.553799
-1.322883
-0.062500
-2.825260
-0.979900
1.342807
-0.861202
1.123462
4.467794
2.501011
0.352008
0.902244
-1.415014
-2.032689
1.120738
-2.707073
-3.111022
0.076975
-2.236707
-2.472401
1.102005
-0.018392
-0.338214
3.746407
3.623111
0.965425
0.959464
-0.099114
-2.590248
0.761407
-0.732626
-3.900017
-0.604051
-1.063177
-3.093651
0.053644
0.915357
-0.860350
2.668074
4.483291
1.635211
0.554323
0.837190
-2.362047
-0.878572
0.923020
-3.367492
-1.601321
-0.108821
-2.910580
-1.546655
1.181194
-0.769751
0.761236
4.307543
2.842971
0.361374
0.837020
-1.390321
-2.262933
1.180853
-2.178635
-3.085477
0.183923
-1.803637
-2.471038
1.037802
0.374828
-0.355925
3.666878
3.897973
1.017366
0.848940
0.079700
-2.683912
0.499657
-0.340768
-3.957748
-0.819649
-1.007489
-3.236192
-0.224965
0.907183
-1.032863
2.107109
4.413639
1.913650
0.401395
0.788484
-2.236026
-1.161609
0.854731
-3.473248
-2.086333
-0.173535
-2.868686
-1.607112
1.256296
-0.729391
0.490120
4.176242
2.912964
0.658035
0.940221
-0.893899
-2.229043
1.274177
-1.811300
-3.304822
0.056880
-1.749992
-2.783026
0.721727
0.320332
-0.556196
3.498622
4.046304
1.092638
0.682218
0.221218
-2.780812
0.192097
0.011751
-3.757136
-0.905991
-0.644582
-2.960137
-0.412634
1.264811
-1.036099
2.040352
4.543066
2.016851
0.342982
0.735862
-2.099446
-1.374313
1.155819
-3.240279
-2.253226
0.157356
-2.538477
-1.838207
1.368523
-0.503744
0.475645
4.408530
3.234148
0.694309
1.032352
-0.730242
-2.484832
1.030309
-1.588379
-3.603527
-0.152928
-1.562323
-2.825601
0.521796
0.441585
-0.674895
3.263610
4.079853
1.175574
0.628574
0.415870
-2.641508
-0.017541
0.175238
-3.844670
-1.106092
-0.623805
-3.063849
-0.717470
1.253230
-1.037632
1.638276
4.520416
2.149854
0.268221
0.742844
-1.887594
-1.487391
1.358475
-2.862556
-2.424887
0.116825
-2.535071
-1.978534
1.444817
-0.240973
0.264474
4.216433
3.273998
0.554323
0.756468
-0.691925
-2.629076
0.916719
-1.351663
-3.664494
-0.171832
-1.515831
-2.954517
0.479392
0.557389
-0.906161
3.005266
4.309586
1.503059
0.688008
0.491823
-2.559083
-0.361715
0.194652
-3.951958
-1.348938
-0.482287
-3.075600
-0.955037
1.119716
-1.094852
1.257658
4.358632
2.405473
0.435455
1.009021
-1.733644
-1.710994
1.358816
-2.789668
-2.711500
0.032187
-2.455882
-2.399853
1.010895
-0.324930
-0.214577
3.847054
3.337520
0.597749
0.736884
-0.493697
-2.683231
0.746250
-1.094001
-3.669943
-0.367846
-1.422337
-2.982446
0.440904
0.888961
-0.801938
2.867154
4.273483
1.408373
0.336340
0.525032
-2.586501
-0.485352
0.531333
-3.776550
-1.396622
-0.319821
-3.153086
-1.171487
1.229218
-0.910248
1.205717
4.498618
2.605574
0.568458
1.052618
-1.550913
-1.969508
1.307726
-2.667904
-2.814702
0.162295
-2.179827
-2.293076
1.139130
-0.236886
-0.211852
3.950596
3.626687
0.841788
0.856434
-0.284229
-2.704007
0.770944
-0.717129
-3.673690
-0.289849
-1.225131
-3.136907
0.083276
0.745228
-1.049893
2.563511
4.414150
1.606430
0.438350
0.621932
-2.374990
-0.590256
0.796318
-3.630434
-1.578331
-0.086171
-2.833605
-1.168251
1.366820
-0.767878
1.169273
4.447188
2.549035
0.405312
0.969512
-1.367841
-1.985516
1.371758
-2.317258
-3.050736
-0.036274
-2.127886
-2.461672
0.986372
-0.091791
-0.418765
3.666026
3.699745
0.916719
0.771454
-0.182561

