0.381640
0.899179
-1.688514
-2.144405
1.076290
-2.779961
-3.169094
0.037806
-2.296482
-2.520084
0.967469
-0.202315
-0.415359
3.747599
3.538813
0.816413
0.841107
-0.252553
-2.698558
0.785760
-0.781502
-3.851312
-0.483479
-1.101834
-3.035069
0.143221
0.956399
-0.811475
2.712522
4.473073
1.576969
0.482116
0.777415
-2.315555
-0.556196
0.891515
-3.529617
-1.802274
-0.352859
-3.213712
-1.558406
1.092468
-1.044444
0.739268
4.335472
2.588545
0.241484
0.726495
-1.474789
-2.192770
1.288652
-2.317258
-2.920117
0.265837
-1.903261
-2.495732
1.063177
0.136750
-0.430686
3.615107
3.660577
0.853028
0.830718
0.022820
-2.741643
0.551769
-0.444480
-3.791026
-0.474453
-0.820501
-2.975804
-0.084639
1.040016
-0.933749
2.561808
4.626513
1.863241
0.472750
0.815732
-2.362047
-1.182386
0.775542
-3.646101
-1.998629
-0.175919
-2.925737
-1.520940
1.360178
-0.715085
0.570331
4.416364
3.038134
0.554323
1.050234
-1.005445
-2.074412
1.405818
-1.955884
-3.241811
0.093154
-1.890319
-2.671480
0.856434
0.260387
-0.500168
3.590584
3.935950
0.975813
0.656503
0.041723
-2.911942
0.247955
-0.146798
-3.798859
-0.716788
-0.566414
-2.999135
-0.247955
1.144239
-1.082931
2.086673
4.393544
1.843146
0.456572
0.858307
-2.146619
-1.306193
0.966447
-3.504923
-2.255099
-0.095538
-2.869368
-1.816920
1.441581
-0.369038
0.593492
4.549878
3.254073
0.733818
0.993354
-0.846556
-2.400364
1.191241
-1.797846
-3.668410
-0.083106
-1.719679
-2.941915
0.690392
0.357458
-0.781843
3.373453
4.078490
1.195158
0.760896
0.431538
-2.656664
0.120061
0.147479
-3.848416
-0.986883
-0.684091
-3.126178
-0.591789
1.169954
-1.024519
1.788480
4.572017
2.161435
0.379256
0.891175
-1.943111
-1.381806
1.201119
-3.128392
-2.416543
0.220878
-2.512591
-1.967975
1.297849
-0.393050
0.227009
4.324062
3.343821
0.754254
1.022475
-0.636067
-2.456903
1.111201
-1.332419
-3.559760
-0.122104
-1.402923
-2.680165
0.565052
0.634704
-0.815562
3.162282
4.390478
1.394749
0.715256
0.498806
-2.590418
-0.236034
0.222410
-3.934928
-1.296997
-0.561816
-3.086839
-0.889642
1.254593
-1.031501
1.338550
4.520076
2.328157
0.371933
0.948054
-1.654114
-1.573903
1.381465
-2.850464
-2.749818
-0.023161
-2.469506
-2.170631
1.200608
-0.142540
0.033038
4.094669
3.420455
0.676938
0.828675
-0.434262
-2.607107
0.966276
-0.966787
-3.638268
-0.246423
-1.191752
-2.877883
0.346558
0.661612
-1.086337
2.743006
4.393203
1.438005
0.401224
0.512259
-2.682039
-0.669786
0.379767
-3.940378
-1.630953
-0.339576
-2.962010
-1.053470
1.459292
-0.834124
1.179491
4.548005
2.526556
0.560624
0.975473
-1.527922
-1.954692
1.283203
-2.522469
-2.975464
-0.017541
-2.259697
-2.380269
1.147304
0.104223
-0.157186
4.001175
3.817422
0.831059
0.860861
-0.103201
-2.558061
0.778096
-0.510045
-3.694977
-0.441415
-1.149007
-3.088202
-0.042404
0.779629
-1.103878
2.466440
4.403080
1.559939
0.446865
0.613758
-2.527407
-0.867844
0.826802
-3.634180
-1.768896
-0.068801
-2.777236
-1.355580
1.515150
-0.596898
0.803641
4.451786
2.944299
0.601155
1.105922
-1.127890
-2.201625
1.351493
-2.163308
-3.166199
0.024864
-2.052784
-2.571855
0.920125
0.097752
-0.464576
3.848246
3.986018
0.929662
0.721897
0.090429
-2.748285
0.433411
-0.310796
-3.936291
-0.702143
-0.897305
-3.290858
-0.426429
0.994205
-1.091957
2.190215
4.654271
1.919270
0.583955
1.002039
-2.054487
-0.975302
1.339061
-3.257138
-2.042736
0.037295
-2.706902
-1.695667
1.321180
-0.630787
0.549385
4.374129
3.020082
0.545297
0.994376
-0.964063
-2.432891
1.271282
-1.731600
-3.400871
-0.038147
-1.706907
-2.780642
0.753232
0.263963
-0.848940
3.271103
3.953661
1.056194
0.667913
0.297853
-2.700772
0.107459
0.068801
-3.894908
-0.952312
-0.561135
-3.040177
-0.418084
1.360178
-0.794445
1.955032
4.726478
2.294779
0.542573
0.858818
-2.011231
-1.403775
1.382828
-3.055675
-2.391679
0.194992
-2.507993
-1.956735
1.279116
-0.587702
0.172513
4.391500
3.439869
0.543765
0.905480
-0.650883
-2.578667
0.974451
-1.370396
-3.803968
-0.385216
-1.686641
-3.028257
0.479903
0.417573
-0.994546
2.947365
4.139628
1.340764
0.700780
0.588213
-2.329860
-0.159400
0.291041
-3.958770
-1.410586
-0.329529
-3.032173
-0.868865
1.361200
-0.874996
1.418591
4.611186
2.569812
0.306708
0.815562
-1.722234
-1.723596
1.403604
-2.638953
-2.658367
0.060116
-2.597911
-2.298355
1.262597
-0.166893
-0.045981
4.259859
3.719500
0.836679
0.866141
-0.330210
-2.602168
0.920296
-0.713212
-3.644909
-0.201464
-1.193455
-3.068958
0.199931
0.936474
-0.768730
2.899170
4.585470
1.817431
0.666380
0.697374
-2.267190
-0.456572
0.760896
-3.655127
-1.442262
-0.232458
-3.011227
-1.279797
1.111541
-0.923531
0.929832
4.260710
2.529791
0.445162
1.078503
-1.416888
-2.024685
1.302787
-2.457585
-2.997432
0.121253
-2.117498
-2.326454
1.167400
0.083787
-0.332935
3.762075
3.758499
0.847919
0.792401
-0.047684
-2.575942
0.788825
-0.438179
-3.866979
-0.586510
-1.074246
-3.200429
-0.226838
0.915357
-1.023837
2.466610
4.468305
1.785415
0.506980
0.632320
-2.462353
-0.960997
0.994546
-3.536599
-1.857962
0.011410
-2.852338
-1.612902
1.276902
-0.846216
0.514644
4.327638
2.838373
0.544786
1.071010
-0.981774
-2.060618
1.288993
-2.073220
-3.155981
0.136920
-1.848595
-2.511399
1.061303
0.330210
-0.420128
3.706557
3.928968
0.928640
0.660760
0.146287
-2.701453
0.356776
-0.157016
-3.966945
-0.896113
-0.809942
-3.196853
-0.470366
1.050064
-1.099110
1.976660
4.450594
1.960141
0.437839
0.847919
-2.161775
-1.303639
1.102005
-3.271614
-2.115965
0.188691
-2.638953
-1.639639
1.433407
-0.477859
0.518560
4.491976
3.256117
0.700440
1.095533
-0.789336
-2.458436
1.200267
-1.674550
-3.494195
0.060456
-1.761402
-2.911431
0.689541
0.402757
-0.834806
3.224611
4.175391
1.236882
0.581741
0.249147
-2.614600
0.051601
0.129257
-3.939186
-1.106433
-0.547682
-3.051758
-0.681707
1.316581
-0.936474
1.767363
4.588366
2.296141
0.538656
1.083272
-1.794270
-1.395770
1.429490
-2.931867
-2.332585
0.200442
-2.415521
-2.017362
1.269409
-0.415530
0.033208
4.234314
3.421477
0.650031
0.869036
-0.642708
-2.674886
0.835827
-1.419953
-3.655127
-0.205040
-1.465763
-3.037282
0.505277
0.567266
-0.840936
3.089053
4.411084
1.504081
0.737906
0.623124
-2.431188
-0.149693
0.508683
-3.780637
-1.264981
-0.392369
-3.007650
-0.889812
1.183578
-0.874145
1.434939
4.543747
2.239602
0.253405
1.016515
-1.539503
-1.591955
1.398155
-2.715077
-2.865110
-0.090769
-2.493518
-2.298185
1.116480
-0.231947
-0.161954
3.968818
3.589562
0.720535
0.748123
-0.423023
-2.572366
1.038313
-0.949928
-3.650529
-0.138112
-1.008340
-2.887419
0.292233
0.885555
-0.826461
2.804995
4.332917
1.534053
0.655821
0.666721
-2.557380
-0.588894
0.519753
-3.788471
-1.611199
-0.394753
-3.033536
-1.089914
1.214232
-0.848770
1.314538
4.689523
2.680165
0.478710
1.057386
-1.456056
-1.929488
1.327481
-2.535411
-2.784048
0.176770
-2.203328
-2.331393
1.211677
-0.017711
-0.267029
3.901550
3.729718
0.906842
0.838041
-0.154802
-2.609662
0.757830
-0.861202
-3.901550
-0.483649
-1.130104
-3.053801
0.049387
0.794104
-1.054662
2.578667
4.183224
1.468148
0.459467
0.843661
-2.494199
-0.764472
0.786611
-3.638608
-1.714059
-0.194652
-2.926247
-1.162801
1.443454
-0.786781
0.962700
4.514456
2.805505
0.501701
1.040867
-1.243183
-1.906157
1.353366
-2.332415
-2.917222
0.228541
-1.998459
-2.460480
1.101834
0.060967
-0.276736
3.870385
3.897633
0.899860
0.742844
-0.244038
-2.965757
0.482287
-0.680174
-4.057203
-0.666891
-1.088381
-3.062316
-0.081062
0.920125
-0.945670
2.546140
4.520757
1.771791
0.642027
1.010724
-2.085822
-0.690903
0.929322
-3.549542
-1.768385
-0.101498
-2.907004
-1.329524
1.361540
-0.884192
0.728539
4.460641
2.798864
0.462021
1.016685
-1.072032
-2.022471
1.408373
-2.127205
-3.173862
0.115463
-1.878738
-2.471719
0.974962
0.084809
-0.508342
3.637246
3.796135
0.852176
0.693628
-0.030994
-2.787794
0.467982
-0.422001
-3.954342
-0.694990
-0.935623
-3.092289
-0.112227
1.105922
-0.954015
2.438852
4.755940
1.864944
0.603710
0.817265
-2.258846
-0.864267
0.942435
-3.517185
-1.913479
-0.074080
-2.859831
-1.554659
1.398155
-0.738076
0.683750
4.499129
2.828836
0.534398
1.095363
-1.184429
-2.139807
1.311302
-2.126183
-3.340585
-0.057731
-1.955543
-2.544267
1.041889
0.287976
-0.425918
3.681353
3.954342
0.946692
0.724282
0.121253
-2.692257
0.455550
-0.246934
-3.798178
-0.604221
-0.682047
-2.794947
0.010899
1.154797
-1.072202
2.123969
4.479374
1.955032
0.522818
0.795126
-2.233812
-1.034737
0.799894
-3.629923
-2.113070
-0.079530
-2.823046
-1.595020
1.360008
-0.584977
0.768559
4.434756
2.955028
0.510897
0.956569
-1.061814
-2.325944
1.251527
-2.040352
-3.330197
0.064714
-1.916715
-2.580711
0.864438
0.260217
-0.542743
3.730570
4.088197
1.143047
0.887428
0.279972
-2.603531
0.336511
-0.344855
-4.036937
-0.873634
-0.948395
-3.225633
-0.278269
1.085315
-0.986712
2.089739
4.490273
1.912628
0.437328
0.809772
-2.154112
-1.034566
1.054832
-3.449917
-2.005441
0.023161
-2.657516
-1.581056
1.441411
-0.601326
0.537634
4.349436
3.041710
0.599623
1.087870
-0.868355
-2.186469
1.285587
-1.960312
-3.251348
0.113930
-1.789331
-2.641167
0.860010
0.177452
-0.463894
3.653424
3.936802
0.967979
0.667742
0.081062
-2.854211
0.250680
-0.290871
-4.087005
-0.846216
-0.894410
-3.277915
-0.396967
1.043422
-0.988075
2.200944
4.570144
1.989092
0.559262
0.903777
-2.071176
-0.883000
1.347235
-3.193617
-1.937321
0.053133
-2.719504
-1.633167
1.346213
-0.598431
0.611714
4.382474
2.957923
0.484501
0.996419
-1.050915
-2.434935
1.115288
-1.988581
-3.368344
0.031676
-1.691920
-2.589907
0.913654
0.268732
-0.748975
3.448554
3.883328
0.905820
0.584466
0.163317
-2.684934
0.270605
-0.055688
-3.835985
-0.727347
-0.585658
-2.937317
-0.188010
1.355921
-0.794445
2.380439
5.033016
2.241986
0.617504
1.074927
-2.056360
-1.166718
1.157182
-3.225292
-2.187150
-0.033889
-2.856084
-1.872948
1.188346
-0.816243
0.395264
4.217795
2.835819
0.321524
0.871590
-0.985350
-2.383845
1.139981
-1.856940
-3.398827
-0.012091
-1.820496
-2.685615
0.865630

