1.666376
2.362898
-0.363418
-0.788484
-1.058919
-3.317935
-2.151046
-0.578335
-1.909052
-0.983988
-0.120912
-0.470706
0.823906
1.887083
1.755783
1.100131
2.433913
0.671148
-1.004934
-0.608649
-2.698898
-2.954858
-0.956229
-1.472575
-1.603535
0.097411
-0.297001
0.642879
1.952308
2.318450
1.311813
2.072879
1.760210
-0.736203
-0.313520
-1.665354
-3.205708
-1.436131
-0.921147
-2.229895
-0.533376
-0.233821
-0.046662
1.402582
2.079351
1.565218
1.444476
2.409220
-0.167745
-0.715596
-0.848770
-3.111533
-2.439192
-0.840766
-1.991306
-1.265321
-0.173364
-0.427110
1.012598
2.072028
2.043758
1.263108
2.609662
1.033885
-0.947033
-0.463384
-2.413988
-2.767869
-0.623975
-1.208101
-1.692942
-0.040531
-0.419787
0.305346
1.727002
2.156666
1.321180
2.001013
1.848595
-0.763280
-0.594173
-1.665694
-3.486872
-1.770769
-0.921828
-2.129759
-0.693628
-0.365973
-0.188521
1.277583
2.087525
1.586165
1.381295
2.399342
-0.001703
-0.813178
-0.768048
-3.038815
-2.330712
-0.688348
-1.840081
-1.362903
0.043937
-0.360012
0.902074
2.204180
2.070325
1.136405
2.312831
1.159395
-0.848089
-0.493186
-2.408709
-2.960307
-0.990289
-1.290185
-1.957417
-0.235523
-0.414508
0.152588
1.473257
2.080543
1.168932
1.756293
1.901218
-0.757490
-0.594173
-1.447030
-3.425734
-1.829011
-0.814710
-1.989262
-0.713723
-0.273841
-0.325782
1.158374
2.139296
1.693113
1.256636
2.433402
0.120572
-0.960316
-0.752722
-2.935444
-2.678462
-0.670297
-1.761743
-1.484837
0.045470
-0.391347
0.672170
1.954521
2.049378
1.127890
2.127716
1.240458
-0.991310
-0.563519
-2.278941
-3.291028
-1.235860
-1.266343
-2.041033
-0.336681
-0.296150
0.231777
1.631975
2.180508
1.378059
1.801252
2.173526
-0.543935
-0.545468
-1.276391
-3.309590
-2.024685
-0.827994
-2.098254
-0.934601
-0.207765
-0.278779
1.188346
2.167736
1.804829
1.230240
2.500159
0.433922
-0.796829
-0.586169
-2.807549
-2.546992
-0.596217
-1.543931
-1.570327
-0.095027
-0.569310
0.349454
1.665354
1.999310
1.046487
2.013956
1.227345
-1.143728
-0.649861
-2.251863
-3.388098
-1.353536
-1.078844
-1.983643
-0.410931
-0.370400
0.094516
1.560790
2.194813
1.362562
1.745054
2.224616
-0.538485
-0.646285
-1.239095
-3.353698
-2.046483
-0.752381
-2.030475
-0.837701
0.040191
-0.331742
1.188006
2.069303
1.824924
1.182216
2.501522
0.628914
-0.722408
-0.438860
-2.793925
-2.803121
-0.805344
-1.654966
-1.667397
0.013794
-0.462532
0.509535
1.730578
2.054317
1.144750
2.057723
1.504762
-0.861372
-0.322546
-1.805680
-3.186294
-1.262426
-0.871590
-1.917567
-0.321014
-0.359331
-0.099455
1.414674
2.231087
1.492500
1.568965
2.263955
-0.521966
-0.791550
-1.202141
-3.193106
-2.063172
-0.601326
-1.779284
-0.896624
-0.023842
-0.464916
1.035418
2.087695
1.899855
1.176936
2.358471
0.668424
-1.002380
-0.576292
-2.767188
-2.986533
-0.914165
-1.462698
-1.636744
0.063351
-0.303984
0.541210
1.810278
2.113240
1.146453
1.923186
1.681021
-0.782694
-0.391517
-1.734665
-3.322874
-1.487051
-1.110690
-2.244711
-0.596728
-0.277587
0.035592
1.487221
2.324751
1.622268
1.559087
2.355405
-0.286783
-0.792231
-1.065731
-3.152915
-2.073560
-0.488928
-1.768385
-1.127550
-0.106437
-0.510045
0.769751
1.983983
1.753569
1.085145
2.390998
0.763621
-1.026903
-0.562327
-2.799886
-3.054312
-0.885895
-1.411779
-1.725129
-0.128746
-0.445162
0.443629
1.734325
2.104044
1.167229
1.901558
1.758337
-0.961508
-0.678131
-1.857962
-3.408534
-1.561301
-1.035418
-2.126694
-0.544105
-0.290189
-0.119890
1.366820
2.193110
1.638276
1.525879
2.520766
0.006131
-0.714575
-0.968150
-3.081220
-2.376182
-0.759704
-1.989092
-1.181534
-0.029973
-0.331572
0.978538
1.964228
1.993520
1.170465
2.507653
0.970023
-0.917230
-0.486714
-2.458436
-3.039667
-0.820501
-1.264981
-1.717125
-0.069312
-0.550236
0.291211
1.735176
2.160243
1.191071
1.943452
1.925741
-0.848430
-0.642368
-1.703841
-3.335306
-1.690217
-0.854220
-2.088717
-0.452484
-0.172683
-0.216620
1.453332
2.305508
1.740456
1.477514
2.432040
-0.152077
-0.890493
-0.904117
-3.193957
-2.472741
-0.690051
-1.919440
-1.397303
-0.177962
-0.553983
0.623465
1.708950
1.764979
1.049553
2.273151
0.960657
-1.009703
-0.551428
-2.437319
-3.130436
-1.274858
-1.383168
-1.990625
-0.281504
-0.630447
0.213044
1.607622
2.069473
1.172849
1.887083
2.078669
-0.728198
-0.679834
-1.586335
-3.211158
-1.370566
-0.457593
-1.799209
-0.523329
-0.050919
-0.103882
1.290015
2.287115
1.674550
1.377208
2.536774
0.036444
-0.931365
-0.914335
-3.173011
-2.626521
-0.768389
-1.684768
-1.402753
-0.118528
-0.397818
0.829186
2.022130
2.026217
1.166207
2.479724
1.142706
-1.030309
-0.474112
-2.351488
-3.058740
-1.015152
-1.222917
-1.846722
-0.155142
-0.422171
0.350305
1.655817
2.241986
1.345532
1.806361
2.016681
-0.710658
-0.743355
-1.718487
-3.662620
-1.958268
-1.024348
-2.297504
-0.936304
-0.372274
-0.375680
1.042741
1.974787
1.652581
1.275539
2.384697
0.004087
-0.949247
-0.807387
-2.997432
-2.433402
-0.701291
-1.658712
-1.338550
0.092302
-0.396115
0.793934
2.090590
2.326284
1.350982
2.481937
1.369374
-0.948395
-0.573908
-2.247606
-3.222397
-1.021453
-1.268046
-2.003227
-0.285932
-0.591278
0.044448
1.475641
2.160072
1.232454
1.707418
2.008506
-0.786781
-0.716448
-1.578842
-3.595012
-2.098254
-0.851495
-1.967805
-0.819138
-0.152588
-0.170129
1.292569
2.293927
1.874992
1.602003
2.683742
0.600134
-0.622443
-0.463043
-2.734661
-2.531835
-0.718151
-1.746586
-1.425403
-0.027248
-0.522648
0.630277
1.768555
2.034903
0.969172
2.118179
1.161780
-1.108646
-0.709466
-2.345358
-3.396443
-1.267195
-1.240798
-2.035754
-0.233310
-0.349964
0.048024
1.386745
2.180508
1.348938
1.744202
2.234663
-0.467300
-0.489269
-1.115118
-3.178460
-1.693623
-0.576803
-1.810959
-0.722919
0.010048
-0.056880
1.525709
2.479724
1.975639
1.347576
2.438000
0.221389
-1.056535
-0.879594
-3.013781
-2.759354
-0.809261
-1.806872
-1.689536
-0.203678
-0.768900
0.309944
1.669271
2.147300
1.112052
2.134698
1.458100
-1.018218
-0.502382
-2.156837
-3.348759
-1.130785
-1.094341
-1.955884
-0.093835
0.051090
0.344345
1.635551
2.236877
1.483985
1.739093
2.311809
-0.479732
-0.766345
-1.268727
-3.374815
-2.093145
-0.720535
-1.932383
-0.996760
-0.242335
-0.584466
1.014641
2.014126
1.627037
1.104730
2.383164
0.355925
-1.105751
-0.885725
-3.080027
-2.916030
-0.875677
-1.757996
-1.764468
-0.066757
-0.504766
0.481095
1.894065
2.252885
1.360859
2.253226
1.609496
-0.815562
-0.350816
-1.908200
-3.210817
-1.202311
-1.023156
-1.936470
-0.252042
-0.292233
0.162125
1.509701
2.200093
1.496247
1.751014
2.444301
-0.370400
-0.694650
-1.254593
-3.457069
-2.334288
-0.996249
-2.263274
-1.290866
-0.245571
-0.561476
0.967979
2.000672
1.792056
1.146964
2.369881
0.684602
-0.861713
-0.535590
-2.661092
-2.715758
-0.610352
-1.332930
-1.543079
-0.075953
-0.452484
0.454187
1.870053
2.254759
1.296146
2.247265
1.689196
-0.972237
-0.617674
-2.033200
-3.357785
-1.499653
-0.970534
-2.085141
-0.502041
-0.416211
-0.256470
1.241820
1.971040
1.284736
1.299722
2.220528
-0.386068
-0.941413
-1.115288
-3.273146
-2.311809
-0.733989
-1.962526
-1.046317
0.054666
-0.130790
1.116480
2.154452
2.098424
1.401561
2.541031
0.967979
-0.716959
-0.382151
-2.529281
-2.916711
-0.771284
-1.422678
-1.783201
-0.138623
-0.506980
0.305687
1.568283
2.011742
1.069818
1.883677
1.693283
-1.024348
-0.687838
-1.875503
-3.430843
-1.593317
-0.928640
-2.079521
-0.497443
-0.165701
-0.086682
1.331397
2.341270
1.689025
1.600300
2.624818
0.045300
-0.708955
-0.849281
-2.968311
-2.190896
-0.545638
-1.833269
-1.007148
0.025375
-0.320843
1.003061
2.159902
2.073560
1.183237
2.325433
0.687156
-1.272644
-0.938518
-2.850805
-3.269911
-1.238244
-1.525709
-1.980237
-0.379256
-0.622102
0.255108
1.725980
2.155815
1.274347
2.002886
2.168417
-0.545979
-0.361885
-1.490116
-3.168583
-1.496758
-0.752211
-1.848085
-0.379086
-0.001362
0.017711
1.464742
2.439874
1.782519
1.408884
2.380950
-0.005960
-0.877721
-0.915527
-3.214223
-2.526556
-0.684261
-1.957757
-1.499653
-0.249318
-0.694479
0.574589
1.742159
1.922505
1.141173
2.519914
1.236541
-0.839744
-0.318459
-2.270937
-3.041370
-0.848430
-1.132148
-1.671655
0.144924
-0.120912
0.596217
1.958098
2.468313
1.422848
1.979045
2.157688
-0.566074
-0.446865
-1.351322
-3.253562
-1.747949
-0.984328
-2.207245
-0.938688
-0.378404
-0.492505
0.973259
1.956224
1.589400
1.147815
2.255780
0.011240
-0.987223
-0.870058
-3.193617
-2.696344
-0.811645
-1.888105
-1.579012
-0.018903
-0.368697
0.875677
2.020938
2.157007
1.361881
2.545970
1.461165
-0.804833
-0.305176
-2.145597
-3.007139
-1.019580
-1.076460
-1.875673
-0.306198
-0.450100
0.128746
1.405137
1.908541
1.100983
1.491138
1.912628
-0.751870
-0.896965
-1.615967
-3.643717
-2.011572
-0.971896
-2.228362
-0.939369
-0.170299
-0.159911
1.267706
2.222572
1.935789
1.424551
2.541712
0.380107
-0.753403
-0.434944
-2.699239
-2.564703
-0.576973
-1.665865
-1.580034
0.123126
-0.365973
0.695671
1.954692
1.962355
1.046658
2.229895
1.302447
-1.172168
-0.708103
-2.243519
-3.375496
-1.516683
-1.441581
-2.322027
-0.656332
-0.602518
-0.108991
1.364095
2.049889
1.404967
1.543249
2.239602
-0.441245
-0.724622
-1.285246
-3.322533
-1.885891
-0.450611
-1.785925
-0.727347
0.070333
-0.243187
1.035077
2.144235
1.864093
1.232965
2.482108
0.527246
-0.992162
-0.635556
-2.934422
-2.967119
-1.065561
-1.787969
-1.809938
-0.174046
-0.483138
0.545468
1.890659
2.160413
1.150199
2.074582
1.639809
-0.963041
-0.497273
-1.876695
-3.060784
-1.214232
-0.988245
-2.006122
-0.337703
-0.228882
0.020095
1.581226
2.299207
1.679829
1.733133
2.477169
-0.046321
-0.551428
-1.051426
-3.227166
-2.247095
-0.678641
-1.877546
-1.100131
-0.093664
-0.349454
0.973429
1.986367
1.817942
1.146623
2.473082
0.647306
-0.961167
-0.581571
-2.696684
-2.957072
-0.940732
-1.578501
-1.787799
-0.151736
-0.569139
0.368016
1.729046
2.232960
1.142536
1.978023
1.739774
-0.755276
-0.471217
-1.702309
-3.257990
-1.368523
-0.935623
-2.132995
-0.587021
-0.219686
-0.004428
1.402412
2.265487
1.619884
1.605749
2.311468
-0.278098
-0.802108
-1.102175
-3.240619
-2.310276
-0.742333
-1.847063
-1.226323
-0.180176

