-0.608478
-0.117166
-0.639643
-1.754590
-0.518050
-0.227009
0.112057
1.134021
-0.434092
-2.435446
-0.898157
0.545297
-0.079019
1.416036
0.636578
-0.766686
-0.408036
-0.495400
-1.694645
-1.331908
-0.181539
-0.164168
0.945841
0.467471
-1.973936
-1.711164
0.476667
0.025545
1.049893
1.593317
-0.204699
-0.263963
-0.059434
-1.023156
-1.632486
-0.418425
-0.319992
0.523329
1.019239
-1.225301
-2.327306
-0.075102
0.283548
0.181709
1.459122
0.081233
-0.616482
-0.014305
-0.503915
-1.676423
-0.717470
-0.229733
-0.139134
0.891004
-0.268561
-2.321856
-1.050915
0.617334
-0.043426
1.277924
0.784908
-0.574759
-0.069823
-0.034571
-1.353196
-1.217978
-0.102520
-0.040361
1.110860
0.623635
-1.704182
-1.708269
0.558410
0.049387
0.802960
1.329013
-0.394242
-0.491823
-0.226498
-0.971556
-1.694134
-0.334808
-0.394072
0.294788
0.904628
-1.127550
-2.476658
-0.345877
0.346558
0.229052
1.655817
0.286613
-0.557729
-0.259365
-0.616142
-1.793930
-0.797510
-0.155653
0.110013
1.171827
-0.034060
-2.308403
-1.157352
0.565393
-0.075102
1.407521
0.965425
-0.530652
-0.248977
-0.093494
-1.175744
-1.354047
-0.261068
-0.230585
0.770262
0.588553
-1.841273
-2.071006
0.331232
-0.029291
0.483138
1.341445
-0.381299
-0.556878
-0.246934
-0.935282
-1.744032
-0.423193
-0.456061
0.253064
1.035588
-0.764983
-2.362728
-0.437328
0.378915
0.006471
1.497780
0.217472
-0.792061
-0.282185
-0.443969
-1.684938
-0.807728
-0.050579
-0.174386
1.038654
-0.078508
-2.391168
-1.316922
0.626360
-0.058923
1.323904
1.071010
-0.538485
-0.497784
-0.309774
-1.408202
-1.536267
-0.186988
-0.337022
0.762258
0.754595
-1.664673
-2.184766
0.323738
0.120912
0.579698
1.510211
-0.231947
-0.487055
-0.044107
-0.818116
-1.722574
-0.403949
-0.233821
0.132833
1.078333
-0.590427
-2.426079
-0.569650
0.537974
0.142540
1.612220
0.459126
-0.673192
-0.174386
-0.338043
-1.595872
-1.034055
-0.207935
-0.089237
1.103027
0.266177
-2.104555
-1.376867
0.600815
-0.267029
0.937155
1.076290
-0.692436
-0.509535
-0.321014
-1.413311
-1.663310
-0.340768
-0.458956
0.443118
0.710998
-1.573563
-2.375330
0.151055
0.275203
0.563519
1.662459
-0.137772
-0.503574
-0.097752
-0.779458
-1.712527
-0.547511
-0.179665
0.271286
1.070499
-0.592811
-2.409901
-0.628233
0.408377
0.004768
1.515150
0.628063
-0.667742
-0.156845
-0.253235
-1.391172
-0.975302
-0.117677
-0.072036
1.003572
0.281675
-2.119711
-1.556022
0.497784
-0.133514
0.936474
1.251698
-0.431027
-0.372103
-0.171491
-1.171998
-1.550572
-0.243187
-0.230585
0.576632
1.062836
-1.164675
-2.017702
0.216450
0.178984
0.260387
1.521962
-0.133004
-0.682899
-0.155313
-0.757830
-1.698221
-0.615971
-0.160592
0.077827
1.013620
-0.454187
-2.435616
-0.754084
0.550917
0.123637
1.683065
0.801768
-0.687156
-0.413486
-0.480073
-1.701627
-1.186643
-0.166893
-0.051601
1.026903
0.473601
-2.007314
-1.756464
0.407525
-0.151225
0.874315
1.326629
-0.304154
-0.311307
0.011751
-1.021964
-1.600470
-0.298194
-0.385387
0.473261
0.951971
-1.142195
-2.200433
0.016519
0.289508
0.183923
1.451969
-0.050579
-0.590937
-0.141859
-0.544786
-1.616308
-0.621932
-0.207765
0.120742
1.174893
-0.326463
-2.358471
-0.813859
0.616993
-0.107459
1.447030
0.599963
-0.800576
-0.411102
-0.431197
-1.598256
-1.252379
-0.285081
-0.279631
0.872612
0.443459
-1.995223
-1.878738
0.426258
0.078848
0.920296
1.365287
-0.410761
-0.503915
-0.177792
-1.182726
-1.788310
-0.448397
-0.402417
0.357628
0.780480
-1.256466
-2.432210
-0.194311
0.288657
0.269924
1.654625
0.173875
-0.527927
-0.094175
-0.501020
-1.599959
-0.742333
-0.044789
0.098944
1.179491
-0.310796
-2.393893
-0.997952
0.548363
-0.144584
1.279116
0.871250
-0.633001
-0.136750
-0.196866
-1.391172
-1.250335
-0.086682
-0.232458
1.012257
0.789506
-1.690728
-1.782009
0.381640
-0.063522
0.748805
1.360859
-0.481265
-0.481946
-0.143732
-1.094171
-1.805169
-0.469174
-0.378915
0.329018
1.047509
-1.034396
-2.221039
-0.049557
0.302621
0.267710
1.736028
0.246082
-0.676257
-0.140156
-0.583615
-1.750163
-0.797510
-0.191075
-0.094005
0.924894
-0.298023
-2.512080
-1.265151
0.523669
-0.182731
1.216957
0.758171
-0.713212
-0.358309
-0.281164
-1.506465
-1.480920
-0.162806
-0.244549
0.544446
0.525543
-1.854386
-2.109834
0.110354
-0.050579
0.612736
1.262426
-0.467811
-0.401054
0.105585
-0.860691
-1.722745
-0.365462
-0.138112
0.651223
1.375846
-0.715256
-2.319472
-0.135217
0.461510
0.091451
1.718657
0.325952
-0.654970
-0.119550
-0.483990
-1.746075
-0.883852
-0.210830
-0.107799
0.999144
-0.004428
-2.389635
-1.268898
0.618015
-0.047003
1.391172
1.009703
-0.617334
-0.193289
-0.210490
-1.409735
-1.377038
-0.178303
-0.167234
0.805855
0.655651
-1.765830
-2.013104
0.298875
0.123467
0.598090
1.511233
-0.274181
-0.567436
-0.085149
-0.896624
-1.817260
-0.605243
-0.475304
0.181028
0.843831
-1.113755
-2.658708
-0.551598
0.265496
-0.097411
1.401901
0.264645
-0.670127
-0.326633
-0.636407
-1.787118
-0.997782
-0.218834
0.047343
1.083272
0.121764
-2.097913
-1.126528
0.627552
-0.108651
1.260042
1.121759
-0.465427
-0.182731
-0.032187
-1.263108
-1.443114
-0.153099
-0.352519
0.738246
0.655992
-1.798357
-2.057893
0.236716
0.011921
0.499828
1.510211
-0.330210
-0.723430
-0.266859
-0.990459
-1.781327
-0.538485
-0.455209
0.117506
0.999825
-0.748294
-2.530473
-0.472920
0.515836
0.196014
1.780987
0.534398
-0.352178
0.005279
-0.185626
-1.458611
-0.745058
0.076464
-0.035933
1.013449
0.106096
-2.214738
-1.322031
0.573737
-0.121593
1.089914
1.010895
-0.762599
-0.497443
-0.364270
-1.428979
-1.655987
-0.298534
-0.478540
0.681196
0.738416
-1.701117
-2.245733
0.193630
-0.020776
0.323568
1.564196
-0.104223
-0.419106
0.004428
-0.787633
-1.728364
-0.439371
-0.189202
0.391177
1.368523
-0.329699
-2.183233
-0.298704
0.605413
0.223773
1.782860
0.520604
-0.623124
-0.144414
-0.375169
-1.706907
-1.167400
-0.278609
-0.379596
0.817946
-0.034911
-2.369199
-1.542739
0.458785
-0.245571
0.987223
1.140322
-0.660760
-0.543424
-0.125681
-1.298189
-1.507657
-0.200442
-0.356265
0.618015
0.767878
-1.474278
-2.231598
0.429153
0.432219
0.578676
1.599618
0.026396
-0.426258
-0.047513
-0.800576
-1.807724
-0.575951
-0.223432
0.173875
1.110690
-0.508513
-2.510548
-0.773328
0.207594
-0.127043
1.385382
0.309433
-0.862053
-0.305857
-0.423874
-1.729727
-1.292910
-0.327144
-0.229222
0.884363
0.088215
-2.206564
-1.578161
0.544276
-0.095197
1.124825
1.323223
-0.409910
-0.327485
-0.150885
-1.177958
-1.435110
-0.157867
-0.137772
0.736032
0.910078
-1.316581
-2.207756
0.157356
0.381129
0.454358
1.705033
0.096730
-0.475475
-0.035082
-0.699248
-1.867499
-0.879424
-0.371933
-0.052111
0.827483
-0.662974
-2.583606
-0.870568
0.329699
-0.151736
1.332930
0.497614
-0.694479
-0.264134
-0.236886
-1.460143
-1.213040
-0.190565
-0.148841
1.049553
0.506129
-1.811811
-1.509871
0.669956
0.013113
1.009192
1.272133
-0.501531
-0.436817
-0.234161
-1.123122
-1.566240
-0.316756
-0.259706
0.438860
0.783546
-1.475130
-2.518892
-0.129768
0.133855
0.299045
1.592977
-0.031165
-0.781502
-0.347240
-0.886577
-2.069814
-0.860521
-0.239611
0.037636
1.064539
-0.391517
-2.420119
-0.838723
0.690392
-0.039509
1.509190
0.962870
-0.377383
-0.032016
-0.015157
-1.225642
-1.051256
-0.075272
-0.207254
0.963381
0.500338
-2.030815
-1.837526
0.427961
-0.104223
0.664847
1.240798
-0.490972
-0.558240
-0.195503
-1.233646
-1.781668
-0.369038
-0.360523
0.359842
0.952823
-1.107284
-2.344506
-0.059605
0.381640
0.223773
1.709802
0.198228
-0.470706
0.012432
-0.456061
-1.674720
-0.681537
-0.049557
0.135047
1.242161
-0.179495
-2.165181
-0.855923
0.696353
0.033889
1.482282
0.889472
-0.646796
-0.321184
-0.459978
-1.708269
-1.624482
-0.458615
-0.554323
0.488758
0.349794
-2.148662
-2.196176
0.269413
-0.037125
0.808239
1.416547
-0.336340
-0.433581
0.064032
-0.795977
-1.484156
-0.200783
-0.045470
0.571694
1.146453
-0.834976
-2.256802
-0.071355
0.420468
0.212533
1.821007
0.348602
-0.639643
-0.127724
-0.458785
-1.726832
-0.855752
-0.249658
-0.148671
0.979730
-0.235523
-2.565043
-1.312494
0.501701
-0.211000
1.194988
0.910078
-0.755106
-0.313180
-0.273670
-1.386404
-1.191241
0.061989
-0.015497
1.044444
0.827142
-1.660926
-1.911436
0.525032
0.330039
0.962700
1.855748
-0.013113
-0.294958
0.075272
-0.787633
-1.776389
-0.466619
-0.294447
0.235183
0.826461
-0.966447
-2.583606
-0.473942
0.192608
-0.239951
1.344170
0.204699
-0.841788
-0.310114
-0.510556
-1.706907
-0.969001
-0.309433
-0.151907
0.918422
-0.082765
-2.423184
-1.337528
0.641346
0.039169
1.229048
1.150710
-0.413827
-0.176259
-0.018052
-1.162972
-1.252038
-0.029802
0.013283
0.932046
0.851495
-1.488924
-2.186809
0.138623
0.077486
0.407185
1.310621
-0.353370
-0.710828
-0.380278
-1.005105
-2.064875
-0.802960
-0.558921
0.217642
0.943456
-0.838552
-2.459117
-0.504426
0.561135
0.155142
1.713378
0.686475
-0.423023
-0.084128
-0.323227
-1.548699
-0.871761
-0.054836
-0.042064
1.155819
0.194481
-2.235855
-1.342126
0.685283
-0.014816
1.130445
0.987564
-0.568799
-0.347921
-0.200612
-1.357624
-1.782009
-0.445672
-0.538315
0.321014
0.364780
-1.742499
-2.478191
-0.039339
0.064032
0.292233
1.349790
-0.232288
-0.743185
-0.239781
-0.663315
-1.618522
-0.434433
-0.168596
0.393561
1.293761
-0.538996
-2.417735
-0.623124
0.535931
0.025204
1.661607
0.669105
-0.590767
-0.248296
-0.458445
-1.798698
-1.148837
-0.296150
-0.275714
0.896794
0.242165
-2.197879
-1.668079
0.465768
-0.131130
1.004253
1.223428
-0.505107
-0.385557
-0.049898
-1.140152
-1.536437
-0.239951
-0.207594
0.579017
0.806025
-1.354388
-2.257654
0.185966
0.325952
0.580549
1.744883
0.108991
-0.443459
-0.000341
-0.410591
-1.581396
-0.512259
-0.109673
0.143732
1.185451
-0.378745
-2.547503
-0.906331
0.477518
-0.108310
1.391683
0.638281
-0.693968
-0.262942
-0.291211
-1.593488
-1.257317
-0.145265
-0.184264
0.967128
0.433070
-1.981429
-1.822369
0.357287
-0.198569
0.783716
1.315219
-0.511067
-0.440904
-0.120912
-1.004253
-1.658712
-0.238759
-0.270605
0.558070
0.976665
-1.197032
-2.306019
0.083276
0.436476
0.287805
1.666716
0.068971
-0.645944
-0.276225
-0.641516
-1.820837
-0.844513
-0.207765
0.048365
0.936304
-0.284399
-2.473082
-1.173019

