0.962870
-3.515141
-2.222572
-0.040191
-2.594164
-1.721382
1.360008
-0.516687
0.404460
4.415853
3.054993
0.598260
1.095363
-0.810112
-2.460309
1.120227
-1.887764
-3.637586
-0.109502
-1.757656
-2.753053
0.816584
0.494719
-0.607967
3.467287
4.152741
1.144750
0.800065
0.506639
-2.457074
0.371763
0.208787
-3.931693
-0.906672
-0.523499
-3.136907
-0.587872
1.197713
-0.930854
1.799209
4.700593
2.230576
0.519923
0.956740
-2.083949
-1.468148
1.186473
-2.983127
-2.240794
0.281845
-2.330371
-1.838548
1.214402
-0.530311
0.162465
4.384007
3.334454
0.704186
1.042230
-0.721216
-2.685445
0.966276
-1.460995
-3.593309
-0.152077
-1.519918
-2.801759
0.726325
0.834295
-0.756979
3.270762
4.345179
1.329184
0.685794
0.565733
-2.683401
-0.159059
0.348091
-3.954513
-1.147645
-0.416381
-2.926929
-0.800916
1.247781
-0.960997
1.545974
4.684755
2.267020
0.479221
1.118864
-1.708439
-1.712527
1.332590
-2.984149
-2.728019
0.071526
-2.379928
-2.120563
1.290866
-0.278779
-0.003917
4.251684
3.478697
0.620229
0.911270
-0.384365
-2.817597
0.823396
-1.110009
-3.685781
-0.109673
-1.252208
-2.948897
0.413997
0.715426
-0.963211
2.924034
4.376003
1.513617
0.708444
0.712872
-2.519914
-0.421660
0.675917
-3.788812
-1.355750
-0.188010
-2.882651
-1.136916
1.365628
-0.795296
1.388618
4.745892
2.487387
0.404630
0.960316
-1.626355
-2.053806
1.117332
-2.780131
-2.955028
0.110354
-2.179486
-2.296822
1.117843
-0.079019
-0.370060
3.948212
3.723928
0.892367
0.998633
-0.012091
-2.623796
0.854731
-0.879424
-3.911768
-0.446013
-1.079355
-2.938679
0.170640
1.062495
-0.850473
2.689532
4.484994
1.719679
0.597068
0.806877
-2.421481
-0.647817
0.811986
-3.601653
-1.620735
-0.152077
-2.900703
-1.355750
1.194818
-0.936304
0.929322
4.574742
2.671650
0.403438
1.030990
-1.307045
-2.275365
1.097066
-2.426079
-3.025532
0.201293
-2.006974
-2.470868
1.141514
0.299045
-0.278269
3.939186
3.979547
1.045465
0.884022
0.033208
-2.714055
0.521966
-0.530992
-3.917217
-0.604902
-0.908886
-3.014633
-0.114271
0.998122
-1.040867
2.280814
4.359995
1.682724
0.573737
0.907694
-2.267190
-0.935112
1.010214
-3.519229
-1.948731
-0.028270
-2.817937
-1.566240
1.411608
-0.659227
0.713212
4.593815
3.045286
0.446865
1.095533
-1.113415
-2.301591
1.255274
-1.948902
-3.043754
0.393731
-1.632486
-2.540861
0.974451
0.279631
-0.566755
3.593138
4.047155
1.048190
0.802619
0.130449
-2.798694
0.328166
-0.296661
-4.076106
-0.811645
-0.801597
-3.077643
-0.299045
1.046828
-0.905820
2.209970
4.660913
1.951797
0.462873
0.866481
-2.194984
-1.152413
1.157182
-3.339733
-2.144235
0.090940
-2.689702
-1.540184
1.401901
-0.582252
0.640324
4.533018
3.168753
0.654459
1.251698
-0.727006
-2.283880
1.205547
-1.908030
-3.491981
-0.068460
-1.736709
-2.820321
0.814370
0.396967
-0.695331
3.439018
4.034213
1.016685
0.631980
0.171661
-2.890485
0.059094
-0.062840
-3.851993
-0.916038
-0.704527
-3.101315
-0.577654
1.017536
-1.095022
1.946688
4.737888
2.177613
0.567947
1.022475
-2.050400
-1.458441
1.181705
-3.223079
-2.285923
0.087363
-2.506460
-1.755442
1.442262
-0.316586
0.400884
4.366125
3.264972
0.622443
0.982795
-0.655992
-2.616303
1.028095
-1.699584
-3.663131
-0.158378
-1.628910
-2.887930
0.670978
0.504936
-0.703846
3.405980
4.206555
1.280648
0.854390
0.512941
-2.568449
0.124148
0.233139
-3.835133
-1.081058
-0.563519
-3.123624
-0.683921
1.240798
-1.139471
1.704693
4.695484
2.216441
0.557389
1.107795
-1.813514
-1.506124
1.286098
-3.021445
-2.398150
0.273500
-2.426761
-1.845019
1.353196
-0.423534
-0.065735
4.051924
3.184761
0.546830
0.861883
-0.777245
-2.676419
0.918763
-1.456397
-3.792729
-0.172002
-1.456908
-2.914327
0.529289
0.747272
-0.659568
3.274168
4.331214
1.214572
0.579868
0.449589
-2.696514
-0.213385
0.351327
-3.861700
-1.261405
-0.523329
-3.181866
-0.888790
1.299892
-0.869036
1.587527
4.805156
2.489771
0.546660
1.132148
-1.642534
-1.528774
1.226153
-2.918073
-2.582414
0.155824
-2.343314
-2.059596
1.275710
-0.284229
-0.108480
4.112550
3.373623
0.687497
0.959294
-0.519582
-2.720356
0.972578
-1.191752
-3.690038
-0.236375
-1.420804
-2.819981
0.487907
0.513111
-0.963041
2.998114
4.323040
1.172679
0.502552
0.517028
-2.800567
-0.481095
0.536272
-3.664834
-1.315049
-0.479732
-3.065893
-0.879083
1.512425
-0.679663
1.524006
4.650695
2.482619
0.474283
0.905480
-1.723255
-1.912798
1.146623
-2.928632
-2.876009
-0.010729
-2.389124
-2.277238
1.053470
-0.336000
-0.146117
3.952129
3.404106
0.768559
1.062155
-0.210490
-2.624989
0.925575
-0.975473
-3.784214
-0.331742
-1.212018
-2.888271
0.510727
0.879083
-0.817605
2.942256
4.405124
1.450436
0.733478
0.701291
-2.450432
-0.360012
0.588383
-3.718989
-1.373121
-0.344345
-3.067936
-1.186132
1.270601
-0.936304
1.132829
4.509347
2.501011
0.481265
1.023327
-1.576628
-1.844508
1.460484
-2.580711
-2.788646
0.300237
-2.061640
-2.104895
1.408543
-0.003406
-0.002554
4.251684
3.860848
0.889301
0.969853
-0.165871
-2.664668
0.778607
-0.938177
-3.878389
-0.394923
-1.287120
-3.026383
0.157186
0.807898
-1.030309
2.504757
4.249811
1.405988
0.547682
0.684261
-2.453838
-0.601326
0.526905
-3.895760
-1.644066
-0.225476
-2.971717
-1.272644
1.347576
-0.760385
1.208271
4.557712
2.580711
0.556196
1.136065
-1.274347
-1.874822
1.552616
-2.359663
-2.755438
0.269243
-2.078329
-2.282006
1.114607
-0.151396
-0.381640
3.973927
3.746918
0.828334
0.840425
-0.220197
-2.834797
0.460318
-0.819138
-3.916025
-0.399351
-1.026733
-2.935273
0.096219
1.110520
-0.889982
2.687318
4.537787
1.692431
0.579357
0.715937
-2.375501
-0.757320
0.817605
-3.613574
-1.703671
-0.140837
-2.831050
-1.305342
1.387256
-0.670467
1.023497
4.600286
2.815042
0.495059
1.194647
-1.126357
-2.162797
1.258339
-2.419267
-3.154278
0.081573
-2.103022
-2.438511
0.973088
0.106948
-0.476497
3.751857
3.814697
0.846727
0.851154
0.020266
-2.616985
0.606435
-0.538656
-3.798349
-0.476837
-0.822714
-3.067596
-0.149182
0.953163
-1.118524
2.519063
4.547834
1.878057
0.614950
0.772136
-2.508504
-1.029968
0.898668
-3.607443
-2.045291
-0.208105
-2.873795
-1.548018
1.300403
-0.698226
0.760555
4.464728
2.791711
0.357628
1.113926
-1.095022
-2.213887
1.386745
-2.055849
-3.114087
0.154802
-1.877206
-2.553293
1.094001
0.399862
-0.478540
3.811121
4.085984
1.015152
0.833443
0.189202
-2.735342
0.413145
-0.339917
-4.013266
-0.828164
-0.889982
-3.177779
-0.334978
0.942775
-1.175063
2.109323
4.428795
1.814195
0.587361
0.866481
-2.262763
-1.091446
1.082931
-3.476313
-2.077477
0.017541
-2.837692
-1.636062
1.319987
-0.752892
0.469003
4.440546
3.063679
0.500168
1.069648
-0.951971
-2.358982
1.289845
-1.868861
-3.222568
0.225476
-1.720360
-2.653258
0.884533
0.438179
-0.522307
3.667048
4.086154
1.122952
0.697034
0.146457
-2.902916
0.056369
-0.194311
-4.134859
-0.904117
-0.626700
-3.077303
-0.285932
1.187495
-0.979219
1.946007
4.554135
2.068622
0.616142
1.249824
-1.840251
-1.174041
1.226493
-3.247772
-2.224445
0.013113
-2.585479
-1.636744
1.463549
-0.448057
0.394583
4.435437
3.227166
0.743525
1.031671
-0.832421
-2.450602
1.189709
-1.597915
-3.335135
0.125510
-1.620565
-2.910580
0.571523
0.371422
-0.900200
3.174032
4.035916
1.132318
0.713893
0.237908
-2.837181
-0.065225
0.074421
-3.874132
-0.996419
-0.501360
-2.958093
-0.456572
1.319306
-0.893048
1.920973
4.810606
2.327817
0.555686
1.049042
-1.795122
-1.489776
1.300062
-3.059762
-2.499138
-0.009026
-2.635206
-2.003568
1.313346
-0.368186
0.076464
4.354886
3.347737
0.682218
1.078333
-0.458104
-2.470698
1.143387
-1.321009
-3.658192
-0.109502
-1.497950
-2.912113
0.541380
0.544276
-0.832762
3.108638
4.171644
1.385212
0.805855
0.708955
-2.546821
-0.097581
0.466279
-3.699916
-1.069818
-0.224113
-2.940723
-0.708273
1.283543
-1.020942
1.450096
4.564183
2.370051
0.414167
0.934771
-1.680851
-1.641512
1.257658
-2.850464
-2.572536
0.144584
-2.367667
-2.169098
1.251527
-0.184774
-0.097752
4.093477
3.485339
0.808920
0.944308
-0.477518
-2.663136
0.851836
-1.098428
-3.826107
-0.324079
-1.277413
-2.900362
0.387600
0.790017
-0.996930
2.734150
4.185268
1.308577
0.658376
0.688178
-2.508845
-0.356776
0.586510
-3.847395
-1.415525
-0.362056
-3.014633
-0.973088
1.436302
-0.882660
1.303128
4.607609
2.654621
0.589064
1.083272
-1.495395
-1.834631
1.351152
-2.587352
-2.754586
0.284570
-2.096381
-2.358982
1.090935
-0.226668
-0.457082
3.801755
3.537621
0.658887
0.819138
-0.411783
-2.924034
0.648669
-0.928981
-3.882987
-0.435284
-1.115799
-2.974783
0.315053
1.062325
-0.820330
2.859831
4.515988
1.484326
0.566244
0.740119
-2.505779
-0.654459
0.787463
-3.700427
-1.609325
-0.313010
-3.012589
-1.351663
1.384531
-0.771114
1.015663
4.665000
2.783537
0.511067
1.079696
-1.280819
-2.061980
1.295805
-2.472401
-3.182037
0.048365
-2.105917
-2.573047
0.889642
-0.055517
-0.484671
3.795113
3.818444
0.896454
0.884192
0.058753
-2.884013
0.630277
-0.367505
-3.796986
-0.333105
-0.832762
-2.972739
0.039680
0.959805
-1.050745
2.560105
4.586663
1.814195
0.609670
0.849962
-2.317258
-0.972748
0.730242
-3.673179
-1.896109
0.005450
-2.721378
-1.409735
1.528433
-0.525032
0.743866
4.483291
2.830369
0.431708
0.984498
-0.974280
-2.133506
1.347746
-2.155134
-3.327302
-0.030994
-1.877717
-2.631460
0.954185
0.269072
-0.490461
3.753901
4.051583
1.040697
0.829697
0.222240
-2.663306
0.410250
-0.240632
-3.852844
-0.727688
-0.773668
-3.171308
-0.284399
0.950950
-1.352344
1.888275
4.453148
1.854897
0.340428
0.948054
-2.158540
-1.255955
0.970193
-3.413984
-2.064194
0.101328
-2.654280
-1.674039
1.413992
-0.436817
0.510556
4.360165
3.058570
0.554323
1.098939
-0.845194
-2.367837
1.318455
-1.735347
-3.349440
0.124829
-1.597404
-2.582244
0.989437
0.724622
-0.426769
3.625836
4.235506
1.088381
0.625338
0.266518
-2.792563
0.027248
0.068630
-3.902912
-0.801257
-0.570672
-3.029449
-0.502382
1.293932
-0.951290
1.856259
4.711662
2.333607
0.615631
1.044273
-1.950434
-1.447371
1.181705
-3.333773
-2.368518
0.151907
-2.537455
-1.781668
1.450947
-0.442096
0.263282
4.301412
3.184421

