-2.904449
-1.392875
1.258339
-0.906161
0.876188
4.549537
2.775363
0.541891
1.023156
-1.391002
-2.203158
1.276731
-2.395426
-3.116812
0.231607
-1.964399
-2.519914
1.106262
0.216620
-0.521626
3.784554
3.900017
0.977516
0.883171
-0.005109
-2.716099
0.494719
-0.461340
-3.901039
-0.633001
-0.906842
-3.129414
-0.214747
1.009021
-1.102175
2.267872
4.597391
1.797676
0.566585
0.973259
-2.208437
-0.784738
1.199416
-3.286770
-1.941579
0.035422
-2.754245
-1.563515
1.445668
-0.655481
0.671148
4.503216
3.039496
0.408036
0.981603
-1.022986
-2.306019
1.414674
-1.931020
-3.280980
0.128065
-1.770258
-2.618517
0.916890
0.320843
-0.587872
3.490959
3.921815
0.937326
0.584296
0.040872
-2.868346
0.257492
0.026567
-3.741809
-0.687838
-0.440223
-2.894742
-0.253745
1.237052
-0.985180
2.183744
4.806859
2.242497
0.575270
0.962870
-2.109494
-1.398325
1.046487
-3.328153
-2.130611
0.159230
-2.624989
-1.800741
1.324075
-0.492845
0.316926
4.358973
3.182377
0.614439
0.896284
-0.818627
-2.367667
1.319817
-1.516853
-3.493854
0.040361
-1.586165
-2.780301
0.840425
0.711339
-0.680855
3.337690
4.099778
1.028436
0.603029
0.274011
-2.788476
0.028781
0.385557
-3.734827
-0.929492
-0.322376
-2.829688
-0.484841
1.426765
-0.881468
1.744032
4.634857
2.257994
0.484330
0.889472
-2.070325
-1.630953
1.170635
-3.025021
-2.399172
0.170299
-2.454690
-1.996926
1.297338
-0.303132
0.048535
4.249811
3.469501
0.678471
1.014812
-0.509535
-2.644914
1.002039
-1.261915
-3.561974
-0.006301
-1.302106
-2.722570
0.589234
0.784227
-0.732456
3.180334
4.407508
1.405818
0.726836
0.525032
-2.625159
-0.149182
0.718662
-3.635543
-1.286439
-0.408207
-3.136737
-0.985350
1.238074
-0.954526
1.435280
4.667214
2.496583
0.430516
0.910418
-1.763446
-1.882144
1.263618
-2.668585
-2.618177
0.326123
-2.139807
-2.060277
1.395770
-0.096730
-0.297683
3.989935
3.497430
0.776052
0.998804
-0.269413
-2.742835
0.677279
-0.974280
-3.937994
-0.391177
-1.139641
-2.926418
0.330891
0.940902
-0.915016
2.805335
4.412958
1.425573
0.479562
0.613247
-2.498116
-0.569820
0.827142
-3.573895
-1.469169
-0.195844
-2.889463
-1.213721
1.446690
-0.728198
1.113755
4.797322
2.968652
0.641005
1.102345
-1.427787
-2.015488
1.485177
-2.254248
-2.914837
0.387260
-1.949753
-2.508163
1.072543
0.038998
-0.420809
3.806523
3.759861
0.858307
0.912632
-0.026737
-2.855744
0.565052
-0.530652
-3.831557
-0.425577
-0.765835
-2.882992
0.095878
1.109668
-1.104389
2.324070
4.421473
1.608133
0.397137
0.821522
-2.285923
-0.805174
0.910759
-3.643717
-1.934256
-0.076635
-2.822195
-1.434599
1.566240
-0.448568
0.860521
4.584619
3.053972
0.537634
0.933068
-1.302617
-2.404622
1.237052
-2.198390
-3.302949
0.020606
-1.981258
-2.825090
0.775542
0.216791
-0.473601
3.817422
4.122768
1.072884
0.900711
0.287805
-2.745390
0.515665
-0.036614
-3.788471
-0.585147
-0.584296
-3.010716
-0.139305
1.301595
-1.067775
2.140147
4.637071
1.970530
0.495229
0.888280
-2.137933
-1.205036
1.054662
-3.440891
-2.180679
0.087534
-2.664498
-1.672166
1.530647
-0.366654
0.534739
4.414661
3.080538
0.532695
0.968661
-0.899008
-2.523831
1.221725
-1.594339
-3.403255
0.067438
-1.590252
-2.725295
0.805344
0.492845
-0.622272
3.710815
4.423346
1.284906
0.723941
0.450952
-2.709968
0.020947
0.185796
-3.915003
-0.893729
-0.526054
-3.151212
-0.698396
1.108987
-1.115118
1.655476
4.614762
2.294438
0.556707
0.974280
-1.848766
-1.506635
1.340253
-2.926588
-2.312149
0.325441
-2.323900
-1.876184
1.423870
-0.304154
0.208276
4.371916
3.276552
0.707933
1.032012
-0.455550
-2.483981
1.188006
-1.268387
-3.549371
-0.102520
-1.412460
-2.756119
0.653097
0.689370
-0.848940
3.210987
4.307543
1.278605
0.460659
0.395094
-2.748966
-0.343834
0.446013
-3.806353
-1.128401
-0.193630
-3.001349
-0.891856
1.416036
-0.877551
1.510382
4.764284
2.669607
0.675917
1.086167
-1.698903
-1.900026
1.322372
-2.784729
-2.634866
0.342131
-2.041204
-2.051592
1.260894
-0.296831
-0.236886
4.216943
3.554310
0.752040
0.990799
-0.359501
-2.754756
0.785078
-1.007489
-3.894057
-0.644752
-1.556873
-3.324066
0.118528
0.732967
-1.069818
2.597911
4.254920
1.314538
0.569310
0.888961
-2.416883
-0.538996
0.801427
-3.504753
-1.219852
0.184774
-2.572196
-0.980582
1.721723
-0.544957
1.411608
4.806859
2.700772
0.467300
1.040356
-1.513277
-2.180338
1.319647
-2.492155
-3.110681
0.042915
-2.236877
-2.593994
0.952993
-0.111205
-0.339917
4.077128
4.057884
0.938518
0.835146
-0.160251
-2.857617
0.462362
-0.589575
-3.872429
-0.341449
-0.903947
-3.043073
0.056710
1.149518
-0.867673
2.618177
4.729884
2.003397
0.749486
0.935963
-2.271618
-0.789506
1.074587
-3.536940
-1.817942
-0.057391
-2.941915
-1.488413
1.444135
-0.813348
0.798191
4.471370
2.694300
0.234502
0.935112
-1.186473
-2.330201
1.250165
-2.108642
-3.260374
0.147649
-1.755101
-2.427782
1.214743
0.476837
-0.303473
3.862040
4.136222
1.060622
0.887087
0.247955
-2.571004
0.584977
-0.089066
-3.787790
-0.540359
-0.735351
-3.029789
-0.295469
1.063858
-1.150370
2.045802
4.520927
1.896109
0.411442
0.736884
-2.332585
-1.413482
0.949928
-3.531660
-2.245392
-0.004087
-2.642700
-1.587357
1.501186
-0.430516
0.593833
4.461323
3.132139
0.574418
1.050404
-0.806025
-2.243178
1.529455
-1.619884
-3.152575
0.234331
-1.709632
-2.689191
0.911610
0.529460
-0.469344
3.671646
4.108804
1.141173
0.677279
0.147479
-2.891847
0.071866
0.030824
-3.950766
-0.845705
-0.547341
-3.057207
-0.564371
1.131807
-1.130445
1.857110
4.592793
2.125502
0.494719
0.945330
-2.084800
-1.431704
1.173530
-3.087521
-2.187150
0.272989
-2.260208
-1.659734
1.586165
-0.214236
0.442777
4.583257
3.517696
0.752551
1.131807
-0.607627
-2.573558
0.975132
-1.715422
-3.670624
-0.291382
-1.714400
-3.036601
0.568288
0.615461
-0.782013
3.205027
4.203830
1.171657
0.606605
0.380618
-2.678973
0.073229
0.447205
-3.788131
-1.054832
-0.379937
-3.127711
-0.783205
1.358305
-0.867333
1.805169
4.926750
2.453838
0.516176
1.024178
-1.864433
-1.733644
1.304490
-2.911431
-2.417224
0.333956
-2.256632
-2.044780
1.276050
-0.396456
-0.127554
4.184076
3.463541
0.662293
0.864949
-0.574078
-2.841098
0.788655
-1.484837
-3.872088
-0.244038
-1.388107
-2.948046
0.542062
0.870398
-0.727177
3.203494
4.581724
1.558747
0.851154
0.832251
-2.417905
-0.112738
0.707592
-3.668070
-1.229388
-0.177792
-2.992153
-0.977346
1.344340
-0.970023
1.412460
4.742316
2.502373
0.445162
0.981433
-1.688855
-1.871926
1.293761
-2.669607
-2.842631
0.100306
-2.417224
-2.381461
1.129934
-0.249318
-0.313520
4.121917
3.668751
0.761407
0.923191
-0.363929
-2.731085
1.010554
-0.787122
-3.682545
-0.099625
-0.892196
-2.697706
0.509194
1.116310
-0.791379
2.941574
4.504068
1.650708
0.684772
0.777245
-2.426590
-0.475134
0.596217
-3.895419
-1.566921
-0.306027
-3.068107
-1.138789
1.379762
-1.009703
1.131126
4.698379
2.535071
0.380959
1.015152
-1.521111
-2.152068
1.276221
-2.567257
-2.963202
0.245401
-2.107791
-2.319302
1.259361
0.112908
-0.175749
4.074744
4.082067
1.023327
0.996079
-0.106607
-2.658027
0.929662
-0.552791
-3.689357
-0.287465
-0.921488
-3.063338
0.070333
0.899349
-1.024519
2.651385
4.593475
1.628058
0.521966
0.731945
-2.664157
-0.974451
0.748975
-3.686462
-1.642874
-0.005279
-2.766507
-1.235860
1.563174
-0.783375
0.896113
4.650525
2.900703
0.623465
1.182386
-1.131126
-2.108642
1.379251
-2.318280
-3.106764
0.333956
-1.838037
-2.338886
1.293591
0.426769
-0.285421
3.914492
3.933907
0.966958
0.880105
-0.073399
-2.899340
0.595365
-0.478710
-4.054819
-0.655310
-1.040867
-3.252540
-0.221218
0.954696
-1.050745
2.388954
4.586322
1.883847
0.542573
0.925064
-2.290521
-0.951801
0.984498
-3.359318
-1.764297
0.100306
-2.783196
-1.425913
1.441240
-0.753232
0.798702
4.581554
3.048182
0.664847
1.146793
-1.065901
-2.257313
1.409394
-2.101149
-3.286089
0.246082
-1.671144
-2.505098
1.057046
0.297001
-0.547511
3.648145
3.880773
0.918593
0.819990
0.142200
-2.836670
0.341109
-0.282696
-3.973586
-0.784397
-0.844342
-3.099271
-0.231777
1.114266
-1.032012
2.312320
4.907506
1.983472
0.488417
0.912462
-2.135890
-1.073054
1.073395
-3.339904
-1.911606
0.130108
-2.672161
-1.731600
1.376867
-0.535931
0.471558
4.462004
3.101485
0.630106
1.062836
-0.998293
-2.295290
1.334803
-1.835823
-3.290006
0.236545
-1.618692
-2.715928
0.744036
0.261409
-0.682047
3.721544
4.086494
0.974962
0.726495
0.191927
-2.892869
0.068971
-0.170640
-3.929649
-0.713212
-0.477689
-2.864088
-0.195503
1.372099
-1.026051
2.057552
4.660402
2.205372
0.579357
0.994716
-1.933745
-1.220192
1.151391
-3.389290
-2.137933
0.118869
-2.557891
-1.683576
1.528604
-0.375850
0.530481
4.419259
3.168924
0.576632
1.079014
-0.877210
-2.585649
1.105240
-1.694815
-3.559930
-0.103031
-1.780135
-2.854892
0.610011
0.400203
-0.691925
3.455877
4.262073
1.210826
0.615801
0.331061
-2.689702
0.169618
0.248126
-3.758328
-0.737395
-0.416381
-3.075089
-0.471898
1.301936
-0.926597
1.963036
4.724945
2.320835
0.524691
0.986031
-2.063853
-1.434088
1.304831
-3.172840
-2.380950
0.192778
-2.490793
-1.893554
1.347746
-0.490461
0.170640
4.233462
3.122943
0.590767
1.023156
-0.676428
-2.623967
1.135894
-1.527071
-3.492662
0.100306
-1.440048
-2.688510
0.856434
0.756979
-0.707933
3.537451
4.460301
1.271282
0.734670
0.489610
-2.720697
-0.060286
0.287805
-3.887415
-1.057557
-0.433581
-3.112384
-0.894921
1.243693
-1.063347
1.675572
4.688501
2.314363
0.503744
1.035758
-1.955373
-1.647132
1.391343
-2.945662
-2.559934
0.244038
-2.337864
-1.959460
1.430682
-0.456912
0.038998
4.164832
3.318616
0.628233
0.970704
-0.446865
-2.602679
1.055854
-1.254763
-3.645420
-0.143051
-1.386404
-2.808401
0.665018
0.805344
-0.863075
2.990110
4.175731
1.225982
0.492334
0.476326
-2.698047
-0.354052
0.397137
-3.852674
-1.184429
-0.145265
-2.854381
-0.757660
1.519237
-0.695671
1.651049
4.893201
2.706391
0.738416
1.217638
-1.678637
-1.851661
1.442262
-2.819981
-2.606426
0.301770
-2.198390
-2.056190
1.249484
-0.318119
-0.189032
4.222563
3.608125
0.681366
0.826802
-0.404971
-2.783367

