-0.520604
-0.259706
0.316586
1.121419
-0.810793
-2.558572
-0.710487
0.389644
-0.051771
1.423529
0.488077
-0.562157
-0.204870
-0.425747
-1.637765
-1.133169
-0.314883
-0.178984
1.118013
0.142200
-2.173185
-1.413482
0.614098
0.026056
1.097236
1.263108
-0.413656
-0.201293
0.008685
-1.094512
-1.398155
-0.138112
-0.450781
0.596557
0.811645
-1.574074
-2.247606
0.104053
0.224795
0.483479
1.589230
0.030143
-0.404630
-0.092643
-0.826291
-1.668589
-0.558240
-0.322546
0.150544
1.044273
-0.668764
-2.629757
-0.800235
0.346218
-0.094175
1.541036
0.689200
-0.433411
-0.149012
-0.387260
-1.504932
-1.035929
-0.039169
-0.064203
1.175063
0.510727
-2.138785
-1.769406
0.418084
-0.202826
0.850133
1.268727
-0.432049
-0.214406
-0.058413
-1.137427
-1.466785
-0.197036
-0.333275
0.581060
0.893729
-1.288312
-2.270085
0.081233
0.271116
0.357968
1.608304
-0.095538
-0.549725
-0.086512
-0.540870
-1.625674
-0.590427
-0.246423
0.049898
1.203503
-0.414508
-2.481767
-0.895262
0.581401
-0.153099
1.472916
0.791379
-0.503404
-0.082254
-0.274181
-1.466445
-1.183067
-0.094686
-0.179155
1.070840
0.468493
-2.130440
-1.996415
0.199761
-0.141178
0.770603
1.263789
-0.429664
-0.190735
-0.013965
-0.933068
-1.406499
0.028781
-0.006301
0.741652
1.184770
-1.109838
-2.438852
-0.156505
0.344004
0.224454
1.597064
0.232628
-0.492505
-0.052452
-0.482457
-1.644407
-0.790698
-0.222240
0.070674
1.128401
-0.291892
-2.447537
-1.139130
0.418595
-0.229733
1.304490
0.763961
-0.731945
-0.216620
-0.230415
-1.412460
-1.321350
-0.131301
-0.287635
0.932898
0.662633
-1.853534
-1.977171
0.389644
0.134536
0.713893
1.524687
-0.160422
-0.155653
0.102350
-0.936815
-1.736198
-0.470195
-0.368868
0.322035
1.012257
-1.035929
-2.506120
-0.358139
0.328847
0.026056
1.534053
0.301600
-0.573737
-0.072547
-0.373977
-1.578842
-0.768559
-0.010048
0.123978
1.288142
-0.057902
-2.359152
-1.269068
0.599623
0.026056
1.339572
1.017366
-0.547852
-0.108821
-0.284059
-1.314708
-1.296316
-0.049898
-0.167063
0.939710
0.793764
-1.649857
-2.091782
0.183242
0.021287
0.523499
1.510041
-0.291211
-0.477689
-0.177452
-0.999314
-1.840591
-0.499487
-0.477178
0.275544
1.089232
-0.957421
-2.506460
-0.425066
0.415359
-0.074761
1.464060
0.451292
-0.506129
-0.016860
-0.364780
-1.408373
-0.770262
-0.170810
-0.056369
1.211507
0.253575
-2.236877
-1.434939
0.624146
0.036103
1.206057
1.100983
-0.473601
-0.206062
-0.094346
-1.178639
-1.298700
-0.042404
-0.262090
0.782013
0.701291
-1.693283
-2.386059
-0.026737
-0.009537
0.432730
1.544612
-0.094175
-0.557218
-0.231607
-0.875677
-1.724107
-0.467130
-0.250510
0.375850
1.397473
-0.519242
-2.338035
-0.422682
0.748975
0.094346
1.558917
0.595195
-0.480924
-0.076464
-0.267540
-1.528604
-0.998633
-0.223603
-0.263623
1.049042
0.360864
-2.072368
-1.603024
0.533036
0.017881
1.039164
1.132999
-0.454358
-0.287805
-0.105415
-1.197883
-1.609666
-0.281164
-0.293766
0.592300
0.784908
-1.468148
-2.409901
-0.029632
0.280993
0.391347
1.715762
0.204529
-0.413656
-0.080551
-0.579017
-1.612220
-0.562498
-0.082425
0.341960
1.392365
-0.263112
-2.439022
-0.965936
0.483990
-0.099625
1.363584
0.604391
-0.628574
-0.129257
-0.347751
-1.657179
-1.381465
-0.319821
-0.372444
0.788825
0.403438
-1.915182
-1.753909
0.506980
0.022309
0.966106
1.376527
-0.383002
-0.254427
-0.034911
-0.856604
-1.557044
-0.255959
-0.270435
0.550236
1.048190
-1.121249
-2.294609
0.031676
0.453676
0.329529
1.754250
0.190394
-0.392199
0.014135
-0.565904
-1.639298
-0.735351
-0.259536
-0.043937
0.980752
-0.368697
-2.555677
-1.360519
0.384535
-0.303473
1.286439
0.838723
-0.612055
-0.241825
-0.254938
-1.600129
-1.368693
-0.089407
-0.153950
0.972578
0.612906
-1.767193
-2.006803
0.478029
0.028781
0.713723
1.479558
-0.157697
-0.271967
0.013624
-0.749656
-1.516683
-0.343152
-0.272819
0.534058
1.076971
-0.989607
-2.426761
-0.233991
0.459467
0.066246
1.475981
0.113930
-0.650372
-0.306198
-0.639473
-1.691239
-0.725303
-0.158719
-0.104904
0.998974
-0.149352
-2.302442
-1.252379
0.660760
0.082765
1.359667
1.115969
-0.407696
-0.130790
-0.126021
-1.433236
-1.440729
-0.272138
-0.246082
0.926086
0.695671
-1.871756
-2.228873
0.194822
0.135388
0.800746
1.569475
-0.297172
-0.493186
-0.135899
-0.772306
-1.493692
-0.209638
-0.213044
0.501190
1.267706
-0.700269
-2.521958
-0.573567
0.342642
0.087874
1.574414
0.338725
-0.456572
-0.057220
-0.450271
-1.608474
-0.847408
-0.106948
-0.037977
1.261915
0.311307
-2.075434
-1.189879
0.683580
-0.003917
1.163483
1.097066
-0.667742
-0.277758
-0.276225
-1.262086
-1.483304
-0.295980
-0.386919
0.822544
0.849281
-1.613242
-2.218144
0.287976
0.188010
0.490972
1.545634
-0.177111
-0.320503
0.026226
-0.775542
-1.684598
-0.468833
-0.269583
0.321354
1.196180
-0.549725
-2.436978
-0.653608
0.411783
0.146457
1.675231
0.523499
-0.522648
-0.057391
-0.360012
-1.519237
-0.870739
-0.014305
-0.030143
1.226153
0.340768
-2.220528
-1.592806
0.466619
-0.125510
1.078333
1.243523
-0.473942
-0.220026
-0.136580
-1.103537
-1.574925
-0.171150
-0.424385
0.559262
0.805855
-1.569135
-2.408539
0.092643
0.161443
0.288486
1.612391
-0.242676
-0.525032
-0.121593
-0.785930
-1.671314
-0.491483
-0.148501
0.279801
1.280648
-0.356265
-2.433232
-0.759363
0.560965
-0.055347
1.599278
0.771795
-0.408888
0.009537
-0.143221
-1.394749
-1.114947
-0.143392
-0.166042
1.084975
0.434433
-2.098765
-1.815047
0.428643
-0.117166
0.856604
1.302447
-0.526735
-0.361885
-0.187499
-1.158203
-1.565218
-0.212703
-0.321524
0.580038
0.928300
-1.272304
-2.418416
-0.110694
0.205551
0.240122
1.588549
0.090599
-0.461851
0.062670
-0.525713
-1.658201
-0.543594
-0.104904
0.138794
1.222576
-0.165360
-2.314023
-0.817776
0.643560
-0.072207
1.424551
0.666721
-0.792231
-0.392369
-0.322717
-1.620565
-1.339572
-0.272478
-0.325441
0.969512
0.555856
-1.972743
-1.811811
0.529630
0.111205
0.875677
1.506805
-0.197887
-0.234161
0.007834
-0.908375
-1.525709
-0.359671
-0.380789
0.541040
1.058919
-1.082080
-2.267361
-0.169788
0.289168
0.194311
1.588208
0.071015
-0.607797
-0.201975
-0.640665
-1.743862
-0.807047
-0.346558
-0.037125
1.126357
-0.311307
-2.520766
-1.216957
0.553983
-0.172343
1.321520
0.854390
-0.568799
-0.260728
-0.196525
-1.397303
-1.369885
-0.196355
-0.237567
1.056876
0.777755
-1.742499
-1.865966
0.417914
0.125510
0.756468
1.443965
-0.288486
-0.374487
-0.107970
-1.055683
-1.741818
-0.509024
-0.511748
0.241484
0.902414
-1.092298
-2.503736
-0.389303
0.411953
0.118698
1.594680
0.325101
-0.476156
0.022309
-0.540188
-1.717295
-0.879083
-0.205891
-0.120742
1.107625
-0.169277
-2.395085
-1.291207
0.554323
-0.131811
1.218149
1.003572
-0.375850
-0.115292
-0.167745
-1.325778
-1.295635
-0.023672
-0.231607
0.919444
0.720024
-1.801934
-2.171482
0.257492
0.018563
0.585488
1.543760
-0.279120
-0.514814
-0.149863
-0.980752
-1.834801
-0.460659
-0.276736
0.284910
1.071862
-0.746420
-2.390998
-0.440053
0.532866
0.188010
1.658542
0.413486
-0.450100
-0.065735
-0.374658
-1.518215
-0.867673
-0.113079
-0.014816
1.161269
0.090769
-2.283539
-1.213891
0.702654
0.018563
1.228877
1.171657
-0.364270
-0.207594
-0.138112
-1.324586
-1.496928
-0.305516
-0.406333
0.636067
0.735351
-1.659564
-2.229384
0.069141
0.030824
0.500849
1.335144
-0.371252
-0.506299
-0.059775
-0.758341
-1.701798
-0.440223
-0.171661
0.376531
1.177788
-0.669275
-2.366134
-0.423363
0.580549
0.130619
1.730919
0.513962
-0.521966
-0.044789
-0.323398
-1.430001
-0.933238
-0.164849
-0.141518
1.145601
0.175578
-2.257143
-1.526901
0.568117
-0.118698
0.989948
0.982285
-0.560624
-0.337533
-0.262942
-1.311302
-1.567432
-0.326463
-0.382832
0.751529
0.854049
-1.552446
-2.206734
0.339406
0.342812
0.696182
1.861709
0.018733
-0.343323
0.211682
-0.657013
-1.633167
-0.509705
-0.192608
0.268221
1.186814
-0.589064
-2.482619
-0.616653
0.464576
-0.074761
1.511744
0.570161
-0.519582
-0.144584
-0.475134
-1.696689
-1.087700
-0.237056
-0.244038
0.997782
0.191075
-2.246414
-1.714740
0.460488
-0.150374
1.017026
1.176936
-0.480584
-0.214066
-0.050068
-1.148667
-1.491308
-0.190565
-0.290360
0.670127
0.942945
-1.325437
-1.954862
0.251021
0.336000
0.397478
1.612902
-0.102179
-0.624146
-0.126362
-0.748805
-1.760381
-0.578165
-0.409739
0.037125
1.088381
-0.741482
-2.617666
-0.838212
0.538315
0.039509
1.522643
0.817605
-0.392369
-0.071015
-0.350816
-1.442432
-0.971556
-0.135899
-0.186137
1.147985
0.525032
-1.887083
-1.663480
0.465087
-0.101328
0.878232
1.227174
-0.440393
-0.262601
-0.098263
-1.077993
-1.494374
-0.194141
-0.345196
0.529460
0.796148
-1.406670
-2.432040
0.044618
0.150374
0.136239
1.528774
-0.097241
-0.605413
-0.272989
-0.684261
-1.747438
-0.558410
-0.151566
0.185285
1.250505
-0.238419
-2.439192
-0.744207
0.746931
0.180176
1.573563
0.777074
-0.547171
-0.038488
-0.292063
-1.559087
-1.180683
-0.172853
-0.360012
0.900371
0.407185
-2.113581
-1.811130
0.478029
-0.145265
0.874145
1.370055
-0.381129
-0.300407
-0.117677
-1.057216
-1.655817
-0.395434
-0.397648
0.503234
0.997611
-1.195669
-2.347572
0.049727
0.376701
0.359842
1.618181
0.165190
-0.384195
0.025545
-0.581571
-1.634019
-0.541040
-0.101498
0.073058
1.164334
-0.312158
-2.465418
-1.056535
0.578335
-0.077656
1.406499
0.698396
-0.709806
-0.226668
-0.205210
-1.549210
-1.358475
-0.092813
-0.224965
0.901393
0.442096
-1.912798
-1.910073
0.407525
0.097922
0.884192
1.427616
-0.234331
-0.290360
-0.042404
-0.865459
-1.511063
-0.277758
-0.321524
0.574248
1.017707
-0.987053
-2.333437
-0.097922
0.445843
0.309263
1.606260
0.240292
-0.364780
0.040361
-0.569820
-1.695156
-0.848770
-0.301429
-0.046832
0.881808
-0.338384
-2.571344
-1.220363
0.562668
-0.095878
1.395770
0.837701
-0.637770
-0.115633
-0.094175
-1.344000
-1.237563
0.052622
-0.034911
1.077652
0.636237
-1.945496
-2.050059
0.399181
0.081403
0.774349
1.525027
-0.340939
-0.408036
-0.139815
-0.952142
-1.571689
-0.299556
-0.284740
0.491823
1.131807
-1.043762
-2.436808
-0.260728
0.403268
0.111716
1.546655
0.107970
-0.508513
-0.172853
-0.541891
-1.768896
-0.811645
-0.172853
0.004598
1.127039
-0.108480
-2.279452
-1.158714
0.616482
-0.110013
1.377208
1.064709

