-60.387509
-65.574816
-68.381003
-69.238629
-68.430219
-65.486601
-61.435018
-56.886673
-52.035706
-45.419931
-36.613941
-26.607343
-15.654053
-4.416193
6.072521
16.296761
25.662865
33.957107
41.375841
48.893009
55.413416
61.151470
66.549437
70.705244
71.676118
69.795847
66.269466
61.365025
54.577759
45.864412
36.283902
25.454419
14.029401
3.050736
-7.739067
-17.225231
-25.728430
-34.466641
-43.536936
-51.892315
-59.129851
-64.910480
-68.061863
-69.174426
-68.593536
-66.092185
-62.094586
-57.709387
-52.867787
-46.616282
-38.199936
-28.467519
-17.569406
-6.107773
4.257475
14.632089
24.461406
32.918283
40.550743
48.044409
54.808514
60.530390
65.937723
70.280007
71.724824
70.262977
66.902297
62.167645
55.795567
47.519207
37.951810
27.184827
15.776498
4.771437
-6.046636
-15.741587
-24.245296
-33.006327
-42.091097
-50.723723
-58.431625
-64.476728
-68.043470
-69.497653
-69.216490
-66.784791
-62.855652
-58.531931
-54.035357
-48.008817
-39.796148
-30.051129
-19.282613
-7.792030
2.983468
13.477121
23.445402
31.969377
39.528268
46.968290
53.958552
59.731518
65.323966
70.067985
71.979591
70.692812
67.550455
62.938247
56.748390
48.716239
39.415530
28.999363
17.589671
6.393705
-4.542044
-14.747041
-23.422412
-32.092503
-41.436127
-50.063304
-57.531595
-63.930750
-67.957810
-69.691113
-69.580248
-67.596946
-63.892773
-59.553385
-54.914440
-49.042191
-40.993350
-31.445367
-20.670380
-9.340218
1.401050
11.832033
22.021702
30.879974
38.744041
46.345677
53.448507
59.422425
64.869949
69.855962
72.089774
71.440765
68.588768
64.064264
58.163234
50.333738
41.134357
30.630486
19.167151
7.939168
-2.995048
-13.489723
-22.273404
-31.021152
-40.175744
-48.906122
-56.679589
-63.336917
-67.500898
-69.498846
-69.664376
-67.995276
-64.299277
-59.986285
-55.571795
-50.077949
-42.173181
-32.652787
-22.041968
-10.636875
0.309774
10.837487
20.981346
29.999018
37.967648
45.669930
52.935737
59.044021
64.522028
69.692816
72.398186
71.805886
69.144453
64.910821
59.085063
51.321813
41.902065
31.668970
20.267793
9.019375
-2.101830
-12.479169
-21.401644
-30.056579
-39.304835
-48.420770
-56.359087
-63.142436
-67.793301
-69.975001
-70.128611
-68.511963
-65.097128
-60.781922
-56.340013
-50.877333
-43.280295
-33.832107
-23.141418
-11.612688
-0.413316
10.058880
20.388024
29.423067
37.558930
45.203822
52.613361
58.846303
64.599684
69.776092
72.812523
72.518417
70.041588
65.905026
60.204097
52.378178
43.256964
33.040217
21.538394
10.082722
-0.959975
-11.410373
-20.672253
-29.389858
-38.634368
-47.818082
-55.782114
-62.997171
-67.815270
-70.142746
-70.551293
-69.082635
-65.664904
-61.384269
-56.962626
-51.736491
-44.576441
-34.978049
-24.398225
-12.772424
-1.619032
9.163277
19.593579
28.796707
36.919287
44.593300
52.070447
58.493274
64.344236
69.685663
73.046684
72.990486
70.601361
66.474676
60.862643
53.154911
43.940374
33.558096
22.159645
10.864394
-0.257151
-10.963508
-20.197460
-28.928859
-38.266523
-47.577109
-55.652346
-62.721968
-67.695209
-70.329394
-70.890529
-69.607326
-66.422054
-62.004328
-57.676009
-52.446297
-44.997590
-35.636766
-25.074482
-13.490745
-1.956224
8.642844
19.108057
28.566974
36.901746
44.557537
52.144017
58.603968
64.416443
69.830418
73.338577
73.258707
71.053164
66.971098
61.382396
53.819248
44.746910
34.482990
23.242916
11.646407
0.644922
-10.213171
-19.579956
-28.473479
-37.790537
-47.044584
-55.252484
-62.433652
-67.452703
-70.077181
-70.881844
-69.718361
-66.589969
-62.319040
-57.786533
-52.560738
-45.213359
-35.923549
-25.368418
-14.008795
-2.537455
8.129903
18.615382
28.178692
36.474466
44.166871
51.672459
58.219603
64.024244
69.402456
73.111398
73.397160
71.238961
67.249366
61.836754
54.336786
45.089211
34.857648
23.580279
11.961120
0.863246
-9.925025
-19.304582
-27.943679
-37.179164
-46.547822
-54.917676
-62.236275
-67.583152
-70.254973
-70.937361
-69.760595
-66.601038
-62.466008
-58.080299
-52.993468
-45.912777
-36.648852
-26.131528
-14.642818
-3.046649
7.741111
18.359423
27.806589
36.091975
43.751342
51.292351
57.830640
63.658272
69.260086
73.129620
73.385920
71.220568
67.301818
61.949321
54.556642
45.519045
35.397325
24.213110
12.502841
1.288823
-9.556328
-19.050326
-27.681930
-36.864792
-46.117306
-54.566349
-61.823641
-67.343371
-70.200648
-71.176631
-70.193665
-67.202704
-62.995808
-58.370488
-53.353821
-46.413626
-37.325961
-26.942832
-15.371697
-4.001175
6.747246
17.512526
27.324132
35.697051
43.400356
50.835269
57.398932
63.133921
68.538700
72.530508
73.137624
71.093014
67.274400
62.138183
55.029392
45.839889
35.853897
24.755171
13.337646
2.475125
-8.606570
-18.304416
-27.018275
-35.960674
-45.257807
-53.692205
-61.171225
-66.803353
-69.751229
-70.619243
-69.832291
-66.931418
-62.680415
-58.270523
-53.342921
-46.570471
-37.563358
-27.292115
-15.911034
-4.376173
6.361348
17.017807
26.734216
35.171679
42.648656
50.205163
56.807825
62.543494
68.060500
72.304010
73.212896
71.106298
67.526783
62.311036
55.230175
46.130759
36.220210
25.225026
13.555629
2.538817
-8.187975
-17.837797
-26.344401
-35.252231
-44.647285
-53.218092
-60.697794
-66.479615
-69.653307
-70.561171
-69.758041
-66.895996
-62.872001
-58.435202
-53.665638
-47.236681
-38.440909
-28.180565
-16.667502
-5.210468
5.661419
16.128847
25.906903
34.434625
41.911772
49.447843
56.234768
61.991896
67.578554
71.918113
73.062011
71.278300
67.618064
62.383243
55.610112
46.838863
37.041392
26.142938
14.609269
3.498793
-7.494858
-17.213821
-25.822946
-34.603562
-43.830872
-52.346502
-59.829439
-65.914392
-69.195884
-70.346764
-69.812196
-67.089285
-62.960727
-58.582510
-53.883110
-47.484977
-38.870403
-28.826169
-17.740216
-6.140981
4.737888
15.354667
25.318010
33.776930
41.550909
49.073015
55.758272
61.511483
66.927671
71.491855
72.835684
71.252414
67.817824
63.027825
56.363685
47.576257
37.768057
27.079582
15.424320
4.415171
-6.545101
-16.482728
-25.069373
-33.990485
-43.127707
-51.677568
-59.232031
-65.327031
-69.020646
-70.332289
-69.925444
-67.479610
-63.543831
-59.172426
-54.460083
-48.311268
-39.938688
-30.013323
-18.884454
-7.412604
3.426926
13.908148
23.977246
32.725164
40.412801
47.991616
54.881913
60.902493
66.397871
71.048737
72.720732
71.223463
68.110568
63.285998
56.834391
48.409530
38.852862
28.084857
16.668183
5.584444
-5.302259
-15.329633
-23.911340
-32.771315
-41.907004
-50.652708
-58.277164
-64.645495
-68.281548
-69.901603
-69.791249
-67.480632
-63.611950
-59.206997
-54.654905
-48.744849
-40.533713
-30.709505
-19.885131
-8.401530
2.489260
12.865577
22.955963
31.743731
39.503574
47.178779
54.211446
60.092040
65.625054
70.627928
72.676284
71.494239
68.457467
63.958338
57.666472
49.323184
39.797340
29.222454
17.749071
6.598234
-4.277570
-14.406783
-23.086412
-31.690087
-40.953670
-49.856390
-57.485104
-64.002105
-68.146331
-69.998673
-69.947413
-68.000896
-64.271859
-60.134445
-55.453777
-49.730710
-41.687999
-32.061338
-21.331310
-9.632621
1.301765
11.885336
22.112983
30.931916
38.719348
46.291692
53.447996
59.604304
65.294334
70.325306
72.826828
71.959496
69.014685
64.537014
58.493274
50.405775
41.061299
30.504806
19.132069
7.957390
-2.869708
-13.255392
-22.159304
-30.859709
-40.026052
-48.917532
-56.855508
-63.596112
-68.022524
-69.845404
-70.064919
-68.484204
-64.960207
-60.704776
-56.150811
-50.594296
-42.842797
-33.260414
-22.472313
-10.950225
0.188691
10.747910
20.928894
30.048575
37.982804
45.624120
52.969115
59.295893
64.829077
70.100171
73.030336
72.392566
69.533076
65.217699
59.517452
51.506758
42.080539
31.684467
20.307473
9.017161
-1.940727
-12.441363
-21.306617
-29.882704
-39.140156
-48.293046
-56.308678
-63.186203
-67.764010
-70.074967
-70.098298
-68.629810
-65.098320
-60.910838
-56.493112
-51.168033
-43.673004
-34.341301
-23.649420
-12.244497
-0.918082
9.555476
19.977093
29.277120
37.377902
44.906480
52.211625
58.533124
64.297404
69.533416
72.638478
72.384562
69.766045
65.510103
59.841190
52.150147
43.203831
33.010585
21.599531
10.053260
-0.929151
-11.537756
-20.681109
-29.267413
-38.148676
-47.153405
-55.212975
-62.155383
-67.238808
-69.606815
-70.085526
-68.759237
-65.522875
-61.296395
-56.712627
-51.491601
-44.333424
-35.079547
-24.599007
-13.303927
-2.170290
8.589881
18.966709
28.295517
36.431892
43.929475
51.351104
57.598693
63.263518
68.611247
72.058780
72.246620
69.816794
65.776621
60.462100
53.149802
43.988909
33.878429
22.759608
11.343615
0.406333
-10.467597
-19.834552
-28.293473
-37.135056
-46.275003
-54.398775
-61.425482
-66.533429
-69.286994
-69.886957
-68.835361
-65.770149
-61.511653
-57.213817
-52.094800
-45.075246
-36.073753
-25.835889
-14.558690
-3.270081
7.192407
17.586436
27.006013
35.128083
42.727504
50.070286
56.484597
62.180417
67.452022
71.280343
71.814060
69.714103
66.007887
60.746840
53.468943
44.593470
34.818479
24.055753
12.467929
1.562153
-9.237868
-18.629517
-27.089119
-35.879782
-44.758150
-52.983420
-60.185364
-65.785646
-68.886791
-69.637980
-68.638495
-65.779175
-61.675821
-57.171753
-52.427564
-45.841421
-37.151405
-27.062041
-15.926531
-4.587684
5.861861
16.170059
25.892598
34.142392
41.482108
48.952954
55.651665
61.353445
66.514185
70.670503
71.615662
69.885424
66.412517
61.410495
54.803746
46.241965
36.493029
25.673423
14.208555
3.218310
-7.628032
-17.427206
-25.799785
-34.332446
-43.408190
-51.598038
-58.875425
-64.759084
-68.117721
-69.501570
-68.953718
-66.357851
-62.275614
-57.853631
-53.136689
-46.990088
-38.495745
-28.684480
-17.948832
-6.589890
4.052775
14.518329
24.179390
32.657555
40.285247
47.707217
54.266623
60.051339
65.498863
69.861923
71.291072
69.936854
66.862447
62.168837
55.773429
47.296115
37.761756
27.157068
15.714169
4.749128
-6.086997
-15.766621
-24.348838
-33.068998
-42.065212
-50.575733
-58.091538
-64.186028
-67.890542
-69.277627
-68.850517
-66.540922
-62.700510
-58.348009
-53.832531
-47.927925
-39.835146
-30.170338
-19.341537
-7.944448
2.771105
13.271230
23.009436
31.555040
39.208446
46.665668
53.647586
59.581654
65.078735
69.790568
71.931907
70.739133
67.744936
63.259431
57.179247
49.041680
39.469515
29.117891
17.727613
6.647621
-4.279954
-14.414787
-22.927523
-31.665053
-40.722404
-49.532311
-57.116577
-63.556433
-67.564079
-69.443328
-69.376741
-67.556075
-63.688074
-59.451376
-55.026497
-49.358947
-41.418927
-31.914370
-21.304403
-9.946653
0.921828
11.441026
21.446943
30.242886
38.136074
45.747246
53.014415
59.017113
64.688410
69.605964
72.157042
71.261610
68.454061
64.110075
58.320420
50.486497
41.215590
30.886105
19.445419
8.088521
-2.771616
-13.005393
-21.811553
-30.314071
-39.594003
-48.461471
-56.278706
-63.057627
-67.470244
-69.547210
-69.696733
-67.921536
-64.442158
-60.041121
-55.623225
-50.259829
-42.606252
-33.256837
-22.659302
-11.168037
-0.123637
10.557686
20.733561
29.870272
37.663494
45.187473
52.521399
58.507238

