2.441747
-7.910728
-19.362654
-30.789035
-41.134357
-50.507273
-58.719431
-65.607343
-70.647853
-72.282723
-72.173732
-70.592165
-67.642246
-64.772197
-60.548101
-53.732906
-45.941217
-36.777258
-25.057282
-12.196473
0.050068
11.066028
21.641595
32.024043
41.814702
49.835614
57.074342
64.511469
70.027283
72.594881
72.255305
70.611579
67.564419
63.407081
57.770184
50.600767
42.498452
34.065076
25.029864
14.366082
3.821680
-6.441900
-17.853464
-29.454402
-39.848600
-49.184390
-57.788747
-64.810514
-69.997651
-72.183950
-72.076321
-70.827178
-68.050112
-65.165077
-61.105149
-54.629360
-46.795266
-38.044282
-26.652302
-13.845818
-1.589911
9.687969
20.408630
30.885424
40.685620
49.059221
56.352786
63.602243
69.372143
72.264331
72.344712
70.667607
67.959683
63.984224
58.656250
51.799672
43.496745
34.952164
26.105813
15.573842
4.807029
-5.325079
-16.409329
-27.970757
-38.412980
-48.108612
-56.703602
-63.998359
-69.734028
-72.464602
-72.473117
-71.257353
-68.351712
-65.554210
-61.856168
-55.647748
-47.838347
-39.413316
-28.313398
-15.458379
-2.902406
8.468117
19.352436
29.839788
39.895432
48.178264
55.522067
62.882730
68.999699
72.417430
72.674751
71.281365
68.816968
64.867054
59.442009
52.571297
44.562987
36.148684
27.311870
16.952242
6.183216
-4.031488
-15.059710
-26.786668
-37.463563
-47.264610
-55.996861
-63.360589
-69.295509
-72.149890
-72.369576
-71.716138
-68.994590
-66.261462
-62.469244
-56.519168
-48.734290
-40.424211
-29.605627
-16.886336
-4.370383
7.126331
17.878498
28.525761
38.728884
47.368492
54.718937
62.237637
68.480117
72.070190
72.771311
71.501562
69.010258
65.247331
60.096468
53.465707
45.494352
36.969696
28.222970
17.971652
7.248436
-2.969163
-13.855355
-25.571925
-36.403111
-46.409709
-55.378505
-62.997171
-68.832125
-72.083303
-72.428840
-71.643421
-69.279841
-66.434145
-63.158955
-57.438612
-49.711466
-41.497094
-30.929531
-18.170561
-5.498103
6.228345
16.969442
27.574130
37.882328
46.565022
54.021222
61.495304
68.086215
72.182587
73.056051
71.890524
69.441795
65.689938
60.788052
54.214341
46.400002
37.968670
29.277802
19.057138
8.157151
-1.945836
-12.716736
-24.502107
-35.350834
-45.293229
-54.266793
-62.149252
-68.277291
-71.930545
-72.452511
-71.895974
-69.571052
-66.642761
-63.396692
-57.943038
-50.345830
-42.194980
-31.934295
-19.427368
-6.774664
5.052941
15.892982
26.519639
36.861726
45.786755
53.231716
60.640403
67.362615
71.628434
72.958129
72.030340
69.841146
66.186701
61.361449
54.936920
47.067915
38.441590
29.913868
20.153012
9.252344
-1.021964
-11.628866
-23.362807
-34.444673
-44.431176
-53.454297
-61.364514
-67.700829
-71.757862
-72.408063
-71.962902
-69.667952
-66.830260
-63.845430
-58.691502
-51.336970
-43.127707
-33.277103
-20.939623
-8.225100
3.608976
14.548302
25.104455
35.525901
44.784376
52.410705
59.658800
66.675288
71.247305
72.904314
72.036300
69.933619
66.585030
61.938933
55.750438
48.083918
39.692436
31.260082
21.455458
10.612011
0.185115
-10.319437
-21.902663
-33.057758
-43.039662
-52.343437
-60.330629
-66.935846
-71.319171
-72.316783
-71.881669
-69.997140
-67.070382
-64.181600
-59.399605
-52.228655
-44.240100
-34.668275
-22.455965
-9.693929
2.290351
13.335603
23.899419
34.282207
43.663979
51.383121
58.739526
65.787860
70.686681
72.678668
72.103228
70.160627
66.976207
62.451192
56.411539
48.831361
40.434429
31.943662
22.562402
11.896576
1.401050
-8.998939
-20.607710
-31.784603
-42.112725
-51.530089
-59.631552
-66.397871
-71.045671
-72.359868
-71.904659
-70.237092
-67.304884
-64.477239
-60.005869
-52.961963
-45.060941
-35.639490
-23.679563
-10.811261
1.218149
12.240410
22.632224
33.095224
42.721544
50.586121
57.972329
65.100023
70.438896
72.559799
72.126729
70.260593
67.151104
62.888009
57.093246
49.903563
41.538477
32.987424
23.729120
12.986149
2.411434
-7.873944
-19.373383
-30.625377
-41.000843
-50.266470
-58.461598
-65.443005
-70.510081
-72.232485
-72.020973
-70.503610
-67.554031
-64.690454
-60.430084
-53.589514
-45.760189
-36.847932
-25.136130
-12.351104
-0.222581
10.971342
21.645852
32.050780
41.813169
49.748591
57.082347
64.349004
69.862264
72.464773
72.268588
70.707628
67.820208
63.526630
57.941164
50.765617
42.434761
33.852032
24.706977
14.160701
3.567423
-6.559747
-18.005371
-29.502766
-39.984158
-49.379553
-57.752473
-64.971106
-70.138999
-72.402103
-72.291238
-70.987599
-67.981482
-65.207652
-61.334201
-54.769005
-46.909026
-38.286958
-26.940959
-14.173133
-1.777921
9.510347
20.230668
30.537844
40.467637
48.818588
56.100573
63.615016
69.612435
72.477886
72.533744
70.752246
68.194866
64.312731
58.861460
51.681825
43.573380
35.162142
26.233196
15.888725
5.074910
-5.164487
-16.410691
-28.102909
-38.763114
-48.490933
-57.012354
-64.268282
-69.704226
-72.198425
-72.183268
-71.047034
-68.413360
-65.652302
-61.705794
-55.632932
-47.684397
-39.183753
-28.014694
-15.277352
-2.845696
8.498260
19.124917
29.614483
39.572205
47.972202
55.458205
62.871831
68.999359
72.324787
72.629963
71.335861
68.634748
64.553193
59.536525
52.738019
44.699737
36.172526
27.132715
16.774961
5.962678
-4.210983
-15.258278
-26.978254
-37.621600
-47.472545
-56.228808
-63.745124
-69.528648
-72.448424
-72.426115
-71.537835
-68.785293
-65.889018
-62.333345
-56.506225
-48.705169
-40.369885
-29.606989
-16.896895
-4.255261
7.374287
18.134969
28.618744
38.745914
47.238214
54.639237
62.203237
68.651608
72.329726
73.097093
71.872643
69.399391
65.464463
60.336420
53.570952
45.492308
37.039348
28.324297
18.051352
7.156815
-3.059762
-14.163256
-25.943518
-36.897830
-46.797991
-55.690834
-63.202892
-69.079399
-72.332450
-72.491339
-71.648019
-69.247314
-66.613640
-63.166278
-57.428564
-49.465724
-41.226149
-30.578715
-17.983062
-5.367483
6.197521
17.004013
27.543647
37.860700
46.646425
54.047789
61.572450
68.175963
72.153125
73.003258
71.837051
69.328887
65.526281
60.577052
54.026672
46.318088
37.685462
29.040575
18.884454
8.002860
-2.334458
-13.187443
-24.956635
-35.970892
-45.900175
-54.786376
-62.562908
-68.563563
-72.088412
-72.479929
-71.697916
-69.252082
-66.289050
-62.946592
-57.654551
-49.860818
-41.703497
-31.364305
-18.945932
-6.330184
5.279950
16.185726
26.674271
36.838566
45.843806
53.350415
60.702392
67.238126
71.490833
72.655507
71.564402
69.328717
65.779345
61.021873
54.768494
47.070980
38.528442
30.061347
20.084722
9.302582
-1.222066
-11.837482
-23.485252
-34.393413
-44.433389
-53.561756
-61.396360
-67.772354
-71.757691
-72.421176
-71.798733
-69.505998
-66.576856
-63.543320
-58.340345
-50.838505
-42.676074
-32.833474
-20.423446
-7.696492
4.038130
14.843770
25.338105
35.670144
44.622081
52.224398
59.594086
66.604444
71.104084
72.742360
71.867534
69.781542
66.417626
61.696257
55.553913
47.857421
39.506129
31.035287
21.334205
10.494334
0.084979
-10.417530
-22.166286
-33.203534
-43.131454
-52.341052
-60.410670
-67.032235
-71.402788
-72.407893
-71.981294
-69.992542
-67.119598
-64.099346
-59.090512
-51.788262
-43.863058
-34.195525
-22.110428
-9.284360
2.603020
13.590370
24.155378
34.535272
43.890476
51.561083
58.981010
65.977062
70.701327
72.669813
72.021144
70.145130
66.864150
62.365362
56.404046
48.855713
40.448053
32.002245
22.599186
11.881079
1.401561
-9.014096
-20.712784
-31.962054
-42.317084
-51.553931
-59.895686
-66.445385
-71.140868
-72.422709
-72.073936
-70.275239
-67.409788
-64.618928
-59.984752
-52.876813
-44.970512
-35.657712
-23.469414
-10.599409
1.458441
12.395382
22.820745
33.214433
42.839391
50.615243
58.026654
65.312045
70.594209
72.700807
72.202853
70.395640
67.336730
63.004323
57.181631
49.821649
41.524853
33.128432
23.803030
13.046776
2.429315
-7.918051
-19.566332
-31.111240
-41.420971
-50.771747
-59.022903
-66.133397
-70.933955
-72.450468
-72.289535
-70.763145
-67.894799
-64.951522
-60.575008
-53.696121
-45.740945
-36.642722
-24.679559
-11.801379
0.423874
11.511530
22.132226
32.519783
42.233127
50.144196
57.562079
64.884595
70.321560
72.921685
72.475331
70.868049
67.776442
63.603095
58.051348
50.838505
42.241471
33.683777
24.485418
13.832535
3.364427
-7.081372
-18.538407
-30.018432
-40.559428
-50.194093
-58.640242
-65.632037
-70.823772
-72.744914
-72.627408
-71.127244
-68.080936
-65.216167
-61.144318
-54.332869
-46.373606
-37.533045
-25.850194
-12.997219
-0.539848
10.697331
21.426507
31.841653
41.721037
49.757617
56.979486
64.325162
70.113284
72.773525
72.695357
71.090971
68.230799
64.005511
58.365038
51.114729
42.888437
34.488269
25.348493
14.719963
4.106590
-6.078822
-17.469100
-29.176644
-39.587872
-49.280780
-57.919877
-65.090145
-70.474318
-72.760241
-72.692462
-71.379287
-68.420683
-65.602064
-61.428547
-54.966893
-46.981403
-38.180862
-26.898895
-14.052732
-1.633508
9.667873
20.473514
30.897004
40.739264
49.025331
56.308508
63.714811
69.564070
72.570358
72.767905
71.252244
68.449974
64.281906
58.785847
51.816532
43.610845
35.093682
26.165077
15.598365
4.942587
-5.176067
-16.440153
-28.151614
-38.782188
-48.460279
-57.208538
-64.475877
-69.846426
-72.394439
-72.432075
-71.258034
-68.639006
-65.921886
-62.124899
-55.771215
-47.887393
-39.424896
-28.196744
-15.415464
-2.813339
8.646420
19.254174
29.696567
39.718151
48.159701
55.508443
62.810183
69.066456
72.462048
72.813886
71.255990
68.713086
64.719915
59.494802
52.651337
44.654437
36.267723
27.525936
17.060382
6.181172
-3.931693
-15.032632
-26.659284
-37.492173
-47.265462
-55.991922
-63.613313
-69.528818
-72.369916
-72.606802
-71.665559
-69.063561
-66.177334
-62.513692
-56.572642
-48.786402
-40.402583
-29.567480
-16.854150
-4.208429
7.269723
18.143994
28.766734
38.970539
47.461476
54.770197
62.176159
68.517242
72.193146
72.877237
71.608850
69.160461
65.275771
60.063941
53.423303
45.414482
36.936317
28.300796
18.097503
7.281133
-3.008161
-14.067888
-25.750058
-36.610535
-46.697855
-55.579628
-63.066993
-69.145305
-72.340284
-72.696890
-71.937527
-69.409609
-66.416604
-63.069207
-57.345288
-49.604859
-41.271789
-30.741692
-18.031938
-5.201612
6.437983
17.183338
27.580602
37.961687
46.697855
54.117782
61.483213
68.012817
71.988276
72.983674
71.853399
69.436516
65.640211
60.759953
54.027864
46.133654
37.667411
29.130833
19.003664
8.173500
-2.083097
-12.734447
-24.510622
-35.475322
-45.399666
-54.286207
-62.243257
-68.397692
-72.061334
-72.561843
-71.896144
-69.569860
-66.549778
-63.280378
-57.945081
-50.265959
-42.101315
-31.958989
-19.437926
-6.549188
5.126851
15.920571
26.521002
36.896978
45.948029
53.360462
60.787882
67.461218
71.678673
72.839430
71.910620
69.656031
66.054378
61.167138
54.910183
47.218459
38.724116
30.131170
20.328079
9.403569
-0.918763
-11.580842
-23.223843
-34.160784
-44.133323
-53.262711
-61.361449
-67.754303
-71.746111
-72.612592
-72.129113
-69.766045
-66.721610
-63.540254
-58.522735
-51.121201
-42.946339
-33.232995
-20.873206
-7.967097
3.959111

