71.913174
70.510932
67.308460
62.612295
56.244646
47.797135
38.313014
27.596099
16.117947
5.108459
-5.890301
-15.718256
-24.251768
-33.018078
-42.279618
-50.905432
-58.572803
-64.598152
-68.230288
-69.667952
-69.362436
-67.195552
-63.320569
-59.004852
-54.339000
-48.316717
-40.120568
-30.221939
-19.357375
-7.979018
2.686466
13.276339
23.140226
31.893424
39.622273
47.214202
54.324354
60.197285
65.764870
70.415054
72.321211
70.991346
67.924942
63.277653
57.193041
49.201591
39.636578
29.078211
17.573833
6.359816
-4.554476
-14.700549
-23.405382
-32.051972
-41.224616
-50.020899
-57.762691
-64.198971
-68.212918
-69.892577
-69.785118
-67.592348
-63.741207
-59.378147
-54.914781
-49.051387
-41.054317
-31.508037
-20.740884
-9.215559
1.747268
12.157985
22.297587
31.151431
38.870573
46.450581
53.442546
59.380531
65.102748
70.121118
72.458472
71.646145
68.873508
64.348153
58.384793
50.293718
40.885380
30.465637
18.873215
7.458925
-3.464392
-13.713155
-22.448983
-31.162671
-40.446690
-49.278396
-57.034492
-63.712937
-67.962919
-69.868735
-69.884913
-68.126065
-64.401797
-60.109241
-55.556297
-50.068753
-42.155130
-32.723461
-22.013698
-10.474409
0.436987
10.963508
21.314621
30.295508
38.076639
45.666524
52.951574
59.085573
64.639023
69.707291
72.362253
71.746622
69.080080
64.757381
59.121677
51.244497
41.982617
31.688554
20.143475
8.800711
-2.162967
-12.884821
-21.699156
-30.352899
-39.254086
-48.257623
-56.161029
-63.075338
-67.668813
-69.815772
-70.137296
-68.475008
-64.955950
-60.571773
-56.041309
-50.673144
-43.181351
-33.695698
-23.210560
-11.828968
-0.637770
9.987014
20.235607
29.455423
37.376029
45.000826
52.355017
58.505365
64.122507
69.200311
72.324957
71.986062
69.559472
65.415246
59.665271
51.857063
42.644569
32.456432
21.265915
9.966237
-0.977005
-11.582375
-20.822287
-29.484544
-38.780655
-47.825575
-55.772066
-62.700510
-67.436695
-69.637639
-70.098809
-68.643774
-65.380505
-61.179059
-56.673288
-51.489387
-44.075080
-34.751381
-24.221795
-12.687785
-1.661096
8.842605
19.035339
28.239148
36.364283
43.940033
51.539625
57.984931
63.605649
68.683795
71.940252
71.980442
69.669315
65.628801
60.193709
52.704811
43.807711
33.677646
22.376435
10.864394
-0.054325
-10.898965
-20.125934
-28.627259
-37.697894
-46.771765
-54.838657
-61.899764
-66.934994
-69.571052
-70.285967
-69.003957
-65.787860
-61.386313
-56.898935
-51.848207
-44.664315
-35.554171
-25.225707
-13.846329
-2.565214
8.073705
18.443721
27.792965
35.978726
43.551070
50.980023
57.273081
62.965155
68.324634
71.800096
72.019611
69.988966
66.132205
60.811554
53.701060
44.754744
34.719706
23.562397
12.004716
1.042059
-9.793213
-19.021715
-27.566467
-36.628587
-45.711994
-54.020882
-61.125415
-66.484553
-69.357838
-70.185321
-69.141218
-66.042457
-61.826536
-57.294369
-52.322660
-45.468637
-36.673716
-26.444878
-15.224900
-3.810099
6.770066
17.157963
26.773385
34.991332
42.504242
49.909864
56.478977
62.184164
67.380837
71.299246
71.828365
69.853919
66.234384
61.151981
54.341895
45.409032
35.742351
24.775437
13.229166
2.312149
-8.443083
-18.048797
-26.507548
-35.567454
-44.764621
-53.060566
-60.332503
-65.862622
-68.822248
-69.873503
-69.090639
-66.254650
-62.190294
-57.850736
-53.009306
-46.393871
-37.622622
-27.540411
-16.523940
-5.181687
5.455528
15.836103
25.488990
33.851351
41.461842
48.955509
55.682489
61.338970
66.815444
70.997817
71.826833
70.070539
66.584349
61.719418
54.977451
46.417543
36.985363
26.075159
14.512539
3.500155
-7.182189
-16.963141
-25.388343
-34.229926
-43.408019
-51.796947
-59.349367
-65.100534
-68.477222
-69.689921
-69.173404
-66.562210
-62.700510
-58.262178
-53.499086
-47.226974
-38.728203
-28.897013
-17.831326
-6.551743
4.136903
14.574187
24.366890
32.956089
40.496247
48.027720
54.787057
60.509273
65.999883
70.395981
71.739299
70.333311
67.065443
62.391928
55.849893
47.549180
38.146632
27.460711
16.012873
4.965237
-5.939007
-15.850408
-24.408272
-33.164024
-42.350633
-50.825902
-58.419364
-64.559153
-68.166086
-69.634233
-69.357668
-66.997664
-63.078744
-58.776992
-54.118633
-48.125301
-39.736884
-29.958487
-19.139222
-7.693938
2.966949
13.482400
23.406914
32.032728
39.755447
47.287771
54.262536
60.027838
65.501588
70.163182
71.916240
70.766211
67.653315
63.142095
57.048968
49.008472
39.572886
28.825317
17.551524
6.250995
-4.724775
-14.845133
-23.304565
-32.023532
-41.301932
-49.917698
-57.623386
-64.109223
-68.186862
-70.016895
-69.881337
-67.826339
-63.960723
-59.768643
-55.200372
-49.312626
-41.297844
-31.555891
-20.677362
-9.444101
1.424210
11.739390
22.044522
31.109367
38.917746
46.394723
53.528207
59.547424
65.115179
70.087399
72.078364
71.095398
68.334682
63.940627
57.943889
49.840723
40.685449
30.224494
18.789257
7.529940
-3.309931
-13.504539
-22.269658
-30.948775
-39.936645
-49.030610
-56.758097
-63.493933
-67.736421
-69.735561
-69.779669
-67.942142
-64.315966
-60.030563
-55.716889
-50.198862
-42.267867
-32.779319
-22.039073
-10.499614
0.459296
11.155094
21.280050
30.158928
38.213730
45.788118
53.113699
59.149606
64.675638
69.884573
72.526251
71.972949
69.291592
64.866373
59.062072
51.095656
41.806357
31.492880
20.233904
9.007113
-1.808405
-12.347528
-21.189962
-29.751062
-39.056029
-48.193421
-56.017808
-62.855823
-67.486252
-69.722618
-69.984538
-68.315268
-64.882210
-60.739177
-56.312425
-50.985473
-43.310778
-33.712387
-23.071766
-11.669057
-0.603880
9.930134
20.130192
29.209852
37.283897
44.954164
52.315337
58.633259
64.274924
69.438049
72.343179
71.908746
69.301810
65.234729
59.580803
51.926374
42.728526
32.602208
21.318538
9.840046
-1.033885
-11.559555
-20.693370
-29.484034
-38.636923
-47.704322
-55.535521
-62.623365
-67.394461
-69.865840
-70.359537
-68.979945
-65.542800
-61.277662
-56.770188
-51.616090
-44.301237
-34.899030
-24.407591
-12.943745
-1.779284
8.858102
19.180434
28.513159
36.612068
44.301919
51.971333
58.245999
63.950505
69.111415
72.355952
72.177649
69.769280
65.740858
60.235432
52.792174
43.753045
33.489125
22.356680
10.956356
0.014305
-10.579654
-19.727094
-28.252261
-37.294286
-46.619858
-54.571118
-61.755351
-66.770996
-69.455590
-70.194857
-69.041252
-65.675122
-61.528342
-57.153361
-51.970482
-44.799192
-35.735539
-25.506871
-14.031274
-2.738067
7.927929
18.403700
27.857849
36.010402
43.592794
51.037584
57.405404
63.162191
68.449123
72.206259
72.218861
70.106132
66.292967
60.944898
53.544555
44.480222
34.570183
23.366553
11.868647
0.978368
-9.740932
-18.996852
-27.545180
-36.647831
-45.827457
-53.944758
-60.999564
-66.340991
-69.069522
-69.901773
-68.960190
-66.035986
-61.886311
-57.426521
-52.601269
-45.631613
-36.571366
-26.201691
-14.985800
-3.612552
6.902558
17.262868
26.800632
34.992695
42.599780
50.074203
56.740386
62.459537
67.818165
71.583646
72.038344
70.140873
66.303015
61.255183
54.388557
45.499291
35.707440
24.612801
13.027361
1.972233
-8.869512
-18.385819
-26.940618
-35.803148
-44.850963
-53.094625
-60.461419
-65.991538
-69.065435
-70.054531
-69.344214
-66.468205
-62.344245
-57.882581
-53.027528
-46.399321
-37.550756
-27.517932
-16.460930
-5.040680
5.564179
16.102450
25.763001
34.175089
41.831561
49.399819
56.074517
61.823300
67.386287
71.511439
72.330066
70.575987
67.048413
62.113149
55.173806
46.583584
36.811318
26.022026
14.419045
3.380946
-7.492815
-17.162561
-25.759084
-34.691266
-43.823038
-52.227463
-59.701204
-65.541608
-68.711724
-69.922549
-69.355794
-66.788878
-62.894651
-58.571441
-53.691523
-47.331708
-38.720880
-28.628622
-17.497199
-6.237541
4.496234
15.019008
24.896520
33.454044
41.079010
48.640456
55.531945
61.389719
66.919497
71.308613
72.478226
70.984534
67.659276
62.721968
56.098018
47.573703
38.042239
27.013506
15.609605
4.574231
-6.368501
-16.321114
-24.944714
-33.693314
-42.926073
-51.496029
-59.090172
-65.190281
-68.655184
-69.985049
-69.524561
-67.175116
-63.274588
-59.032610
-54.384470
-48.271929
-39.786782
-29.858180
-18.876791
-7.306337
3.320319
13.956002
23.771354
32.526595
40.342808
48.007795
54.822990
60.765573
66.379479
70.937361
72.614636
71.182081
68.110738
63.430071
56.989193
48.482248
38.904633
28.284277
16.728299
5.528586
-5.533695
-15.513897
-24.043833
-32.862936
-42.215926
-50.825902
-58.442014
-64.820562
-68.541084
-70.121969
-69.764682
-67.508221
-63.614675
-59.320245
-54.671764
-48.799004
-40.612561
-30.766555
-19.738674
-8.347375
2.530813
13.096333
23.185015
31.947408
39.720024
47.247069
54.408652
60.479471
65.959692
70.656538
72.642394
71.665389
68.678004
63.946758
57.775974
49.355541
39.861883
29.284273
17.641102
6.288971
-4.732268
-14.921256
-23.525102
-32.293456
-41.302443
-50.106389
-57.845797
-64.298766
-68.443673
-70.188046
-70.115668
-68.002258
-64.076526
-59.744971
-55.223363
-49.462489
-41.460650
-31.723636
-20.915610
-9.427922
1.592636
12.230362
22.370815
31.161138
38.923195
46.546629
53.717239
59.744631
65.441472
70.280348
72.560821
71.682589
68.767071
64.292465
58.257920
50.212145
40.644748
30.153819
18.916300
7.701431
-3.305503
-13.579811
-22.585903
-31.392404
-40.576628
-49.379894
-57.156597
-63.771009
-67.913703
-69.887127
-69.871800
-68.009070
-64.510788
-60.194220
-55.669546
-50.050020
-42.200599
-32.737766
-21.916287
-10.484287
0.440563
10.872909
21.160160
30.142920
38.085154
45.667716
53.030423
59.218407
64.890725
69.867883
72.387968
71.807929
69.090809
64.958845
59.073993
51.134654
41.817597
31.352043
19.909654
8.671965
-2.358811
-12.804951
-21.774599
-30.387640
-39.457253
-48.464196
-56.417329
-63.242401
-67.742722
-69.910969
-70.142576
-68.576847
-64.928191
-60.526984
-56.046418
-50.761529
-43.173688
-33.821889
-23.209538
-11.715548
-0.616823
10.015624
20.338637
29.473475
37.350144
45.002529
52.384819
58.658975
64.299617
69.453376
72.468179
72.108167
69.618566
65.549612
59.846129
51.932165
42.780808
32.577855
21.105664
9.791170
-1.179320
-11.799676
-20.864350
-29.387474
-38.569825
-47.628880
-55.669035
-62.569550
-67.388671
-69.694008
-69.956439
-68.531377
-65.266064
-61.173950
-56.598868
-51.469462
-44.138091
-34.900904
-24.427857
-12.975420
-1.754761
8.881433
19.117764
28.335197
36.458629
43.874468
51.405770
57.838644
63.578912
68.786315
72.103228
72.000878
69.714785
65.639360
60.263191
52.926370
43.979372
33.725330
22.485767
10.975940
0.030143
-10.765450
-20.102944
-28.476204
-37.438188
-46.550887
-54.603985
-61.640739
-66.807440
-69.445031
-70.001398
-68.935326
-65.752608
-61.384610
-56.751626
-51.650149
-44.612033
-35.558087
-25.348834
-14.141798
-2.957582
7.782153
18.152680
27.582986
35.625015
43.179819
50.636871
57.038239
62.571594
67.993913
71.657385
72.079386
70.001228
66.249541
60.997350
53.614719
44.588191
34.623146
23.583685
12.181997
1.222747
-9.596178
-18.791642
-27.214289
-36.180190
-45.409713
-53.655079
-60.786009
-66.223315
-68.991014
-69.726024
-68.655695

