-26.261296
-37.209136
-46.982765
-55.903367
-63.499042
-69.249357
-72.330918
-72.580235
-71.851526
-69.183111
-66.275767
-62.992573
-57.065487
-49.294063
-40.972063
-30.135938
-17.340864
-4.567078
7.124117
17.814125
28.090477
38.383688
47.088521
54.705824
62.141929
68.581615
72.544813
73.296172
71.956260
69.446223
65.632207
60.583864
53.866250
45.924527
37.485531
28.856141
18.657105
7.605042
-2.681698
-13.514757
-25.397369
-36.463227
-46.501841
-55.262361
-62.928881
-68.923235
-72.347777
-72.773695
-72.172880
-69.807427
-66.946064
-63.512325
-57.853290
-49.975940
-41.719505
-31.157221
-18.508605
-5.694628
5.924702
16.743115
27.315787
37.690742
46.584266
54.078613
61.753137
68.299430
72.247641
73.159252
71.880817
69.448267
65.719911
60.933488
54.528713
46.615090
38.254602
29.385430
19.322293
8.403233
-1.917396
-12.601273
-24.401460
-35.367012
-45.450585
-54.546595
-62.329939
-68.572078
-72.182247
-72.719370
-72.146995
-69.696903
-66.722121
-63.538551
-58.250598
-50.647088
-42.487723
-32.327516
-19.663743
-6.829160
5.080700
15.995673
26.514700
36.828348
45.951094
53.357737
60.873883
67.719732
72.023698
73.293277
72.258881
69.814920
66.189425
61.349017
54.978643
47.215564
38.803986
30.353410
20.342043
9.557690
-1.055173
-11.628526
-23.326022
-34.500190
-44.697523
-53.776843
-61.660835
-67.977054
-72.036130
-72.732312
-72.190421
-70.073945
-67.243576
-64.077718
-58.892625
-51.500797
-43.264627
-33.365488
-20.867586
-7.915497
3.978865
14.901331
25.434835
35.736731
45.085464
52.567039
59.882062
67.085368
71.801288
73.387112
72.376558
70.250375
66.561358
61.869792
55.643150
48.118489
39.839745
31.348637
21.633080
10.611670
0.169618
-10.372400
-22.328581
-33.704894
-43.912615
-53.236144
-61.329092
-67.574126
-71.668114
-72.578021
-72.097097
-70.145641
-67.378453
-64.368759
-59.565135
-52.170243
-44.023991
-34.301792
-22.038221
-9.161404
2.837351
13.843945
24.214642
34.534250
43.979202
51.838160
59.327739
66.298928
71.313211
73.190757
72.450978
70.169313
66.714457
62.094246
56.279557
48.799515
40.463209
32.116515
22.576707
11.602300
0.903436
-9.362527
-20.921571
-32.198089
-42.513779
-51.805632
-60.145685
-66.820042
-71.536132
-72.750023
-72.365318
-70.647512
-67.606653
-64.514875
-59.975215
-52.919218
-44.859307
-35.624334
-23.573637
-10.570117
1.483645
12.623412
23.241724
33.539023
43.178626
51.015786
58.209896
65.501247
70.675441
73.031698
72.422709
70.572240
67.385605
62.956640
57.021039
49.703973
41.569471
33.185823
23.826531
12.979678
2.493518
-7.773467
-19.373042
-30.851875
-41.122947
-50.615243
-59.130703
-66.002948
-70.975167
-72.560481
-72.305543
-70.812191
-67.911489
-65.153156
-60.790266
-53.951400
-46.008655
-36.836863
-24.945906
-12.102468
0.060286
11.215380
21.702562
32.141038
42.005266
50.099066
57.442188
64.901624
70.364646
73.050942
72.816951
71.038348
67.927497
63.615697
58.017969
50.994158
42.650018
34.174238
25.069884
14.298814
3.539835
-6.863219
-18.189975
-29.878957
-40.269579
-49.699715
-58.215857
-65.229961
-70.387806
-72.460345
-72.465284
-71.079731
-68.072762
-65.306255
-61.233044
-54.648944
-46.622413
-37.785258
-26.342188
-13.423477
-1.175233
10.036060
20.664079
31.219210
41.144064
49.469641
56.787048
64.112459
70.027113
72.826658
72.810139
71.240493
68.370785
64.291443
58.685541
51.709584
43.415342
34.938369
25.893790
15.262195
4.578829
-5.683558
-16.858067
-28.618915
-39.127043
-48.848561
-57.517631
-64.821414
-70.214782
-72.583982
-72.527613
-71.302312
-68.380492
-65.407242
-61.692681
-55.455991
-47.654254
-38.996935
-27.763844
-14.772245
-2.250160
9.111847
19.724710
30.162505
40.186303
48.442398
55.795397
63.236271
69.299085
72.532211
72.940588
71.404832
68.629129
64.548424
59.225559
52.266462
44.171980
35.549913
26.753630
16.374247
5.527905
-4.666192
-15.765939
-27.426141
-38.155147
-47.958749
-56.672267
-63.945907
-69.555896
-72.422368
-72.431394
-71.452856
-68.667105
-65.697602
-62.149082
-56.051186
-48.209258
-39.754936
-28.857333
-15.932322
-3.471034
8.030960
18.622535
29.020820
39.192098
47.746726
55.133275
62.512500
68.708658
72.277955
72.841815
71.427652
68.808624
64.878804
59.830121
53.138903
45.150859
36.674057
27.924435
17.648765
6.787096
-3.321001
-14.291321
-26.133912
-37.016017
-46.865259
-55.770193
-63.184159
-69.002594
-72.141205
-72.322403
-71.591650
-69.120952
-66.143956
-62.638010
-56.911196
-49.153566
-40.865626
-30.249698
-17.583370
-4.994018
6.556170
17.142636
27.546883
37.761416
46.604361
54.050173
61.567000
68.092857
71.842670
72.900738
71.687017
69.173064
65.158606
60.239179
53.728989
46.195814
37.611723
28.853076
18.560546
7.863215
-2.473763
-13.322660
-24.977922
-35.976171
-45.781136
-54.738862
-62.327726
-68.428516
-71.922030
-72.405168
-71.729933
-69.340978
-66.367217
-63.021694
-57.514395
-49.739735
-41.524172
-31.378439
-18.974032
-6.249462
5.345685
16.159671
26.609387
36.880800
45.838356
53.405081
60.801676
67.437547
71.591139
72.928156
71.645805
69.353751
65.760783
61.003992
54.778031
46.995878
38.646800
30.116013
20.079442
9.132113
-1.168081
-11.750630
-23.473842
-34.581763
-44.754914
-53.807667
-61.759097
-68.000214
-71.988787
-72.664193
-71.894441
-69.707802
-66.746133
-63.599689
-58.381217
-50.832203
-42.777572
-32.818999
-20.374060
-7.595505
4.115445
15.012366
25.570052
35.851683
44.953653
52.508456
59.911524
66.722631
71.262802
72.747980
71.914877
69.740329
66.260440
61.580624
55.520535
48.025846
39.654630
31.059129
21.354812
10.491610
0.045640
-10.473388
-22.290945
-33.325979
-43.458428
-52.841050
-61.013358
-67.475694
-71.736574
-72.707278
-72.208132
-70.017065
-67.010948
-64.057112
-59.276819
-51.959412
-43.840749
-34.142903
-22.013358
-9.144034
2.837522
13.805117
24.302346
34.554175
43.976307
51.711457
59.094599
66.151619
71.138654
73.035104
72.330918
70.310320
66.911493
62.436206
56.449686
48.916340
40.507657
32.274723
22.674458
11.722531
1.156160
-9.316376
-20.991564
-32.337734
-42.694977
-51.985468
-60.185024
-67.022698
-71.678843
-72.906358
-72.508880
-70.589951
-67.653826
-64.843893
-60.283797
-53.031785
-44.878892
-35.646984
-23.421901
-10.444266
1.582588
12.736661
23.378815
33.765520
43.327127
51.121541
58.516094
65.708331
70.957286
73.177814
72.731631
70.841142
67.637818
63.199145
57.280745
49.801554
41.484662
33.043453
23.582152
12.831688
2.182041
-8.350611
-20.051854
-31.633377
-41.912964
-51.352807
-59.772730
-66.611256
-71.319512
-72.910275
-72.647163
-70.963587
-67.978416
-65.128463
-60.693366
-53.672450
-45.638595
-36.348956
-24.447101
-11.591741
0.661101
11.713164
22.238323
32.619408
42.326450
50.363200
57.678904
64.991883
70.354428
72.796856
72.478737
70.642744
67.638840
63.439608
57.796751
50.551721
42.079687
33.857312
24.554900
13.867957
3.176417
-7.148470
-18.659489
-30.201503
-40.696519
-50.371715
-58.645180
-65.675463
-70.817130
-72.766542
-72.601523
-71.008205
-68.053859
-65.204075
-61.015061
-54.252659
-46.335799
-37.470204
-25.657415
-12.831688
-0.537804
10.647433
21.229471
31.607662
41.451114
49.473899
56.859085
64.277990
69.866351
72.562695
72.443656
70.868390
67.803519
63.771861
58.226074
51.242965
43.119022
34.658739
25.636809
14.941692
4.290853
-5.979368
-17.422778
-29.096944
-39.713723
-49.188818
-57.736976
-64.859731
-70.214101
-72.501728
-72.460685
-71.261610
-68.373850
-65.566301
-61.588117
-55.086953
-47.243323
-38.547005
-27.152811
-14.170919
-1.817090
9.524652
20.215000
30.517067
40.461336
48.825230
56.163243
63.577720
69.454568
72.565590
72.690759
71.135248
68.325656
64.242908
59.003489
52.196298
44.000830
35.535949
26.714291
16.337463
5.630595
-4.754237
-15.930789
-27.721098
-38.446018
-48.206534
-56.935719
-64.296722
-69.804362
-72.404998
-72.465794
-71.464947
-68.774905
-65.978595
-62.308652
-56.125096
-48.068421
-39.636408
-28.559310
-15.711614
-3.177438
8.252689
18.805606
29.312713
39.435284
47.874451
55.274623
62.867744
69.255659
72.588750
72.909423
71.485553
68.882193
65.094743
59.871503
53.092582
45.169592
36.728382
27.702195
17.399788
6.488562
-3.659044
-14.799833
-26.588440
-37.466969
-47.368833
-56.188788
-63.897712
-69.750037
-72.721924
-72.928156
-72.118725
-69.351196
-66.539049
-62.905720
-56.914943
-48.988036
-40.558066
-29.700313
-16.944919
-4.388094
7.372584
18.149614
28.761285
38.901057
47.482082
54.816689
62.365191
68.753617
72.425093
72.983503
71.793965
69.322756
65.534796
60.459375
53.822313
45.755080
37.294286
28.558799
18.281255
7.478850
-2.896445
-13.856547
-25.711060
-36.527600
-46.620199
-55.504016
-63.180242
-69.136960
-72.560992
-72.950636
-72.065932
-69.650752
-66.883734
-63.392775
-57.553564
-49.692733
-41.226660
-30.736923
-17.903703
-5.266666
6.311962
17.238004
27.767590
37.948063
46.796628
54.247890
61.628989
68.247148
72.098119
72.984355
71.511439
69.203036
65.639189
60.685873
54.183858
46.366113
37.861041
29.342515
19.161020
8.290495
-2.084970
-12.945959
-24.743421
-35.872289
-45.737709
-54.774795
-62.532255
-68.804196
-72.390182
-72.719029
-71.965286
-69.702864
-66.780193
-63.533442
-57.993105
-50.302744
-42.079006
-31.757525
-19.012519
-6.242990
5.444969
16.345637
26.901790
37.186316
46.071155
53.724732
61.109066
67.813737
72.062867
73.233673
72.091988
69.862434
66.224166
61.432804
54.967063
47.205005
38.664511
30.029161
20.188774
9.261199
-1.141855
-11.982237
-23.676668
-34.674406
-44.883149
-54.095643
-62.016760
-68.254811
-72.229930
-72.815589
-72.159597
-69.856303
-66.875560
-63.909973
-58.671406
-51.117795
-42.849609
-32.871451
-20.413228
-7.572685
4.345349
15.240226
25.872503
36.214079
45.352493
52.997214
60.373715
67.202534
71.695702
73.214599
72.167942
70.003441
66.579580
61.960561
55.637360
47.918899
39.429835
30.991180
21.112817
10.209935
-0.165871
-10.748420
-22.486789
-33.780677
-43.729884
-52.984442
-61.185019
-67.824636
-72.146484
-72.999001
-72.531189
-70.350681
-67.462921
-64.376593
-59.310538
-52.043029
-43.951443
-34.065587
-21.762337
-8.853844
3.200429
14.083215
24.717535
35.105603
44.519220
52.191019
59.572799
66.629308
71.327516
73.157549
72.396823
70.389850
66.896336
62.322617
56.304080
48.819780
40.380444
31.973975
22.302866
11.526517
1.080036
-9.453808
-21.221467
-32.652276
-42.721203
-52.178417
-60.424464
-67.138331
-71.747644
-73.093176
-72.631495
-70.726190
-67.712409
-64.809322
-60.151645
-52.946976
-44.803790
-35.431726
-23.078067
-10.171958
2.144405
13.283321
23.718391
34.073932
43.733801
51.589012
58.866228
66.095761
71.229253
73.244231
72.671005
70.705414
67.473650
62.914065
56.921584
49.436603
41.037968
32.716819
23.318018
12.452602
1.796143
-8.544241
-20.167998
-31.831946
-42.156492
-51.498754
-59.808152
-66.580262
-71.458476
-72.889498
-72.549071
-70.911646
-67.913021
-65.024921
-60.505867
-53.561245
-45.551062
-36.364453
-24.305923
-11.290823
0.941583
12.151003
22.781576
33.250025

