59.272221
52.848203
45.460463
37.232637
27.845757
17.556463
4.713195
-8.364916
-20.458358
-31.970739
-42.471715
-51.354000
-58.429752
-64.538206
-69.621461
-73.256663
-75.582096
-75.715269
-73.323761
-68.757875
-63.405378
-56.279898
-46.629395
-36.158051
-26.267767
-14.400482
-1.611880
9.741272
20.776646
31.751735
41.809763
51.173994
58.696100
64.877953
69.946391
72.957277
73.207276
71.641718
68.358183
64.577035
60.131890
53.832531
46.287094
38.249493
29.024397
18.928562
6.289482
-6.708247
-18.749067
-30.471257
-41.340930
-50.287076
-57.700362
-63.843216
-69.148711
-72.829723
-75.256654
-75.599296
-73.601518
-69.236926
-63.923086
-57.082347
-47.758988
-37.432568
-27.336393
-15.552044
-2.762590
8.737019
19.703593
30.625548
40.679489
50.204822
58.073827
64.426490
69.745098
72.788852
73.250192
71.957793
68.748849
64.881359
60.586418
54.657630
47.284535
39.353371
30.315263
20.315817
7.810593
-5.550895
-17.775127
-29.534612
-40.467637
-49.595492
-57.065828
-63.306093
-68.705933
-72.743722
-75.431381
-76.174055
-74.329887
-70.043462
-64.703567
-58.025973
-48.771926
-38.502046
-28.585536
-17.086778
-4.200084
7.468292
18.570593
29.666764
39.951631
49.570969
57.559695
64.033270
69.340978
72.863272
73.459489
72.543451
69.376571
65.596274
61.500924
55.768149
48.408338
40.501526
31.458650
21.527665
9.175028
-4.192761
-16.451563
-28.322424
-39.579698
-48.891136
-56.430272
-62.903506
-68.428516
-72.632687
-75.446027
-76.298373
-74.848107
-70.784092
-65.417119
-58.963299
-49.818414
-39.544446
-29.793807
-18.302202
-5.362715
6.504059
17.541477
28.875555
39.131471
48.856906
56.999751
63.684838
69.177662
72.737251
73.602200
72.608335
69.738797
65.952880
61.864853
56.311914
49.225603
41.381121
32.279832
22.455624
10.442904
-3.076792
-15.506574
-27.392932
-38.677454
-48.138414
-55.920567
-62.351567
-68.083491
-72.409255
-75.398002
-76.559612
-75.237921
-71.164540
-65.912008
-59.594086
-50.797973
-40.346214
-30.472960
-19.493273
-6.589208
5.496059
16.673463
27.877092
38.283552
48.038789
56.506055
63.132218
68.655355
72.630984
73.734862
72.860888
69.982835
66.182102
62.165942
56.633949
49.346345
41.614941
32.723801
23.171221
11.351279
-1.979555
-14.377151
-26.422058
-37.818125
-47.547988
-55.586270
-62.152999
-67.637648
-71.931907
-74.806895
-75.987237
-75.024366
-71.375881
-66.214289
-60.169697
-51.508631
-41.075434
-31.182425
-20.139217
-7.459436
4.753726
15.630552
26.816300
37.236384
47.019720
55.463314
62.281064
68.086556
72.191613
73.478052
72.660957
70.104258
66.092525
61.931270
56.580135
49.615417
41.936806
33.200468
23.838963
12.518678
-0.864438
-13.288770
-25.082316
-36.481278
-46.500819
-54.534163
-61.254161
-66.983189
-71.373837
-74.369396
-75.893232
-75.069666
-71.596929
-66.571236
-60.560874
-52.299329
-42.003904
-32.131672
-21.531071
-8.984123
3.389631
14.535870
25.711570
36.215782
45.953138
54.635661
61.595781
67.248004
71.499007
73.257685
72.654656
70.323093
66.374200
62.493597
57.324171
50.443751
42.785917
34.180880
24.706806
13.680799
0.394072
-12.176377
-23.777485
-35.015345
-45.115777
-53.398439
-60.302019
-66.136122
-70.788009
-74.131829
-75.719697
-75.177635
-71.960517
-66.963945
-61.091866
-53.297622
-43.180329
-33.284255
-22.940976
-10.341746
2.080202
13.250283
24.501426
35.124506
44.981412
53.607225
60.699497
66.454411
70.942640
72.993892
72.627578
70.637635
66.797222
62.894651
57.868447
51.192045
43.572869
35.167081
25.693008
15.107564
1.979385
-10.868481
-22.692510
-34.149545
-44.313669
-52.800519
-59.676511
-65.525940
-70.255824
-73.602540
-75.406517
-75.190748
-72.361231
-67.549774
-61.888524
-54.238694
-44.334275
-34.143073
-23.934671
-11.710439
0.831570
12.128523
23.176329
33.917768
43.826103
52.897419
60.108559
66.186871
70.764167
73.139838
72.952679
71.031025
67.304202
63.300644
58.620828
52.073172
44.538123
36.247798
26.976211
16.645534
3.547498
-9.475436
-21.367584
-32.833644
-43.208769
-51.860469
-58.824335
-64.749037
-69.728068
-73.230096
-75.206927
-75.293950
-72.678157
-68.029506
-62.493086
-55.210420
-45.468807
-35.248484
-25.307962
-13.296774
-0.569991
10.668891
21.710226
32.498666
42.462860
51.742962
59.225389
65.386125
70.187705
72.821719
72.843007
71.121625
67.585707
63.587938
59.044702
52.707706
45.348236
37.245410
28.138842
17.895188
5.182368
-7.802759
-19.807816
-31.530006
-42.060614
-50.793035
-57.986464
-63.994101
-69.135427
-72.780677
-75.119904
-75.506313
-73.305028
-68.936348
-63.530377
-56.543350
-46.974421
-36.676271
-26.603426
-14.789275
-2.116135
9.400674
20.465170
31.367711
41.190386
50.582034
58.228970
64.826352
69.788183
72.685310
72.821890
71.607998
68.211555
64.304216
60.040270
53.806305
46.454498
38.390160
29.188735
19.264902
6.959438
-6.200927
-18.227952
-29.886620
-40.700947
-49.749443
-57.117769
-63.238144
-68.485056
-72.383710
-75.009721
-75.508015
-73.633024
-69.305726
-64.018624
-57.372195
-48.155955
-37.812505
-27.961901
-16.412565
-3.608806
8.173840
19.027676
30.045509
40.178980
49.662079
57.594265
63.971792
69.236926
72.599649
73.012284
71.789537
68.635600
64.759084
60.586759
54.643324
47.289814
39.551599
30.524390
20.662376
8.326769
-4.891327
-16.979831
-28.804030
-39.763791
-49.001489
-56.455817
-62.640905
-68.030698
-71.968692
-74.685812
-75.557062
-74.090447
-70.026261
-64.687388
-58.223520
-49.263409
-38.916554
-29.005153
-17.701217
-4.901205
6.837334
17.825365
28.912170
39.080552
48.697676
56.881223
63.610077
69.054025
72.547027
73.364803
72.271994
69.196054
65.171889
60.862643
55.295229
48.103673
40.373802
31.413691
21.729980
9.787594
-3.647123
-15.937090
-27.661324
-38.794279
-48.198189
-55.908816
-62.179565
-67.591667
-71.723631
-74.706248
-75.791734
-74.498653
-70.529665
-65.299783
-59.048278
-50.180980
-39.730753
-30.001572
-19.029038
-6.214040
5.699056
16.724042
27.879477
38.206918
47.970329
56.248052
62.826872
68.209001
72.162151
73.204892
72.294133
69.546018
65.735238
61.711414
56.245497
49.018690
41.325774
32.548564
22.886651
11.209931
-2.098935
-14.415468
-26.199307
-37.481955
-47.241960
-55.162225
-61.501946
-67.016057
-71.431058
-74.359349
-75.672013
-74.784415
-71.104424
-65.939086
-59.858050
-51.304272
-41.000673
-31.193495
-20.421743
-7.695811
4.281657
15.280758
26.515041
37.045649
46.875817
55.406604
62.212603
67.945208
72.010756
73.335852
72.739635
70.230791
66.381523
62.397889
57.044029
50.053767
42.345864
33.558096
23.945400
12.591396
-0.782694
-13.196809
-24.947950
-36.295482
-46.259676
-54.402351
-61.048099
-66.822938
-71.245943
-74.302469
-75.794629
-74.875184
-71.448939
-66.530194
-60.721636
-52.579301
-42.284386
-32.340288
-21.618945
-8.919239
3.375496
14.418023
25.538376
36.068644
45.919078
54.552385
61.524596
67.197766
71.758883
73.403631
72.866167
70.481130
66.602911
62.543154
57.320424
50.287076
42.574746
34.215280
24.785485
13.645717
0.321354
-12.266636
-23.996489
-35.475152
-45.580353
-53.768499
-60.457672
-66.193853
-70.757866
-73.841129
-75.553826
-75.076818
-71.956430
-67.080941
-61.357362
-53.371361
-43.283190
-33.234698
-22.600378
-10.091066
2.178635
13.155256
24.439778
34.932239
44.965744
53.782974
60.989516
67.026785
71.432080
73.367868
72.952850
70.843015
67.104101
63.180583
58.216708
51.426377
43.939352
35.321202
25.792292
14.975241
1.708269
-11.077097
-22.877114
-34.268243
-44.535398
-52.890267
-59.858731
-65.909454
-70.727723
-74.131489
-75.859513
-75.515849
-72.442293
-67.491191
-61.937230
-54.278033
-44.197696
-34.172024
-23.902314
-11.473213
1.149348
12.337310
23.578405
34.310307
44.230904
53.300858
60.603959
66.508566
71.060658
73.353563
73.290042
71.426289
67.635775
63.828911
58.963810
52.232572
44.564520
36.083290
26.620456
16.031436
2.871922
-9.972368
-21.879843
-33.433267
-43.857949
-52.473375
-59.498889
-65.408604
-70.413692
-73.904821
-75.872285
-75.670310
-72.856801
-68.178007
-62.588453
-55.156095
-45.381784
-35.260064
-25.006362
-12.558188
0.137772
11.379719
22.574152
33.509731
43.661083
52.727461
60.083355
66.329241
71.174928
73.565074
73.595728
71.774381
68.207298
64.218044
59.472493
52.777529
45.145580
36.914689
27.571746
17.215184
4.213027
-8.854015
-20.982197
-32.598121
-43.332577
-52.144357
-59.301513
-65.173932
-70.143257
-73.728561
-75.918947
-76.106787
-73.503767
-68.860395
-63.320909
-56.126799
-46.340908
-36.093678
-25.857346
-13.700724
-0.964914
10.325568
21.510635
32.447406
42.561974
51.952090
59.611116
65.846954
70.889166
73.634556
73.695013
72.112083
68.491868
64.605304
59.996162
53.646224
45.937470
37.626539
28.216839
18.005541
5.046129
-8.092778
-19.873892
-31.636783
-42.513779
-51.374265
-58.608566
-64.752442
-69.840636
-73.647158
-75.808764
-76.077666
-73.785782
-69.117035
-63.680410
-56.716715
-47.122751
-36.739452
-26.776961
-14.722518
-1.864093
9.746211
20.587104
31.646320
41.822365
51.154750
58.822462
65.177509
70.251226
73.421172
73.615823
72.207621
68.778992
64.849002
60.506889
54.252999
46.742473
38.440738
29.032230
18.829278
6.236349
-7.008995
-19.025292
-30.783415
-41.557550
-50.596339
-57.899782
-63.976220
-69.250379
-73.102542
-75.476340
-75.981106
-73.995420
-69.463764
-63.960893
-57.176352
-47.913619
-37.417582
-27.640206
-15.989542
-3.084796
8.574724
19.605500
30.753953
40.937662
50.435577
58.213132
64.646857
69.747823
72.918109
73.516199
72.235039
68.926982
64.839295
60.634102
54.719618
47.268867
39.276225
30.041592
20.116568
7.714033
-5.507810
-17.656939
-29.410635
-40.387937
-49.854006
-57.296583
-63.404867
-68.627255
-72.567804
-75.130292
-75.868538
-74.157885
-69.947072
-64.566476
-57.962622
-48.815353
-38.310460
-28.477396
-17.131056
-4.342284
7.405622
18.243960
29.325656
39.649350
49.333913
57.302543
63.859395
69.183281
72.766372
73.357310
72.165046
69.132532
65.157754
60.943535
55.076735
47.962155
40.156671
31.145641
21.274941
9.181670
-4.027741
-16.291993
-27.957473
-39.110695
-48.473563
-56.052038
-62.495811
-67.950147
-71.963412
-74.698244
-75.606619
-74.129786
-70.221594
-64.909628
-58.605671
-49.730028
-39.463214
-29.704230
-18.598693
-6.000485
5.930662
16.911200
28.055736
38.255794
47.869342
56.080478
62.769481
68.183797
72.068317
73.056051
72.193486
69.417783
65.437555
61.366899
55.881909
48.908336
41.086844
32.176631
22.512504
10.892664
-2.616133
-14.877660
-26.572262
-37.712540
-47.362362
-55.197137
-61.613151
-67.127602
-71.468013
-74.349642
-75.682913
-74.434280
-70.678166
-65.655197
-59.590680
-50.979342
-40.579694
-30.828544
-20.025458
-7.281474
4.638944
15.645879
26.785476
37.228891
46.959605
55.353131
62.017100
67.624535
71.791410
73.109525
72.390863
69.834845
66.040243
62.075513
56.622199
49.700396
42.165007
33.469711
23.924623
12.477977
-0.764813
-13.291495
-25.196416
-36.588396
-46.502863
-54.502487
-61.105660
-66.799947
-71.293456
-74.292081
-75.760569
-75.041056
-71.608509
-66.547564
-60.505186

