-51.536049
-60.079779
-67.152296
-72.028296
-73.609012
-73.363440
-71.611745
-68.726540
-65.864495
-61.311211
-54.280417
-46.300037
-37.056719
-24.777651
-11.732578
0.561816
12.016296
22.794689
33.358846
43.147973
51.220315
58.780909
66.273383
71.673053
74.077163
73.652949
71.763992
68.613461
64.061199
58.205639
50.875119
42.556354
33.848115
24.502788
13.704130
2.996751
-7.623775
-19.348860
-31.017917
-41.601658
-51.282985
-59.715509
-66.554887
-71.649040
-73.294980
-73.259558
-71.819169
-69.014345
-66.105979
-61.964989
-55.010659
-46.627181
-37.402936
-25.523220
-12.439489
-0.026226
11.236497
21.925143
32.513142
42.456899
50.620522
58.099713
65.635102
71.266038
73.819842
73.588916
71.534600
68.546193
64.352580
58.757748
51.414626
43.214049
34.643923
25.265387
14.408827
3.557716
-7.020916
-18.620321
-30.248335
-40.911266
-50.617797
-59.208529
-66.246646
-71.433783
-73.361737
-73.193823
-71.907214
-69.147519
-66.288199
-62.048095
-55.165802
-47.169072
-38.041387
-26.224000
-13.131074
-0.682388
10.720832
21.532944
32.231467
42.156322
50.334760
57.766267
65.368584
71.067640
73.772328
73.610374
71.925095
68.975176
64.629657
58.940990
51.739727
43.305329
34.673555
25.308302
14.513390
3.865446
-6.564345
-18.242257
-29.873848
-40.595021
-50.425189
-59.116227
-66.267763
-71.451153
-73.254619
-73.286465
-71.897336
-68.996634
-66.259589
-62.188762
-55.530752
-47.433036
-38.383007
-26.619094
-13.552904
-0.944819
10.472025
21.236113
31.805549
41.739941
50.080504
57.658979
65.162693
70.991516
73.958806
74.011598
72.286129
69.116865
64.793485
59.122699
51.863194
43.589217
35.091809
26.124886
15.250444
4.291364
-6.085975
-17.622198
-29.518093
-40.254593
-49.951247
-58.658804
-65.773555
-71.126563
-73.204722
-73.225668
-72.117022
-69.319691
-66.557441
-62.574489
-55.850233
-47.716754
-38.823571
-27.186871
-14.157636
-1.725469
9.615762
20.468916
31.052317
41.292395
49.648626
57.203429
64.715317
70.659092
73.657036
73.680367
72.110380
69.162335
64.979621
59.430088
52.357912
44.049195
35.529137
26.330607
15.651499
4.816736
-5.709444
-17.153195
-28.921706
-39.443289
-49.165147
-57.997704
-65.285989
-70.807423
-73.228564
-73.064055
-71.909598
-69.129126
-66.175972
-62.368427
-55.944749
-47.863552
-39.140327
-27.819872
-14.930112
-2.285583
9.120532
19.876276
30.391046
40.463720
48.800026
56.299141
63.734395
69.716147
72.839260
73.325804
71.616854
68.910803
64.840146
59.498208
52.497557
44.293404
35.806383
26.839631
16.334397
5.414997
-4.809584
-15.918016
-27.717352
-38.442782
-48.341240
-57.124581
-64.486776
-70.255143
-72.948422
-72.909253
-71.650062
-68.827697
-65.979617
-62.386649
-56.342227
-48.457044
-39.960657
-28.891393
-15.823330
-3.094843
8.253711
18.888712
29.442140
39.462873
48.168557
55.422783
62.934501
69.312879
72.762455
73.285273
71.819850
69.159099
65.155370
59.846980
53.059374
45.030287
36.587885
27.840308
17.412901
6.420101
-3.734486
-14.824867
-26.754481
-37.602697
-47.473397
-56.253842
-63.751425
-69.582803
-72.586536
-72.733334
-71.957282
-69.266898
-66.424268
-62.834365
-56.970119
-49.110140
-40.737391
-29.972110
-17.098018
-4.452297
7.084608
18.019847
28.356143
38.448402
47.299181
54.895708
62.403849
68.892581
72.724138
73.373829
71.963753
69.525582
65.668481
60.626609
53.929942
46.048505
37.508862
28.697593
18.478462
7.523128
-2.771275
-13.828278
-25.684663
-36.679506
-46.673502
-55.655411
-63.271352
-69.258894
-72.671686
-73.045492
-72.282723
-69.639002
-66.630500
-63.160828
-57.600055
-49.753189
-41.657516
-31.258719
-18.552201
-5.648477
6.052426
16.876289
27.465309
37.587881
46.566554
53.989547
61.436721
68.224498
72.335345
73.453529
72.261265
69.893769
66.149916
61.098848
54.723024
46.916349
38.348777
29.648372
19.510984
8.661747
-1.681021
-12.466226
-24.310010
-35.525560
-45.416525
-54.484435
-62.293155
-68.443162
-72.269269
-72.748320
-72.155510
-69.824117
-66.917113
-63.616378
-58.143309
-50.492287
-42.405639
-32.213586
-19.629853
-6.923165
4.900694
15.794379
26.403666
36.756992
45.753717
53.317547
60.724531
67.534276
71.808270
73.073932
72.118044
69.863456
66.168819
61.486959
55.285863
47.394037
39.006301
30.342340
20.378658
9.609120
-0.851325
-11.413438
-23.189953
-34.227201
-44.445310
-53.585938
-61.514548
-67.810842
-71.789026
-72.662149
-72.022676
-70.127078
-67.022698
-64.047405
-59.018135
-51.486152
-43.327808
-33.491509
-21.197966
-8.217267
3.631115
14.560563
25.008747
35.317455
44.605902
52.091905
59.519666
66.597973
71.364130
73.157890
72.213752
70.142576
66.786323
62.159300
55.924654
48.354864
39.839745
31.520299
21.953923
11.007445
0.414167
-10.013751
-21.731172
-33.139331
-43.331214
-52.477973
-60.586418
-67.181417
-71.461201
-72.559970
-71.991001
-70.186172
-67.246812
-64.175640
-59.462615
-52.202429
-44.166190
-34.616504
-22.359916
-9.558201
2.267701
13.395888
23.940972
34.325974
43.771437
51.528726
58.915274
66.031218
71.076495
73.141881
72.538512
70.543630
67.258733
62.796048
56.793349
49.398627
40.952308
32.249008
22.820234
11.978149
1.312324
-9.040322
-20.651988
-31.988621
-42.179312
-51.601103
-59.902327
-66.634587
-71.313722
-72.775739
-72.350161
-70.481471
-67.416430
-64.433813
-60.022048
-52.999769
-44.850281
-35.739456
-23.860250
-11.016982
1.147475
12.198346
22.694894
33.096756
42.784555
50.564493
57.666813
64.814091
70.314407
72.763477
72.361912
70.375204
67.272357
62.889712
57.133266
49.750975
41.650534
33.218350
24.040767
13.263226
2.610173
-7.590737
-18.842561
-30.378784
-40.714060
-50.145217
-58.362995
-65.198456
-70.378440
-72.239978
-71.875879
-70.366178
-67.446572
-64.548084
-60.332843
-53.688458
-45.651368
-36.720889
-25.444882
-12.580327
-0.421320
10.519368
20.958015
31.250034
41.027069
49.121380
56.287731
63.423770
69.098132
71.826662
71.762630
69.989477
67.270654
63.009603
57.652848
50.661734
42.628731
34.257514
25.381701
14.932667
4.378728
-5.616461
-16.763891
-28.251750
-38.704021
-48.250301
-56.715012
-63.883236
-69.312538
-71.817977
-71.768079
-70.564747
-67.671708
-64.752442
-60.927527
-54.897581
-46.998092
-38.493361
-27.550459
-14.896563
-2.528940
8.635351
19.105843
29.389007
39.236546
47.764608
54.779904
62.043837
68.104608
71.540049
71.890184
70.347956
67.691973
63.857351
58.696951
52.003179
44.043575
35.707269
27.161666
17.163413
6.278924
-3.773485
-14.489378
-26.161330
-36.776066
-46.372584
-54.858582
-62.198298
-68.126236
-71.298906
-71.447236
-70.509229
-67.882197
-64.954758
-61.483043
-55.828265
-48.175539
-40.004594
-29.500723
-17.156431
-4.716601
6.739753
17.288753
27.463606
37.421158
46.054125
53.196294
60.466187
66.940274
70.761442
71.522338
70.320027
68.015030
64.365353
59.484073
53.105525
45.410224
37.012100
28.594732
18.793344
8.289303
-1.775197
-12.433869
-24.034636
-34.804855
-44.519901
-53.374597
-61.001267
-67.066125
-70.732491
-71.359362
-70.744412
-68.385090
-65.506526
-62.328747
-57.121345
-49.583912
-41.378396
-31.454733
-19.267457
-6.640809
4.805837
15.299491
25.473492
35.478898
44.479540
51.746368
59.052195
65.722806
70.138488
71.582624
70.535796
68.300792
64.887660
60.434512
54.359606
46.773638
38.447380
30.136960
20.655734
10.068417
-0.110694
-10.352135
-21.665607
-32.714094
-42.672498
-51.717077
-59.534482
-65.964971
-70.227555
-71.227721
-70.832457
-68.895647
-65.923078
-62.942845
-58.098521
-50.902026
-43.093136
-33.667428
-21.775961
-9.109463
2.645084
13.336965
23.713793
33.899546
43.063845
50.545931
57.686908
64.610754
69.609029
71.327516
70.738111
68.824462
65.623352
61.244454
55.370842
48.315525
40.066753
31.827518
22.623880
12.037413
1.894065
-8.258479
-19.673620
-30.858346
-40.997948
-50.360646
-58.513709
-65.212931
-69.775241
-71.359532
-71.046182
-69.403478
-66.612448
-63.720260
-59.477091
-52.498579
-44.443948
-35.542250
-23.799624
-11.082206
0.941242
11.700051
22.151130
32.371793
41.886909
49.499954
56.750263
63.865355
69.289889
71.655342
71.286304
69.396326
66.375903
62.298604
56.725570
49.504893
41.455541
33.272845
24.203403
13.704641
3.162112
-6.847892
-18.036536
-29.459000
-39.860010
-49.273287
-57.603291
-64.513343
-69.535800
-71.447577
-71.189914
-69.855622
-67.130838
-64.320053
-60.271706
-53.656442
-45.786245
-37.026235
-25.686877
-12.959242
-0.886406
10.094132
20.588636
30.856984
40.585654
48.628364
55.746692
63.080958
68.690436
71.596078
71.460349
69.779669
66.991534
62.955959
57.567017
50.830671
42.834793
34.575292
25.732177
15.286888
4.773140
-5.287783
-16.421931
-27.890376
-38.256986
-47.846011
-56.506906
-63.765900
-69.073268
-71.450131
-71.252755
-70.218188
-67.446913
-64.702545
-60.960906
-54.710422
-46.891144
-38.443463
-27.446066
-14.763219
-2.544607
8.700064
19.313267
29.462576
39.422682
47.586135
54.795742
62.027318
68.043300
71.350336
71.729081
70.229428
67.542110
63.680921
58.501789
51.734958
43.791022
35.514321
26.967696
16.751119
6.142344
-3.874132
-14.738526
-26.156562
-36.615644
-46.491112
-55.276155
-62.729972
-68.488291
-71.488278
-71.582964
-70.627247
-68.028143
-65.311534
-61.877966
-56.054592
-48.183373
-39.847919
-29.161317
-16.521215
-4.067080
7.291010
17.771721
28.274400
38.432564
46.746731
54.072142
61.180592
67.593881
71.183443
71.833304
70.581096
68.173409
64.358030
59.397391
52.948679
45.158182
37.009886
28.409617
18.204962
7.514102
-2.524682
-13.355528
-24.959019
-35.567965
-45.298508
-54.258278
-62.020847
-68.198442
-71.538687
-71.844714
-71.283068
-68.733522
-65.909794
-62.645844
-56.990385
-49.325739
-41.151387
-30.801807
-18.217053
-5.730391
5.881105
16.588824
26.994944
37.233829
46.097210
53.531272
60.864517
67.466157
71.371453
72.490658
71.301460
69.165570
65.540075
60.846976
54.254021
46.418394
37.966967
29.495273
19.635814
8.701938
-1.512425
-12.218612
-24.049112
-35.014834
-44.916017
-54.009642
-61.623199
-67.881175
-71.559123
-72.148017
-71.526085
-69.142921
-66.483191
-63.291788
-58.084897
-50.432512
-42.324577
-32.098634
-19.621168
-6.996734
4.726819
15.491417
25.961229
36.229576
45.396600
52.873748
60.375077
67.099673
71.388313
72.543280
71.562018
69.334677
65.875564
61.133589
54.925850
47.179801
38.882153
30.441284
20.542145
9.745530
-0.532866
-11.138235
-22.980997
-33.852884
-44.005598
-53.198508
-61.300652
-67.805222
-71.871792
-72.518417
-72.029829
-69.797380
-66.862958
-63.842194
-58.720452
-51.354340
-43.288980
-33.236061
-20.707335
-7.943596
4.037789
14.920916
25.518622
35.732303
44.909716
52.534001
60.009105
66.977910
71.508544
73.175601
72.275570
70.211036
66.809484
62.183142
55.820090
48.107760
39.633172
31.119926
21.431446
10.665825
0.250850
-10.339873
-22.255012
-33.485719
-43.765647
-53.095818
-61.107533
-67.443337
-71.647508
-72.740487
-72.393247
-70.340804
-67.602226
-64.498186
-59.536355
-52.059719
-43.892179
-34.085342
-21.697794
-8.784873
3.202132
14.040130
24.613483
35.138471
44.569629
52.304268

