48.467602
38.612059
27.546201
15.796764
4.422154
-6.719998
-16.772066
-25.590147
-34.595898
-43.874638
-52.533490
-60.324669
-66.549948
-69.949968
-71.426460
-71.072408
-68.367379
-64.280544
-59.732199
-54.888725
-48.523290
-39.834465
-29.692139
-18.485785
-6.846360
4.100118
14.869145
25.041614
33.709151
41.534390
49.307517
56.304421
62.032768
67.792620
72.566441
74.090958
72.464262
69.130659
64.305748
57.651315
48.842771
39.174727
28.394801
16.633953
5.443777
-5.797999
-15.957355
-24.798257
-33.690929
-43.282679
-52.057164
-59.504339
-65.717016
-69.430896
-70.787328
-70.379291
-68.002428
-64.061880
-59.675830
-54.897751
-48.708405
-40.231603
-30.131851
-18.929754
-7.343973
3.662109
14.123235
24.214131
33.054692
40.843657
48.373938
55.504186
61.426674
67.045348
71.730103
73.366165
71.890014
68.734373
63.968386
57.374239
48.770223
39.117677
28.381348
16.712291
5.485841
-5.433049
-15.649625
-24.472475
-33.343009
-42.673179
-51.392317
-59.165784
-65.402133
-69.136620
-70.558786
-70.192133
-67.858526
-63.967705
-59.532608
-54.922785
-48.928601
-40.637425
-30.577694
-19.498553
-7.895742
3.099442
13.727120
23.792642
32.487256
40.199075
47.875472
54.906777
60.933317
66.542625
71.262973
73.187181
71.923392
68.764687
64.096110
57.643993
49.165147
39.547512
28.955085
17.382417
6.325245
-4.843133
-14.980010
-23.756708
-32.718011
-42.070832
-50.881931
-58.624234
-64.991713
-68.853583
-70.508037
-70.363624
-68.157741
-64.349515
-59.994629
-55.364370
-49.313988
-40.965251
-31.150239
-20.254680
-8.616958
2.426761
13.074364
23.068190
31.903471
39.697715
47.351463
54.478986
60.572965
66.471951
71.256331
73.139838
72.111743
69.249528
64.626251
58.405740
50.074032
40.390662
29.764857
18.039601
6.834269
-4.148994
-14.529569
-23.284469
-32.162496
-41.529621
-50.433874
-58.278186
-64.828396
-68.831784
-70.481982
-70.478746
-68.471091
-64.622334
-60.334206
-55.666992
-49.948181
-41.853700
-32.103913
-21.122353
-9.507111
1.630613
12.408325
22.592034
31.532730
39.278269
46.894380
54.043361
60.269833
65.990857
71.093866
73.457616
72.456769
69.521495
64.830780
58.665105
50.386872
40.871756
30.417442
18.860783
7.548843
-3.334965
-13.781616
-22.762162
-31.537839
-40.933575
-49.889258
-57.722671
-64.333337
-68.542106
-70.420674
-70.390872
-68.525417
-64.847469
-60.590335
-56.004013
-50.400666
-42.270252
-32.533407
-21.673611
-10.102987
1.239606
11.730875
22.003480
30.989477
38.837535
46.395574
53.635325
59.849024
65.621989
70.706095
73.126554
72.348799
69.581270
65.035479
59.006895
50.829649
41.346891
30.872652
19.369636
8.003712
-2.983809
-13.323000
-22.232362
-30.954906
-40.285928
-49.268178
-57.216202
-64.018965
-68.390199
-70.263488
-70.386103
-68.750041
-65.190622
-60.722998
-56.182316
-50.427743
-42.716776
-33.019781
-22.201538
-10.824033
0.394923
11.041675
21.355152
30.436686
38.307905
45.880590
53.137200
59.312923
65.007039
70.148706
72.829383
72.278976
69.596597
65.302168
59.413399
51.419565
42.065893
31.608684
20.188774
8.860997
-2.073050
-12.690510
-21.564960
-30.208996
-39.308752
-48.411744
-56.414093
-63.309159
-67.939247
-70.022004
-70.310831
-68.752936
-65.126249
-60.986110
-56.583711
-51.177910
-43.477331
-34.050260
-23.423944
-11.866944
-0.732456
9.876319
20.273413
29.462917
37.431717
44.871739
52.240406
58.364187
64.010280
69.315263
72.472266
72.256497
69.647346
65.480300
59.695074
51.970652
42.753731
32.673563
21.456650
10.086809
-0.810112
-11.427573
-20.440306
-28.938225
-37.967818
-47.132969
-55.066688
-62.298434
-67.250558
-69.667612
-70.039885
-68.747486
-65.487453
-61.199665
-56.881734
-51.659346
-44.421979
-35.196372
-24.647542
-13.191700
-1.965080
8.633137
18.955469
28.227908
36.164352
43.787275
51.245519
57.576724
63.122511
68.359545
71.850674
71.904148
69.690602
65.690449
60.098171
52.842583
43.874298
33.860888
22.728103
11.184216
0.332764
-10.445799
-19.664083
-28.243065
-37.155662
-46.161924
-54.302897
-61.556952
-66.636290
-69.251231
-70.008210
-68.883896
-65.784454
-61.559166
-57.133607
-52.215031
-45.166867
-36.071198
-25.723832
-14.542852
-3.247091
7.429464
17.802375
27.149575
35.373143
43.022973
50.331184
56.926523
62.586750
67.946911
71.777957
72.043283
70.029327
66.159453
61.030388
53.929601
45.136213
35.308089
24.284976
12.813636
1.744713
-8.950574
-18.644673
-26.981149
-35.961866
-45.127187
-53.293024
-60.514552
-65.962587
-68.987778
-69.775581
-68.994250
-66.093717
-62.043497
-57.650975
-52.752325
-46.205350
-37.294456
-27.184657
-15.973023
-4.591261
5.890301
16.324350
26.058129
34.424748
41.872774
49.457550
55.968932
61.828409
67.272186
71.253095
71.874005
70.116179
66.662175
61.501946
54.626295
45.968294
36.094870
25.170871
13.833897
2.960307
-7.625137
-17.274278
-25.818859
-34.658739
-43.919597
-52.360467
-59.783288
-65.511635
-68.562031
-69.687877
-69.194351
-66.414220
-62.473842
-58.153016
-53.471838
-47.080176
-38.385051
-28.349842
-17.231533
-5.784546
4.888773
15.280417
24.939435
33.327852
40.823221
48.482759
55.347851
61.076539
66.731828
71.067469
72.039877
70.447922
67.058461
62.174967
55.656603
47.052928
37.562166
26.938064
15.503168
4.370723
-6.464039
-16.219957
-24.737120
-33.436503
-42.600632
-51.076412
-58.453935
-64.534800
-68.132196
-69.610732
-69.301469
-66.918816
-63.004494
-58.558158
-53.762027
-47.718116
-39.468833
-29.700994
-18.692868
-7.226808
3.443105
13.789620
23.749896
32.387291
40.040357
47.475951
54.584060
60.419185
65.840994
70.265361
71.851867
70.570196
67.532403
62.821082
56.575366
48.288107
38.887262
28.324127
16.762359
5.688667
-5.071504
-15.035186
-23.651123
-32.276426
-41.246414
-49.898965
-57.486636
-63.672747
-67.639351
-69.173915
-69.039038
-67.024231
-63.264029
-58.882577
-54.324014
-48.636368
-40.585484
-31.009912
-20.368440
-9.032147
1.843657
12.176548
22.229637
30.825479
38.558926
45.951775
53.123576
59.128489
64.593043
69.348131
71.588584
70.698432
67.723138
63.206809
57.295050
49.407142
40.183408
29.884577
18.556288
7.357597
-3.441913
-13.600418
-22.228445
-30.658756
-39.498976
-48.297814
-55.954797
-62.446083
-66.700833
-68.663699
-68.842854
-67.189591
-63.651800
-59.352432
-54.875612
-49.327271
-41.905982
-32.561166
-22.154876
-10.912589
-0.064884
10.302578
20.341703
29.312202
36.953858
44.277566
51.401854
57.470798
62.982695
68.110228
70.674760
70.181404
67.697253
63.439437
57.793856
50.211975
41.389295
31.436682
20.220109
8.992127
-1.663651
-11.981215
-20.816326
-29.149737
-37.928990
-46.785900
-54.601771
-61.391933
-65.884590
-68.246807
-68.687882
-67.218372
-63.894987
-59.787716
-55.357047
-50.254890
-43.101992
-33.971923
-23.672410
-12.555122
-1.735006
8.609976
18.769162
27.836732
35.702671
43.075085
50.340380
56.524277
62.052693
67.212582
70.596082
70.529495
68.138157
64.144816
58.875425
51.851783
43.005432
33.241340
22.369283
11.158841
0.318289
-10.300364
-19.343921
-27.703387
-36.387784
-45.216594
-53.105525
-59.889725
-64.932449
-67.661319
-68.327529
-67.391566
-64.496824
-60.434682
-56.129353
-51.217079
-44.514792
-35.604239
-25.683471
-14.596837
-3.522975
6.695305
16.784498
26.144981
34.337384
41.688170
48.909358
55.287395
60.890402
66.218376
70.041929
70.504291
68.576336
65.061024
59.939793
53.216900
44.735159
35.372972
24.545874
13.152020
2.292054
-8.430651
-17.918008
-26.195901
-34.778629
-43.548856
-51.623583
-58.893306
-64.385278
-67.542280
-68.570886
-67.932946
-65.310001
-61.253990
-56.930780
-52.293369
-46.014786
-37.547520
-27.846098
-16.875267
-5.942753
4.547323
14.841046
24.390391
32.663686
40.061814
47.623260
54.155077
59.872355
65.297059
69.605112
70.886612
69.379466
66.133397
61.407260
54.955482
46.437979
36.918606
26.371479
15.177386
4.105398
-6.635189
-16.233580
-24.663551
-33.218009
-42.301416
-50.617116
-57.946784
-64.069714
-67.578384
-68.945544
-68.504299
-66.251244
-62.314783
-58.032104
-53.523779
-47.730889
-39.430686
-29.800449
-18.927881
-7.717950
2.888952
13.151850
22.919689
31.547887
39.144244
46.526534
53.556647
59.524434
65.139532
69.826330
71.425438
70.203883
67.266907
62.647717
56.463821
48.388754
39.038147
28.586388
17.293181
6.225790
-4.513093
-14.475754
-23.171221
-31.720230
-40.803977
-49.434560
-57.100228
-63.388007
-67.350864
-69.029672
-68.982499
-66.957644
-63.128982
-58.919191
-54.419381
-48.755748
-40.838889
-31.181914
-20.533460
-9.050540
1.634530
12.050867
22.073133
30.802999
38.405657
46.022109
53.088324
59.094429
64.622675
69.569349
71.873154
70.974146
68.167618
63.812903
57.861635
49.696650
40.292229
29.851198
18.518312
7.358449
-3.324917
-13.680969
-22.347825
-31.033925
-40.170976
-49.001489
-56.739024
-63.395500
-67.661660
-69.542953
-69.704907
-67.768438
-64.090320
-59.986285
-55.465869
-50.097023
-42.325939
-32.889673
-22.166116
-10.642494
0.401565
10.874271
20.930256
29.925789
37.724120
45.228515
52.526338
58.733565
64.525264
69.635936
72.233847
71.527958
68.846260
64.668655
59.012175
51.077604
41.943789
31.733853
20.276819
8.748770
-2.163478
-12.696300
-21.619456
-30.208145
-39.287295
-48.189674
-55.895363
-62.692847
-67.330939
-69.508553
-69.904498
-68.288531
-64.816986
-60.307639
-55.602448
-50.407989
-42.810270
-33.709322
-23.164238
-11.877503
-0.798191
9.826081
20.213638
29.288190
37.201643
44.720173
51.938977
58.272566
63.868931
69.046191
72.161981
71.896144
69.397177
65.268959
59.662036
51.964692
42.656660
32.441275
21.107708
9.768179
-1.168592
-11.945793
-20.963635
-29.511281
-38.649866
-47.600951
-55.503505
-62.422071
-67.266907
-69.528478
-70.087229
-68.592685
-65.234389
-61.017956
-56.463991
-51.197495
-43.771437
-34.582445
-24.140562
-12.865237
-1.571178
8.913619
19.352436
28.599160
36.830732
44.240100
51.556315
57.806969
63.549961
68.934815
72.100163
71.927650
69.694519
65.663372
60.153348
52.694593
43.497767
33.664703
22.372007
10.855368
-0.142711
-10.765791
-19.849879
-28.555393
-37.552799
-46.779428
-54.712296
-61.889035
-66.959006
-69.465297
-70.147514
-68.861757
-65.604619
-61.375584
-56.920903
-51.725251
-44.615950
-35.422359
-25.148903
-13.764926
-2.579859
8.038623
18.392801
27.816807
35.875184
43.450764
50.834417
57.337965
63.056435
68.444524
72.088752
72.308438
70.143087
66.074474
60.813086
53.423473
44.510875
34.498998
23.243257
11.642150
0.666891
-10.159867
-19.475222
-27.943509
-36.939383
-46.008996
-54.272073
-61.493090
-66.728933
-69.470746
-70.286138
-69.086211
-65.998350
-61.706986
-57.338476
-52.350419
-45.401369
-36.378929
-26.185513
-14.932667
-3.519910
7.045780
17.511845
27.055740
35.265684
42.769228
50.186259
56.668350
62.466179
67.977394
71.862595
72.290046
70.399387
66.589969
61.388527
54.242611
45.304809
35.350323
24.368082
12.895720
1.735347
-9.151527
-18.565995
-27.172395
-36.072731
-45.240607
-53.465707
-60.735260
-66.219398
-69.120441
-69.997651
-69.049767
-66.256693
-62.117917
-57.610273
-52.704641
-45.992987

