-65.918139
-75.527940
-83.594152
-90.692895
-94.900131
-96.717903
-96.920047
-94.755547
-89.952094
-82.210813
-72.473117
-60.948985
-47.913790
-33.734356
-19.336087
-5.025693
9.813309
24.458511
38.244554
52.363702
64.914908
75.048379
83.454166
90.255737
94.598021
96.691677
96.816165
94.804934
90.628862
84.481069
76.102870
64.925637
51.630565
36.150558
18.953936
2.455711
-12.812614
-26.971272
-40.723937
-53.645883
-65.453904
-75.373479
-83.518199
-90.930121
-95.274789
-97.186565
-97.397396
-95.170055
-90.298823
-82.984311
-73.489291
-61.898913
-49.026012
-35.205739
-20.701204
-6.172657
8.608614
23.309333
37.139314
51.183190
63.732862
73.831252
82.308735
89.466742
94.154562
96.603462
96.749919
94.930104
91.030257
84.987198
76.486383
65.461567
52.481379
37.120921
20.005533
3.529957
-11.805296
-25.959526
-39.742504
-52.781957
-64.689262
-74.719701
-82.847221
-90.201242
-94.749587
-96.559014
-97.088473
-95.185382
-90.638229
-83.320311
-73.803663
-62.491213
-49.501147
-35.532543
-21.024261
-6.612028
8.017847
22.641761
36.438022
50.423316
63.146353
73.509898
82.271269
89.441538
94.156606
96.414941
96.729483
94.758442
90.712990
84.741626
76.700790
65.843718
53.075893
37.831920
20.703759
4.247427
-11.195115
-25.615692
-39.317778
-52.301203
-64.148733
-74.176959
-82.334791
-89.699200
-94.290291
-96.449000
-96.991232
-95.025131
-90.600252
-83.315372
-73.966980
-62.635456
-49.748932
-35.907882
-21.541459
-7.059744
7.631268
22.401639
36.314896
50.400325
63.297067
73.727369
82.205193
89.213337
94.021559
96.497025
96.970456
95.058169
91.232572
85.417543
77.286277
66.400085
53.582532
38.578340
21.238157
4.590069
-10.712317
-24.856670
-38.705724
-51.723889
-63.633408
-73.961020
-82.274335
-89.829309
-94.594104
-96.556289
-97.139563
-95.288924
-91.003350
-83.945479
-74.690751
-63.562904
-50.789118
-36.854914
-22.354637
-7.871219
6.674188
21.518299
35.207612
49.210787
61.962945
72.483335
81.074749
88.423491
93.496357
96.047435
96.786703
95.030580
91.267824
85.406644
77.465602
66.709178
54.145200
39.279461
22.298268
5.758830
-9.837661
-24.230140
-38.100481
-50.973041
-62.918833
-73.258877
-81.490789
-88.876145
-93.938453
-95.884800
-96.603291
-95.103639
-90.927056
-84.129061
-75.012105
-63.859224
-51.161732
-37.363768
-23.084368
-8.621386
5.708763
20.334210
34.041064
47.932693
60.885974
71.698938
80.404282
87.731566
92.795747
95.627819
96.161025
94.597340
90.966054
85.371052
77.667577
67.292963
54.937090
40.408203
23.507731
6.702457
-8.814335
-23.050138
-36.885738
-49.858945
-61.772040
-71.994747
-80.232280
-87.809563
-93.225752
-95.474379
-96.160514
-94.686406
-90.756927
-84.015642
-75.116839
-64.262322
-51.819767
-38.246938
-23.881367
-9.466921
4.769734
19.398076
33.296687
47.114406
60.432468
71.047885
79.823903
87.270907
92.499767
95.325368
96.235446
94.904218
91.496536
86.011035
78.474283
68.238292
55.940492
41.692257
24.888345
8.076940
-7.284028
-21.553040
-35.476514
-48.594475
-60.720614
-71.282557
-79.828330
-87.404592
-93.016965
-95.359768
-96.352441
-95.085076
-91.440678
-84.970679
-76.313700
-65.677507
-53.351947
-39.756128
-25.349685
-10.942561
3.458943
18.302543
32.018082
45.616967
59.007747
70.145471
79.073906
86.616618
92.334747
95.321792
96.378156
95.353467
92.058522
86.818252
79.405308
69.485562
57.194403
43.066910
26.502950
9.711300
-5.912100
-20.459379
-34.326315
-47.639779
-59.895686
-70.597444
-79.141855
-86.640630
-92.548473
-95.227786
-96.314124
-95.308678
-91.925859
-85.757460
-77.323573
-66.744259
-54.656778
-41.228022
-27.023724
-12.457882
1.788650
16.435555
30.468532
44.080530
57.693379
68.959338
78.133856
85.904598
91.772420
95.053911
96.322298
95.458882
92.414277
87.333407
80.405133
70.827348
58.706658
44.853006
28.354951
11.534010
-4.292556
-18.788406
-32.667262
-46.193770
-58.354139
-69.276946
-78.089067
-85.670948
-91.974054
-94.702755
-95.903533
-95.221826
-92.115232
-86.244004
-77.858823
-67.573956
-55.625098
-42.196001
-28.041431
-13.739041
0.512770
15.176535
29.161147
42.803969
56.232555
67.701340
77.034235
84.784201
90.819938
94.231708
95.757757
95.076561
92.140266
87.409530
80.715929
71.314573
59.621504
46.010528
29.784271
12.983084
-3.039326
-17.644337
-31.521661
-44.799873
-57.310207
-68.413700
-77.446188
-85.119690
-91.579131
-94.882080
-96.017293
-95.734085
-92.595134
-87.130751
-79.042401
-68.962063
-57.129860
-43.942417
-30.021327
-15.482221
-1.273666
13.435398
27.574471
41.130611
54.796423
66.329581
75.786795
83.670786
89.994499
93.880040
95.422949
95.106704
92.630216
88.172470
81.512587
72.597946
60.971294
47.856229
32.081434
15.050173
-1.118864
-15.815496
-29.714959
-43.241296
-55.660180
-66.783939
-76.046160
-83.916187
-90.555634
-94.168016
-95.478467
-95.427036
-92.807668
-87.466921
-79.650709
-69.832291
-58.203765
-45.121227
-31.114646
-16.844613
-2.870900
11.803934
26.079416
39.683240
53.416661
65.483195
75.188535
83.241803
89.773791
93.793358
95.563786
95.364026
92.916489
88.553769
82.144056
73.651246
62.414067
49.340555
33.972434
17.003162
0.752722
-14.256580
-28.309311
-41.830029
-54.269178
-65.737622
-75.181212
-82.909380
-89.780433
-93.803576
-95.348528
-95.384291
-93.085766
-88.195290
-80.643722
-71.011100
-59.440306
-46.541521
-32.688550
-18.477610
-4.356078
9.989398
24.281740
37.858486
51.694257
63.886813
73.691096
81.772123
88.579655
92.898437
94.830820
94.787223
92.724221
88.681153
82.684755
74.384553
63.669171
50.959246
35.909414
18.899100
2.643211
-12.342419
-26.190451
-39.789506
-52.457707
-64.109564
-73.841129
-81.779105
-89.017664
-93.402863
-94.897577
-95.084224
-93.034165
-88.591746
-81.348930
-72.149038
-61.079434
-48.314674
-34.752403
-20.412888
-6.309918
7.788454
22.104638
35.482986
48.987865
61.447961
71.653128
79.937322
86.943081
91.673987
94.011341
94.349214
92.657123
88.736670
83.041191
75.217485
64.882551
52.593095
38.112913
21.455969
5.217791
-9.899650
-24.036169
-37.566594
-50.338507
-62.070915
-72.017057
-80.028772
-87.200233
-92.224223
-94.120332
-94.681127
-93.116931
-89.144196
-82.384007
-73.656014
-62.853609
-50.357921
-36.825623
-22.777149
-8.661577
5.332232
19.675323
33.151082
46.621561
59.674467
70.040567
78.619719
85.765464
90.999774
93.589340
94.369309
92.967067
89.650154
84.303447
76.926947
66.958836
54.859604
40.936129
24.722133
8.213009
-7.083927
-21.120310
-34.728221
-47.661747
-59.492418
-69.675616
-77.900546
-85.349083
-90.897424
-93.113695
-93.892132
-92.801367
-89.342083
-83.197526
-74.805702
-64.474685
-52.425010
-38.980756
-25.188242
-11.102813
2.894231
17.210586
30.671869
44.020925
57.120664
68.002088
76.886926
84.365436
89.960779
92.807668
93.918528
92.998743
89.914118
84.909371
78.040702
68.758045
57.043859
43.617146
27.639185
11.354855
-4.066399
-18.519333
-32.149553
-45.197010
-57.207516
-68.012817
-76.678310
-84.200927
-90.282815
-93.104839
-94.127996
-93.285356
-90.232917
-84.544250
-76.529980
-66.579240
-54.748058
-41.669267
-27.990511
-13.775996
0.095538
14.342410
28.047562
41.247266
54.573161
65.756014
74.950116
82.494872
88.586467
92.147248
93.582528
92.984608
90.333394
85.870368
79.293762
70.310661
58.911698
45.904943
30.367715
13.924667
-1.659393
-16.104153
-29.648372
-43.051754
-55.388553
-66.484553
-75.344869
-82.931178
-89.408159
-92.680284
-93.988861
-93.751465
-91.101442
-85.942234
-78.178304
-68.482331
-57.023082
-44.006450
-30.308110
-16.160522
-2.299036
11.840037
25.720256
38.933243
52.288430
64.005852
73.502575
81.411600
88.074548
91.877495
93.723536
93.549831
91.130052
86.862360
80.621243
72.385073
61.293159
48.541682
33.265182
16.540459
0.847919
-13.801370
-27.431761
-40.660586
-53.008624
-64.311198
-73.634045
-81.449236
-88.243655
-92.346328
-93.863351
-93.902009
-91.671092
-86.803777
-79.489946
-70.113965
-58.811392
-46.262911
-32.650573
-18.502814
-4.395757
9.743827
24.034636
37.365300
50.951924
62.910318
72.706767
80.733299
87.555477
91.839858
93.847002
93.908991
91.864552
88.010345
82.047837
73.807069
63.087600
50.707885
35.774878
19.173452
3.101826
-11.660882
-25.333847
-38.762263
-51.483256
-63.059841
-72.778804
-80.751351
-87.835959
-92.306818
-93.936239
-94.315154
-92.525993
-88.181155
-81.178631
-72.069338
-61.149767
-48.600606
-34.999337
-20.833015
-6.772109
7.396936
21.755695
35.058601
48.580340
61.029366
71.030174
79.425403
86.383309
91.340542
93.695436
94.226258
92.556987
88.871036
83.151034
75.486728
65.036161
52.691528
38.190399
21.519150
5.422660
-9.563480
-23.491723
-36.923885
-49.489566
-61.225721
-71.376051
-79.510212
-86.724758
-91.683524
-93.527011
-94.319241
-92.789616
-88.899136
-82.228354
-73.366676
-62.578235
-50.227301
-36.748988
-22.712605
-8.696488
5.398648
19.852604
33.103909
46.771084
59.498549
69.972958
78.445503
85.663455
90.837138
93.476602
94.183343
92.698336
89.339188
84.000996
76.649019
66.666092
54.641111
40.697200
24.149077
7.745198
-7.510526
-21.587610
-35.137108
-47.926392
-59.965338
-70.314407
-78.564712
-85.911580
-91.399636
-93.570777
-94.395024
-93.231031
-89.730706
-83.463873
-74.930532
-64.252445
-52.007777
-38.616998
-24.634259
-10.520220
3.540175
17.887354
31.597955
45.381444
58.269841
69.162505
77.754770
85.318429
90.766294
93.683004
94.745840
93.631915
90.356554
85.191556
78.127554
68.371466
56.575537
42.721544
26.274068
9.793895
-5.597046
-19.878660
-33.587388
-46.570642
-58.555092
-69.224494
-77.845880
-85.405963
-91.159173
-93.672616
-94.885826
-93.943562
-90.679271
-84.751334
-76.360532
-65.981150
-53.873743
-40.500334
-26.392937
-12.259994
1.940387
16.404220
30.062369
43.689523
57.105167
68.324123
77.365126
85.028069
90.737854
94.002826
95.133271
94.302722
91.286216
86.549350
79.548529
70.087229
58.249065
44.730050
28.599501
11.746032
-3.896100
-18.276146
-32.165902
-45.439856
-57.563441
-68.525417
-77.133349
-84.981067
-91.233764
-94.193050
-95.416137
-94.665459
-91.743129
-85.926567
-77.878237
-67.580257
-55.702584
-42.412622
-28.457982
-14.220987
-0.028610
14.544044
28.472458
42.095525
55.712291
67.110573
76.450620
84.166697
90.220656
93.585082
95.081500
94.424656
91.709409
86.974587
80.358471
71.077006
59.406757
46.015978
29.829400
12.992280
-2.876690
-17.448323
-31.387806
-44.509854
-56.801013
-67.719562
-76.655320
-84.438154
-90.976102
-94.104494
-95.607553
-95.273256
-92.350415
-86.832728
-78.631980
-68.545001
-56.579113
-43.199233
-29.144628
-14.944247
-0.689200
13.854844
27.989830
41.597741
55.373907
67.117214
76.606955
84.465061
90.519530
94.089678
95.505204
94.964164
92.383283
87.921619
81.381627
72.394950
60.756207
47.391823
31.350000
14.469964
-1.527241
-16.234773
-30.182600
-43.555668
-56.094953
-67.369427
-76.537303
-84.326438
-91.043200
-94.633784
-96.053737
-95.711776
-92.974050
-87.452957
-79.489265
-69.522517
-57.703938
-44.557197
-30.531543
-16.040972
-1.727172
12.839011
27.021510
40.758848
54.595300
66.416774

