18.407447
5.899497
-6.987197
-18.974883
-30.561345
-41.416543
-50.259829
-57.387352
-63.352415
-68.505151
-72.307076
-74.505295
-74.999332
-73.091473
-68.666594
-63.316822
-56.578262
-47.176906
-36.975656
-26.973997
-15.280928
-2.547162
8.833579
19.576720
30.665057
40.569987
49.959421
57.625089
64.092193
69.126913
72.303329
72.811501
71.478571
68.245615
64.441987
60.218062
54.071631
46.803270
38.895607
29.873848
19.953081
7.708243
-5.370889
-17.307826
-29.067312
-39.964574
-49.065011
-56.481532
-62.675135
-68.171365
-72.146995
-74.788162
-75.404133
-73.811497
-69.435154
-64.089979
-57.633775
-48.586811
-38.311311
-28.561183
-17.191512
-4.365274
7.295609
18.287727
29.212236
39.263793
48.775503
56.890079
63.383409
68.683113
72.130646
72.918279
71.828195
68.697589
64.922401
60.768127
55.023602
47.784703
40.111542
31.209673
21.616220
9.625639
-3.655468
-15.861137
-27.657066
-38.817610
-48.323018
-56.060723
-62.432119
-67.813396
-71.946893
-74.721745
-75.711523
-74.287483
-70.323774
-65.259593
-58.898245
-50.114734
-39.775712
-29.886450
-18.570253
-5.619696
6.262064
17.068897
28.193338
38.532870
48.173496
56.498562
63.268117
68.817139
72.616509
73.516709
72.570358
69.731815
65.707479
61.695576
56.018659
48.654590
40.908200
32.005140
22.294010
10.510002
-2.761909
-15.078272
-26.887144
-38.176264
-47.881263
-55.776494
-62.326023
-67.907742
-72.110210
-74.891363
-75.995071
-74.915205
-71.073260
-65.855810
-59.624570
-51.050356
-40.739094
-30.734198
-19.642626
-6.667376
5.396775
16.365562
27.566637
37.880114
47.588178
55.947644
62.714645
68.331957
72.379453
73.615142
72.794642
70.101193
66.172395
62.068530
56.658983
49.576759
41.771446
32.982656
23.340327
11.771236
-1.681873
-14.090708
-26.079587
-37.544795
-47.251156
-55.234603
-61.754669
-67.413705
-71.949448
-75.080224
-76.435464
-75.501033
-71.874346
-66.610915
-60.498204
-51.949876
-41.488068
-31.556913
-20.772389
-7.930143
4.213197
15.355349
26.542800
37.259885
47.162090
55.687087
62.499557
68.207298
72.357995
73.767730
73.091984
70.647512
66.812379
62.805755
57.485104
50.376313
42.808737
34.089940
24.334022
12.873241
-0.503574
-13.041496
-25.071757
-36.658730
-46.721356
-54.897411
-61.522211
-67.292452
-71.905681
-74.880464
-76.415368
-75.678825
-72.305713
-67.131349
-61.181613
-52.972862
-42.543241
-32.367877
-21.732705
-9.059225
3.401893
14.523949
25.881188
36.472082
46.326433
55.094106
62.167134
67.949806
72.262628
73.929685
73.337896
71.040733
66.914558
62.873874
57.708195
50.841059
43.190207
34.525565
25.125061
13.892140
0.529460
-12.254885
-24.027143
-35.493885
-45.653752
-54.037741
-60.931274
-66.724334
-71.375540
-74.628421
-76.297011
-75.717994
-72.471755
-67.373344
-61.761481
-53.589514
-43.389968
-33.165216
-22.689785
-9.947334
2.634355
13.711793
24.971621
35.661289
45.540673
54.324695
61.411858
67.128965
71.637630
73.696375
73.306901
71.105787
67.261117
63.259261
58.105162
51.186255
43.541704
35.126209
25.615181
14.890432
1.655647
-11.225598
-23.127794
-34.602370
-44.958081
-53.387199
-60.131890
-65.944024
-70.833819
-74.050426
-75.891359
-75.484855
-72.533573
-67.491702
-61.875411
-54.154737
-44.016157
-33.786127
-23.455790
-10.963167
1.669271
12.839862
23.990359
34.671852
44.582912
53.487335
60.701370
66.729954
71.206944
73.389496
73.066439
71.097442
67.316123
63.260453
58.498553
51.818575
44.321673
35.833972
26.347637
15.830142
2.735513
-10.239737
-22.178377
-33.714601
-43.934073
-52.409342
-59.426853
-65.274749
-70.222446
-73.699100
-75.711523
-75.576816
-72.703362
-67.823614
-62.197277
-54.712636
-44.879913
-34.731967
-24.554389
-12.384483
0.322376
11.655603
22.786515
33.616168
43.632133
52.811589
60.062238
66.119092
70.774385
73.206084
73.018074
71.172885
67.605802
63.701357
59.089661
52.406618
44.858456
36.654132
27.309997
16.910860
4.150357
-8.794410
-20.671231
-32.155343
-42.683227
-51.338332
-58.457511
-64.464126
-69.599152
-73.336363
-75.483833
-75.646639
-73.204041
-68.485737
-62.856844
-55.686746
-46.175037
-35.973276
-25.912523
-13.887882
-1.100983
10.245187
21.266937
32.196215
42.197534
51.535709
59.050492
65.185343
70.097957
72.841815
72.990315
71.408749
67.839793
64.123188
59.571777
53.120000
45.515299
37.471226
28.209516
18.118961
5.630595
-7.218633
-19.211429
-30.785458
-41.554655
-50.432341
-57.773931
-64.000402
-69.126402
-72.775739
-75.078011
-75.460843
-73.351690
-68.820034
-63.532591
-56.770699
-47.241449
-36.950452
-27.153492
-15.344109
-2.456222
9.180648
20.155907
31.032051
41.006633
50.442900
58.293683
64.821584
69.847788
72.935649
73.193141
71.850164
68.617889
64.668996
60.113668
53.804943
46.403919
38.384710
29.347624
19.416128
6.975957
-6.196158
-18.049989
-29.794829
-40.701798
-49.902882
-57.224546
-63.320909
-68.581785
-72.541577
-74.967827
-75.673887
-73.907375
-69.580419
-64.199652
-57.509627
-48.257453
-37.837539
-27.988808
-16.508954
-3.595522
8.105550
19.080298
30.152287
40.297849
49.695628
57.604653
64.219066
69.512640
72.876385
73.376213
72.175435
68.933964
65.028157
60.772044
54.884298
47.580174
39.612566
30.365331
20.451546
8.331537
-4.993166
-17.109088
-28.652464
-39.578165
-48.698357
-56.367261
-62.688930
-68.004302
-72.140012
-74.848618
-75.737579
-74.270112
-69.997651
-64.693860
-58.327062
-49.484798
-39.008856
-29.314927
-18.223694
-5.328655
6.612028
17.703090
28.837749
38.998127
48.569100
56.610107
63.070570
68.544149
72.257519
73.092835
72.067125
69.178343
65.165077
61.072452
55.439983
48.299687
40.570668
31.656878
22.095442
10.222026
-3.183910
-15.503849
-27.222463
-38.478204
-47.948871
-55.673633
-61.911004
-67.219053
-71.363960
-74.145964
-75.275046
-74.214254
-70.454563
-65.285308
-59.157440
-50.431149
-40.052278
-30.164037
-19.223520
-6.465912
5.505255
16.262872
27.429717
37.873983
47.566210
55.721147
62.541110
67.946741
71.744578
72.989294
72.239126
69.535460
65.591846
61.532770
55.978979
48.955338
41.267020
32.394443
22.791283
11.357750
-1.825946
-14.079128
-25.774922
-36.931208
-46.692065
-54.641792
-61.156069
-66.786494
-71.187871
-73.919807
-75.266702
-74.427639
-70.792437
-65.696410
-59.843574
-51.482405
-41.175570
-31.396321
-20.795039
-8.096014
4.082067
15.190159
26.215655
36.613601
46.260698
54.944583
61.855486
67.464284
71.548734
73.149034
72.491510
69.915056
66.111939
62.057802
56.828431
49.901520
42.175395
33.566611
24.093390
13.023615
-0.278950
-12.636866
-24.298429
-35.552638
-45.486689
-53.708724
-60.369798
-66.180740
-70.822409
-73.836361
-75.269427
-74.677638
-71.489470
-66.601719
-60.764721
-52.855355
-42.763948
-32.907724
-22.397041
-9.827444
2.586842
13.647250
24.749722
35.204036
44.996398
53.723880
60.738666
66.453218
70.988451
72.837557
72.474650
70.312875
66.547905
62.568699
57.338136
50.474576
42.929309
34.607138
25.243929
14.472348
1.514809
-11.058194
-22.926160
-34.299578
-44.544254
-52.940164
-59.799467
-65.592357
-70.259571
-73.385409
-75.066430
-74.711697
-71.806397
-66.993747
-61.336075
-53.814479
-43.859141
-33.780336
-23.537704
-11.141130
1.373972
12.466567
23.454257
34.044300
43.824230
52.692550
59.987817
65.965312
70.607662
72.819335
72.621277
70.787668
67.039728
63.123873
58.243275
51.502330
43.842963
35.455738
26.204416
15.701396
2.725806
-9.931667
-21.635975
-33.031872
-43.369191
-51.868813
-58.896882
-64.810344
-69.640875
-73.045322
-75.114965
-74.784075
-72.063719
-67.348140
-61.926842
-54.633788
-44.817924
-34.769773
-24.719068
-12.438297
0.182901
11.435066
22.306272
33.029658
42.926754
51.945618
59.328931
65.436023
70.241008
72.849478
72.661638
71.019786
67.574637
63.619273
58.833872
52.307504
44.767346
36.505290
27.111939
16.849211
4.176072
-8.485658
-20.365715
-31.765188
-42.311805
-51.015615
-58.242593
-64.287526
-69.280522
-72.804860
-74.944496
-75.061662
-72.624683
-68.067483
-62.685353
-55.643831
-46.154772
-36.059277
-26.021685
-14.074019
-1.284565
10.112865
21.090167
31.930889
41.751351
51.094975
58.716876
64.981154
70.016214
72.805200
72.932925
71.433442
68.049261
64.099516
59.688091
53.366082
46.038798
37.981101
28.719561
18.642970
6.025859
-7.241964
-19.076552
-30.612605
-41.441066
-50.350598
-57.648250
-63.711235
-69.030694
-72.774887
-75.213739
-75.556551
-73.454550
-68.921532
-63.446249
-56.700877
-47.292880
-37.157365
-27.459860
-15.777179
-2.929653
8.621216
19.649778
30.620268
40.626526
50.038440
57.790961
64.095599
69.275754
72.605269
73.077508
71.802139
68.674428
64.890385
60.539586
54.199866
46.681847
38.834129
29.660634
19.693375
7.338694
-5.637237
-17.529896
-29.221773
-40.200438
-49.512216
-57.113000
-63.298941
-68.552494
-72.425774
-74.831929
-75.486388
-73.834487
-69.693327
-64.353432
-57.810886
-48.774481
-38.373981
-28.463261
-16.791991
-3.956045
7.716247
18.690654
29.586383
39.770263
49.372911
57.327236
64.008917
69.363458
72.771141
73.360034
72.163173
69.059134
65.126589
60.893638
55.126122
47.637224
39.692095
30.626399
20.799296
8.688825
-4.546813
-16.577414
-28.353759
-39.324079
-48.734801
-56.561572
-62.931946
-68.326507
-72.351864
-75.107302
-75.877224
-74.323245
-70.272343
-65.139532
-58.677197
-49.703121
-39.440564
-29.603583
-18.293687
-5.448375
6.509849
17.584903
28.557948
38.934776
48.576253
56.674991
63.336236
68.771669
72.471925
73.405845
72.480610
69.646154
65.844059
61.716693
55.928401
48.600606
40.695838
31.607662
21.800484
9.922300
-3.446341
-15.567711
-27.351890
-38.503919
-48.054797
-55.870499
-62.319381
-67.917109
-72.181565
-74.888979
-75.799397
-74.496099
-70.686000
-65.353939
-59.189967
-50.574541
-40.288142
-30.366182
-19.215516
-6.376845
5.658865
16.583885
27.859211
38.113253
47.695977
55.981364
62.692676
68.344389
72.269269
73.427132
72.644608
69.929872
66.025938
61.894485
56.357384
49.333572
41.640145
32.679864
22.961242
11.269706
-2.226489
-14.580659
-26.425975
-37.634713
-47.259501
-55.259636
-61.822108
-67.324127
-71.658237
-74.581419
-75.941597
-74.902603
-71.125882
-65.959692
-59.951714
-51.449026
-41.039331
-31.206778
-20.320245
-7.578645
4.572528
15.470130
26.634591
37.144593
47.074045
55.551018
62.420028
67.872490
71.975333
73.431219
72.762285
70.085696
66.272872
62.317678
56.952919
49.753530
42.055675
33.469881
23.998703
12.570449
-0.819819
-13.241087
-25.163719
-36.654132
-46.591248
-54.802213
-61.405557
-67.103761
-71.554525
-74.489968
-75.959478
-75.115476
-71.713754
-66.608531
-60.673101
-52.439145
-42.038475
-31.906877
-21.119969
-8.461475
3.741809
14.625788
25.709186
36.266702
46.070133
54.820606
61.856849
67.696060
71.926117
73.488610
72.879110
70.509400
66.631011
62.727417
57.521718
50.524814
42.814187
34.182412
24.593898
13.464519
0.245060
-12.227637
-24.035828
-35.471576
-45.552935
-53.679262
-60.592038
-66.401107
-71.159942
-74.280160
-75.853041
-75.211866
-71.863958
-66.812720
-61.170374
-53.216560
-43.115275
-33.030680
-22.532599
-9.975944

