-68.426643
-71.884053
-72.233166
-71.601697
-69.133554
-66.386291
-62.954085
-57.182312
-49.419573
-41.215760
-30.981643
-18.286875
-5.647114
5.860329
16.677209
27.199984
37.412643
46.331712
53.670747
61.146702
67.716837
71.831431
72.732653
71.404491
69.256340
65.469742
60.620138
54.038933
46.330861
37.779297
29.225179
19.365549
8.551223
-1.690217
-12.376138
-24.124725
-35.232646
-45.166186
-54.166998
-61.797925
-67.939929
-71.527958
-72.097778
-71.502583
-69.444520
-66.624710
-63.428368
-58.092219
-50.456013
-42.366811
-32.251733
-19.772393
-6.962674
4.565716
15.501976
26.022877
36.205394
45.330865
52.875451
60.295718
67.154510
71.527958
72.812693
71.764503
69.428682
65.789563
61.118262
55.092403
47.478506
39.066757
30.483518
20.687750
9.862014
-0.573056
-11.028222
-22.696597
-33.656699
-43.732439
-52.820104
-60.854128
-67.259584
-71.492706
-72.353056
-71.882180
-69.771154
-66.799777
-63.687904
-58.634962
-51.288775
-43.208088
-33.512115
-21.279539
-8.507286
3.446851
14.400993
24.906056
35.364458
44.524840
52.030257
59.343066
66.314765
70.988280
72.730950
71.841819
69.823435
66.527128
61.844247
55.819409
48.285893
39.822885
31.289884
21.606684
10.834932
0.481946
-10.035889
-21.489177
-32.705579
-42.879411
-52.156108
-60.453756
-67.118236
-71.483340
-72.413683
-71.949959
-69.985901
-67.029681
-64.073971
-59.341873
-52.158833
-44.179133
-34.654481
-22.374562
-9.516307
2.340078
13.352292
23.922239
34.270627
43.601309
51.231555
58.637176
65.756696
70.839609
72.830575
72.169815
70.203883
66.852570
62.340157
56.399277
48.997572
40.698051
32.422372
22.990533
12.212481
1.700776
-8.739403
-20.487990
-31.927143
-42.201110
-51.590034
-59.659481
-66.266741
-70.923737
-72.216306
-71.763141
-70.236921
-67.500898
-64.575161
-60.130698
-53.111655
-44.989075
-35.725491
-23.767437
-10.857923
1.208782
12.226105
22.761481
33.125707
42.805842
50.775153
58.134113
65.335376
70.642573
72.752578
72.366170
70.365156
67.330599
63.009773
57.226930
49.896240
41.696174
33.328022
23.894651
13.093948
2.571685
-7.731404
-19.283124
-30.738456
-41.155985
-50.576074
-58.990717
-65.953732
-70.970229
-72.602885
-72.187866
-70.567301
-67.682607
-64.875909
-60.618094
-53.820951
-45.923676
-36.945854
-25.018283
-12.133462
0.198398
11.273963
21.940640
32.280513
41.932208
49.957548
57.387011
64.640215
70.145471
72.823422
72.599309
70.960692
67.844391
63.520159
57.921921
50.753866
42.534385
34.194844
24.991887
14.343432
3.797327
-6.685938
-18.214669
-29.896498
-40.325948
-49.845491
-58.425495
-65.316813
-70.550953
-72.415897
-72.390182
-70.966482
-68.029676
-65.263339
-61.188255
-54.630893
-46.551057
-37.650211
-26.149579
-13.314996
-0.999996
10.134833
20.763023
30.946561
41.097913
49.213512
56.629862
63.957827
69.799253
72.609527
72.505815
70.949112
68.077530
63.980307
58.499064
51.451070
43.109826
34.708806
25.783948
15.274627
4.557541
-5.705357
-17.051186
-28.861080
-39.532695
-49.299002
-57.816846
-64.958334
-70.237432
-72.465284
-72.369235
-71.209499
-68.323442
-65.636124
-61.799799
-55.250951
-47.263588
-38.668428
-27.306250
-14.516115
-1.985346
9.185757
19.826378
30.180216
40.232113
48.648800
56.045907
63.534634
69.557258
72.642905
72.726863
71.164880
68.303517
64.300980
58.942693
52.082879
44.120720
35.614627
26.690279
16.163588
5.362034
-4.862036
-16.180277
-27.892079
-38.616317
-48.233441
-56.920733
-64.151968
-69.636106
-72.290557
-72.442123
-71.476698
-68.826675
-65.846784
-62.064103
-55.957181
-47.945636
-39.468833
-28.432097
-15.638556
-3.158876
8.279766
19.028868
29.414722
39.531674
48.038619
55.338144
62.860080
69.038527
72.444337
72.835003
71.449620
68.771499
64.881189
59.829099
52.955832
44.944286
36.381313
27.563402
17.038754
6.147623
-4.037619
-14.995507
-26.735067
-37.703174
-47.482252
-56.177548
-63.633408
-69.485732
-72.252069
-72.492020
-71.702344
-69.002765
-66.159964
-62.587602
-56.662049
-48.786231
-40.480239
-29.784100
-16.981363
-4.432372
7.094996
17.828771
28.402635
38.618701
47.104188
54.478645
61.985595
68.474667
72.303670
73.064906
71.737085
69.255659
65.392085
60.439791
53.748233
45.725788
37.218503
28.449127
18.248047
7.386718
-2.982616
-13.779061
-25.556769
-36.428486
-46.355554
-55.188622
-62.848500
-68.806240
-72.204045
-72.546857
-71.911982
-69.373335
-66.450664
-62.877280
-57.184526
-49.541507
-41.261571
-30.828033
-18.239362
-5.615268
6.036077
16.992433
27.465820
37.685973
46.700920
53.997210
61.175312
67.721776
71.692978
72.765180
71.624688
69.245611
65.577711
60.826540
54.402692
46.665328
38.049732
29.355288
19.170897
8.399316
-1.754080
-12.405600
-24.305923
-35.443647
-45.407159
-54.485117
-62.166282
-68.381514
-72.089093
-72.664533
-71.792603
-69.514172
-66.580262
-63.442843
-57.950871
-50.220490
-41.997773
-31.905685
-19.270011
-6.605557
5.057710
15.895026
26.364837
36.648852
45.740604
53.201914
60.569048
67.308630
71.649892
72.941099
71.851867
69.634233
66.047055
61.211756
54.826055
47.301565
38.893393
30.325651
20.359584
9.543555
-0.902755
-11.515958
-23.340668
-34.540721
-44.498955
-53.537743
-61.511823
-67.801135
-71.686336
-72.331599
-71.879285
-69.729090
-66.799266
-63.589471
-58.620317
-51.127672
-42.776551
-32.922881
-20.539079
-7.861001
3.743853
14.564310
24.902139
35.174234
44.403928
52.226441
59.615033
66.548586
71.194002
72.778123
71.873154
69.627932
66.085202
61.553546
55.515596
47.993490
39.823907
31.472104
21.705627
10.715212
0.241314
-10.313817
-21.992752
-33.314909
-43.466602
-52.634648
-60.651302
-67.144462
-71.518932
-72.511094
-72.081089
-70.000376
-67.101376
-63.995634
-59.256724
-51.948513
-43.772289
-34.270797
-22.083351
-9.212324
2.640826
13.567890
24.064268
34.347262
43.864250
51.537752
58.834723
65.846103
70.783240
72.735718
71.949278
69.979940
66.834177
62.383924
56.273767
49.011537
40.584803
32.082966
22.752966
12.071133
1.616137
-8.745364
-20.457166
-32.018423
-42.208093
-51.560402
-59.788568
-66.444022
-71.152960
-72.522845
-72.175775
-70.525748
-67.515033
-64.612968
-60.062749
-52.932501
-44.808728
-35.610029
-23.469073
-10.710103
1.239947
12.285880
22.828749
33.112594
42.826448
50.813300
58.025633
65.130506
70.361069
72.616339
72.259562
70.318324
67.171710
62.832662
57.281085
50.075395
41.677952
33.202682
24.035828
13.306311
2.601487
-7.539817
-19.084045
-30.614989
-40.882996
-50.424167
-58.813606
-65.765211
-70.887804
-72.769267
-72.456939
-70.903812
-67.858015
-64.899581
-60.720784
-53.857565
-45.869350
-36.962203
-25.138514
-12.160199
0.076635
11.124781
21.625587
32.092673
41.908026
49.926894
57.037728
64.358371
69.953203
72.630984
72.444337
70.726361
67.650420
63.484907
57.916301
50.798144
42.438337
34.102542
24.968897
14.472348
3.826278
-6.411927
-17.700025
-29.362100
-39.754425
-49.331869
-57.833365
-64.950671
-70.307084
-72.380304
-72.277614
-71.053164
-68.076168
-65.199477
-61.174291
-54.716723
-46.774660
-38.112743
-26.662179
-13.762202
-1.406499
9.844303
20.437922
30.940090
40.781157
48.921960
56.102276
63.404185
69.257021
72.275911
72.407722
70.833308
67.999704
63.921383
58.501278
51.658154
43.499640
35.078355
26.174954
15.766791
5.193778
-5.014794
-16.188622
-27.893782
-38.508177
-48.201425
-56.934186
-64.151287
-69.665398
-72.245257
-72.323084
-71.294989
-68.476370
-65.671887
-61.885118
-55.631399
-47.631264
-39.097922
-28.031213
-15.406609
-2.840417
8.456537
19.028016
29.339450
39.370911
47.880922
55.153881
62.483379
68.649905
71.959666
72.436673
70.808785
68.189246
64.356668
59.221302
52.568061
44.612885
36.230087
27.463606
16.939299
6.243842
-3.766843
-14.766625
-26.494605
-37.126201
-46.827112
-55.610623
-63.105822
-68.958487
-72.007350
-72.131498
-71.440595
-68.739142
-65.890721
-62.321765
-56.460415
-48.711470
-40.319477
-29.586894
-16.915458
-4.394565
7.102830
17.835413
28.338603
38.547856
47.082901
54.339511
61.751774
68.031379
71.765695
72.532722
71.252584
68.867547
64.999206
60.127122
53.573677
45.670612
37.246261
28.523207
18.315315
7.536071
-2.544948
-13.475248
-25.189945
-36.167588
-46.028750
-54.945435
-62.609400
-68.524224
-71.768931
-72.358165
-71.617024
-69.098302
-66.403491
-63.092879
-57.487999
-49.711806
-41.505098
-30.944688
-18.391098
-5.654097
5.950417
16.755547
27.264357
37.394421
46.283347
53.701230
60.978617
67.623002
71.741343
72.796004
71.659088
69.266217
65.489497
60.619456
54.261344
46.413796
38.046667
29.579912
19.574506
8.715391
-1.506805
-12.194259
-23.931776
-35.009044
-44.968469
-53.902013
-61.780385
-68.040746
-71.919816
-72.462899
-71.775232
-69.461209
-66.572087
-63.407081
-58.129856
-50.441367
-42.226655
-32.145977
-19.589492
-6.898642
4.742486
15.481200
26.120118
36.474807
45.409373
52.852971
60.124057
66.907236
71.204049
72.517225
71.628094
69.356135
65.889359
61.216865
54.831505
47.184910
38.738932
30.189753
20.331144
9.516818
-0.651905
-11.206865
-22.914921
-33.703702
-43.807200
-52.939653
-60.984237
-67.400081
-71.460520
-72.302307
-71.739299
-69.621461
-66.556760
-63.458000
-58.497361
-51.137550
-43.065718
-33.231633
-21.023239
-8.142676
3.776380
14.599051
25.009939
35.416058
44.717789
52.055631
59.336254
66.266571
70.856980
72.570188
71.835007
69.686515
66.418137
61.781066
55.567707
47.998258
39.571183
31.114987
21.486282
10.780096
0.527757
-9.935754
-21.706820
-33.012629
-43.194805
-52.230018
-60.211420
-66.759246
-71.172374
-72.313888
-71.943658
-70.175614
-67.285129
-64.307281
-59.471301
-52.103996
-44.033187
-34.538507
-22.260632
-9.426900
2.477850
13.270719
23.913043
34.285273
43.766839
51.486152
58.879171
66.018275
70.902790
72.674070
71.872643
70.075648
66.747665
62.272378
56.363855
48.909869
40.642704
32.175439
22.688763
11.944430
1.504932
-8.870193
-20.552192
-31.912497
-41.995900
-51.357576
-59.637512
-66.317150
-71.006843
-72.488444
-72.154318
-70.466144
-67.536490
-64.596619
-60.159309
-53.191696
-45.043571
-35.602195
-23.544175
-10.759149
1.335314
12.412752
22.925990
33.219882
42.864595
50.844465
58.151824
65.454245
70.700986
72.913000
72.353397
70.440088
67.270313
63.096285
57.282959
49.957037
41.441236
33.031872
23.728609
13.046946
2.402578
-7.865259
-19.305944
-30.647516
-41.058745
-50.625460
-58.954614
-65.774066
-70.807423
-72.545154
-72.218180
-70.674760
-67.752770
-64.821073
-60.594252
-53.719452
-45.866626
-36.866324
-24.973835
-12.120690
0.156164
11.292015
21.889380
32.319852
42.019742
49.973556
57.346991
64.657245
70.139340
72.653294
72.339433
70.644276
67.712409
63.377789
57.746853
50.542865
42.289325
33.846412
24.670022
14.093433
3.571851
-6.726980
-18.139907
-29.697078
-40.097577
-49.524988
-58.018310
-65.105643
-70.318665
-72.317294
-72.276763
-71.101870
-68.310840
-65.509592
-61.203752
-54.593938
-46.549354
-37.775040
-26.253632
-13.450214
-1.164675
10.100944
20.791633
31.125375
41.157178
49.319948
56.653363
64.057112
69.701161

