26.683467
37.218332
47.475781
56.936060
66.477742
75.659752
83.026034
88.226455
91.178077
92.555455
92.325721
91.305801
90.129716
87.594475
83.577463
78.354563
71.560315
63.911506
54.918187
44.599431
32.571895
20.052876
8.539813
-3.079517
-14.697654
-26.157754
-37.063190
-47.564677
-57.643141
-67.192827
-76.351847
-84.177767
-90.364218
-94.486305
-96.437250
-96.326726
-95.115219
-93.297447
-90.853657
-86.264270
-79.870224
-72.639329
-64.338446
-53.816353
-40.846041
-28.003284
-15.677214
-3.460816
8.247920
19.449677
30.108009
40.705204
50.733600
60.349192
70.078884
78.733478
85.330691
89.864731
92.220306
92.970644
92.224564
91.210433
89.888232
86.701768
82.454511
76.583454
69.587571
61.335053
51.915816
41.106599
28.703042
16.591038
4.994699
-6.711653
-18.387692
-29.669489
-40.340253
-50.950902
-60.869285
-70.393426
-79.434259
-86.786066
-92.342751
-95.835073
-97.128493
-96.700021
-95.185552
-93.203783
-90.079308
-84.710462
-77.904974
-70.258379
-61.309167
-49.853325
-36.621945
-23.889201
-11.343275
0.683750
12.350934
23.482697
33.997808
44.371401
54.146733
63.876425
73.505640
81.467288
87.376663
91.142314
93.030759
93.241930
92.256239
91.407129
89.508125
85.830178
80.947535
74.685982
67.405701
58.732884
48.767328
37.134034
24.430582
12.551035
0.801257
-11.109625
-22.701536
-33.798388
-44.447354
-54.997887
-64.814091
-74.375016
-82.805157
-89.670931
-94.470807
-97.055265
-97.585576
-96.772569
-95.094442
-92.720645
-88.708401
-82.701104
-75.687340
-67.622832
-57.793004
-45.282330
-32.093525
-19.370828
-6.983961
4.929815
16.313280
27.334349
38.033043
48.525844
58.092219
67.899057
77.258348
84.501505
89.597872
92.540298
93.936580
93.706676
92.706169
91.591733
88.825056
84.747757
79.274007
72.329215
64.512151
55.299827
44.735329
32.382863
19.817352
8.218118
-3.560952
-15.509299
-27.119943
-38.045645
-48.763752
-59.144156
-68.629639
-77.879088
-85.771084
-91.909000
-96.162217
-98.035336
-97.878660
-96.696104
-94.862495
-92.081002
-87.047986
-80.507994
-73.194844
-64.569030
-53.579126
-40.423189
-27.309316
-14.771223
-2.387251
9.361335
20.783969
31.613793
42.317935
52.469458
61.963115
71.690423
80.300229
86.803947
91.091905
93.463148
94.073330
93.319757
92.336961
90.825558
87.563651
83.040169
77.011585
69.732325
61.166116
51.477637
40.339402
27.683803
15.443393
3.791366
-8.218288
-20.122869
-31.576838
-42.503732
-53.097861
-63.054221
-72.582790
-81.483637
-88.705165
-94.112839
-97.340005
-98.446437
-97.693375
-96.061911
-93.967233
-90.475593
-84.668909
-77.663149
-69.778647
-60.553721
-48.522438
-35.212721
-22.423267
-9.835277
2.256121
14.025484
25.245973
35.977534
46.489920
56.310552
66.184316
75.667756
83.456550
89.175190
92.634133
94.271047
94.250781
93.195438
92.316525
89.954989
86.070469
80.834968
74.141366
66.440616
57.353122
47.029257
35.072565
22.359065
10.539974
-1.434428
-13.331005
-25.025266
-36.187853
-46.916859
-57.388203
-67.132201
-76.492684
-84.718296
-91.092927
-95.589672
-97.875765
-98.213809
-97.233568
-95.367943
-92.819589
-88.394710
-82.035746
-74.701990
-66.306932
-56.087460
-43.289832
-30.111926
-17.320088
-4.839897
7.160902
18.727439
29.702016
40.400880
50.628866
60.231856
70.024558
79.157863
85.939850
90.681314
93.302727
94.406264
93.694414
92.592410
91.337647
88.318586
83.998271
78.217813
71.212053
63.051837
53.632259
42.664494
30.056408
17.530237
5.912781
-5.935260
-17.822640
-29.320206
-40.190220
-50.992795
-61.282601
-70.994752
-79.950605
-87.444782
-93.201739
-96.796921
-98.156759
-97.834723
-96.387352
-94.351087
-91.267143
-85.816894
-78.970534
-71.417945
-62.497684
-50.947666
-37.647315
-24.792467
-12.205669
0.098603
11.787415
23.011139
33.812182
44.501168
54.423298
64.030205
73.719025
81.852164
87.941204
91.797965
93.736478
94.080653
93.225070
92.267650
90.307168
86.708239
82.000494
75.604745
68.053518
59.357030
49.363204
37.801947
24.883066
12.849569
1.147645
-10.712828
-22.444044
-33.863272
-44.602156
-55.210931
-65.063068
-74.540036
-82.988569
-89.860303
-94.846317
-97.593921
-98.166295
-97.139052
-95.482043
-93.328272
-89.413268
-83.452804
-76.219695
-68.241358
-58.465515
-45.876673
-32.610723
-19.896712
-7.470165
4.523993
16.233070
27.341161
38.048029
48.530272
58.274610
68.091835
77.386584
84.682362
90.022257
93.074015
94.533478
94.104665
93.020541
91.875110
89.018856
84.816899
79.303128
72.459664
64.558302
55.293867
44.917720
32.722269
20.156928
8.179120
-3.793921
-15.717064
-27.357510
-38.272994
-48.945461
-59.160846
-68.778311
-77.905996
-85.969652
-92.400653
-96.457856
-98.418679
-98.094940
-96.716881
-94.721998
-92.139925
-87.209770
-80.574581
-73.103564
-64.563070
-53.625447
-40.484156
-27.389697
-14.772245
-2.423014
9.432520
20.884616
31.736067
42.296648
52.331345
62.054566
72.063889
80.732788
87.247917
91.620513
93.890769
94.574349
93.735456
92.788254
91.181312
87.877342
83.167042
77.021973
69.852046
61.480147
51.828282
40.344170
27.645486
15.447651
3.646612
-8.492640
-20.415783
-31.807423
-42.735168
-53.513391
-63.513517
-73.171513
-82.119192
-89.464017
-94.886848
-97.977264
-98.961251
-98.368270
-96.726758
-94.616073
-90.912240
-85.045951
-78.076124
-70.300102
-60.856172
-48.693078
-35.313538
-22.484405
-9.862695
2.401556
14.172282
25.420530
36.270448
46.993494
56.933165
66.835029
76.594182
84.485667
90.175526
93.571969
95.240048
95.294544
94.280924
93.313966
90.862853
86.769717
81.507819
74.735199
67.049606
58.000769
47.575406
35.175596
22.199154
10.202782
-1.755953
-13.863019
-25.768280
-36.899022
-47.873940
-58.501789
-68.429708
-77.801602
-86.161069
-92.681817
-97.272226
-99.473340
-99.560193
-98.465681
-96.645696
-94.051361
-89.347022
-82.725968
-75.360196
-66.844225
-56.003843
-42.726483
-29.390029
-16.585759
-3.885882
8.121559
19.819055
30.848469
41.817597
52.289963
62.156405
72.053501
80.975464
87.803602
92.450040
94.963823
95.827409
95.147576
94.177723
92.589174
89.352642
84.947859
78.827143
71.610383
63.048261
53.267990
41.959626
29.037680
16.560725
4.641669
-7.569790
-19.640752
-31.350510
-42.448725
-53.348541
-63.513517
-73.271309
-82.399845
-89.832374
-95.565149
-98.948138
-100.105320
-99.547931
-97.825527
-95.634971
-92.124428
-86.381946
-79.342467
-71.378095
-61.902830
-49.750975
-36.262103
-23.187569
-10.497570
1.783030
13.779913
25.188582
36.092826
46.789987
56.801353
66.726208
76.590606
84.501335
90.287924
93.928235
95.818554
95.867600
94.746522
93.718767
91.474908
87.466751
82.148484
75.439385
67.574978
58.382579
47.914982
35.734858
22.612810
10.589872
-1.493692
-13.725247
-25.655542
-36.813191
-47.735487
-58.428901
-68.120786
-77.682563
-86.158003
-92.771905
-97.219603
-99.458354
-99.681616
-98.584039
-96.620832
-94.024113
-89.446477
-82.934925
-75.520958
-66.943169
-56.381736
-43.280465
-29.934304
-17.018659
-4.300049
7.754224
19.454956
30.649049
41.497605
51.822492
61.527320
71.530342
80.684594
87.645735
92.314993
94.886678
95.851592
95.104149
94.023773
92.456852
89.266300
84.896939
78.866822
71.629967
63.383409
53.658996
42.433398
29.534612
16.849722
4.966940
-7.163627
-19.191163
-30.732666
-41.695663
-52.598715
-62.824999
-72.605780
-81.819977
-89.347533
-95.044374
-98.631382
-99.712781
-99.172933
-97.610440
-95.505204
-92.131240
-86.570467
-79.537460
-71.657215
-62.450341
-50.611326
-37.076644
-23.865529
-11.104005
1.268387
13.140610
24.481331
35.228218
46.043907
56.194748
65.883739
75.613260
83.775350
89.696305
93.348367
95.220293
95.388378
94.322647
93.261855
91.092076
87.139266
82.094158
75.463738
67.775931
58.794362
48.598221
36.741325
23.637499
11.444943
-0.369719
-12.458222
-24.377619
-35.684960
-46.495880
-57.086093
-66.887481
-76.314722
-84.743670
-91.381924
-96.171413
-98.718745
-99.094766
-97.922257
-95.863002
-93.454974
-89.308364
-83.004407
-75.659922
-67.421028
-57.397400
-44.624805
-31.101363
-18.282107
-5.698715
6.420442
18.088988
29.158252
39.876018
50.259488
59.959718
69.825309
78.940902
86.010184
91.091224
93.963146
95.055614
94.403199
93.154737
91.743469
88.777542
84.421635
78.743356
71.744919
63.558647
54.020200
43.255602
30.763149
18.143994
6.378889
-5.621229
-17.543180
-29.179369
-40.140833
-50.834417
-60.964312
-70.423058
-79.512596
-87.296622
-93.116249
-96.990040
-98.476751
-98.214831
-96.690995
-94.514915
-91.411216
-86.335114
-79.610518
-71.863447
-63.051326
-51.853997
-38.630281
-25.497334
-12.789624
-0.457423
11.379378
22.796563
33.553668
44.175386
54.023436
63.369615
73.032890
81.499474
87.649822
91.552734
93.694925
94.083207
93.056304
91.844967
90.065854
86.526871
81.733125
75.353554
68.001747
59.453590
49.647093
38.365637
25.595767
13.449022
1.802615
-10.176216
-22.015572
-33.297368
-43.896948
-54.444926
-64.243419
-73.514666
-82.145929
-89.062112
-94.171762
-97.114699
-97.663743
-96.791472
-94.984429
-92.762538
-89.081526
-83.116463
-76.056208
-68.212748
-58.792489
-46.738046
-33.499173
-20.767110
-8.279255
3.771782
15.300001
26.301316
36.923204
47.277042
56.854316
66.342184
75.767892
83.289828
88.766132
91.941016
93.303067
93.218769
92.155933
90.964692
88.413443
84.461655
79.158034
72.451489
64.797742
55.933510
45.790502
33.919982
21.198307
9.399482
-2.232109
-14.025824
-25.529010
-36.518403
-46.982595
-57.199001
-66.825151
-76.060465
-83.967788
-90.339354
-94.778197
-96.942016
-97.063610
-95.863342
-93.950544
-91.545241
-86.995023
-80.671651
-73.438542
-65.220254
-55.025135
-42.046819
-29.032571
-16.421931
-4.154955
7.625478
19.010135
29.748849
40.194307
50.383125
59.844426
69.483519
78.251021
84.959950
89.591912
92.153890
93.109437
92.298814
91.355698
90.040650
86.886883
82.630430
76.959814
70.006336
61.910323
52.482571
41.763442
29.412849
17.146553
5.588361
-6.109306
-17.870494
-29.165574
-39.982796
-50.688131
-60.786179
-70.196560
-79.171658
-86.723055
-92.281444
-95.931632
-97.225734
-96.907445
-95.297779
-93.251126
-90.191875
-84.904262
-78.188181
-70.612771
-61.757054
-50.422294
-37.313700
-24.553878
-12.139763
-0.165360
11.359964
22.676161
33.355100
43.817588
53.658656
63.145842
72.896821
80.964225
86.953810
90.907472
92.921427
93.324695
92.266798
91.299670
89.305980
85.850103
80.990621
74.724300
67.390714
58.725051
48.956871
37.465096
24.876765
13.009991
1.381465
-10.436262
-22.077390
-33.225843
-43.901205
-54.348877
-64.169168
-73.556730
-82.059588
-88.861159
-93.778883
-96.504859
-97.093412
-96.361467
-94.656093
-92.521395
-88.694096
-82.739081
-75.766018
-67.922728
-58.276824
-46.100276
-32.968351
-20.362309
-8.005755
3.918750
15.370505
26.454926
37.012441
47.365257
56.871687
66.491706
75.879778
83.358799
88.562965
91.700213
93.164785
92.872211
91.763905
90.697663
88.227817
84.175212
78.974962
72.206088
64.510448
55.542844
45.260532
33.222607
20.668166
9.162256
-2.464567
-14.196294
-25.779520
-36.607300
-47.195980
-57.634796
-67.312547
-76.577834
-84.561791

