89.573349
89.469467
88.336127
85.034200
79.784904
73.082958
65.259252
56.225572
45.664140
35.547018
26.106324
15.912567
4.740272
-7.001332
-18.533809
-29.942819
-41.456052
-51.971163
-61.881372
-70.314578
-76.460157
-80.989088
-84.289483
-87.044409
-88.779756
-90.496029
-91.582537
-89.984962
-85.706881
-80.485855
-74.260916
-65.513849
-55.486986
-45.158182
-34.645115
-24.353436
-14.100075
-2.841609
9.105716
21.583012
33.502749
44.642006
55.099045
64.447437
72.573423
78.319822
82.205875
85.151196
87.276186
89.076076
89.780944
89.475427
87.686437
83.722728
77.979394
70.760591
62.482357
52.936588
42.346205
32.540049
22.844246
12.251309
0.852687
-11.094127
-22.511653
-34.156016
-45.285566
-55.648259
-65.066985
-72.589431
-78.030654
-81.963709
-85.257292
-87.785721
-89.443752
-91.064657
-91.328962
-88.796445
-83.921977
-78.553132
-71.817126
-62.369960
-52.171094
-41.814532
-31.357833
-21.307979
-10.620356
0.988756
13.195276
25.631871
37.255457
48.288788
58.448485
67.442996
74.949605
80.025707
83.779267
86.242812
88.244677
89.712654
89.903729
89.123930
86.597545
82.075426
75.872285
68.164894
59.437922
49.228157
38.788148
29.269116
19.381727
8.604527
-2.967800
-14.688117
-26.284456
-37.883690
-48.675537
-58.802196
-67.861591
-74.631827
-79.472916
-83.070993
-86.246729
-88.479519
-90.117114
-91.651167
-90.985468
-87.503365
-82.309757
-76.654298
-68.666083
-58.842727
-48.582384
-38.075447
-27.809484
-17.831666
-6.846019
5.228690
17.845631
30.052832
41.347061
52.102464
61.757905
70.298910
76.785769
81.351144
84.678786
86.982931
88.881084
90.065854
89.961972
88.756255
85.265296
79.961504
73.242017
65.259252
56.062256
45.496055
35.572222
26.157584
15.861988
4.607269
-7.325751
-18.950701
-30.620098
-42.113406
-52.493300
-62.273400
-70.592506
-76.783214
-81.148829
-84.490265
-87.321826
-89.251654
-90.944426
-91.825383
-90.063981
-85.663114
-80.221891
-73.986735
-65.194028
-55.115734
-44.953142
-34.438372
-24.147374
-13.836622
-2.505950
9.645053
22.274937
34.144265
45.136213
55.620841
65.099512
73.229074
79.023838
82.956723
85.893188
87.900843
89.680297
90.265104
89.897939
88.049003
83.783184
77.914340
70.645298
62.260117
52.430459
41.798864
32.009738
22.299119
11.621203
0.142200
-11.640787
-23.120812
-34.762110
-45.939684
-56.374243
-65.809999
-73.129790
-78.464065
-82.419259
-85.601466
-88.143349
-89.933021
-91.712986
-91.935566
-89.061431
-84.050553
-78.601497
-71.493387
-61.855827
-51.677908
-41.232961
-30.844722
-20.630189
-9.819780
1.880271
14.239890
26.739495
38.407530
49.410377
59.401308
68.452018
75.695515
80.594676
84.179980
86.586135
88.685581
90.114730
90.164968
89.202268
86.448363
81.738404
75.287478
67.548071
58.840002
48.485994
38.036108
28.489488
18.425669
7.557699
-4.206555
-15.780585
-27.384077
-39.022650
-49.787419
-59.915611
-68.783590
-75.406688
-80.159051
-83.668743
-86.881093
-88.944776
-90.618474
-91.969797
-91.051715
-87.285382
-81.996577
-76.211521
-68.048579
-57.963133
-47.585453
-37.021807
-26.836225
-16.704117
-5.541188
6.559747
19.103629
31.261614
42.623963
53.432839
63.051496
71.512120
77.822719
82.240105
85.418565
87.654931
89.617116
90.567555
90.303591
88.827780
85.197857
79.772132
72.921174
64.624718
55.105516
44.439690
34.502234
24.816479
14.350585
3.105743
-8.716243
-20.325014
-32.035623
-43.407849
-53.935732
-63.667638
-71.793624
-77.675581
-81.905297
-85.127354
-87.868656
-89.771918
-91.609785
-92.367104
-90.376820
-85.837160
-80.492667
-73.771306
-64.476728
-54.293360
-43.837173
-33.305202
-23.229974
-12.735639
-1.098769
11.284862
24.072102
35.963229
47.052928
57.408299
66.756691
74.516194
79.877377
83.785738
86.607592
88.698864
90.371370
90.864045
90.400321
88.130065
83.644220
77.581576
69.973469
61.445747
51.385845
40.780987
31.154156
21.330288
10.460275
-1.397133
-13.341563
-24.870975
-36.646468
-47.757115
-57.996682
-67.296198
-74.458293
-79.839911
-83.686284
-86.952959
-89.309216
-91.055291
-92.837640
-92.388732
-89.046274
-83.931855
-78.330210
-70.576157
-60.699327
-50.444773
-39.907694
-29.401949
-19.031763
-7.962329
3.965923
16.550337
28.853757
40.487903
51.420246
61.356170
70.326499
77.201128
81.899677
85.304976
87.693078
89.857749
91.139419
91.148274
90.061426
86.866958
81.716435
75.003249
67.012821
57.914598
47.221184
36.972080
27.141401
16.697815
5.404268
-6.638595
-18.340349
-30.020475
-41.610684
-52.438804
-62.684672
-71.115664
-77.331918
-81.864425
-85.561105
-88.492121
-90.358938
-92.201063
-93.201229
-91.600588
-87.338686
-81.978525
-75.574773
-66.742386
-56.754010
-46.122244
-35.502570
-24.956465
-14.459065
-2.951622
9.181499
21.892275
34.113271
45.647110
56.359427
65.959011
74.162994
80.009869
84.036929
86.946828
89.155606
91.078281
91.750792
91.252157
89.250462
85.052763
79.267366
71.882350
63.350541
53.397587
42.581047
32.730273
22.789580
11.952434
0.321354
-11.541843
-23.350886
-35.259383
-46.622072
-57.074342
-66.679886
-74.412652
-79.810619
-83.764962
-87.059055
-89.657647
-91.444595
-93.163763
-93.309879
-90.490750
-85.486003
-79.933916
-72.484357
-62.675646
-52.266121
-41.492837
-30.872311
-20.659651
-9.669065
2.291884
15.119655
27.874197
39.657184
50.802742
60.990538
70.059299
77.262095
82.157169
85.719824
88.307176
90.440001
91.888905
91.980696
91.030257
88.042021
82.976648
76.458624
68.560498
59.467724
48.850094
38.398675
28.739316
18.314123
6.955351
-5.158186
-17.201730
-29.052837
-40.891341
-51.829134
-62.102761
-70.962565
-77.534063
-82.349777
-85.912091
-88.853325
-90.821981
-92.662573
-93.880381
-92.641796
-88.601453
-83.244358
-76.970543
-68.275077
-57.936396
-47.535896
-36.823750
-26.429040
-16.005210
-4.519054
7.845845
20.720959
33.193997
44.678790
55.473191
65.250397
73.758193
79.873630
84.138598
87.401526
89.639425
91.614212
92.314141
92.002153
90.278217
86.254222
80.300910
72.898524
64.433472
54.623059
43.793746
33.723967
23.804052
12.978656
1.135213
-11.018685
-22.742237
-34.718343
-46.174526
-56.865045
-66.550289
-74.244397
-79.895428
-83.953312
-87.313822
-89.988027
-91.775826
-93.633958
-93.966382
-91.254030
-86.239236
-80.736365
-73.590279
-63.705615
-53.394522
-42.722225
-32.013825
-21.699497
-10.697160
1.297508
13.983590
26.723487
38.676943
50.077949
60.559852
69.818326
77.217136
82.312822
85.920777
88.396413
90.556485
92.062099
92.248065
91.351271
88.518177
83.614758
77.176946
69.164378
60.136489
49.653053
39.139475
29.322250
18.991913
7.778406
-4.106590
-16.056470
-27.925117
-39.766686
-50.914117
-61.334031
-70.486580
-77.174221
-82.108974
-85.631950
-88.755574
-90.896061
-92.650822
-93.933344
-92.958893
-89.084761
-83.572524
-77.645097
-69.241353
-58.991058
-48.349074
-37.529128
-27.050291
-16.724893
-5.357095
6.898471
19.741399
32.103913
43.641329
54.664952
64.515386
73.124511
79.406330
83.789996
87.006773
89.175020
91.126987
92.056990
91.773953
90.117625
86.214031
80.693449
73.613610
65.270492
55.547612
44.630766
34.511941
24.618932
13.995681
2.346379
-9.769712
-21.432979
-33.450638
-45.133999
-55.745840
-65.601724
-73.605606
-79.431023
-83.546638
-86.794751
-89.518683
-91.311591
-93.056304
-93.670232
-91.395889
-86.473567
-80.957242
-74.054003
-64.423595
-54.057326
-43.611016
-32.822575
-22.512845
-11.816025
-0.011580
12.709243
25.586912
37.601505
48.867634
59.211595
68.524054
76.207433
81.571170
85.386719
88.085788
90.168374
91.685908
91.795410
91.104507
88.652032
83.885874
77.560459
69.785459
60.944046
50.573008
39.933750
30.134916
20.084892
9.030615
-2.873625
-14.910357
-26.623011
-38.442271
-49.501317
-59.858731
-69.079569
-76.100826
-81.269911
-85.058893
-88.089194
-90.279749
-91.996023
-93.496186
-92.870849
-89.267663
-83.928960
-78.074762
-69.965635
-59.784310
-49.353838
-38.679668
-28.156383
-17.731530
-6.355728
5.648477
18.255370
30.711038
42.290347
53.184373
63.000407
71.722099
78.415530
82.924025
86.241109
88.591746
90.594632
91.701405
91.453109
90.042353
86.559738
81.231083
74.186495
65.938745
56.713479
46.034711
35.731111
25.906563
15.351432
3.859486
-8.160046
-19.901991
-31.631844
-43.143885
-53.813968
-63.895839
-72.257689
-78.356266
-82.648652
-85.983958
-88.881254
-90.662071
-92.337642
-93.223197
-91.382776
-86.717265
-81.120048
-74.730430
-65.723998
-55.273942
-44.818435
-34.035785
-23.783105
-13.210092
-1.582418
10.830164
23.402487
35.342659
46.691724
57.216883
66.616195
74.588742
80.274173
84.263257
87.072849
89.131594
90.911218
91.345310
90.746539
88.477475
83.980220
77.979565
70.616007
62.000241
51.912921
41.195495
31.227044
21.314621
10.396753
-1.245907
-13.064487
-24.640560
-36.445005
-47.520229
-57.786703
-67.178862
-74.559110
-79.989774
-83.794424
-86.890118
-89.333739
-90.980019
-92.503003
-92.277016
-89.291334
-84.135703
-78.435625
-71.034772
-61.197111
-50.772769
-40.164675
-29.472113
-19.250257
-8.424180
3.332751
15.817370
28.382029
39.997271
50.956692
61.008760
69.858858
76.868875
81.629072
85.053444
87.392330
89.320796
90.593610
90.606553
89.578799
86.567572
81.450088
74.917419
66.949129
57.992595
47.479868
36.986555
27.480125
17.402683
6.261383
-5.679812
-17.416648
-29.100350
-40.738072
-51.569087
-61.488492
-70.132528
-76.546669
-81.231083
-84.658691
-87.478672
-89.459590
-91.068574
-92.322997
-91.068745
-87.037938
-81.560782
-75.467484
-66.827536
-56.722334
-46.411072
-35.909244
-25.662865
-15.413931
-4.152060
7.871730
20.633936
32.741342
43.997424
54.601942
64.025436
72.469030
78.517369
82.696336
85.659538
87.749958
89.542185
90.339865
89.965888
88.426726
84.553616
78.902245
71.717671
63.421897
53.877149
43.203490
33.215284
23.429905
13.086285
1.752036
-10.223218
-21.722146
-33.325127
-44.620548
-54.990734
-64.601047
-72.350332
-77.934606
-81.950767
-85.110664
-87.707213
-89.478152
-91.126646
-91.719457
-89.562280
-84.785734
-79.125677
-72.463240
-63.262837
-53.001131
-42.658704
-32.170500
-22.118943
-11.410713
0.249488
12.592418
25.141580
36.825282
47.803606
57.991913
67.061697
74.619225
79.842465
83.559411
86.101294
88.008983
89.686428
90.001822
89.234795
86.796624
82.216263
76.216970
68.632705
60.083185
50.075735
39.508683
29.828719
19.857543
9.077106
-2.551590
-14.015947
-25.450162
-36.994559
-47.880071
-58.127471
-67.276955
-74.421678
-79.436643
-82.976137
-86.007289
-88.209595
-89.822667
-91.367960
-91.063295
-87.801388
-82.642351
-77.037300
-69.414888
-59.571436
-49.231052
-38.700444
-28.257540
-18.315486
-7.532665
4.179648
16.626801
28.947421
40.336507
51.112686
61.007057
69.670337
76.394762
80.929824
84.250144
86.579153
88.493143
89.806999
89.776686
88.695969
85.445302
80.302783
73.780503
66.002437
56.919711
46.422992
36.184107
26.597806
16.345807
5.273989
-6.400517
-17.986298
-29.433795
-41.008677
-51.572153
-61.407089
-69.866351
-76.164007
-80.715248
-83.959954
-86.832898
-88.773966
-90.529919
-91.586624
-90.191364
-86.121219
-80.803122
-74.806043
-66.248349

