-74.607134
-62.224695
-48.088006
-33.116852
-17.752647
-2.824920
11.328799
25.619439
39.473602
52.300521
64.483370
76.603549
88.927235
99.725894
108.640705
115.626710
119.603702
121.227673
120.264632
117.519242
113.847085
108.548403
101.801668
93.741076
84.065369
72.222437
58.398587
44.069120
28.883389
13.743639
-1.477514
-16.794205
-31.158924
-45.092276
-57.660682
-69.070373
-80.585139
-91.372728
-100.571939
-107.835020
-113.503933
-117.639984
-119.144576
-118.983473
-116.798537
-112.758364
-106.948274
-100.180251
-91.970307
-81.778424
-70.333821
-57.340009
-42.918410
-27.843033
-12.425525
2.437149
16.471999
30.815601
44.052431
56.626626
68.841151
80.900703
93.068055
103.199823
111.578022
117.576463
120.727846
121.530976
119.837693
116.750853
112.499850
106.696572
99.514042
90.995686
80.579179
67.852736
53.831509
39.127554
23.638862
8.460283
-6.910222
-21.985258
-36.222083
-49.712147
-61.751945
-73.187862
-84.700584
-95.038925
-103.418997
-109.942130
-115.253585
-118.529797
-119.476489
-118.599789
-115.732636
-111.009053
-104.638508
-97.507068
-88.664634
-78.178304
-66.199643
-52.597012
-37.816422
-22.560188
-7.079329
7.278919
21.467549
35.433599
48.486335
60.963120
73.159592
85.727317
97.297430
106.831108
114.491497
119.319984
121.530124
121.289662
118.988412
115.575961
110.629797
104.386125
96.818038
87.646416
76.241153
62.758582
48.557009
33.431223
18.096651
2.822365
-12.500627
-27.267081
-41.406666
-54.604837
-66.211394
-77.791384
-89.116778
-98.813432
-106.489318
-112.531355
-117.313010
-119.722060
-120.028598
-118.411439
-114.837715
-109.444516
-102.850369
-95.032794
-85.333586
-74.324267
-61.654534
-47.266313
-32.266889
-16.783135
-1.711335
12.640953
27.049269
40.933405
53.707361
66.060509
78.326293
90.711117
101.405382
110.288858
117.177282
121.019738
122.329167
121.204172
118.468659
114.566599
108.984709
102.142777
93.858242
83.836998
71.480104
57.273763
42.626006
27.210202
12.059723
-3.230572
-18.410512
-32.815422
-46.841587
-59.398583
-70.963587
-82.669428
-93.512365
-102.637325
-109.543289
-115.180526
-118.985857
-120.303290
-119.933401
-117.584297
-113.276754
-107.350520
-100.453411
-91.769355
-81.244196
-69.412504
-55.991582
-41.342122
-26.139021
-10.596854
3.846543
18.057142
32.516548
46.039479
58.818374
71.014847
83.564009
95.622369
105.607850
113.781861
119.441237
122.306177
122.700589
120.722566
117.574760
113.220215
107.126917
99.591868
90.581690
79.730579
66.314765
52.049330
37.019934
21.520853
6.381614
-9.250130
-24.392435
-38.706745
-52.224568
-64.238650
-75.884717
-87.320975
-97.478458
-105.492047
-111.947741
-117.110355
-119.980574
-120.677267
-119.609322
-116.494724
-111.446721
-105.018616
-97.504854
-88.116612
-77.156510
-64.762660
-50.719636
-35.845041
-20.328249
-4.868167
9.641818
24.063757
38.088730
51.220315
63.694034
75.974975
88.634661
99.885804
109.274558
116.685118
120.975801
122.916188
122.255598
119.542394
115.862233
110.591820
103.953396
96.025637
86.401871
74.419975
60.392107
45.964548
30.489819
15.059880
-0.225987
-15.551703
-29.969386
-44.082233
-56.920392
-68.594728
-80.389636
-91.814484
-101.328918
-108.703375
-114.563193
-118.877036
-120.732784
-120.548010
-118.553468
-114.735024
-109.070029
-102.173771
-93.962465
-83.843810
-72.328193
-59.011664
-44.234310
-28.949465
-13.381413
1.575266
15.802554
30.320372
43.899502
56.745665
69.161483
81.643377
93.962635
104.194369
112.952505
119.153772
122.451442
123.277392
121.665342
118.628229
114.354747
108.312879
101.121494
92.506409
82.058907
69.023882
54.734605
39.843491
24.171216
8.679969
-6.782157
-22.003480
-36.384208
-50.294570
-62.613828
-74.223280
-85.903576
-96.494981
-105.237450
-111.829553
-117.246423
-120.427949
-121.409212
-120.391335
-117.425578
-112.737928
-106.447935
-99.251441
-90.108258
-79.323735
-67.110573
-53.164618
-37.995236
-22.401128
-6.883655
7.654769
22.199494
36.532027
49.858434
62.573297
74.923720
87.622404
99.160842
108.712571
116.536617
121.396099
123.626164
123.382126
120.772975
117.285252
112.291574
105.740343
97.732374
88.219983
76.570000
62.752962
48.152038
32.810313
17.340524
1.990455
-13.650996
-28.551987
-42.803798
-56.035859
-67.785127
-79.482964
-90.747901
-100.562062
-108.314582
-114.523854
-119.181531
-121.377366
-121.553285
-119.807209
-116.020782
-110.564232
-103.802340
-95.735448
-85.747072
-74.218341
-61.268977
-46.699217
-31.367881
-15.588658
-0.247955
14.197656
28.782402
42.626687
55.532796
67.889690
80.258846
92.654058
103.327206
112.158741
118.872098
122.509684
123.735496
122.341599
119.363751
115.213394
109.504121
102.291618
93.744823
83.370720
70.703370
56.465183
41.549546
25.911842
10.452611
-4.758324
-20.176683
-34.947395
-48.996721
-61.452900
-72.844369
-84.573712
-95.547267
-104.477406
-111.292941
-116.747618
-120.432377
-121.511902
-120.748792
-118.085487
-113.529648
-107.386283
-100.052868
-91.270890
-80.672503
-68.657058
-54.827929
-39.896284
-24.395670
-8.712496
6.065198
20.489352
34.865992
48.174688
60.941322
73.311329
85.946832
97.854819
107.704401
115.804161
121.097054
123.565367
123.590572
121.319635
117.816244
112.848963
106.482676
98.900795
89.691366
78.390666
64.690283
50.183024
34.916912
19.159147
3.762245
-11.668546
-26.545695
-40.870735
-54.349729
-66.363301
-77.998468
-89.551551
-99.675485
-107.616016
-113.803659
-118.493864
-120.991468
-121.323211
-119.821004
-116.412640
-111.261606
-104.572432
-96.725225
-86.998429
-75.724806
-62.969412
-48.517840
-33.251558
-17.710754
-2.451113
11.866093
26.445048
40.624823
53.735120
66.204412
78.447887
90.953793
101.791961
110.698598
117.794105
121.805327
123.379060
122.322696
119.480916
115.543263
109.902620
102.880001
94.490732
84.557022
72.352886
58.251960
43.558564
28.141396
12.758970
-2.665009
-18.126794
-32.593863
-46.862194
-59.605667
-71.219887
-82.783529
-93.610627
-102.828060
-109.816619
-115.437167
-119.444813
-120.828833
-120.370558
-117.969343
-113.758189
-107.695886
-100.682804
-92.265095
-81.767525
-69.985560
-56.578602
-41.902576
-26.633229
-10.960783
3.965923
18.174989
32.651084
46.195643
58.951548
71.161134
83.507470
95.526661
105.581284
113.840784
119.560787
122.565883
123.050043
121.083260
117.761918
113.289697
107.252938
99.719422
90.726614
79.880783
66.598313
52.195617
37.225825
21.529879
6.267173
-9.037767
-24.202892
-38.464410
-51.967927
-63.894306
-75.484855
-86.938483
-97.141266
-105.483532
-111.716815
-116.853033
-119.762080
-120.303801
-119.034222
-116.031340
-111.168793
-104.709012
-97.296068
-88.104180
-77.184950
-64.737286
-50.657647
-35.609688
-20.164933
-4.676410
9.766987
24.038894
38.141353
51.165138
63.703230
75.859172
88.350432
99.644831
108.818327
116.250345
120.616129
122.482947
122.027738
119.398832
115.580559
110.374008
103.775603
95.762014
86.206198
74.554171
60.774258
46.330690
31.149047
15.690667
0.491994
-14.965705
-29.614994
-43.659040
-56.810890
-68.337066
-79.786777
-90.885333
-100.491898
-107.832806
-113.623142
-117.994887
-120.045117
-120.004756
-118.167741
-114.313534
-108.674765
-101.776634
-93.669551
-83.655119
-72.350672
-59.506042
-44.911419
-29.851879
-14.251641
0.668764
14.929601
29.232843
42.822361
55.475916
67.629303
79.778433
92.011350
102.480309
111.163514
117.701292
121.103014
122.217962
120.562485
117.480244
113.320691
107.460533
100.351231
91.938291
81.795284
69.138493
54.951395
40.237733
24.769136
9.675196
-5.549874
-20.439795
-34.631831
-48.298836
-60.668673
-72.166749
-83.677428
-94.263043
-103.097643
-109.740496
-114.961863
-118.409055
-119.573559
-118.907179
-116.285767
-111.823252
-105.807100
-98.690476
-90.065002
-79.385042
-67.534617
-53.938968
-39.167574
-23.977075
-8.526870
5.890642
19.869634
34.139156
47.494173
60.015406
72.023187
84.318774
95.996005
105.476550
113.434621
118.795804
121.442080
121.437481
119.197539
115.678481
111.066444
104.874883
97.193377
88.072845
77.080727
63.741718
49.444607
34.526587
19.177709
4.253217
-10.842596
-25.401626
-39.407696
-52.601099
-64.374208
-75.867517
-87.202958
-97.203936
-105.167116
-111.439739
-116.240297
-118.834802
-119.224276
-117.872443
-114.701646
-109.589100
-103.127105
-95.674992
-86.280618
-75.210163
-62.747172
-48.653739
-33.835343
-18.625089
-3.431695
10.771241
24.957997
38.766350
51.673651
63.981669
75.926440
88.122232
99.200010
108.270645
115.383693
119.617156
121.473244
120.733806
118.031161
114.289522
109.027794
102.385112
94.398260
84.811449
73.082617
59.401819
45.195137
29.968023
14.583043
-0.606094
-15.861988
-30.445201
-44.402054
-57.025296
-68.455935
-79.889127
-90.866770
-100.258248
-107.619081
-113.195011
-117.595536
-119.393553
-119.162968
-117.075443
-113.190753
-107.583489
-100.799799
-92.673131
-82.839046
-71.545499
-58.519670
-44.083595
-29.066460
-13.638054
1.153946
15.145711
29.539721
42.863062
55.459227
67.645822
79.939195
92.178413
102.542639
111.177479
117.389304
120.623282
121.555669
120.026895
117.048195
112.869399
107.078212
99.997691
91.500963
81.321342
68.551132
54.334743
39.727347
24.360589
9.164980
-6.050382
-20.908798
-35.138471
-48.863036
-60.973849
-72.393928
-83.934750
-94.572987
-103.228603
-109.812362
-115.146807
-118.492842
-119.618688
-118.972915
-116.286618
-111.743041
-105.730806
-98.624740
-89.818069
-79.179832
-67.250388
-53.674323
-38.698060
-23.378304
-8.044243
6.343978
20.562070
34.803322
47.992298
60.604470
72.697912
85.174186
96.919366
106.512138
114.452328
119.610684
122.090408
122.062990
119.695323
116.322892
111.508880
105.163370
97.507920
88.473729
77.299731
63.807453
49.494846
34.297534
18.849203
3.772293
-11.614561
-26.372331
-40.398836
-53.669725
-65.523556
-77.359847
-88.674511
-98.619120
-106.582812
-112.672193
-117.404461
-119.950771
-120.201111
-118.696860
-115.360532
-110.124690
-103.596279
-95.995665
-86.332900
-75.048549
-62.276806
-47.931501
-32.987084
-17.645870
-2.675227
11.608260
26.081630
40.141685
53.219625
65.618243
77.931881
90.323346
101.226909
110.188552
117.102861
121.109656
122.767006
121.731418
119.000844
115.130629
109.858002
103.023563
94.641788
84.682873
72.226013
58.026143
43.434075
28.059653
12.599060
-2.731596
-17.976591
-32.531193
-46.545097
-59.104988
-70.689576
-82.338027
-93.161889
-102.247851
-109.277282
-115.040030
-119.050230
-120.562996
-120.216267
-117.924384
-113.731282
-107.899223
-100.924798
-92.582021
-82.250323
-70.624352
-57.265418
-42.494876
-27.252436
-11.653389
3.167050
17.525809
31.868730
45.272793
57.991232
70.323944
82.810777
95.104490
105.308465
113.674402
119.458948
122.236013
122.751849
120.744705
117.582083
113.044637
107.176134
99.957500
91.008970
80.121245
67.109380
52.715199
37.572043
21.888188
6.816728
-8.532660
-23.429223
-37.573235
-51.166500
-63.339472
-74.896983
-86.440359
-96.989019
-105.368069
-111.682074
-116.950614
-119.845527
-120.509522
-119.324412
-116.238083
-111.504282
-105.114835
-97.681284
-88.440691
-77.549730
-65.318346
-51.219293
-36.084482
-20.494631
-5.098070
9.287085
23.705278
37.818466
50.949710
63.398566
75.593335
88.029078
99.262169
108.567306
116.048029
120.577982
122.549193
121.970347
119.451625
115.862404
110.700471
104.019812
96.017633
86.584261
74.928658
61.058658
46.586139
31.305211
15.877315
0.499317
-14.881407

