-107.024227
-100.223848
-92.006070
-81.783022
-70.166077
-56.941680
-42.364768
-27.218716
-11.671782
3.090927
17.042501
31.277282
44.781991
57.444913
69.464105
81.780297
93.788249
103.810685
112.129280
117.892708
120.903254
121.527740
119.602169
116.356441
111.953361
106.143270
98.895175
90.141637
79.605409
66.751582
52.637884
37.825448
22.469248
7.379736
-7.904598
-22.836072
-37.116323
-50.581353
-62.534979
-74.075120
-85.497413
-95.735107
-104.007721
-110.404662
-115.596056
-118.635382
-119.307722
-118.197373
-115.138633
-110.451494
-104.090486
-96.809864
-87.798834
-76.970032
-64.766066
-50.915650
-36.158732
-20.917824
-5.651712
8.777721
23.008926
36.976337
49.945457
62.360082
74.331079
86.719138
98.052025
107.314076
114.944662
119.629928
121.644054
121.238402
118.693965
115.005800
109.965120
103.441307
95.518657
86.164645
74.724300
61.046055
46.923842
31.749010
16.341039
1.283543
-14.065163
-28.652464
-42.654446
-55.729151
-67.203556
-78.473091
-89.630740
-99.297932
-106.768097
-112.564053
-117.011581
-119.210141
-119.286435
-117.496422
-113.811323
-108.462402
-101.757731
-93.841553
-84.031991
-72.806392
-60.110262
-45.728513
-30.653817
-15.218258
-0.241314
13.914960
28.231144
41.876861
54.558856
66.690615
78.898328
91.263567
101.862124
110.605444
117.202827
120.744535
121.844666
120.432207
117.366825
113.384213
107.784271
100.757395
92.463834
82.526718
70.099660
55.966718
41.299037
25.891576
10.552236
-4.578148
-19.516264
-33.598287
-47.234808
-59.580122
-71.153300
-82.730736
-93.455315
-102.454424
-109.249013
-114.581585
-118.176937
-119.272130
-118.728365
-116.188867
-111.855779
-105.905873
-98.958697
-90.335267
-79.856770
-67.964792
-54.500444
-39.790017
-24.548258
-9.162596
5.264963
19.189801
33.356292
46.621050
59.168339
71.252244
83.622251
95.550673
105.159794
113.154820
118.569987
121.246917
121.598414
119.312491
115.985189
111.416749
105.369432
97.777162
88.767154
77.908039
64.708165
50.495522
35.593850
20.068373
4.997935
-10.379893
-25.224175
-39.275033
-52.661555
-64.313071
-75.815916
-87.082216
-97.069229
-104.938575
-111.125708
-116.194316
-118.834121
-119.301762
-117.929322
-114.630972
-109.463079
-103.062391
-95.604488
-86.445468
-75.595549
-63.267946
-49.201591
-34.398862
-19.057819
-3.740958
10.559048
24.811370
38.647652
51.511867
63.826868
75.868538
88.199377
99.291291
108.551638
115.860019
119.996752
121.844496
121.055331
118.242332
114.334141
108.992713
102.422578
94.470297
84.902218
72.940588
59.206486
44.744355
29.394967
14.086791
-1.002720
-16.090529
-30.450480
-44.394561
-56.977102
-68.255152
-79.826287
-90.862172
-100.304570
-107.593877
-113.276073
-117.440394
-119.260890
-119.069985
-116.866657
-112.856627
-107.326678
-100.593737
-92.444420
-82.367318
-70.906707
-57.679926
-43.038981
-27.934824
-12.598889
2.215760
16.273430
30.536652
44.006109
56.557144
68.720068
80.901895
92.904227
103.091512
111.595563
117.663656
120.845182
121.551241
119.924545
116.861377
112.592833
106.777975
99.540608
90.848378
80.450944
67.597457
53.446804
38.732461
23.435014
8.230209
-7.067408
-21.955797
-36.163671
-49.696139
-61.871495
-73.208639
-84.576607
-94.955478
-103.594746
-110.118900
-115.186146
-118.429490
-119.285924
-118.497099
-115.615300
-110.944510
-104.719230
-97.554241
-88.567223
-77.893904
-65.963268
-52.255733
-37.453685
-22.105489
-6.808213
7.502351
21.632229
35.699606
48.765455
61.173098
73.279142
85.700069
97.220285
106.654167
114.325966
119.167226
121.392182
121.194124
118.670293
115.144423
110.299247
103.892088
96.022572
86.743661
75.591632
62.045881
47.715051
32.697575
17.309529
2.263444
-13.018676
-27.586562
-41.502203
-54.451738
-66.089460
-77.567952
-88.692733
-98.337276
-105.996813
-111.983674
-116.511413
-118.715082
-118.901389
-117.277929
-113.742522
-108.474152
-101.907424
-94.183343
-84.531137
-73.371104
-60.701881
-46.314171
-31.483855
-16.013895
-0.930514
13.171094
27.274575
40.908541
53.769520
66.003629
78.131471
90.402365
101.097992
109.904323
116.542067
120.262418
121.557883
120.251519
117.196185
113.098962
107.543979
100.854124
92.625788
82.549879
70.409775
56.599038
42.092289
26.693685
11.590890
-3.488404
-18.575532
-32.943487
-46.792712
-59.264217
-70.732321
-82.261222
-93.042340
-101.954596
-108.656713
-114.186151
-118.060963
-119.362899
-118.866478
-116.521801
-112.326826
-106.274571
-99.414757
-90.935401
-80.591951
-68.828549
-55.418525
-40.728705
-25.625229
-10.230882
4.291024
18.528359
32.737766
45.998948
58.531931
70.699453
82.932881
94.756569
104.693515
112.940243
118.576459
121.276890
121.653931
119.411945
116.116660
111.591305
105.469227
98.047597
89.374951
78.499317
65.316984
51.347017
36.538669
20.761320
5.633831
-9.546961
-24.000236
-38.130283
-51.608937
-63.550302
-74.989285
-86.372069
-96.573319
-104.801825
-111.029148
-115.958623
-118.649517
-119.216272
-118.022646
-114.973613
-110.137292
-103.986604
-96.567358
-87.273802
-76.401234
-64.079421
-50.077098
-35.072054
-19.799471
-4.591261
9.640455
23.950168
37.964412
50.969464
63.351222
75.479235
87.914126
99.037715
108.012472
115.477528
119.813170
121.691738
120.974949
118.401732
114.825453
109.644617
102.925301
94.995158
85.377012
73.700292
60.073308
45.638084
30.554363
15.247038
0.176600
-15.294041
-29.692309
-43.686628
-56.530578
-68.215472
-79.814707
-90.851613
-100.257397
-107.626063
-113.322054
-117.655311
-119.483301
-119.436809
-117.533888
-113.752910
-108.135768
-101.295369
-93.287230
-83.156654
-71.713243
-58.716195
-44.313329
-29.218367
-13.712985
1.116480
15.153204
29.506002
43.056522
55.814300
68.023545
80.297845
92.541320
102.958339
111.498152
117.678813
121.102163
122.241293
120.604038
117.571695
113.358327
107.628107
100.498881
91.942719
81.782852
69.102219
55.017642
40.378571
24.810348
9.494679
-5.951609
-21.111454
-35.436494
-49.151182
-61.325857
-72.740487
-84.308897
-94.873224
-103.433473
-110.078369
-115.573577
-119.025707
-119.979041
-119.175059
-116.273846
-111.641373
-105.540242
-98.427704
-89.719977
-79.309770
-67.346607
-53.599903
-38.801772
-23.532595
-7.949216
6.521089
20.736967
34.918104
48.071827
60.641595
72.805371
85.370030
97.133262
106.759242
114.672865
119.773831
122.093814
121.962173
119.652237
116.030659
111.059632
104.763678
97.233568
88.047300
76.803139
63.257388
48.885856
33.801794
18.328088
3.218991
-12.024641
-26.649577
-40.841954
-54.111140
-65.788882
-77.311822
-88.696820
-98.663058
-106.449808
-112.478222
-117.232629
-119.591440
-119.868176
-118.258510
-114.789690
-109.573773
-102.987460
-95.323324
-85.630247
-74.430193
-61.877966
-47.409534
-32.383544
-16.954115
-1.940387
12.364728
26.886974
40.739094
53.537403
65.898384
78.011581
90.372052
101.077897
110.053505
116.909572
120.771102
122.238398
121.022122
118.174042
114.373480
108.796869
101.824999
93.597855
83.766665
71.599143
57.475567
42.931693
27.622836
12.164797
-3.187146
-18.383946
-32.742875
-46.649320
-59.077229
-70.542778
-82.059077
-92.794555
-101.965325
-109.066793
-114.592995
-118.505784
-119.893891
-119.341271
-116.885219
-112.586021
-106.750216
-99.804401
-91.331857
-80.971037
-69.314071
-55.953264
-41.165522
-25.962080
-10.331358
4.347052
18.387352
32.680205
45.993158
58.480501
70.746796
83.167383
95.209054
105.101722
113.362074
118.973596
121.820484
122.261558
120.165007
116.905655
112.374680
106.375728
98.794869
89.748076
79.028777
65.830094
51.534176
36.653280
21.129847
5.890812
-9.385347
-24.255344
-38.254261
-51.761184
-63.748019
-75.235707
-86.656298
-96.845627
-104.968037
-111.228398
-116.365126
-119.158881
-119.734832
-118.635212
-115.852697
-110.822065
-104.207993
-96.918174
-87.829488
-76.744897
-64.386129
-50.230878
-35.307748
-19.821269
-4.521438
9.879385
24.171897
38.069146
51.017148
63.589130
75.709479
87.963683
99.188430
108.407055
115.789856
120.127712
122.054475
121.582917
118.800572
115.134546
109.956775
103.369611
95.403705
85.970845
74.271134
60.492413
46.067238
30.752250
15.336445
0.092472
-15.114716
-29.638324
-43.689864
-56.441171
-68.031720
-79.540355
-90.644870
-100.129332
-107.524395
-113.320010
-117.717300
-119.775534
-119.656495
-117.503575
-113.559450
-108.180216
-101.276296
-93.400819
-83.556005
-72.159086
-58.926003
-44.359991
-29.274396
-13.870341
0.902585
15.111821
29.373510
42.790004
55.421761
67.683629
80.031838
92.229673
102.669852
111.409426
117.744378
121.026720
122.075762
120.558909
117.502213
113.265855
107.419661
100.380863
91.918877
81.768887
69.100686
54.987669
40.383850
24.983031
9.695802
-5.501338
-20.558664
-34.820012
-48.621041
-60.850722
-72.216817
-83.666188
-94.170741
-102.921384
-109.666756
-114.993027
-118.398837
-119.401557
-118.730920
-116.062675
-111.648526
-105.570895
-98.574502
-89.719466
-79.118354
-67.218542
-53.615911
-38.690737
-23.439271
-8.037942
6.308045
20.412718
34.716300
47.873429
60.481344
72.445869
84.935938
96.595628
106.148549
114.053828
119.177955
121.596370
121.470179
118.941750
115.583284
110.879115
104.567323
96.904039
87.782145
76.664516
63.334533
49.060413
33.926112
18.488850
3.313848
-11.980023
-26.631866
-40.566751
-53.573677
-65.317154
-76.929501
-88.327442
-98.219599
-106.120450
-112.269436
-117.056540
-119.390488
-119.593654
-118.005957
-114.633526
-109.471083
-102.944885
-95.343760
-85.824387
-74.583803
-61.849356
-47.514779
-32.556738
-16.943898
-1.700946
12.426547
26.692663
40.425403
53.271566
65.689598
77.963386
90.349402
101.242576
110.243899
117.103883
120.954343
122.590576
121.555839
118.651901
114.835330
109.484707
102.780887
94.491073
84.492309
72.265523
58.267798
43.742486
28.273208
12.958561
-2.507482
-17.718758
-32.248838
-46.194621
-58.812754
-70.353236
-82.029956
-92.965364
-101.994617
-108.864137
-114.514317
-118.661438
-119.965076
-119.624138
-117.414679
-113.232476
-107.183967
-100.327900
-92.005730
-81.729548
-70.187024
-56.784153
-41.977167
-26.778834
-11.252335
3.591435
17.856700
32.200302
45.558214
58.302028
70.450306
82.955360
94.996691
105.106660
113.372462
119.159392
122.046641
122.538635
120.604549
117.362227
112.833806
106.684480
99.271536
90.522426
79.787629
66.461052
52.261523
37.245750
21.550485
6.224428
-9.156466
-24.103267
-38.276740
-51.872730
-63.762665
-75.259209
-86.582558
-96.939802
-105.190788
-111.611230
-116.743531
-119.741133
-120.421989
-119.188683
-115.984678
-111.084666
-104.611261
-97.184011
-87.968963
-76.996429
-64.662354
-50.559895
-35.494055
-19.820247
-4.416023
10.007109
24.454934
38.605588
51.625456
64.023903
76.296840
88.761023
99.977936
109.232324
116.802624
121.275697
123.064348
122.352839
119.640316
115.890673
110.719545
104.032414
95.946448
86.422307
74.706588
60.792310
46.235493
30.854940
15.408652
-0.015668
-15.665974
-30.194180
-44.366802
-57.427032
-68.952015
-80.562830
-91.688803
-101.113149
-108.655010
-114.521129
-118.872949
-120.597737
-120.461328
-118.291378
-114.445686
-108.640705
-101.946763
-93.911886
-83.656822
-72.110891
-59.069736
-44.379234
-29.198442
-13.529743
1.524857
15.785864
30.138833
43.772289
56.704283
68.991695
81.434080
93.817370
104.144301
112.683773
118.894577
122.165680
123.100962
121.338367
118.213040
114.112582
108.238288
100.821768
92.024122
81.546307
68.806240
54.506404
39.575441

