-27.454921
-30.350004
-32.921348
-35.736391
-37.790026
-38.398845
-37.875686
-37.112747
-35.641364
-34.098114
-33.121620
-32.319682
-31.255313
-29.955762
-28.041942
-25.621993
-22.844928
-19.136156
-14.792000
-10.511194
-6.246226
-2.330712
1.169784
4.889624
8.295774
10.951417
13.397081
16.070604
18.826042
21.868774
25.060177
27.657747
29.820374
32.097442
33.691611
34.559284
34.941435
34.630128
34.085682
33.831767
33.397675
32.910790
32.137632
30.655350
28.314420
25.808130
22.818531
19.236292
15.978302
12.767145
9.197508
5.518368
1.645088
-1.999821
-5.136899
-8.106402
-11.464528
-14.702422
-18.061059
-20.872014
-23.267099
-26.013170
-28.927837
-31.502077
-34.394264
-36.822217
-37.914515
-37.814379
-37.329538
-36.102704
-34.484863
-33.291749
-32.551629
-31.667948
-30.472789
-28.875385
-26.758739
-24.251938
-20.920549
-16.559533
-12.200049
-7.893017
-3.835814
-0.184264
3.431354
6.959098
9.720155
12.144191
14.940330
17.631054
20.538058
23.936033
26.862110
29.003620
31.355619
33.347777
34.460000
35.090957
34.904310
34.510919
34.308434
33.922536
33.295495
32.774721
31.673908
29.462917
26.945216
24.228437
20.730666
17.253331
13.971499
10.414124
6.781816
3.050395
-0.777245
-4.175050
-7.063321
-10.304962
-13.728482
-17.179591
-20.371335
-22.855656
-25.411844
-28.298071
-30.965975
-33.686672
-36.397151
-38.028955
-38.306713
-37.776913
-36.893232
-35.299574
-33.968687
-32.945360
-31.995603
-30.970063
-29.499701
-27.429036
-25.026287
-21.955286
-17.799991
-13.392993
-9.031636
-4.823208
-1.119886
2.540180
6.275518
9.398460
11.799676
14.402185
17.077753
19.854137
23.164749
26.271854
28.703724
30.983516
33.074617
34.405504
35.216468
35.343170
34.856626
34.397330
34.076997
33.624683
33.123663
32.243558
30.303001
27.865001
25.289740
21.994284
18.283980
15.046256
11.726788
8.087839
4.393373
0.598431
-2.916370
-5.923169
-9.170260
-12.584073
-15.957015
-19.229821
-21.867241
-24.268627
-27.094909
-29.792104
-32.386780
-35.280500
-37.382841
-38.004603
-37.845543
-37.133864
-35.696881
-34.269265
-33.295665
-32.564061
-31.509910
-30.130999
-28.309652
-26.010615
-23.378645
-19.531591
-15.127659
-10.919912
-6.686279
-2.793244
0.794615
4.592623
8.187124
10.881765
13.394696
15.912567
18.509797
21.665437
25.001253
27.809824
30.182770
32.610553
34.312691
35.415718
35.892725
35.385234
34.867525
34.605946
34.104245
33.620255
33.145462
31.630823
29.163531
26.571240
23.521355
19.968918
16.524792
13.213158
9.667362
6.143536
2.327306
-1.392194
-4.704509
-7.860831
-11.288609
-14.763730
-18.185037
-21.060705
-23.457834
-26.097809
-29.135942
-31.845910
-34.676961
-37.257501
-38.520098
-38.498810
-37.934440
-36.737067
-35.055365
-33.986228
-33.078364
-32.207625
-31.067133
-29.493400
-27.100018
-24.578401
-21.190132
-16.853298
-12.496540
-8.099079
-3.997598
-0.452825
3.301927
6.957395
9.920086
12.406962
15.198163
17.897402
20.778690
24.137838
27.192150
29.528652
31.753268
33.582960
34.754106
35.434961
35.318988
34.776756
34.478733
34.162998
33.562013
33.018759
32.001053
29.680218
27.189595
24.462768
20.963635
17.485448
14.248065
10.833229
7.123436
3.359658
-0.572886
-3.864935
-6.866285
-10.126659
-13.401849
-16.695091
-19.763878
-22.266763
-24.862800
-27.761800
-30.566795
-33.282552
-36.123821
-37.730421
-38.067102
-37.519421
-36.732469
-35.201141
-33.742530
-32.956770
-32.111747
-31.014511
-29.535804
-27.580942
-25.198460
-22.278002
-18.285172
-13.899292
-9.745359
-5.571502
-1.683916
1.822880
5.542210
8.649145
11.073010
13.674838
16.342231
18.958705
22.200346
25.455100
27.876922
30.042444
32.235043
33.790554
34.642220
34.800427
34.380640
34.065587
33.922877
33.446039
32.818999
32.190255
30.542953
28.122493
25.592191
22.458179
18.934693
15.704462
12.399639
8.754219
5.146776
1.276221
-2.378566
-5.425044
-8.401190
-11.764765
-15.275138
-18.690484
-21.391256
-23.875577
-26.674441
-29.611417
-32.107660
-34.865822
-37.146977
-38.001878
-37.829024
-37.125349
-35.829033
-34.354925
-33.344030
-32.443149
-31.481641
-30.404840
-28.700829
-26.438066
-23.847989
-20.199674
-15.917335
-11.531796
-7.193089
-3.225292
0.438179
4.172155
7.663965
10.328974
12.749093
15.509810
18.230336
21.376950
24.751595
27.557782
29.780524
31.990835
33.728395
34.781354
35.245929
34.924064
34.533058
34.199272
33.867700
33.257518
32.673393
31.221594
28.892074
26.263850
23.329599
19.735609
16.288757
13.089010
9.640115
6.004913
2.248968
-1.383168
-4.540001
-7.793903
-11.223895
-14.707531
-17.846142
-20.584379
-23.252113
-25.914397
-28.822592
-31.294141
-34.132515
-36.748818
-38.150208
-38.112572
-37.670476
-36.635229
-34.996271
-33.683266
-32.744748
-31.857320
-30.688899
-29.127768
-26.954412
-24.619613
-21.426337
-17.182997
-12.720483
-8.509329
-4.294770
-0.531163
3.152915
6.814514
9.693418
12.112175
14.812606
17.413923
20.167828
23.582833
26.681934
29.061862
31.239135
33.227886
34.559114
35.399199
35.207442
34.695523
34.381492
34.102201
33.568825
33.035278
32.035283
30.021838
27.484723
24.751254
21.333013
17.862490
14.591898
11.064836
7.507801
3.904785
0.120231
-3.377199
-6.375313
-9.566205
-13.038942
-16.439813
-19.662380
-22.207839
-24.625574
-27.438572
-30.286993
-32.867023
-35.690750
-37.526744
-38.174391
-37.884712
-37.021807
-35.444498
-34.014497
-33.265012
-32.390015
-31.285797
-30.001232
-28.094564
-25.688580
-22.875581
-18.993446
-14.632600
-10.226795
-5.954674
-2.118179
1.410076
5.021776
8.327450
10.940177
13.400146
16.125951
18.799475
22.076368
25.420870
28.088774
30.414036
32.623666
34.173046
35.049064
35.442284
35.088914
34.669808
34.419639
33.908231
33.529316
32.874857
31.168461
28.623853
25.998695
22.899594
19.264562
15.874760
12.684039
9.137733
5.427088
1.522303
-2.122777
-5.267348
-8.433206
-11.823177
-15.212297
-18.525634
-21.239860
-23.748704
-26.621989
-29.488632
-32.141549
-35.081591
-37.401063
-38.322892
-38.030999
-37.326132
-36.231279
-34.635578
-33.550433
-32.754966
-31.879970
-30.666930
-28.914043
-26.620626
-23.974691
-20.583698
-16.285351
-11.981385
-7.692235
-3.605059
0.041212
3.678969
7.318769
10.049513
12.607064
15.329974
17.919030
20.894323
24.321420
27.306591
29.670681
31.954561
33.733164
34.778629
35.425425
35.181386
34.655162
34.546682
34.283400
33.732653
33.187185
31.974827
29.688052
27.215311
24.289744
20.744460
17.335585
14.169897
10.758127
7.128886
3.366300
-0.489099
-3.881454
-6.880249
-10.143178
-13.543027
-17.091717
-20.057133
-22.461755
-25.008576
-28.031043
-30.879463
-33.557585
-36.312171
-37.780489
-38.025039
-37.565231
-36.655324
-35.112415
-33.978054
-33.181735
-32.317809
-31.212057
-29.770647
-27.726378
-25.365182
-22.188084
-18.084220
-13.855866
-9.582894
-5.376339
-1.710824
1.869202
5.511727
8.597544
11.074884
13.624770
16.362667
19.231183
22.526979
25.598833
28.036492
30.397347
32.693829
34.157208
34.871953
35.070011
34.661634
34.452677
34.207446
33.799750
33.389671
32.607147
30.715466
28.208494
25.707313
22.367069
18.771376
15.524285
12.244156
8.747407
5.081551
1.162461
-2.337864
-5.305835
-8.579152
-12.054103
-15.527861
-18.901314
-21.435704
-24.115358
-26.929889
-29.741355
-32.378265
-35.365139
-37.451131
-38.077320
-37.739958
-37.045990
-35.784074
-34.343175
-33.421346
-32.667092
-31.770127
-30.457463
-28.604780
-26.333502
-23.608548
-19.869293
-15.319416
-11.180469
-6.942749
-2.974442
0.571523
4.398142
7.765974
10.392666
13.060399
15.828780
18.612828
21.645852
25.009257
27.743408
29.913528
32.188892
33.896991
34.893921
35.304342
34.898009
34.452677
34.292766
33.794982
33.243554
32.570873
31.019790
28.624364
26.099171
22.966181
19.424132
16.081503
12.804610
9.151697
5.459445
1.622949
-1.992839
-5.129235
-8.296115
-11.625631
-15.030078
-18.455301
-21.255698
-23.698977
-26.433808
-29.388326
-31.928505
-34.662145
-37.026065
-38.059950
-37.985529
-37.365130
-36.109516
-34.429857
-33.284426
-32.441786
-31.410456
-30.199800
-28.623002
-26.418141
-23.868425
-20.452568
-16.067539
-11.794056
-7.472209
-3.347908
0.206743
3.908702
7.469313
10.242122
12.718609
15.335594
17.984254
20.995310
24.373531
27.237109
29.373510
31.580925
33.482483
34.523691
35.079377
34.990311
34.455061
34.210001
33.769097
33.189399
32.675947
31.353916
29.135261
26.691811
23.783275
20.338127
17.010314
13.667175
10.268007
6.664140
2.748285
-1.098939
-4.271439
-7.214035
-10.650328
-13.981717
-17.358746
-20.343406
-22.797074
-25.446245
-28.383562
-31.052317
-33.685139
-36.446197
-37.920305
-38.071871
-37.592820
-36.762272
-35.165378
-33.818994
-32.983167
-32.119240
-30.998843
-29.453209
-27.326175
-24.895498
-21.840164
-17.619814
-13.209241
-8.957386
-4.729714
-1.056365
2.588204
6.389448
9.356567
11.845316
14.600413
17.276662
20.015069
23.310525
26.504142
29.038872
31.303678
33.404487
34.764835
35.610199
35.694497
35.158907
34.940924
34.730775
34.159422
33.627238
32.705239
30.741521
28.197765
25.465148
22.046055
18.398421
15.228476
11.722190
8.058548
4.430498
0.436476
-3.145763
-6.261212
-9.490933
-12.952771
-16.413246
-19.798109
-22.336074
-24.819033
-27.741194
-30.688388
-33.359357
-36.268234
-38.140842
-38.761922
-38.450275
-37.642036
-36.176443
-34.660271
-33.663171
-32.797030
-31.657560
-30.171360
-28.278487
-25.921038
-22.929737
-18.954618
-14.644521
-10.260514
-5.848578
-1.956395
1.617500
5.426407
8.640460
11.267492
13.855866
16.662904
19.452402
22.841862
26.135445
28.524058
30.627591
32.797882
34.447398
35.191263
35.434450
35.126209
34.826313
34.513984
34.025397
33.552476
32.787834
31.001227
28.442315
25.873355
22.592204
18.995149
15.597514
12.211118
8.710623
4.985332
1.048020
-2.700772
-5.805492
-8.878538
-12.343270
-15.666144
-18.971818
-21.678209
-24.084534
-26.865857
-29.718876
-32.233340
-35.039868
-37.449258
-38.332088
-38.038833
-37.313359
-36.144938
-34.532206
-33.348288
-32.399552
-31.473807
-30.328035
-28.515543
-26.272706
-23.712260
-20.076718
-15.696287
-11.317900
-7.034200
-3.087350
0.462362
4.311970
7.883651
10.430302
12.915475
15.658140
18.337795
21.309342
24.665083
27.492046
29.801641
31.966993
33.776249
34.921680
35.457270
35.263300
34.679685
34.474475
34.011943
33.555542
33.002070
31.609876
29.340472
26.795353
23.823295
20.148584
16.703946
13.550350
10.071993
6.362200
2.652747
-1.104219
-4.319463
-7.341419
-10.784183
-14.142139
-17.665454
-20.636661
-23.161684
-25.634084
-28.664895
-31.253099
-34.010921
-36.592484
-38.054841
-38.188696
-37.713562
-36.657878
-35.020624
-33.775398
-33.004284
-32.111917
-30.975001
-29.305220
-27.236257
-24.939605
-21.539927
-17.232725
-12.904406
-8.604016
-4.363741
-0.635556
2.901895
6.595680
9.515796
12.062958
14.766455
17.370156
20.318542
23.756198
26.856491
29.098988
31.193835
33.274719
34.593003
35.251720
35.306726
34.792083
34.514666
34.242528
33.585855
33.135925

