-22.392784
-19.691501
-15.806300
-12.172801
-8.826256
-5.553280
-2.391679
0.455720
3.842286
7.577794
11.436428
15.282290
18.583025
21.078927
23.444210
25.908777
28.143099
30.307770
31.874350
32.346760
32.243729
31.760250
31.043291
30.680725
30.388832
29.803855
29.221092
28.551987
26.870966
24.319887
21.536010
18.596309
15.535014
12.573004
9.086813
5.788292
3.057889
0.317948
-2.639975
-5.841936
-9.303263
-12.521233
-15.426023
-18.057823
-20.663227
-22.848334
-25.037016
-27.323450
-28.831959
-29.852731
-30.436856
-30.414036
-30.269453
-29.953718
-29.617207
-29.700484
-30.472108
-30.489649
-29.382535
-27.062552
-24.690969
-22.895506
-20.654712
-17.057146
-13.434376
-10.027885
-6.672144
-3.571510
-0.835146
2.371413
6.011043
9.868486
13.732740
17.277684
20.068543
22.410836
24.788891
27.075154
29.345070
31.356130
32.204219
32.326494
32.103062
31.556913
30.988285
30.663524
30.121463
29.514006
29.102734
27.779341
25.448969
22.808143
19.877638
16.674485
13.753176
10.475431
6.996904
4.086324
1.312154
-1.412971
-4.405975
-7.921287
-11.440345
-14.459235
-17.143658
-19.919021
-22.264038
-24.388347
-26.691471
-28.494596
-29.772861
-30.646154
-30.746119
-30.559642
-30.390365
-30.086211
-29.806750
-30.352899
-30.735391
-30.014856
-28.142588
-25.653499
-23.686205
-21.720954
-18.518312
-14.637879
-11.086123
-7.822854
-4.641499
-1.686130
1.246929
4.786934
8.532320
12.540988
16.394854
19.402504
21.821431
24.178539
26.485409
28.746128
30.923571
32.136611
32.496112
32.348973
31.713928
31.114476
30.773878
30.406032
29.742037
29.267243
28.350694
26.300635
23.717199
20.768302
17.650298
14.728648
11.601107
8.011035
4.856076
2.218825
-0.597579
-3.716264
-7.068430
-10.492461
-13.614212
-16.364711
-19.085748
-21.536691
-23.641075
-25.999546
-28.181757
-29.550450
-30.485562
-30.880656
-30.710186
-30.459166
-30.145645
-29.823950
-30.270304
-30.937706
-30.533246
-28.934479
-26.517085
-24.243253
-22.358894
-19.554751
-15.718085
-12.139252
-8.776188
-5.455017
-2.503395
0.417573
3.844670
7.574388
11.444092
15.186071
18.498727
21.108048
23.421730
25.867224
28.055906
30.393600
32.016550
32.434123
32.359873
31.866687
31.195027
30.744757
30.450991
29.890708
29.440778
28.675965
26.869433
24.388177
21.602597
18.600225
15.476772
12.602125
9.284190
5.988734
3.222908
0.305857
-2.703156
-5.996568
-9.554114
-12.821470
-15.496697
-18.101760
-20.706143
-23.025955
-25.305067
-27.538708
-29.259750
-30.421019
-30.969892
-30.709675
-30.407224
-30.030182
-29.668127
-29.757534
-30.456270
-30.615500
-29.516050
-27.220419
-24.632726
-22.639377
-20.446437
-16.916820
-13.180120
-9.870018
-6.698370
-3.594160
-0.714234
2.536603
6.277050
9.955338
13.912065
17.334052
19.931793
22.156239
24.712426
27.011974
29.315438
31.280858
32.084158
32.219376
31.899214
31.091486
30.619076
30.419486
29.958997
29.368911
28.953723
27.710370
25.355816
22.684165
19.831998
16.689301
13.780083
10.614055
7.202625
4.252536
1.586676
-1.217297
-4.364252
-7.760184
-11.159011
-14.117956
-16.677039
-19.454445
-21.810021
-23.966687
-26.373523
-28.277806
-29.641049
-30.453716
-30.672039
-30.494247
-30.362265
-29.928344
-29.806920
-30.494417
-30.996970
-30.352899
-28.534106
-26.004655
-23.979970
-22.074495
-19.051007
-15.257086
-11.787585
-8.406980
-5.162443
-2.136401
0.751870
4.314865
8.226292
12.081351
15.839679
18.997192
21.511657
23.968390
26.406561
28.731482
30.985730
32.353912
32.598632
32.488278
32.134397
31.470571
31.188556
30.816283
30.168806
29.737779
28.800794
26.673930
24.078233
21.323306
18.193211
15.122039
11.981555
8.523124
5.296128
2.428634
-0.459807
-3.433398
-6.682873
-10.224921
-13.550350
-16.207354
-18.864359
-21.488326
-23.686886
-25.968552
-28.123345
-29.573100
-30.515705
-30.963251
-30.745608
-30.569349
-30.347449
-30.008384
-30.190774
-30.836889
-30.693838
-29.287679
-26.884249
-24.542127
-22.707496
-20.175321
-16.271387
-12.520211
-9.150675
-5.843639
-2.778598
0.162465
3.460135
7.139955
10.923658
14.900650
18.337284
20.831312
23.091861
25.491033
27.773891
30.048575
31.677485
32.354082
32.378265
31.943321
31.310490
30.856814
30.551468
29.945033
29.349668
28.824977
27.285814
24.884088
22.098337
19.034658
15.913418
12.940679
9.571484
6.154435
3.376688
0.601326
-2.247436
-5.501679
-8.919920
-12.341567
-15.212638
-17.885140
-20.569222
-22.894314
-25.063583
-27.371475
-29.096774
-30.138663
-30.716317
-30.676637
-30.389854
-29.981307
-29.498509
-29.696056
-30.372654
-30.625377
-29.449633
-27.132034
-24.854796
-23.001603
-20.890066
-17.333371
-13.642141
-10.227816
-7.028750
-3.817933
-1.063517
1.961333
5.532503
9.325232
13.242960
16.808850
19.740207
22.040435
24.429389
26.624032
28.877429
30.942133
32.025235
32.118218
31.919650
31.340122
30.811174
30.536311
29.993057
29.398884
29.068163
27.980294
25.726216
23.158959
20.296914
17.159326
14.141798
11.092084
7.648468
4.737718
1.980577
-0.855923
-3.990957
-7.350785
-10.788611
-13.907296
-16.539948
-19.163064
-21.619797
-23.780210
-26.128292
-28.092350
-29.485566
-30.522346
-30.795676
-30.550446
-30.330590
-30.061517
-29.874018
-30.395814
-31.009231
-30.567646
-28.906379
-26.389190
-24.169854
-22.328070
-19.390413
-15.459572
-11.904069
-8.487191
-5.333253
-2.405643
0.593662
4.194123
7.933038
11.728832
15.659332
18.918174
21.282775
23.673603
26.149239
28.456279
30.718872
32.157217
32.631670
32.563720
32.084669
31.371968
30.848469
30.481134
29.916763
29.363292
28.584855
26.696920
24.178709
21.377802
18.233912
15.120166
12.115410
8.699383
5.298172
2.665349
-0.011580
-3.067936
-6.450755
-9.997232
-13.155426
-15.926531
-18.575191
-21.180936
-23.406914
-25.621993
-27.820723
-29.436350
-30.413696
-30.860220
-30.732155
-30.527966
-30.173063
-29.758726
-29.971770
-30.711378
-30.657053
-29.346773
-26.918479
-24.599688
-22.775446
-20.308154
-16.607557
-12.952941
-9.604522
-6.312813
-3.089905
-0.130279
3.028938
6.759507
10.630744
14.546599
17.945256
20.613841
22.946937
25.354624
27.711562
29.908759
31.735556
32.415390
32.411643
32.062190
31.430892
30.864818
30.648368
30.061007
29.525757
28.952020
27.415071
24.983031
22.267955
19.305604
16.185045
13.225419
9.917361
6.367138
3.482614
0.688178
-2.296993
-5.405801
-8.813654
-12.235131
-15.215703
-17.812763
-20.463978
-22.786004
-25.079761
-27.449131
-29.235397
-30.414888
-31.083141
-31.077181
-30.812025
-30.589104
-30.274221
-30.158418
-30.775411
-31.081779
-30.319350
-28.199468
-25.570563
-23.460899
-21.481684
-18.269335
-14.351606
-10.857412
-7.441555
-4.284212
-1.297678
1.764297
5.395923
9.184054
13.147082
16.833373
19.858905
22.235938
24.650608
27.033431
29.391391
31.519788
32.598121
32.840627
32.722098
32.105616
31.504461
31.180722
30.752761
30.064413
29.486758
28.462580
26.359388
23.690462
20.762001
17.583370
14.508111
11.472191
7.982424
4.715579
2.024685
-0.815051
-3.859997
-7.331371
-10.842255
-14.019183
-16.758783
-19.466707
-22.015912
-24.102415
-26.490688
-28.587580
-30.018262
-30.945539
-31.173570
-31.017576
-30.879123
-30.541761
-30.206612
-30.679532
-31.304189
-30.896153
-29.376575
-26.739836
-24.636473
-22.694554
-19.808156
-15.858412
-12.285539
-8.888415
-5.541018
-2.425909
0.524180
3.901550
7.745368
11.650835
15.552385
18.836941
21.407434
23.789236
26.205097
28.420857
30.542442
32.318830
32.738617
32.716479
32.289539
31.570707
31.279836
30.881337
30.190434
29.757534
29.077189
27.319704
24.639368
21.897044
18.838474
15.555620
12.517997
9.120873
5.795956
3.112214
0.348772
-2.700772
-5.917549
-9.527547
-12.917348
-15.775136
-18.446275
-21.045378
-23.268121
-25.524923
-27.726037
-29.322760
-30.427320
-31.007358
-30.920676
-30.708824
-30.375719
-29.964106
-30.120100
-30.753613
-30.736583
-29.615164
-27.357510
-24.966002
-23.069722
-20.771878
-17.048120
-13.183015
-9.721858
-6.447860
-3.434249
-0.603540
2.561637
6.320477
10.197333
14.118467
17.727784
20.485095
22.668498
25.020838
27.265378
29.478584
31.457799
32.242537
32.390867
32.116686
31.368051
30.850853
30.489138
29.941457
29.486588
28.972455
27.649573
25.346790
22.637503
19.634962
16.407967
13.445616
10.196992
6.672485
3.855569
1.290355
-1.625163
-4.770585
-8.309569
-11.778389
-14.707020
-17.456838
-20.106179
-22.376946
-24.572270
-26.879992
-28.609378
-29.948609
-30.683279
-30.712230
-30.605793
-30.406884
-29.929536
-29.723474
-30.472108
-30.772175
-29.953718
-27.919667
-25.455781
-23.541110
-21.516596
-18.170050
-14.249768
-10.849237
-7.515294
-4.307372
-1.395260
1.485859
5.070482
8.938483
12.879542
16.564812
19.531591
21.915606
24.303198
26.658603
28.835024
31.015192
32.177993
32.403810
32.272169
31.606981
30.973639
30.739818
30.187709
29.520818
29.178858
28.157745
25.952373
23.252283
20.389216
17.308508
14.231035
11.116607
7.634333
4.574571
1.914671
-0.951631
-3.976311
-7.308040
-10.853836
-14.038086
-16.760486
-19.355161
-21.787712
-24.033785
-26.401281
-28.468881
-29.696737
-30.692135
-30.947753
-30.602217
-30.404329
-30.041933
-29.774393
-30.176299
-30.717850
-30.201503
-28.686864
-26.166439
-23.896183
-21.989516
-19.231013
-15.311922
-11.738198
-8.295434
-5.119869
-2.146278
0.831400
4.263435
8.020401
11.940002
15.801362
19.055435
21.587610
23.825850
26.128292
28.459685
30.633211
31.925440
32.331092
32.346930
31.837566
31.048400
30.671699
30.216830
29.552494
29.001406
28.270483
26.448284
24.084193
21.334546
18.166644
15.022073
12.002332
8.606570
5.227838
2.536433
-0.103542
-2.910069
-6.187814
-9.683541
-12.874433
-15.680279
-18.405233
-20.967211
-23.129157
-25.426149
-27.554546
-29.094219
-30.204569
-30.558450
-30.481134
-30.396836
-30.227559
-29.847792
-30.007192
-30.737604
-30.564921
-29.238122
-26.909454
-24.549961
-22.780555
-20.343746
-16.556978
-12.831858
-9.518010
-6.246567
-3.090416
-0.176600
2.915008
6.597383
10.492802
14.516115
17.975569
20.580462
23.009096
25.397539
27.563402
29.856648
31.634569
32.364130
32.467672
32.083648
31.372479
31.025069
30.713933
29.980796
29.419320
28.906890
27.448109
24.974857
22.228786
19.217389
16.126122
13.085093
9.770393
6.408010
3.589221
0.946181
-2.043418
-5.234139
-8.776699
-12.094293
-15.042680
-17.807143
-20.414421
-22.689615
-24.984053
-27.407067
-29.223646
-30.327695
-30.980962
-31.050955
-30.780520
-30.526093
-30.069351
-30.020646
-30.750888
-30.891044
-29.967683
-27.840478
-25.451354
-23.340668
-21.210739
-17.681803
-13.793707
-10.257789
-7.024493
-3.905296
-1.016004
2.126523
5.802768
9.633984
13.542686
17.211608
20.070076
22.499561
24.795873
26.985747
29.370104
31.411818
32.363279
32.518080
32.371793
31.762123
31.034946
30.752080
30.205761
29.624360
29.130833
27.863639
25.683982
23.062229
20.161186
16.864538
13.677393
10.540656
7.098232
4.065718
1.490286
-1.282011
-4.358803
-7.731744
-11.292526
-14.318739

