-32.650403
-35.346917
-37.074259
-38.528442
-39.241484
-39.176941
-38.675581
-38.382496
-37.759542
-37.310634
-36.678995
-34.848452
-31.919990
-28.774398
-25.832312
-22.787367
-18.976246
-14.040130
-8.868149
-4.265479
-0.029973
3.790345
7.135698
10.587488
13.851438
16.915117
19.915274
22.838116
25.435175
28.110402
30.991009
33.389500
34.886599
35.658904
35.555022
35.386767
35.142728
34.395116
33.705916
33.348799
32.433953
30.916589
28.936182
26.882035
24.640901
22.485426
20.167487
17.430612
14.349392
10.369505
5.925213
2.137423
-1.276050
-4.598073
-7.786921
-10.826588
-14.011860
-17.195599
-21.009956
-24.580956
-27.973482
-31.014681
-33.839771
-35.934448
-37.677969
-38.664511
-38.764817
-38.477353
-38.266863
-37.686995
-37.248646
-36.898511
-35.662651
-33.183609
-30.021838
-27.021340
-24.205106
-20.750761
-16.142300
-10.880402
-6.191390
-1.941919
2.006292
5.555834
8.974757
12.410368
15.578781
18.640927
21.758761
24.367741
26.893956
29.862097
32.541071
34.308434
35.487073
35.802467
35.624845
35.528796
34.809623
34.170662
33.978905
33.315250
31.858172
30.090298
28.110232
25.776795
23.555585
21.363497
18.739019
15.773943
12.064321
7.561786
3.507478
0.073739
-3.457580
-6.842613
-9.887729
-13.042348
-16.187259
-19.851923
-23.697444
-27.124030
-30.288356
-33.326149
-35.800253
-37.638800
-38.969517
-39.401565
-39.193290
-38.697038
-38.287810
-37.681716
-37.424394
-36.463567
-34.167085
-31.138999
-27.985913
-25.022881
-21.781581
-17.484767
-12.234790
-7.299525
-2.899340
1.180002
4.710300
8.195809
11.698859
14.988014
18.012353
21.096298
23.913894
26.426997
29.295172
32.034601
34.056561
35.347939
35.747971
35.501208
35.386767
35.068308
34.289530
33.749683
33.316442
32.149724
30.469043
28.477567
26.230301
24.045876
22.018637
19.641093
16.725915
13.376134
9.128026
4.724775
1.108306
-2.280985
-5.622080
-8.695466
-11.923994
-15.025139
-18.421922
-22.242750
-25.777817
-29.075657
-32.038178
-34.560135
-36.607640
-38.194997
-38.998638
-38.882324
-38.653612
-38.269929
-37.591628
-37.248305
-36.707095
-35.082102
-32.228231
-29.055561
-26.213271
-23.254667
-19.565480
-14.484099
-9.274142
-4.755940
-0.571012
3.210476
6.619011
10.070460
13.438804
16.537905
19.646372
22.505522
25.060177
27.958325
30.997481
33.431053
34.895795
35.614456
35.510233
35.441433
35.390343
34.706763
34.207106
33.998489
33.071382
31.419482
29.617889
27.466331
25.160653
23.018633
20.839657
18.326896
15.166487
11.090040
6.502867
2.640656
-0.870398
-4.263605
-7.481405
-10.568244
-13.618299
-16.917842
-20.818710
-24.586235
-28.067487
-31.232664
-34.197739
-36.414351
-38.020100
-39.081573
-39.329188
-39.089578
-38.848945
-38.342816
-37.817104
-37.583283
-36.199944
-33.679860
-30.583314
-27.603762
-24.579763
-21.243266
-16.644342
-11.339869
-6.507465
-2.062661
1.984835
5.493334
9.053264
12.551376
15.785694
18.912894
22.021021
24.672406
27.132715
30.048064
32.767568
34.610885
35.714763
35.871097
35.729749
35.654136
35.101346
34.278291
33.862761
33.270802
31.800270
30.048234
28.154850
25.747844
23.575510
21.464314
18.820081
15.877485
12.219122
7.790497
3.555162
0.124999
-3.303119
-6.455524
-9.532486
-12.743473
-15.832015
-19.464152
-23.296731
-26.739495
-29.999358
-32.878263
-35.320180
-37.163155
-38.550411
-38.962024
-38.798196
-38.407019
-38.058587
-37.478549
-37.072216
-36.303997
-34.245764
-31.232323
-28.080600
-25.220088
-22.142955
-18.057312
-12.876647
-7.868665
-3.587348
0.492334
4.264797
7.575239
11.040143
14.265435
17.286880
20.423446
23.250069
25.637490
28.449467
31.381675
33.553158
34.899541
35.422529
35.410268
35.324608
34.864971
34.026589
33.570187
33.305202
32.227039
30.503273
28.756857
26.657411
24.389199
22.242921
19.854988
17.109428
13.880730
9.762900
5.410739
1.879760
-1.521281
-4.982948
-8.154086
-11.181831
-14.288936
-17.746176
-21.658114
-25.174447
-28.477907
-31.565939
-34.378767
-36.397832
-37.951469
-38.877044
-38.891009
-38.548708
-38.152933
-37.634032
-37.316254
-36.996092
-35.326992
-32.578877
-29.537167
-26.587759
-23.613317
-19.951718
-15.050513
-9.988887
-5.392688
-1.191241
2.624478
6.174701
9.711640
13.126816
16.282116
19.288063
22.340502
24.909462
27.620281
30.579737
33.075980
34.750700
35.593850
35.704204
35.582781
35.454205
34.742696
34.170662
33.802646
33.057758
31.472955
29.610736
27.452196
25.153501
22.891419
20.654202
17.955133
14.850412
10.967766
6.554808
2.632993
-0.744207
-4.043749
-7.182871
-10.505915
-13.702767
-16.939129
-20.451205
-23.965665
-27.511971
-30.731133
-33.726011
-35.906349
-37.780489
-38.939204
-39.294618
-38.873979
-38.571528
-38.061653
-37.511928
-37.202665
-36.056723
-33.691781
-30.524731
-27.454410
-24.470091
-21.247693
-16.760826
-11.460781
-6.570135
-2.354383
1.691920
5.335467
8.776869
12.227808
15.344620
18.413237
21.555424
24.229969
26.689938
29.705593
32.440254
34.389496
35.394600
35.640342
35.476174
35.436835
34.842661
34.083128
33.714090
33.250196
31.888315
30.079910
28.069701
25.853430
23.647717
21.563598
19.140414
16.398430
12.883799
8.369514
4.169089
0.752211
-2.673694
-6.022624
-9.072849
-12.160540
-15.239886
-18.768140
-22.690126
-26.159286
-29.302154
-32.375881
-35.023349
-36.895105
-38.287980
-38.830723
-38.811650
-38.551773
-38.159745
-37.471567
-37.245240
-36.751202
-34.761599
-31.785624
-28.745787
-25.853089
-22.775275
-18.823998
-13.730867
-8.666345
-4.123790
0.055177
3.811121
7.212332
10.583060
13.944932
17.124585
20.160505
23.088285
25.561878
28.391055
31.325987
33.561332
34.995931
35.658223
35.624334
35.467999
35.366161
34.718684
34.134388
33.764158
32.676799
31.065771
29.204914
27.115345
24.816138
22.715500
20.471300
17.725570
14.397587
10.260854
5.776201
1.998118
-1.435110
-4.749128
-7.792030
-10.954482
-14.083385
-17.517124
-21.484239
-25.105647
-28.618574
-31.701156
-34.401587
-36.407709
-38.068976
-39.027589
-39.142711
-38.807392
-38.545472
-38.047859
-37.546328
-37.072556
-35.533735
-32.960176
-29.834679
-26.874713
-24.001258
-20.434005
-15.744482
-10.437454
-5.694287
-1.430341
2.549035
6.056343
9.395225
12.820959
15.940496
19.152846
22.243091
24.794170
27.421032
30.411312
32.969543
34.674065
35.624334
35.736561
35.584995
35.609518
35.024711
34.220730
33.955233
33.253942
31.701667
29.858691
27.940444
25.742905
23.689270
21.528006
18.926178
15.908309
12.106895
7.618495
3.563166
0.197717
-3.203154
-6.434407
-9.502002
-12.542861
-15.720640
-19.593920
-23.364340
-26.677166
-29.736076
-32.956089
-35.396985
-37.126371
-38.448742
-38.799388
-38.656337
-38.360698
-38.003751
-37.509203
-37.357637
-36.414521
-34.200123
-31.118393
-28.152977
-25.377955
-22.220952
-17.892293
-12.719291
-7.910558
-3.521442
0.616823
4.212516
7.603679
11.040654
14.304604
17.389059
20.385470
23.202045
25.804724
28.729439
31.516722
33.568995
34.887109
35.426787
35.396133
35.233157
34.909248
34.191779
33.922877
33.508028
32.345908
30.674764
28.766734
26.599680
24.386133
22.433145
20.011493
17.259802
13.890437
9.644713
5.402395
1.816239
-1.668760
-5.026034
-8.051736
-11.215210
-14.320612
-17.849548
-21.791799
-25.260789
-28.667620
-31.819514
-34.525054
-36.461864
-38.140161
-38.893904
-38.873128
-38.542747
-38.223948
-37.782533
-37.472929
-36.957945
-35.169636
-32.388823
-29.301132
-26.474851
-23.528508
-19.725731
-14.809711
-9.486675
-5.037103
-0.828675
3.046989
6.532328
10.146073
13.458558
16.566856
19.727094
22.632395
25.230135
27.876752
30.937365
33.389500
34.853731
35.622631
35.670315
35.548380
35.433258
34.720898
34.163339
33.991337
32.995939
31.365497
29.492889
27.372837
25.102922
22.939444
20.544870
17.857211
14.691183
10.613884
6.049701
2.237729
-1.164334
-4.573550
-7.777384
-11.011362
-14.119659
-17.402002
-21.269492
-24.863822
-28.166430
-31.260422
-34.277780
-36.364964
-37.987913
-38.961683
-39.082084
-38.733142
-38.317442
-37.740980
-37.184272
-36.860194
-35.527604
-32.864298
-29.654673
-26.712418
-23.761477
-20.216703
-15.547616
-10.308198
-5.711998
-1.480068
2.488920
5.931343
9.458746
12.890611
16.041824
19.162553
22.066832
24.647032
27.295010
30.267750
32.876730
34.581763
35.582611
35.756656
35.513469
35.400561
34.853731
34.075975
33.785275
33.029829
31.509910
29.711723
27.605636
25.395155
23.244960
20.979983
18.428223
15.527010
11.629718
7.223231
3.230572
-0.292403
-3.736530
-6.839718
-9.862525
-13.158832
-16.248567
-19.956827
-23.684842
-27.066639
-30.249868
-33.276422
-35.637447
-37.318979
-38.685117
-39.022480
-38.738251
-38.388627
-38.079875
-37.494728
-37.173203
-36.216463
-33.988101
-30.931405
-27.875389
-25.015899
-21.784476
-17.540625
-12.233938
-7.285391
-2.955879
1.183237
4.776546
8.218288
11.759145
14.882088
17.974547
21.163736
23.936714
26.454755
29.357161
32.231978
34.327677
35.529648
35.892725
35.710846
35.708802
35.383020
34.607479
34.293788
33.876896
32.536983
30.699457
28.703894
26.533433
24.299111
22.138698
19.692353
16.814130
13.402871
8.888926
4.517862
1.047168
-2.456903
-5.825928
-8.949212
-12.034178
-15.157121
-18.741914
-22.831133
-26.359558
-29.683794
-32.709326
-35.453524
-37.406683
-38.919279
-39.507321
-39.484501
-39.219175
-38.781847
-38.151400
-37.798200
-37.125008
-35.178491
-32.215800
-29.007026
-26.191132
-23.164409
-18.987315
-13.789620
-8.714880
-4.145418
0.174216
3.975289
7.394041
10.958399
14.305626
17.552546
20.724365
23.689951
26.189089
29.038191
31.894275
33.990656
35.411460
36.138637
36.277430
36.106791
35.720042
34.869058
34.279483
33.745084
32.613448
31.012637
29.072251
26.911667
24.660826
22.552013
20.092896
17.352104
14.031274
9.746892
5.369697
1.600470
-1.864433
-5.299875
-8.426223
-11.511190
-14.695440
-18.003668
-21.873031
-25.470257
-28.705938
-31.859704
-34.737587
-36.639656
-38.225821
-39.212363
-39.257492
-38.792406
-38.379601
-37.914685
-37.463052
-36.974464
-35.330398
-32.688890
-29.633726
-26.571751
-23.618596
-20.047086
-15.107053
-9.869848
-5.163636
-0.916890
2.917562
6.349087
9.928261
13.344799
16.303403
19.376448
22.417137
25.056090
27.630840
30.594553
33.107485
34.780332
35.570179
35.673039
35.605260
35.511766
34.956762
34.173727
33.908572
33.035960
31.552315
29.689414
27.549097
25.337764
23.215498
20.957674
18.297434
15.234266
11.439834
6.939513
2.892188
-0.486374
-3.910235
-7.087333
-10.175364
-13.313804
-16.406604
-20.207167
-23.957661
-27.377946
-30.425617
-33.552476
-35.833972
-37.634373
-38.774184
-39.133174
-38.835832
-38.491998
-37.996258
-37.493535
-37.228039
-36.222764
-33.866167
-30.815772
-27.692659
-24.853264
-21.661179
-17.017978
-11.713675
-6.946155
-2.646617
1.481601
5.132471
8.494173
12.057168
15.284504
18.496343
21.573475
24.184840
26.751927
29.721941
32.479422
34.301111
35.347939
35.746438
35.680532
35.570349
35.165378
34.376894
34.014668
33.530848
32.043627
30.325821

