12.997389
16.236305
19.322293
22.320066
24.890900
27.491195
30.564410
33.019611
34.631491
35.449096
35.614967
35.485710
35.351345
34.749508
34.073251
33.660616
32.901253
31.303678
29.654162
27.682441
25.422232
23.257392
20.918506
18.293858
15.243973
11.323520
6.776537
2.854722
-0.483138
-3.929990
-7.202455
-10.141645
-13.330494
-16.532966
-20.170041
-23.887668
-27.237109
-30.313219
-33.427477
-35.726343
-37.436826
-38.712365
-39.047514
-38.910593
-38.556542
-38.051946
-37.527255
-37.107808
-36.032881
-33.683096
-30.762979
-27.716500
-24.704933
-21.479130
-17.100913
-11.862176
-6.996564
-2.695833
1.416377
4.997253
8.388247
11.840037
15.092407
18.026658
21.087953
23.872341
26.419333
29.239484
32.131672
34.193822
35.342148
35.639831
35.434621
35.419805
35.003424
34.266029
33.899205
33.431734
32.088586
30.338934
28.402294
26.160649
24.091516
21.983896
19.442184
16.682999
13.329131
8.906807
4.601819
0.986712
-2.513272
-5.905458
-8.987699
-12.003865
-15.108585
-18.601247
-22.498710
-26.056937
-29.328380
-32.376732
-35.195691
-37.087883
-38.628578
-39.233821
-39.164850
-38.852521
-38.470541
-37.907873
-37.532534
-36.961011
-35.089084
-32.149724
-29.041767
-26.028327
-23.358549
-19.333363
-14.071635
-8.913789
-4.452978
-0.235013
3.673009
7.240091
10.678087
14.110633
17.279046
20.357200
23.078237
25.488819
28.367383
31.398194
33.712217
35.132851
35.782712
35.790546
35.623312
35.471405
34.767560
34.115144
33.902952
32.852207
31.158413
29.301643
27.095761
24.738312
22.711413
20.304237
17.515762
14.271055
10.163784
5.630936
1.823221
-1.565218
-5.067246
-8.199385
-11.196988
-14.209066
-17.543520
-21.368265
-24.976390
-28.337921
-31.440599
-34.263304
-36.364964
-37.924051
-38.859333
-39.060797
-38.756132
-38.355759
-37.843330
-37.355253
-36.904131
-35.544634
-32.709496
-29.575825
-26.752778
-23.928370
-20.395177
-15.750102
-10.659865
-6.004742
-1.657520
2.328668
5.720173
9.300028
12.743984
15.941688
18.841369
21.903004
24.462427
27.013166
29.881511
32.522338
34.220219
35.188879
35.362584
35.369907
35.314901
34.703868
33.842836
33.474990
32.832793
31.398194
29.792445
27.744089
25.571585
23.470776
21.278858
18.639905
15.787738
12.098721
7.649660
3.569467
0.191586
-3.053972
-6.410565
-9.351798
-12.487343
-15.594959
-19.264051
-23.036173
-26.503461
-29.761110
-32.629115
-34.981966
-37.011078
-38.276570
-38.826636
-38.730076
-38.560118
-38.218158
-37.494557
-37.277085
-36.410945
-34.455742
-31.429529
-28.366532
-25.536503
-22.476401
-18.223013
-13.048479
-8.036579
-3.727674
0.316416
4.110507
7.539988
11.043038
14.393330
17.505203
20.647900
23.375750
25.929553
28.831618
31.736749
33.914873
35.278797
35.734347
35.747971
35.751888
35.417250
34.745761
34.257855
33.839771
32.555887
30.921527
29.111760
26.904174
24.609225
22.521870
20.028864
17.274959
13.875280
9.491955
5.073207
1.320498
-1.979385
-5.578824
-8.677755
-11.681489
-14.896223
-18.352781
-22.280216
-25.774751
-29.228074
-32.326324
-35.106455
-37.173714
-38.704361
-39.368357
-39.477178
-39.128235
-38.666555
-38.057736
-37.584135
-36.981617
-35.327162
-32.474654
-29.346091
-26.195730
-23.137842
-19.429241
-14.557838
-9.254217
-4.686458
-0.405993
3.471885
6.931680
10.378361
13.878345
16.943387
19.978455
23.036684
25.568349
28.162343
31.127589
33.504282
35.212891
35.876206
35.680192
35.551957
35.369396
34.665380
33.974137
33.686331
32.736233
31.103407
29.260090
27.071578
24.816309
22.713457
20.414250
17.700536
14.627661
10.700226
6.211996
2.226319
-1.212699
-4.560437
-7.778747
-10.678257
-13.804776
-16.911711
-20.648922
-24.267946
-27.596610
-30.670507
-33.576829
-35.908392
-37.606784
-38.640329
-38.861888
-38.542066
-38.325105
-37.737063
-37.159068
-36.879948
-35.712208
-33.236401
-30.196735
-27.205433
-24.381535
-21.075521
-16.390085
-11.170762
-6.402220
-2.367326
1.627718
5.280801
8.696488
12.147597
15.395028
18.432992
21.474872
24.112974
26.666777
29.573951
32.159771
34.081936
35.222769
35.541739
35.518067
35.469021
34.917593
34.108162
33.810139
33.178329
31.644106
30.049256
28.156042
26.001760
23.865529
21.810191
19.318036
16.465868
12.808698
8.307525
4.245724
0.767708
-2.672502
-6.117140
-9.085962
-12.112345
-15.257938
-18.921239
-22.898231
-26.356833
-29.672214
-32.925435
-35.508190
-37.303482
-38.764988
-39.433922
-39.356947
-39.001363
-38.851500
-38.289854
-38.041047
-37.171330
-34.948928
-31.977381
-29.015030
-25.946583
-22.644315
-18.370152
-13.211284
-8.382286
-3.897973
0.305005
4.311459
7.854019
11.347873
14.601435
17.830133
20.859582
23.877621
26.423931
29.331616
32.154833
34.346070
35.710846
36.113432
36.057234
36.077329
35.781009
34.947395
34.399373
33.949103
32.708815
31.044994
29.034785
26.703562
24.463790
22.374051
19.955635
17.003502
13.576235
9.220328
4.772629
1.029117
-2.427271
-5.865097
-8.969648
-12.050186
-15.091726
-18.462624
-22.354637
-26.012659
-29.338258
-32.391548
-35.198586
-37.003074
-38.565057
-39.346218
-39.261920
-38.889306
-38.644075
-37.965945
-37.467820
-36.842823
-35.072395
-32.190084
-28.930221
-25.893109
-22.975717
-19.225052
-14.283316
-9.056330
-4.441057
-0.275033
3.488575
7.022108
10.450738
13.756582
16.911541
20.012685
23.044348
25.446245
28.035641
31.132017
33.443655
34.921510
35.642726
35.584824
35.487073
35.288674
34.651416
33.859525
33.583130
32.607147
30.897345
29.192311
27.127096
24.815457
22.643805
20.366056
17.733404
14.631578
10.586977
6.088700
2.172334
-1.203333
-4.544258
-7.792541
-10.774136
-13.759136
-16.905240
-20.732709
-24.340664
-27.683803
-30.870778
-33.776079
-35.958631
-37.663153
-38.622107
-38.956915
-38.738932
-38.343498
-37.794624
-37.278959
-36.918436
-35.641023
-33.084835
-30.003445
-27.045863
-24.101053
-20.586763
-16.056810
-11.004550
-6.207398
-2.026558
1.922676
5.385535
8.774144
12.238366
15.429769
18.374920
21.482876
24.056946
26.586737
29.502085
32.273872
34.175771
35.303320
35.396303
35.227537
35.302298
34.880979
34.159422
33.805711
33.081600
31.668799
29.963255
27.945042
25.723321
23.717369
21.638530
19.079958
16.016790
12.346676
7.785218
3.691571
0.234161
-3.171648
-6.358964
-9.372405
-12.617282
-15.728814
-19.448655
-23.369449
-26.795013
-29.966661
-33.058609
-35.554511
-37.322385
-38.749320
-39.172683
-39.127895
-38.742849
-38.452659
-37.802117
-37.364108
-36.553655
-34.411635
-31.417268
-28.345585
-25.398391
-22.319215
-17.911877
-12.654918
-7.577794
-3.303800
0.756809
4.475117
7.961137
11.443070
14.754704
17.823492
21.018471
23.959364
26.497160
29.355458
32.198259
34.274203
35.537141
35.902602
35.876887
35.829203
35.467999
34.616164
34.082617
33.700296
32.395465
30.612946
28.675454
26.583672
24.428708
22.250925
19.697973
16.850574
13.412748
9.083918
4.635027
1.090595
-2.402067
-5.804300
-8.973224
-12.033837
-15.134301
-18.606697
-22.518294
-26.060343
-29.254300
-32.345738
-35.297019
-37.173714
-38.708619
-39.269243
-39.373125
-39.072037
-38.718326
-38.122450
-37.439040
-36.931379
-35.184962
-32.235725
-29.180561
-26.102066
-23.077386
-19.252981
-14.153208
-9.051561
-4.523311
-0.387430
3.472226
6.954500
10.395220
13.802733
16.911541
19.940308
22.832155
25.362968
27.960539
30.919484
33.342157
34.731286
35.602876
35.686663
35.627569
35.406692
34.720727
33.923217
33.631325
32.734360
31.052998
29.337236
27.222633
24.971621
22.919689
20.516941
17.731019
14.620168
10.659184
6.277731
2.514465
-0.849281
-4.361698
-7.606064
-10.677576
-13.903890
-16.824007
-20.639726
-24.348157
-27.771507
-30.922038
-33.720902
-35.923890
-37.721566
-38.724967
-38.934776
-38.709981
-38.363082
-37.902594
-37.364108
-37.095547
-35.914864
-33.447061
-30.380487
-27.362279
-24.415425
-21.116393
-16.516277
-11.225939
-6.585973
-2.440555
1.563345
5.176067
8.617640
12.126310
15.336275
18.414770
21.509784
24.191822
26.690960
29.860565
32.643761
34.397670
35.411971
35.554171
35.553319
35.574947
35.173212
34.377064
34.129279
33.532722
32.060998
30.289207
28.370619
26.078224
23.995297
21.588121
19.077233
16.240563
12.527023
7.959945
3.763608
0.278779
-3.129584
-6.597723
-9.689672
-12.752499
-15.816689
-19.457851
-23.334537
-26.777812
-30.044488
-33.147165
-35.819837
-37.591968
-38.915191
-39.454528
-39.385727
-38.939204
-38.504601
-37.811995
-37.577493
-36.772490
-34.617696
-31.556402
-28.506347
-25.519133
-22.194045
-18.003838
-12.817723
-7.864067
-3.423180
0.687497
4.390819
7.780450
11.319263
14.711278
17.783982
20.825011
23.652826
26.146855
28.984887
31.910624
34.081595
35.403115
35.873141
35.791227
35.576480
35.274710
34.571886
33.973966
33.487252
32.265868
30.593021
28.692143
26.499714
24.319887
22.256034
19.662040
16.875437
13.607911
9.452615
5.036763
1.369885
-2.060788
-5.410228
-8.480549
-11.487518
-14.684541
-17.999581
-21.861621
-25.359562
-28.692654
-31.764848
-34.591130
-36.570685
-38.101673
-38.934095
-39.006301
-38.650206
-38.408892
-37.815741
-37.488426
-36.871774
-35.217830
-32.615832
-29.525416
-26.508910
-23.545708
-19.947120
-14.992441
-9.768861
-5.228860
-1.078674
2.847910
6.398814
9.780441
13.193062
16.125951
19.203084
22.293500
24.840151
27.406556
30.414547
32.940081
34.491505
35.259553
35.377060
35.352026
35.196543
34.502404
33.790384
33.479588
32.619919
30.994415
29.118231
27.190106
25.000743
22.894825
20.515238
17.933335
14.889070
11.071989
6.520067
2.498286
-0.803982
-4.140820
-7.379736
-10.446140
-13.410364
-16.553572
-20.325865
-24.155719
-27.394295
-30.563559
-33.458982
-35.808427
-37.449087
-38.492339
-38.807222
-38.707767
-38.345882
-37.783044
-37.280662
-36.898681
-35.742521
-33.271653
-30.127934
-27.121476
-24.290936
-21.025624
-16.452585
-11.279924
-6.593125
-2.282177
1.808235
5.460637
8.854866
12.295076
15.612841
18.520185
21.499736
24.289233
26.753289
29.695375
32.319512
34.299919
35.346917
35.644259
35.469021
35.284247
34.899201
34.115655
33.597095
33.083643
31.672376
29.926811
27.965137
25.664057
23.622513
21.520172
18.984590
16.087805
12.591907
8.260693
4.105738
0.615631
-2.777066
-6.082909
-9.074041
-12.164627
-15.180281
-18.577916
-22.366558
-25.816134
-29.152802
-32.094206
-34.620762
-36.525556
-37.977525
-38.551262
-38.439376
-38.095031
-37.779297
-37.253584
-36.977870
-36.314385
-34.404993
-31.539713
-28.461218
-25.522879
-22.503138
-18.625770
-13.550520
-8.565017
-4.253047
-0.302281
3.366470
6.801060
10.275330
13.598204
16.450712
19.448655
22.445747
24.815798
27.581453
30.503103
32.875878
34.407718
34.848792
34.860373
35.004445
34.878084
34.117188
33.734185
33.469881
32.540219
30.968360
29.137305
27.164732
25.037697
22.945234
20.602771
17.910174
14.792851
10.626827
6.125484
2.431529
-0.883511
-4.342794
-7.631098
-10.740076
-13.917514
-17.251798
-21.103110
-24.809667
-28.313909
-31.369754
-34.299578
-36.495924
-38.078683
-39.025715

