-41.881289
-42.284046
-42.154108
-41.641167
-40.827308
-39.132323
-37.057740
-34.677982
-32.111747
-29.229266
-26.137148
-22.344249
-18.053225
-13.605356
-8.833068
-4.262924
0.012943
4.118511
7.789986
11.042356
14.704296
19.137689
23.410150
27.351379
30.978407
33.974307
37.038667
39.758853
41.441066
42.408024
43.375322
43.755940
43.394055
42.709793
41.255270
39.150374
37.103210
34.883193
32.144444
29.344048
26.436193
23.452554
20.177875
16.130379
11.609622
7.360322
2.994537
-1.483985
-5.432878
-9.270566
-13.364213
-17.349039
-21.223000
-25.141580
-28.339965
-30.922890
-33.428328
-36.151239
-38.684436
-40.310451
-41.128908
-41.639975
-42.137929
-42.257990
-41.889293
-41.276387
-40.098599
-38.313866
-36.193303
-33.530508
-30.783755
-27.969224
-24.417809
-20.112651
-15.788249
-11.236668
-6.467955
-1.873459
2.287456
6.296635
9.642839
13.191870
17.569917
21.971294
26.072093
29.860224
33.114127
36.118541
39.019925
41.183063
42.508670
43.554987
44.107437
43.903930
43.371575
42.299203
40.271452
38.188526
36.170823
33.681052
30.940941
27.881180
24.819204
21.748543
17.880712
13.285024
8.820636
4.505260
-0.051941
-4.276037
-8.127519
-12.276684
-16.508443
-20.555939
-24.585724
-28.055395
-30.782734
-33.375365
-36.017554
-38.465432
-40.313176
-41.428464
-42.152234
-42.579174
-42.800903
-42.550394
-41.950260
-40.943112
-39.042064
-36.981446
-34.460340
-31.706435
-28.805392
-25.511129
-21.510295
-17.154557
-12.345144
-7.578816
-2.920968
1.279797
5.347558
9.027379
12.398277
16.383614
20.801170
25.001935
28.860228
32.221419
35.153457
38.096053
40.601322
42.086158
43.121917
43.955360
44.168234
43.629408
42.615448
40.827649
38.611548
36.600998
34.253257
31.560319
28.659446
25.736094
22.537708
19.004345
14.583894
10.020392
5.528246
1.107454
-3.228017
-7.030623
-10.987520
-15.243122
-19.342729
-23.335729
-27.064085
-30.024222
-32.361746
-34.874337
-37.301268
-39.491824
-40.763787
-41.495902
-41.948727
-42.434590
-42.433909
-41.759695
-40.791375
-39.273841
-37.369217
-34.979752
-32.257693
-29.536656
-26.477575
-22.738150
-18.462283
-13.864040
-9.186268
-4.514626
-0.101158
3.965923
7.636888
10.855539
14.614718
18.996852
23.193359
27.091844
30.773878
33.890860
36.738941
39.501871
41.456052
42.495217
43.509347
43.861185
43.655975
42.936632
41.491304
39.403609
37.064382
34.720557
32.435656
29.691798
26.491710
23.648739
20.547424
16.502653
11.858259
7.609299
3.289155
-1.243353
-5.224943
-8.910043
-13.046435
-17.102616
-21.096298
-25.196927
-28.436354
-30.941112
-33.549411
-36.321368
-38.604566
-40.283203
-41.241646
-41.796310
-42.369195
-42.617832
-42.288814
-41.742836
-40.517705
-38.548027
-36.473445
-33.859866
-31.041248
-28.246982
-24.664402
-20.541634
-16.252143
-11.548485
-6.701776
-2.106598
2.077477
6.235668
9.684392
13.096843
17.353977
21.807807
25.919506
29.827867
33.209494
36.373479
39.222922
41.565214
42.761394
43.562821
44.298342
44.350113
43.952806
42.804309
40.914672
38.746936
36.596060
34.002917
31.181914
28.327363
25.209188
22.042649
18.245493
13.802392
9.237017
4.747255
0.084468
-4.167557
-7.965565
-12.062277
-16.240563
-20.182644
-24.120297
-27.882201
-30.784948
-33.181054
-35.842146
-38.414001
-40.399517
-41.553293
-42.047841
-42.451790
-42.847736
-42.679821
-42.071172
-41.084290
-39.259706
-37.149361
-34.497125
-31.662669
-28.776101
-25.595767
-21.513019
-17.130375
-12.532132
-7.806846
-3.225633
1.177958
5.247082
8.984464
12.223891
16.178063
20.561729
24.711234
28.537512
32.133886
35.122974
38.112572
40.643556
42.180504
43.074574
43.810436
43.911423
43.338367
42.482444
40.928977
38.684777
36.597082
34.311499
31.672546
28.652464
25.590999
22.677864
19.232886
15.021733
10.319437
6.067072
1.599107
-2.654450
-6.577117
-10.477645
-14.570611
-18.510308
-22.501775
-26.275090
-29.334852
-31.673397
-34.267902
-36.915030
-38.990634
-40.411779
-41.027750
-41.560786
-41.934592
-41.919947
-41.462694
-40.849277
-39.364270
-37.497112
-35.142728
-32.493898
-29.810326
-26.886804
-23.277487
-19.161872
-14.780419
-10.109970
-5.434752
-1.199075
2.845015
6.663970
10.025842
13.658660
17.862661
22.221122
26.262488
29.973643
33.177819
36.233834
39.179495
41.117838
42.264972
43.231589
43.930496
43.678795
43.084451
41.836330
39.729561
37.874835
35.838911
33.191613
30.323778
27.404683
24.364846
21.212271
17.213481
12.719120
8.148125
3.670284
-0.826291
-4.774502
-8.499963
-12.698514
-16.840867
-20.776306
-24.515561
-27.861595
-30.541420
-33.331599
-36.153623
-38.760560
-40.248292
-41.214398
-41.968822
-42.589562
-42.869874
-42.548350
-41.962011
-40.627548
-38.794449
-36.806890
-34.161295
-31.242541
-28.337921
-25.015218
-20.890406
-16.446114
-11.740923
-6.994179
-2.372265
1.951115
6.019218
9.479523
12.935570
17.247370
21.759612
25.751250
29.582637
32.918453
36.033733
38.999489
41.268894
42.526381
43.543747
44.185434
44.087682
43.616465
42.602164
40.595872
38.369213
36.312682
33.871787
31.091145
28.044837
24.857180
21.711418
18.156937
13.680117
9.039300
4.795109
0.228712
-4.004240
-7.899148
-11.916842
-16.166823
-20.064116
-24.102586
-27.704069
-30.403137
-32.779319
-35.449437
-38.086857
-40.043082
-41.151047
-41.736024
-42.166880
-42.588540
-42.247091
-41.801589
-40.819815
-38.951976
-36.969015
-34.451144
-31.776769
-28.851713
-25.689772
-21.621159
-17.259632
-12.740067
-8.078814
-3.323385
0.937155
4.904440
8.548668
11.901685
15.775476
20.134790
24.322271
28.116192
31.474658
34.384046
37.392378
40.065731
41.643892
42.728867
43.592453
43.796812
43.457236
42.604549
40.956225
38.826806
36.761250
34.455912
31.683275
28.897524
25.994607
22.813763
19.443205
15.272754
10.721684
6.377527
1.905986
-2.508163
-6.346873
-10.173150
-14.361484
-18.391439
-22.317171
-26.160819
-29.302665
-31.823771
-34.323250
-36.966460
-39.188010
-40.694986
-41.440896
-41.837011
-42.350803
-42.421137
-42.016166
-41.345528
-39.779118
-37.777424
-35.550765
-32.810484
-30.003616
-27.013677
-23.444380
-19.166299
-14.632770
-9.957722
-5.250658
-0.764983
3.470182
7.338013
10.555301
14.214516
18.695763
23.016930
27.059487
30.757870
33.961705
37.059443
39.856434
41.714736
42.858294
43.873957
44.296810
43.950421
43.355567
42.037112
40.001869
37.826300
35.623823
32.973971
30.022349
27.101891
23.878302
20.652669
16.609941
11.899301
7.409198
3.018890
-1.410757
-5.486693
-9.434904
-13.529914
-17.575877
-21.559000
-25.489501
-28.914043
-31.451668
-33.970901
-36.643062
-38.990293
-40.692942
-41.581222
-42.160409
-42.683227
-42.886564
-42.482955
-41.852508
-40.638447
-38.649014
-36.361388
-33.760071
-30.974831
-28.033597
-24.469069
-20.296233
-15.836273
-11.060068
-6.315878
-1.688174
2.498797
6.495714
9.961980
13.448511
17.639739
22.063255
26.035479
29.828719
33.145973
36.026921
38.847583
41.025196
42.253733
43.263095
43.901546
43.928283
43.377706
42.219503
40.202992
38.062504
36.039352
33.491169
30.554363
27.702195
24.712426
21.578244
17.862831
13.341393
8.805650
4.470519
-0.073399
-4.218136
-8.026191
-11.999437
-16.262361
-20.224878
-24.139200
-27.658258
-30.548402
-33.127580
-35.749844
-38.182054
-40.047169
-41.162968
-41.714055
-42.229550
-42.405639
-42.273998
-41.657175
-40.700947
-38.935627
-36.940064
-34.465449
-31.735386
-28.787681
-25.549446
-21.604810
-17.238174
-12.613194
-7.853849
-3.202983
0.956740
5.064351
8.703470
11.930295
16.011511
20.503487
24.657249
28.493064
31.931230
34.939051
37.869215
40.404286
41.824239
43.019738
43.837513
43.849604
43.310438
42.489426
40.979385
38.899864
36.718164
34.526757
31.801122
28.882538
25.934832
22.679227
19.165277
14.868634
10.339533
5.928278
1.493182
-2.790860
-6.639787
-10.668550
-14.805794
-18.814972
-22.798266
-26.568515
-29.482671
-31.893253
-34.503085
-37.232467
-39.454017
-40.854386
-41.376523
-41.982617
-42.536940
-42.406491
-41.825260
-41.142872
-39.642538
-37.614277
-35.302809
-32.528979
-29.822247
-26.758398
-22.882393
-18.721649
-14.267308
-9.633132
-5.008834
-0.544446
3.547498
7.332053
10.609116
14.386858
18.885647
22.987127
27.056932
30.866350
33.952338
36.903620
39.832251
41.729893
42.791537
43.721029
44.028418
43.742316
43.098586
41.727849
39.432560
37.415028
35.337550
32.653638
29.771498
26.676655
23.646184
20.512683
16.432490
11.921951
7.616622
3.174373
-1.404796
-5.418233
-9.295770
-13.380902
-17.459222
-21.406753
-25.256361
-28.603247
-31.222275
-33.829553
-36.451646
-38.820846
-40.517705
-41.468484
-41.856085
-42.284897
-42.507648
-42.172841
-41.510718
-40.401220
-38.510731
-36.289692
-33.661638
-30.869246
-27.951343
-24.470942
-20.327909
-15.892301
-11.202608
-6.483453
-2.009869
2.235685
6.356239
9.640626
13.160024
17.360789
21.823815
25.767599
29.623508
32.883883
35.863263
38.842303
41.062151
42.306014
43.366807
44.035741
43.858801
43.243851
42.202302
40.334633
38.162640
36.131995
33.614465
30.926125
28.008223
24.822269
21.759953
18.101249
13.594798
8.980036
4.575423
0.183753
-3.985167
-7.792371
-11.961971
-16.047784
-19.941500
-24.090835
-27.695383
-30.586720
-33.071211
-35.672018
-38.197381
-40.240288
-41.313001
-41.865621
-42.433568
-42.714391
-42.481933
-41.824239
-40.922165
-39.166042
-37.034069
-34.525224
-31.741006
-28.937374
-25.698287
-21.691663
-17.280238
-12.705496
-8.048841
-3.456218
0.886577
4.905462
8.534193
11.984280
16.075373
20.511150
24.603946
28.504474
31.968015
34.859180
37.859508
40.445839
42.077303
43.008838
43.916362
43.997594
43.481588
42.750835
40.893044
38.711343
36.745071
34.504618
31.688895
28.791087
25.739500
22.743770
19.260986
14.856373
10.320459
6.001336
1.582248
-2.729382
-6.580353
-10.442563
-14.634473
-18.805606
-22.758756
-26.601383
-29.455423
-32.051461
-34.673214
-37.258523
-39.315394
-40.725299
-41.560956
-42.012930
-42.464563
-42.425224
-41.949919
-41.173186
-39.580720
-37.693637
-35.409076
-32.849823
-30.003275
-26.930400
-23.223843
-18.932138
-14.289618
-9.487867
-4.896607
-0.596387
3.516504
7.351807
10.537420
14.301368
18.819741
23.119450
27.078560
30.722788
33.695868
36.701134
39.607116
41.488920
42.631456
43.714728
44.279950
44.042894
43.251685
41.907345
39.781843
37.684781
35.525220
32.823086
29.991184
27.084521
24.000066
20.765747
16.774109
12.226786
7.838692
3.353868
-1.075608
-4.996061
-8.826085
-13.088158
-17.120668
-21.115371
-25.066137
-28.457131
-30.998843
-33.608334
-36.320516
-38.702658
-40.549210
-41.495221
-42.052439
-42.638438
-42.902402
-42.503732
-41.884865
-40.761403
-38.918086
-36.731618
-34.186840
-31.357152
-28.464794
-25.010109
-20.724876
-16.419717
-11.663948
-6.930487
-2.164500
2.075434
6.207057
9.603330
13.154575
17.382588
21.846124
25.897537
29.844557
33.204726
36.119904
39.125511
41.595527
42.832749
43.718985
44.397116
44.250148
43.733290
42.630264
40.740456
38.529294
36.482641
34.103904
31.275920
28.195041
25.187390
21.990878

