-1.369204
-4.799196
-7.991280
-11.096512
-14.217070
-17.304420
-20.919016
-24.518456
-27.874538
-30.937535
-33.932413
-36.102363
-37.742172
-38.798537
-38.939033
-38.667236
-38.329022
-37.774358
-37.232297
-36.827837
-35.651071
-33.113786
-30.050448
-27.036326
-24.106673
-20.735434
-15.923125
-10.630574
-5.888769
-1.751184
2.163138
5.609819
8.940016
12.389762
15.626635
18.694912
21.706820
24.224520
26.597466
29.531547
32.253776
34.090621
35.093342
35.386596
35.299574
35.269260
34.829719
34.100839
33.732142
33.110040
31.646831
29.912336
27.966499
25.766918
23.666791
21.430765
18.949849
16.003336
12.160369
7.770913
3.742150
0.326633
-3.028938
-6.319455
-9.440354
-12.552227
-15.752997
-19.310202
-22.996153
-26.363986
-29.675961
-32.803331
-35.358156
-37.122795
-38.611548
-39.194822
-39.005961
-38.547686
-38.208961
-37.594863
-37.334817
-36.553485
-34.432922
-31.505823
-28.434481
-25.496823
-22.403513
-18.188783
-13.020039
-8.017506
-3.550564
0.507321
4.112210
7.467610
11.013917
14.431817
17.443555
20.559686
23.394482
25.861093
28.720583
31.567131
33.827509
35.275221
35.694838
35.596405
35.592147
35.355432
34.648180
34.140689
33.766712
32.594374
30.845574
28.888328
26.663542
24.533272
22.354126
19.856180
17.103127
13.818911
9.629897
5.243506
1.371418
-2.001013
-5.379404
-8.561441
-11.636700
-14.732225
-17.974377
-21.759272
-25.297914
-28.553179
-31.792777
-34.731967
-36.774533
-38.419110
-39.074421
-39.097582
-38.709981
-38.488933
-37.930863
-37.455388
-36.981617
-35.439900
-32.697405
-29.559476
-26.524748
-23.611614
-19.916466
-14.929261
-9.692056
-5.102498
-0.894581
2.988577
6.564174
9.987695
13.360126
16.462122
19.533634
22.518294
24.979115
27.631521
30.617544
33.214433
34.818309
35.690580
35.660778
35.510063
35.219363
34.665721
34.008026
33.748320
32.946893
31.259401
29.385941
27.304717
25.112118
23.000751
20.860604
18.257584
15.306473
11.326585
6.949050
2.971036
-0.418765
-3.889459
-7.227148
-10.162422
-13.134309
-16.299146
-20.098686
-23.752621
-27.072259
-30.357497
-33.420324
-35.818645
-37.531853
-38.684777
-39.060456
-38.798366
-38.448913
-38.061142
-37.666389
-37.441935
-36.349467
-33.972263
-30.995437
-28.020484
-25.095599
-21.754844
-17.226764
-11.931658
-6.945644
-2.660751
1.340423
4.801580
8.334262
11.884826
15.170744
18.309355
21.208354
23.738657
26.531730
29.528141
32.072919
34.139667
35.449266
35.853045
35.675083
35.672699
35.345895
34.537315
34.111057
33.668791
32.296351
30.503443
28.528827
26.158776
24.006026
21.855150
19.256387
16.260999
12.735810
8.338690
4.087857
0.554664
-2.922841
-6.304128
-9.426560
-12.602976
-15.632595
-18.973861
-22.822448
-26.256357
-29.464279
-32.719885
-35.242523
-37.233829
-38.725308
-39.256981
-39.070334
-38.670642
-38.385902
-37.719352
-37.355934
-36.684615
-34.727028
-31.776088
-28.667450
-25.742224
-22.652830
-18.392290
-13.321298
-8.193936
-3.813165
0.070333
3.854207
7.396255
10.972023
14.279059
17.439808
20.549808
23.370130
25.742905
28.552839
31.552485
33.739805
35.123655
35.681554
35.730430
35.649708
35.343511
34.591130
34.092665
33.771992
32.635246
30.887808
29.016903
26.897533
24.653162
22.445406
20.097324
17.363003
14.031104
9.782144
5.328315
1.675061
-1.627888
-5.100625
-8.351633
-11.379719
-14.477287
-17.707518
-21.525621
-24.929898
-28.249536
-31.370265
-34.231458
-36.352362
-37.890843
-38.811479
-38.945164
-38.644927
-38.244895
-37.767376
-37.197386
-36.838225
-35.379103
-32.721928
-29.667786
-26.786838
-23.782934
-20.176513
-15.199866
-9.990931
-5.314861
-1.181534
2.596378
6.000314
9.392500
12.825387
16.055618
19.137689
22.141593
24.636643
27.341161
30.233349
32.749346
34.536464
35.475152
35.645451
35.370248
35.323245
34.790550
34.215450
33.810139
33.011096
31.464270
29.650756
27.544498
25.310346
23.156234
20.986285
18.309525
15.242100
11.490243
7.034200
3.112725
-0.367165
-3.717797
-6.942408
-10.015965
-13.170583
-16.289268
-19.917829
-23.511648
-26.869944
-30.107668
-33.296517
-35.657712
-37.434953
-38.676432
-38.963045
-38.647652
-38.425411
-38.056714
-37.489619
-37.088564
-36.099127
-33.929518
-30.803170
-27.715138
-24.868761
-21.574497
-17.035348
-11.738879
-6.963866
-2.676419
1.212869
4.923514
8.333921
11.811767
14.981883
17.961604
21.218232
23.913213
26.225533
29.086896
31.903642
33.901589
35.062517
35.362073
35.276583
35.052129
34.629617
33.943483
33.676454
33.331428
31.936169
30.114480
28.221437
26.234388
24.220943
22.084202
19.421067
16.514574
12.877839
8.780786
4.576104
0.903777
-2.569301
-5.953993
-9.019886
-12.134314
-15.119825
-18.600907
-22.494282
-25.902135
-29.104778
-32.262291
-35.095385
-37.027597
-38.507836
-39.081573
-39.036615
-38.677795
-38.283212
-37.733146
-37.466969
-36.817278
-34.825632
-31.840972
-28.839452
-25.892087
-22.844076
-18.690995
-13.530936
-8.448873
-3.949063
0.197717
3.890480
7.299185
10.828802
14.243637
17.302717
20.337786
23.257562
25.729452
28.533425
31.469549
33.676624
35.059282
35.743543
35.754953
35.530329
35.380295
34.681048
34.162147
33.746106
32.628093
30.783755
28.924772
26.637316
24.420534
22.382566
20.069906
17.252309
13.858761
9.699038
5.299364
1.543760
-1.799720
-5.268199
-8.359126
-11.591400
-14.611142
-17.727954
-21.484409
-24.972813
-28.326341
-31.398705
-34.300600
-36.299399
-37.855932
-38.780315
-38.903611
-38.371597
-38.036619
-37.571873
-37.084988
-36.609854
-35.183941
-32.546009
-29.406888
-26.488304
-23.643630
-20.128489
-15.222686
-9.892157
-5.266156
-1.050234
2.763101
6.241798
9.712492
13.039453
16.124589
19.214494
22.158112
24.600199
27.094569
30.110734
32.712902
34.346240
35.241502
35.358497
35.270112
35.167422
34.576995
33.883367
33.654656
32.979420
31.400067
29.601540
27.600697
25.351558
23.212433
20.956653
18.427202
15.434538
11.571135
7.066727
3.097228
-0.135558
-3.542900
-6.846019
-9.958914
-13.116598
-16.166653
-19.794873
-23.554393
-26.960032
-30.185495
-33.225843
-35.789183
-37.525211
-38.693122
-39.091621
-38.911445
-38.569655
-38.120065
-37.630796
-37.420818
-36.433084
-34.029313
-31.001908
-27.922051
-25.064775
-21.752289
-17.147235
-11.896746
-7.072006
-2.686296
1.384871
4.905122
8.255754
11.829478
15.163592
18.356187
21.427359
24.089813
26.597636
29.494422
32.389164
34.311158
35.550254
35.854919
35.681384
35.601003
35.273348
34.652608
34.302984
33.723286
32.332625
30.600684
28.647184
26.435682
24.208001
22.102935
19.591195
16.669716
13.026340
8.558035
4.297835
0.674384
-2.796309
-6.193604
-9.320123
-12.507268
-15.696798
-19.149610
-22.948640
-26.453733
-29.813222
-32.835007
-35.390343
-37.411962
-38.820675
-39.381811
-39.254938
-38.840771
-38.565057
-37.974971
-37.536621
-36.795139
-34.812348
-31.815767
-28.760433
-25.783948
-22.645678
-18.536193
-13.333048
-8.199215
-3.707920
0.419957
4.098586
7.609980
11.119332
14.493636
17.577921
20.699501
23.618937
26.014532
28.632368
31.596252
33.886944
35.329035
35.893576
35.772324
35.645451
35.427979
34.671341
34.159422
33.781018
32.642739
30.745608
28.850181
26.733705
24.602073
22.365025
19.806964
17.075028
13.799667
9.576253
5.142859
1.478365
-1.897301
-5.170447
-8.417027
-11.404242
-14.504365
-17.799650
-21.644831
-25.209699
-28.542961
-31.535796
-34.300940
-36.512273
-38.044964
-38.834470
-38.897310
-38.524866
-38.270610
-37.746600
-37.290709
-36.915711
-35.282033
-32.547031
-29.432092
-26.544503
-23.678711
-19.989525
-15.082870
-9.866612
-5.351646
-0.989097
2.795798
6.142003
9.474414
12.911047
16.293696
19.451550
22.301674
24.919169
27.504478
30.483348
32.999516
34.568991
35.474811
35.583632
35.444498
35.298211
34.784589
34.177303
33.879961
32.995258
31.427145
29.636792
27.542114
25.299106
23.296731
21.064281
18.394845
15.190669
11.206695
6.732770
2.961670
-0.503744
-4.002878
-7.208756
-10.231393
-13.423136
-16.656773
-20.309176
-23.998703
-27.271339
-30.613627
-33.566952
-35.811492
-37.681546
-38.837705
-39.187329
-38.970198
-38.493701
-38.113764
-37.659577
-37.314722
-36.089080
-33.633198
-30.790738
-27.667284
-24.651119
-21.338633
-16.770022
-11.341572
-6.432874
-2.135549
1.785925
5.180495
8.607932
12.156452
15.400308
18.326385
21.495308
24.209023
26.598828
29.497658
32.169478
34.099817
35.245759
35.490819
35.495417
35.469362
34.990140
34.226009
33.856119
33.260754
31.880992
30.086211
28.066124
25.866883
23.687737
21.468231
18.922261
16.126633
12.474401
8.050203
3.785576
0.386919
-2.949068
-6.302936
-9.399993
-12.438638
-15.648093
-19.069229
-22.713457
-26.198966
-29.470750
-32.568148
-35.156863
-37.077836
-38.402762
-38.875852
-38.730587
-38.424390
-38.025890
-37.360532
-37.134715
-36.366667
-34.385920
-31.405347
-28.429883
-25.502614
-22.456135
-18.350227
-13.104677
-8.072172
-3.664834
0.450100
4.129069
7.470676
10.865246
14.234100
17.351934
20.427874
23.181268
25.536673
28.444018
31.371457
33.475842
34.923553
35.489968
35.412652
35.231454
34.969534
34.400906
33.966303
33.622299
32.359873
30.704737
28.898716
26.619264
24.394138
22.227424
19.853115
17.147405
13.866254
9.552240
5.211830
1.545634
-1.847744
-5.195652
-8.340052
-11.294740
-14.440673
-17.722675
-21.444218
-24.955784
-28.269461
-31.424761
-34.195185
-36.345039
-37.906000
-38.778271
-38.891690
-38.589580
-38.197892
-37.751709
-37.337882
-36.812680
-35.232306
-32.525403
-29.476881
-26.487793
-23.590837
-20.034313
-15.064648
-9.810754
-5.104882
-1.011235
2.865962
6.249462
9.692056
13.216564
16.224044
19.301517
22.353785
24.925641
27.451515
30.464785
32.952854
34.727710
35.559620
35.529818
35.434961
35.348109
34.811326
34.210171
33.918449
33.150571
31.496116
29.539892
27.453729
25.174277
23.242576
20.857198
18.134117
15.145881
11.319092
6.802423
2.761909
-0.583274
-4.024335
-7.270234
-10.370527
-13.446978
-16.511338
-20.246165
-23.904698
-27.406045
-30.604090
-33.406190
-35.871438
-37.685292
-38.683585
-38.906166
-38.721051
-38.437162
-37.972757
-37.423032
-37.178653
-36.075286
-33.629622
-30.551297
-27.536665
-24.712767
-21.561384
-16.976765
-11.592933
-6.809746
-2.501522
1.579353
5.175556
8.557183
11.905261
15.180452
18.193211
21.249737
23.929221
26.257549
29.127768
31.899554
33.839090
35.085338
35.497120
35.334996
35.243545
34.798554
34.148182
33.891031
33.428669
32.030685
30.405351
28.437887
26.170356
23.997511
21.922077
19.366230
16.559192
13.109616
8.703130
4.510880
0.970704
-2.448899
-5.819968
-8.890629
-11.953626
-15.041998
-18.537385
-22.250244
-25.786843
-29.058797
-32.215118
-34.956081
-36.800589
-38.380793
-38.937501
-38.913318
-38.440738
-38.148165
-37.580388
-37.331070
-36.628417
-34.785271
-31.918968
-28.972115
-26.007550
-23.007223
-19.080469
-13.926881
-8.711985
-4.332236
-0.326123
3.398146
6.780284
10.325738
13.668026
16.769341
19.899947
22.850207
25.389876
28.189250
31.059299
33.434289
34.856967

