-12.256418
-15.207359
-17.934867
-20.551852
-22.539922
-24.342878
-26.279347
-27.522870
-28.418643
-28.680563
-28.980119
-28.519630
-27.045352
-25.258916
-22.918497
-21.022218
-18.921239
-16.052212
-13.107913
-9.695802
-6.478855
-3.130606
-0.075272
2.656153
5.879913
9.373597
12.453113
14.733757
16.829116
18.849032
20.950862
22.435188
23.788725
25.217193
26.810510
28.064592
28.000048
27.627604
26.601383
24.830273
23.147038
21.019493
18.491745
15.905244
13.073002
9.991441
6.474086
3.097398
-0.897816
-5.320992
-8.850949
-11.916501
-14.899118
-17.751626
-20.450524
-22.345611
-24.341175
-26.308809
-27.660472
-28.624875
-28.900930
-29.151951
-28.807947
-27.425630
-25.685344
-23.570231
-21.585056
-19.592558
-16.607898
-13.571978
-10.309219
-7.026877
-3.588370
-0.456572
2.428804
5.734818
9.311608
12.448175
14.887537
16.899109
18.962451
21.136318
22.595780
23.920706
25.143964
26.625225
27.791773
27.865001
27.374199
26.351213
24.631194
22.804907
20.646538
18.180779
15.603985
12.891803
9.900161
6.537778
3.108127
-0.852687
-5.319970
-8.796283
-11.809724
-14.776332
-17.376287
-20.011493
-22.056784
-23.865189
-25.775092
-27.127947
-28.105974
-28.590645
-28.749875
-28.568166
-27.212245
-25.504657
-23.317167
-21.479981
-19.468410
-16.784327
-13.833727
-10.649988
-7.215398
-3.925903
-0.768389
1.932212
4.929985
8.470161
11.457205
13.975927
16.035693
18.096311
20.252466
21.817344
23.171561
24.493592
25.930064
27.371645
27.543136
27.350868
26.517596
24.851220
23.257392
21.336249
18.891607
16.369990
13.607911
10.641473
7.319791
3.870044
0.177962
-4.265819
-8.066552
-11.094127
-14.160361
-17.028536
-19.699676
-21.826540
-23.544516
-25.460209
-27.020318
-28.160470
-28.714793
-28.966154
-28.973988
-27.777467
-26.073115
-24.000747
-21.955286
-20.116057
-17.458030
-14.526503
-11.261702
-8.005074
-4.529102
-1.254252
1.671995
4.802261
8.345502
11.568410
14.167683
16.189984
18.257414
20.539761
22.289753
23.564781
24.988311
26.204756
27.572427
27.746984
27.446747
26.668310
25.017091
23.412364
21.401303
18.873044
16.353982
13.583047
10.651350
7.391317
3.965923
0.282015
-4.146780
-8.026532
-10.986839
-14.030763
-16.875097
-19.653014
-21.970613
-23.635626
-25.648560
-27.001926
-28.007882
-28.596095
-28.798580
-28.875044
-27.826343
-26.051147
-23.992913
-21.735600
-19.895179
-17.275640
-14.405080
-11.248759
-7.981573
-4.552092
-1.404967
1.624823
4.528761
7.897786
11.196988
13.723033
15.913589
17.747538
19.930942
21.642276
22.921051
24.382046
25.807449
27.191809
27.718203
27.409111
26.647534
25.045872
23.345096
21.655730
19.254855
16.772406
14.094795
11.301041
7.961478
4.506111
0.991140
-3.329515
-7.258313
-10.397264
-13.391631
-16.321625
-19.032785
-21.368776
-23.049116
-24.991717
-26.537350
-27.655022
-28.331620
-28.679711
-28.717518
-27.798074
-26.266405
-24.455615
-22.314276
-20.477942
-17.992599
-15.217747
-12.045247
-8.851971
-5.506618
-2.222061
0.755787
3.719330
7.322005
10.722876
13.343266
15.666996
17.556633
19.728116
21.576030
23.034300
24.476562
25.942836
27.388505
28.144802
27.900253
27.359043
25.764704
24.136645
22.443703
20.000083
17.395020
14.597178
11.819942
8.591754
5.081551
1.434428
-2.832242
-7.004568
-10.230030
-13.203791
-16.036204
-18.887350
-21.498884
-23.267269
-25.410312
-26.922226
-28.087241
-28.897864
-29.163190
-29.376916
-28.510605
-26.831116
-24.839129
-22.471632
-20.485946
-18.089158
-15.208721
-11.983599
-8.695466
-5.387068
-1.977171
1.095704
3.916706
7.308040
10.685410
13.409172
15.737159
17.738002
19.818715
21.603789
22.929737
24.367401
25.668996
26.998690
27.961220
27.614662
27.004480
25.483200
23.727076
22.061893
19.681113
17.204966
14.406783
11.595658
8.467266
4.931518
1.459462
-2.666371
-6.833417
-10.000638
-12.922117
-15.777179
-18.479654
-20.906755
-22.694043
-24.478095
-26.111773
-27.290583
-28.099843
-28.382199
-28.419665
-27.849334
-26.447603
-24.697099
-22.507565
-20.694733
-18.510989
-15.644005
-12.670244
-9.371213
-6.214380
-2.951963
-0.057731
2.937147
6.224598
9.711640
12.510845
14.932156
16.873564
18.993616
21.022899
22.451026
23.921388
25.288548
26.713780
27.767250
27.657236
27.246986
25.944369
24.251086
22.617238
20.426852
17.932483
15.421595
12.635163
9.663275
6.221703
2.624478
-1.418591
-5.800043
-9.202787
-12.249095
-15.262706
-18.060718
-20.672934
-22.597313
-24.601562
-26.367222
-27.726207
-28.648376
-29.198442
-29.397522
-28.894118
-27.453899
-25.557109
-23.298434
-21.375418
-19.305093
-16.170059
-12.924331
-9.740591
-6.449904
-3.001520
0.300918
3.327131
6.505592
9.866101
12.817383
15.321289
17.339843
19.554922
21.568537
23.005349
24.392435
25.762490
27.016912
28.228930
28.151103
27.615854
26.435001
24.636643
23.039750
20.782266
18.106358
15.391963
12.642486
9.490592
5.981582
2.517870
-1.414674
-5.810772
-9.318079
-12.455668
-15.318734
-18.073831
-20.707505
-22.506544
-24.257898
-26.036671
-27.355807
-28.370619
-28.772354
-28.882197
-28.435332
-27.086394
-25.234563
-22.978953
-21.117755
-19.116742
-16.294207
-13.341052
-10.042020
-6.861857
-3.538643
-0.306708
2.690383
5.863224
9.331533
12.314831
14.672961
16.773258
18.684523
20.753316
22.381374
23.781402
25.145667
26.469912
27.721609
27.709007
27.276448
26.219572
24.584191
23.063592
20.890747
18.396378
15.839338
13.169050
10.217258
6.789310
3.354549
-0.497614
-5.026715
-8.586305
-11.508635
-14.566013
-17.335074
-20.223004
-22.389548
-24.163723
-26.047741
-27.391570
-28.398037
-28.959853
-29.148374
-28.922558
-27.589457
-25.908777
-23.622513
-21.520683
-19.496168
-16.750268
-13.714177
-10.568414
-7.302420
-3.840072
-0.580720
2.336161
5.574397
9.062971
12.080329
14.571292
16.714334
18.578597
20.825693
22.417818
23.837941
25.252104
26.551655
27.845246
28.000389
27.445725
26.488474
24.717535
23.152488
21.082163
18.578768
15.941347
13.240235
10.170085
6.720509
3.290517
-0.477178
-4.949910
-8.700745
-11.685065
-14.692545
-17.410517
-20.212446
-22.211415
-23.848840
-25.685855
-27.071408
-28.027466
-28.552839
-28.727906
-28.455598
-27.296203
-25.607347
-23.514032
-21.474361
-19.600221
-16.897236
-13.935225
-10.751145
-7.510866
-4.289150
-1.002210
1.902580
5.037274
8.506094
11.734622
14.200040
16.280072
18.202918
20.320245
21.848849
23.268802
24.696248
26.039737
27.406386
27.699641
27.253968
26.361772
24.835212
23.154872
21.227428
18.818038
16.204630
13.529062
10.647433
7.243497
3.807715
0.130960
-4.290002
-8.027554
-11.028392
-13.913768
-16.794375
-19.715854
-21.982193
-23.768289
-25.648049
-27.082648
-28.135266
-28.682436
-28.874193
-28.855801
-27.778830
-26.145833
-24.055924
-21.892105
-20.040614
-17.244816
-14.323848
-11.117118
-7.955687
-4.589558
-1.235179
1.688174
4.708597
8.164133
11.472702
14.024803
16.250610
18.118450
20.358562
21.959373
23.411683
24.751254
26.181936
27.666603
28.169666
27.660813
26.874883
25.288718
23.505347
21.641425
19.291128
16.706841
14.040640
11.028562
7.647106
4.205363
0.520263
-3.946168
-8.073705
-11.003358
-14.044557
-16.731024
-19.599199
-21.872350
-23.507391
-25.464807
-27.014698
-28.108699
-28.670175
-28.968028
-28.830085
-27.832985
-26.147195
-24.202721
-22.046225
-20.274094
-17.713990
-14.651333
-11.545760
-8.300373
-5.105223
-1.663140
1.253230
4.247257
7.769891
11.177914
13.804947
15.953439
17.868280
19.961255
21.690641
23.115022
24.470261
25.765215
27.284452
27.788196
27.285644
26.653324
25.145837
23.606675
21.747351
19.312756
16.769852
14.169386
11.528560
8.218459
4.853351
1.281840
-3.052950
-7.191386
-10.270732
-13.162409
-15.988009
-18.825190
-21.279369
-23.056439
-25.022541
-26.632547
-27.733701
-28.578043
-28.848137
-28.931584
-28.182949
-26.599339
-24.474008
-22.281749
-20.590510
-18.102271
-15.125275
-12.027536
-8.752687
-5.510194
-2.033710
0.987564
3.894738
7.274321
10.624613
13.300862
15.538250
17.446109
19.646202
21.609409
22.814274
24.173600
25.635277
27.076006
27.895144
27.507033
26.927335
25.571585
23.837941
22.159474
19.819907
17.247711
14.646564
11.692558
8.382797
5.029270
1.594339
-2.684934
-6.882123
-9.937797
-12.925863
-15.878166
-18.658297
-21.100044
-22.905554
-24.602413
-26.279858
-27.532407
-28.357165
-28.567484
-28.715134
-27.920178
-26.342528
-24.473327
-22.359235
-20.589147
-18.299648
-15.280587
-12.206861
-9.077106
-5.908523
-2.478191
0.605243
3.449747
6.912436
10.421957
13.133798
15.329974
17.279557
19.414595
21.279028
22.781576
24.087259
25.474174
26.744945
27.642761
27.380501
26.939596
25.582995
23.909978
22.166797
19.858394
17.411709
14.756918
12.005397
8.791004
5.482606
1.986708
-2.082246
-6.471021
-9.573528
-12.467078
-15.452078
-18.362318
-20.955801
-22.813593
-24.677856
-26.470082
-27.589628
-28.381348
-28.632028
-28.892074
-28.369086
-26.822431
-25.024414
-22.818531
-20.901305
-18.637691
-15.868630
-12.834753
-9.521246
-6.385190
-2.940893
0.141689
2.963884
6.195988
9.748255
12.579475
14.837129
16.784498
18.911532
20.904200
22.234235
23.633582
25.013174
26.464973
27.511290
27.484723
27.001926
25.850024
24.100712
22.539752
20.419530
17.953941
15.300683
12.580327
9.357759
6.023135
2.635547
-1.398155
-5.716426
-9.098394
-12.094804
-15.063286
-17.833199
-20.438944
-22.436380
-24.115017
-25.930745
-27.092355
-28.090307
-28.418132
-28.656891
-28.297050
-26.948111
-25.147029
-23.083857
-21.193709
-19.162553
-16.321114
-13.404574
-10.110140
-6.865263
-3.573724
-0.449589
2.440725
5.700248
9.231397
12.365920
14.649119
16.649791
18.708195
20.836592
22.267444
23.691825
25.006533
26.470252
27.617557
27.640036
27.127436
26.213101
24.510281
22.858552
20.936728
18.411364
15.845128
13.188975
10.192735
6.894725
3.354209
-0.563179
-4.914658
-8.656127
-11.494330
-14.311416
-17.211778
-19.941841
-22.030728
-23.883241
-25.742905
-27.118751
-28.067487
-28.521333
-28.776271
-28.680563
-27.325324
-25.622845
-23.485592
-21.513700
-19.435883
-16.722679
-13.747215
-10.568414
-7.259846
-3.975970
-0.760385
2.011742
5.224603
8.660725
11.669057
14.077425
16.226428
18.247707
20.432813
21.902323
23.179906
24.614845
26.035820
27.361086
27.636630
27.159793
26.256357
24.537359
22.996323
21.098682
18.663577
16.191346
13.296093
10.472366
7.138252
3.768546
-0.055858
-4.448891
-8.148125
-11.118480
-14.074019
-16.888721
-19.614526
-21.762678
-23.427861
-25.443520
-26.711396
-27.808973
-28.301988
-28.544835
-28.471095
-27.236428
-25.621142
-23.735591
-21.682978
-19.692353
-17.053740
-14.126301
-10.927234
-7.658175
-4.340921
-1.234668
1.703330
4.804305
8.463860
11.619670
14.132261
16.355344
18.171753
20.470279
21.896533
23.323808
24.667978
26.035649
27.380671
27.577877
27.250051
26.398046
24.810519
23.145165
21.296740
18.921069
16.338825
13.656787
10.891642
7.521084
4.227843
0.480584
-3.951107
-7.831539
-10.822160
-13.809715

