-33.785956
-31.536307
-28.399910
-25.421892
-22.263868
-18.768651
-15.282631
-11.134148
-6.725788
-2.011912
2.663306
7.582903
12.552057
16.382251
19.719090
22.964307
25.723321
27.792794
29.423237
31.526600
33.841133
35.767215
36.607640
36.642041
36.031519
34.418106
32.036304
29.104948
26.334354
23.495129
20.414591
17.012017
13.733762
9.879896
5.333935
0.864778
-3.918239
-8.417027
-12.604339
-16.944238
-21.050828
-24.916785
-28.207302
-30.453035
-32.278640
-34.220048
-36.550590
-37.574427
-37.507159
-37.268570
-36.277941
-34.804344
-32.496963
-29.320036
-26.206970
-22.702387
-19.274099
-15.707527
-11.515106
-6.996734
-2.091272
2.709627
7.719483
12.763057
16.845635
20.015069
23.299626
26.053361
28.187547
29.821226
31.618561
33.851010
35.821881
36.669459
36.755971
36.162479
34.534761
31.991175
29.096092
26.068347
23.190124
20.200525
16.695261
13.500793
9.570462
5.021947
0.421831
-4.194975
-8.686611
-12.858255
-16.926186
-20.968744
-24.805410
-28.047732
-30.210699
-31.846251
-33.620085
-35.812174
-36.985363
-37.016869
-36.749669
-35.659756
-34.139327
-32.013314
-28.793982
-25.726727
-22.543328
-19.166299
-15.675681
-11.605365
-7.195643
-2.669096
2.117838
6.838696
11.914798
15.946116
19.239187
22.305761
25.305067
27.458838
29.051815
30.769621
33.080408
35.064050
36.036968
36.203691
35.681895
34.311840
31.837055
29.142925
26.269300
23.469755
20.464488
17.034667
13.989891
10.444266
6.001507
1.725810
-2.847910
-7.277387
-11.486326
-15.757935
-19.863674
-23.657935
-27.068002
-29.437712
-31.325817
-33.239467
-35.486562
-37.109000
-37.141357
-37.011249
-36.279985
-34.770455
-32.814230
-29.838766
-26.716505
-23.522888
-19.974879
-16.482217
-12.524298
-8.155107
-3.448725
1.356431
6.088529
11.143344
15.420914
18.674135
21.907943
24.911676
27.239834
28.940269
30.797379
32.932588
35.104411
36.266361
36.539691
36.220380
34.911122
32.673052
29.946566
27.005672
24.157252
21.211079
17.803737
14.504024
11.098385
6.521600
2.044610
-2.613919
-7.212162
-11.415822
-15.696798
-19.778865
-23.806265
-27.436699
-29.805217
-31.608003
-33.337389
-35.370248
-36.972591
-37.166051
-37.041221
-36.353554
-34.828697
-32.882861
-29.883214
-26.720422
-23.639883
-20.082678
-16.810894
-12.804099
-8.414132
-3.892524
0.926597
5.683218
10.684558
15.223367
18.501622
21.772896
24.725369
27.066299
28.728417
30.505317
32.665900
35.025392
36.174570
36.656516
36.230598
34.909759
32.742705
29.986075
27.201687
24.276461
21.375418
18.012524
14.691864
11.340209
7.022790
2.447537
-2.025706
-6.627015
-10.859796
-14.992101
-19.135475
-22.872005
-26.489837
-29.077360
-30.995096
-32.738788
-34.947566
-36.875861
-37.071875
-36.936317
-36.294460
-34.956081
-33.163854
-30.419997
-27.248519
-24.195569
-20.697117
-17.311914
-13.484785
-9.191888
-4.628216
0.036955
4.873957
9.972198
14.497382
17.860276
20.984071
24.119616
26.618923
28.256008
30.092852
32.186168
34.577847
36.018917
36.616325
36.443813
35.457952
33.420835
30.583654
27.751582
24.870975
21.968058
18.654721
15.406779
12.093782
7.808549
3.050395
-1.506295
-6.354536
-10.648455
-14.962299
-19.105162
-22.943360
-26.689938
-29.416595
-31.333140
-32.979931
-35.061325
-37.037986
-37.602016
-37.349292
-36.880800
-35.547018
-33.683607
-30.832120
-27.681759
-24.679218
-21.159819
-17.899275
-13.892480
-9.474073
-4.964556
-0.136409
4.628726
9.620360
14.401845
17.969097
21.273238
24.480479
27.015720
28.758901
30.531883
32.474143
34.579379
36.164522
36.680528
36.413159
35.334826
33.297879
30.538525
27.726207
24.873359
21.919182
18.505028
15.120336
11.960949
7.893699
3.240279
-1.018729
-5.742993
-10.018519
-14.289277
-18.391950
-22.190128
-25.904519
-28.619426
-30.638150
-32.259056
-34.243890
-36.392042
-37.037304
-36.870922
-36.508867
-35.238096
-33.611059
-31.028816
-27.841500
-24.725880
-21.346467
-17.850058
-14.153208
-9.968621
-5.549703
-0.835998
4.027571
8.907999
13.664961
17.250095
20.392963
23.585047
26.130847
28.018441
29.622827
31.712396
33.933095
35.630294
36.290203
36.447389
35.640512
33.836535
31.179530
28.484549
25.630849
22.789410
19.632067
16.251462
13.079303
9.020567
4.369702
-0.057050
-4.809073
-9.183373
-13.387714
-17.607893
-21.527835
-25.353091
-28.502941
-30.506849
-32.258715
-34.191779
-36.326817
-37.322896
-37.043776
-36.748137
-35.597767
-34.022842
-31.648363
-28.422730
-25.303704
-21.962438
-18.574681
-14.773096
-10.618142
-6.152732
-1.586335
3.189359
8.136886
13.025488
16.986302
20.245825
23.490361
26.160819
28.312036
30.040060
31.737600
33.881153
35.694838
36.650045
36.925248
36.090783
34.200634
31.572240
28.792960
25.832142
22.979464
19.758769
16.272409
13.217245
9.411063
4.646267
0.311817
-4.356248
-8.921453
-13.179268
-17.357724
-21.204097
-25.011642
-28.203896
-30.395303
-32.027279
-34.059627
-36.374160
-37.501710
-37.333625
-36.958626
-35.820859
-34.301281
-31.897000
-28.704235
-25.729111
-22.362982
-18.898589
-15.260662
-11.104175
-6.685087
-1.946858
2.911942
7.846355
12.581008
16.519342
19.759451
22.941657
25.784629
27.916772
29.620273
31.556743
33.678668
35.470043
36.357812
36.666904
36.019598
34.392050
31.916584
29.071569
26.282242
23.243598
19.989014
16.601937
13.470820
9.702614
5.034208
0.619718
-3.974267
-8.471693
-12.759311
-16.950369
-20.904371
-24.874210
-28.164216
-30.314752
-31.877926
-33.610889
-35.832950
-37.051610
-36.956923
-36.826645
-35.866158
-34.155846
-31.921523
-28.723819
-25.770664
-22.653682
-19.220454
-15.728644
-11.637722
-7.241283
-2.624137
2.239432
7.085630
12.102638
16.072478
19.318547
22.500243
25.413377
27.405875
29.176985
30.966486
33.166579
35.251890
36.254440
36.385400
35.839421
34.209149
31.661817
28.922898
26.182277
23.172413
20.268815
16.889742
13.729504
10.069779
5.493675
1.068626
-3.400019
-7.994345
-12.072836
-16.313962
-20.168168
-24.083001
-27.491876
-29.805899
-31.549590
-33.411639
-35.668612
-37.010227
-36.929505
-36.857639
-36.113262
-34.636770
-32.588414
-29.382195
-26.400770
-23.088796
-19.528696
-16.032457
-12.057849
-7.666009
-3.098420
1.707929
6.614072
11.578628
15.800510
18.972499
22.159134
25.051321
27.205603
28.868232
30.681235
32.898017
34.854582
36.034584
36.331756
35.950456
34.470388
32.150575
29.335363
26.531560
23.586920
20.592553
17.148256
14.026335
10.527713
5.941902
1.498972
-2.990280
-7.639783
-11.854001
-15.919038
-20.058325
-23.964643
-27.476209
-29.987437
-31.643765
-33.311674
-35.459825
-36.961521
-36.936998
-36.863770
-36.130292
-34.664188
-32.633373
-29.618740
-26.576689
-23.388522
-19.833360
-16.307490
-12.358938
-7.988725
-3.425394
1.436813
6.240436
11.273452
15.743290
19.046409
22.248881
25.090831
27.417626
28.947762
30.685323
32.785450
34.985372
36.280836
36.621605
36.178316
34.667764
32.386950
29.471261
26.685681
23.771014
20.947967
17.559188
14.386688
10.920252
6.498780
1.956054
-2.514294
-7.194281
-11.328288
-15.461956
-19.578934
-23.505858
-27.009760
-29.656376
-31.492199
-33.356292
-35.514661
-37.144763
-37.273850
-37.030833
-36.558935
-35.062688
-33.209835
-30.227218
-27.269466
-24.144820
-20.502125
-17.021384
-13.112681
-8.772441
-4.186290
0.431538
5.335638
10.296277
14.873573
18.274103
21.527495
24.568183
26.936701
28.743063
30.388832
32.468353
34.586021
36.103044
36.596060
36.349467
35.210167
33.088752
30.290229
27.398723
24.533101
21.558830
18.214498
15.078102
11.670760
7.230214
2.724273
-1.878568
-6.752184
-10.986158
-15.107734
-19.078425
-23.032427
-26.739495
-29.465641
-31.356641
-32.994236
-35.185814
-36.994389
-37.283897
-37.026576
-36.509548
-35.092490
-33.187526
-30.354091
-27.292967
-24.323804
-20.884957
-17.383269
-13.483763
-9.057692
-4.577637
0.205551
5.010196
9.882110
14.476946
18.045221
21.275112
24.291107
26.815108
28.668983
30.279160
32.308783
34.452677
36.031859
36.574943
36.342825
35.244908
33.114127
30.355624
27.425630
24.471624
21.557808
18.372536
14.959063
11.696305
7.600784
3.034898
-1.331227
-6.066050
-10.369165
-14.445782
-18.551009
-22.337096
-25.966849
-28.740679
-30.553511
-32.345738
-34.470388
-36.381824
-36.830562
-36.673886
-36.259379
-34.839937
-33.106804
-30.484029
-27.382544
-24.311883
-20.956312
-17.424992
-13.743809
-9.529761
-5.136728
-0.346899
4.453659
9.386539
14.083385
17.569917
20.569222
23.601736
26.121821
28.058801
29.749700
31.616177
33.775568
35.431215
36.053317
35.938876
35.064220
33.133371
30.451332
27.577026
24.708509
21.916287
18.626451
15.462637
12.225253
8.306674
3.592968
-0.821182
-5.450589
-9.744167
-13.862508
-17.978634
-21.952050
-25.745119
-28.599841
-30.605112
-32.214778
-34.279994
-36.221061
-36.997455
-36.768743
-36.587715
-35.233157
-33.535787
-31.169483
-28.142248
-25.130510
-21.769660
-18.329280
-14.741932
-10.487522
-6.044592
-1.345362
3.362553
8.172308
13.112000
16.840356
20.012174
23.280552
26.077543
27.936356
29.551642
31.516211
33.691781
35.570860
36.336354
36.312001
35.479069
33.768586
31.099149
28.219564
25.395496
22.649595
19.554922
16.136510
13.069766
9.257283
4.665170
0.238248
-4.366636
-8.784362
-12.914794
-17.076220
-20.919698
-24.661166
-27.799947
-30.059474
-31.734364
-33.827850
-35.992861
-36.971910
-36.886760
-36.643573
-35.568816
-34.063884
-31.757525
-28.574807
-25.495802
-22.198302
-18.620832
-15.055282
-10.810069
-6.537267
-1.865285
2.861023
7.693768
12.682336
16.626290
19.703252
22.819723
25.587252
27.599846
29.165574
31.052998
33.280339
35.104411
35.943644
36.120074
35.548721
33.962727
31.540905
28.597627
25.726216
22.925309
19.966023
16.532625
13.478824
9.777716
5.194119
0.685113
-3.857272
-8.361680
-12.431996
-16.578947
-20.547594
-24.231332
-27.586903
-29.911654
-31.712055
-33.596584
-35.704715
-37.024021
-37.001542
-36.682572
-35.902602
-34.263815
-32.009568
-29.067653
-26.084355
-22.907598
-19.475392
-15.939474
-11.883804
-7.424014
-2.908707
1.749992
6.413119
11.459589
15.609094
18.923623
22.156239
25.258405
27.439424
29.132707
30.926807
33.080918
35.144431
36.212376
36.468506
36.150728
34.659249
32.189233
29.339109
26.554210
23.709536
20.735604
17.270701
14.066356
10.531119
6.038291
1.535416
-2.996240
-7.626159
-11.867285
-16.154391
-20.098346
-23.893969
-27.322258
-29.597793
-31.586034
-33.303670
-35.461528
-36.888463
-37.014995
-36.764656
-35.881996
-34.378256
-32.284600
-29.247488
-26.105642
-22.899764
-19.361121
-15.964167
-11.826583
-7.480213
-2.837181
1.940557
6.743840
11.787585
16.015598
19.118616
22.215503
25.267771
27.430568
29.026440
30.714444
32.866171
34.938199
35.904476
36.198241
35.787140
34.476008
32.072067
29.139859
26.409456
23.409469
20.524434
16.938789
13.853652
10.444777
5.947181
1.488243
-3.187827
-7.622753
-11.758123
-15.866927
-19.799471
-23.539577
-26.933636
-29.413360
-31.245947
-32.764844
-34.946544
-36.396640
-36.554166
-36.380121
-35.644088
-34.239803
-32.351868

