-16.086783
-18.708536
-20.877123
-23.260457
-25.532075
-27.714797
-29.601029
-30.731133
-31.146492
-30.349152
-29.103075
-26.999371
-24.461406
-22.781917
-21.087442
-19.085748
-16.111476
-12.995516
-10.357073
-6.310259
-1.028776
4.154273
8.041007
11.115244
14.125279
16.660690
18.632753
20.488330
22.157942
23.489680
25.370462
27.274234
28.752089
29.010602
28.429713
27.399744
25.232860
23.319721
22.046225
20.751613
19.004686
16.775302
14.381409
11.630229
8.410386
5.086831
1.021624
-3.373623
-7.215398
-10.197163
-12.833391
-15.797785
-18.435887
-20.675659
-23.070744
-25.237628
-27.644805
-29.599496
-30.875547
-31.462397
-30.703034
-29.442992
-27.432612
-24.858032
-23.063081
-21.606173
-19.601924
-16.789607
-13.449873
-10.766983
-6.904091
-1.720701
3.481763
7.677930
10.919401
14.083556
16.742774
18.756390
20.676170
22.308997
23.695230
25.554044
27.396509
28.988974
29.171876
28.519971
27.325153
25.246484
23.133414
21.716527
20.470960
18.675838
16.399452
14.060395
11.365414
8.185932
4.933221
1.057046
-3.350292
-7.257462
-10.271243
-12.693575
-15.522071
-18.167496
-20.267963
-22.601060
-24.899585
-27.156557
-29.082128
-30.299936
-30.904838
-30.413525
-29.137305
-27.330262
-24.754320
-22.904873
-21.296740
-19.512858
-16.643320
-13.460772
-10.828120
-7.406473
-2.231257
2.865791
7.096359
10.302237
13.305800
16.097852
17.953430
19.891603
21.521875
22.855656
24.507557
26.359047
28.133052
28.742211
28.263160
27.434996
25.509255
23.542132
22.073133
20.813601
19.256387
17.208883
14.900480
12.330668
9.149994
5.842958
2.035584
-2.516508
-6.472894
-9.572165
-12.202263
-14.900139
-17.671926
-19.930942
-22.267614
-24.627277
-26.887996
-28.946400
-30.345576
-31.157051
-30.751228
-29.536486
-27.860062
-25.394985
-23.457834
-22.025960
-20.241567
-17.607382
-14.269693
-11.550699
-8.111511
-3.233637
2.246414
6.621906
9.939160
13.115917
16.009978
18.180609
20.180941
21.976573
23.338965
25.046042
26.926824
28.601544
29.406888
28.784956
27.914047
26.026453
23.882900
22.312573
20.976918
19.382238
17.141104
14.670065
12.209926
9.105887
5.935771
2.332415
-2.130100
-6.339039
-9.653398
-12.322835
-14.953613
-17.728295
-19.938435
-22.253479
-24.657249
-26.850871
-29.125043
-30.469043
-31.255654
-30.996289
-29.715640
-28.022017
-25.509936
-23.346458
-21.889210
-20.069395
-17.599038
-14.279400
-11.488880
-8.238895
-3.374304
2.192770
6.598915
10.037422
12.918200
15.604496
17.756053
19.649608
21.599020
22.917986
24.498531
26.279007
27.930737
28.808968
28.373855
27.485745
25.904349
23.768289
22.180421
20.983900
19.465515
17.541477
15.178919
12.706007
9.667022
6.524324
2.933570
-1.459633
-5.562987
-8.883987
-11.469807
-14.187268
-16.988175
-19.284316
-21.510295
-23.842369
-26.059662
-28.250388
-29.791594
-30.792781
-30.754123
-29.763494
-28.132030
-25.720426
-23.609740
-22.287539
-20.688261
-18.337454
-15.075547
-12.378182
-9.242126
-4.590239
0.744377
5.415848
9.028741
12.036903
15.063456
17.315320
19.149440
21.229301
22.626264
24.216345
26.126930
28.019803
29.117380
28.881005
27.995110
26.577200
24.426665
22.832326
21.497863
20.115546
18.211603
15.785354
13.230188
10.177067
7.064002
3.637246
-0.705208
-5.087001
-8.545773
-11.360816
-14.093774
-16.955478
-19.296237
-21.604129
-24.125406
-26.330607
-28.744425
-30.213765
-31.195198
-31.355449
-30.327865
-28.847797
-26.422398
-24.026121
-22.425141
-20.653350
-18.282618
-15.051024
-12.159858
-9.101970
-4.652909
0.785249
5.758490
9.415320
12.444428
15.371357
17.630032
19.418001
21.416460
22.943020
24.370636
26.059151
27.846779
29.067823
28.835024
27.921711
26.616028
24.332489
22.510460
21.106686
19.688436
17.806121
15.419211
13.023104
9.984629
6.836993
3.503902
-0.752040
-5.076613
-8.605378
-11.379038
-13.957024
-16.763551
-19.070251
-21.186045
-23.375068
-25.538376
-27.655533
-29.259750
-30.367715
-30.666760
-29.752084
-28.178011
-25.952373
-23.612635
-22.084543
-20.539761
-18.443721
-15.463829
-12.515272
-9.844984
-5.638940
-0.368357
4.530294
8.225441
11.426040
14.366763
16.779900
18.537896
20.596470
22.079434
23.542813
25.454760
27.376584
28.863805
28.837068
28.069019
26.843548
24.701187
22.913218
21.609238
20.343236
18.621172
16.396046
13.967923
11.197499
8.003541
4.723072
0.588042
-3.939867
-7.536922
-10.451760
-13.082368
-16.014746
-18.631560
-20.868949
-23.300137
-25.611264
-28.030021
-29.768092
-31.018598
-31.464951
-30.871289
-29.533591
-27.405024
-24.960211
-23.171902
-21.545206
-19.405569
-16.406093
-13.013397
-10.090385
-6.225109
-0.949587
4.266500
8.370536
11.739220
14.749425
17.197302
19.099542
21.151985
22.732701
24.141073
25.803191
27.633565
29.161487
29.364143
28.526953
27.499880
25.362458
23.254156
21.831478
20.443882
18.739360
16.422783
13.927221
11.077438
7.948024
4.559415
0.403779
-4.101140
-7.813147
-10.715382
-13.209922
-16.113179
-18.594435
-20.728622
-23.147208
-25.328568
-27.585711
-29.372658
-30.575650
-31.103577
-30.360222
-28.895991
-26.840823
-24.520670
-22.782598
-21.244287
-19.294875
-16.343423
-13.089691
-10.403395
-6.442070
-1.385553
3.678799
7.732085
10.973896
13.984953
16.563109
18.521718
20.516430
22.240196
23.442847
25.123187
27.036497
28.646163
28.975861
28.247663
27.275937
25.228943
23.239851
21.823985
20.572799
18.936566
16.589165
14.223371
11.568921
8.554459
5.389452
1.445327
-3.050566
-6.900174
-10.014091
-12.604339
-15.284164
-17.942531
-20.075355
-22.622517
-25.068351
-27.368580
-29.392072
-30.632530
-31.331778
-30.816112
-29.459170
-27.541944
-25.058133
-23.317337
-21.807637
-19.882577
-17.005375
-13.803414
-11.012895
-7.283006
-2.170461
3.181696
7.413626
10.607753
13.720138
16.371352
18.340519
20.381042
22.293840
23.501771
25.311027
27.149405
28.823444
29.238462
28.565441
27.591842
25.743076
23.519482
22.143636
20.813431
19.234249
16.962120
14.554603
11.833566
8.733783
5.426747
1.481601
-3.018720
-6.968634
-10.152715
-12.868983
-15.636342
-18.332856
-20.395517
-22.807462
-25.014026
-27.171033
-29.121126
-30.424765
-31.082800
-30.619928
-29.268435
-27.273212
-24.803536
-22.885970
-21.452563
-19.650289
-17.008271
-13.763734
-11.012554
-7.500308
-2.438000
2.716950
7.067748
10.351794
13.352292
16.017641
18.051692
19.962106
21.808658
23.093905
24.779694
26.578563
28.324979
28.936182
28.289557
27.379819
25.578397
23.404019
21.926165
20.777157
19.127812
16.968591
14.612845
11.951923
8.961984
5.880935
2.178465
-2.230746
-6.257807
-9.511369
-12.173993
-14.943906
-17.593929
-19.795043
-22.199835
-24.505854
-26.771341
-28.837068
-30.279500
-31.181063
-30.927999
-29.696396
-27.944531
-25.437559
-23.396696
-21.889891
-20.118952
-17.626115
-14.317376
-11.657647
-8.321490
-3.435782
2.044269
6.630080
10.059731
13.077600
15.819243
17.912558
19.777162
21.733216
23.052522
24.827378
26.656900
28.494596
29.220070
28.737443
27.849674
26.198285
23.914916
22.425481
21.235432
19.623382
17.500094
15.150479
12.445620
9.332555
6.027733
2.340249
-2.010550
-6.096533
-9.333236
-12.171268
-14.796938
-17.649276
-19.833020
-22.259440
-24.606500
-26.707649
-28.799602
-30.255829
-31.141383
-30.905008
-29.859543
-28.064251
-25.622504
-23.436206
-21.960735
-20.191669
-17.774275
-14.529399
-11.637892
-8.582047
-3.883498
1.416717
6.140981
9.620019
12.686253
15.644687
17.889397
19.756896
21.624225
22.979804
24.493252
26.305062
28.181076
29.049260
28.564760
27.767250
26.078905
23.688929
22.093398
20.925317
19.600391
17.558336
15.144859
12.617963
9.638582
6.619351
2.980573
-1.274007
-5.483968
-8.763415
-11.507784
-14.118297
-16.824518
-19.125428
-21.487304
-23.966517
-26.238986
-28.462069
-29.945203
-30.812706
-30.867202
-29.773201
-28.200150
-25.983879
-23.823977
-22.271190
-20.595619
-18.363169
-15.038592
-12.091569
-9.079150
-4.524674
0.824077
5.719662
9.283338
12.329817
15.235628
17.487832
19.349030
21.294866
22.647551
24.164574
26.082482
27.755158
28.860910
28.741360
27.939251
26.572943
24.273055
22.539411
21.322966
19.881214
17.983403
15.647752
13.160876
10.327441
7.009336
3.481933
-0.752381
-5.041191
-8.588859
-11.386871
-13.939313
-16.748905
-19.137008
-21.382400
-23.751599
-25.979621
-28.058120
-29.725688
-30.812536
-30.979770
-29.903139
-28.383902
-26.026964
-23.756027
-22.255012
-20.793336
-18.659489
-15.511853
-12.423822
-9.523630
-5.207062
-0.002895
4.871743
8.724076
11.711121
14.793362
17.196621
19.037553
20.972661
22.454262
23.958342
25.759765
27.713946
28.948103
28.918300
28.043985
26.727574
24.500745
22.719247
21.427699
20.089831
18.152680
15.769516
13.417176
10.528054
7.391487
3.944806
-0.089577
-4.534721
-8.094140
-11.058535
-13.513735
-16.280583
-18.791131
-21.102939
-23.489850
-25.713955
-27.989319
-29.750211
-30.825308
-31.103407
-30.213424
-28.835365
-26.689598
-24.159125
-22.497007
-20.931278
-18.787043
-15.629530
-12.662411
-9.929964
-5.819287
-0.646455
4.410744
8.358615
11.404072
14.329808
16.887188
18.692698
20.598173
22.175312
23.651975
25.450502
27.209691
28.706108
28.810501
28.118065
26.908602
24.841002
22.871154
21.595955
20.287718
18.590689
16.374077
14.003856
11.180299
8.067233
4.622936
0.642027
-3.826278
-7.610151
-10.553428
-13.100590
-15.954120
-18.488169
-20.603793
-22.918667
-25.187560
-27.337415
-29.238803
-30.360222
-31.001227
-30.276946
-28.935160
-26.884079
-24.395841
-22.627456
-21.252802
-19.367252
-16.473021
-13.293539
-10.662419
-6.790672
-1.554659
3.534215
7.629565
10.848386
13.928584
16.536883
18.570934
20.423446
22.084883
23.469755
25.272540
27.085543
28.729609
29.035977
28.404338
27.322429
25.288377
23.221288
21.911689
20.572628
18.820592
16.662734
14.172111
11.399984
8.301905
5.080700
1.317263
-3.183229
-7.076604
-10.052238
-12.755564
-15.410525
-17.919030
-20.183665
-22.554057
-24.862800
-27.179377
-29.097285
-30.408076
-31.054190
-30.546018
-29.341153
-27.507033
-24.878638
-22.988149
-21.478959
-19.614015
-16.734430
-13.542516
-10.896240
-7.268190
-2.184084
2.939871
7.275002
10.473388
13.614723
16.256230
18.127816
20.029545
21.877119
23.256540
25.037016
26.792969
28.395312
28.919492
28.303180
27.303185
25.469746
23.327385
21.890402
20.619971
19.106013
17.001118
14.603649
12.038095
8.752176
5.632980
1.890659
-2.437319
-6.557533
-9.669065
-12.254374
-15.048470
-17.751626
-19.943033
-22.223677
-24.490867
-26.625395
-28.794663
-30.060666
-30.953884
-30.586038
-29.406718
-27.611767
-25.018283
-23.026977
-21.707330
-19.962277
-17.302547
-14.102629
-11.487348
-8.100101
-3.162282
2.217804
6.569965
9.959255
13.099398
16.001633
18.017292
19.843067
21.812064
23.046051
24.822780
26.499033
28.340476
29.056924
28.525591
27.603933
25.690964
23.566825
22.039924
20.855836
19.296919
17.234598
14.916829
12.302228
9.217433
6.138427
2.463545
-1.814706
-6.008659
-9.260518
-11.916331
-14.582191
-17.356362

