-25.327546
-22.032261
-18.522910
-14.958041
-10.799680
-6.481579
-1.711675
3.137759
8.096014
12.970992
16.853809
20.055771
23.246152
25.997673
27.925287
29.620613
31.465803
33.679179
35.535778
36.366667
36.460672
35.716806
33.954212
31.476021
28.650761
25.640726
22.776978
19.680432
16.367435
13.299159
9.330681
4.772970
0.399862
-4.046304
-8.577619
-12.811593
-16.905410
-20.856006
-24.616207
-27.891057
-30.002253
-31.690938
-33.557585
-35.760914
-36.988429
-36.846570
-36.667585
-35.680532
-34.228734
-31.916073
-28.772184
-25.787183
-22.359916
-18.865040
-15.208891
-11.218616
-6.864071
-2.329860
2.371924
7.346187
12.365580
16.311918
19.538232
22.719417
25.516408
27.375562
29.106310
30.884062
33.107655
35.067456
36.112581
36.298547
35.806043
34.258195
31.668970
28.930051
26.182958
23.285832
20.205123
16.904558
13.848373
10.232585
5.537953
0.995908
-3.509862
-8.087669
-12.158496
-16.409670
-20.234415
-24.156400
-27.698449
-29.995101
-31.738111
-33.622469
-35.722085
-37.082604
-37.018742
-36.698750
-35.967316
-34.370252
-32.380138
-29.133729
-26.094743
-22.834710
-19.331830
-15.701396
-11.749949
-7.461309
-2.796480
1.995564
6.821666
11.778900
15.940496
19.324337
22.482702
25.469746
27.547394
29.212407
31.003952
32.942125
35.125017
36.209311
36.467995
35.929850
34.471921
32.084329
29.254641
26.313748
23.392269
20.413569
17.006908
13.816697
10.332721
5.834103
1.469340
-2.998965
-7.612365
-11.963333
-16.040802
-20.044701
-23.787022
-27.232681
-29.600859
-31.315088
-32.952513
-35.080910
-36.675760
-36.796672
-36.466462
-35.742351
-34.251724
-32.257353
-29.262304
-26.280539
-23.043667
-19.640071
-16.115223
-12.130226
-7.849251
-3.265994
1.455545
6.296124
11.192901
15.411377
18.662555
21.916798
24.734735
27.056081
28.635774
30.497483
32.605784
34.734181
35.878590
36.255973
35.799061
34.598453
32.340969
29.632875
26.823453
23.963962
21.071093
17.692021
14.485972
11.132274
6.707055
2.222742
-2.331223
-6.926230
-11.092424
-15.274286
-19.243785
-23.137331
-26.693855
-29.160636
-30.926296
-32.662494
-34.793104
-36.385059
-36.600658
-36.509378
-35.917759
-34.482820
-32.643420
-29.703719
-26.705606
-23.765223
-20.296574
-16.964504
-13.127157
-8.815527
-4.324232
0.467471
5.320140
10.226965
14.734779
18.145357
21.408626
24.377619
26.797737
28.547389
30.258894
32.342161
34.676790
36.101341
36.473615
36.240816
34.984010
32.797882
30.030693
27.109044
24.225542
21.336590
17.935378
14.757940
11.324201
6.955521
2.464056
-1.998288
-6.624460
-10.860988
-15.046086
-19.023589
-22.984743
-26.576519
-29.108524
-30.968530
-32.734530
-34.891026
-36.745242
-36.956753
-36.682742
-36.271811
-34.799916
-32.862084
-30.078207
-26.993922
-23.888520
-20.267963
-16.714334
-12.963499
-8.651870
-4.237550
0.541040
5.258662
10.191713
14.751809
18.197468
21.249567
24.337598
26.725020
28.391225
30.015026
31.955412
34.177303
35.670996
36.072901
35.923719
34.765516
32.701152
29.871464
26.990346
24.102415
21.282434
18.007585
14.837469
11.629207
7.477147
3.008161
-1.600129
-6.248781
-10.575908
-14.661210
-18.625941
-22.573130
-26.241030
-28.880153
-30.787332
-32.466309
-34.547704
-36.619902
-36.876202
-36.727360
-36.321368
-34.943649
-32.985040
-30.322415
-27.321747
-24.305071
-20.917654
-17.393657
-13.730526
-9.340048
-4.924536
-0.020436
4.643372
9.572506
14.252152
17.731360
21.030392
24.158614
26.779856
28.621640
30.243226
32.209669
34.426451
35.962207
36.538158
36.490985
35.437516
33.423219
30.683279
27.792283
24.925811
21.960224
18.714496
15.331166
12.141296
8.032833
3.534045
-0.918252
-5.574908
-10.060923
-14.051199
-18.198660
-22.199154
-25.864329
-28.606313
-30.530521
-32.210180
-34.211023
-36.359004
-36.886590
-36.722081
-36.478553
-35.125698
-33.373492
-30.773367
-27.577707
-24.706296
-21.114349
-17.640591
-14.049496
-9.878193
-5.347729
-0.617164
3.999642
8.979525
13.660022
17.319747
20.325184
23.366383
25.894131
27.698108
29.477392
31.369925
33.623321
35.321883
36.065919
35.917759
35.044125
33.384562
30.694689
28.013161
25.206975
22.454943
19.220284
15.950544
12.757097
8.708749
4.209791
-0.165360
-4.827806
-9.156806
-13.187613
-17.358746
-21.437917
-25.261811
-28.282234
-30.297211
-32.055037
-33.887284
-36.016362
-36.646809
-36.552804
-36.379950
-35.232987
-33.546516
-31.004804
-27.988638
-24.972132
-21.560703
-18.188953
-14.635835
-10.488885
-5.990607
-1.335314
3.432206
8.496727
13.231039
16.925165
20.037379
23.218904
25.897707
27.923754
29.637984
31.594549
33.984014
35.956587
36.640678
36.477021
35.715784
33.707108
31.330926
28.263841
25.400945
22.428376
19.188949
15.959058
12.620858
8.567742
3.970180
-0.391517
-5.140134
-9.424005
-13.646569
-17.692532
-21.659647
-25.437219
-28.446913
-30.443498
-32.106297
-33.989123
-36.119734
-36.881481
-36.564725
-36.331415
-35.183089
-33.492190
-31.043461
-27.914388
-24.805920
-21.534818
-17.945256
-14.417171
-10.294574
-5.838701
-1.236541
3.527062
8.284875
13.249431
17.119476
20.139558
23.167474
25.792633
27.633054
29.250894
31.003271
33.272164
35.191263
35.835845
35.874162
35.113267
33.365999
30.781201
28.008223
25.239842
22.538730
19.499404
16.023261
12.889249
9.162596
4.712003
0.302962
-4.482269
-8.859975
-12.917348
-17.109258
-21.161011
-24.885791
-28.012650
-30.175277
-32.002245
-33.803667
-35.930872
-36.900895
-36.786624
-36.605767
-35.602025
-34.148012
-31.726701
-28.651272
-25.560345
-22.220782
-18.759455
-15.143497
-11.071648
-6.574733
-1.860006
2.919436
7.828474
12.880053
16.857045
20.098686
23.331812
26.141746
28.230974
29.788869
31.660966
33.909934
35.951648
36.846910
36.984001
36.210843
34.485374
31.664882
28.805733
25.864840
22.960731
19.815820
16.336100
13.262544
9.295259
4.727330
0.243357
-4.454340
-8.955853
-13.140951
-17.355680
-21.310704
-25.100878
-28.101206
-30.273710
-32.051291
-33.855609
-36.014489
-37.142890
-36.999498
-36.773682
-35.528285
-33.943483
-31.616688
-28.342349
-25.539909
-22.230659
-18.608400
-15.005725
-10.686091
-6.230899
-1.547337
3.006458
7.933889
12.892314
16.733408
19.891603
22.964307
25.688240
27.561699
29.200656
30.995778
33.095734
35.006489
35.904135
35.918781
35.310813
33.663171
31.197923
28.275422
25.497334
22.828068
19.725731
16.398260
13.344969
9.756940
5.178281
0.887087
-3.777572
-8.255073
-12.406962
-16.489710
-20.397391
-24.221965
-27.403661
-29.692650
-31.432765
-33.232825
-35.437175
-36.627054
-36.537307
-36.336184
-35.488776
-33.867359
-31.770638
-28.636115
-25.692497
-22.435699
-19.067015
-15.749591
-11.781624
-7.309743
-2.661262
1.928806
6.801401
11.877332
15.921082
19.027165
22.192853
25.259938
27.311529
29.020991
30.897175
33.129624
35.170146
36.278282
36.436490
35.966635
34.400225
31.993049
29.189416
26.129144
23.491383
20.357881
16.913073
13.869149
10.068076
5.718299
1.233986
-3.401382
-7.932016
-12.094293
-16.423634
-20.478283
-24.318865
-27.647700
-29.953888
-31.752075
-33.556393
-35.774537
-37.128755
-37.223101
-36.964246
-36.099468
-34.539359
-32.331262
-29.150248
-26.078224
-22.831133
-19.408124
-15.898091
-11.773620
-7.430826
-2.760547
2.070325
6.855215
12.012039
16.381741
19.394500
22.546564
25.459698
27.557271
29.146501
31.083482
33.132178
35.322734
36.283050
36.431040
35.986049
34.441096
31.970058
29.160466
26.196752
23.518971
20.452397
16.982044
13.881070
10.227987
5.728347
1.212358
-3.221035
-7.821492
-11.978320
-16.103302
-20.134279
-23.908275
-27.223144
-29.633556
-31.289203
-33.003773
-35.063199
-36.483662
-36.484855
-36.240816
-35.462720
-34.023864
-32.163007
-29.031549
-25.986433
-22.756202
-19.463812
-16.075373
-12.122904
-7.766485
-3.331218
1.377719
6.238392
11.102813
15.429088
18.701894
21.979468
24.939435
27.039732
28.558629
30.351366
32.432590
34.654992
35.870586
36.297526
35.971744
34.731456
32.306569
29.509238
26.528324
23.770503
20.807130
17.674480
14.526333
11.175019
6.733452
2.173696
-2.246584
-6.840910
-11.016982
-15.211105
-19.126449
-23.050649
-26.431424
-29.079403
-30.902794
-32.744067
-34.880468
-36.637272
-36.799397
-36.700794
-36.032030
-34.649883
-32.786642
-29.930387
-27.007716
-23.932627
-20.388365
-16.729150
-12.880564
-8.452109
-3.927776
0.790528
5.582741
10.460615
14.973027
18.325363
21.676336
24.688925
26.860748
28.531040
30.232498
32.235895
34.532547
35.726343
36.146300
36.021301
34.817798
32.641377
29.792445
26.907410
23.966517
21.210568
17.862661
14.671087
11.460611
7.084949
2.516849
-2.001524
-6.512744
-10.950395
-15.157461
-19.173622
-23.082665
-26.580947
-29.216153
-31.018087
-32.697065
-34.785611
-36.536625
-36.878926
-36.634036
-36.003590
-34.634045
-32.911641
-29.950312
-26.756184
-23.791960
-20.378147
-16.832692
-13.058186
-8.988210
-4.376173
0.189372
4.810776
9.956871
14.618635
18.107891
21.182469
24.177177
26.702540
28.242895
30.113288
32.104935
34.235035
35.705396
36.300080
36.214760
35.218000
33.029148
30.306407
27.419499
24.536337
21.686554
18.434865
15.286037
12.054954
7.718801
3.184932
-1.173019
-5.766324
-10.105371
-14.289958
-18.343415
-22.234746
-25.903157
-28.631517
-30.598811
-32.389505
-34.481457
-36.496265
-37.005459
-36.890166
-36.428996
-35.172360
-33.506155
-30.764001
-27.431250
-24.490527
-21.126270
-17.595802
-13.788939
-9.500129
-4.975285
-0.318629
4.398312
9.347711
14.128515
17.728976
20.986285
24.097136
26.574305
28.296539
30.092512
31.906366
34.131833
35.832950
36.301443
36.170312
35.281352
33.238275
30.585017
27.779681
24.854115
21.914414
18.595968
15.268837
12.138571
8.081198
3.425905
-0.971896
-5.494356
-9.959255
-14.150143
-18.236467
-22.116389
-25.812898
-28.663192
-30.625207
-32.223804
-34.120934
-36.187513
-36.669118
-36.405495
-36.080224
-34.919126
-33.357143
-30.599151
-27.370283
-24.434498
-21.105153
-17.804078
-14.019353
-10.035889
-5.624124
-1.100472
3.628901
8.527892
13.209411
16.978298
20.073312
23.271527
25.907585
27.737958
29.367890
31.322581
33.604077
35.369567
36.164352
36.100830
35.386086
33.524377
30.810833
28.041090
25.218725
22.347655
19.311224
16.004358
12.797969
8.911916
4.329852
-0.017881
-4.550729
-9.041854
-13.189486
-17.271723
-21.214996
-24.963958
-28.044837
-30.011620
-31.791755
-33.738102
-35.991839
-36.945343
-36.764996
-36.555699
-35.492182
-33.976180
-31.642403
-28.460196
-25.548254
-22.242240
-18.749918
-15.043872
-11.041675
-6.515469
-1.791034
3.096717
7.847718
12.788262
16.770193
19.958019
23.151125
25.926999
27.886799
29.490335
31.424080
33.651420
35.483667
36.278112
36.312171
35.653796
33.908572
31.575475
28.712579
25.760787
22.864171
19.790104
16.404390
13.299329
9.579659
4.958425
0.637940
-3.908702
-8.307525
-12.598378
-16.720976
-20.626443
-24.556092
-27.826003
-29.991014
-31.739133
-33.468008
-35.661289
-36.749159
-36.586864
-36.542416
-35.657712
-34.198080
-31.745264
-28.587920
-25.500059
-22.338969

