-20.522390
-22.541455
-24.322442
-26.182788
-27.394635
-28.385094
-28.706789
-28.902633
-28.436525
-27.084010
-25.310176
-23.032427
-21.042143
-18.944911
-16.154391
-13.084752
-9.902545
-6.648643
-3.282343
-0.121764
2.803973
6.051915
9.601797
12.661559
15.063456
16.979660
19.035339
21.054064
22.605487
24.039745
25.262151
26.647874
27.821745
27.906554
27.347633
26.145322
24.449485
22.774935
20.685707
18.097503
15.537058
12.738364
9.634324
6.143025
2.662625
-1.233986
-5.597728
-9.026527
-12.074539
-14.974390
-17.784834
-20.585401
-22.476741
-24.244615
-25.861604
-27.128288
-27.988808
-28.406041
-28.621980
-28.165749
-26.840823
-25.217533
-23.078237
-21.058321
-19.038916
-16.364711
-13.257606
-10.147265
-6.933893
-3.740958
-0.563690
2.267531
5.512408
9.090900
12.069089
14.587470
16.645363
18.498727
20.450694
22.018296
23.432119
24.880511
26.168994
27.317660
27.510609
26.925973
25.988136
24.217708
22.755521
20.730325
18.215179
15.792847
13.219799
10.253021
6.875481
3.468650
-0.365121
-4.642691
-8.360829
-11.190176
-14.139244
-16.769511
-19.505365
-21.656581
-23.481165
-25.318691
-26.832819
-27.930396
-28.342519
-28.469052
-28.308630
-27.157239
-25.584017
-23.448467
-21.511827
-19.571100
-16.877311
-13.832705
-10.638407
-7.545437
-4.112720
-0.917912
1.928806
4.902908
8.449044
11.659520
14.196464
16.255379
18.255370
20.446777
22.034645
23.305416
24.727753
26.078905
27.504308
27.825662
27.432782
26.468549
24.908781
23.301840
21.377291
18.876961
16.282627
13.578108
10.696650
7.364750
3.811291
-0.040191
-4.301071
-8.220332
-11.234794
-14.287404
-17.116070
-19.990376
-22.059509
-23.855141
-25.652306
-27.068683
-28.140204
-28.625556
-28.846775
-28.657062
-27.485745
-25.797401
-23.672410
-21.428551
-19.710575
-16.937937
-14.049155
-10.784013
-7.549013
-4.193442
-0.933068
2.081224
5.028929
8.659703
11.867114
14.492444
16.567537
18.483400
20.635128
22.271531
23.588623
24.966002
26.264191
27.519635
27.727570
27.131523
26.315110
24.647032
23.054225
21.134274
18.639054
16.100066
13.485806
10.620867
7.317918
4.003389
0.436647
-3.938164
-7.807868
-10.782991
-13.799497
-16.563620
-19.371850
-21.754333
-23.434673
-25.317839
-26.778494
-27.789899
-28.413534
-28.594051
-28.554542
-27.673074
-26.011467
-23.914235
-21.747521
-19.974027
-17.368453
-14.420577
-11.419739
-8.275509
-4.905462
-1.577820
1.326970
4.344497
7.828133
11.127336
13.714007
15.801021
17.736810
19.944906
21.673611
23.061548
24.393456
25.804213
27.270317
27.790580
27.425970
26.729618
25.190966
23.682458
21.837609
19.521373
17.096996
14.429603
11.465549
8.106572
4.612037
1.098088
-3.176246
-7.334266
-10.309049
-13.223205
-16.215529
-19.159658
-21.632058
-23.308311
-25.124380
-26.733364
-27.770315
-28.468370
-28.593200
-28.682947
-27.781044
-26.232515
-24.288893
-22.213459
-20.357711
-17.831155
-14.869996
-11.785201
-8.578130
-5.325590
-1.957757
0.921828
3.899676
7.413966
10.905436
13.519866
15.708378
17.603295
19.754171
21.530560
22.907257
24.289404
25.697265
27.209691
27.682270
27.381522
26.625735
25.193351
23.549284
21.617753
19.273247
16.847679
14.234270
11.531455
8.335795
4.791362
1.418761
-2.897297
-7.042033
-10.108267
-12.872900
-15.729666
-18.611806
-21.089656
-22.883926
-24.741037
-26.530538
-27.584178
-28.372492
-28.444529
-28.609889
-27.844736
-26.297399
-24.470261
-22.187233
-20.419700
-17.999070
-14.995166
-11.989900
-8.788790
-5.557537
-2.179486
0.773839
3.730740
7.100276
10.526180
13.308184
15.515770
17.533813
19.628661
21.520002
22.823129
24.185862
25.585549
27.078390
27.786323
27.503967
26.789904
25.584187
23.809671
22.022554
19.723858
17.340864
14.697995
11.892830
8.716243
5.151715
1.713548
-2.502714
-6.828138
-9.937286
-12.849910
-15.781948
-18.522399
-21.197115
-22.771529
-24.597815
-26.333843
-27.485745
-28.136628
-28.349161
-28.581108
-27.775424
-26.274920
-24.268457
-22.174461
-20.364182
-18.124069
-15.226432
-12.109791
-8.976460
-5.731753
-2.389465
0.685964
3.427778
6.799698
10.385684
13.027021
15.363012
17.228978
19.360610
21.188940
22.628818
24.026973
25.342533
26.767424
27.643102
27.288369
26.707649
25.568008
23.896524
22.141593
19.918169
17.490557
14.974901
12.172971
9.176561
5.770070
2.432551
-1.718828
-6.018196
-9.235825
-12.169395
-15.054260
-17.997537
-20.627805
-22.447961
-24.382898
-26.179041
-27.404342
-28.193848
-28.574807
-28.777974
-28.107166
-26.758909
-25.057963
-22.853443
-21.030222
-18.766267
-15.767132
-12.706348
-9.483440
-6.204673
-2.608810
0.405482
3.076281
6.503378
9.917532
13.067041
15.243803
17.280238
19.312756
21.346978
22.932632
24.151291
25.565113
27.030706
28.118747
27.896506
27.456794
26.104450
24.440629
22.696768
20.478112
17.963988
15.340362
12.478488
9.358440
5.789825
2.310276
-1.717806
-6.128550
-9.553603
-12.481724
-15.461615
-18.365553
-20.920379
-22.869791
-24.557965
-26.369265
-27.529853
-28.265204
-28.630154
-28.750386
-28.323787
-26.664904
-24.713959
-22.551673
-20.696947
-18.488339
-15.613692
-12.546607
-9.410381
-6.105900
-2.656324
0.328507
3.194979
6.515809
10.039295
12.881756
15.259641
17.220293
19.337109
21.356515
22.565637
23.906742
25.334529
26.780707
27.714627
27.343886
26.829924
25.603601
23.880345
22.154706
20.118781
17.653022
15.030418
12.175015
9.230205
5.852836
2.370732
-1.585484
-5.875485
-9.260518
-12.186425
-14.987673
-17.853464
-20.414591
-22.372178
-24.222476
-26.020833
-27.314935
-28.106996
-28.432267
-28.657232
-28.273719
-26.803698
-25.102241
-22.941147
-21.042653
-18.863678
-15.917846
-12.998751
-9.810414
-6.618329
-3.195660
-0.088215
2.757651
5.961316
9.558371
12.412923
14.799493
16.777005
18.888031
20.951373
22.388186
23.863997
25.184836
26.778664
27.904170
27.890035
27.443171
26.240519
24.496487
22.799288
20.739181
18.403190
15.818732
13.038431
9.965386
6.492479
2.922671
-1.126698
-5.621740
-9.016650
-12.028728
-14.996699
-17.749923
-20.728792
-22.717714
-24.471453
-26.293652
-27.411665
-28.300626
-28.634412
-28.954233
-28.469222
-27.013847
-25.316988
-23.104804
-21.281924
-19.186565
-16.381230
-13.260841
-9.977647
-6.778240
-3.359318
-0.179665
2.593824
5.924872
9.514093
12.583222
14.924152
17.002991
19.153527
21.111795
22.540774
23.914746
25.274413
26.578733
27.783428
27.610745
27.023213
25.892598
24.125576
22.471121
20.287888
17.820597
15.186923
12.429101
9.566375
6.211315
2.817597
-1.058919
-5.400181
-8.916174
-11.794056
-14.774288
-17.442022
-20.119122
-22.040606
-23.898057
-25.876760
-27.169330
-28.020314
-28.325319
-28.614998
-28.249536
-26.834522
-25.117568
-23.039750
-21.118607
-19.012179
-16.262702
-13.308184
-10.076421
-6.916182
-3.599269
-0.383684
2.307892
5.474942
8.917706
11.993306
14.434712
16.281264
18.510137
20.469427
21.999223
23.396526
24.585724
26.122161
27.323450
27.422053
27.052334
26.174613
24.488994
22.914239
20.948308
18.582174
16.080141
13.379199
10.384832
7.060766
3.684929
-0.200783
-4.567248
-8.261885
-11.264426
-14.227799
-17.041309
-19.865036
-21.987132
-23.811034
-25.691816
-26.990516
-28.059823
-28.565952
-28.868743
-28.794663
-27.459690
-25.687047
-23.697785
-21.649088
-19.742932
-17.049994
-14.141287
-10.840722
-7.671118
-4.235165
-0.996079
1.898663
5.170447
8.774826
11.957032
14.507260
16.493968
18.638202
20.731006
22.298609
23.757390
25.055068
26.430402
27.667454
27.890205
27.357510
26.374885
24.627107
22.876603
20.955290
18.544027
15.902179
13.196128
10.237353
6.948199
3.476824
-0.251191
-4.595859
-8.257457
-11.218275
-14.318228
-16.924824
-19.743272
-21.864857
-23.766926
-25.701012
-26.974167
-27.865512
-28.406893
-28.529848
-28.341838
-27.247156
-25.572947
-23.506539
-21.267959
-19.356523
-16.727958
-13.787406
-10.526351
-7.372243
-4.073381
-0.885214
1.945666
4.942077
8.535555
11.544228
14.095306
16.062260
18.008436
20.023755
21.735089
23.025615
24.418490
25.731325
27.152130
27.609212
27.269295
26.519299
24.868080
23.287535
21.346807
19.149610
16.540459
13.892140
11.051212
7.858276
4.384347
0.756809
-3.677436
-7.536241
-10.565519
-13.548136
-16.412394
-19.384112
-21.734238
-23.401635
-25.227921
-26.732002
-27.734212
-28.392928
-28.712239
-28.690440
-27.829409
-26.249034
-24.273736
-21.980490
-20.211935
-17.801353
-14.781271
-11.671782
-8.427756
-4.997935
-1.787969
1.196010
4.328319
7.954666
11.324372
13.992276
16.198329
18.072809
20.408460
22.132397
23.518801
25.023733
26.368073
27.744770
28.163195
27.841500
26.876926
25.209529
23.516927
21.583693
19.255025
16.661712
13.976097
11.096341
7.845163
4.414150
0.650372
-3.687143
-7.653918
-10.740757
-13.769014
-16.468423
-19.127982
-21.572794
-23.387671
-25.132895
-26.715483
-27.921540
-28.351034
-28.619766
-28.692143
-27.504308
-25.761468
-23.705448
-21.584885
-19.815309
-17.260994
-14.439651
-11.127847
-7.993494
-4.822867
-1.561131
1.400709
4.307713
7.799183
11.000804
13.628857
15.661376
17.473527
19.523246
21.288395
22.603103
23.967709
25.172063
26.651110
27.420010
27.142593
26.455436
24.944544
23.311036
21.622522
19.400120
17.050164
14.535359
11.757783
8.608103
5.168574
1.655476
-2.560786
-6.639617
-9.741272
-12.711627
-15.477794
-18.101079
-20.681620
-22.555079
-24.480479
-26.125227
-27.278321
-28.025423
-28.436865
-28.633220
-27.995620
-26.411329
-24.603265
-22.393124
-20.638704
-18.427202
-15.544210
-12.390784
-9.263754
-5.996227
-2.576283
0.377893
3.257820
6.745543
10.170766
13.082538
15.435219
17.392976
19.515923
21.428551
22.836072
24.295194
25.717531
27.112280
27.967691
27.833836
27.100870
25.707143
23.983036
22.300311
19.994974
17.514059
14.894009
12.084416
8.884498
5.390133
1.965080
-2.201455
-6.616626
-9.955168
-13.051714
-15.739543
-18.420390
-21.062749
-22.955281
-24.932282
-26.480470
-27.819361
-28.554031
-28.893607
-28.930732
-28.252431
-26.726893
-24.769136
-22.529534
-20.536695
-18.323830
-15.430791
-12.339354
-9.023973
-5.746058
-2.415180
0.742844
3.495046
6.852320
10.214874
12.976783
15.232904
17.166478
19.127471
21.170548
22.546394
23.775101
24.975538
26.303530
27.322939
27.244943
26.644128
25.414058
23.727587
22.079434
19.932304
17.445087
14.987503
12.241432
9.220668
5.792209
2.468313
-1.431022
-5.738395
-9.018864
-12.042693
-14.936924
-17.631565
-20.329952
-22.241558
-23.984058
-25.676659
-27.085372
-27.868748
-28.223821
-28.362615
-28.064421
-26.662179
-24.856499
-22.698300
-20.816837
-18.859591
-16.165461
-13.300010
-10.092599
-6.859643
-3.606251
-0.501020
2.317939
5.545957
9.022611
12.198687
14.535700
16.468423
18.488339
20.712955
22.296224
23.741382
25.217703
26.563406
27.807099
27.777808
27.379308
26.228939
24.612631
23.090839
20.936898
18.508775
15.951736
13.172797
10.216917
6.732259
3.372431
-0.461510
-4.973412
-8.667878
-11.703627
-14.532464
-17.369475
-20.145008
-22.305250

