-30.064923
-31.085185
-30.834164
-29.781887
-28.113297
-25.618587
-23.411172
-22.018637
-20.307473
-17.971482
-14.638390
-11.735303
-8.606059
-3.947360
1.294613
6.071329
9.686436
12.664454
15.632936
17.709391
19.613845
21.521875
22.850377
24.469410
26.366029
28.140375
28.954233
28.701339
27.918134
26.275601
24.080447
22.425481
21.257741
19.696781
17.588820
15.228135
12.742111
9.778397
6.588527
3.032003
-1.370055
-5.606243
-9.123428
-11.926549
-14.485461
-17.286880
-19.418512
-21.689960
-24.010113
-26.203394
-28.415748
-29.976027
-30.961718
-30.874354
-29.770987
-28.223310
-25.734731
-23.363829
-21.772555
-20.171063
-17.946959
-14.731203
-11.886188
-8.885009
-4.320656
1.112223
5.907331
9.370191
12.450218
15.244825
17.455816
19.316162
21.179404
22.621495
24.205957
26.078905
27.981826
29.131004
28.883048
28.045007
26.534966
24.281910
22.589990
21.305936
19.861460
17.897231
15.522582
13.155767
10.174002
6.881441
3.379413
-0.756127
-5.057369
-8.444616
-11.162417
-13.888734
-16.683170
-19.113507
-21.326201
-23.748023
-25.965316
-28.316464
-29.951504
-31.062875
-31.259401
-30.280011
-28.898035
-26.458332
-24.065971
-22.547756
-20.915440
-18.654721
-15.401159
-12.358427
-9.508303
-4.938160
0.321184
5.388090
9.039130
12.258462
15.257938
17.619474
19.454275
21.347318
22.753818
24.363995
26.241882
28.085538
29.266221
29.129130
28.338773
26.813064
24.551153
22.749731
21.434001
20.045553
18.030575
15.802383
13.220651
10.321140
7.070644
3.690379
-0.647988
-4.974774
-8.551053
-11.351109
-13.974224
-16.680104
-19.041470
-21.282264
-23.656062
-25.850024
-28.067827
-29.730286
-30.615670
-30.695711
-29.863630
-28.368064
-26.010275
-23.527316
-21.963630
-20.405735
-18.342052
-15.243122
-12.222358
-9.528569
-5.415167
-0.042064
4.848072
8.579322
11.591911
14.525652
16.943216
18.681969
20.598514
22.028685
23.483379
25.266920
27.092866
28.379985
28.579065
27.942147
26.646001
24.588449
22.728443
21.483558
20.127296
18.233061
16.026497
13.719286
10.847194
7.767677
4.371234
0.402757
-4.032680
-7.674694
-10.594640
-13.206346
-15.954290
-18.306971
-20.450013
-22.818531
-25.095088
-27.549778
-29.438223
-30.708483
-31.159946
-30.422381
-28.985398
-26.805912
-24.218900
-22.625412
-21.184002
-19.172260
-16.148090
-13.073683
-10.223900
-6.084272
-0.797851
4.388094
8.146082
11.309215
14.519351
16.942195
18.738679
20.619461
22.344589
23.787873
25.642259
27.553524
29.038361
29.179198
28.499705
27.342013
25.136982
23.238489
21.943876
20.523412
18.566506
16.270876
13.818060
10.996887
7.819448
4.416364
0.331232
-4.215240
-8.057696
-11.113882
-13.598204
-16.375269
-18.906934
-20.973001
-23.475204
-25.597470
-27.882883
-29.728242
-30.775581
-31.136104
-30.465807
-28.982673
-26.850189
-24.131366
-22.279705
-20.767450
-18.709387
-15.846831
-12.731552
-10.090045
-6.154605
-0.920636
4.370383
8.283172
11.354855
14.326062
16.917842
18.693720
20.566838
22.239174
23.645333
25.413036
27.222804
28.717348
28.997830
28.278657
27.033942
24.932112
22.954941
21.513700
20.191499
18.427713
16.189814
13.839347
11.099066
7.933208
4.759516
0.966276
-3.518207
-7.338013
-10.318245
-12.860979
-15.592575
-18.182482
-20.284993
-22.556271
-24.823121
-27.106830
-29.093538
-30.260256
-30.913183
-30.437367
-29.148715
-27.151959
-24.582829
-22.867407
-21.464143
-19.559009
-16.820601
-13.562441
-10.930981
-7.156134
-2.135379
3.155300
7.300717
10.610478
13.704811
16.411713
18.308333
20.070757
21.920545
23.243087
24.990184
26.907410
28.536320
29.093197
28.455257
27.369261
25.511639
23.521185
22.150959
20.902497
19.040959
17.025300
14.825719
12.113197
9.041173
5.784546
1.872267
-2.604212
-6.681340
-9.782825
-12.367283
-15.221664
-17.908982
-20.048278
-22.325005
-24.783271
-27.311870
-29.288871
-30.551808
-31.189919
-30.768429
-29.584851
-27.688571
-25.160824
-23.135287
-21.731002
-19.893646
-17.199176
-13.940505
-11.270898
-7.813488
-2.760036
2.539328
6.831373
10.136366
13.174159
16.059365
18.053736
19.999232
21.754844
23.154020
24.828059
26.716675
28.465816
29.148715
28.655870
27.661494
25.799274
23.629495
22.031409
20.681620
19.066845
17.070600
14.743975
12.072325
9.025846
5.796807
2.000162
-2.384015
-6.520748
-9.557179
-12.009314
-14.853477
-17.608745
-19.661188
-21.993092
-24.414233
-26.614325
-28.687205
-30.038868
-30.901091
-30.712741
-29.472964
-27.627093
-25.131021
-23.092713
-21.669183
-19.922767
-17.464161
-14.271396
-11.551380
-8.196150
-3.347227
2.118008
6.485837
9.717430
13.128860
16.048976
18.062932
19.725050
21.550315
22.854635
24.691820
26.551996
28.189591
29.064417
28.535298
27.618408
26.050806
23.893459
22.296565
21.078587
19.469942
17.417499
14.982905
12.504373
9.555306
6.353685
2.831902
-1.639298
-5.955696
-9.149824
-12.003524
-14.717238
-17.454794
-19.517626
-21.779367
-24.076019
-26.325158
-28.420346
-29.983350
-30.906200
-30.807597
-29.718706
-27.984551
-25.466681
-23.217542
-21.812235
-20.083359
-17.679930
-14.630897
-11.946474
-8.707217
-3.981761
1.294443
6.007467
9.450231
12.449537
15.369654
17.502819
19.303731
21.214485
22.692169
24.353095
26.270492
28.091669
29.192141
28.722116
27.895825
26.350362
24.153675
22.497858
21.337782
19.859246
17.914942
15.483413
12.917348
9.977988
6.790161
3.332411
-1.013109
-5.222900
-8.587667
-11.381933
-14.144863
-17.042501
-19.337620
-21.463973
-23.689440
-25.971958
-28.209516
-29.845408
-30.923401
-31.142575
-30.173404
-28.735740
-26.114668
-23.918492
-22.344249
-20.505190
-18.322638
-15.178067
-12.391806
-9.328297
-4.834448
0.491823
5.363737
9.230205
12.306486
15.284845
17.527172
19.303049
21.194560
22.585903
24.039916
26.030540
27.993066
29.234205
28.917279
28.097630
26.727404
24.520159
22.657939
21.388360
20.052876
18.098354
15.862158
13.273103
10.313307
7.100616
3.717967
-0.626019
-4.901034
-8.401360
-11.173146
-13.774633
-16.562768
-18.905061
-21.097319
-23.589134
-25.870630
-28.091839
-29.639687
-30.633381
-30.855962
-29.949972
-28.443336
-26.184150
-23.738146
-22.166116
-20.531927
-18.470798
-15.362842
-12.341397
-9.608439
-5.248615
-0.191416
4.691737
8.591073
11.694431
14.636006
17.065321
18.869809
20.829609
22.375754
23.794344
25.488308
27.450834
28.826169
28.754302
28.058972
26.849168
24.734906
22.812911
21.421058
20.007917
18.189124
15.888725
13.514076
10.737692
7.706710
4.363060
0.298364
-4.165002
-7.752691
-10.601963
-13.288430
-16.091381
-18.450533
-20.639896
-22.976398
-25.362287
-27.680567
-29.458489
-30.678170
-31.193154
-30.397177
-28.994935
-26.752268
-24.338279
-22.675991
-21.195241
-19.120829
-16.179425
-13.036217
-10.254213
-6.005764
-0.951631
4.151549
8.161579
11.364732
14.384133
16.897236
18.773590
20.680087
22.332498
23.578065
25.474174
27.342864
28.885944
28.893266
28.276443
27.102913
25.011131
23.079259
21.733727
20.495994
18.647398
16.389915
13.908148
11.168718
8.100271
4.812649
0.775201
-3.702981
-7.472379
-10.523285
-13.277871
-16.082355
-18.555267
-20.627124
-22.972141
-25.167976
-27.382714
-29.297386
-30.561686
-31.144960
-30.441114
-29.073783
-26.961395
-24.439096
-22.620303
-21.015065
-19.110612
-16.323669
-13.265780
-10.573353
-6.699903
-1.458951
3.772293
7.877180
10.997568
13.907807
16.438961
18.406596
20.307813
22.071089
23.452895
25.287356
27.243240
28.798750
29.079744
28.460707
27.403491
25.467532
23.314953
21.939789
20.678384
18.901144
16.711439
14.327254
11.622735
8.531809
5.221026
1.271452
-3.191914
-7.092782
-10.095494
-12.824535
-15.576397
-18.233742
-20.344939
-22.657769
-24.936199
-27.081796
-29.202018
-30.529669
-31.294482
-30.704907
-29.460532
-27.476038
-24.904864
-22.938762
-21.479130
-19.544533
-16.818217
-13.697318
-10.952098
-7.142339
-2.083267
3.104721
7.433891
10.714872
13.780764
16.422442
18.375260
20.188774
21.923951
23.259606
25.105136
27.079412
28.687205
29.149907
28.465135
27.442830
25.508915
23.374387
22.049972
20.807981
19.137008
16.974040
14.544044
11.878354
8.879900
5.656992
1.754250
-2.720697
-6.555659
-9.795087
-12.466737
-15.219450
-17.833880
-20.030907
-22.465502
-24.683135
-26.975189
-29.085193
-30.417783
-31.174081
-30.714784
-29.492038
-27.658088
-25.160483
-23.042985
-21.470445
-19.744635
-17.121690
-13.974905
-11.309726
-7.754905
-2.798523
2.433402
6.938321
10.289976
13.285024
16.174998
18.124069
20.045383
21.751949
23.028169
24.835723
27.025087
28.729609
29.252086
28.574467
27.695213
26.026794
23.810353
22.016423
20.920549
19.377129
17.130886
14.719793
12.164627
8.960111
5.626849
1.875843
-2.522298
-6.466423
-9.683881
-12.330157
-15.178238
-17.793860
-19.981861
-22.172247
-24.475370
-26.730129
-28.883219
-30.338764
-31.148366
-30.846255
-29.692650
-27.809995
-25.234052
-23.134777
-21.593741
-19.906078
-17.341035
-14.022078
-11.232240
-7.794585
-2.973250
2.533708
7.061107
10.367632
13.489723
16.258274
18.209049
20.098686
21.747010
23.047924
24.779865
26.679550
28.380496
29.040916
28.452022
27.512482
25.677000
23.453236
21.902493
20.820073
19.197805
17.045396
14.776162
12.189661
9.310927
5.947522
2.266169
-2.186298
-6.281478
-9.512390
-12.110301
-14.771564
-17.431974
-19.624914
-21.947622
-24.268627
-26.507378
-28.702361
-30.073098
-30.961037
-30.642237
-29.477733
-27.853761
-25.366204
-23.208005
-21.683659
-19.986800
-17.516783
-14.249597
-11.500801
-8.320979
-3.462349
1.843146
6.386382
9.846347
12.812614
15.646049
17.773594
19.701719
21.504504
22.852591
24.633067
26.589802
28.301477
29.105629
28.769970
27.976888
26.306425
23.958002
22.413560
21.164928
19.636835
17.384461
15.111310
12.570109
9.625299
6.316219
2.744198
-1.714911
-5.839382
-9.270225
-12.050697
-14.778546
-17.584562
-19.914252
-22.143466
-24.304560
-26.637997
-28.808968
-30.434472
-31.434298
-31.222957
-30.029161
-28.373855
-25.775773
-23.571934
-22.096293
-20.367248
-17.873389
-14.635495
-11.803593
-8.517504
-3.647464
1.829011
6.485496
9.964364
13.063465
15.897240
18.066679
19.888367
21.738325
23.021357
24.759769
26.605300
28.415067
29.244764
28.802497
27.879817
26.058980
23.832491
22.375584
21.056277
19.557306
17.466715
15.066522
12.441533
9.472540
6.182875
2.571515
-1.903091
-6.026881
-9.416171
-12.104171
-14.743294
-17.519167
-19.751957
-21.949836
-24.184670
-26.345594
-28.393098
-29.849325
-30.783415
-30.640364
-29.442992
-27.806759
-25.259086
-23.009436
-21.512168
-19.775629
-17.435551
-14.218943
-11.483261
-8.478335
-3.906999
1.470021
6.109987
9.558371
12.501648
15.332188
17.391954
19.066845
21.108559
22.352934
24.071080
25.911331
27.728932
28.750045
28.519460
27.751752
26.029859
23.867403
22.336415
21.146876
19.724199
17.638888
15.390600
12.905087
10.004214
6.795611
3.267186
-1.067604
-5.236013
-8.717435
-11.337485
-13.965028
-16.791821
-19.119978
-21.485942
-23.784808
-26.055404
-28.334345
-29.944863
-31.126397

