-13.538599
-9.298154
-4.558052
0.182050
5.030462
10.192565
14.845984
18.287386
21.603959
24.723496
27.280365
29.197420
30.945199
32.985040
35.150221
36.620242
37.148169
36.800078
35.641704
33.332280
30.500719
27.612448
24.606330
21.646704
18.257414
14.918021
11.324883
7.035051
2.482278
-2.147470
-6.743670
-11.043378
-15.141623
-19.321271
-23.223673
-26.867901
-29.446227
-31.219891
-32.848290
-34.916742
-36.676782
-36.847251
-36.673376
-36.153282
-34.622295
-32.733168
-29.731989
-26.566812
-23.411001
-19.854648
-16.395535
-12.647254
-8.412940
-3.889799
0.792401
5.425385
10.335275
14.981713
18.438952
21.455118
24.321420
26.656049
28.303351
29.869250
31.854595
34.019436
35.476514
35.935129
35.793100
34.632683
32.546520
29.874699
26.944024
24.132558
21.342209
18.102952
14.984267
11.880568
7.746731
3.203324
-1.179831
-5.781991
-10.036400
-14.222690
-18.301862
-22.205625
-25.869438
-28.517757
-30.422381
-32.245261
-34.368208
-36.199263
-36.719867
-36.518744
-36.057234
-34.846067
-33.135244
-30.585698
-27.446917
-24.465152
-21.027497
-17.682825
-13.993127
-9.724072
-5.278758
-0.573567
4.053967
9.129558
13.925689
17.455646
20.667655
23.863997
26.485239
28.472628
30.073098
32.214437
34.439393
36.221402
36.753757
36.773682
35.840784
33.824784
31.122310
28.148208
25.081805
22.237301
18.955299
15.624762
12.318236
8.208241
3.647293
-0.949417
-5.658013
-10.039977
-14.296600
-18.428905
-22.486278
-26.038885
-29.008899
-30.921187
-32.640866
-34.611566
-36.764145
-37.304674
-37.173544
-36.755119
-35.511766
-33.678838
-31.003611
-27.856486
-24.794340
-21.332332
-17.852613
-14.217411
-9.801388
-5.188159
-0.626360
4.134178
9.125641
13.996874
17.648935
20.840679
23.947273
26.575497
28.471095
30.006851
31.869071
34.099647
35.723278
36.351000
36.300080
35.381317
33.519779
30.747141
27.883053
24.924619
22.069897
18.807479
15.442201
12.191704
8.396081
3.980058
-0.493016
-5.059072
-9.450572
-13.586283
-17.745325
-21.717548
-25.400264
-28.280360
-30.348301
-31.985385
-34.010921
-35.990136
-36.745242
-36.566087
-36.322900
-35.163164
-33.468689
-30.835526
-27.622495
-24.595942
-21.218402
-17.936059
-14.448847
-10.366099
-6.011043
-1.388107
3.420625
8.303268
13.257095
16.970975
19.998891
23.099014
25.781052
27.635098
29.393264
31.322922
33.555882
35.413504
35.998140
36.042247
35.477025
33.586196
30.919484
28.007882
25.257042
22.460393
19.325529
15.997376
12.949535
9.161404
4.662957
0.368186
-4.258496
-8.591243
-12.659345
-16.843932
-20.890576
-24.685860
-27.795349
-29.838596
-31.561170
-33.593348
-35.800423
-36.848443
-36.854063
-36.763975
-35.602536
-33.985547
-31.735897
-28.531211
-25.714466
-22.302696
-18.894672
-15.378339
-11.192220
-6.761721
-2.211332
2.575432
7.433551
12.545075
16.603640
19.781590
23.070063
25.758232
27.738128
29.336555
31.353576
33.598457
35.646132
36.475829
36.604234
35.973617
34.353222
31.747988
28.881175
26.027134
23.208686
20.140580
16.716208
13.563803
9.924344
5.381789
0.821011
-3.864254
-8.340052
-12.706688
-17.021894
-21.001952
-24.852412
-28.091158
-30.343873
-32.140698
-33.985376
-36.063705
-37.290539
-37.173203
-36.932230
-35.936492
-34.258706
-32.030855
-28.798410
-25.650433
-22.390740
-18.855504
-15.345471
-11.127676
-6.722382
-2.222061
2.591099
7.475955
12.440341
16.418866
19.584724
22.812911
25.657075
27.820042
29.416936
31.225000
33.295665
35.339594
36.183766
36.416054
35.866329
34.321887
31.780005
28.747320
25.923252
22.970097
19.823994
16.411713
13.182163
9.688820
5.151374
0.700951
-3.727164
-8.121388
-12.253523
-16.428573
-20.580292
-24.201529
-27.300630
-29.527971
-31.158754
-32.852377
-35.087040
-36.351510
-36.439385
-36.256313
-35.302469
-33.804519
-31.667777
-28.572934
-25.416442
-22.461925
-19.328594
-15.933854
-11.955500
-7.610491
-3.112044
1.519067
6.313324
11.237689
15.492099
18.554585
21.699497
24.571078
26.710715
28.323957
30.104092
32.344716
34.363781
35.454205
35.744224
35.301277
34.015179
31.724146
29.062033
26.252440
23.546900
20.602601
17.266614
14.143331
10.718107
6.354536
1.843997
-2.593483
-7.136720
-11.377675
-15.639237
-19.744635
-23.495640
-26.978936
-29.518093
-31.258038
-33.059290
-35.325118
-36.824942
-37.020956
-36.794969
-35.962207
-34.733330
-32.849142
-29.722793
-26.596274
-23.522377
-19.993441
-16.491583
-12.569087
-8.303268
-3.864425
0.968831
5.960975
11.054618
15.507936
18.855333
22.107874
25.036846
27.273382
28.895480
30.785458
32.948256
35.222598
36.390339
36.628246
36.633526
35.379784
32.979420
29.952356
26.999882
24.095093
21.330970
17.967565
14.583554
11.224066
6.676742
2.014807
-2.406495
-6.979704
-11.209079
-15.332358
-19.504002
-23.307119
-26.926654
-29.412508
-31.128441
-32.831601
-34.836701
-36.579370
-36.812680
-36.441258
-35.942282
-34.524543
-32.631840
-29.616696
-26.520150
-23.360423
-19.902842
-16.298294
-12.563637
-8.238554
-3.744875
0.932728
5.733626
10.681323
15.242100
18.554756
21.752971
24.819033
26.999712
28.534276
30.281033
32.284771
34.368719
35.724640
36.166225
35.890341
34.797021
32.643080
29.797384
26.874542
24.029016
21.205630
17.959220
14.753512
11.652367
7.297652
2.822365
-1.665694
-6.363222
-10.659184
-14.726434
-18.886498
-22.620984
-26.285137
-29.027803
-30.847447
-32.598632
-34.698078
-36.653621
-36.986385
-36.748307
-36.262785
-34.943308
-33.218520
-30.445031
-27.239663
-24.106162
-20.728963
-17.263889
-13.567209
-9.220668
-4.850456
-0.107459
4.475287
9.645564
14.110122
17.641612
21.063771
24.094411
26.618753
28.304373
30.097621
32.059295
34.326996
35.838400
36.520277
36.378758
35.366331
33.343690
30.567816
27.696746
24.746997
21.810532
18.638372
15.422617
12.250457
8.060421
3.504583
-0.861032
-5.421979
-9.813990
-13.987167
-18.085582
-21.997179
-25.575331
-28.506858
-30.470916
-32.225847
-34.175600
-36.354235
-36.911964
-36.709990
-36.334310
-35.063199
-33.364637
-30.654669
-27.537516
-24.614845
-21.312407
-17.903021
-14.180626
-9.907995
-5.513430
-0.883511
3.862551
8.733613
13.543708
17.125096
20.295892
23.388692
26.043653
27.956111
29.601540
31.690087
33.826147
35.459144
36.222254
36.265169
35.421678
33.625364
31.027453
28.223310
25.417464
22.600549
19.295727
16.106708
12.943915
8.938313
4.384007
0.030313
-4.544769
-9.043046
-13.348034
-17.644508
-21.624735
-25.431940
-28.489658
-30.541931
-32.192639
-34.204721
-36.294290
-37.277085
-37.088564
-36.827666
-35.815409
-34.117869
-31.507526
-28.357335
-25.209870
-21.986621
-18.484252
-14.809540
-10.683026
-6.283692
-1.608133
3.250837
8.297307
13.159513
17.055103
20.174469
23.432800
26.148728
28.188910
29.867547
31.973294
33.993891
35.907030
36.626543
36.702837
35.926444
34.093687
31.505653
28.499705
25.670358
22.567340
19.458703
16.028030
12.891122
8.907318
4.413468
-0.009877
-4.670279
-9.030444
-13.224227
-17.336266
-21.318708
-25.051151
-28.200490
-30.240842
-31.838417
-33.716304
-35.873311
-36.896467
-36.704881
-36.515338
-35.632678
-33.969879
-31.578200
-28.331109
-25.306259
-22.005183
-18.493789
-15.006236
-11.004380
-6.659542
-2.026899
2.746071
7.618836
12.514762
16.461611
19.740888
22.866726
25.555577
27.439935
29.050112
30.993734
33.250536
35.201652
36.149025
36.310979
35.628080
33.922195
31.516211
28.643949
25.860582
23.008585
20.024266
16.768490
13.589689
9.826422
5.371060
0.905309
-3.592627
-8.189167
-12.401683
-16.545568
-20.589658
-24.391242
-27.689593
-29.970748
-31.691449
-33.600160
-35.896642
-37.176779
-37.086180
-36.885738
-36.075796
-34.464598
-32.325302
-29.166937
-26.056256
-22.883586
-19.220795
-15.835081
-11.869839
-7.534879
-2.852508
1.867839
6.795611
11.882101
16.146558
19.369807
22.638696
25.538206
27.501753
29.219219
31.126056
33.306905
35.307918
36.401067
36.644936
36.179338
34.634215
32.150234
29.187373
26.288714
23.365872
20.412377
17.225742
14.027357
10.414124
5.895581
1.361711
-3.291368
-7.907493
-12.046099
-16.228471
-20.264387
-24.079766
-27.461563
-29.779843
-31.433276
-33.219712
-35.586357
-36.999498
-36.856106
-36.778280
-35.931042
-34.395627
-32.237087
-29.211215
-26.285478
-23.050138
-19.562755
-16.088315
-12.038095
-7.633993
-3.000838
1.728875
6.468977
11.403901
15.778371
19.150972
22.304569
25.235074
27.331454
29.002769
30.790567
32.867534
34.930876
36.101341
36.390509
35.914694
34.659079
32.226699
29.406718
26.388850
23.382391
20.411696
17.306975
14.149461
10.591745
6.110157
1.729386
-2.651215
-7.342441
-11.973211
-16.029562
-19.979307
-23.896183
-27.244772
-29.498850
-31.346764
-33.240659
-35.432407
-36.923715
-36.840439
-36.676782
-35.813366
-34.408910
-32.278810
-29.238122
-26.043143
-22.888013
-19.419704
-16.026327
-12.189831
-7.800886
-3.243174
1.428127
6.286928
11.288439
15.618290
18.893140
21.932636
24.835893
27.112450
28.813396
30.698436
32.783236
34.950120
36.211014
36.426612
36.048719
34.625530
32.252754
29.523713
26.498522
23.536342
20.651988
17.286539
14.062609
10.585615
6.146431
1.685960
-2.782685
-7.333585
-11.554105
-15.605518
-19.656590
-23.533106
-26.909113
-29.378789
-30.951670
-32.861744
-34.983499
-36.635058
-36.785262
-36.669970
-35.956417
-34.503766
-32.464436
-29.455594
-26.374885
-23.243257
-19.715854
-16.417163
-12.493474
-8.228166
-3.617150
1.127890
5.829164
10.861329
15.364374
18.752813
21.927186
24.909292
27.172225
28.918811
30.592850
32.712221
35.002742
36.262274
36.679166
36.276238
34.971407
32.686165
29.843364
26.923929
23.990870
21.160330
17.853294
14.532804
11.099407
6.798335
2.291032
-2.233812
-7.106747
-11.425189
-15.611989
-19.687584
-23.703745
-27.150427
-29.712405
-31.422547
-33.283063
-35.392557
-37.062509
-37.201302
-37.129947
-36.538499
-35.069500
-33.163003
-30.310324
-27.100870
-23.743595
-20.245654
-16.758953
-12.939317
-8.629560
-3.988232
0.870909
5.613395
10.701588
15.218939
18.616915
21.850041
24.920191
27.242388
29.002428
30.804191
32.935824
35.152095
36.470890
36.796331
36.496946
35.188879
32.974652
30.091320
27.142763
24.139030
21.267278
17.824003
14.597348
11.181491
6.838185
2.255440
-2.350807
-6.902729
-11.037077
-15.284675
-19.288574
-23.142951
-26.655878
-29.283081
-30.974320
-32.747132
-34.907886
-36.769254
-36.943470
-36.815916
-36.273173
-34.845216
-32.973630
-30.144964
-27.001074
-23.847648
-20.404203
-16.954286
-13.194084
-8.922815
-4.420110
0.359671
5.085809
10.100773
14.642477
18.018484
21.223681
24.174792
26.538883
28.287343
30.035291
32.012292
34.316948
35.744565
36.224808
35.973958
34.812178
32.676799
29.806920
27.207988
24.253981
21.534818
18.236126
14.988184
11.734281
7.586990
3.189359
-1.435110
-6.069626
-10.302748
-14.530250
-18.664258
-22.720950
-26.323966
-29.041256
-30.889852
-32.679183
-34.815925
-36.679506
-36.997795
-37.031855
-36.481619
-35.102027
-33.310822
-30.482497
-27.368069
-24.154867
-20.618098
-17.174312
-13.405085
-9.212153

