-26.707309
-27.867045
-28.403997
-28.735570
-28.790065
-27.795860
-26.131357
-24.165767
-21.966525
-20.177875
-17.584733
-14.536040
-11.483771
-8.355039
-5.143540
-1.764127
1.332930
4.219328
7.791008
11.063133
13.700894
15.905925
17.770018
19.983053
21.801335
23.119620
24.362803
25.841168
27.283430
27.771507
27.450493
26.750224
25.370972
23.661341
21.806785
19.436904
16.931466
14.237165
11.313813
8.016654
4.507644
1.005956
-3.418412
-7.506098
-10.456017
-13.492107
-16.221489
-19.086770
-21.495989
-23.204599
-25.059836
-26.594060
-27.628456
-28.210367
-28.430734
-28.636966
-27.779852
-26.101215
-24.074997
-21.883420
-20.099878
-17.549992
-14.586619
-11.507443
-8.284535
-5.124467
-1.804147
1.064369
4.072871
7.495369
10.927064
13.659171
15.757935
17.688785
19.744294
21.488156
22.846290
24.303028
25.770494
27.255160
27.953046
27.639355
26.947260
25.392600
23.661511
21.913392
19.579785
17.253671
14.645542
11.726448
8.420263
5.114419
1.511574
-2.724954
-6.830352
-10.011366
-12.902362
-15.845980
-18.608400
-21.169015
-22.930077
-24.998869
-26.671716
-27.810335
-28.583152
-28.814248
-29.045514
-28.195892
-26.620626
-24.780546
-22.645848
-20.787375
-18.330642
-15.211105
-12.149640
-8.789131
-5.569458
-2.085141
0.817095
3.848246
7.273640
10.820798
13.597863
15.817029
17.699514
19.903013
21.781240
23.053033
24.381706
25.796890
27.244091
27.974503
27.707645
27.122157
25.650093
23.904358
22.075006
19.878830
17.260313
14.713832
11.856556
8.776358
5.250999
1.772302
-2.519233
-6.727661
-10.002681
-12.846163
-15.722513
-18.519674
-21.051509
-22.800309
-24.627788
-26.367392
-27.313914
-28.021676
-28.463943
-28.617041
-27.897358
-26.269300
-24.403163
-22.190128
-20.399605
-18.150806
-15.174661
-12.304272
-9.171111
-5.880594
-2.650874
0.393731
3.216437
6.532669
10.024139
12.784175
15.031270
16.920396
19.097498
21.028178
22.408962
23.705448
25.271348
26.766743
27.624709
27.504138
26.953561
25.727579
24.035318
22.326197
20.198992
17.789943
15.157631
12.397936
9.233100
6.002188
2.574921
-1.494033
-5.814689
-9.148291
-12.070622
-14.954294
-17.771210
-20.391941
-22.225039
-24.167299
-26.014021
-27.286666
-28.199468
-28.668472
-28.897864
-28.452362
-26.886463
-25.093555
-22.959879
-21.103450
-18.887009
-15.985795
-12.868473
-9.668044
-6.449393
-3.039496
-0.062159
2.897978
6.489583
9.977136
12.866940
15.108585
17.173971
19.243445
21.257741
22.679908
24.043151
25.418316
26.896000
27.983870
27.741364
27.276107
26.105131
24.290085
22.493771
20.352943
17.894336
15.279055
12.527023
9.342773
5.880935
2.364772
-1.758167
-6.216254
-9.509495
-12.417521
-15.413931
-18.118279
-20.925999
-22.712435
-24.542468
-26.333843
-27.420350
-28.186696
-28.605972
-28.752429
-28.386797
-26.822090
-24.908611
-22.663900
-20.641429
-18.598182
-15.750613
-12.820959
-9.581532
-6.385020
-3.005947
0.034060
2.815383
6.036077
9.634154
12.567043
14.881066
16.850914
18.883944
20.950181
22.319385
23.647376
25.097643
26.516063
27.575833
27.534791
27.094398
25.892428
24.099691
22.416455
20.303386
17.884118
15.349388
12.575558
9.643861
6.364584
2.945321
-0.929662
-5.261217
-8.657490
-11.519705
-14.483588
-17.207861
-19.905908
-21.935701
-23.793323
-25.704418
-26.922907
-27.916431
-28.459345
-28.698785
-28.446572
-27.125052
-25.538036
-23.461921
-21.435533
-19.479309
-16.617945
-13.642481
-10.461296
-7.318599
-3.902742
-0.808750
2.137593
5.371230
9.013755
12.066024
14.379706
16.500439
18.451554
20.535844
22.067853
23.404019
24.927173
26.350703
27.583497
27.821915
27.452537
26.510443
24.788720
22.923946
21.072626
18.832513
16.288076
13.706514
10.755914
7.317747
3.896952
-0.086001
-4.585811
-8.229698
-11.325223
-14.295067
-17.010655
-19.674982
-21.915436
-23.924623
-25.824819
-27.143615
-28.058461
-28.579235
-28.886114
-28.680052
-27.413028
-25.588615
-23.547070
-21.464143
-19.586767
-16.855172
-13.934885
-10.725600
-7.450410
-4.146099
-0.940391
1.900026
5.002703
8.620364
11.759315
14.274972
16.290801
18.305268
20.399775
22.014039
23.339817
24.769306
26.203905
27.468715
27.764184
27.381182
26.470934
24.747167
23.057972
21.249056
18.798964
16.141960
13.466733
10.522263
7.154260
3.850630
0.099455
-4.119022
-7.745198
-10.923828
-13.970307
-16.681637
-19.427027
-21.702903
-23.330961
-25.189604
-26.581969
-27.700322
-28.432267
-28.730120
-28.611422
-27.504138
-25.815283
-23.692846
-21.541459
-19.768817
-17.198495
-14.368466
-11.154584
-7.949046
-4.615443
-1.374313
1.441922
4.919767
8.533852
11.725596
14.001131
16.035523
17.885140
20.271029
21.970953
23.195573
24.668149
25.983027
27.347292
27.890716
27.470759
26.664223
25.090490
23.364340
21.568196
19.123554
16.639062
14.016288
11.111157
7.874625
4.370553
0.642027
-3.556183
-7.638080
-10.666847
-13.642311
-16.376461
-19.271374
-21.621500
-23.386989
-25.223494
-26.743753
-27.711391
-28.283426
-28.571231
-28.565781
-27.638163
-26.016406
-24.125917
-21.837779
-19.912720
-17.504522
-14.632940
-11.380741
-8.217267
-5.081041
-1.832417
1.082761
4.054478
7.689510
11.084591
13.743298
15.829120
17.737320
19.867590
21.633080
23.002795
24.550642
25.905541
27.397360
28.054033
27.709859
26.925121
25.387321
23.596627
21.895000
19.564799
17.090525
14.528547
11.667524
8.396932
4.839386
1.269068
-2.987896
-7.092782
-10.248252
-13.230528
-16.046081
-18.751792
-21.163225
-23.055928
-24.994441
-26.675633
-27.733190
-28.460877
-28.703724
-28.930392
-27.970587
-26.627609
-24.761813
-22.391932
-20.582165
-18.157618
-15.186242
-11.889083
-8.674690
-5.422149
-2.168076
0.921658
3.814357
7.276705
10.772603
13.553926
15.790973
17.630543
19.663402
21.554232
22.915261
24.288722
25.545018
27.015720
27.970757
27.734382
27.084180
25.661503
23.876088
22.014380
19.793170
17.185552
14.615570
11.896236
8.860316
5.362545
1.933404
-2.324751
-6.616116
-9.902716
-12.874263
-15.680790
-18.379859
-20.899943
-22.696427
-24.543149
-26.173592
-27.298416
-28.141056
-28.480973
-28.574807
-27.905362
-26.328564
-24.473837
-22.186892
-20.427704
-18.222673
-15.317883
-12.336969
-9.043728
-5.910737
-2.612386
0.507832
3.404106
6.642001
10.106053
12.869324
15.136514
17.100402
19.235781
21.068028
22.580113
23.977927
25.277819
26.683637
27.692829
27.576515
27.026790
25.692497
23.969242
22.332839
20.110948
17.604487
15.007257
12.331690
9.210961
5.821330
2.382142
-1.592125
-5.830526
-9.258645
-12.211118
-15.082189
-17.947640
-20.501614
-22.523233
-24.381365
-26.122332
-27.451004
-28.440612
-28.847967
-29.061011
-28.530359
-27.105808
-25.254658
-23.033108
-21.023239
-18.885647
-16.005039
-12.981892
-9.666341
-6.628718
-3.231764
-0.089407
2.906663
6.270238
9.853159
12.811593
15.058007
17.039606
18.923453
21.025794
22.472654
23.916279
25.173255
26.664053
27.747835
27.601889
27.157579
25.978259
24.372510
22.713287
20.636831
18.109424
15.572991
12.874092
9.746211
6.231070
2.763782
-1.176085
-5.599942
-9.181159
-12.086800
-15.018157
-17.804759
-20.519665
-22.442852
-24.207660
-25.987285
-27.245624
-28.131178
-28.471776
-28.702361
-28.340135
-27.036667
-25.266239
-22.925820
-20.932300
-18.922772
-16.137702
-13.163601
-9.908336
-6.776878
-3.499985
-0.308411
2.525193
5.709444
9.311438
12.446301
14.785698
16.804593
18.715688
20.782607
22.320066
23.659979
25.045531
26.602915
27.852569
28.001240
27.359043
26.237113
24.488483
22.740705
20.738500
18.307311
15.775306
13.136693
10.061094
6.604195
3.189700
-0.645093
-4.988398
-8.619343
-11.528049
-14.558349
-17.344611
-20.091704
-22.229808
-23.846286
-25.862966
-27.199643
-28.233528
-28.635604
-28.917619
-28.682266
-27.414901
-25.652817
-23.503474
-21.394321
-19.398076
-16.693558
-13.604164
-10.370016
-7.197516
-3.975460
-0.731264
2.203839
5.462340
9.030615
12.178932
14.535189
16.496181
18.378666
20.548105
22.174461
23.481335
24.939775
26.383059
27.746814
27.931077
27.448620
26.524067
24.782079
23.072788
21.091189
18.642460
16.125611
13.568061
10.610819
7.116795
3.616810
-0.113419
-4.663638
-8.412089
-11.329651
-14.201062
-17.030750
-19.893135
-21.984577
-23.810863
-25.804894
-27.119943
-28.068168
-28.504133
-28.715815
-28.612103
-27.492046
-25.667463
-23.474523
-21.525962
-19.595453
-16.953945
-13.958897
-10.720662
-7.567406
-4.297835
-1.058919
1.822369
4.903078
8.629731
11.799165
14.353139
16.310556
18.179757
20.322970
22.152322
23.493256
24.836745
26.200499
27.719396
28.226376
27.713776
26.441813
24.902480
23.298774
21.274260
18.888712
16.456161
13.665301
10.589021
7.150684
3.723076
0.087534
-4.415682
-8.156810
-11.216572
-14.144182
-16.969613
-19.614526
-21.797078
-23.565633
-25.520325
-27.005162
-27.978420
-28.584514
-28.869765
-28.742722
-27.622155
-25.851045
-23.698126
-21.678039
-19.759962
-16.984940
-13.906275
-10.620185
-7.482597
-4.135881
-0.813007
2.023663
5.142689
8.663791
11.849914
14.412573
16.337463
18.252986
20.401308
22.013869
23.298774
24.615015
25.941474
27.335712
27.692488
27.241537
26.372160
24.839810
23.054566
21.101236
18.748045
16.242266
13.787236
10.788441
7.491793
4.053286
0.358990
-4.116126
-7.969652
-10.989904
-13.931990
-16.677380
-19.452572
-21.666629
-23.359060
-25.321756
-26.729107
-27.813401
-28.323616
-28.588091
-28.690611
-27.596099
-25.850364
-23.716688
-21.629333
-19.798790
-17.199346
-14.213834
-11.207717
-7.993664
-4.612378
-1.379933
1.577990
4.530464
8.071320
11.410543
14.028379
16.104153
18.013545
20.294700
22.043841
23.288727
24.665424
26.216677
27.709178
28.208664
27.678183
26.903663
25.274413
23.599182
21.536010
19.183159
16.703606
14.071975
11.039461
7.757119
4.284722
0.705889
-3.782170
-7.736002
-10.805300
-13.838155
-16.876459
-19.652162
-21.826540
-23.653848
-25.558472
-27.168308
-28.277295
-28.826509
-29.040405
-29.120616
-28.075491
-26.416949
-24.415595
-22.193875
-20.270348
-17.663240
-14.633792
-11.438813
-8.160216
-4.865612
-1.538651
1.438856
4.540852
8.119515
11.536394
14.132091
16.230345
18.046583
20.260300
21.899939
23.233720
24.587427
26.054382
27.466672
27.809654
27.424608
26.771682
25.069884
23.382562
21.515914
19.071954
16.521897
13.981887
11.095149
7.809741
4.333598
0.781843
-3.646782
-7.658856
-10.680301
-13.660192
-16.514574
-19.262007
-21.502801
-23.181949
-25.004830
-26.537350
-27.575663
-28.205088
-28.334515
-28.401954
-27.368239
-25.707483
-23.751599
-21.584885
-19.815990
-17.312595
-14.372894
-11.346000
-8.191551
-4.908868
-1.662799
1.232283
4.083429
7.547821
10.790314
13.303416
15.631063
17.421756
19.641433
21.328415
22.632905
24.066993
25.610243
27.120454
27.640377
27.394465
26.737792
25.197949
23.509605
21.555083
19.262007
16.786882
14.310905
11.454821
8.304630
4.977158
1.516172
-2.962691
-6.909711
-9.973049
-13.005733
-15.936409
-18.815994
-21.102939
-22.854294
-24.834020
-26.484047
-27.818850

