-8.909873
-4.162448
0.492505
4.228013
6.945814
9.250300
11.484964
13.976267
17.191853
19.936391
22.419861
24.573633
26.596444
28.049265
28.339114
27.527639
25.648049
23.471117
21.943535
20.489352
19.322293
18.179246
16.532966
14.580999
11.852809
9.005410
5.975962
2.230576
-1.788991
-5.178622
-7.561956
-9.846006
-12.633630
-15.237331
-17.626456
-20.099878
-22.169181
-24.510111
-26.415416
-27.631010
-27.995961
-26.621648
-25.250912
-23.731504
-21.923951
-21.310874
-20.887511
-20.005022
-17.825195
-14.653887
-11.830841
-8.338009
-3.503902
1.130445
4.929985
7.555144
9.616613
11.741093
14.118467
17.036710
19.661529
21.983385
23.921728
25.816475
27.367387
27.644805
26.773385
24.751425
22.652149
21.016768
19.698654
18.575532
17.510653
16.135488
14.288425
11.665140
8.990765
6.395408
2.787113
-1.177617
-4.367999
-6.775856
-8.948871
-11.842932
-14.412233
-16.762699
-19.323996
-21.319219
-23.662022
-25.788035
-27.136803
-27.567319
-26.521002
-25.115694
-23.681777
-22.094761
-21.432298
-21.319389
-20.463467
-18.514565
-15.400308
-12.795244
-9.501491
-4.752704
-0.135217
3.819636
6.628547
8.925200
11.090040
13.363872
16.374929
19.216367
21.686384
23.915938
25.878463
27.714457
28.241192
27.705261
25.756189
23.673432
22.047758
20.650114
19.472837
18.368959
16.855342
15.084743
12.483256
9.595667
6.768193
3.167731
-0.910929
-4.394565
-6.934064
-9.072508
-11.947325
-14.588322
-17.079626
-19.520862
-21.810361
-24.084704
-26.176487
-27.363811
-28.096608
-27.024576
-25.667804
-24.292810
-22.630862
-21.760634
-21.477767
-20.739521
-18.829618
-15.714509
-12.864045
-9.699379
-4.842792
-0.013113
3.858124
6.885699
9.149824
11.355536
13.599055
16.553232
19.317184
21.732875
23.854119
25.741713
27.466161
28.150763
27.567489
25.795528
23.565803
21.789755
20.393474
19.119637
18.124921
16.721998
15.005044
12.529578
9.657826
6.878035
3.581728
-0.410761
-3.974097
-6.568432
-8.744342
-11.471510
-14.193910
-16.617264
-19.155911
-21.284137
-23.672070
-25.827374
-27.197940
-27.776446
-26.887144
-25.351899
-24.019139
-22.345441
-21.448476
-21.198988
-20.511491
-18.747364
-15.699353
-12.915305
-9.913274
-5.427599
-0.732286
3.244536
6.350449
8.535045
10.737862
12.935059
15.759127
18.666642
21.131720
23.187399
25.215149
27.007375
27.742216
27.336904
25.543145
23.417132
21.915947
20.447118
19.189801
18.115044
16.917161
15.242270
12.854508
10.056155
7.445472
4.151549
0.132152
-3.338201
-6.131956
-8.213179
-10.790655
-13.588667
-16.003507
-18.490894
-20.705972
-22.915942
-25.165592
-26.660476
-27.567659
-27.020999
-25.643110
-24.471113
-22.650957
-21.620648
-21.525962
-20.935365
-19.576550
-16.569580
-13.707706
-10.803427
-6.316730
-1.494544
2.594846
5.868333
8.090734
10.370527
12.651512
15.490055
18.570083
20.983049
23.134436
25.048937
27.084691
27.990171
27.819702
26.228428
23.993083
22.204774
20.859071
19.576550
18.582514
17.379863
15.760320
13.461283
10.565008
7.878031
4.722221
0.632490
-3.131287
-5.987031
-8.067574
-10.795934
-13.711793
-16.094106
-18.662555
-21.023750
-23.300477
-25.695051
-27.146680
-27.976036
-27.566467
-26.018449
-24.694034
-22.966351
-21.718570
-21.483047
-20.875931
-19.339664
-16.550337
-13.548817
-10.727133
-6.346362
-1.521962
2.620731
6.045614
8.480719
10.645390
12.702942
15.377317
18.430267
20.926510
23.174456
25.070735
27.024746
27.982507
27.913707
26.415757
24.281570
22.396871
20.911694
19.499234
18.264055
17.113856
15.429599
13.181141
10.357414
7.620709
4.625320
0.547511
-3.227166
-6.053448
-8.137907
-10.584933
-13.440336
-16.018493
-18.365043
-20.500592
-22.649935
-24.889537
-26.365519
-27.387823
-27.077028
-25.689602
-24.382217
-22.674118
-21.483558
-21.177701
-20.685196
-19.296067
-16.832692
-14.030593
-11.254038
-7.155623
-2.267361
1.946517
5.309071
7.730893
9.854180
12.079818
14.594964
17.642975
20.156758
22.326027
24.204935
26.131868
27.408430
27.404342
26.192495
24.111271
22.207328
20.868608
19.571611
18.580471
17.365217
15.892982
13.824190
11.074373
8.462667
5.616801
1.733133
-2.102682
-5.079338
-7.314682
-9.805816
-12.746198
-15.204293
-17.552205
-19.991398
-22.276981
-24.703571
-26.509421
-27.728762
-27.730806
-26.405369
-24.960211
-23.214817
-21.998371
-21.741390
-21.312237
-20.193713
-17.820597
-14.646224
-11.858259
-7.919243
-3.087010
1.198394
4.859141
7.518530
9.669406
11.807169
14.389242
17.566851
20.218747
22.485086
24.410997
26.500055
27.876411
28.121301
26.988472
24.879830
23.283788
21.872180
20.458869
19.090857
17.843587
16.153199
14.282465
11.540140
8.656979
5.873101
1.897982
-2.099446
-5.146095
-7.446664
-9.784358
-12.666498
-15.289102
-17.633268
-20.154033
-22.199665
-24.481501
-26.304552
-27.377265
-27.699130
-26.464803
-24.946587
-23.524080
-21.932466
-21.388531
-20.963805
-20.012856
-17.703090
-14.623233
-11.802912
-8.240598
-3.317084
1.202651
4.930667
7.675035
9.770053
11.874097
14.176028
17.246689
20.014899
22.172758
24.059330
26.136296
27.614321
27.799777
26.822431
24.792467
22.630692
21.155391
19.828251
18.670559
17.594780
16.154221
14.279400
11.631250
8.906637
6.270238
2.433913
-1.440559
-4.615273
-7.041182
-9.257623
-12.051037
-14.696292
-17.023768
-19.618102
-21.789925
-24.110419
-26.069880
-27.235917
-27.736936
-26.510613
-25.089809
-23.703575
-22.149427
-21.601745
-21.336930
-20.373889
-18.200874
-15.151330
-12.377841
-9.081704
-4.261562
0.231266
4.145588
6.867647
9.241615
11.161225
13.488701
16.693388
19.421237
21.790436
23.743084
25.884424
27.540241
28.079408
27.301822
25.562218
23.364680
21.744796
20.381723
19.193717
18.187421
16.690493
14.764581
12.240921
9.435245
6.700073
2.974612
-1.067775
-4.310608
-6.745713
-8.956705
-11.753525
-14.382601
-16.815151
-19.271885
-21.524940
-23.837600
-25.862115
-26.988983
-27.715308
-26.640381
-25.220939
-23.928029
-22.314106
-21.618775
-21.342209
-20.578248
-18.725055
-15.687772
-12.843439
-9.602649
-4.910060
-0.322206
3.583431
6.580353
8.795261
10.983263
13.225419
16.201905
18.970115
21.333184
23.383413
25.278330
27.192150
27.805907
27.282919
25.713955
23.611614
21.868944
20.529372
19.277334
18.239192
16.978979
15.300512
12.750115
10.082551
7.409198
3.858634
-0.245571
-3.664494
-6.242650
-8.425031
-11.222703
-13.990913
-16.328096
-18.950871
-21.231345
-23.612125
-25.796550
-27.217354
-27.968032
-27.263165
-25.681598
-24.318525
-22.737128
-21.827391
-21.527324
-20.918846
-19.124746
-16.240052
-13.317892
-10.176046
-5.724600
-1.076290
3.008672
6.189006
8.555480
10.677406
12.969800
15.900646
18.971477
21.433319
23.569380
25.503125
27.480977
28.064762
27.764865
26.157924
24.074316
22.305931
20.857368
19.560882
18.358912
17.022405
15.100241
12.792689
9.985481
7.383653
3.920112
-0.147649
-3.770420
-6.578139
-8.682864
-11.305639
-13.951915
-16.227620
-18.693038
-20.979643
-23.142099
-25.380509
-26.823282
-27.752944
-27.154003
-25.541782
-24.284976
-22.679738
-21.586078
-21.355152
-20.788397
-19.314630
-16.455480
-13.422966
-10.468960
-6.141322
-1.303979
2.904790
6.145750
8.437123
10.437965
12.576750
15.468768
18.504347
20.928723
23.038898
24.914742
26.884930
27.816807
27.490684
26.030370
23.868935
21.990878
20.567860
19.453934
18.385308
17.192364
15.505552
13.266972
10.532822
7.865259
4.694462
0.784397
-2.886568
-5.607605
-7.891996
-10.514430
-13.374260
-15.788419
-18.311739
-20.655053
-22.843736
-25.167806
-26.773214
-27.820553
-27.483872
-25.945391
-24.625744
-23.078748
-21.842718
-21.639551
-21.154710
-19.743102
-17.066853
-13.847181
-11.131253
-6.943430
-2.104555
2.243519
5.591256
8.014441
10.128532
12.313638
14.997550
18.158981
20.752975
22.880520
24.974006
27.039392
28.109721
27.937889
26.620797
24.498531
22.612810
21.180596
19.857032
18.675327
17.407451
15.702759
13.544730
10.818073
8.043902
4.974263
0.978368
-2.747774
-5.655629
-7.861853
-10.257619
-13.147252
-15.590021
-18.116576
-20.539931
-22.710221
-24.956635
-26.501587
-27.689082
-27.561188
-25.996992
-24.868590
-23.255178
-21.932977
-21.561725
-21.143130
-19.965512
-17.249244
-14.192717
-11.475257
-7.366623
-2.466100
1.944304
5.479370
7.938828
10.035889
12.340886
15.072312
18.035003
20.565135
22.713797
24.650608
26.688405
27.880669
27.883223
26.705946
24.559668
22.489343
21.122183
19.723007
18.672432
17.422608
15.770367
13.703108
11.183023
8.429970
5.329847
1.244375
-2.447367
-5.216428
-7.474763
-10.227135
-12.929440
-15.281098
-17.898764
-20.351069
-22.421394
-24.942671
-26.692493
-27.774913
-27.701514
-26.118244
-24.861438
-23.237126
-21.957670
-21.542481
-21.148239
-19.795213
-17.228637
-14.114210
-11.425018
-7.603850
-2.730915
1.586505
5.103520
7.683379
9.812798
11.975254
14.605522
17.552887
20.149095
22.475379
24.480820
26.582990
27.799266
27.945723
26.896170
24.723325
22.780725
21.246842
19.866398
18.869638
17.552035
15.934365
13.907807
11.172124
8.432865
5.482776
1.501015
-2.384867
-5.423001
-7.693597
-10.063648
-12.815680
-15.294722
-17.781769
-20.126786
-22.282771
-24.460554
-26.357515
-27.441127
-27.531556
-26.158605
-24.873699
-23.294858
-21.869455
-21.451541
-21.111114
-20.052024
-17.636674
-14.458895
-11.797973
-7.911580
-3.060443
1.433747
5.067927
7.520573
9.610823
11.796270
14.372213
17.460755
20.154885
22.450175
24.499893
26.384592
27.756861
28.029851
26.896170
24.894646
22.782428
21.290949
19.977093
18.916982
17.730509
16.172273
14.281954
11.542525
8.719819
5.802768
2.058063
-1.790694
-4.860844
-7.344484
-9.721177
-12.616089
-15.111480
-17.757586
-20.205293
-22.371837
-24.715492
-26.649066
-27.736085
-27.889865
-26.425123
-25.206293
-23.703235
-22.179059
-21.768638
-21.542822
-20.451035
-17.858744
-14.754704
-11.992795
-8.361510
-3.528084
1.043081
4.846198
7.454327
9.678091
11.860132
14.363868
17.461947
20.174980
22.470270
24.470091
26.511805
27.973652
28.218882
27.201005
25.121825
23.083346
21.513360
20.196949
18.999406
17.818213
16.195093
14.254025
11.440005
8.696999
5.810601
1.993690
-1.974787
-5.218642
-7.514272
-9.670768
-12.638399
-15.088149
-17.498732
-19.951548
-22.125755
-24.351733
-26.231664
-27.350868
-27.678183
-26.309490
-24.989332
-23.507561
-21.977595
-21.528687
-21.312066
-20.299469
-17.938954
-14.780249
-12.019532
-8.419241
-3.625325
0.873804
4.653420
7.275684
9.433542
11.573689
13.994489
17.088141
19.696610
22.025960
24.015733
26.004314
27.426822
27.812890
26.932614
24.953229
22.853783
21.301508
19.940478
18.692357
17.848185
16.282627
14.522076
11.822837
9.024484
6.287609
2.640826
-1.221214
-4.540512
-6.907157
-9.148802
-12.095996
-14.696632
-17.267806
-19.796406
-22.006375
-24.361270
-26.338611
-27.512823
-27.876411
-26.532071
-25.337594
-23.800986
-22.185530
-21.700518
-21.442175
-20.547594
-18.193722
-14.982394
-12.245178
-8.709431
-4.016161

