5.002703
-5.084276
-10.902200
-13.821125
-17.100062
-14.187779
-9.347882
-7.713693
-3.903764
3.221886
7.616963
13.792174
19.645691
17.114878
12.617792
7.672480
-1.751525
-10.036230
-13.232401
-16.582012
-15.881232
-10.696309
-8.084263
-5.742482
0.980922
6.326267
10.995013
18.184355
18.428394
13.860294
9.913615
2.051081
-7.764782
-12.278216
-15.645538
-17.462458
-12.846674
-8.540835
-6.836142
-1.450607
5.188159
9.282827
16.204119
19.459384
15.561240
11.738198
5.801235
-4.332576
-10.713169
-13.803925
-17.192364
-14.768158
-9.677410
-7.699558
-3.978695
3.126008
7.627862
13.537407
19.486972
17.246349
12.884651
8.292198
-0.931706
-9.334769
-12.829644
-16.372204
-16.342061
-11.163269
-8.326428
-6.203141
0.416040
6.113734
10.654415
17.829623
18.593584
14.038937
10.106564
2.551419
-7.167714
-11.815684
-15.071120
-17.204114
-12.932335
-8.831535
-7.393871
-2.156496
4.735674
8.908340
15.947819
19.891603
15.932492
11.733770
5.968128
-4.234995
-11.070796
-13.981036
-17.187425
-14.822313
-9.769372
-7.655280
-4.257134
2.769061
7.425887
13.154915
19.326210
17.564467
13.187613
8.748259
-0.338043
-9.145907
-12.661900
-16.367095
-16.560384
-11.405775
-8.463178
-6.472043
0.050408
5.972726
10.356562
17.591885
18.911702
14.425005
10.718278
3.437826
-6.520918
-11.477811
-14.784166
-17.180954
-13.249091
-8.872237
-7.277216
-2.362728
4.471881
8.550371
15.348366
19.525800
15.824182
11.794908
6.434407
-3.373963
-10.408163
-13.397932
-16.815662
-14.943055
-9.701933
-7.722378
-4.541363
2.643040
7.282836
12.663433
19.263029
17.867259
13.202940
8.911065
-0.028781
-9.075914
-12.785367
-16.472340
-17.075539
-11.897428
-8.456026
-6.487880
-0.191416
5.876677
10.112183
17.243964
18.764053
14.375108
10.760512
3.769909
-6.309066
-11.500631
-14.746870
-17.481021
-13.843775
-9.365933
-7.776533
-3.126178
4.079172
8.254903
14.945950
19.923789
16.578095
12.235131
6.937470
-2.832413
-10.296617
-13.189997
-16.533647
-14.978818
-9.761708
-7.760184
-5.198717
1.860176
6.823029
12.032986
19.016777
18.185547
13.527870
9.368317
0.661441
-8.630753
-12.444087
-15.937090
-16.966377
-12.072665
-8.597715
-6.865774
-0.739438
5.490950
9.819269
17.095975
19.302368
14.855351
10.926723
4.216603
-6.080525
-11.663267
-14.601435
-17.379352
-13.958897
-9.148461
-7.556507
-3.329005
3.821169
7.932867
14.370510
19.789764
17.032283
12.881415
7.712500
-2.173696
-10.160378
-13.491426
-17.184360
-15.999419
-10.444777
-7.789135
-5.205359
1.624482
6.713186
11.411224
18.239532
17.987660
13.486488
9.763922
1.658201
-7.642508
-11.949199
-15.561921
-17.080648
-12.666839
-8.953469
-7.141147
-1.387426
5.203145
9.452956
16.580990
19.334044
14.870848
10.837827
4.582575
-5.316053
-11.043549
-13.746534
-16.564131
-13.621535
-9.114572
-7.652725
-3.774677
3.359658
7.876669
14.218092
19.966534
17.412390
12.887035
7.752691
-2.028261
-10.218791
-13.505220
-17.053740
-15.997546
-10.402884
-7.569109
-5.276373
1.106773
6.155116
10.927745
17.933675
18.172775
14.105354
10.323184
2.328498
-7.563829
-12.246711
-15.872376
-17.602784
-13.090031
-8.938823
-7.083416
-1.403775
5.201272
9.214708
16.260147
19.505705
15.447821
11.408840
5.417211
-4.564524
-10.634490
-13.640949
-16.768149
-14.148269
-9.410041
-7.916519
-4.233973
3.062827
7.562978
13.475759
19.516264
17.309529
12.715033
8.089713
-1.337699
-9.758643
-12.890271
-16.371012
-16.093935
-10.841233
-8.211476
-6.088359
0.481095
6.126847
10.905266
18.218415
18.749067
14.067718
10.206529
2.488409
-7.470506
-12.095145
-15.335083
-17.286880
-12.846504
-8.738722
-7.086481
-1.971040
4.767520
8.748770
15.838827
19.601754
15.712466
11.901515
6.128039
-4.016161
-10.612181
-13.665472
-17.303910
-15.068735
-9.951081
-8.057186
-4.664830
2.596719
7.281644
12.911899
19.216537
17.538752
13.075045
8.629050
-0.564541
-9.328297
-12.739045
-16.324520
-16.531093
-11.344297
-8.276701
-6.428105
0.026567
5.880424
10.271243
17.564126
18.785851
14.230013
10.427918
3.177438
-6.767682
-11.628015
-14.752831
-17.011506
-13.037579
-8.698361
-7.356916
-2.422333
4.537616
8.546795
15.354667
19.685200
16.158819
11.963844
6.430319
-3.543241
-10.636364
-13.650485
-17.148256
-15.342917
-9.947334
-7.784196
-4.747255
2.216952
6.906305
12.344122
18.869298
17.554760
13.204472
9.080001
0.206743
-8.979014
-12.813125
-16.504696
-17.177548
-12.050867
-8.472034
-6.542887
-0.395434
5.647114
10.101625
17.482042
19.219773
14.633281
10.820627
3.922837
-6.028414
-11.123419
-14.389753
-17.021554
-13.303927
-8.758988
-7.338694
-2.839736
4.325765
8.477483
14.887367
19.599370
16.280753
11.979682
6.643363
-3.152064
-10.451249
-13.399976
-16.834906
-15.407801
-10.207891
-7.880586
-5.018200
1.958268
6.944793
12.280600
18.897057
17.887694
13.305630
9.160553
0.655140
-8.645228
-12.522425
-15.999419
-16.950369
-12.045588
-8.598736
-6.669249
-0.513451
5.898305
10.216406
17.452070
19.666127
15.309368
11.150496
4.207577
-6.081717
-11.694261
-14.774459
-17.367431
-13.704981
-9.039130
-7.516146
-3.315210
3.472056
7.632119
14.120340
19.380706
16.699178
12.752499
7.712841
-2.118860
-9.933710
-13.331005
-17.136846
-15.960251
-10.572161
-8.115258
-5.320992
1.737561
6.693942
11.571135
18.393653
17.857722
13.233423
9.433712
1.399517
-7.880926
-11.818750
-15.339511
-16.654730
-12.074368
-8.632285
-6.940876
-0.759023
5.767856
9.961639
17.106533
19.371339
14.918532
10.958058
4.388094
-5.719321
-11.281116
-14.246021
-17.331157
-14.123065
-9.298665
-7.617644
-3.647804
3.331900
7.688488
14.111996
19.519499
16.773258
12.734958
7.857425
-1.951626
-10.066373
-13.397421
-17.136165
-16.246523
-10.874953
-8.246728
-5.698545
1.369374
6.652730
11.511019
18.554926
18.495321
13.797794
9.788615
1.646961
-7.818086
-11.921610
-15.261514
-16.753674
-12.001821
-8.392845
-7.016999
-1.532010
4.857949
8.924689
16.055788
19.319398
15.413250
11.572497
5.265985
-4.885026
-11.164631
-14.343773
-17.446961
-14.460257
-9.463515
-7.635014
-3.698894
3.460305
7.747071
13.783489
19.442865
16.764402
12.406962
7.847718
-1.584291
-9.976966
-12.997048
-16.514574
-16.071286
-10.718788
-8.034876
-5.686113
1.052618
6.498609
11.221000
18.453428
18.746172
14.200381
10.103328
2.095529
-7.757970
-12.149130
-15.501125
-17.380544
-12.553930
-8.514438
-6.994520
-1.829863
4.685947
8.712155
15.728474
19.228799
15.577929
11.740412
5.604029
-4.598073
-11.067561
-14.303412
-17.537219
-14.860289
-9.669747
-7.652555
-3.921986
3.319638
7.657834
13.373920
19.263881
17.059360
12.608767
8.204324
-0.885044
-9.231056
-12.702261
-16.324350
-16.168015
-11.119672
-8.338009
-6.030628
0.873974
6.719657
11.338847
18.463475
18.970455
14.041492
9.879385
2.066748
-7.711990
-12.095996
-15.303918
-17.115218
-12.838159
-8.827278
-7.388421
-2.286434
4.428625
8.715902
15.868289
19.668000
15.895878
12.053251
6.084783
-4.117489
-10.922466
-14.118808
-17.357724
-15.007257
-9.809222
-7.763250
-4.255090
2.860512
7.351296
13.108253
19.267968
17.397404
13.111149
8.678607
-0.457082
-9.065866
-12.477466
-16.122205
-16.178744
-11.026348
-8.187124
-6.267684
0.200101
5.913632
10.477475
17.661878
18.737657
14.359270
10.261025
2.640145
-7.350274
-12.097359
-15.411547
-17.448834
-13.145719
-8.808885
-7.147619
-2.084800
4.552432
8.577960
15.427215
19.354139
15.619142
11.653389
6.159714
-3.901550
-10.707549
-13.741936
-17.279897
-15.088490
-9.976796
-8.070469
-4.557541
2.886057
7.512229
13.086966
19.400120
17.607382
13.118642
8.771079
-0.143221
-8.884328
-12.360471
-16.092573
-16.429254
-11.284692
-8.297818
-6.496736
-0.046492
5.775009
10.353497
17.765931
19.198145
14.558520
10.547638
3.211328
-7.043055
-12.051889
-15.216725
-17.342397
-13.303416
-8.894035
-7.325241
-2.560445
4.247768
8.204154
14.913082
19.421577
15.799148
11.749097
6.329332
-3.644398
-10.461978
-13.508797
-16.977957
-15.079464
-9.867464
-7.876498
-4.686628
2.685615
7.458925
12.867110
19.446952
17.923798
13.411556
9.086813
0.062329
-8.943592
-12.560742
-16.189984
-16.716208
-11.522770
-8.208241
-6.449223
-0.186477
5.851303
10.123764
17.587457
19.180945
14.764752
10.855709
3.766332
-6.559065
-11.980363
-15.148946
-17.489535
-13.614041
-9.075914
-7.546970
-2.862045
4.051413
7.973909
14.670917
19.472156
16.265086
12.205499
7.008995
-2.891336
-10.244506
-13.347694
-17.008952
-15.309708
-10.031973
-7.840565
-4.817077
2.262592
7.203136
12.403897
19.009624
17.963478
13.341563
9.205682
0.469344
-8.635691
-12.306316
-15.777009
-16.541822
-11.718614
-8.319787
-6.487370
-0.372444
5.715064
10.058539
17.342227
19.163404
14.546258
10.670424
3.822020
-6.424700
-11.762040
-15.013899
-17.622709
-14.027357
-9.438992
-7.735150
-3.105913
4.051413
8.139270
14.671598
19.554411
16.422442
12.259824
6.901026
-2.802951
-10.284356
-13.395207
-17.100062
-15.610456
-10.273967
-7.944788
-5.018370
1.861879
6.836823
12.075220
18.976927
18.332005
13.807671
9.549686
0.880275
-8.563655
-12.461117
-15.776328
-16.479833
-11.594977
-8.126838
-6.470510
-0.741822
5.297491
9.427241
16.710588
19.255536
15.046937
11.018174
4.221371
-5.961997
-11.794056
-15.046086
-17.629181
-13.969115
-9.082556
-7.427590
-3.003393
3.917047
7.984809
14.222009
19.160679
16.091721
12.032986
7.157155
-2.445153
-10.071652
-13.172456
-17.004865
-15.941347
-10.706867
-8.221694
-5.390303
1.690728
6.970848
12.114729
18.948146
18.291984
13.546092
9.455000
1.073565
-8.281469
-12.258291
-15.732050
-16.861303
-12.066705
-8.528233
-6.815536
-0.815392
5.424874
9.570462
16.897406
19.535167
15.171937
11.213848
4.541874
-5.611181
-11.307682
-14.449699
-17.399107
-13.932841
-9.254217
-7.876839
-3.726312
3.471034
7.699558
14.072316
19.480501
16.579117
12.278046
7.298504
-2.395255
-10.140794
-13.179949
-16.729832
-15.715701
-10.489225
-8.066893
-5.416359
1.578161
6.680659
11.732067
18.900463
18.460580
13.711452
9.667192
1.357624
-8.201769
-12.415137
-15.869652
-17.103127
-12.155601
-8.326088
-6.640128
-0.856434
5.407844
9.295430
16.432660
19.354480
15.261514
11.589187
5.230393
-4.998275
-11.109284
-14.576912
-17.865215
-14.772585
-9.807859
-8.006607
-3.891162
3.442253
7.795095
13.906445
19.431455
16.629696
12.285369
7.513080
-1.994542
-9.932859
-13.016803
-16.585418
-15.881572
-10.565349
-8.208411
-5.913292
1.051767
6.295272
11.167697
18.360615
18.458537
13.748407
9.781803
1.755953
-7.873433
-12.022938
-15.369143
-16.897576
-12.283325
-8.377688
-6.849085
-1.261234
5.232607
9.286915
16.429935
19.577742
15.407801
11.450393
4.970857
-5.422660
-11.573519
-14.407975
-17.496518
-14.527185
-9.519032
-7.655280
-3.972905
3.199407
7.551908

