19.405740
18.791812
13.735805
11.217254
5.322014
-4.075766
-8.596012
-12.905938
-18.064635
-18.710579
-14.381749
-12.104000
-4.612037
6.618670
11.707204
18.194062
20.805938
16.126803
12.518678
8.632115
-0.859158
-7.395233
-11.078119
-16.516106
-19.249065
-16.000441
-13.029405
-8.749451
2.928972
9.673664
14.911379
20.140069
17.332520
12.860979
10.083403
2.122947
-6.310940
-9.998083
-15.226262
-19.604479
-18.165963
-14.013393
-11.446646
-1.371077
8.218118
12.739216
19.338642
19.193888
14.260156
11.541843
5.921466
-3.595693
-8.341585
-12.578113
-17.792157
-18.691165
-14.603138
-12.161732
-5.139964
6.281478
11.345659
17.580986
20.597151
16.098193
12.467418
9.079490
-0.217983
-7.185255
-10.990245
-16.540630
-19.655739
-16.639744
-13.241598
-9.193080
2.388103
9.559904
14.737504
20.070246
17.512696
12.956858
10.337830
2.712863
-5.802086
-9.542704
-14.547621
-19.211769
-18.306289
-14.130558
-11.682170
-2.004760
7.897786
12.598038
19.333192
19.652333
14.672961
11.857067
6.540162
-2.955028
-8.078984
-12.116602
-17.392124
-18.814632
-14.954976
-12.522425
-6.052256
5.764110
11.089700
17.152684
20.682471
16.395535
12.529918
8.947338
-0.152247
-7.082394
-10.723046
-16.273941
-19.452572
-16.723701
-13.467073
-9.734801
1.584462
9.014436
14.218092
19.912549
17.623390
13.000454
10.604007
3.383160
-5.569969
-9.451934
-14.425005
-19.206490
-18.594606
-14.335939
-11.785371
-2.567598
7.655791
12.270723
19.009454
19.852774
14.809370
11.967591
7.034710
-2.555507
-7.776533
-11.952264
-17.377479
-18.840858
-15.061072
-12.596675
-6.610155
5.170277
10.603496
16.601937
20.543848
16.587973
12.726443
9.568248
0.716448
-6.710291
-10.442223
-15.963316
-19.523246
-17.053059
-13.530254
-10.100603
1.071351
9.032318
14.053413
20.025628
18.091202
13.200385
10.714531
3.948552
-5.177941
-9.253706
-13.866595
-18.816335
-18.513373
-14.337982
-12.008974
-3.163133
7.356065
11.923824
18.640246
20.116908
15.004873
12.019532
7.539477
-2.084800
-7.697344
-11.610474
-17.285347
-19.278356
-15.530416
-12.822321
-7.264103
4.721880
10.643346
16.357899
20.580973
16.776834
12.702090
9.659358
0.982114
-6.787266
-10.300194
-15.633106
-19.527844
-17.608404
-13.838666
-10.863713
0.041383
8.456196
13.390439
19.765411
18.555777
13.588156
10.987009
4.454000
-4.869189
-9.045431
-13.547455
-18.471650
-18.535001
-14.378854
-12.257780
-4.038300
7.030794
11.731897
18.397059
20.591531
15.856539
12.462650
8.090905
-1.462357
-7.494007
-11.378016
-16.857045
-19.159147
-15.622377
-12.659175
-7.737875
4.013606
10.128362
15.769516
20.383937
17.027003
12.717928
9.976625
1.836334
-6.394727
-10.139431
-15.371357
-19.634281
-18.019676
-14.070783
-11.185748
-0.626530
8.208241
13.026851
19.405740
18.643481
13.586794
10.968447
4.980905
-4.303455
-8.830173
-13.337817
-18.315486
-18.700532
-14.596156
-12.404578
-4.803453
6.449052
11.365414
17.926012
20.394155
15.909331
12.582711
8.437634
-0.902755
-7.198027
-11.066369
-16.562598
-19.200870
-15.987839
-12.851954
-8.423669
3.099612
9.809732
15.377147
20.479304
17.424822
12.865067
10.077442
2.094507
-6.332397
-9.956530
-14.978136
-19.215516
-17.989533
-14.047623
-11.250292
-1.092979
8.178779
12.667690
19.337961
19.135645
14.210769
11.529582
5.876507
-3.646272
-8.396421
-12.854508
-18.132244
-18.930265
-14.781100
-12.420075
-5.313158
6.181172
11.278731
17.660516
20.441157
16.005720
12.557507
8.830513
-0.495059
-7.081372
-10.782821
-16.293185
-19.279378
-16.314813
-13.141462
-9.000642
2.516338
9.458235
14.767647
20.225218
17.476593
12.815680
10.225092
2.590418
-5.884511
-9.651865
-14.608417
-19.213131
-18.274443
-14.429092
-11.857067
-1.980747
7.923160
12.632779
19.321101
19.591025
14.471667
11.571135
6.158182
-3.394910
-8.271933
-12.313128
-17.652341
-18.904379
-14.821632
-12.490409
-6.023816
5.654437
10.966233
17.247030
20.751272
16.415289
12.672629
9.356056
0.209638
-6.994350
-10.599068
-16.176530
-19.612823
-16.841037
-13.343436
-9.629726
1.806361
9.274653
14.367614
20.135982
17.937592
13.074023
10.443756
3.273317
-5.677257
-9.541171
-14.543363
-19.160339
-18.450362
-14.283827
-11.897087
-2.655131
7.657153
12.070281
18.687078
19.625255
14.750617
11.956011
7.072687
-2.575091
-7.796288
-11.864390
-17.390081
-18.993276
-15.134641
-12.610299
-6.648472
5.178111
10.855539
16.915628
20.822798
16.726085
12.608937
9.284190
0.399181
-7.035392
-10.567222
-15.971661
-19.544874
-17.091717
-13.353314
-9.967940
1.092809
8.718797
13.641460
19.778694
18.249920
13.493810
10.824033
3.981250
-5.140986
-9.275164
-14.103651
-19.025803
-18.753835
-14.405080
-12.023960
-3.228188
7.477999
12.111494
18.600396
19.987822
15.137196
12.081180
7.457222
-2.114773
-7.710287
-11.611325
-17.050675
-19.092900
-15.397923
-12.630905
-7.220677
4.658188
10.589531
16.374418
20.710230
16.876289
12.775319
9.797641
1.149178
-6.514788
-10.260514
-15.539442
-19.351414
-17.318215
-13.727120
-10.656970
0.312669
8.753538
13.490745
19.848006
18.438101
13.496024
10.841744
4.266330
-4.957403
-9.149824
-13.806990
-18.705641
-18.662214
-14.354501
-11.989219
-3.827470
6.956032
11.800017
18.289770
20.020008
15.370335
12.345995
8.021593
-1.662970
-7.559402
-11.429276
-17.112664
-19.424643
-15.809366
-12.806824
-7.588523
4.115445
10.088342
15.869141
20.386151
16.845635
12.814658
9.874616
1.453672
-6.457056
-10.168893
-15.673467
-19.590514
-17.676694
-13.920239
-10.935749
-0.219515
8.508648
13.190338
19.471986
18.528359
13.606548
11.073862
4.777568
-4.330873
-8.656979
-13.308184
-18.421071
-18.781934
-14.575209
-12.216568
-4.272461
6.797484
11.720657
18.282277
20.423787
15.518836
12.207883
8.098568
-1.299722
-7.388421
-11.215210
-16.749246
-19.254855
-16.091892
-13.159343
-8.309398
3.559078
9.959425
15.575545
20.595959
17.321791
12.859617
10.086979
1.929998
-6.237030
-10.003703
-15.351261
-19.509792
-17.813614
-13.812610
-11.193923
-0.822033
8.244344
12.927907
19.336258
18.793344
13.884987
11.462825
5.554812
-4.130602
-8.668559
-12.999262
-18.309014
-18.884625
-14.483247
-12.194259
-4.885878
6.361348
11.299508
17.808676
20.547083
15.824863
12.498583
8.701767
-0.847067
-7.161924
-10.983774
-16.568559
-19.343921
-16.033139
-13.034514
-8.722203
3.186805
10.031973
15.170404
20.452568
17.536538
12.873411
9.977136
1.990965
-6.097044
-9.854521
-14.968770
-19.341878
-17.998900
-13.890777
-11.331865
-1.373802
8.196660
12.832539
19.254855
18.989359
13.993979
11.425870
5.901200
-3.646953
-8.499793
-12.825046
-18.158810
-19.091708
-14.972857
-12.436424
-5.372592
6.091935
11.112179
17.502138
20.530905
15.997205
12.355702
8.766992
-0.503744
-7.209948
-10.900668
-16.395705
-19.301176
-16.295569
-13.175692
-9.172985
2.528599
9.559904
14.801196
20.178556
17.586946
13.096333
10.279417
2.603020
-5.904777
-9.690353
-14.827422
-19.411019
-18.380710
-14.224223
-11.626993
-1.806872
7.988385
12.767826
19.287722
19.338982
14.141117
11.432171
6.219149
-3.368855
-8.285897
-12.459925
-17.750093
-18.907956
-14.996869
-12.474401
-5.789825
5.776371
11.229856
17.463820
20.730495
16.434533
12.666839
9.044749
-0.180517
-6.976298
-10.701588
-16.346659
-19.374916
-16.501290
-13.192722
-9.574890
1.796484
9.208407
14.355694
20.019497
17.743792
13.222354
10.529757
2.939190
-5.855560
-9.721518
-14.635324
-19.187416
-18.337454
-14.127152
-11.549847
-2.088887
7.707902
12.308019
19.003493
19.503832
14.569419
11.944771
6.762743
-2.887590
-8.063657
-12.349401
-17.771551
-19.041130
-15.094110
-12.529748
-6.014790
5.692754
11.135169
17.217057
20.668847
16.308853
12.584244
9.259837
0.216280
-6.826094
-10.419403
-16.093935
-19.491059
-16.918693
-13.381072
-9.821483
1.513106
9.130410
14.366763
20.364182
18.056120
13.276339
10.837657
3.716775
-5.362715
-9.261199
-14.035191
-18.907785
-18.409661
-14.195102
-11.806999
-2.426250
7.701431
12.298312
18.939461
19.666638
14.750447
11.749438
6.831033
-2.743857
-7.960115
-12.011358
-17.445258
-18.960408
-15.100752
-12.694086
-6.712334
4.949399
10.608775
16.720125
20.610435
16.575030
12.703793
9.436096
0.423874
-6.921121
-10.430983
-15.952247
-19.496850
-16.826221
-13.296945
-9.944269
1.246248
9.138925
13.978652
20.157950
18.254008
13.235126
10.656289
3.846713
-5.388260
-9.325232
-14.103992
-18.990380
-18.616574
-14.421088
-12.029750
-3.092970
7.466248
11.926719
18.610784
19.730330
14.746189
11.879717
7.171120
-2.457585
-7.927077
-11.832203
-17.445087
-19.423280
-15.426193
-12.735299
-7.138082
4.816907
10.646752
16.598361
20.665441
16.780921
12.698003
9.615081
0.816924
-6.858281
-10.445288
-15.851430
-19.480671
-17.151833
-13.461794
-10.249444
0.722238
8.699042
13.717072
19.909314
18.283980
13.566017
11.000633
4.209961
-4.989590
-9.197167
-13.847010
-18.789087
-18.548965
-14.263221
-11.957032
-3.307206
7.389954
12.115921
18.515587
20.047937
15.103647
12.039116
7.440363
-2.140999
-7.858787
-11.739390
-17.169714
-19.401652
-15.616076
-12.782301
-7.492134
4.408700
10.439668
16.334397
20.755359
16.978468
12.849569
9.811946
1.231091
-6.658350
-10.277884
-15.574694
-19.473689
-17.342397
-13.555288
-10.635342
0.304154
8.771420
13.571807
19.893817
18.601077
13.699702
11.062111
4.497596
-4.763774
-9.050540
-13.684205
-18.603291
-18.617937
-14.268841
-12.036562
-3.785065
6.958417
11.623928
18.143143
19.919191
15.133279
12.148789
7.647787
-1.942941
-7.761717
-11.607409
-17.165627
-19.430263
-15.749931
-12.938295
-7.653747
4.226651
10.241781
16.106537
20.648071
16.945771
12.772254
9.953294
1.449926
-6.464209
-10.095835
-15.423468
-19.390072
-17.465012
-13.674668
-10.556493
0.315564
8.772271
13.593946
19.811392
18.629176
13.676882
11.173998
4.745552
-4.423005
-8.702448
-13.339690
-18.660000
-18.942867
-14.643158
-12.406622
-4.275867
6.745032
11.607919
18.194233
20.102773
15.257938
11.992965
7.746220
-1.773153
-7.743665
-11.428595
-16.954115
-19.267116
-15.841722
-13.041156
-8.139781
3.764970
10.071141
15.778712
20.755019
17.427376
13.147763
10.287932
1.860687
-6.220170
-9.909187
-15.206678
-19.163404
-17.277002
-13.390098
-10.646922
-0.012943
8.832557
13.466392
19.858905
18.962792
13.949190
11.339188
5.185945
-4.243340
-8.670943
-13.208900
-18.561738
-19.014563
-14.684371
-12.411560
-4.566227
6.586143
11.474235
18.086263
20.385981
15.536036
12.195621
8.332729
-1.203844
-7.444280
-11.172124
-16.853298
-19.446952
-16.010659
-12.916497
-8.244514
3.684419
10.135514
15.620504
20.669188
17.577750
13.218948
10.418040
2.291032
-5.961997
-9.623936
-14.997891
-19.161361
-17.629862
-13.657297
-11.119332
-0.820671
8.339712
13.010842
19.416468
18.878153
13.879538
11.284351
5.254064
-4.195826
-8.763245
-13.032130
-18.365724
-18.979481
-14.820269

