-10.064500
-7.027047
-6.459611
-1.378400
3.713710
1.758167
3.349951
7.740770
4.962172
5.760874
7.936444
2.575432
-1.954011
-2.646446
-8.518015
-11.180299
-7.457222
-6.596020
-3.655297
2.728360
2.960137
1.941579
7.285731
6.513936
4.974944
8.052758
4.897629
-1.192774
-1.930850
-5.916868
-11.621203
-9.036916
-7.178443
-6.011043
-0.153269
2.864940
0.562498
4.569633
6.854534
4.016331
6.572689
6.441900
0.111205
-2.271788
-3.819295
-10.266645
-9.879896
-6.752695
-6.332908
-1.837356
3.528765
1.779284
2.994708
7.630757
5.116463
5.491120
7.693938
2.709116
-1.855237
-2.313001
-7.857595
-10.726792
-7.144553
-6.512403
-3.920112
2.715247
3.093992
1.661437
6.911925
6.511382
4.454170
7.506268
4.943609
-1.471213
-2.560445
-5.949054
-11.601959
-9.150675
-6.926400
-5.871739
-0.083617
3.010035
0.568628
4.442079
7.360663
4.310267
6.694283
7.307019
1.018729
-1.967634
-3.481422
-10.091918
-10.364737
-7.169417
-6.638765
-2.338886
3.154278
1.629591
2.279963
7.473230
5.500146
5.533866
7.935081
3.323725
-1.483815
-1.850809
-7.373946
-11.047976
-7.463694
-6.531988
-4.257986
1.999991
2.909558
1.193966
6.220852
6.158182
3.881795
6.961652
4.920278
-1.388107
-2.585479
-5.524669
-11.179277
-9.222712
-7.055998
-6.061622
-0.268391
3.558397
1.012427
4.337004
7.560423
4.300731
6.109646
6.909200
0.856604
-2.559934
-3.832068
-10.108607
-10.832718
-7.342952
-6.721531
-2.687148
3.199918
2.184084
2.695322
7.754224
5.756446
5.576440
8.252519
3.783533
-1.454524
-1.943452
-7.139785
-11.195115
-7.966757
-6.876673
-4.945483
1.214402
2.740792
0.876529
5.802768
6.709610
4.488059
7.363728
5.560262
-0.746931
-2.238069
-5.004406
-10.932514
-9.090900
-6.728513
-6.084953
-0.661782
3.527233
0.899519
3.488745
7.259335
4.297495
5.886725
7.077966
1.241990
-2.256462
-3.280810
-9.584257
-10.593278
-6.933042
-6.543057
-2.639464
3.509521
2.561467
2.436127
7.662603
5.789995
4.989760
7.885013
3.851652
-1.743862
-2.252715
-7.001162
-11.497906
-8.412600
-6.982940
-5.047492
1.144750
2.950260
0.761577
5.457742
6.801741
4.318442
7.227319
6.217275
-0.204870
-1.977342
-4.690204
-11.231388
-9.852137
-7.138082
-6.510360
-1.354899
3.189189
0.931535
3.168072
7.216249
4.486697
5.830356
7.494177
1.956395
-1.675231
-2.371754
-8.707898
-10.553598
-6.978342
-6.514958
-3.235000
2.910921
2.529791
2.084800
7.401534
6.097044
4.753556
7.604871
4.137925
-1.661777
-2.203839
-6.397111
-10.987691
-8.033684
-6.558895
-5.125999
1.115799
3.364256
0.807217
5.197866
6.938321
3.980398
6.654433
6.056513
-0.447886
-2.719504
-4.876682
-11.301552
-10.425704
-7.225956
-6.517683
-1.612220
3.371239
1.508338
3.304141
7.442747
4.612207
5.723068
7.806505
2.348423
-1.796314
-2.417224
-8.505583
-10.993140
-7.445642
-6.732089
-3.820658
2.332755
2.631971
1.804318
6.972892
6.208420
4.718644
7.643359
4.702466
-1.226493
-2.074753
-5.864246
-11.052064
-8.282832
-6.637744
-5.490269
0.521115
3.308909
0.738076
4.853351
7.250990
4.260881
6.386212
6.160055
0.010899
-2.433232
-4.236698
-10.676043
-10.097538
-6.958927
-6.408181
-1.743691
3.631796
1.768725
3.108978
7.700580
5.083936
5.642857
7.935422
2.699920
-2.087695
-2.640656
-8.275849
-11.213166
-7.769721
-6.716592
-3.883498
2.353702
2.735853
1.466615
6.800038
6.503889
4.655804
7.761717
5.167893
-0.990459
-2.116987
-5.815710
-11.469807
-9.016820
-6.853001
-5.838190
-0.111035
3.134183
0.638110
4.162107
7.122414
4.208769
6.405456
6.523132
0.554664
-2.116135
-3.673690
-10.175875
-10.238545
-6.909541
-6.401028
-1.993861
3.501517
1.915864
2.607618
7.485662
5.108970
5.088704
7.734469
3.090756
-1.831566
-2.125672
-7.451432
-10.838679
-7.425547
-6.672995
-4.196337
2.365453
3.237043
1.494374
6.801571
6.906816
4.466602
7.465908
5.323887
-1.099450
-2.531494
-5.744014
-11.534010
-9.412255
-7.041863
-6.129571
-0.508853
3.405980
1.018388
4.323891
7.318939
4.243851
6.332568
7.079159
0.858647
-2.259186
-3.292220
-9.855883
-10.537761
-7.016999
-6.516150
-2.633163
3.140994
1.999651
2.347742
7.340227
5.416189
5.252191
7.926226
3.547668
-1.555511
-1.955373
-7.141829
-10.994162
-7.551398
-6.549018
-4.584960
1.719679
3.101485
1.037802
5.865097
6.429979
3.929479
6.783179
5.350283
-0.882830
-2.348934
-5.321162
-11.377675
-9.505068
-6.975276
-6.094830
-0.625508
3.539835
1.181023
4.143715
7.753202
4.627534
6.196158
7.314852
1.166548
-2.541201
-3.402063
-9.746892
-11.073010
-7.389614
-6.654944
-2.941574
3.054823
2.224275
2.245052
7.571323
5.950417
5.329507
8.221184
4.190036
-1.419783
-1.928295
-6.711824
-11.244161
-7.957731
-6.758145
-5.100455
1.049553
2.761398
0.688178
5.291360
6.680999
4.250492
7.140977
6.061452
-0.192949
-2.006803
-4.609823
-11.054277
-9.588855
-6.971189
-6.351641
-1.149348
3.404106
1.222236
3.582580
7.324900
4.211494
5.401714
6.956543
1.401220
-2.422503
-2.817256
-8.699213
-10.570628
-7.164138
-6.484134
-2.960307
3.088372
2.415521
2.124650
7.573026
5.975280
4.641329
7.580348
3.987891
-1.803296
-2.551930
-6.916693
-11.476789
-8.470331
-6.921973
-5.193608
0.801427
3.029108
0.842128
5.368846
6.877865
4.298857
7.141147
6.164142
-0.344685
-2.368348
-4.598754
-10.988712
-9.932688
-6.969316
-6.327459
-1.522984
3.201280
1.314708
3.179482
7.285731
4.619360
5.702291
7.500478
2.156837
-1.808916
-2.496413
-8.525678
-10.499954
-6.951605
-6.450585
-3.338371
2.772978
2.499308
1.642704
7.002013
6.105900
4.731757
7.528578
4.346711
-1.447882
-2.240624
-6.593636
-11.503186
-8.540835
-6.865944
-5.350794
0.986201
3.654616
1.298700
5.280972
6.953818
3.885542
6.425381
6.146772
-0.268221
-2.560105
-4.262073
-10.505744
-10.200058
-7.286412
-6.599256
-1.603365
3.481422
1.447201
3.188848
7.801567
4.946504
5.730901
7.929121
2.493177
-2.007144
-2.583776
-8.379051
-10.936771
-7.283177
-6.648643
-3.871747
2.304826
2.566406
1.685279
6.827116
6.185259
4.771096
7.891314
4.728522
-1.346724
-2.149003
-6.007467
-11.468274
-8.558375
-6.621395
-5.495719
0.291552
3.199748
1.115969
4.896947
7.063321
3.938164
6.157671
6.206376
-0.042575
-2.606426
-4.050391
-10.328293
-10.071482
-7.162775
-6.671974
-1.894747
3.506286
1.688855
2.933059
7.726976
5.154099
5.554301
7.779598
2.697195
-1.995053
-2.640997
-8.369344
-11.200905
-7.591758
-6.797825
-4.182884
2.216782
2.650363
1.336336
6.641831
6.403923
4.709959
7.862534
5.156142
-1.044614
-1.995393
-5.795104
-11.546782
-9.108782
-7.032497
-5.940710
-0.343834
2.928461
0.634364
4.422154
7.041012
4.104035
6.407499
6.696497
0.475134
-2.305848
-3.673179
-9.961980
-10.083062
-6.835290
-6.553616
-2.231598
3.352506
1.600640
2.420289
7.259675
4.982267
5.127532
7.524320
2.913645
-1.908200
-2.374649
-7.737534
-11.095490
-7.464545
-6.372929
-3.824915
2.500841
3.223589
1.707418
6.661756
6.291015
4.180670
7.308722
5.105393
-1.283203
-2.448048
-5.641835
-11.530263
-9.356907
-7.187639
-6.106411
-0.372103
3.306184
0.952142
4.510028
7.590907
4.501513
6.385871
6.866455
0.694990
-2.301420
-3.528254
-10.007790
-10.415827
-7.097891
-6.619692
-2.461161
3.217118
1.867839
2.504757
7.646765
5.566052
5.450419
7.886376
3.218651
-1.840932
-2.345358
-7.557358
-11.069434
-7.498264
-6.567069
-4.392522
1.906327
2.952814
1.136235
6.165164
6.400176
4.185438
7.258313
5.599260
-0.788144
-2.274854
-5.341428
-11.221511
-9.114402
-6.963185
-6.037951
-0.237908
3.720011
1.037972
4.303796
7.771764
4.564013
6.195647
6.944282
0.887939
-2.300058
-3.606933
-9.954146
-10.711636
-7.253715
-6.505421
-2.592461
3.283194
2.125672
2.380099
7.421630
5.468300
5.280290
8.053950
3.635372
-1.582759
-2.207756
-7.306678
-11.278391
-7.996389
-6.921973
-4.854883
1.474960
2.891506
1.038824
6.002358
6.543398
4.155125
7.284880
5.717618
-0.654459
-2.210992
-5.072185
-11.130742
-9.067399
-6.732430
-6.177936
-0.741822
3.453153
0.917912
3.857613
7.422992
4.260370
5.777393
6.826775
0.997782
-2.408368
-3.357104
-9.660210
-10.633469
-7.102319
-6.546634
-2.688340
3.148999
2.143724
2.275535
7.545607
5.552088
4.790170
7.792200
3.643887
-1.914842
-2.354383
-7.285391
-11.490243
-8.270400
-6.937640
-4.959958
1.354728
3.092800
1.001017
5.768197
6.622928
4.244873
7.175207
5.711998
-0.623805
-2.114773
-4.878555
-11.058365
-9.374278
-6.981066
-6.292718
-1.073905
3.260204
0.985861
3.622259
7.470506
4.588876
6.145239
7.315704
1.435620
-2.177273
-3.008842
-9.213005
-10.622059
-6.923505
-6.512403
-2.888271
3.040518
2.198049
1.954692
7.195302
5.683558
4.674367
7.786751
4.082237
-1.664162
-2.370221
-7.100616
-11.531796
-8.212669
-6.819793
-4.949399
1.499653
3.515312
1.217978
5.854368
6.950583
4.112720
6.968805
6.008318
-0.469003
-2.241305
-4.641158
-11.036566
-9.773288
-7.047823
-6.499631
-1.295635
3.442424
1.317944
3.813846
7.741792
4.791532
5.898476
7.288626
1.478195
-2.345358
-3.013781
-9.112869
-10.807344
-7.145575
-6.530966
-3.191062
2.753224
2.121925
1.674891
7.134676
5.800554
4.736355
7.718461
4.003048
-1.666205
-2.145086
-6.731578
-11.225428
-8.013419
-6.734984
-5.192586
1.105240
3.221546
0.845024
5.440371
6.966080
4.229716
6.934064
6.082058
-0.280482
-2.279963
-4.718985
-10.893175
-9.655612
-6.829160
-6.170784
-0.996419
3.575597
1.344851
3.554140
7.685082
4.547323
5.637918
7.541861
1.902240
-2.310957
-3.174884
-9.222712
-11.218275
-7.597549
-6.732600
-3.411600
2.743857
2.407346
1.681192
7.028580
5.908353
4.832745
7.911580
4.551922
-1.159736
-1.869202
-6.361519
-11.440856
-8.560589
-6.952967
-5.400351
0.821693
3.379754
1.165697
5.387749
7.078648
4.318101
6.904602
6.229026
-0.154972
-2.092464
-3.919261
-10.159016
-9.298835
-6.548847
-6.214210
-1.485859
3.361191
1.247610
3.104721
7.593461
4.791362
5.639281
7.566554
2.102682
-2.244030
-2.984149
-8.918388
-10.916506
-7.224083
-6.663799
-3.506116
2.906152
2.770935
1.947369
7.248436
6.152902
4.708767
7.768869
4.563843
-1.460995
-2.165011
-6.325926
-11.459759
-8.531298
-6.662437
-5.217620
0.664166
3.346545
1.005105
5.182368
7.129056
4.392862
7.001332
6.685427
0.170469
-2.210821
-4.159553
-10.693584
-10.128702
-7.056679
-6.472043
-1.677786
3.272976
1.350130
2.862215
7.435594
4.758494
5.503041
7.459777

