6.522281
6.273644
4.462855
7.598911
4.886218
-1.363073
-2.062491
-5.651372
-11.502164
-8.920772
-6.682532
-5.608627
0.136239
3.517185
1.124484
4.747255
7.765123
4.732268
6.827797
7.217271
0.906672
-1.892703
-3.231594
-9.750468
-9.823016
-6.443262
-6.188495
-1.900537
3.639800
1.786266
2.553293
7.826941
5.346366
5.135366
7.847718
3.157684
-2.216441
-2.886397
-8.278234
-11.767490
-8.145741
-7.088866
-4.684925
1.905816
2.862726
1.066753
6.102834
6.182364
3.960984
7.335969
5.405119
-1.010724
-2.119541
-5.251850
-11.391810
-9.413276
-6.995031
-6.002869
-0.380107
3.630434
1.381125
4.549197
7.814510
4.867826
6.753717
7.706540
1.602513
-1.648324
-2.781153
-9.243659
-9.897096
-6.484645
-6.225961
-2.360174
3.414665
2.122947
2.284391
7.655450
5.567925
5.091258
7.875647
3.465244
-1.941919
-2.490963
-7.565703
-11.559214
-8.020742
-6.836482
-4.914148
1.541717
3.020082
1.122611
6.168570
6.766660
4.081045
7.109642
5.730220
-0.901903
-2.386740
-5.125318
-11.099577
-9.262221
-6.737539
-6.001847
-0.485352
3.697532
1.247270
4.154444
7.860831
4.632984
6.240777
7.600614
1.592636
-1.988581
-2.879075
-9.272780
-10.478156
-6.895917
-6.534883
-2.985001
3.003733
2.090931
1.713548
6.911755
5.452974
4.837854
7.786240
3.875153
-1.783882
-2.254929
-7.234471
-11.835269
-8.411918
-7.086141
-5.329507
0.955718
2.781834
0.704867
5.542380
6.718465
4.021100
6.994861
6.006956
-0.454017
-2.187150
-4.443441
-10.716404
-9.312289
-6.512574
-5.893707
-0.568117
3.993171
1.555681
3.811291
7.930994
4.942928
6.119353
7.682358
1.924208
-1.959801
-2.628395
-8.918047
-10.578632
-6.890297
-6.534202
-3.242663
3.058910
2.480916
1.856089
7.163627
5.715915
4.535403
7.699558
3.961325
-1.990625
-2.449070
-6.845338
-11.811767
-8.634499
-7.016659
-5.548511
0.608819
2.979551
0.769070
5.466427
7.249287
4.281998
7.013083
6.414311
-0.166723
-2.355405
-4.409211
-10.889598
-9.803431
-6.733111
-6.193433
-1.219852
3.506116
1.287120
3.133161
7.511718
4.861695
5.818605
7.842268
2.419097
-1.865455
-2.419267
-8.525508
-10.963508
-7.300547
-6.667716
-3.636224
2.666542
2.626862
1.677104
6.967953
6.107433
4.518202
7.628884
4.485335
-1.683235
-2.453497
-6.203651
-11.303084
-8.625133
-6.955521
-5.587510
0.659057
3.315040
0.754595
4.850115
7.015126
3.892864
6.532158
6.597894
0.224624
-2.443280
-4.244702
-10.663952
-10.216066
-7.019384
-6.611177
-2.002375
3.321001
1.541887
2.988577
7.697684
5.240611
5.881616
8.144379
3.027064
-1.561301
-1.987389
-7.834094
-10.790995
-7.158518
-6.335803
-3.642695
2.505609
2.843823
1.595701
6.928955
6.419591
4.433393
7.588352
4.819632
-1.533542
-2.505609
-6.033352
-11.415311
-8.692230
-6.854704
-5.816562
0.018222
3.228188
0.518901
4.119362
6.837504
3.742661
5.880254
6.160736
-0.194992
-2.933230
-4.376514
-10.841574
-10.777371
-7.433891
-6.949902
-2.509526
3.243344
1.583781
2.418246
7.409028
5.021266
5.140986
7.666690
2.737216
-2.137593
-2.502373
-8.127008
-11.410202
-7.657834
-6.662948
-4.134689
2.346550
3.157513
1.736028
7.152898
7.176229
5.104201
8.294753
6.092957
-0.374487
-1.673017
-5.037955
-10.780266
-8.218288
-6.013938
-5.110162
0.611884
4.167897
1.631124
5.079167
8.205175
5.031994
7.026025
7.646084
1.310280
-1.698221
-3.007310
-9.606906
-9.923492
-6.489413
-6.209442
-2.142191
3.490278
1.912968
2.291203
7.322345
5.163636
4.886218
7.485662
2.916200
-2.364942
-2.946683
-8.304800
-11.922121
-8.400168
-7.355383
-4.985843
1.608133
2.684934
0.678982
5.656821
5.916527
3.452642
6.628377
4.937649
-1.508168
-2.699239
-5.757127
-11.881760
-9.812117
-7.309403
-6.609985
-0.915527
3.413813
1.248632
4.397120
7.786580
4.833766
6.754228
7.486003
1.227515
-2.006974
-3.086499
-9.609631
-10.236672
-6.766149
-6.172998
-2.403089
2.993005
1.995053
2.551590
7.809060
5.971364
5.515473
8.231572
4.007305
-1.388277
-1.749652
-6.891148
-10.849919
-7.463353
-6.484474
-4.449061
1.840081
3.161941
1.072884
6.000996
6.844657
4.354375
7.362195
5.699056
-0.911951
-2.318110
-5.052941
-11.034523
-9.218795
-6.625652
-5.965063
-0.401735
3.794432
1.235689
4.177264
7.711308
4.366466
5.995546
7.507801
1.380444
-2.420459
-3.189870
-9.460960
-10.946648
-7.361855
-6.697859
-3.048352
2.847910
2.014637
2.005952
7.287264
5.665847
4.968643
7.676056
3.586156
-1.914671
-2.555507
-7.567917
-11.948517
-8.458410
-7.009336
-5.179473
0.890834
2.664839
0.606605
5.485841
6.687811
4.118000
6.992306
5.888598
-0.379086
-2.125331
-4.811968
-10.962146
-9.399312
-6.729535
-5.929811
-0.490120
3.939526
1.426595
4.168408
8.041007
5.055836
6.431171
7.986852
2.007484
-1.981599
-2.689021
-8.781297
-10.013240
-6.329502
-5.944967
-2.315385
3.660236
2.725124
2.506460
8.058548
6.460633
5.209105
8.308887
4.435948
-1.530818
-2.307892
-6.978171
-11.545420
-8.226803
-6.779603
-5.225624
0.940732
3.046308
0.918252
5.577462
6.934234
4.230908
7.172823
5.958421
-0.723600
-2.500670
-4.874468
-11.313132
-10.060753
-7.216590
-6.649154
-1.612561
2.996411
0.765153
3.073897
7.154601
4.358803
5.795445
7.554122
1.937492
-1.923016
-2.620561
-8.873088
-10.602815
-7.062129
-6.631953
-3.166880
3.156492
2.686126
2.090761
7.590055
6.291015
4.989760
7.919754
4.383666
-1.441070
-1.945666
-6.273304
-10.763066
-7.699217
-6.357602
-4.738740
1.546144
3.510884
1.235689
6.043911
7.502011
4.423005
7.263592
6.548507
-0.190735
-2.481256
-4.739591
-11.053256
-10.108607
-7.197857
-6.438834
-1.368352
3.269400
1.137257
3.342118
7.594654
4.715409
5.917209
7.675205
1.928806
-1.997777
-2.695152
-9.062971
-11.121205
-7.294757
-6.705012
-3.687825
2.486025
2.208437
1.408884
6.647621
5.689519
4.613400
7.690872
4.305499
-1.489265
-1.946688
-6.256104
-11.238541
-8.106402
-6.522962
-5.093132
1.082931
3.556865
1.154797
5.429302
7.169247
4.051072
6.596191
6.168910
-0.373636
-2.507993
-4.326105
-10.644197
-9.703977
-6.758315
-6.255763
-1.227685
3.703151
1.452139
3.512076
8.200577
5.217450
5.854709
7.778236
2.178976
-2.245903
-2.870560
-8.991786
-11.449030
-7.669755
-6.838356
-3.793921
2.380439
2.533197
1.733814
7.149151
6.334611
4.988057
8.066552
4.643372
-1.475981
-2.110515
-6.175382
-11.498928
-8.402893
-6.570135
-5.296128
0.487566
2.972739
0.526564
4.766839
6.942238
4.090411
6.769725
6.628036
0.187840
-2.219847
-4.081556
-10.636875
-9.967770
-6.841591
-6.330694
-1.576117
3.645079
1.657690
3.089564
7.541009
4.713195
5.166190
7.287604
2.135890
-2.288478
-2.530643
-8.460283
-11.071137
-7.607767
-6.873267
-3.855739
2.572536
2.741643
1.703330
7.145745
6.643704
4.878896
7.976975
4.990612
-1.284225
-2.232449
-6.089551
-11.267832
-8.660725
-6.830522
-5.568266
0.403268
3.375156
1.066583
5.187137
7.461480
4.476479
7.133314
7.056509
0.431878
-2.103192
-4.021100
-10.620356
-10.120358
-6.721531
-6.407499
-1.981429
3.223249
1.384190
2.661773
7.341760
4.832745
5.392688
7.524831
2.343655
-2.114773
-2.365964
-8.216415
-11.166334
-7.458755
-6.726299
-3.984145
2.302272
2.685956
1.221725
6.538459
6.092106
4.192250
7.189342
4.722561
-1.400198
-2.500500
-5.944456
-11.258466
-8.656127
-6.907667
-5.762918
0.442948
3.702300
0.982625
4.913126
7.516827
4.383155
6.599937
6.872075
0.388963
-2.402408
-3.990957
-10.584252
-10.446651
-7.071495
-6.599426
-2.180849
3.195490
1.560279
2.768721
7.563319
5.094154
5.500998
8.136204
3.076111
-1.748800
-2.039671
-7.890974
-11.173146
-7.445642
-6.556681
-4.197189
2.111026
2.682379
1.199927
6.527390
6.648813
4.612548
7.620369
5.325930
-0.980922
-1.903602
-5.251850
-11.057513
-8.557013
-6.540673
-5.618334
0.179325
3.596033
0.972067
4.437651
7.339375
4.111017
6.102664
6.523303
0.187669
-2.644573
-3.768546
-10.268177
-10.529757
-7.080862
-6.719657
-2.428123
3.354549
1.746246
2.322197
7.349934
4.955700
4.787956
7.520063
2.940723
-2.254248
-2.696344
-7.938317
-11.603321
-8.026191
-6.838185
-4.414150
1.992328
3.009183
1.402242
6.750992
7.025685
4.856757
8.075578
5.999463
-0.618696
-1.888956
-5.137409
-11.203289
-9.003537
-6.526368
-5.681515
-0.087534
3.672327
1.102175
4.164151
7.323027
4.348585
6.325926
7.219996
1.028265
-1.982110
-3.065893
-9.649140
-10.458061
-7.161072
-6.798846
-2.797842
3.015314
1.984664
2.321175
7.620709
5.543402
4.916702
7.567917
3.187486
-2.257824
-2.619028
-7.473060
-11.377505
-7.748263
-6.752525
-4.596199
2.048356
3.342799
1.190560
6.245886
6.834950
4.373278
7.438489
5.903585
-0.557729
-2.226489
-5.158527
-11.292355
-9.461641
-6.942919
-6.285906
-0.807728
3.500836
1.305853
4.190888
7.747241
4.740613
6.489413
7.642337
1.353536
-2.157518
-2.922841
-9.306669
-10.655607
-7.022790
-6.592103
-2.951452
2.861534
1.793589
1.665013
7.025855
5.441393
4.685777
7.742814
4.036086
-1.528433
-2.177954
-6.961482
-11.179107
-7.766826
-6.457567
-4.822697
1.515320
3.273998
1.185281
6.015812
7.116284
4.269055
7.156815
5.964552
-0.538485
-2.309084
-4.715749
-10.898454
-9.641647
-6.724085
-5.931854
-0.606605
3.896270
1.603535
4.062653
7.867643
4.689012
5.928278
7.450581
1.568965
-2.317088
-2.999987
-9.258475
-10.927575
-7.305145
-6.939513
-3.511054
2.792903
2.285072
1.718317
7.222550
6.089892
5.057369
8.073705
4.422324
-1.430001
-2.111537
-6.927592
-11.676550
-8.348908
-6.802934
-5.247082
0.928129
3.194979
0.926937
5.433900
7.162946
4.255772
7.065875
6.320817
-0.146798
-2.017021
-3.955364
-10.456187
-9.435756
-6.521770
-6.067923
-1.016004
3.605570
1.302958
3.308398
7.829836
4.831382
5.693606
7.571663
2.065386
-2.311809
-2.802610
-8.648123
-10.949373
-7.246052
-6.590571
-3.277574
2.997262
2.772127
1.808746
7.095337
6.012746
4.651036
8.029086
4.713365
-1.436813
-2.039501
-6.263767
-11.582375
-8.702789
-6.986686
-5.739927
0.408207
3.351484
1.143047
5.230733
7.223572
4.322869
6.942408
6.663288
0.089918
-2.169950
-3.847395
-10.402032
-9.959085
-6.692069
-6.224769
-1.741648
3.330026
1.358475
2.919776
7.661751
5.030121
5.535058
7.741622
2.598592
-2.031837
-2.634696
-8.370195
-11.046955
-7.189001
-6.532839
-3.702300
2.575942
2.631801
1.138960
6.403582
6.077800
4.281316
7.605212
5.082062
-1.045125
-2.098424
-5.731583
-11.271579
-8.824723
-6.871734

