9.046623
13.884987
19.987311
18.122366
13.336795
10.781969
3.761394
-5.409207
-9.413787
-13.998577
-18.873896
-18.577065
-14.196294
-11.850255
-3.089564
7.596867
12.089695
18.757071
20.012856
14.892306
11.916161
7.424355
-2.203328
-7.977145
-11.843443
-17.481531
-19.482715
-15.650817
-12.845312
-7.210970
4.638604
10.570117
16.458545
20.706654
16.711610
12.774127
9.688650
0.894240
-6.768193
-10.139091
-15.702759
-19.539595
-17.273937
-13.527189
-10.387557
0.759363
9.100097
13.754879
19.953251
18.341541
13.431992
10.908161
4.290513
-4.926920
-9.023632
-13.538940
-18.564463
-18.531595
-14.362846
-12.149640
-3.522975
7.463353
11.980534
18.582003
20.094769
14.947142
11.684213
7.219655
-2.320494
-7.940020
-11.621203
-17.221144
-19.358907
-15.602112
-12.932846
-7.700920
4.323891
10.360820
16.253335
20.735604
17.012869
12.649979
9.678773
1.075608
-6.798335
-10.290316
-15.558345
-19.590514
-17.425162
-13.610976
-10.493142
0.502212
8.937802
13.758455
20.072801
18.796921
13.684886
11.168548
4.652909
-4.722391
-8.914130
-13.422455
-18.613509
-18.655913
-14.297111
-12.209586
-4.044260
7.177251
11.716230
18.150466
20.124912
15.200377
12.022768
7.626329
-1.870394
-7.724421
-11.480706
-17.000437
-19.413744
-15.741076
-12.903895
-8.072002
3.895930
10.135514
15.858752
20.747355
17.040287
12.628010
9.679794
1.326118
-6.736006
-10.254553
-15.312433
-19.426857
-17.595632
-13.441699
-10.626997
0.021798
8.735657
13.393164
19.796065
19.053221
13.955832
11.272771
5.113568
-4.356589
-8.795432
-13.263226
-18.464838
-18.904890
-14.562096
-12.338843
-4.334961
6.846871
11.621884
17.981189
20.152330
15.421595
12.091569
8.049522
-1.530647
-7.780279
-11.415482
-17.009463
-19.556625
-15.999930
-13.010161
-8.306503
3.469672
10.031632
15.552725
20.489182
17.283644
12.841565
10.068417
1.979896
-6.128209
-9.798152
-14.921767
-19.181626
-17.609256
-13.724906
-10.943583
-0.381299
8.791855
13.346161
19.945587
19.311735
14.069591
11.307001
5.324398
-4.191399
-8.700405
-12.968438
-18.266780
-18.947465
-14.756237
-12.414285
-5.063329
6.250313
11.169400
17.598697
20.059177
15.336616
11.939151
8.219140
-1.314197
-7.759844
-11.201416
-16.762359
-19.713981
-16.529219
-13.279745
-8.796964
3.141846
10.043383
15.510832
20.814112
17.645018
13.093267
10.405609
2.456563
-5.875485
-9.430136
-14.623744
-19.087962
-17.584903
-13.592754
-11.104686
-0.805514
8.669070
13.015441
19.483566
19.282443
14.179775
11.473724
5.596365
-3.772633
-8.369003
-12.608767
-18.086944
-19.029549
-14.857565
-12.643678
-5.624294
5.981922
11.073010
17.182486
20.120995
15.554769
12.110131
8.444275
-0.922680
-7.652896
-10.997738
-16.442537
-19.433328
-16.489370
-13.157300
-9.023462
2.725976
9.811776
15.005725
20.610605
17.869132
13.171945
10.627678
3.043073
-5.597557
-9.325913
-14.360292
-19.053561
-17.792157
-13.650315
-11.368990
-1.587187
8.397784
12.748412
19.350563
19.631386
14.561585
11.769022
6.493841
-3.394229
-8.465903
-12.532132
-17.975228
-19.216367
-15.052387
-12.470313
-6.056854
5.512919
10.693073
16.888891
20.207507
15.820435
12.137720
8.781808
-0.332424
-7.330690
-10.782651
-16.293866
-19.693886
-16.679423
-13.315507
-9.606736
2.117668
9.773288
14.740058
20.557642
18.282277
13.277871
10.654075
3.344502
-5.549703
-9.338685
-14.066696
-18.858399
-18.133947
-13.927221
-11.534691
-2.206394
7.900851
12.547459
19.093071
19.746678
14.592069
11.838334
6.976298
-2.858468
-8.173159
-12.183530
-17.678908
-19.594601
-15.490566
-12.862512
-6.658350
5.279609
10.788611
16.682829
20.593745
16.380548
12.288264
9.164980
0.493356
-6.883485
-10.441201
-15.741757
-19.431114
-16.968250
-13.467414
-10.162081
1.335485
9.278740
14.156444
20.217555
18.354995
13.522421
10.878018
3.797327
-5.285399
-9.110825
-13.633456
-18.792663
-18.422263
-14.252492
-12.034689
-3.294434
7.465226
12.100083
18.793855
19.903183
14.761857
11.683192
6.925549
-2.810274
-8.329323
-11.934212
-17.315831
-19.372361
-15.697990
-12.885502
-7.409539
4.530975
10.380575
16.225747
20.614181
16.815322
12.664284
9.592090
0.953334
-6.675209
-10.173661
-15.627997
-19.380535
-17.049653
-13.281448
-10.362523
0.755617
9.043557
13.753687
19.910676
18.570083
13.762883
11.152710
4.588025
-4.663297
-8.888415
-13.473375
-18.567358
-18.723352
-14.415979
-12.154920
-3.936461
6.859303
11.540140
18.128497
19.846644
14.764241
11.548996
7.300717
-2.315385
-8.199385
-11.761870
-17.263038
-19.556625
-15.827417
-12.915816
-7.792200
4.108974
10.204996
15.882765
20.731177
17.286028
13.000965
9.991952
1.434939
-6.558214
-9.968451
-15.112673
-19.211769
-17.371178
-13.474567
-10.651861
-0.002554
8.769035
13.535023
20.000253
19.044025
13.995171
11.544228
5.399159
-4.239934
-8.671284
-13.054269
-18.404041
-19.019331
-14.785528
-12.539625
-4.653079
6.615434
11.264597
17.707859
20.062242
15.133449
11.852809
8.005755
-1.453502
-7.599763
-11.194263
-16.793183
-19.535678
-16.102791
-13.220821
-8.746556
3.421988
9.956360
15.350751
20.633425
17.445428
12.896572
10.191202
2.138785
-6.094660
-9.554114
-14.550686
-18.996000
-17.497710
-13.500793
-11.147431
-0.916209
8.404085
13.208389
19.920894
19.595964
14.316184
11.538608
5.758490
-4.040684
-8.843456
-12.883459
-18.064805
-19.085407
-14.917340
-12.602976
-5.462851
6.056002
10.949373
17.290115
20.317861
15.731369
12.058190
8.424691
-0.806536
-7.509163
-11.002507
-16.696453
-19.737141
-16.520364
-13.320957
-9.333747
2.703326
9.891987
14.890432
20.420892
17.838308
13.230358
10.732923
3.204346
-5.494697
-9.248597
-14.133624
-18.872704
-17.971652
-13.723544
-11.285714
-1.593488
8.228166
12.756245
19.369807
19.577742
14.311416
11.428084
6.178958
-3.360850
-8.311101
-12.291840
-17.694916
-19.236633
-15.372208
-13.064998
-6.610666
5.376850
10.766302
16.887358
20.458528
16.091211
12.189831
8.636713
-0.358479
-7.430996
-10.776349
-16.044719
-19.395011
-16.596658
-13.172456
-9.744849
1.676083
9.395395
14.680794
20.613159
18.514054
13.755219
11.197839
3.877197
-5.213533
-9.112869
-13.897589
-18.745661
-18.079621
-13.699361
-11.458397
-2.376182
7.695471
12.185914
18.790109
19.710234
14.715195
11.750460
6.900685
-2.850975
-8.195639
-12.224402
-17.862320
-19.508089
-15.533652
-12.864385
-7.066216
4.844495
10.333232
16.173976
20.000424
15.998057
12.204136
9.128026
0.330891
-6.972211
-10.442563
-15.820095
-19.583872
-17.132759
-13.429267
-10.162933
1.168592
9.465728
14.378003
20.548446
18.667323
13.725076
11.106730
4.383496
-4.749298
-8.832046
-13.444594
-18.328258
-18.270356
-14.132772
-11.899131
-3.387247
7.270745
11.877162
18.700702
20.297085
15.316691
12.031794
7.552079
-2.242327
-8.021593
-11.965547
-17.592396
-19.725221
-15.916654
-13.115576
-7.878542
4.130261
10.072504
15.689645
20.240545
16.547441
12.536049
9.717430
1.072713
-6.699392
-10.105882
-15.429769
-19.242423
-17.219612
-13.564995
-10.531800
0.301259
8.832046
13.641119
20.111118
18.965006
13.902528
11.425359
5.178111
-4.243510
-8.625303
-13.089861
-18.321105
-18.543516
-14.239209
-12.171609
-4.131113
7.021768
11.773961
18.159662
20.160505
15.076910
11.764084
7.621050
-1.872097
-7.979189
-11.481558
-17.082861
-19.660166
-16.242095
-13.249772
-8.631945
3.228017
9.666511
15.292338
20.435538
17.033986
12.662751
9.992804
1.932723
-6.463868
-9.974071
-15.119655
-19.332341
-17.602614
-13.568912
-10.928086
-0.379767
8.818592
13.291325
19.818374
19.356864
14.171600
11.609282
5.722386
-3.868512
-8.317402
-12.657813
-18.025807
-18.639394
-14.394862
-12.249776
-4.915510
6.433725
11.318752
17.747028
20.321267
15.593767
12.108258
8.291347
-1.317092
-7.801226
-11.281286
-16.857897
-19.874062
-16.471488
-13.456004
-9.199381
2.607618
9.571995
14.992441
20.391260
17.509460
12.794563
10.110480
2.344166
-6.141663
-9.818588
-14.732054
-19.086088
-17.800672
-13.683523
-11.044741
-1.007659
8.589029
13.072661
19.625425
19.583702
14.408997
11.794227
6.440367
-3.257479
-8.214712
-12.384312
-17.932824
-19.109419
-14.976263
-12.615579
-5.851984
5.847045
11.027370
17.235449
20.371505
15.855176
12.162243
8.533682
-0.735351
-7.587331
-11.065177
-16.576733
-19.730500
-16.691174
-13.366256
-9.563480
2.103874
9.306329
14.535529
20.197630
17.708199
13.104337
10.610989
3.186294
-5.599942
-9.262562
-14.242615
-18.975735
-17.918689
-13.685397
-11.307001
-1.671995
8.393696
12.904746
19.440481
19.703082
14.667511
11.831011
6.512744
-3.047330
-8.135183
-12.242624
-17.754010
-19.164937
-15.246187
-12.778214
-6.433555
5.404098
10.679790
16.899449
20.371846
15.986136
12.242794
9.059736
-0.077316
-7.360663
-10.907139
-16.412735
-19.865888
-17.121519
-13.564314
-9.930134
1.618181
9.190014
14.191525
20.116397
18.168858
13.228995
10.670253
3.596715
-5.235331
-9.107079
-13.958045
-18.719775
-18.048116
-13.849054
-11.596509
-2.476488
7.780450
12.471506
19.098009
19.873210
14.701741
11.806147
6.875140
-2.880267
-8.190359
-12.056146
-17.567703
-19.366401
-15.454463
-12.779236
-6.923165
4.895244
10.636364
16.678742
20.638023
16.404220
12.365920
9.272780
0.405993
-7.065875
-10.473558
-15.852281
-19.469091
-17.037903
-13.448170
-10.161059
1.157352
9.137051
14.040640
20.233563
18.461602
13.653210
11.195626
4.451445
-4.767861
-8.887734
-13.628687
-18.782786
-18.472501
-14.013222
-11.777197
-3.001349
7.626159
12.061426
18.510308
19.893306
14.822313
11.804615
7.255588
-2.458777
-8.157321
-11.878865
-17.422608
-19.474881
-15.706164
-12.945107
-7.526534
4.460812
10.232925
16.092573
20.500081
16.512700
12.293884
9.437970
0.758682
-7.011550
-10.397945
-15.640940
-19.558328
-17.372199
-13.445616
-10.459253
0.615120
9.285552
13.991254
20.226070
18.822636
13.771738
11.147261
4.611867
-4.628556
-8.877175
-13.420582
-18.618107
-18.728801
-14.276334
-11.959757
-3.711496
7.334266
11.856726
18.429075
20.235607
15.296085
12.094464
7.823876
-1.749141
-7.750137
-11.569432
-17.236131
-19.610780
-15.962464
-13.105188
-8.060932
4.000323
10.134152
15.718596
20.428555
16.958884
12.693405
9.645564
1.419953
-6.614583
-10.129384
-15.553577
-19.486291
-17.314468
-13.432843
-10.693414
-0.016689
8.726631
13.508797
19.917488
19.024781
14.026676
11.438302
5.091599
-4.465410
-8.827448
-13.192722
-18.313101
-18.673454
-14.250278
-11.940343
-4.150527
6.786925
11.734111
18.365894
20.448821
15.502998
12.076412
7.823535
-1.820496
-7.964713
-11.667354
-17.092228
-19.544363
-16.061238
-13.130052
-8.295264
3.633499
9.868826
15.481710
20.332166
17.072984
12.784685
9.976796
1.733644
-6.366457
-9.946483
-15.207529
-19.407272
-17.659324
-13.671092
-10.912589
-0.404801
8.685759
13.341733
19.807645
19.130196
14.182840
11.634656
5.450930
-3.947360
-8.437293
-12.875114
-18.094778

