14.924492
10.928086
3.765821
-6.702627
-12.145724
-15.365396
-18.000432
-14.027527
-9.135689
-7.386208
-2.645254
4.237379
8.119004
14.436415
19.154038
16.025645
11.942216
6.994009
-2.696514
-10.064840
-13.328280
-17.062085
-15.634298
-10.493313
-8.255073
-5.139794
2.379247
7.413455
12.624434
19.283635
18.024445
12.988193
8.719649
0.331742
-8.790663
-12.232235
-15.570266
-16.551699
-11.813981
-8.392845
-6.805829
-0.585318
5.629744
10.114227
17.472506
19.341707
14.663254
10.662760
3.788301
-6.548166
-11.906283
-14.851264
-17.542498
-13.910362
-9.171963
-7.649320
-3.190211
3.847735
7.984298
14.562096
19.632918
16.542843
12.416840
7.273981
-2.662114
-10.288613
-13.431992
-17.077412
-15.674319
-10.216747
-7.939850
-5.289657
1.922676
7.064342
12.132951
18.905401
18.183334
13.479335
9.374619
0.875677
-8.322852
-12.221847
-15.611649
-16.689811
-11.753184
-8.235829
-6.682362
-0.696863
5.608967
9.625639
16.954797
19.300154
14.577082
10.590213
3.960473
-6.171976
-11.791502
-14.584916
-17.236641
-13.873407
-9.153741
-7.595505
-3.275190
3.958430
8.151020
14.513901
19.688606
16.662734
12.167181
7.084778
-2.725295
-10.569777
-13.516290
-17.103297
-15.935728
-10.500806
-8.016654
-5.450419
1.559087
6.938151
12.076582
19.021205
18.554926
13.912746
9.789807
1.355069
-8.332048
-12.382439
-15.797956
-17.036881
-12.066364
-8.329153
-6.717954
-1.027584
5.149671
9.285041
16.440834
19.334725
15.067203
11.146239
4.729543
-5.400692
-11.431490
-14.550686
-17.421416
-14.225755
-9.320293
-7.751499
-3.650529
3.633159
7.853338
13.885328
19.408635
16.574008
12.122393
7.215738
-2.289159
-10.169915
-13.120174
-16.512360
-15.776839
-10.550874
-8.043221
-5.567755
1.394578
6.763765
11.740242
18.825872
18.588305
13.770887
9.755407
1.642363
-8.095333
-12.398277
-15.712295
-17.189980
-12.480191
-8.679288
-6.996734
-1.170465
5.450760
9.526866
16.659498
19.499063
15.092577
11.005061
4.755940
-5.311796
-11.254549
-14.318057
-17.542839
-14.642136
-9.678602
-8.085455
-4.306350
3.034217
7.462502
13.709579
19.696440
17.439808
12.945959
8.105380
-1.455545
-9.703296
-13.130733
-16.637870
-16.027519
-10.671275
-8.040667
-5.684240
1.301936
6.578650
11.260680
18.378496
18.436568
13.584239
9.804453
2.204520
-7.572004
-11.945622
-15.061072
-16.776153
-12.434380
-8.792196
-7.393190
-1.742329
5.064692
9.137733
16.260828
19.615207
15.154225
10.989734
4.889624
-5.243676
-11.396067
-14.178412
-17.506395
-14.680624
-9.474584
-7.730212
-4.213197
2.821854
7.409028
13.523613
19.727094
17.569235
13.264758
8.498260
-1.010043
-9.653568
-12.973377
-16.595977
-16.337803
-10.916676
-7.873944
-5.727155
1.050915
6.425040
10.857241
18.004009
18.603972
13.933863
10.083573
2.571174
-7.207223
-11.771066
-15.082870
-17.239877
-12.953111
-8.919409
-7.581030
-2.395255
4.536595
8.536407
15.466384
19.388199
15.494823
11.271409
5.573886
-4.517010
-11.262212
-14.187779
-17.358405
-15.060561
-9.838172
-7.853849
-4.338707
2.994367
7.557358
13.469287
19.725731
17.612662
12.901851
8.555480
-0.637089
-9.439162
-12.711627
-16.129017
-16.292674
-11.005061
-7.974761
-6.143706
0.284740
6.276539
10.727985
18.028021
19.228629
14.665638
10.676043
3.177438
-6.890638
-11.800698
-15.049662
-17.491068
-13.399805
-8.964709
-7.560423
-2.580200
4.363060
8.280958
15.008960
19.294875
15.564987
11.620181
6.199224
-3.773485
-10.706527
-13.711452
-17.176356
-15.388727
-10.118655
-8.039304
-4.703658
2.534049
7.427590
12.872730
19.292831
17.640250
12.714522
8.432184
-0.101328
-8.853504
-12.255226
-15.683515
-16.198329
-11.356728
-8.491959
-6.644215
-0.121593
6.097044
10.667358
18.109764
19.741399
14.771053
10.480370
3.137589
-7.051911
-12.138060
-15.060902
-17.384972
-13.420071
-8.811610
-7.539817
-3.299373
3.746748
7.785729
14.698676
19.615718
16.449349
12.347698
7.019724
-3.219843
-10.834592
-13.942037
-17.351082
-15.639407
-10.213511
-7.958753
-4.861525
2.290351
6.876332
12.164967
18.819911
17.794371
13.075897
9.075914
0.811645
-8.378029
-12.067386
-15.479667
-16.431979
-11.644023
-8.344480
-6.719828
-0.629936
5.596536
9.971006
17.215865
19.418171
14.783485
10.743482
3.853525
-6.428957
-11.772428
-14.815501
-17.496518
-13.883284
-9.236847
-7.749455
-3.412110
3.550904
7.837330
14.352798
19.496168
16.339336
12.098721
7.105385
-2.817256
-10.651009
-13.841050
-17.388378
-16.163417
-10.631595
-8.122069
-5.397797
1.763276
6.904602
11.963674
18.988507
18.408298
13.653381
9.781803
1.626526
-7.639612
-11.722871
-15.504701
-17.034667
-12.135846
-8.391482
-6.815706
-0.787463
5.655118
9.716749
16.938618
19.546066
14.966556
11.030946
4.629919
-5.660398
-11.407478
-14.309032
-17.341035
-14.358248
-9.560074
-8.089031
-4.010030
3.269570
7.592099
13.850076
19.578593
16.741582
12.142318
7.502011
-1.987389
-10.105712
-13.190338
-16.641106
-15.940836
-10.633128
-8.209944
-5.856582
1.249484
6.797143
11.682510
19.004345
19.138541
14.222009
10.198014
1.941919
-7.976975
-12.101616
-15.350069
-17.043693
-12.198176
-8.190019
-6.863901
-1.669100
4.855224
8.869852
15.985114
19.454105
15.432324
11.612858
5.446672
-4.877874
-11.414289
-14.577423
-17.867088
-15.105520
-9.752512
-7.822173
-3.974097
3.151383
7.309062
13.056653
19.050666
16.794034
12.299163
7.971014
-1.196691
-9.527717
-12.727635
-16.394854
-16.203948
-11.036907
-8.243833
-6.307193
0.714915
6.715400
11.271409
18.398591
19.062076
14.145204
10.095324
2.437830
-7.319110
-11.876822
-15.014580
-16.972167
-12.720312
-8.640289
-7.243838
-2.025366
4.864420
8.959600
15.883616
19.584554
15.442371
11.190176
5.454506
-4.601138
-11.282989
-14.076233
-17.264400
-15.051705
-10.069779
-8.290495
-5.026375
2.323559
7.096188
12.953622
19.583702
17.876455
13.130222
8.479697
-0.788484
-9.589876
-13.086455
-16.620500
-16.535350
-11.101450
-7.854019
-5.959954
0.334127
6.025178
10.303599
17.631395
19.024270
14.566524
10.929448
3.627198
-6.464209
-11.586973
-14.911209
-17.420053
-13.464689
-9.005410
-7.473741
-2.572196
4.342965
8.390461
15.086957
19.522735
15.721151
11.462825
6.164994
-3.686632
-10.784524
-13.759136
-17.109088
-15.319926
-10.110140
-8.237362
-5.070482
2.209970
7.054125
12.575218
19.251960
17.907109
13.139588
8.977652
0.118017
-8.873769
-12.343441
-15.897751
-16.673974
-11.411224
-8.118323
-6.356750
-0.184434
5.938666
10.299512
17.598867
19.400290
14.783144
10.867970
4.005432
-6.299359
-11.722020
-14.950718
-17.575707
-13.925178
-9.296622
-7.669415
-3.093651
3.839731
7.879223
14.468772
19.482885
16.263042
12.015445
6.825754
-3.000498
-10.471344
-13.650145
-17.197813
-15.709911
-10.189159
-8.106572
-5.286251
1.800571
6.719487
11.785541
18.672773
17.905406
13.212306
9.233270
0.868865
-8.341925
-12.028728
-15.516622
-16.844613
-11.907135
-8.403403
-6.848063
-0.680344
5.685602
9.740080
17.154728
19.563266
14.912742
10.957207
4.391841
-5.843299
-11.587484
-14.568056
-17.401661
-14.035361
-9.275845
-7.723059
-3.563677
3.583942
7.779769
13.985804
19.430433
16.561576
12.345314
7.443939
-2.157007
-10.017497
-13.083390
-16.896895
-16.068220
-10.696309
-8.201769
-5.750997
1.267024
6.552594
11.547634
18.643992
18.565825
13.903550
9.827614
1.522643
-8.101804
-12.159177
-15.430280
-16.834395
-12.151854
-8.333751
-6.885188
-1.236200
5.169085
9.091752
16.231537
19.381898
15.161548
11.117458
4.998446
-5.096708
-11.291334
-14.184884
-17.288583
-14.420407
-9.570633
-8.077281
-4.088027
3.365619
7.777895
13.825553
19.634111
16.913244
12.244327
7.563489
-2.033710
-10.215385
-13.161557
-16.590187
-16.151667
-10.776179
-8.106743
-5.956377
0.721557
6.404093
11.277880
18.713985
19.101586
14.347008
10.301556
2.288307
-7.747071
-12.307508
-15.476261
-17.116240
-12.561423
-8.537258
-7.027728
-1.788480
4.756791
8.747918
15.835932
19.489186
15.624251
11.702606
5.783864
-4.316739
-10.896070
-14.081001
-17.472506
-15.009301
-9.910209
-8.128881
-4.473073
2.995559
7.583925
13.246366
19.304071
17.177377
12.513399
7.856233
-1.343318
-9.756940
-13.013908
-16.467571
-16.282627
-11.030946
-8.247580
-6.188154
0.492505
6.244353
10.905096
18.311569
19.179072
14.263562
10.393517
2.955198
-7.054806
-11.965377
-15.195949
-17.253160
-13.046094
-8.828470
-7.354191
-2.162457
4.748787
8.682353
15.520028
19.578082
15.821627
11.873756
6.181853
-3.931182
-10.654415
-13.766289
-17.288412
-15.109777
-10.000978
-8.120196
-4.660402
2.540691
7.059404
12.742622
19.149099
17.390932
12.678759
8.432184
-0.636067
-9.397779
-12.695789
-16.051701
-16.454799
-11.405093
-8.400338
-6.551232
0.000851
5.971023
10.398456
17.792838
19.252130
14.530761
10.447332
3.044265
-6.914309
-12.004716
-15.079975
-17.292840
-13.138907
-8.644547
-7.281303
-2.455030
4.534721
8.495195
15.169723
19.621168
16.041994
11.991944
6.548166
-3.432206
-10.612352
-13.675009
-17.314979
-15.516962
-9.992293
-7.839033
-4.739421
2.363750
7.038798
12.351956
18.835919
17.530067
13.078111
8.873940
0.126873
-8.988380
-12.673310
-16.256401
-16.937086
-11.792013
-8.567231
-6.789310
-0.326293
5.750997
10.028056
17.457179
19.321101
14.606203
10.658843
3.776891
-6.398814
-11.685576
-14.776162
-17.253501
-13.466222
-8.807182
-7.363047
-2.833605
4.223585
8.368662
14.893838
19.645350
16.235454
12.009995
6.760359
-3.029960
-10.340895
-13.378518
-17.077071
-15.683344
-10.348729
-8.123091
-5.227157
2.073220
7.017681
12.148108
18.908978
17.959220
13.087988
8.925200
0.425918
-8.820636
-12.603487
-15.928745
-17.005035
-12.025833
-8.507626
-6.773302
-0.611884
5.607094
9.821994
17.153706
19.460917
15.029737
11.053426
4.293067
-5.813667
-11.435236
-14.574528
-17.404386
-13.868638
-9.061950
-7.523639
-3.205878
3.970861
8.166688
14.558860
19.708020
16.598020
12.207712
7.252353
-2.481767
-10.278055
-13.278042
-16.716548
-15.688453
-10.494845
-8.139099
-5.607946
1.335825
6.523814
11.649302
18.639735
18.128157
13.341733
9.176731
0.744036
-8.745704
-12.710094
-16.104494
-17.056125
-12.091398
-8.308887
-6.911244
-0.948395
5.602666
9.596859
16.721657
19.361973
15.070949
11.070286
4.436970
-5.712679
-11.636530
-14.679262
-17.480510
-14.137711
-9.129729
-7.391657
-3.209114
3.868171
8.042029
14.301709
19.757407
16.895022
12.610810
7.676567
-1.969848
-10.059391
-13.337135
-16.882420
-15.934706
-10.587318
-8.144719
-5.569458
1.335825
6.458248
11.260680
18.447638
18.265077
13.458388
9.555987
1.405137
-8.110319
-12.151684
-15.439987
-16.891616
-12.190172
-8.571318
-7.073539
-1.336336
5.159548
9.435075
16.794886
19.647905
15.315158
11.219638
4.672153
-5.674022
-11.599915
-14.393670
-17.392806
-14.098031
-9.011882
-7.348401
-3.398997

