-2.321686
-5.587339
-7.957561
-5.796977
-7.239410
-6.769044
0.892026
4.526036
5.065884
10.819095
8.841242
2.721548
4.702125
1.588208
-3.406831
-2.441066
-4.280976
-8.650848
-7.067748
-6.553786
-7.972717
-1.778432
4.779952
4.920108
8.926732
10.842085
3.607614
3.265483
3.146785
-2.669266
-3.104550
-2.925396
-7.356235
-7.775852
-5.667039
-7.765463
-4.567078
3.323214
4.580021
6.353004
11.416163
6.194626
2.466781
4.360335
-0.495740
-3.275020
-2.155474
-5.770411
-8.668389
-6.274326
-7.331712
-6.770917
1.207079
5.465576
5.759682
10.994162
9.324380
2.651044
4.334109
1.834290
-2.979040
-1.959290
-3.403936
-7.856403
-6.919588
-6.579672
-8.436952
-2.643892
4.176072
4.715749
9.035042
11.680296
4.400866
3.565209
3.620897
-2.353702
-3.247091
-2.786432
-6.987708
-7.638591
-5.531311
-7.568598
-4.815544
2.947705
4.418237
5.949736
11.047806
6.069456
2.172674
4.110847
-0.367335
-3.354720
-2.176251
-5.359309
-8.358785
-6.064687
-7.015807
-7.037265
0.479903
4.907506
5.216428
10.568414
9.388072
2.656153
4.207918
1.893895
-3.288133
-2.836670
-4.111188
-8.186613
-7.037776
-6.375313
-7.937465
-2.238580
4.469327
4.686117
8.444445
11.336633
4.250663
3.158195
3.678799
-2.057212
-3.199407
-2.818278
-7.268020
-8.327961
-6.085294
-7.996389
-5.125829
2.858468
4.948718
6.474767
11.381251
6.450926
2.165522
4.163470
-0.242676
-3.245047
-1.779624
-4.842792
-8.070469
-5.988904
-7.145064
-7.326773
0.040361
4.607098
4.807540
10.229690
9.503875
2.987044
4.368850
2.288818
-2.850294
-2.601828
-3.871577
-8.133139
-7.053273
-6.208250
-7.850954
-2.302953
4.652228
4.865783
8.268527
11.235305
3.979206
2.583606
3.265313
-1.982791
-3.159046
-2.524342
-6.573200
-7.612876
-5.616120
-7.672650
-5.436455
2.529791
4.760027
6.450074
11.607579
7.082564
2.477680
4.247768
-0.394072
-3.857783
-2.597741
-5.388771
-8.527381
-6.354707
-6.878035
-7.001162
0.271457
4.748447
4.974263
10.202442
9.786401
2.907855
4.229716
2.307040
-3.067936
-2.622093
-3.700767
-8.347034
-7.505076
-6.419591
-8.341074
-3.104550
4.098756
4.491976
7.716417
11.015109
4.216603
2.956050
3.783703
-1.652070
-2.783367
-2.067600
-6.570305
-8.008139
-5.781310
-7.880926
-5.889620
2.156666
4.706212
6.008659
11.539289
7.168906
2.206564
4.405124
0.211000
-3.429481
-2.248457
-4.777057
-8.117812
-5.955526
-6.500993
-7.041352
0.244209
5.062137
4.990441
10.177238
10.186945
2.852508
3.742661
2.204861
-3.255606
-2.980232
-3.601824
-8.043391
-7.526023
-6.211655
-8.060421
-3.152234
4.068613
4.709789
7.918903
11.451074
4.756110
3.026724
4.085473
-1.731770
-3.337179
-2.477339
-6.843465
-8.687462
-6.286928
-8.138588
-6.315027
1.850469
4.852840
5.973577
11.313813
7.693257
2.671480
4.706723
0.749656
-3.101996
-1.884529
-4.471881
-8.284705
-6.176914
-6.678615
-7.754224
-0.799554
4.723924
4.498618
9.477990
10.194778
3.006799
3.692593
2.548354
-3.027405
-2.832924
-3.196171
-7.587331
-7.178954
-5.699396
-7.866621
-3.388609
3.898484
4.442249
7.224764
11.261020
4.869699
2.518722
3.871747
-1.665013
-3.754411
-2.846037
-6.646429
-8.732932
-6.301573
-7.580859
-5.770581
2.315726
5.366121
6.054129
11.287757
7.856573
2.083438
4.185438
0.854901
-2.929483
-1.814025
-4.258837
-8.325066
-6.673166
-6.877525
-7.926907
-1.180853
4.791873
5.168915
9.960617
10.722876
3.532682
3.833600
2.694130
-2.935614
-2.789668
-2.733639
-7.202285
-7.033689
-5.421298
-7.491963
-4.004410
3.316743
4.185949
6.588187
11.100258
5.289316
2.718823
3.873961
-1.185111
-3.535066
-2.667223
-6.433725
-8.437463
-6.035396
-7.434913
-6.224428
1.851320
5.167382
5.670275
11.011532
8.167880
2.222572
4.101310
0.826291
-3.623622
-2.578327
-4.621744
-8.385863
-6.662948
-6.519045
-7.540328
-0.778266
5.130768
4.988738
9.414639
10.812964
3.632648
3.912960
3.526892
-2.005781
-2.175059
-2.429996
-7.498264
-8.074386
-6.490946
-8.611168
-4.772970
3.461838
4.955019
7.381950
11.957373
5.759171
2.286775
3.910065
-1.097407
-3.418922
-2.008847
-5.230052
-7.747071
-5.522966
-7.245541
-7.098913
0.525543
4.286255
4.811117
10.608435
8.808885
2.774341
4.379579
1.148837
-3.798008
-2.802440
-4.694973
-8.770568
-6.656647
-6.051234
-7.884673
-1.846211
4.515307
4.371745
8.466073
10.664804
3.704854
3.415176
3.531831
-2.163308
-2.905641
-2.838203
-7.502692
-8.214031
-6.378889
-8.327620
-4.651887
3.487042
4.901545
6.818601
11.899301
6.341253
2.431699
4.650014
0.024182
-2.879756
-1.437834
-4.808222
-8.129392
-6.035396
-7.129567
-7.095167
0.624146
4.826273
5.210127
10.663101
9.325913
2.528940
4.198381
1.916204
-3.079176
-2.184084
-3.366470
-7.752350
-6.526879
-5.959954
-7.862193
-2.636909
3.915003
4.227332
7.883310
10.824885
3.701448
2.828666
3.416709
-2.443961
-3.561122
-2.979210
-7.024493
-7.938828
-5.732775
-7.598230
-4.755769
3.194298
4.985673
6.239414
11.486326
6.984813
2.222402
4.075084
-0.332935
-3.906148
-2.632311
-5.326101
-8.292028
-6.094149
-6.686108
-6.833076
0.647817
5.306176
5.332742
10.478326
9.848731
3.030470
4.469327
2.557891
-2.856595
-2.358300
-3.481763
-8.353846
-7.805143
-6.816047
-8.560589
-3.378221
3.906488
4.531826
7.953984
11.247226
4.406146
2.806698
3.626517
-1.733133
-2.942766
-2.298525
-6.520748
-7.921798
-5.783694
-7.960285
-6.209952
1.823221
4.302604
5.370378
10.936431
7.241624
2.373287
4.224948
0.197036
-3.355571
-2.182381
-4.776887
-8.045265
-5.909375
-6.372758
-7.101638
0.175408
5.256448
5.115611
9.904419
10.165657
2.921820
3.643717
2.294098
-3.121410
-3.050906
-3.597907
-7.896594
-7.541180
-6.363392
-8.080687
-3.093651
4.348925
5.081381
8.056675
11.862516
5.286762
2.930505
4.038130
-1.490968
-3.377880
-2.658537
-6.933383
-8.829491
-6.359475
-7.995367
-6.453139
1.670122
4.749128
5.599771
11.119332
7.881096
2.560105
4.526888
0.909907
-2.892528
-1.494374
-4.091603
-8.305992
-6.465571
-6.639957
-7.754053
-1.241480
4.447869
4.618849
9.296281
10.305473
3.119367
3.619875
2.634355
-2.896786
-2.687999
-2.846718
-7.192748
-7.016148
-5.486012
-7.835286
-3.847906
3.879581
4.713876
7.037265
11.546101
5.394220
2.283028
3.727164
-1.368182
-3.665515
-2.810274
-6.461314
-8.483955
-6.074394
-7.720504
-6.578479
1.596894
5.106585
5.684750
11.208057
8.778402
2.787624
4.707405
1.474108
-3.266164
-2.355065
-4.477160
-8.779424
-7.074390
-6.612369
-7.818937
-1.318795
4.962342
5.020755
9.169408
10.782480
3.483125
3.393037
3.342118
-2.150025
-2.360003
-2.168247
-6.786415
-7.466248
-5.630595
-8.104018
-4.909720
2.904960
4.375832
6.351471
11.290142
5.942583
2.535411
4.043409
-0.985180
-3.704003
-2.469846
-5.854879
-8.393696
-5.792209
-7.088695
-6.719146
1.046828
5.123275
5.278076
10.705846
8.936439
2.113410
3.726142
1.534053
-3.353698
-2.834797
-3.962346
-7.952111
-6.808383
-6.389959
-7.911069
-2.033540
4.629919
4.845858
8.963006
11.732749
4.426752
3.415857
3.827299
-2.015829
-3.109319
-2.764634
-7.315704
-8.239235
-5.905969
-7.697684
-4.942077
2.998965
4.858630
6.088700
10.994843
6.225961
2.179486
4.278932
0.004257
-2.956561
-1.777581
-4.880088
-8.255243
-6.237541
-7.240432
-7.531132
-0.180347
4.605906
4.815715
10.222026
9.562288
2.755097
3.976311
2.062321
-2.955709
-2.638953
-3.556865
-7.761717
-6.653581
-5.791187
-7.719653
-2.345358
4.589047
4.854883
8.163793
11.487177
4.655804
3.028767
3.640822
-1.796314
-3.150702
-2.655813
-7.017510
-8.277382
-6.279945
-8.111681
-5.733626
2.418246
4.991123
6.336314
11.598553
7.361855
2.565043
4.333598
0.118017
-3.548179
-2.287286
-4.940203
-8.313826
-6.493671
-7.184063
-7.708924
-0.620399
4.442249
4.548345
9.699719
9.991612
3.228869
4.348244
3.049203
-2.407006
-2.323219
-3.256798
-7.806335
-7.120030
-5.845172
-7.788965
-3.128222
4.130261
4.769223
7.420097
10.929959
4.431180
2.639975
3.670795
-1.578331
-3.005266
-2.114602
-6.439516
-8.294071
-6.017344
-7.854019
-6.158352
1.989092
5.106756
6.035566
11.337314
7.719653
2.039671
3.898995
-0.011751
-4.012074
-2.708094
-4.742656
-8.152553
-6.458930
-6.943601
-8.003031
-0.936474
4.697016
4.679986
9.832723
10.838168
3.743512
4.367317
3.357444
-2.449751
-2.691065
-3.265313
-8.070980
-7.737875
-5.992651
-8.009672
-3.717967
3.915685
4.753726
7.260357
11.289460
5.155631
2.731425
4.303115
-0.744888
-2.739429
-1.596212
-5.850281
-8.382968
-6.070307
-7.868324
-7.147619
0.764302
4.543236
5.041020
10.648285
8.159365
2.457755
4.188333
0.995398
-3.439358
-2.222231
-4.150357
-8.107935
-6.444454
-6.394557
-7.739237
-1.343829
4.708086
4.627364
9.078979
10.856560
3.526551
3.445319
3.067085
-2.619709
-2.985852
-2.976656
-7.187639
-7.387059
-5.761044
-7.943596
-4.177775
3.653594
4.767520
6.962333
11.789628
6.052596
2.709287
4.667895
-0.393902
-3.222057
-2.278941
-5.926916
-8.815527
-6.404775
-7.570471
-6.892511
0.956569
4.931348
5.520412
10.943924
8.957216
2.390487
4.187482
1.542739
-3.172500
-2.243689
-3.491129
-7.687296
-6.321498
-6.051404
-7.985319
-2.145086
3.999642
3.997428
7.981062
10.649647
3.959962
3.610679
3.726482
-1.943282
-2.677100
-2.546992
-7.218974
-7.854359
-5.729539
-7.842098
-4.860503
3.149509
4.971027
6.394046
11.349065
6.231921
2.155304
4.083770
-0.392539
-3.545625
-2.462523
-5.441223
-8.430140
-6.396260
-7.401534
-7.098402
0.762088
5.019733
5.153758
10.564838
9.416342
2.612046
4.048858
1.959630
-3.018890
-2.433743
-3.589562
-8.006436
-7.067408
-6.277561
-8.011886
-2.388103
4.547664
4.948718
8.540154
11.175360
4.420791
3.405299
3.788812
-1.763276
-2.787113
-2.110515
-6.646258
-8.005415
-5.859477
-7.973909
-5.647285
2.291884
4.608120
6.079163
11.187111
6.727491
2.252715
4.202468
-0.109502
-3.471885
-2.276557
-5.132982
-8.405447
-6.197010
-7.010358
-7.624456
-0.234672
4.777908
4.838875
10.019541
9.806497
2.685615
3.641503
1.952989
-3.027235
-2.579178
-3.475802
-7.673672
-6.877354
-5.848067
-7.811274
-2.728871
4.344497
4.860163
8.240257
11.743818
4.738740
3.051247
3.933055
-1.730578
-3.357444
-2.619369
-6.672825
-8.232423
-6.054980
-7.809741
-5.667039
2.211332
4.717282
5.915846
11.404582
7.578645
2.727168
4.738910
0.462532
-3.537110
-2.425228
-5.315372
-9.045771
-6.724596
-7.051570
-7.753883
-0.640324
4.631962
4.465239
9.302752
9.741953

