3.544262
7.776533
13.966560
19.472837
16.774620
12.381928
7.703304
-1.816239
-9.990931
-13.099228
-16.863176
-16.273260
-10.835273
-8.332900
-6.017344
1.139300
6.657328
11.497225
18.709217
18.736805
13.879708
9.757791
1.691410
-8.012056
-12.279408
-15.646390
-17.228297
-12.495688
-8.516652
-7.146938
-1.554659
5.014113
9.061439
16.186578
19.454786
15.190669
11.140108
5.069971
-5.148990
-11.301211
-13.973032
-16.910860
-14.278208
-9.393862
-7.937806
-4.215411
3.168072
7.639442
13.793026
19.825527
17.313106
12.608085
7.813147
-1.753058
-10.138750
-13.275828
-16.587121
-15.974896
-10.499954
-7.839203
-5.825417
0.984839
6.448030
11.191709
18.438441
18.915279
14.223371
10.175705
2.254248
-7.649830
-12.227978
-15.633447
-17.562764
-12.989555
-8.739403
-7.106236
-1.638276
5.060434
9.072508
16.007934
19.371680
15.256745
11.278221
5.450589
-4.613570
-11.033160
-13.962984
-17.155749
-14.679773
-9.776354
-7.980381
-4.335131
2.952303
7.443258
13.232061
19.311564
17.128161
12.525831
8.001498
-1.167570
-9.503535
-12.796777
-16.378845
-16.169718
-10.848386
-8.112362
-5.975621
0.661271
6.334952
11.115926
18.250091
18.710920
13.896057
9.917702
2.280985
-7.585287
-12.147086
-15.297788
-17.267125
-13.028213
-8.774655
-7.229022
-1.841443
5.026545
9.122065
16.033479
19.807305
15.610627
11.324883
5.352327
-4.660913
-11.199713
-14.112166
-17.320258
-14.859268
-9.620530
-7.914134
-4.496404
2.858639
7.355213
13.073512
19.389050
17.546926
13.136012
8.623089
-0.588213
-9.318250
-12.804099
-16.492094
-16.504015
-11.205333
-8.199385
-6.133148
0.364270
6.189857
10.813475
18.169710
18.955129
14.109952
10.106564
2.591269
-7.392679
-12.100424
-15.067373
-16.984088
-12.711116
-8.553267
-7.108620
-2.283028
4.369872
8.462838
15.490566
19.566842
15.804086
11.611155
5.900008
-4.257304
-11.007786
-14.112677
-17.430953
-15.076739
-9.715727
-7.716417
-4.285063
3.004585
7.590226
13.106210
19.195591
17.359597
12.852975
8.496046
-0.713723
-9.343965
-12.761354
-16.303403
-16.659669
-11.452266
-8.434057
-6.450755
0.176770
6.128550
10.619845
17.929077
19.106695
14.275994
10.266304
3.016676
-7.006441
-12.027536
-15.148265
-17.406600
-13.300521
-9.056159
-7.691554
-2.701793
4.248789
8.261204
15.198503
19.720793
16.076054
11.876651
6.265300
-3.657171
-10.694776
-13.601950
-17.033304
-15.062094
-9.649651
-7.694789
-4.608972
2.411945
7.154431
12.593780
19.129685
17.562083
12.953452
8.801222
-0.251191
-9.230035
-12.618644
-15.973534
-16.458716
-11.308874
-8.061954
-6.209442
0.175067
6.170103
10.458061
17.577921
19.016777
14.238017
10.197333
3.018720
-7.051400
-12.060574
-15.186923
-17.624753
-13.584580
-8.966412
-7.693597
-2.910239
4.249130
8.420093
15.117100
19.897563
16.444240
12.151173
6.655795
-3.289836
-10.669913
-13.840539
-17.317874
-15.487330
-10.065862
-8.021082
-4.975796
2.208778
7.036924
12.275151
19.114017
17.985106
13.202599
9.104013
0.554493
-8.695636
-12.364217
-15.720981
-16.535521
-11.542184
-8.272273
-6.666354
-0.427791
5.727666
9.905270
17.078093
18.996681
14.245340
10.408674
3.610338
-6.492819
-11.729853
-14.759472
-17.377308
-13.822147
-9.089538
-7.567406
-2.973250
4.357440
8.792196
15.081338
19.772053
16.263042
11.764765
6.347213
-3.489256
-10.784524
-13.611487
-16.868625
-15.473366
-10.122231
-7.938657
-5.179984
1.705544
6.744010
12.097699
19.280570
18.723011
14.063460
9.768690
0.985350
-8.596182
-12.661219
-16.205651
-16.961268
-11.784349
-8.193425
-6.546804
-0.627722
5.514792
9.405443
16.577244
19.018139
14.882599
10.889258
4.433904
-5.605391
-11.315686
-14.363016
-17.209734
-13.887882
-9.472200
-7.848399
-3.570318
3.633840
7.907152
14.389413
19.429922
16.206503
11.769703
6.809405
-2.851657
-10.458061
-13.384819
-16.824348
-15.736818
-10.335275
-7.924352
-5.371911
1.774175
6.967783
12.118816
19.045898
18.384286
13.434546
9.331873
1.001188
-8.348056
-12.123244
-15.477623
-16.745840
-11.968272
-8.535726
-7.220847
-1.388448
5.213363
9.506089
16.974892
20.019838
15.682152
11.523962
4.881280
-5.712679
-11.726958
-14.655760
-17.647232
-14.271566
-9.080342
-7.484300
-3.672157
3.187316
7.312809
13.376304
19.056797
16.595806
12.459755
7.993664
-1.529115
-9.727137
-13.063295
-16.891105
-16.150134
-10.743311
-8.184058
-5.724260
1.407351
6.602492
11.183534
18.337114
18.237829
13.035195
9.100267
1.422678
-8.203472
-12.323516
-15.663079
-17.314468
-12.726443
-8.773633
-7.294927
-1.432725
5.441393
9.487867
16.582523
19.685200
15.291827
11.273963
5.074910
-5.301237
-11.417866
-14.134475
-17.338991
-14.584916
-9.418896
-7.804632
-4.197018
3.134693
7.596867
13.549498
19.709212
17.593077
13.183185
8.641311
-0.999144
-9.538106
-12.980870
-16.596658
-16.349384
-10.906628
-8.176225
-6.080185
0.618185
6.051745
10.540656
17.825195
18.431970
13.891799
9.993655
2.396277
-7.235834
-11.847360
-15.089001
-17.176015
-12.834072
-8.626836
-7.420778
-2.242327
4.663297
8.916514
15.788078
19.438096
15.343428
11.312621
5.437136
-4.799196
-11.344807
-13.978311
-16.832011
-14.579296
-9.400334
-7.531984
-4.334961
2.948557
7.617644
13.431992
19.648756
17.695427
12.946640
8.552074
-0.615801
-9.355034
-12.714863
-16.360453
-16.484431
-11.217083
-8.433376
-6.627866
0.033379
6.061792
10.561773
18.005712
19.353117
14.720815
10.657481
3.141335
-7.013934
-12.030091
-15.273605
-17.529385
-13.383116
-9.005581
-7.585287
-2.763782
3.960643
7.956369
14.935902
19.441332
15.856709
11.798995
6.446327
-3.543922
-10.669742
-13.570445
-16.879525
-14.967918
-9.801388
-7.894720
-4.750490
2.392871
7.014615
12.435913
19.075871
17.589501
12.747390
8.759328
-0.015497
-8.978844
-12.555293
-15.939985
-16.531604
-11.381422
-8.096525
-6.311621
0.020266
6.220000
10.551725
17.659153
19.167491
14.442376
10.538782
3.422499
-6.758826
-11.947155
-15.005554
-17.534154
-13.794729
-9.098223
-7.613897
-3.018890
4.059247
8.140462
14.865058
19.916637
16.504015
12.130226
6.855386
-3.154789
-10.699545
-13.634137
-17.138038
-15.507426
-10.237013
-8.255754
-5.421298
1.748289
6.624801
11.729172
18.851076
18.290622
13.673646
9.497234
0.931195
-8.390461
-12.256248
-15.687602
-16.652516
-11.556319
-8.175543
-6.769044
-0.769241
5.457572
9.538957
16.761167
19.210918
14.572825
10.663441
4.259859
-5.961146
-11.642660
-14.523608
-17.389229
-14.060225
-9.168727
-7.493837
-3.164155
3.985677
8.075408
14.413084
19.716024
16.338655
11.956692
7.174356
-2.560616
-10.381256
-13.450895
-17.071281
-16.089848
-10.660546
-8.227995
-5.703824
1.541206
6.926060
11.856386
18.996000
18.822636
14.012371
9.922811
1.569135
-8.106232
-12.257099
-15.559026
-16.951902
-12.181146
-8.380243
-7.066045
-1.551594
4.870210
8.889607
16.128676
19.474881
15.267134
11.483771
5.286762
-5.027226
-11.257614
-14.291321
-17.374073
-14.296600
-9.367296
-7.819789
-4.000323
3.241301
7.475615
13.432673
19.333192
16.660861
12.145724
7.511888
-1.835823
-10.019200
-13.087647
-16.677039
-16.214337
-10.798318
-7.861682
-5.561454
1.080888
6.636892
11.346681
18.378156
18.550668
13.913597
10.097878
2.335140
-7.567406
-11.989559
-15.263047
-17.321621
-13.003860
-8.696318
-7.106406
-1.654284
5.231074
9.145737
15.996184
19.672939
15.574523
11.461292
5.604029
-4.445485
-11.089189
-14.042854
-17.191512
-14.638390
-9.681497
-8.051736
-4.646948
2.423184
7.002694
12.857403
19.200529
17.354999
12.902362
8.380413
-0.774009
-9.367296
-12.726443
-16.346829
-16.314302
-10.989734
-8.043221
-6.017515
0.336000
6.162098
10.591234
18.017122
18.985612
14.092071
10.318245
2.929483
-7.076604
-11.882612
-14.912742
-17.071451
-13.062443
-8.752176
-7.204328
-2.173185
4.781144
8.759328
15.632595
19.721304
15.876293
11.579479
5.865949
-4.241977
-11.197839
-14.129877
-17.513888
-15.308516
-10.030270
-8.068596
-4.878725
2.444301
7.198027
12.733596
19.101586
17.686742
13.266291
9.034872
0.137091
-8.839199
-12.547629
-16.228812
-16.863176
-11.787925
-8.500133
-6.629569
-0.232799
5.919933
10.358095
17.745665
19.264391
14.466047
10.521412
3.500666
-6.351301
-11.377335
-14.424665
-16.910519
-13.043880
-8.797816
-7.631268
-3.134864
3.962176
7.963351
14.604671
19.637857
16.162225
11.758464
6.412949
-3.561974
-10.941880
-13.985464
-17.296416
-15.511853
-9.991612
-7.786751
-4.938500
2.140318
7.074050
12.296268
18.790620
17.757075
13.108935
9.239742
0.753573
-8.591073
-12.365069
-16.084058
-17.181294
-12.132781
-8.655446
-6.824732
-0.506639
5.837509
10.106904
17.547607
19.763368
15.068395
11.063814
4.274845
-5.957910
-11.493989
-14.585086
-17.345633
-13.802733
-9.210961
-7.835286
-3.718308
3.491129
7.558210
14.122895
19.681794
16.813448
12.510674
7.313831
-2.382653
-10.415656
-13.517312
-16.986302
-15.618971
-10.264090
-7.968800
-5.543232
1.461846
6.470510
11.431149
18.497195
18.099887
13.450725
9.480374
1.254082
-8.375304
-12.410539
-15.696968
-16.968080
-12.085267
-8.229528
-6.626674
-0.725303
5.632298
9.739910
16.792331
19.449677
14.953784
11.035545
4.801069
-5.465916
-11.391469
-14.333555
-17.555271
-14.541149
-9.438140
-7.856403
-3.852674
3.454515
7.874966
13.957364
19.780908
17.216546
12.738023
7.883992
-1.839740
-9.985311
-13.242619
-16.858237
-16.244309
-10.732583
-8.062976
-5.688667
1.018047
6.371907
10.952609
18.059186
18.186229
13.492278
9.939500
2.158029
-7.373435
-11.776345
-15.154566
-16.953775
-12.556485
-8.751665
-7.337332
-1.768385
5.158527
9.173495
16.204630
19.689287
15.337297
11.042867
4.994529
-4.950081
-11.265789
-14.094285
-17.193726
-14.549494
-9.491444
-7.763590
-4.196678
3.036942
7.692575
13.568061
19.452402
17.135824
12.529407
7.977486
-1.467466
-9.967429
-13.067722
-16.554935
-16.328778
-11.113712
-8.300713
-6.170273
0.487055
6.232943
10.926213
18.309184
19.141947
14.343602
10.376998
2.770935
-7.168395
-11.919907
-15.309708
-17.122201
-12.734107
-8.744001
-7.426228
-2.296822
4.624469
8.615085
15.555620
19.728967
15.913078
11.776856
5.928959
-4.135541
-10.893515
-13.877153
-17.238004
-14.954465
-9.680986
-7.977145
-4.783698
2.301591
6.886039
12.540136
19.010135
17.328433
12.631757
8.320468
-0.650031
-9.446485
-12.915645
-16.274452
-16.522918
-11.316878
-8.173159
-5.942413
0.540188
6.211145
10.558707
17.770358
18.977949
14.248916
10.417189
3.222397
-6.759678
-11.693750
-14.874765
-17.411198
-13.305119
-8.797986
-7.279600
-2.325773
4.633154
8.743320
15.291316
19.589833
16.000271
11.971337
6.492989
-3.564017
-10.691030
-13.779061
-17.476763
-15.597173
-10.289294
-8.321319
-5.130598
2.207926
7.037946
12.470995
19.221306
17.733063
12.936252
8.708409
0.067268
-8.926902
-12.405089
-15.827928

