-18.644333
-14.348030
-12.016467
-4.498788
6.725788
11.455842
17.956495
20.347493
15.431643
12.048142
7.981232
-1.515831
-7.702964
-11.316368
-16.898428
-19.551686
-16.211782
-13.243811
-8.713518
3.215585
9.822335
15.340192
20.572458
17.313787
12.753861
10.008642
1.907349
-6.524154
-9.945290
-14.995166
-19.421748
-17.941339
-13.685056
-11.052574
-0.636578
8.831535
13.439655
19.991738
19.419704
14.240401
11.677061
5.963700
-3.755944
-8.308377
-12.599570
-18.107040
-18.887009
-14.680454
-12.513059
-5.138431
6.379059
11.352130
17.763547
20.544188
15.815667
12.099232
8.278234
-1.177447
-7.595675
-11.143684
-16.703776
-19.529717
-16.351598
-13.329642
-9.212324
2.623456
9.484802
14.883620
20.270688
17.285347
12.738534
10.214193
2.301931
-6.283011
-9.783166
-14.675174
-19.112314
-17.811060
-13.564314
-11.029754
-0.989267
8.627517
13.158832
19.869975
19.696270
14.451742
11.691196
6.039143
-3.652573
-8.604016
-12.795414
-18.164430
-19.035850
-14.742443
-12.440511
-5.452122
6.123611
11.102131
17.277513
20.303726
15.783480
12.247903
8.682523
-0.571523
-7.346017
-11.152199
-16.713483
-19.885983
-16.844954
-13.410194
-9.254558
2.532346
9.656804
14.868464
20.320926
17.560380
12.898786
10.430983
2.897467
-5.838871
-9.495190
-14.376981
-18.944911
-17.939125
-13.743298
-11.305298
-1.333100
8.410386
12.814658
19.394330
19.562755
14.373575
11.522429
6.086656
-3.538302
-8.449044
-12.546948
-17.902000
-19.002472
-14.856202
-12.479510
-5.829505
5.748783
11.185919
17.348017
20.410504
15.827588
12.082202
8.500133
-0.734329
-7.568938
-10.969128
-16.376802
-19.783974
-16.805274
-13.357912
-9.562799
2.056020
9.471008
14.776502
20.539590
17.964670
13.230017
10.646582
3.125497
-5.688327
-9.525503
-14.349052
-19.072805
-18.104485
-13.806990
-11.420420
-1.807724
8.229698
12.615749
19.222498
19.589322
14.664446
11.747565
6.454332
-3.199237
-8.288111
-12.485129
-17.901829
-19.211769
-15.076910
-12.598719
-6.219660
5.425555
10.723386
16.976765
20.374400
15.998908
12.186084
8.932693
-0.261239
-7.366453
-10.830845
-16.152007
-19.575528
-16.866411
-13.355187
-9.620701
1.945666
9.469305
14.601094
20.510810
18.088477
13.122729
10.611159
3.285067
-5.605221
-9.332895
-14.101778
-19.012349
-18.293687
-14.003345
-11.736325
-2.361706
8.003882
12.406281
19.002301
19.847155
14.643669
11.794056
6.719657
-3.030981
-8.192914
-12.218612
-17.762865
-19.443376
-15.391963
-12.947321
-6.802082
5.183561
10.624102
16.707693
20.568201
16.421420
12.506757
9.337664
0.320673
-7.054465
-10.544573
-15.912056
-19.408975
-16.796929
-13.273614
-9.833574
1.630953
9.272609
14.298132
20.404884
18.343925
13.407298
10.858263
3.773485
-5.296469
-9.160382
-13.922623
-18.825190
-18.400294
-14.076063
-11.822666
-2.842631
7.461309
12.074539
18.707173
19.748892
14.526503
11.517491
6.898812
-2.868516
-8.331708
-11.995520
-17.511163
-19.590173
-15.625272
-12.934208
-7.116795
4.825762
10.586466
16.577584
20.769494
16.598361
12.542350
9.626491
0.802279
-6.899323
-10.200398
-15.611649
-19.409486
-16.966718
-13.218778
-10.091066
1.305342
9.465899
14.097520
20.198652
18.729482
13.844286
11.138235
4.443952
-4.753556
-8.898292
-13.647761
-18.735783
-18.577746
-14.232567
-12.212821
-3.468309
7.457222
11.882101
18.376963
19.917148
14.829125
11.623076
7.142510
-2.579689
-8.272784
-11.895725
-17.125096
-19.374575
-15.719107
-12.868132
-7.512059
4.422324
10.403565
16.294037
20.755700
16.799825
12.616430
9.607417
1.096044
-6.765808
-10.190010
-15.284334
-19.281421
-17.265763
-13.392312
-10.289805
0.688689
9.511709
14.097350
20.331826
19.029209
13.978481
11.226790
4.693099
-4.589558
-8.970840
-13.342585
-18.632412
-18.804244
-14.523608
-12.287242
-4.181351
6.952115
11.596680
18.172094
20.111970
15.291657
12.137890
7.750477
-1.853194
-7.835456
-11.598042
-17.133951
-19.459724
-16.079119
-13.207367
-8.104699
4.002367
10.102306
15.656267
20.574331
16.989197
12.661900
9.767669
1.516342
-6.346703
-9.787594
-14.957530
-19.102607
-17.440489
-13.693060
-10.983263
-0.259536
8.723225
13.500452
20.013877
18.891266
13.712815
11.148793
4.926068
-4.535232
-8.848906
-13.109786
-18.348694
-18.935544
-14.574698
-12.288094
-4.668236
6.462846
11.358091
18.025466
20.398923
15.488011
12.185574
8.128371
-1.434939
-7.796458
-11.459419
-17.059871
-19.650289
-16.295058
-13.267824
-8.531298
3.330197
9.618487
15.062434
20.409993
17.399107
13.125965
10.451760
2.444472
-5.871909
-9.491444
-14.873573
-19.137859
-17.439978
-13.614893
-11.277539
-0.973259
8.485998
12.847526
19.275972
18.979141
13.903550
11.361156
5.636726
-3.964901
-8.543730
-12.818916
-18.255370
-19.047601
-14.901161
-12.571982
-5.368676
6.198713
10.969639
17.476082
20.230838
15.306473
11.562450
8.033514
-1.133851
-7.682358
-11.161395
-16.626971
-19.683668
-16.612496
-13.368470
-9.164129
2.561297
9.867634
15.233585
20.698650
17.990555
13.247558
10.640962
2.771957
-5.892856
-9.304626
-14.309543
-19.018309
-17.868621
-13.476780
-11.328459
-1.635211
8.310590
12.989555
19.499574
19.685711
14.537913
11.803763
6.722212
-3.095695
-8.276190
-12.467248
-18.093416
-19.295556
-15.124593
-12.746028
-6.148475
5.787270
10.806322
16.940492
20.466362
15.947308
12.073176
8.675201
-0.338384
-7.214376
-10.738884
-16.144514
-19.513880
-16.808680
-13.391631
-9.736163
1.894065
9.493317
14.508111
20.412036
18.075194
13.296264
10.714190
3.472567
-5.541529
-9.258134
-13.864040
-18.744809
-18.288408
-13.892480
-11.453629
-2.321005
7.882118
12.489898
19.117764
19.899607
14.838661
11.916161
6.941727
-2.806187
-8.188146
-12.144702
-17.636674
-19.388880
-15.491417
-12.940168
-6.974084
5.005087
10.406460
16.464676
20.406246
16.386850
12.399810
9.254558
0.407355
-6.942919
-10.456017
-15.960932
-19.679410
-17.109769
-13.479335
-10.386365
1.022986
9.304966
14.144012
20.268645
18.611465
13.654402
11.049168
4.192931
-4.924876
-8.780105
-13.366427
-18.299818
-18.210241
-14.143331
-12.002162
-3.214053
7.399491
11.953286
18.795047
20.221301
14.983586
11.888402
7.354532
-2.328839
-8.090734
-11.881420
-17.295054
-19.361462
-15.707527
-13.001476
-7.630927
4.357781
10.341065
16.040291
20.498719
16.647237
12.452773
9.609801
0.965084
-6.778070
-10.183539
-15.529224
-19.549642
-17.440149
-13.626644
-10.753700
0.303132
8.877175
13.638224
20.164422
18.907445
13.839347
11.416163
4.952635
-4.482610
-8.696318
-13.165815
-18.385819
-18.618958
-14.464685
-12.372051
-4.198551
6.940535
11.604854
18.101931
20.247017
15.344960
11.974062
7.837670
-1.649346
-7.655110
-11.310407
-16.856875
-19.316503
-15.930959
-13.142824
-8.349589
3.704854
10.024650
15.553236
20.529372
17.077412
12.674161
10.025842
1.766000
-6.631953
-10.039636
-15.159845
-19.473008
-17.819915
-13.616766
-10.901179
-0.410761
8.613382
13.371365
19.869464
19.161531
13.965028
11.337144
5.419084
-3.952810
-8.505753
-12.807676
-18.287557
-19.061565
-14.855180
-12.676546
-5.121231
6.450244
11.368138
17.718417
20.543677
15.834740
12.339694
8.437634
-0.978027
-7.528237
-11.078290
-16.575200
-19.498382
-16.153199
-13.086285
-8.974757
2.728019
9.629726
14.886686
20.393644
17.553568
12.978656
10.508299
2.757822
-5.948033
-9.643350
-14.608758
-19.013200
-17.784323
-13.712815
-11.268854
-1.281840
8.297137
12.747049
19.405910
19.381557
14.070954
11.306831
5.942242
-3.573213
-8.551223
-12.639250
-17.977272
-19.349030
-15.167509
-12.711627
-6.012746
5.731412
11.035715
17.114537
20.362650
15.864202
12.263060
8.731059
-0.516517
-7.386548
-10.759830
-16.214507
-19.791126
-16.785690
-13.380051
-9.555817
2.056531
9.506941
14.714173
20.411185
18.121345
13.423817
10.856049
3.442764
-5.452463
-9.283509
-14.084407
-18.728120
-17.980337
-14.016799
-11.749097
-2.380780
7.938998
12.304783
18.999747
19.749233
14.635665
11.728321
6.601129
-2.960307
-8.225441
-12.167692
-17.554419
-19.093582
-15.199695
-12.701409
-6.761040
5.038466
10.534014
16.471318
20.357541
16.062941
12.116432
9.025506
0.147138
-7.190704
-10.542699
-15.883446
-19.614526
-17.259121
-13.550690
-10.018008
1.363243
9.349074
14.247213
20.284653
18.328088
13.290814
10.774817
3.895589
-5.079678
-9.070294
-13.704811
-18.716710
-18.464667
-14.375108
-12.206009
-3.225122
7.579838
12.202944
18.842561
20.183495
15.116930
12.011528
7.319791
-2.394233
-7.926566
-11.876140
-17.398255
-19.370488
-15.589169
-12.974058
-7.732425
4.190377
10.128362
16.136510
20.478112
16.496522
12.521403
9.578296
0.879424
-6.810256
-10.199036
-15.412228
-19.288063
-17.204625
-13.460261
-10.368824
0.651223
9.004389
13.677904
20.110437
18.689803
13.668707
11.086975
4.640477
-4.687139
-8.890799
-13.368981
-18.577405
-18.631050
-14.408657
-12.108258
-3.923689
7.120882
11.840548
18.174819
20.193202
15.138388
11.957543
7.741622
-1.734495
-7.724932
-11.314665
-17.027855
-19.476925
-15.954460
-13.059207
-8.195639
3.709452
10.086809
15.745163
20.598854
17.104830
12.761014
9.980031
1.654966
-6.456205
-9.929453
-15.086276
-19.213302
-17.525979
-13.674498
-11.115755
-0.386068
8.674179
13.143165
19.682646
18.961940
13.778721
11.247907
5.245549
-4.249471
-8.558546
-12.882607
-18.101420
-18.654891
-14.372894
-12.381588
-4.803283
6.643874
11.397770
17.832177
20.293679
15.488352
12.060063
8.317743
-1.232965
-7.725613
-11.331524
-16.759293
-19.684349
-16.196796
-12.939828
-8.525678
3.149509
9.752853
15.250104
20.321267
17.260143
12.595143
10.121550
2.350126
-6.110328
-9.737015
-14.801366
-19.360440
-17.972163
-13.835260
-11.268854
-1.066242
8.537429
12.936422
19.382238
19.503151
14.399971
11.710610
6.097215
-3.489426
-8.317402
-12.511526
-17.954452
-19.020523
-14.750447
-12.370178
-5.493505
6.206887
11.216913
17.477955
20.372697
15.733753
12.193918
8.541005
-0.635045
-7.325411
-10.757787
-16.166653
-19.527674
-16.687087
-13.521739
-9.552922
2.252374
9.506941
14.891284
20.469597
17.696960
12.805462
9.966067
2.649512
-5.985669
-9.690012
-14.408146
-19.028016
-18.049989
-13.910362
-11.595488
-1.948902
7.984468
12.644529
19.338301
19.861630
14.750276
11.827435
6.537267
-3.165518
-8.140462
-12.113197
-17.620495
-19.058500
-14.927898
-12.428931
-6.194966
5.611011
10.910545
17.080137
20.673105
16.430105
12.654918
9.291342
0.057902
-7.199219
-10.860818
-16.211952
-19.604138
-16.884463
-13.349397
-9.953635
1.532350
9.149313
13.982058
19.838469
17.827409
13.102123
10.589021
3.379413
-5.412953
-9.376832
-14.287404
-19.010305
-18.352440
-14.124768
-11.881930
-2.705029
7.655280
12.228489
18.874918
19.808497
14.701571
11.921610
7.080521
-2.551079
-7.950578
-11.922462
-17.414093
-19.258090
-15.368291
-12.560913
-6.518705
5.060094
10.589361
16.654389
20.674637
16.438450
12.490749
9.569441

