6.012746
7.882970
2.363580
-2.084119
-2.710819
-8.799859
-11.029754
-7.124117
-6.498950
-3.543070
2.656664
2.462523
1.415695
6.779943
5.960124
4.424027
7.594483
4.588876
-1.398666
-2.152749
-6.208931
-11.505399
-8.651188
-6.980555
-5.690541
0.488588
3.354549
0.901052
5.313328
7.638591
4.482610
6.842954
6.680148
0.080211
-2.413137
-4.073552
-10.346685
-9.808711
-6.715740
-6.142344
-1.348938
3.880092
1.725640
3.213201
7.835116
5.095686
5.839041
8.093630
2.678292
-1.936810
-2.501692
-8.474077
-11.209590
-7.475104
-6.685598
-4.127537
2.144235
2.388954
1.191412
6.371566
5.783183
4.248619
7.391146
4.683222
-1.455035
-2.192770
-6.008489
-11.452777
-8.721011
-6.936278
-5.716085
0.427450
3.392185
0.757830
4.832234
7.388251
4.237379
6.499461
6.681340
0.375339
-2.266169
-3.788131
-10.205507
-9.868996
-6.650516
-6.238563
-1.640320
3.822872
2.074753
3.241471
7.894209
5.200250
5.597217
7.760354
2.409390
-2.334969
-2.576964
-8.174692
-11.216743
-7.569960
-6.710461
-4.194805
2.187320
2.790689
1.371418
6.405967
6.251165
4.466261
7.493837
4.898139
-1.315049
-2.233812
-5.853006
-11.458908
-8.738552
-6.651878
-5.714382
0.233139
3.572702
0.969512
4.709959
7.548503
4.663127
6.863049
7.076604
0.700610
-2.012423
-3.683908
-10.385002
-10.308027
-6.805999
-6.399836
-1.955714
3.586326
1.874992
2.879075
7.675375
5.131960
5.298342
7.763079
2.832072
-2.223764
-2.547503
-7.835286
-11.239052
-7.670437
-6.743499
-4.231419
2.032689
2.575772
1.039846
6.450755
6.329332
4.152060
7.488728
5.220686
-1.156160
-2.334458
-5.702462
-11.518683
-9.152038
-6.902729
-5.958761
-0.064203
3.751176
1.383850
4.707234
7.544586
4.340240
6.531477
6.997756
0.666210
-2.170631
-3.326109
-9.921789
-10.285037
-7.007292
-6.459100
-2.421992
3.289325
1.913309
2.677270
7.638761
5.408866
5.296639
7.847548
3.093311
-2.088717
-2.615111
-7.990258
-11.251654
-7.655280
-6.701776
-4.459449
2.081564
2.902065
1.026222
6.263426
6.687130
4.361527
7.322005
5.401203
-0.963041
-2.235174
-5.393199
-11.282989
-8.959600
-6.609985
-5.847897
-0.005450
3.680331
1.060622
4.508155
7.670437
4.323380
6.308045
7.085289
0.806877
-2.419608
-3.393378
-9.842600
-10.639429
-6.956032
-6.489073
-2.515827
3.363405
1.989944
2.392190
7.442066
5.335467
5.079167
7.849591
3.228528
-2.026728
-2.460991
-7.744857
-11.575392
-8.034706
-6.773812
-4.704169
1.756975
3.250667
1.365287
6.254401
6.889956
4.651376
7.596527
5.710806
-0.664677
-1.952137
-5.228179
-11.291334
-9.048837
-6.669930
-5.933728
-0.344004
3.688335
1.210145
4.204852
7.592951
4.490103
5.976132
7.114070
1.187325
-2.120222
-3.048692
-9.381090
-10.281461
-6.876332
-6.657669
-2.804143
3.074408
1.716614
1.905986
7.451943
5.637748
4.828147
7.697684
3.492321
-2.090420
-2.619880
-7.380417
-11.436939
-7.956709
-6.648983
-4.585641
1.972233
3.527743
1.363925
6.311791
7.039138
4.478693
7.515805
5.993673
-0.563519
-1.886913
-4.524333
-10.854687
-9.279762
-6.557022
-5.924531
-0.928470
3.421988
1.189368
3.957067
7.802589
5.062989
6.684235
7.930313
1.642193
-2.038138
-3.072364
-9.745359
-11.078800
-7.140466
-6.551743
-3.042732
3.085136
2.031156
1.647813
6.828308
5.367483
4.349266
7.326944
3.812483
-1.577309
-2.135038
-6.800549
-11.130912
-7.874114
-6.715059
-4.904440
1.573903
3.483125
1.189709
6.117821
7.492985
4.439184
7.075412
5.988734
-0.573226
-2.621923
-4.629067
-10.901519
-9.664978
-6.629058
-5.814859
-0.680855
3.866298
1.688514
3.939697
8.056164
4.808732
6.165675
7.739578
1.876525
-2.200093
-2.847569
-9.177753
-11.164801
-7.560934
-6.851639
-3.691571
2.407857
2.119711
1.660245
7.072517
6.118332
5.218302
8.010183
4.311800
-1.477003
-2.102171
-6.785393
-11.667183
-8.208752
-6.365606
-4.922152
1.029117
3.270762
0.761577
5.035230
6.763765
3.981590
6.719317
6.289652
-0.053644
-2.063002
-4.012074
-10.445629
-9.589706
-6.859473
-6.255422
-1.055002
3.882647
1.665524
3.574746
7.888930
4.769393
5.308390
7.316896
1.912117
-2.556017
-3.102848
-8.832216
-11.150156
-7.620709
-6.839378
-3.671816
2.658537
2.791371
1.976490
7.367475
6.308896
4.842792
7.942574
4.647630
-1.329524
-2.048526
-6.322690
-11.601618
-8.749110
-6.966931
-5.763769
0.049557
3.079857
0.913484
5.089896
7.276705
4.737037
7.514102
6.952626
0.310625
-2.020087
-3.696339
-10.306324
-9.954316
-6.700073
-6.230218
-1.810108
3.265313
1.213040
2.445323
7.066727
4.517010
4.957574
7.199219
2.196516
-2.421311
-2.919606
-8.585112
-11.009659
-7.331031
-6.628207
-4.027912
2.392360
2.725635
1.261234
6.379059
6.024327
4.221712
7.337332
4.762071
-1.472235
-2.653599
-6.002358
-11.474064
-9.045260
-6.730897
-5.316053
0.809090
4.102673
1.641682
5.455358
7.860661
4.603863
6.979874
7.454497
0.838382
-1.979385
-3.324747
-9.878193
-10.340214
-7.154601
-6.652219
-2.434594
3.509862
2.139466
2.983979
7.843290
5.460467
5.685091
7.976804
3.000838
-1.912287
-2.265828
-8.037090
-11.368990
-7.527726
-6.620884
-4.407338
1.842976
2.682550
0.881978
5.831378
6.074905
4.034724
7.137912
5.245209
-0.830889
-1.876525
-4.951954
-10.886533
-8.665664
-6.465401
-5.580017
0.209127
3.825086
1.148496
4.583257
7.835286
4.465750
6.212677
7.148300
1.026903
-2.370902
-3.399168
-9.714195
-10.517665
-6.939684
-6.268024
-2.185277
3.603356
2.307381
2.752542
7.794414
5.531311
5.110332
7.769380
3.198045
-2.134187
-2.462353
-7.693768
-11.747394
-8.279085
-6.865604
-4.985673
1.252379
2.785070
1.050745
6.066220
6.825924
4.589728
7.808890
6.074735
-0.629936
-2.070836
-4.825081
-11.204822
-9.416171
-6.636892
-5.859818
-0.485352
3.751005
1.267535
4.004410
7.689851
4.683392
6.163461
7.465908
1.619203
-1.831566
-2.745390
-9.189844
-10.379042
-6.844997
-6.633827
-2.916370
3.210647
2.324922
2.058574
7.388081
5.685432
4.666533
7.569109
3.661598
-2.087695
-2.765656
-7.203477
-11.623587
-8.357593
-6.788799
-4.999808
1.386574
3.352165
1.139811
5.888939
7.034029
4.228864
7.295438
6.247759
-0.413827
-2.113240
-4.453659
-11.006764
-9.869507
-7.021938
-6.410054
-1.351493
3.431014
1.399687
3.685951
7.901021
5.172321
6.458248
7.878372
1.980747
-1.915182
-2.546310
-8.837325
-10.901860
-7.177932
-6.549018
-3.533363
2.577135
2.336502
1.449926
6.631783
5.686794
4.560437
7.623093
4.334109
-1.451629
-1.988922
-6.235668
-11.197839
-8.328983
-6.871905
-5.441223
0.947033
3.487894
0.999655
5.446672
7.325411
4.101310
6.514958
6.289823
-0.299215
-2.779450
-4.549708
-10.575226
-9.871040
-6.718295
-6.059578
-1.316922
3.620216
1.702820
3.384352
7.920606
4.989079
5.812475
7.914816
2.357619
-2.030134
-2.579859
-8.602824
-11.512382
-7.838351
-6.850788
-4.090241
2.114092
2.690894
1.518215
6.633145
6.244864
4.731928
7.867132
4.906995
-1.153605
-1.875332
-5.691733
-11.285033
-8.526870
-6.748438
-5.688327
0.344004
3.567083
0.964914
4.657166
7.186787
4.263946
6.518875
6.528412
0.194311
-2.368518
-3.818784
-10.181325
-9.864569
-6.547315
-6.316560
-1.942941
3.552267
1.831395
2.712011
7.479021
4.971027
4.990782
7.394893
2.507142
-2.549376
-2.997603
-8.222376
-11.565004
-7.905449
-6.750311
-4.068102
2.201285
2.850975
1.415525
6.703479
6.503378
4.125834
7.528918
5.212341
-1.079696
-2.212354
-5.522626
-11.430979
-9.336301
-6.925208
-5.922488
-0.272138
3.388950
0.963381
4.397460
7.581881
4.789318
7.007803
7.431677
1.176766
-1.891170
-3.130606
-9.913104
-10.562113
-7.081202
-6.602151
-2.559594
3.073556
1.839229
2.165692
7.143702
5.125148
4.900183
7.476977
3.081560
-2.128567
-2.322027
-7.219996
-11.075224
-7.596186
-6.643704
-4.701274
1.680510
2.818619
0.791890
6.025348
6.679807
4.122768
7.067408
5.433559
-1.064539
-2.732958
-5.463191
-11.397089
-9.472540
-6.669419
-5.767175
-0.215599
3.949233
1.515661
4.265479
7.720675
4.492147
6.363732
7.506950
1.321009
-2.074753
-2.968993
-9.548664
-11.044570
-7.439511
-6.813322
-3.327983
2.862556
2.206223
2.099786
7.325751
5.745036
5.127362
7.970503
3.881454
-1.849617
-2.144064
-6.865604
-11.281116
-8.059570
-6.850277
-5.037955
1.172338
2.931356
0.585829
5.282504
6.716081
4.061290
6.863390
5.965233
-0.235353
-1.987219
-4.412447
-10.633298
-9.221349
-6.584099
-6.082569
-0.860180
3.715754
1.328843
3.651891
7.801567
4.576956
5.707060
7.398639
1.747949
-2.503395
-3.063849
-8.865254
-10.897773
-7.200411
-6.511211
-3.005096
3.030811
2.591780
1.991647
7.391827
5.863905
4.653249
7.802418
4.361357
-1.582588
-2.348423
-6.660053
-11.708566
-8.735486
-6.991965
-5.462851
0.675235
3.245047
0.991310
5.413634
7.251842
4.612718
7.191045
6.413460
-0.174216
-2.034392
-4.012244
-10.716745
-9.795087
-6.775515
-6.333249
-1.505954
3.470523
1.387085
2.986363
7.285220
4.654442
5.437817
7.546970
2.095359
-2.023663
-2.294098
-8.221865
-10.644368
-7.173674
-6.708588
-3.804650
2.679995
2.772127
1.713548
7.038968
6.325245
4.352672
7.346358
4.286766
-2.014807
-2.966779
-6.613391
-11.545590
-8.714880
-6.557703
-5.327123
0.659057
3.626347
1.090424
5.180836
7.353851
4.169260
6.840059
6.882633
0.342131
-2.157177
-3.645079
-10.419743
-10.467597
-6.955181
-6.429468
-2.096040
3.269230
1.681702
2.876861
7.790497
5.448035
5.868503
8.114576
2.908025
-1.874822
-2.294609
-8.088691
-11.130742
-7.375649
-6.468637
-3.998961
2.160924
2.528429
0.862564
6.104878
6.147282
4.223245
7.324048
4.867826
-1.304150
-2.276897
-5.803789
-11.444603
-8.892843
-6.788118
-5.748272
0.129257
3.744023
1.114437
4.545280
7.326944
4.016161
6.116799
6.696156
0.491483
-2.440555
-3.691571
-10.040147
-10.349240
-6.784541
-6.190538
-1.901729
3.731080
2.203669
3.060443
8.040326
5.437817
5.194800
8.025510
3.299032
-2.018894
-2.355916
-7.629395
-11.443070
-8.026872
-6.836653
-4.640988
1.733814
2.944640
1.274858
6.298678
6.752525
4.533870
7.537092
5.425385
-1.120056
-2.314363
-5.381448
-11.490754
-9.470156
-6.946836
-6.153584
-0.712531
3.223079
1.021794
3.976141
7.201263
4.334450
6.222044
7.058552
0.929151
-2.202817
-3.121580
-9.417193
-10.186604
-6.817920
-6.509679
-2.592802
3.283194
2.179316
2.291884
7.546800
5.732604
4.930496
7.595164
3.576960
-1.754420
-2.413648
-7.320472
-11.089189
-7.541180
-6.455864
-4.448209
1.895428

