-9.049518
-6.798676
-5.915676
-0.307901
3.636905
1.127039
4.291705
7.664646
4.599094
6.369182
7.473401
1.430341
-1.836504
-2.996070
-9.419407
-10.181325
-6.824391
-6.467445
-2.385548
3.516844
2.117498
2.267361
7.471016
5.403927
4.752534
7.697855
3.432887
-1.900366
-2.310617
-7.498605
-11.655433
-8.122921
-6.992476
-5.192586
1.506635
3.200088
1.273666
6.299359
7.249117
4.607609
7.611513
6.010873
-0.676428
-2.277919
-4.791192
-11.002336
-9.526696
-6.717784
-5.895240
-0.553301
3.712688
1.500675
4.200765
7.919414
4.683733
6.264448
7.612535
1.501186
-2.142021
-2.775703
-9.183713
-10.690519
-6.897960
-6.515299
-3.348930
2.696344
2.194132
1.690217
6.786925
5.453144
4.621063
7.581711
3.811972
-1.697540
-2.154112
-6.871564
-11.668035
-8.223227
-6.780284
-5.138772
1.261915
3.475802
1.173871
5.706889
7.074560
4.015650
6.672655
5.982092
-0.497954
-2.316066
-4.294089
-10.558537
-9.363719
-6.488051
-5.981922
-0.845875
3.993171
1.513106
3.720011
7.973228
5.014454
6.104367
7.974250
2.115284
-2.191407
-2.902916
-9.031296
-11.089189
-7.452454
-6.888083
-3.722736
2.495221
2.325092
1.600640
6.952967
5.951609
4.648481
7.848229
4.399674
-1.507657
-2.080713
-6.142344
-11.469466
-8.491107
-6.714037
-5.485671
0.358479
3.086329
0.726495
4.901034
7.137571
4.140990
6.757804
6.680829
0.269754
-2.117157
-3.900358
-10.323865
-9.734120
-6.604535
-6.037951
-1.118013
3.948382
1.837356
3.213712
7.761887
4.949570
5.290849
7.453135
2.235515
-2.278430
-2.735002
-8.523124
-11.228323
-7.446323
-6.732430
-3.980398
2.486706
2.796309
1.505443
6.834609
6.298678
4.467453
7.578986
4.854032
-1.504081
-2.560956
-6.211485
-11.688982
-9.242977
-7.039309
-5.776712
0.121593
3.345013
1.096725
5.023479
7.638931
4.463536
6.782498
6.972211
0.580549
-1.925911
-3.266164
-9.785891
-9.823527
-6.630080
-6.330354
-2.119201
3.349611
1.747097
2.548524
7.295779
5.162784
5.235502
7.576772
2.712522
-1.994882
-2.419949
-8.124794
-11.316027
-7.651874
-6.853683
-4.478182
1.975979
2.763442
1.114096
6.294932
6.330865
4.058055
7.334437
5.152055
-1.309769
-2.487557
-5.627530
-11.593955
-9.098904
-6.764446
-5.813326
0.008345
3.678799
1.069989
4.519224
7.801737
4.701614
6.683043
7.670777
1.451799
-1.942771
-3.331900
-9.911231
-10.436433
-6.880590
-6.431852
-2.295119
3.419774
2.051592
2.416883
7.425206
5.226646
4.989760
7.847377
3.433568
-1.813514
-2.161775
-7.357086
-11.327437
-7.931675
-6.924697
-4.873957
1.418591
2.815894
0.875507
5.925723
6.486007
3.946168
7.008484
5.531481
-0.848259
-2.168928
-5.018541
-11.121546
-9.220157
-6.887232
-6.070818
-0.398500
3.835985
1.385893
4.255772
7.733958
4.565375
6.204673
7.283688
1.093490
-2.269745
-2.996751
-9.495361
-10.665655
-6.996904
-6.486177
-2.885376
3.183058
2.411604
2.536944
7.709094
5.849940
5.087682
7.803951
3.619024
-2.252885
-2.782345
-7.361514
-11.423656
-7.975442
-6.651878
-4.922492
1.292229
2.907174
0.787633
5.753551
7.029772
4.399674
7.501500
6.292718
-0.292403
-2.025366
-4.601989
-10.914292
-9.413958
-6.690196
-6.103005
-0.863246
3.636905
1.307385
3.543411
7.499797
4.596199
5.966766
7.485151
1.810278
-1.938684
-2.609491
-8.839709
-10.624954
-7.075923
-6.524154
-2.991813
3.190041
2.424376
1.990455
7.282155
5.582741
4.419940
7.537092
3.872429
-1.941238
-2.454690
-6.812981
-11.492968
-8.292879
-6.847211
-5.235161
1.133340
3.269741
1.000677
5.732775
7.085800
4.277229
7.109642
6.292718
-0.338214
-2.285583
-4.600457
-11.029073
-9.630408
-6.778581
-6.191730
-1.170295
3.731932
1.494203
3.670795
8.013248
5.133833
6.000144
7.684061
1.987730
-1.900026
-2.534560
-8.802925
-10.831697
-7.098232
-6.559065
-3.602675
2.528940
2.393723
1.596894
7.048164
5.984136
4.681008
7.832391
4.469667
-1.502889
-2.227681
-6.511041
-11.396749
-8.293220
-6.878376
-5.386557
1.156500
3.627368
1.009362
5.128895
6.977149
3.985507
6.560939
6.210634
-0.152928
-2.222231
-4.033191
-10.526691
-9.622404
-6.765297
-6.467955
-1.614434
3.658533
1.659393
3.474610
8.016654
5.100114
5.718299
7.633141
1.987900
-2.661773
-3.196682
-9.029252
-11.355196
-7.560934
-6.610155
-3.664664
2.534219
2.327476
1.248632
6.721531
5.900519
4.355737
7.623264
4.652057
-1.405648
-1.769747
-5.669424
-11.131763
-8.571659
-6.678615
-5.654437
0.490631
3.665004
1.238244
5.078486
7.204158
4.655463
7.062299
6.740604
0.171150
-2.068622
-3.636735
-10.241440
-9.722880
-6.413971
-6.044081
-1.358305
3.946509
1.995223
3.272295
7.714203
4.840749
5.159037
7.532665
2.274684
-2.425739
-2.767529
-8.465392
-11.157819
-7.389443
-6.675380
-3.906318
2.467803
2.798183
1.617670
7.006271
6.596872
4.672834
7.791860
4.948207
-1.391343
-2.383164
-6.263937
-11.906794
-9.143523
-6.804807
-5.757468
0.012602
3.288644
1.001188
4.845687
7.346869
4.344497
6.751503
6.987367
0.566585
-1.984494
-3.228188
-9.863206
-9.871892
-6.715400
-6.443943
-2.164670
3.228869
1.461506
2.575772
7.437468
5.011729
5.121742
7.475615
2.642870
-2.241816
-2.744368
-8.133139
-11.087656
-7.515465
-6.722893
-4.102843
2.426250
3.090927
1.397133
6.521259
6.309407
4.196508
7.415669
4.966770
-1.432896
-2.497946
-5.892856
-11.512722
-9.218454
-6.875651
-5.646774
0.194992
3.709452
1.248292
4.812309
7.539817
4.342965
6.490265
7.018021
0.596557
-2.244030
-3.460305
-9.970495
-10.412421
-7.068941
-6.646429
-2.532857
3.126519
1.678807
2.591099
7.768529
5.450930
5.215917
7.720845
2.918073
-2.100808
-2.455030
-7.695471
-11.069604
-7.377863
-6.473405
-4.271950
2.099105
3.026043
1.205887
6.208931
6.557362
4.425560
7.507971
5.360842
-1.062666
-2.251182
-5.345685
-11.290142
-9.084088
-6.678615
-5.847556
-0.075102
3.863232
1.344510
4.537106
7.726976
4.478352
6.412097
7.172653
0.868184
-2.354213
-3.545965
-10.020222
-10.505233
-7.063832
-6.631783
-2.563000
3.258841
1.865966
2.158369
7.407836
5.425555
5.072866
7.756267
3.445830
-1.875332
-2.412115
-7.644551
-11.407648
-7.906130
-6.789991
-4.669939
1.824924
3.172329
1.191923
6.144387
6.593125
4.229716
7.355043
5.583763
-1.055002
-2.361366
-5.107777
-11.177404
-9.298325
-6.864071
-6.037099
-0.521966
3.586497
1.301425
4.235847
7.677589
4.575082
6.215402
7.141658
0.920977
-2.333948
-3.158365
-9.757451
-10.695287
-7.072687
-6.739412
-2.987214
3.121921
2.233301
2.194132
7.391146
5.795956
5.198887
7.901532
3.573043
-1.840932
-2.351659
-7.423162
-11.547974
-7.859639
-6.478855
-4.710640
1.577309
3.098931
0.943627
5.953142
7.024833
4.491295
7.324048
6.130763
-0.602348
-2.284220
-4.843303
-11.162928
-9.427071
-6.690877
-5.996568
-0.536442
3.672668
1.021794
3.694466
7.478339
4.416193
5.931854
7.455179
1.600300
-2.211162
-3.098420
-9.492465
-11.096341
-7.425717
-6.883655
-3.512246
2.765996
2.337013
2.092634
7.444450
5.777904
4.794257
7.805824
3.919942
-1.711335
-1.977682
-6.531988
-11.185237
-8.019720
-6.484645
-4.974944
1.321690
3.359999
1.219341
5.994354
7.386208
4.426752
7.188490
6.195818
-0.316756
-2.117498
-4.459109
-10.788952
-9.325743
-6.539140
-6.056002
-0.838041
3.839561
1.429830
3.548520
7.716928
4.858971
5.867992
7.398299
1.532691
-2.538306
-3.213712
-9.278740
-10.962316
-7.229362
-6.597723
-3.425394
2.689532
2.107450
1.519408
7.091250
5.989926
4.810946
8.042199
4.481929
-1.542909
-2.267190
-6.641150
-11.488370
-8.338349
-6.534713
-5.027907
1.216786
3.518888
1.099280
5.500657
7.139104
4.255942
7.086992
6.517002
0.058242
-1.934256
-4.010882
-10.639259
-9.823527
-6.893192
-6.342105
-1.244034
3.894567
1.758167
3.477676
7.649830
4.581554
5.379915
7.192748
1.646961
-2.425058
-2.859320
-8.801222
-11.096682
-7.370370
-6.651708
-3.637075
2.592291
2.439533
1.485518
6.870542
6.050723
4.707915
7.705178
4.462515
-1.627888
-2.344166
-6.395067
-11.477641
-8.474588
-6.700414
-5.324738
0.832592
3.571681
1.007829
5.321843
7.459436
4.515478
6.856748
6.552764
0.013794
-2.367496
-4.273994
-10.652031
-10.010856
-6.871053
-6.495374
-1.864944
3.419944
1.497609
2.826452
7.370199
4.802942
5.422320
7.675716
2.361536
-2.166033
-2.524342
-8.459943
-11.262042
-7.520063
-6.732089
-3.974778
2.312320
2.587012
1.309769
6.691047
6.190368
4.341773
7.495199
4.754237
-1.318795
-2.214568
-5.945138
-11.386190
-8.563825
-6.726810
-5.399329
0.549555
3.713540
1.115629
4.961491
7.303102
4.283871
6.564345
6.640128
0.169107
-2.487046
-3.871747
-10.442393
-10.336297
-7.066216
-6.597553
-2.182211
3.409556
1.661267
2.732107
7.497924
5.025693
5.318097
7.745709
2.629246
-2.200093
-2.435105
-7.950919
-11.092935
-7.590055
-6.790672
-4.312311
2.076285
2.763271
1.258169
6.696156
6.604876
4.568781
7.684401
5.396434
-0.972918
-1.916885
-5.334786
-11.079652
-8.659192
-6.507635
-5.541359
0.162125
3.649848
1.076800
4.474946
7.374627
4.351139
6.394897
6.834779
0.452995
-2.407006
-3.525870
-10.196481
-10.556834
-7.055998
-6.563323
-2.329179
3.339222
1.793589
2.395596
7.473060
5.230393
5.118677
7.666179
2.958775
-2.442939
-2.895934
-8.018187
-11.519875
-7.968630
-6.715400
-4.343476
2.011742
3.091948
1.348257
6.517342
6.784371
4.581894
7.627010
5.608797
-0.784908
-2.068451
-5.159208
-11.183194
-9.138925
-6.647451
-5.904606
-0.496422
3.673519
1.312324
4.298687
7.566384
4.534381
6.283862
7.039819
1.023837
-2.157348
-3.011738
-9.630578
-10.480029
-7.016148
-6.649664
-2.660070
3.209966
2.000502
2.210992
7.615941
5.757638
5.051749
7.764782
3.464222
-2.038309
-2.617155
-7.553611
-11.414971
-7.773978
-6.535734
-4.462685
2.026728
3.287452
1.199416
6.228174
6.997074
4.408189
7.582051
6.149326
-0.442607
-2.128056
-4.975115
-11.242798
-9.489230
-6.854023
-6.049020
-0.696012
3.644739
1.149859
3.999472
7.849421
4.804305
6.220170
7.508823
1.454864
-2.177613
-2.912964
-9.345497
-10.680641
-7.171631
-6.746905
-3.131117
2.856425
1.960312
1.885891
7.419246
5.693606
4.649843
7.613727
3.816741
-1.653603
-2.059255
-6.838526
-11.152199
-7.697684
-6.419591
-4.757813
1.608133
3.553970
1.128571
5.700418
6.929806
4.238571
7.059234
6.042719
-0.447546
-2.105917
-4.427433
-10.851281
-9.411573
-6.627185
-6.085975
-0.799894
3.829854
1.409054
3.736360
7.752180
4.652739
5.897624
7.543223

