4.490273
4.835129
8.064849
11.342083
4.493679
2.917222
3.895930
-1.874140
-3.319638
-2.504417
-6.843465
-8.489575
-6.194285
-8.102655
-6.019218
2.193451
4.910231
6.073032
11.668886
7.843801
2.642018
4.658188
0.505447
-3.457240
-2.178124
-4.880088
-8.831535
-6.608963
-7.014445
-8.051566
-0.962700
4.667555
4.749298
9.520224
10.143689
2.991472
3.792558
2.517019
-2.952644
-2.695152
-2.917562
-7.354191
-6.967953
-5.673170
-7.894891
-3.486701
3.590754
4.115786
6.929295
11.150326
4.763092
2.627373
4.024335
-1.354388
-3.380435
-2.408028
-6.304979
-8.174862
-5.726644
-7.437808
-5.982603
2.239772
5.197014
5.532333
11.059386
7.877861
2.100468
4.237720
1.018899
-3.235000
-2.295801
-4.479885
-8.511032
-6.779603
-6.912776
-7.792711
-1.086508
4.770415
5.013432
9.766136
10.770730
3.356593
3.580025
2.770764
-2.945321
-2.931527
-2.659900
-7.132292
-7.342611
-5.723068
-8.031981
-4.433053
2.971547
4.181181
6.641150
11.238030
5.699907
2.758333
4.387413
-0.808580
-3.234829
-2.318621
-6.017685
-8.279766
-5.803108
-7.337672
-6.491797
1.460143
4.992144
5.278417
10.643857
8.310931
2.238069
4.091774
1.076119
-3.388098
-2.285072
-4.273312
-8.576938
-6.748438
-6.524835
-7.881437
-1.445498
4.892009
4.935946
9.178945
10.949203
3.672838
3.394910
3.139973
-2.424036
-3.045286
-2.967630
-7.394552
-7.830347
-6.091424
-8.099760
-4.573890
3.189359
4.501002
6.599937
11.709247
6.365435
2.835138
4.585130
-0.333105
-3.103018
-1.918588
-5.436284
-8.338009
-5.973237
-7.319450
-7.162946
0.584636
4.814182
4.996402
10.371038
8.906637
2.518041
4.332917
1.800231
-2.989939
-2.003568
-3.578152
-7.839033
-6.600618
-6.073884
-7.775170
-1.928806
4.611186
4.621744
8.387566
10.989394
3.549712
2.760717
3.116471
-2.324751
-3.074067
-2.490452
-6.677594
-7.587842
-5.673340
-7.939339
-5.152396
2.872774
4.767350
6.425721
11.776515
7.055487
2.686466
4.520076
-0.266007
-3.624814
-2.475125
-5.494356
-8.660555
-6.237200
-6.950753
-7.079840
0.420468
4.870210
5.040509
10.404927
9.798663
3.002882
4.506452
2.522639
-2.947875
-2.500670
-3.560100
-8.359296
-7.406984
-6.223576
-8.015973
-2.909047
4.315717
4.622936
7.926737
11.088337
4.142182
2.713714
3.737382
-1.564196
-2.650533
-2.009187
-6.549018
-8.162941
-6.023816
-8.122240
-6.094490
2.109834
4.791873
5.990607
11.390618
7.241964
2.293927
4.181010
0.039850
-3.463030
-1.944985
-4.654101
-8.321660
-6.211826
-6.608963
-7.279430
-0.183242
5.012921
5.077124
10.157142
10.256427
3.224441
3.973586
2.493177
-2.962691
-2.683742
-3.305674
-7.744517
-7.213014
-6.094149
-8.156640
-3.295967
4.097904
4.604374
7.759673
11.658669
4.959277
2.792733
3.956386
-1.528944
-3.436463
-2.528259
-6.421975
-8.264439
-5.849259
-7.521595
-6.045103
1.767874
4.708086
5.735329
11.135169
7.569790
2.256462
4.202809
0.357287
-3.489937
-2.078840
-4.433734
-8.093119
-6.313324
-6.824391
-7.823876
-0.980241
4.448550
4.455873
9.385688
10.427747
3.460816
4.235165
3.168413
-2.599444
-3.052439
-3.669092
-8.362021
-8.007799
-6.189346
-7.888249
-3.257479
4.233292
4.864420
7.177251
10.962827
4.735504
2.491474
3.915685
-1.013279
-2.733469
-1.907860
-6.301573
-8.566039
-6.422486
-8.399657
-7.110153
1.230580
4.809414
5.826099
11.505059
8.437463
2.496753
4.299198
0.761407
-3.509351
-2.243008
-4.205874
-8.049011
-6.294421
-6.458419
-7.785048
-1.289163
4.365614
4.259178
9.128366
10.616609
3.405299
3.659044
2.973761
-2.546310
-2.549206
-2.736534
-7.269382
-7.347550
-5.740098
-8.152723
-4.397460
3.409556
4.314014
6.892851
11.301381
5.260025
2.496072
4.086324
-1.367331
-3.772463
-2.658878
-6.266151
-8.588348
-5.953993
-7.157666
-6.138257
1.678296
5.022117
5.397115
10.749613
8.058889
2.165352
4.158190
1.215594
-3.259352
-2.277068
-4.319123
-8.621897
-7.031134
-6.889275
-8.253200
-1.652070
4.681519
4.818269
9.390627
11.241266
3.830365
3.652062
3.214734
-2.529962
-2.843652
-2.696514
-7.407836
-7.743325
-5.939858
-8.304289
-5.101817
2.850975
4.410233
6.697178
11.413268
5.780118
2.521787
4.279784
-0.975302
-3.700938
-2.136912
-5.487374
-8.142846
-5.541018
-6.725107
-6.507635
1.097236
4.727159
4.744700
10.225262
8.508137
2.069133
4.050050
1.671485
-3.051247
-2.310106
-4.229375
-8.663280
-7.130248
-6.448712
-7.937806
-1.658712
4.908528
5.211830
9.097372
11.369501
3.908362
3.086839
2.896615
-3.003904
-3.464052
-3.108978
-7.267339
-7.801907
-5.859137
-8.040837
-4.994529
2.880096
4.337685
6.247248
11.494160
6.253719
2.595527
4.650695
-0.236375
-3.343310
-2.198560
-5.260706
-8.218459
-5.984988
-7.059574
-6.898642
0.710317
4.708597
4.846879
10.429450
9.096691
2.696514
4.443611
1.947709
-2.921479
-2.218996
-3.770249
-8.289644
-6.903921
-6.119013
-7.783345
-1.886061
4.892179
4.939692
8.443764
10.778223
3.497771
2.725295
3.255606
-2.180168
-2.935614
-2.436297
-7.056849
-8.272784
-6.281648
-8.390631
-5.614417
2.545459
4.721369
6.690536
11.837653
6.919588
2.661433
4.337685
-0.441074
-3.621408
-2.374990
-5.207062
-8.042199
-5.705186
-6.675380
-6.785563
0.600134
4.749298
4.803964
10.234628
9.496382
3.019401
4.446166
2.260378
-2.820492
-2.373968
-3.639460
-8.160727
-6.988219
-6.023986
-7.928950
-2.496753
4.173006
4.548856
8.061954
10.771070
3.790515
2.662625
3.274849
-2.105577
-3.093140
-2.594164
-6.944452
-8.184058
-6.062133
-8.150339
-5.515303
2.507823
4.684414
6.161077
11.576755
7.023130
2.328668
4.123960
-0.240122
-3.600121
-2.282347
-4.976818
-8.067914
-5.761555
-6.552253
-6.898471
0.366313
5.009515
4.926239
10.192565
9.713173
2.798183
4.332747
2.396277
-3.058059
-2.743687
-3.794602
-8.261374
-7.334607
-6.203822
-8.011035
-2.925055
4.076617
4.561629
7.804462
10.965722
4.065548
2.705710
3.499304
-2.158710
-3.584453
-2.788305
-7.090569
-8.472885
-6.031820
-7.895231
-5.808217
2.417053
4.908868
6.077119
11.458227
7.318258
2.556358
4.669939
0.651734
-2.894061
-1.608304
-4.542725
-8.181334
-6.120886
-6.840059
-7.537774
-0.165190
5.095686
5.205018
10.391644
10.278395
3.015654
4.005773
2.472912
-2.989088
-2.584457
-3.145252
-7.560764
-7.050208
-5.775179
-7.940701
-3.366300
3.773485
4.022121
7.099765
10.930470
4.071508
2.332415
3.707750
-1.742840
-3.608635
-2.723251
-6.671463
-8.391823
-6.000825
-7.559402
-5.716256
2.278941
5.235331
6.230899
11.636530
7.894209
2.433402
4.428455
0.523499
-3.620727
-2.430677
-4.685777
-8.331878
-6.247248
-6.349087
-7.093634
-0.311988
4.971709
4.909209
9.572336
10.242462
3.354209
4.137754
2.995389
-2.615622
-2.547332
-3.319127
-8.038453
-7.971185
-6.623949
-8.662598
-4.144737
3.693444
4.571506
7.156134
11.105708
4.780803
2.409560
3.873791
-1.246418
-2.928802
-2.097913
-6.303106
-8.286238
-5.931514
-7.629735
-6.129060
2.148151
5.531652
6.293740
11.605876
8.211817
2.265487
3.950255
0.539337
-3.553118
-2.196176
-4.009349
-7.734128
-5.897113
-6.157671
-7.580859
-1.125506
4.319634
4.523993
9.408678
10.790144
3.743001
4.051413
2.830880
-3.235510
-3.764629
-4.114934
-8.549009
-8.243152
-6.446498
-8.273465
-4.021611
3.595012
4.369020
6.621565
10.966914
4.808222
2.197368
4.007476
-0.911781
-2.983809
-2.100638
-5.955356
-8.276871
-5.975621
-7.587671
-6.543398
1.511574
5.019222
5.723749
11.104856
8.477654
2.870900
4.839557
1.462698
-2.911942
-1.852342
-4.067251
-8.412600
-6.705182
-6.401879
-7.481745
-0.994887
4.951954
5.034379
9.182351
10.408163
2.995900
3.076451
2.590929
-2.788305
-2.927950
-2.934933
-7.434062
-7.809571
-6.303276
-8.744853
-5.073207
2.934252
4.293748
6.702457
11.517320
5.764961
2.562489
4.088879
-1.029117
-3.483125
-2.173015
-5.609989
-7.992983
-5.496229
-6.976298
-6.506443
1.157011
4.777908
5.345685
11.097363
8.874110
2.762760
4.837854
1.889297
-2.967460
-1.991476
-3.738914
-7.937465
-6.512914
-6.189006
-7.642848
-1.507827
4.546302
4.507133
8.694274
10.496378
3.265142
3.128903
3.110681
-2.628224
-2.912794
-2.828326
-7.547821
-8.161068
-6.000825
-8.015122
-4.692589
3.286089
4.829679
6.633145
11.371204
5.840574
2.114602
3.958430
-0.793764
-3.381116
-1.978534
-5.261387
-8.145230
-5.830697
-7.083246
-6.913287
0.936644
5.277055
5.667380
11.269024
9.908676
3.330367
4.729373
1.969508
-3.244877
-2.561297
-3.956556
-8.193254
-6.724596
-6.033352
-7.666349
-1.940216
4.603522
4.241807
8.195128
10.848556
3.756114
2.960478
3.578152
-1.843146
-2.686126
-2.465929
-7.017510
-8.118153
-6.230388
-8.400338
-5.663633
2.503225
4.658699
6.423507
11.349235
6.311110
2.010209
4.057884
-0.506469
-3.657682
-2.185787
-5.023820
-8.097376
-5.775179
-6.538459
-6.758656
0.595025
5.136217
5.473750
10.700396
9.698868
3.034728
4.388945
2.161775
-3.149509
-2.651385
-3.888096
-8.127178
-7.066216
-6.117821
-7.942574
-2.494029
4.381963
4.639455
8.168391
11.308193
4.506281
3.229891
3.716775
-1.924379
-3.349100
-3.020593
-7.375819
-8.652721
-6.514106
-8.348397
-5.867141
2.344676
4.582916
5.966936
11.243990
6.707736
2.212865
4.290683
0.101839
-3.207752
-1.732962
-4.484143
-7.863556
-5.841085
-6.551572
-6.989241
0.264474
4.979713
5.038466
10.214363
9.761708
2.883332
4.016331
2.239772
-2.963713
-2.390827
-3.298691
-7.680825
-6.751333
-5.687305
-7.635355
-2.634525
4.363230
4.833255
7.934059
11.157308
4.351991
2.591951
3.387928
-2.159221
-3.780808
-3.063338
-7.295779
-8.794750
-6.581375
-8.294071
-6.380762
1.819985
4.554646
5.769559
11.378356
7.350104
2.418586
4.390308
0.071015
-3.885712
-2.559934
-5.018030
-8.518015
-6.221022
-6.449563
-7.128375
-0.152418
4.988057
4.818780
9.732587
9.977988
3.047841
4.248278
3.012589
-2.247095
-1.887764
-2.788646
-7.825579
-7.425206
-6.094660
-8.243152
-3.580196
4.059247
4.769734
7.715566
11.288439
4.549878
2.292224
3.287452
-2.417394
-4.065718
-2.872944
-6.692920
-8.497068
-6.073884
-7.721186
-6.308726
1.739093
4.587855
5.334786
10.959251
7.524150
2.097743
4.249641
0.470366
-3.854888
-2.692768
-4.893201
-8.474248
-6.325415
-6.499972
-7.481916
-0.494889
5.167552
5.049024
9.960447
10.971682
3.764629
4.357100
3.525359
-2.284220
-2.444812
-2.837522
-7.707732
-7.708243
-6.008659
-8.159706
-4.185608
3.512076
4.502024
6.948028
11.144876
4.816226
2.172504
3.848416
-1.435791
-3.519229
-2.141339
-5.924702

