20.522731
18.139226
13.164622
10.687624
3.555162
-5.363567
-8.957045
-13.756922
-18.693038
-18.187250
-13.971329
-11.748075
-2.542053
7.948535
12.505565
19.124746
19.962788
14.738866
11.886529
7.109642
-2.748796
-8.033173
-11.894362
-17.508950
-19.349200
-15.421084
-13.039793
-7.187639
4.733971
10.238545
16.235794
20.495823
16.436577
12.126310
9.286744
0.533376
-6.964888
-10.459593
-15.704802
-19.367763
-16.849892
-13.142313
-10.035208
1.096385
9.303093
14.174155
20.131724
18.568380
13.612338
11.098896
4.298006
-4.881110
-8.888756
-13.576065
-18.708365
-18.439123
-14.038597
-11.825221
-3.265994
7.541861
11.904751
18.437079
20.031248
14.828273
11.658328
7.306337
-2.213035
-7.984298
-11.827435
-17.365728
-19.609417
-15.911034
-13.222184
-7.883992
4.085984
10.131768
15.754189
20.403521
16.780240
12.485981
9.666341
1.292399
-6.616967
-10.180984
-15.399286
-19.385474
-17.321621
-13.342074
-10.465043
0.406674
9.122235
13.655935
19.906589
18.743617
13.641800
11.168548
5.164657
-4.450764
-8.653743
-13.099057
-18.277339
-18.627303
-14.279740
-12.082543
-4.231078
6.733622
11.557341
18.208027
20.340170
15.340533
12.018681
7.899489
-1.731770
-7.876669
-11.620181
-17.235279
-19.722325
-16.225406
-13.350248
-8.474418
3.467287
9.943247
15.258959
20.326376
17.066513
12.732744
9.957382
1.930169
-6.157671
-9.710448
-14.860119
-19.302028
-17.807143
-13.721841
-11.050190
-0.636748
8.736849
13.365916
19.856862
19.239358
14.109782
11.574711
5.726985
-3.796135
-8.369684
-12.657131
-17.985446
-18.794026
-14.658655
-12.406622
-5.088023
6.245375
11.123419
17.559699
20.343065
15.399286
11.813470
8.176565
-1.126528
-7.592099
-11.075224
-16.632591
-19.557135
-16.475405
-13.213328
-9.163448
2.635036
9.637730
14.962469
20.386662
17.510482
12.983765
10.343109
2.394915
-6.051915
-9.580510
-14.562777
-19.122192
-17.881904
-13.729164
-11.289290
-1.262937
8.498941
12.945788
19.542149
19.564288
14.323337
11.638914
6.348576
-3.276723
-8.205346
-12.481213
-17.821278
-19.015074
-14.992782
-12.757948
-6.034885
5.597898
10.653734
16.969272
20.334721
15.896388
12.181997
8.810588
-0.432900
-7.478850
-10.995354
-16.626120
-19.875254
-16.719614
-13.285194
-9.544407
2.061640
9.482247
14.264584
20.139558
17.844268
13.056993
10.627168
3.458772
-5.451441
-9.098904
-13.897249
-18.735102
-18.137864
-13.836963
-11.417866
-2.073050
8.100782
12.649127
19.313438
19.967726
14.681135
11.654411
6.594488
-3.097568
-8.262566
-12.082032
-17.535516
-19.033125
-15.122890
-12.840203
-6.920780
5.140134
10.749953
16.799314
20.650455
16.366925
12.309040
8.939505
0.001703
-7.442917
-10.729006
-16.078949
-19.596815
-16.957862
-13.338838
-10.171277
1.106092
9.076936
14.015436
20.176172
18.243279
13.455323
10.983092
4.030125
-5.205699
-9.163107
-13.825553
-18.727950
-18.233061
-13.817889
-11.746372
-2.852678
7.814510
12.121711
18.669367
20.046575
15.054941
11.951242
7.243838
-2.430507
-8.082901
-12.102808
-17.513207
-19.303560
-15.442371
-12.606893
-7.226297
4.562310
10.271924
16.117266
20.336424
16.423975
12.395893
9.523290
0.814540
-6.810086
-10.280950
-15.648774
-19.661699
-17.318896
-13.455153
-10.338851
0.849962
9.291002
14.088324
20.182133
18.590008
13.541494
10.990586
4.522800
-4.611015
-8.844989
-13.420582
-18.418346
-18.466030
-14.314311
-12.054784
-3.631626
7.293906
11.881249
18.379007
20.039252
15.021733
11.902877
7.566384
-2.134357
-7.894380
-11.632783
-17.280238
-19.468921
-15.746014
-12.932846
-7.884673
4.068102
10.190521
15.839679
20.451035
16.708374
12.476444
9.641988
1.085656
-6.868158
-10.207040
-15.398264
-19.274099
-17.205988
-13.293709
-10.550363
0.274522
8.815868
13.340712
19.976922
18.826893
13.837814
11.182002
4.861866
-4.636220
-8.932011
-13.390779
-18.438782
-18.655913
-14.237506
-12.045588
-3.894908
7.287094
11.751652
18.134628
20.268304
15.357733
12.066024
7.904938
-1.540695
-7.716417
-11.423315
-17.121008
-19.731692
-16.091381
-13.103485
-8.240768
3.705536
10.068076
15.723024
20.588296
16.954626
12.546267
10.021925
1.802785
-6.430830
-9.973049
-15.047618
-19.284146
-17.544712
-13.602972
-10.938815
-0.376872
8.575065
13.020379
19.603286
18.948657
13.719797
11.089529
5.296980
-4.259007
-8.752176
-13.068744
-18.361296
-18.873215
-14.531612
-12.301717
-4.773481
6.549188
11.343445
17.837286
20.270688
15.459742
11.948858
8.062295
-1.792567
-8.240768
-11.593103
-17.080307
-19.822972
-16.298294
-13.088158
-8.618661
3.443616
10.123934
15.403032
20.382234
17.496858
12.900659
10.497229
2.723421
-5.784886
-9.669747
-14.990057
-19.185373
-17.731190
-13.526167
-11.022772
-0.646114
8.846692
13.181482
19.612312
19.293853
14.097180
11.478492
5.774668
-3.808907
-8.504050
-12.800353
-18.176351
-19.048623
-14.545918
-12.253523
-5.187988
6.375313
11.144025
17.404556
20.162208
15.402351
11.876140
8.222205
-1.032012
-7.637909
-11.207887
-16.542673
-19.666467
-16.477449
-13.189827
-8.995363
2.833945
9.726116
14.990568
20.503828
17.759630
12.987001
10.219983
2.493518
-6.061963
-9.680986
-14.645202
-19.105503
-17.805951
-13.653210
-11.327096
-1.424721
8.323363
12.844971
19.342899
19.294194
14.222179
11.467423
6.024156
-3.557205
-8.412770
-12.613876
-17.991066
-19.162893
-14.896393
-12.404237
-5.557878
5.896943
11.031457
17.405919
20.280566
15.654564
12.112004
8.706536
-0.490631
-7.475785
-11.044400
-16.496352
-19.716365
-16.637700
-13.263055
-9.287425
2.476828
9.630748
14.819929
20.175661
17.675161
13.061081
10.371549
2.857106
-5.905458
-9.579318
-14.446974
-19.042833
-18.045732
-13.760328
-11.506932
-1.877546
8.082560
12.567214
19.098180
19.413403
14.371872
11.630058
6.390129
-3.383671
-8.488553
-12.506417
-17.992599
-19.396884
-15.118633
-12.506417
-5.899327
5.813837
11.090551
17.159496
20.571606
16.007083
12.179102
8.867979
-0.161954
-7.101979
-10.705165
-16.127654
-19.496168
-16.712121
-13.257946
-9.584257
2.046483
9.573017
14.561244
20.382404
18.138204
13.284854
10.748080
3.497090
-5.437306
-9.381771
-14.240742
-19.178391
-18.400976
-14.073338
-11.708396
-2.277749
7.862704
12.310573
18.972499
19.587278
14.350074
11.592422
6.707396
-2.977507
-8.252178
-12.087822
-17.531429
-19.175155
-15.221323
-12.646062
-6.592103
5.255767
10.656459
16.727788
20.505530
16.149453
12.248755
9.115253
0.186988
-7.125139
-10.525840
-15.941007
-19.467218
-16.762870
-13.162749
-9.983437
1.587357
9.553603
14.356545
20.381893
18.240554
13.207367
10.581357
3.450087
-5.521434
-9.364571
-13.990232
-18.905401
-18.488509
-14.132091
-11.979852
-2.922501
7.737364
12.120519
18.730504
19.956657
14.785188
11.827435
7.179294
-2.517530
-8.167199
-12.033156
-17.486300
-19.404718
-15.448672
-12.807505
-7.014956
4.934754
10.612011
16.415971
20.635980
16.717059
12.469121
9.449891
0.772476
-6.799528
-10.175535
-15.477794
-19.322123
-17.107895
-13.240405
-10.233607
0.913995
9.209599
14.003175
20.179919
18.478632
13.336114
10.753529
4.086835
-5.216428
-9.145566
-13.614723
-18.642289
-18.671751
-14.369999
-12.052229
-3.523316
7.263081
11.985643
18.596990
20.154374
15.006406
11.581864
7.048675
-2.511399
-8.303438
-11.860813
-17.292500
-19.474881
-15.685218
-12.947832
-7.620198
4.382304
10.470833
16.276325
20.665782
17.160518
12.916837
9.972879
1.377378
-6.522451
-10.044404
-15.292849
-19.387518
-17.225742
-13.233083
-10.257278
0.555686
8.985656
13.690506
20.020689
18.622024
13.589348
11.207206
4.782677
-4.643372
-9.036575
-13.486488
-18.513032
-18.789939
-14.424324
-12.142147
-3.997087
6.963525
11.551891
17.990044
19.847666
14.925344
11.592082
7.419416
-2.012764
-7.925544
-11.617797
-17.080818
-19.611972
-16.003507
-13.058186
-7.976975
4.160915
10.564838
16.173806
20.825522
17.251117
12.779576
9.877001
1.507146
-6.396430
-9.762389
-14.900310
-19.166470
-17.440830
-13.607230
-10.994162
-0.202656
8.818933
13.480527
19.998891
19.035850
13.842923
11.258807
5.067246
-4.476139
-8.946657
-13.246707
-18.430608
-18.772057
-14.476606
-12.362855
-4.618849
6.555830
11.172635
17.590523
20.008768
15.243122
11.999437
7.940190
-1.590763
-7.745028
-11.319774
-16.809702
-19.291980
-15.837465
-12.865748
-8.345331
3.580536
10.058880
15.536547
20.649263
17.274959
12.908322
10.149990
1.973084
-6.445817
-9.840386
-14.921938
-19.223349
-17.707518
-13.628857
-11.061260
-0.491994
8.748259
13.187443
19.716365
19.134794
13.838325
11.158160
5.394220
-4.162618
-8.806161
-13.091734
-18.353122
-19.128493
-14.877660
-12.657642
-5.291871
6.335293
11.243480
17.604658
20.430429
15.721491
12.189661
8.430992
-0.982625
-7.584606
-11.005572
-16.553743
-19.573654
-16.287225
-13.105869
-8.852312
2.979721
9.919235
15.165806
20.664249
17.500945
13.018506
10.329485
2.538817
-6.075246
-9.600265
-14.566694
-19.040959
-17.840351
-13.705492
-11.346340
-1.408032
8.213861
12.612683
19.174644
19.158295
14.003515
11.135510
5.686794
-3.972224
-8.808374
-12.898956
-18.195084
-19.222668
-14.923130
-12.577261
-5.786419
6.103686
11.260509
17.511163
20.600557
16.069412
12.446472
8.845500
-0.451974
-7.366964
-10.791336
-16.225917
-19.432477
-16.436917
-12.957879
-9.200403
2.522979
9.712832
14.827422
20.440647
17.951216
13.299329
10.703632
3.287963
-5.603688
-9.578637
-14.481374
-19.185543
-18.332515
-14.055286
-11.758293
-2.128908
7.998773
12.267487
18.792323
19.228458
14.118297
11.325053
6.213358
-3.338030
-8.482252
-12.479169
-17.867088
-19.281932
-15.171255
-12.598038
-6.340572
5.529267
10.942561
17.039095
20.408801
16.095638
12.313128
8.901528
-0.087874
-7.157326
-10.541167
-15.940496
-19.420896
-16.820431
-13.247217
-9.571654
2.042225
9.791170
14.736312
20.564284
18.325193
13.353143
10.649477
3.542900
-5.450930
-9.377003
-14.118467
-18.927029
-18.374750
-14.192036
-11.939662
-2.791882
7.751669
12.028217
18.669026
19.603797
14.522246
11.883293
6.970337
-2.776555
-8.256265
-12.179954
-17.693043
-19.490549
-15.405927
-12.605190
-6.693602
5.229882
10.718278
16.589846
20.563773
16.271387
12.331179
9.304455
0.465427
-6.879398
-10.301556
-15.619823
-19.377640
-16.936234
-13.268675
-10.033335
1.273666
9.328468
14.070272
20.311560
18.518823
13.581003
10.863202
3.964220
-5.273989
-9.241615
-13.823680
-18.773760
-18.583366
-14.231035
-12.051037
-3.313848
7.573196
12.031623
18.657276
19.964320
14.765774
11.782135
7.199390
-2.542223
-8.144719
-11.789118
-17.536027
-19.823483
-15.858923
-12.950216
-7.357938
4.688672
10.559389
16.395535
20.842212
16.835758
12.601614
9.798833
1.298870
-6.556341
-9.975774
-15.306473
-19.331149
-17.105852
-13.341052
-10.428769
0.655310
9.078809
13.621194
19.971813
18.654551
13.475418
10.995013
4.560266
-4.873105
-9.030955
-13.501474
-18.735783
-18.768311
-14.367955

