23.473842
21.387339
18.941164
16.163077
12.870857
8.608273
4.596370
1.083783
-2.156155
-5.623783
-8.704322
-11.768000
-14.781611
-18.075194
-21.826199
-25.240013
-28.498854
-31.606470
-34.277099
-36.207267
-37.783555
-38.586174
-38.596903
-38.221223
-37.727356
-37.168094
-36.784410
-36.221572
-34.451825
-31.700305
-28.716326
-25.879145
-22.901808
-18.987996
-13.964857
-8.793218
-4.302774
-0.135217
3.690379
7.225105
10.709592
14.146396
17.127991
20.124742
22.984573
25.399753
28.027977
30.836037
33.144099
34.631150
35.331590
35.263300
35.149881
34.970215
34.216131
33.581768
33.103398
32.243729
30.746971
28.983695
26.800292
24.462938
22.378479
19.962277
17.124925
13.952085
10.082551
5.634172
1.833950
-1.532010
-4.888603
-8.042540
-11.192049
-14.299835
-17.354999
-20.992075
-24.501937
-27.861936
-31.011956
-33.815077
-35.919803
-37.585838
-38.652931
-38.792746
-38.419962
-38.110529
-37.440232
-36.777258
-36.306552
-35.124166
-32.581942
-29.496976
-26.475872
-23.389374
-19.979477
-15.182495
-9.868315
-5.210468
-1.013960
2.914327
6.494692
9.883812
13.233423
16.343934
19.386155
22.378308
24.758237
27.152981
30.005319
32.476698
34.128428
35.033396
35.179002
35.107647
34.942627
34.309455
33.483676
33.119576
32.386099
30.864818
29.141222
27.238471
25.010620
22.799458
20.495994
17.862661
14.898777
11.259488
6.713527
2.751010
-0.531333
-3.917217
-7.280452
-10.226624
-13.238021
-16.280583
-19.884109
-23.482527
-26.704924
-29.724155
-32.766547
-35.116332
-36.744561
-38.026060
-38.391181
-38.247790
-37.822383
-37.244558
-36.672865
-36.321368
-35.371269
-33.262627
-30.222109
-27.318341
-24.399246
-21.179744
-16.830478
-11.711802
-6.857600
-2.522979
1.590593
5.183901
8.588008
11.942727
15.235458
18.074342
20.954268
23.663895
26.090997
28.809820
31.373331
33.316612
34.479754
34.927300
34.755639
34.712894
34.384046
33.666066
33.142396
32.734701
31.528303
29.882022
27.977228
25.799956
23.729120
21.634102
19.106695
16.211101
12.773105
8.612871
4.318612
0.810283
-2.429826
-5.794253
-8.794921
-11.847700
-14.986140
-18.414259
-22.105149
-25.582143
-28.807436
-31.836203
-34.515517
-36.445175
-38.096224
-38.749831
-38.800410
-38.358143
-37.996599
-37.246772
-36.785092
-36.091634
-34.298726
-31.510251
-28.493404
-25.610583
-22.616897
-18.725225
-13.472182
-8.335284
-3.940548
0.192438
4.048858
7.539647
11.043549
14.311075
17.304250
20.373719
23.183312
25.650433
28.282915
31.135082
33.336708
34.718173
35.228729
35.232646
35.171679
34.871442
34.106459
33.483505
33.147676
32.133715
30.405181
28.655018
26.656049
24.456808
22.237812
19.891773
17.070770
13.858591
9.742975
5.321503
1.574074
-1.727854
-5.129065
-8.332900
-11.372055
-14.403718
-17.610959
-21.316324
-24.901288
-28.073447
-31.075137
-33.973796
-35.931383
-37.566594
-38.507496
-38.679157
-38.414683
-37.987743
-37.320171
-36.730255
-36.357812
-34.883704
-32.255479
-29.244934
-26.346275
-23.377453
-19.739355
-14.908484
-9.622574
-4.929304
-0.658716
3.183229
6.657839
10.065181
13.468436
16.566515
19.454275
22.318704
24.838107
27.362789
30.173744
32.528469
34.130301
34.982307
35.006148
34.839085
34.791742
34.263475
33.429861
32.983337
32.194342
30.836378
29.060500
27.063574
24.814776
22.658621
20.488501
17.807484
14.717409
11.056662
6.664480
2.619028
-0.680004
-3.960814
-7.170779
-10.207040
-13.309887
-16.385147
-19.861630
-23.436717
-26.733024
-29.837234
-32.959836
-35.243205
-36.914519
-38.185631
-38.467305
-38.247449
-37.829706
-37.376710
-36.637783
-36.231109
-35.286120
-33.040898
-30.095237
-27.107171
-24.160658
-21.013021
-16.693728
-11.460100
-6.482771
-2.280474
1.657861
5.328485
8.774996
12.205499
15.341214
18.344266
21.353960
23.967539
26.324987
29.057775
31.690257
33.694676
34.739120
34.972089
34.841640
34.741504
34.355095
33.476693
33.066273
32.659939
31.346253
29.636792
27.905703
25.698628
23.555926
21.294526
18.726587
15.859774
12.482405
8.063146
3.861189
0.489950
-2.827644
-6.129401
-9.265457
-12.336458
-15.286888
-18.835408
-22.493771
-25.798593
-28.971945
-32.130991
-34.781524
-36.569323
-37.951810
-38.543769
-38.605928
-38.231271
-37.800074
-37.048374
-36.582266
-35.933426
-34.035444
-31.041588
-28.092521
-25.237288
-22.156579
-18.120153
-12.983254
-7.919243
-3.606081
0.562157
4.331555
7.712500
11.114223
14.388902
17.358576
20.146370
22.920711
25.322267
28.002092
30.809811
32.959495
34.408229
35.170998
35.187517
35.111904
34.632172
33.726352
33.186334
32.971416
31.976189
30.436175
28.581279
26.345764
24.189268
22.096293
19.704614
16.912903
13.723544
9.675196
5.419254
1.698221
-1.673698
-5.024161
-8.220332
-11.285033
-14.289277
-17.512015
-21.236454
-24.662869
-27.884415
-31.072412
-34.002236
-35.958460
-37.616321
-38.534743
-38.598435
-38.212878
-37.840094
-37.341799
-36.749499
-36.308765
-34.863779
-32.227039
-29.268776
-26.355301
-23.393631
-19.749403
-14.941692
-9.640626
-5.026034
-0.875166
2.994537
6.678956
10.057177
13.438293
16.467742
19.488675
22.400618
24.903331
27.373518
30.211891
32.729762
34.324612
35.211699
35.083975
35.084997
34.974813
34.394094
33.621277
33.362763
32.591139
31.069006
29.206446
27.259588
24.950334
22.881372
20.704951
17.939125
14.930282
11.158330
6.584951
2.583606
-0.744207
-4.134178
-7.373605
-10.371889
-13.394185
-16.410181
-20.102603
-23.857696
-27.169159
-30.190093
-33.169644
-35.458973
-37.156343
-38.340603
-38.698571
-38.553817
-38.146121
-37.670817
-36.912816
-36.544970
-35.489968
-33.110721
-30.065945
-27.095761
-24.278164
-20.984071
-16.634975
-11.260509
-6.406988
-2.149173
1.863241
5.490269
8.847543
12.294224
15.456847
18.507753
21.427699
23.917300
26.337930
29.142584
31.765699
33.541918
34.736395
35.115140
34.937859
34.799916
34.282548
33.461707
33.056906
32.401766
31.117201
29.445376
27.696405
25.525604
23.350205
21.328926
18.796410
15.886171
12.435062
8.168391
4.027571
0.520434
-2.684082
-5.958251
-9.003026
-12.013572
-15.164443
-18.477780
-22.143636
-25.495120
-28.693846
-31.658752
-34.222943
-36.041055
-37.554502
-38.307905
-38.261243
-37.870237
-37.502732
-36.842312
-36.368540
-35.849980
-33.917427
-31.170845
-28.232506
-25.345598
-22.399766
-18.559694
-13.558183
-8.385522
-3.913471
0.100306
3.828321
7.207564
10.693925
13.927221
16.942024
19.880193
22.626604
25.069884
27.661834
30.546359
32.801969
34.295831
34.934793
34.821033
34.733670
34.597261
33.903803
33.327682
33.040217
32.165391
30.574969
28.791257
26.785987
24.582488
22.453751
20.046064
17.256396
14.152357
10.130235
5.700077
2.022300
-1.315219
-4.636560
-7.853338
-10.948351
-13.972180
-17.162732
-20.928383
-24.471453
-27.651787
-30.760595
-33.823933
-35.980429
-37.678310
-38.683244
-38.802453
-38.525207
-38.196359
-37.554843
-36.836692
-36.467143
-35.285950
-32.626390
-29.582296
-26.715483
-23.805414
-20.174980
-15.444756
-10.071652
-5.329507
-1.177447
2.765826
6.241798
9.718112
13.157640
16.387020
19.447293
22.343567
24.813584
27.213778
29.967002
32.394273
34.093687
35.125358
35.316774
35.004616
34.774542
34.172705
33.360379
32.987424
32.256501
30.853067
29.089621
27.241537
24.982010
22.763695
20.524945
18.015248
15.017646
11.371374
7.026366
2.951452
-0.370911
-3.793750
-7.016829
-9.943417
-13.067552
-16.013895
-19.418171
-23.022039
-26.185002
-29.395138
-32.357829
-34.755979
-36.499330
-37.859167
-38.311992
-38.018567
-37.630456
-37.275553
-36.528792
-36.200115
-35.290888
-33.254623
-30.342851
-27.378968
-24.547407
-21.396705
-17.218079
-12.030261
-7.100105
-2.779279
1.165015
4.783698
8.200407
11.558192
14.735120
17.638888
20.628486
23.309163
25.696244
28.272867
31.064919
33.043623
34.360204
34.837723
34.593344
34.483671
34.225498
33.311674
32.852377
32.592842
31.408753
29.805388
28.006860
25.976896
23.864678
21.800654
19.386666
16.600575
13.366427
9.395395
5.110502
1.589911
-1.704182
-5.013602
-8.162430
-11.254719
-14.200551
-17.489195
-21.256038
-24.771520
-27.883734
-30.981983
-34.006834
-35.983835
-37.602357
-38.471733
-38.468497
-38.131646
-37.819999
-37.235532
-36.792074
-36.388465
-34.909078
-32.121624
-29.148885
-26.301656
-23.414578
-19.679580
-14.740229
-9.503875
-4.989931
-0.831911
3.038134
6.573541
10.119166
13.499941
16.639573
19.675664
22.523063
24.962936
27.603422
30.520814
32.829727
34.441948
35.462379
35.426276
35.158566
35.090106
34.417255
33.765009
33.445018
32.594545
31.074967
29.312372
27.281216
24.868931
22.643805
20.405906
17.707518
14.594793
10.644368
6.281478
2.371073
-1.019410
-4.450253
-7.686785
-10.771241
-13.838325
-16.856534
-20.384278
-23.976735
-27.267422
-30.375549
-33.417429
-35.613605
-37.180185
-38.349458
-38.666555
-38.449594
-38.016694
-37.487405
-36.801270
-36.339419
-35.173382
-32.785109
-29.806750
-26.838098
-23.849862
-20.517792
-16.113860
-10.914121
-5.979027
-1.725129
2.175910
5.732264
9.158679
12.557677
15.640429
18.530403
21.469593
24.029868
26.393107
29.235056
31.810488
33.625194
34.689733
34.873996
34.627914
34.534931
34.162147
33.278465
32.770804
32.369580
31.020812
29.354095
27.490684
25.302512
23.117236
21.091529
18.514906
15.679938
12.313128
7.956369
3.795453
0.384195
-2.858809
-6.078822
-9.222712
-12.282985
-15.288591
-18.602780
-22.260632
-25.569882
-28.552328
-31.704221
-34.414360
-36.236559
-37.666219
-38.184609
-38.186652
-37.810632
-37.306036
-36.631482
-36.125353
-35.633360
-33.866848
-30.988795
-28.078386
-25.244611
-22.303547
-18.238851
-13.047286
-8.039134
-3.640652
0.310114
4.056352
7.384164
10.783502
14.014074
17.057317
20.181452
22.891249
25.221620
27.897528
30.695200
32.823597
34.250191
34.830059
34.802301
34.693820
34.486566
33.801964
33.319167
32.970394
31.898873
30.312368
28.604610
26.645150
24.425983
22.398233
20.120995
17.378841
14.185735
10.047810
5.735329
2.110686
-1.277072
-4.597391
-7.745538
-10.770559
-13.827767
-17.156601
-20.880188
-24.419682
-27.827365
-31.017065
-33.832278
-35.965272
-37.657874
-38.557564
-38.818632
-38.594689
-38.159575
-37.668943
-37.123305
-36.673376
-35.141196
-32.481807
-29.535294
-26.610068
-23.640224
-20.030396
-15.292849
-10.068927
-5.327293
-1.104048
2.800737
6.369182
9.896244
13.323000
16.460078
19.484588
22.445236
24.971962
27.378287
30.144283
32.711540
34.329721
35.312687
35.339594
35.113096
35.001210
34.383365
33.640862
33.193316
32.509225
31.041929
29.233694
27.246816
25.170701
23.056439
20.839146
18.061399
15.061413
11.212826
6.820645
2.790008
-0.650542
-3.912789
-7.122414
-10.182858
-13.251475
-16.289098
-19.892624
-23.581300
-26.913030
-29.860565
-32.922881
-35.299574
-37.031003
-38.211686
-38.557734
-38.342476
-37.951299
-37.578515
-36.801100
-36.432573
-35.506998
-33.229079
-30.259916
-27.231659
-24.439778
-21.191835
-16.764062
-11.429957
-6.562131
-2.295119
1.805340
5.302770
8.726290
12.124607
15.241589

