-21.244628
-23.423944
-25.742735
-27.865001
-29.214280
-30.185495
-30.239139
-30.050789
-29.806410
-29.725347
-29.449803
-29.740163
-30.260256
-29.797043
-28.306927
-25.812898
-23.650612
-21.920715
-19.225393
-15.308857
-11.687449
-8.330515
-5.075250
-2.037287
0.857966
4.080704
7.684912
11.448520
15.308857
18.544538
20.980665
23.241043
25.602920
27.950662
30.174596
31.771490
32.187189
32.089438
31.609535
30.862263
30.417953
30.184644
29.388155
28.687886
27.996813
26.323795
23.891415
21.231004
18.292155
15.140261
11.982407
8.476121
5.101476
2.403430
-0.156334
-2.878223
-5.966084
-9.207215
-12.395041
-15.108245
-17.825706
-20.481348
-22.587436
-24.831295
-27.131523
-28.769629
-29.721601
-30.257702
-30.208145
-30.011450
-29.774223
-29.437031
-29.545852
-30.183111
-29.962063
-28.792109
-26.575327
-24.259431
-22.527661
-20.260130
-16.623054
-12.814488
-9.410381
-6.109987
-2.982616
-0.317608
2.776895
6.370204
10.120528
13.888393
17.536538
20.345620
22.706645
25.152819
27.278832
29.498168
31.388828
32.134226
32.205241
31.883887
31.249012
30.624185
30.233519
29.528141
28.772695
28.237275
26.846784
24.641241
22.208180
19.438607
16.261509
13.040645
9.633473
6.144558
3.148147
0.608989
-1.965761
-4.705361
-7.880926
-11.322328
-14.240742
-16.841888
-19.504513
-21.849189
-24.056605
-26.235921
-28.021676
-29.131174
-29.939413
-30.028479
-29.835531
-29.779843
-29.664380
-29.475689
-29.962574
-30.196394
-29.456956
-27.523892
-25.006362
-23.080621
-21.315472
-18.173967
-14.187608
-10.651691
-7.247925
-4.070997
-1.179320
1.755783
5.091769
8.701427
12.534005
16.243287
19.353458
21.686213
24.138859
26.494775
28.744595
30.753272
31.922204
32.235554
32.177142
31.560659
30.989647
30.613286
30.190945
29.270819
28.587580
27.676821
25.706461
23.260287
20.437751
17.384291
14.209577
10.979857
7.343803
4.159723
1.575606
-1.015152
-3.894057
-7.022449
-10.403565
-13.515438
-16.234262
-19.002642
-21.380356
-23.533446
-25.880507
-27.969394
-29.390710
-30.153309
-30.433450
-30.252593
-30.011450
-29.749870
-29.372147
-29.703890
-30.291762
-29.822929
-28.181246
-25.743076
-23.622683
-21.765232
-19.063439
-15.145540
-11.587994
-8.141824
-4.948718
-1.910244
0.805684
4.118681
7.717780
11.559555
15.358755
18.634796
21.141768
23.521866
25.870970
28.044667
30.389002
31.840972
32.084158
31.959670
31.553677
30.881848
30.523879
30.095066
29.328380
28.686864
27.882712
26.167801
23.724863
21.124056
18.187421
15.087298
11.854001
8.449895
5.133322
2.302272
-0.358139
-3.111533
-6.088189
-9.445293
-12.742962
-15.375955
-17.962626
-20.469938
-22.754499
-25.033781
-27.298757
-28.883389
-29.952867
-30.388662
-30.220577
-29.981307
-29.824802
-29.547385
-29.650245
-30.312198
-30.164889
-28.947421
-26.673419
-24.287019
-22.396530
-20.173958
-16.419036
-12.629032
-9.177583
-5.887577
-2.889122
-0.067268
3.060784
6.629058
10.299683
14.199359
17.797095
20.487138
22.775446
25.180067
27.473143
29.755660
31.561852
32.303333
32.376051
31.977722
31.263999
30.727897
30.431066
29.828038
28.978756
28.285980
26.891572
24.643966
22.071430
19.176347
16.076054
13.006074
9.569441
6.005764
3.124816
0.581741
-2.210992
-5.185774
-8.466244
-11.652878
-14.535018
-17.173971
-19.869293
-22.222825
-24.385112
-26.715824
-28.610911
-29.696396
-30.263151
-30.303853
-30.069011
-29.865333
-29.599156
-29.498850
-30.164548
-30.402115
-29.423237
-27.339458
-24.896009
-23.032257
-20.997013
-17.686912
-13.749940
-10.273457
-6.843465
-3.678117
-0.815221
2.078329
5.634172
9.325572
13.125454
16.795908
19.658804
22.001948
24.437223
26.660987
28.856312
30.910798
32.095739
32.179526
31.874861
31.262466
30.716828
30.378614
29.831103
29.063395
28.542621
27.455262
25.290762
22.758927
20.038571
17.073325
13.876302
10.580335
7.056509
3.951107
1.365117
-1.318625
-4.107782
-7.169928
-10.561773
-13.610806
-16.128676
-18.790279
-21.175487
-23.437057
-25.771005
-27.750560
-28.980459
-29.951334
-30.133213
-29.845749
-29.692820
-29.501745
-29.314416
-29.733011
-30.148881
-29.718706
-28.020484
-25.490352
-23.506028
-21.781070
-19.064120
-15.274286
-11.569262
-8.139099
-4.987717
-2.020768
0.772817
4.104887
7.739748
11.452436
15.254702
18.574681
20.991904
23.361274
25.758232
28.066635
30.274732
31.732661
32.051120
32.015187
31.614304
30.930042
30.510085
30.084678
29.283592
28.448275
27.685506
25.983708
23.682799
21.090167
18.078429
14.998743
11.972359
8.541005
5.215917
2.320153
-0.348772
-3.035409
-5.926405
-9.251833
-12.447323
-15.291316
-18.129519
-20.597662
-22.795030
-25.058814
-27.300460
-28.859718
-29.892240
-30.286823
-30.240161
-30.145134
-29.965639
-29.710020
-29.838426
-30.421019
-30.270474
-29.032060
-26.614666
-24.350030
-22.602422
-20.224537
-16.457183
-12.665987
-9.187630
-5.770241
-2.643211
0.130960
3.122432
6.778581
10.554961
14.475754
18.057483
20.678895
23.094075
25.483710
27.800628
30.036824
31.838928
32.480785
32.429865
32.025916
31.476532
30.941282
30.570371
29.792445
28.955766
28.272356
26.835544
24.388688
21.780729
19.000428
15.853814
12.755053
9.039640
5.595003
2.690894
0.123467
-2.652066
-5.455358
-8.690528
-11.999096
-14.940160
-17.499753
-20.201036
-22.440297
-24.564777
-26.978765
-28.641394
-29.677664
-30.377081
-30.330930
-30.018602
-29.834679
-29.569353
-29.414892
-29.926130
-30.022860
-29.092687
-27.076006
-24.547236
-22.577218
-20.589999
-17.307826
-13.475759
-9.971176
-6.614923
-3.513268
-0.628063
2.247606
5.784035
9.324891
13.112000
16.800676
19.722155
22.040606
24.323463
26.623011
28.779677
30.890703
31.898022
31.947068
31.664882
31.043802
30.388151
30.074120
29.502256
28.823955
28.205429
27.048758
25.032248
22.685017
20.006895
16.874756
13.898611
10.722024
7.109131
3.938164
1.329524
-1.267706
-3.936461
-7.138252
-10.454144
-13.481719
-15.999419
-18.716369
-21.164247
-23.213795
-25.496483
-27.564934
-28.914043
-29.779332
-29.975006
-29.906716
-29.706444
-29.531547
-29.303176
-29.681410
-30.350345
-29.808964
-28.179884
-25.770494
-23.726395
-22.011995
-19.259283
-15.340362
-11.745010
-8.409534
-5.111183
-2.113070
0.639302
3.896611
7.551908
11.217935
15.140261
18.403700
20.948308
23.422241
25.814601
28.073106
30.293124
31.947068
32.399212
32.256671
31.789882
31.118223
30.813558
30.413866
29.680559
28.997319
28.183801
26.471615
24.022375
21.424123
18.495321
15.401159
12.248073
8.635862
5.206040
2.479042
-0.162125
-2.944469
-5.961316
-9.261881
-12.550524
-15.369483
-17.992258
-20.629849
-22.936208
-25.288377
-27.572938
-29.108013
-30.144112
-30.632019
-30.456441
-30.256169
-30.000210
-29.756171
-29.813562
-30.381850
-30.253785
-29.123511
-26.797737
-24.362803
-22.543158
-20.310538
-16.716719
-12.827090
-9.285041
-5.833762
-2.748455
0.001533
3.036942
6.705182
10.339533
14.106887
17.795052
20.537887
22.791283
25.088957
27.352912
29.544319
31.449454
32.256842
32.210520
31.975508
31.306233
30.713592
30.303342
29.701676
28.934819
28.221096
26.843888
24.660655
22.121498
19.242082
16.136851
13.064657
9.672812
5.991289
2.985682
0.510216
-2.051422
-4.821505
-8.052928
-11.392491
-14.327424
-16.842399
-19.465004
-21.765913
-23.912191
-26.134423
-28.014524
-29.191801
-29.936859
-30.081953
-29.819182
-29.681921
-29.397181
-29.108865
-29.659782
-29.991695
-29.236419
-27.404853
-24.843386
-22.939273
-21.170037
-18.081835
-14.088665
-10.643687
-7.309914
-4.054138
-1.227515
1.408543
4.824230
8.431503
12.281111
16.012021
19.073657
21.427529
23.775782
26.082652
28.292622
30.399561
31.657049
31.950644
31.754630
31.232493
30.650071
30.294997
29.845408
29.026951
28.482165
27.600016
25.752102
23.254497
20.670550
17.672777
14.693567
11.507784
7.829155
4.589387
2.007995
-0.711509
-3.455026
-6.393875
-9.841919
-12.986319
-15.712976
-18.328769
-20.795550
-22.983551
-25.353602
-27.527469
-29.016052
-29.886280
-30.258383
-30.108009
-29.972792
-29.797724
-29.527290
-29.799257
-30.339616
-30.097110
-28.742041
-26.371820
-24.112804
-22.311722
-19.867420
-16.046592
-12.242283
-8.773974
-5.359990
-2.323559
0.363077
3.531490
7.141999
10.905266
14.793873
18.377134
20.958526
23.294687
25.581973
27.855635
30.135257
31.850168
32.410451
32.366855
31.974145
31.282050
30.822754
30.416250
29.708147
28.939758
28.220415
26.681934
24.422237
21.822623
18.771035
15.557323
12.548310
8.979014
5.330018
2.596038
0.074250
-2.557891
-5.457742
-8.830173
-12.127331
-14.934710
-17.525128
-20.232712
-22.490025
-24.553367
-26.798589
-28.585196
-29.798576
-30.305726
-30.296189
-30.097110
-29.907737
-29.605457
-29.540913
-30.120271
-30.171701
-29.162339
-27.067321
-24.599007
-22.711413
-20.753997
-17.281260
-13.324874
-9.900672
-6.566559
-3.511565
-0.707081
2.170120
5.663122
9.406805
13.314145
17.015082
19.828422
22.149597
24.575165
26.859215
29.029506
30.981983
32.090460
32.192639
31.869241
31.204053
30.678340
30.391557
29.808113
28.992551
28.451851
27.327197
25.157758
22.693191
19.942692
16.866582
13.793537
10.489907
6.894214
3.792899
1.255955
-1.486199
-4.363060
-7.412263
-10.827950
-13.760839
-16.391107
-19.024270
-21.414076
-23.451022
-25.853430
-27.827195
-29.045173
-29.973813
-30.183622
-29.972110
-29.741015
-29.463087
-29.287168
-29.671873
-30.179535
-29.681410
-28.061867
-25.583165
-23.490191
-21.723168
-18.903528
-14.967067
-11.288609
-7.785729
-4.640307
-1.763446
0.982795
4.263946
7.999114
11.697667
15.548979
18.903698
21.337611
23.697104
25.882210
28.113978
30.362947
31.790733
32.228742
32.077347
31.706776
31.003101
30.581611
30.055557
29.268776
28.666769
27.787856
25.984049
23.650272
21.074329
18.090180
15.026161
11.818750
8.287089
4.867315
2.153090
-0.397989
-3.085818
-6.117310
-9.519543
-12.744665
-15.467576
-18.049308
-20.707164
-22.929396
-25.170871
-27.353423
-28.884070
-29.969726
-30.331952
-30.134065
-30.034951
-29.813051
-29.497147
-29.617548
-30.229432
-30.133724
-28.830767
-26.395491
-24.106162
-22.383247
-20.137685
-16.410351
-12.666328
-9.179967
-5.932706
-2.841439
0.027418
3.061465
6.704671
10.466746
14.401845
17.909322
20.479475
22.839308
25.286674
27.621984
29.809816
31.600850
32.337393
32.319001
31.875713
31.198774
30.751739
30.424254
29.752254
29.046535
28.566463
27.163710
24.774585
22.185871
19.367422
16.130209
13.097354
9.662083
6.042378
3.148488
0.549555
-2.171823
-5.183731
-8.428097
-11.790310
-14.752490
-17.389229
-19.931112
-22.234406
-24.432966
-26.880332
-28.671707
-29.862097
-30.519622
-30.614819
-30.437367
-30.168806
-29.853242
-29.753617
-30.278478
-30.439922
-29.554367
-27.507033
-25.015388
-22.930758
-20.915100
-17.631224
-13.771398
-10.199377
-6.793056
-3.595863
-0.701291
2.068451
5.625657
9.370020
13.144016
16.844613
19.791467
22.208180
24.546044
26.869944
29.159614
31.263999
32.300608
32.353231
32.151597
31.452179
30.872652
30.520814
29.905524

