3.217629
7.072347
10.459593
13.880559
18.048286
22.466523
26.339122
29.853412
32.922711
35.580908
38.493531
40.559598
41.618007
42.585135
43.229716
43.000323
42.349270
41.202136
39.121594
36.986555
34.942116
32.306910
29.488802
26.637656
23.448638
20.176513
16.459056
12.100935
7.758992
3.441572
-0.997271
-5.009174
-8.727823
-12.698174
-16.772066
-20.532438
-24.381706
-27.680056
-30.194691
-32.435145
-34.998485
-37.439040
-39.351157
-40.436983
-40.820156
-41.291884
-41.637591
-41.362899
-40.775367
-39.845705
-38.217817
-36.285605
-33.765180
-30.965635
-28.108358
-24.824994
-20.741395
-16.357388
-11.766127
-7.115943
-2.676078
1.541206
5.602326
8.944784
12.236834
16.271217
20.659481
24.569545
28.435843
31.740325
34.524373
37.328856
39.779118
41.323730
42.347227
43.250833
43.205363
42.757988
41.996581
40.263278
38.043601
35.998310
33.620255
30.727557
27.917964
24.998188
21.867922
18.535512
14.330489
9.672471
5.465746
1.124995
-3.269400
-7.189683
-11.033501
-15.084403
-18.893480
-22.781236
-26.396172
-29.230969
-31.578030
-34.251894
-36.815064
-38.939374
-40.325437
-40.999481
-41.492156
-41.887760
-41.730744
-41.211843
-40.631124
-39.184434
-37.213905
-34.798384
-32.033409
-29.195547
-26.027816
-22.324494
-18.102271
-13.574021
-8.964709
-4.192931
0.156675
4.218646
8.017847
11.296102
14.889411
19.047260
23.326363
27.174609
30.752761
33.737421
36.632844
39.421661
41.267531
42.233127
43.079853
43.475287
42.983123
42.218310
40.913650
38.892371
36.909410
34.719195
31.936339
28.921536
25.907244
22.893122
19.637006
15.792165
11.296613
6.964036
2.656834
-1.838207
-5.750486
-9.512901
-13.655254
-17.531599
-21.291801
-25.006192
-28.054714
-30.533757
-32.998494
-35.673720
-37.978036
-39.800065
-40.680511
-40.986538
-41.431359
-41.746242
-41.244371
-40.629932
-39.548533
-37.796838
-35.834483
-33.149038
-30.157396
-27.191298
-23.786000
-19.540106
-15.333721
-10.704313
-6.179469
-1.653603
2.518381
6.449733
9.729522
13.159684
17.308167
21.569899
25.408609
29.026270
32.250541
35.089595
38.077831
40.355240
41.615793
42.637927
43.249641
43.028763
42.362894
41.389125
39.523159
37.458965
35.445690
33.015013
30.182600
27.217013
24.153505
20.994970
17.382758
13.028383
8.561441
4.426582
0.090940
-4.075425
-7.834264
-11.797462
-15.867438
-19.783463
-23.728950
-27.214459
-29.606989
-32.038518
-34.623657
-37.166391
-39.212874
-40.383169
-41.032859
-41.567939
-41.913646
-41.653258
-41.165011
-40.249654
-38.531337
-36.568642
-34.171513
-31.493732
-28.580427
-25.329930
-21.426848
-17.202922
-12.624945
-7.879904
-3.250497
0.972407
5.088193
8.751154
11.939492
15.727452
20.178897
24.327040
28.099162
31.499181
34.317119
37.259374
39.948395
41.472912
42.368344
43.319634
43.482610
42.962006
42.154108
40.559598
38.464069
36.456585
34.114463
31.347786
28.393609
25.366374
22.213459
18.725395
14.573165
10.235991
5.861691
1.415866
-3.014633
-6.716251
-10.569777
-14.752831
-18.726247
-22.524766
-26.154007
-29.132366
-31.517063
-33.945015
-36.554847
-38.850818
-40.352855
-41.109664
-41.471890
-41.949919
-42.022978
-41.567598
-40.883337
-39.416211
-37.472078
-35.222598
-32.523530
-29.521670
-26.563236
-22.885459
-18.554415
-14.086281
-9.460960
-4.812990
-0.303132
3.896270
7.675716
10.858093
14.396906
18.666301
22.963285
26.829243
30.417953
33.468008
36.291565
39.158549
41.080032
42.229891
43.077469
43.533870
43.175391
42.599951
41.524172
39.388793
37.170989
34.988437
32.292775
29.376064
26.307617
23.250580
20.013366
16.260999
11.727640
7.443087
3.189530
-1.372950
-5.483798
-9.241274
-13.345650
-17.266273
-20.951203
-24.852753
-28.011118
-30.480623
-32.851185
-35.572733
-38.026571
-39.788995
-40.750163
-41.151728
-41.625840
-41.866302
-41.401897
-40.901899
-39.951631
-38.286958
-36.254951
-33.656699
-30.844041
-27.844736
-24.343899
-20.102944
-15.764407
-11.145728
-6.512574
-1.921994
2.080543
6.083761
9.583916
12.965032
16.971656
21.327564
25.244270
28.920855
32.180207
34.865992
37.799392
40.170976
41.548865
42.530979
43.251514
43.249471
42.689357
41.550738
39.757150
37.751879
35.813025
33.352716
30.405181
27.617216
24.687222
21.610430
17.937762
13.602972
9.266819
5.067587
0.486714
-3.631796
-7.442917
-11.430298
-15.663249
-19.422088
-23.232528
-26.799951
-29.475348
-31.843015
-34.527608
-37.186146
-39.231096
-40.805170
-41.486536
-41.823047
-42.142698
-41.977167
-41.454179
-40.627888
-39.114101
-37.102870
-34.629958
-31.921523
-29.008389
-25.861944
-21.991900
-17.305102
-12.945448
-8.342607
-3.766162
0.591789
4.796471
8.446489
11.708736
15.616417
20.031418
24.121489
27.914899
31.345061
34.395456
37.319660
40.013790
41.556188
42.541538
43.427263
43.638945
43.101481
42.261396
40.756464
38.646119
36.592654
34.325293
31.439066
28.512648
25.405543
22.274596
18.912554
14.848369
10.374784
6.031309
1.580204
-2.874647
-6.738901
-10.608094
-14.741250
-18.697296
-22.478104
-26.321411
-29.141733
-31.396321
-33.962045
-36.706584
-38.815226
-40.225983
-40.898834
-41.460480
-41.947705
-41.923182
-41.258165
-40.665865
-39.312669
-37.378924
-35.217149
-32.153811
-29.271160
-26.334865
-22.603273
-18.300159
-14.000790
-9.326935
-4.586833
-0.144073
3.920453
7.647957
10.987520
14.470475
18.753495
22.930077
26.769127
30.286482
33.307246
36.088228
38.980416
40.821689
41.794266
42.715413
43.214560
42.880263
42.240790
41.013445
38.899524
36.887952
34.789188
32.107149
29.119934
26.063749
23.013013
19.822121
15.964338
11.547634
7.261038
2.990280
-1.452480
-5.441563
-9.115594
-13.115406
-17.192534
-20.979132
-24.797235
-27.977228
-30.423914
-32.833474
-35.455567
-37.894760
-39.710658
-40.727854
-41.142362
-41.755778
-41.838884
-41.467462
-41.010891
-39.735011
-38.035938
-36.079884
-33.461366
-30.564751
-27.668306
-24.235930
-20.040785
-15.736478
-11.136362
-6.525006
-1.954181
2.267701
6.204162
9.621211
12.951578
17.148597
21.560703
25.508063
29.090984
32.312870
35.194159
38.127388
40.354048
41.717972
42.683227
43.427604
43.267523
42.693956
41.640316
39.862565
37.796327
35.718169
33.199447
30.488968
27.536665
24.310861
21.165950
17.586946
13.260841
8.745364
4.530123
-0.015668
-4.178286
-8.086136
-12.100765
-16.263383
-20.132235
-24.006537
-27.702706
-30.210188
-32.486064
-35.089765
-37.706069
-39.701121
-40.904113
-41.471209
-41.996241
-42.232786
-41.965587
-41.394745
-40.562323
-38.890839
-37.032706
-34.416062
-31.622308
-28.632028
-25.335380
-21.169526
-16.791991
-12.293203
-7.583584
-2.884865
1.393216
5.341598
8.995192
12.350764
16.410521
20.692348
24.818182
28.601715
31.964268
34.794978
37.677969
40.451799
42.004245
43.071168
43.826444
43.945994
43.383837
42.351484
40.568965
38.431202
36.423888
33.999681
31.134742
28.124877
25.059666
21.922588
18.278701
14.006581
9.521757
5.330869
0.968490
-3.383500
-7.281474
-11.097022
-15.282290
-19.354991
-23.142440
-26.876926
-29.663699
-32.038007
-34.469366
-37.073919
-39.208276
-40.653774
-41.388444
-41.796991
-42.149169
-42.036261
-41.530643
-40.707588
-39.284740
-37.419285
-35.188368
-32.374689
-29.444865
-26.311193
-22.448812
-18.034152
-13.506413
-8.806331
-4.223245
0.072377
4.132475
7.907322
11.186089
14.946631
19.368614
23.521696
27.358702
30.785288
33.716645
36.734513
39.427280
41.232620
42.345694
43.355397
43.764455
43.376684
42.564528
41.196857
39.106778
37.185294
34.960338
32.291753
29.391391
26.380675
23.221799
19.857543
15.970298
11.494500
7.165670
2.745731
-1.545974
-5.528927
-9.450912
-13.549839
-17.455305
-21.393129
-25.246825
-28.453895
-30.749014
-33.268247
-36.023685
-38.457598
-40.136576
-40.957587
-41.442599
-42.062487
-42.113066
-41.660070
-41.157348
-39.960827
-38.152422
-36.117520
-33.410106
-30.458484
-27.455262
-23.824147
-19.653865
-15.317202
-10.710784
-5.958932
-1.334122
2.789327
6.682192
10.052408
13.653040
17.890590
22.150619
26.092870
29.887642
33.064059
36.003079
38.911785
40.956395
42.039837
43.101651
43.565716
43.377536
42.810610
41.619539
39.686305
37.572554
35.587209
32.911982
29.927492
26.894467
23.866381
20.620312
16.775642
12.321132
7.984298
3.641503
-0.971896
-5.132301
-8.852993
-12.848888
-16.921759
-20.796571
-24.722644
-27.985232
-30.416421
-32.825300
-35.401923
-37.794965
-39.638281
-40.699584
-41.105066
-41.540691
-41.818619
-41.590759
-40.948732
-39.899690
-37.979398
-35.912139
-33.448594
-30.577353
-27.545180
-24.263859
-20.263706
-15.996013
-11.407307
-6.737198
-2.092634
2.181019
6.308045
9.630578
12.795244
16.822304
21.050317
25.117057
28.824466
32.035453
34.983328
37.859508
40.293762
41.484492
42.341096
43.118852
42.991638
42.427949
41.526215
39.783716
37.777594
35.742862
33.143588
30.270815
27.383566
24.327721
21.089315
17.706156
13.451747
9.017502
4.751342
0.278950
-3.846032
-7.586309
-11.493138
-15.454463
-19.354650
-23.111956
-26.794331
-29.496636
-31.903301
-34.361056
-37.015336
-39.122445
-40.410246
-41.031837
-41.529792
-42.040859
-41.902746
-41.316918
-40.522473
-38.977351
-37.063701
-34.680026
-31.843696
-29.054710
-25.945732
-21.922588
-17.516954
-13.160706
-8.356912
-3.810610
0.682558
4.799196
8.380924
11.665991
15.567030
20.024947
24.040086
27.878284
31.388487
34.337214
37.123646
39.810453
41.456223
42.460646
43.450594
43.578318
43.110847
42.348760
40.881804
38.756132
36.712885
34.500360
31.552485
28.562886
25.495631
22.452729
19.058841
14.886175
10.450908
6.076268
1.667057
-2.819981
-6.798506
-10.582379
-14.709915
-18.694060
-22.612810
-26.297910
-29.259580
-31.629630
-34.285443
-36.725998
-38.828169
-40.405648
-41.221210
-41.644062
-42.027746
-42.045798
-41.448218
-40.836845
-39.469344
-37.507500
-35.327843
-32.685825
-29.673917
-26.527984
-22.896869
-18.559865
-14.167513
-9.429455
-4.740443
-0.319481
3.742320
7.649149
10.963678
14.466728
18.582685
22.897720
26.785646
30.280011
33.379112
36.148003
39.081744
41.012764
42.005607
42.982272
43.501343
43.175391
42.413303
41.076285
39.075443
36.981617
34.940754
32.368728
29.467685
26.435852
23.444891
20.291805
16.515766
12.210608
7.952281
3.596715
-0.883852
-4.917213
-8.678096
-12.612343
-16.666480
-20.358903
-24.248021
-27.637652
-30.079229
-32.502753
-35.075801
-37.568467
-39.367676
-40.421656
-40.803296
-41.270426
-41.646106
-41.343996
-40.712186
-39.809261
-38.271461
-36.248990
-33.718518
-30.912501
-28.033257
-24.728434
-20.719767
-16.531604
-12.065172
-7.428271
-2.916881
1.383679
5.412102
8.839369
12.184381
16.267981
20.655223
24.597985
28.322084
31.767062
34.604754
37.561485
40.033375
41.426420
42.472397
43.269396
43.242148
42.771271
41.915008
40.298360
38.189718
36.309106
34.000192
31.117201
28.164387
25.061880
21.982704
18.519163
14.189311
9.705339
5.449397
1.028436
-3.295115
-7.041693
-10.938304
-14.992952
-19.005367
-22.909301
-26.653494
-29.408421
-31.737259
-34.328529
-36.969185
-39.050068

