29.238292
31.270811
32.946042
34.039191
34.672022
34.457786
33.928326
33.662149
33.212560
32.656193
32.257523
31.027283
28.764861
26.385273
23.716688
20.354475
16.835417
13.627495
10.194608
6.516320
2.722910
-1.070840
-4.410573
-7.239921
-10.476794
-13.765437
-17.000948
-20.035165
-22.443703
-25.033610
-27.856827
-30.414207
-32.972097
-35.594191
-37.181548
-37.343161
-36.836352
-36.068644
-34.427813
-33.125196
-32.235214
-31.364475
-30.197246
-28.831278
-26.726382
-24.412870
-21.468231
-17.436062
-13.003009
-8.752516
-4.585130
-0.760385
2.704518
6.304128
9.222542
11.746883
14.252833
16.788755
19.557135
22.883415
25.992223
28.301477
30.490330
32.440424
33.633368
34.495252
34.660271
34.186670
33.886262
33.608164
33.011777
32.529831
31.857661
29.949120
27.565786
24.933645
21.840675
18.385308
15.175002
11.744670
8.006607
4.360846
0.371763
-3.121240
-6.014960
-9.164640
-12.525831
-15.973704
-19.241742
-21.719762
-24.323293
-27.196067
-30.038527
-32.553673
-35.350323
-37.229061
-37.899188
-37.508692
-36.853041
-35.377571
-33.934457
-32.907554
-32.089438
-31.038352
-29.731137
-27.911152
-25.507212
-22.685698
-18.876450
-14.494487
-10.176386
-5.770581
-1.841613
1.775197
5.428791
8.730548
11.365925
13.812269
16.535350
19.362143
22.537879
25.761638
28.319699
30.549765
32.633373
34.094708
34.860543
35.212721
34.837552
34.336022
34.063884
33.451489
32.880817
32.246453
30.539547
28.117384
25.716679
22.609064
19.044706
15.617950
12.335266
8.688654
4.945993
1.038483
-2.726998
-5.762918
-8.731910
-12.166670
-15.373571
-18.719264
-21.380356
-23.805755
-26.482514
-29.404674
-31.923567
-34.604924
-36.911964
-37.726164
-37.423032
-36.785432
-35.541398
-33.869914
-32.717160
-31.886612
-30.795165
-29.625211
-27.906895
-25.574991
-22.944893
-19.354139
-15.029396
-10.662419
-6.473235
-2.560445
1.164334
4.840749
8.115768
10.645900
13.025488
15.701737
18.374750
21.306447
24.570567
27.138506
29.134410
31.211717
32.831941
33.834491
34.310818
34.078700
33.446550
33.229760
32.872643
32.175609
31.678336
30.469894
28.244257
25.950330
23.191656
19.779887
16.432149
13.242279
9.804794
6.109987
2.278090
-1.583781
-4.809414
-7.706881
-10.746036
-13.804606
-17.185041
-20.108564
-22.471973
-24.970089
-27.935846
-30.510766
-33.121109
-35.681895
-36.995070
-37.053994
-36.556040
-35.533735
-33.968176
-32.796349
-32.072238
-31.161308
-30.003616
-28.566633
-26.515893
-23.991210
-20.817689
-16.756569
-12.516635
-8.340563
-4.220179
-0.516176
2.970014
6.633997
9.592772
11.903218
14.470816
17.076390
19.908292
23.336581
26.253802
28.566292
30.820710
32.623836
33.893756
34.618207
34.641368
34.150226
33.874001
33.617020
33.074447
32.668114
31.708479
29.615164
27.147872
24.574484
21.339825
17.798117
14.607566
11.200394
7.544756
3.742661
-0.182220
-3.636735
-6.573200
-9.940011
-13.362850
-16.561917
-19.539935
-22.056443
-24.619443
-27.597972
-30.344214
-32.890865
-35.707610
-37.566083
-37.954024
-37.425416
-36.599295
-35.133532
-33.612251
-32.648529
-31.796864
-30.811855
-29.345410
-27.261291
-24.886642
-22.088460
-18.122026
-13.774633
-9.401185
-5.166360
-1.360519
2.257143
5.903585
9.144374
11.527368
14.070613
16.831160
19.578763
22.740364
25.980132
28.496640
30.454397
32.351187
33.729417
34.524202
34.791912
34.364462
33.927475
33.658913
33.128772
32.537494
31.742709
29.999869
27.633735
25.099175
21.944557
18.482379
15.283142
12.017659
8.301735
4.604203
0.563008
-2.984149
-6.010021
-9.050369
-12.274640
-15.553917
-18.757071
-21.536691
-23.823295
-26.533774
-29.426643
-31.889336
-34.547874
-36.642211
-37.481785
-37.225996
-36.576986
-35.314390
-33.755302
-32.674926
-31.889166
-30.784096
-29.584510
-27.764184
-25.554385
-22.963115
-19.343070
-15.068565
-10.834932
-6.547826
-2.512421
1.080377
4.593134
8.002520
10.578462
12.988874
15.595300
18.192870
21.324839
24.533101
27.211734
29.194866
31.208992
32.919305
33.844028
34.224646
34.048046
33.563035
33.264330
32.735893
32.140357
31.604426
30.374357
28.130327
25.823116
23.102249
19.707169
16.418014
13.241598
9.690012
6.022453
2.147300
-1.642704
-4.873446
-7.573707
-10.770048
-14.101437
-17.364195
-20.225048
-22.744281
-25.361776
-28.415578
-30.899388
-33.500535
-35.954203
-37.301949
-37.218332
-36.582095
-35.640001
-34.145457
-32.902275
-32.026597
-31.185831
-30.188560
-28.852565
-26.811872
-24.242912
-20.985944
-16.942705
-12.602976
-8.370025
-4.216433
-0.424555
3.307377
6.811278
9.624277
11.982747
14.654568
17.623731
20.499229
23.660489
26.412180
28.795515
31.011105
32.910960
34.031187
34.709488
34.758023
34.208127
33.820357
33.611911
33.025401
32.500369
31.535966
29.541765
27.146850
24.453061
21.105834
17.658983
14.472689
10.978835
7.428442
3.583261
-0.315734
-3.776550
-6.743159
-9.871040
-13.129030
-16.385657
-19.543341
-22.137335
-24.457659
-27.363641
-30.122484
-32.727718
-35.453524
-37.141357
-37.684611
-37.150383
-36.305530
-34.839255
-33.458471
-32.695021
-31.738111
-30.612094
-29.270308
-27.174609
-24.804899
-21.837779
-17.864874
-13.477973
-9.332044
-5.150352
-1.350812
2.124820
5.784035
8.999109
11.441367
14.043536
16.595295
19.366911
22.634098
25.689261
28.053522
30.105455
32.115153
33.629451
34.380640
34.576144
34.198931
33.778463
33.387968
32.929352
32.339607
31.784432
30.122995
27.781895
25.320053
22.149427
18.735954
15.425852
12.075050
8.430311
4.770926
0.812326
-2.803121
-5.754573
-8.659192
-12.115581
-15.274797
-18.483400
-21.180425
-23.560354
-26.345083
-29.175452
-31.608684
-34.313202
-36.521639
-37.368706
-37.072556
-36.362580
-35.238096
-33.563546
-32.493898
-31.632355
-30.734880
-29.552323
-27.760267
-25.604963
-22.997345
-19.418171
-15.092407
-10.779074
-6.493160
-2.575091
0.992502
4.613229
8.035387
10.601963
12.880564
15.621015
18.287727
21.235262
24.487632
27.261972
29.330935
31.262466
32.892057
33.840111
34.221751
34.056050
33.627408
33.370597
32.956430
32.418796
31.961884
30.617373
28.335026
25.977577
23.116384
19.629683
16.439302
13.154745
9.626150
5.912100
2.158199
-1.700265
-4.871573
-7.785388
-10.994502
-14.282295
-17.444577
-20.306110
-22.737980
-25.337083
-28.296879
-30.945710
-33.625364
-36.045143
-37.413836
-37.436485
-36.848613
-35.790375
-34.193993
-32.980612
-32.182762
-31.353406
-30.194010
-28.525250
-26.436363
-23.990699
-20.697117
-16.588824
-12.437275
-8.228166
-4.021270
-0.466960
3.097739
6.691047
9.654079
12.100254
14.658826
17.232554
20.133938
23.402316
26.375737
28.637307
30.716998
32.463414
33.732142
34.398692
34.319333
33.938714
33.579894
33.122642
32.555035
32.048055
31.099660
29.152121
26.810510
24.285487
20.894323
17.496518
14.188290
10.718107
7.050208
3.269059
-0.654629
-4.154955
-6.894895
-10.000638
-13.335773
-16.613007
-19.604989
-22.191831
-24.617910
-27.455943
-30.146326
-32.598461
-35.203525
-36.933081
-37.392208
-36.788327
-35.911798
-34.432752
-33.042261
-32.026257
-31.124524
-30.214957
-28.971093
-26.923248
-24.559328
-21.597998
-17.817361
-13.433354
-9.117467
-4.888773
-1.086848
2.449240
6.049871
9.216751
11.610474
14.020545
16.855342
19.592558
22.662878
25.747163
28.076172
30.059644
31.963246
33.265693
34.079381
34.367698
33.949443
33.403976
32.986913
32.501050
31.767232
30.940431
29.294321
27.006354
24.581637
21.405050
17.955814
14.729840
11.496884
7.929461
4.120214
0.291041
-3.310101
-6.166356
-9.119340
-12.246030
-15.166317
-18.415281
-21.009275
-23.395675
-25.880848
-28.651442
-31.178679
-33.791406
-35.851342
-36.651066
-36.409582
-35.729408
-34.494911
-32.916239
-31.891550
-31.176124
-30.222450
-29.062203
-27.438402
-25.230135
-22.718225
-19.161361
-14.924492
-10.787078
-6.600448
-2.764463
0.718151
4.241807
7.515294
10.091918
12.451921
15.163933
17.824003
20.802702
24.145331
26.798248
28.837068
30.800274
32.441275
33.584493
33.973115
33.669131
33.277103
33.124174
32.735893
32.155343
31.742198
30.587060
28.416940
26.191132
23.443699
20.074163
16.704627
13.537066
10.024820
6.404434
2.546310
-1.261064
-4.562650
-7.295779
-10.615758
-13.902017
-17.232384
-20.117589
-22.503819
-25.175640
-28.086220
-30.699628
-33.341987
-35.962037
-37.323236
-37.585497
-37.025384
-35.975661
-34.519604
-33.345733
-32.502583
-31.552655
-30.511618
-29.071910
-26.905707
-24.479287
-21.206311
-17.184530
-12.671096
-8.304460
-4.222052
-0.627892
3.021104
6.660564
9.704317
12.039968
14.652525
17.439638
20.436389
23.719072
26.719400
29.091324
31.246287
33.038173
34.206595
35.011087
35.080399
34.588405
34.079552
33.715282
33.098970
32.602549
31.546865
29.475348
27.135440
24.504662
21.080290
17.610788
14.454126
11.003017
7.237877
3.344161
-0.488417
-4.051072
-7.093634
-10.284696
-13.482741
-16.788755
-19.894157
-22.501775
-25.033951
-27.856146
-30.622142
-33.077853
-35.722426
-37.430865
-37.804331
-37.280662
-36.466292
-34.930536
-33.469200
-32.567467
-31.648193
-30.502762
-29.118402
-27.029174
-24.721282
-21.847827
-17.882075
-13.487339
-9.312970
-5.104031
-1.288142
2.224616
5.926234
9.098053
11.634656
14.037405
16.763891
19.380195
22.506373
25.674786
28.028148
30.010257
31.985215
33.439057
34.184967
34.400395
34.024545
33.534084
33.235209
32.716649
32.098634
31.410626
29.799938
27.462585
25.028672
21.941832
18.462113
15.295403
12.002502
8.380924
4.721880
0.790187
-2.889293
-5.911759
-8.720500
-11.895725
-15.156610
-18.387352
-21.014895
-23.322446
-26.117052
-29.087918
-31.578200
-34.274544
-36.463056
-37.253073
-37.044627
-36.326136
-35.138811
-33.644778
-32.646997
-31.900917
-30.861923
-29.721090
-28.030872
-25.690283
-23.085390
-19.583532
-15.378850
-11.231388
-6.965910
-2.984319
0.592981
4.147632
7.600784
10.225773
12.587649
15.301194
18.038750
21.119288
24.362803
27.083158
29.302495
31.486409
32.973119
33.844028
34.588235
34.403460
33.991167
33.771140
33.356462
32.867193
32.358851
31.057256
28.809479
26.418141
23.649931
20.167487
16.814130
13.701235
10.213852
6.414652
2.526045
-1.380954
-4.645416
-7.600784
-10.881083
-14.208385
-17.510312
-20.415272
-22.952727
-25.575331
-28.538704
-31.181404
-33.899886
-36.426612
-37.614107
-37.694148
-37.090438
-36.174740
-34.567288
-33.250196
-32.343694
-31.418289
-30.353580
-28.771332
-26.630504
-24.111612
-20.829269
-16.626290
-12.227808
-8.048671
-3.788131
-0.083957
3.518036
7.160221
10.067565
12.422459
15.070438
17.792157
20.718404
23.964984
26.847976
29.080766
31.024729
32.825300
34.019436
34.586021
34.548896
33.993040
33.687694
33.314569
32.711029
32.199110
31.251907
29.166596
26.663371
24.049963
20.599025
17.098699
13.860975
10.365418
6.756272
3.026383
-0.818457
-4.355907
-7.211140
-10.236502
-13.532298
-16.746180
-19.797427
-22.235938
-24.682794
-27.535813
-30.226026
-32.713243
-35.390854
-37.073067
-37.460157
-37.005629
-36.032881
-34.470047
-33.038003
-32.060998
-31.217166
-30.059474

