34.064736
35.004786
35.100664
34.927130
34.876040
34.213236
33.340454
32.934291
32.225336
30.805554
29.193333
27.128117
24.808134
22.767271
20.641940
18.168518
15.219961
11.597872
7.202114
3.054142
-0.351497
-3.669432
-6.939684
-9.895393
-13.050352
-16.079290
-19.554070
-23.126602
-26.420525
-29.494081
-32.560485
-34.989459
-36.743709
-38.141182
-38.613592
-38.305351
-37.735190
-37.295989
-36.581755
-36.299058
-35.486051
-33.468860
-30.439751
-27.471270
-24.487632
-21.348851
-17.156431
-11.962312
-6.962333
-2.702985
1.247099
4.907165
8.218799
11.694942
14.873743
18.069914
21.149601
23.734399
26.006188
28.724500
31.405858
33.304862
34.550428
34.996952
34.815754
34.818820
34.470728
33.578191
33.167260
32.753774
31.482322
29.874699
28.171369
25.971787
23.781231
21.661009
19.382579
16.701903
13.368130
9.008476
4.583597
1.111541
-2.378736
-5.715404
-8.750473
-11.875289
-14.926365
-18.422263
-22.225550
-25.517941
-28.874874
-31.984704
-34.645285
-36.674227
-38.234166
-38.863761
-38.837024
-38.347074
-37.946701
-37.251030
-36.935466
-36.331585
-34.555026
-31.699283
-28.589453
-25.762149
-22.648232
-18.747193
-13.716732
-8.566209
-4.101140
0.166552
3.962346
7.471357
10.881254
14.255047
17.474038
20.520687
23.442847
25.944539
28.530019
31.294141
33.415556
34.900733
35.542931
35.461187
35.271134
35.104581
34.354925
33.662319
33.320529
32.209839
30.558450
28.788533
26.573283
24.273906
22.259610
19.871507
17.146724
13.853312
9.790829
5.321332
1.509360
-1.867328
-5.298172
-8.425031
-11.474746
-14.634814
-17.782961
-21.606173
-25.026117
-28.303862
-31.300613
-34.112760
-36.246095
-37.871599
-38.846731
-38.817780
-38.294962
-37.811995
-37.211861
-36.629609
-36.128419
-34.764665
-32.077687
-28.957129
-26.019471
-22.993428
-19.387177
-14.549834
-9.358440
-4.706723
-0.622783
3.148488
6.828819
10.321992
13.606378
16.658476
19.676174
22.609234
25.023222
27.364663
30.112948
32.437188
33.984865
34.954888
35.029309
34.837212
34.625190
33.857482
32.880987
32.566445
31.894956
30.298403
28.586558
26.614836
24.346624
22.299971
20.080294
17.510823
14.598880
10.883808
6.578309
2.621583
-0.744547
-4.141331
-7.366793
-10.415997
-13.313804
-16.206162
-19.952229
-23.519482
-26.770319
-29.782568
-32.673563
-34.982988
-36.684786
-37.885564
-38.196870
-37.901402
-37.488597
-36.939383
-36.329882
-36.052636
-35.168443
-32.860211
-29.810837
-26.926994
-24.169343
-20.912204
-16.525984
-11.347021
-6.590060
-2.384186
1.657350
5.272286
8.583069
12.049845
15.282631
18.240724
21.287714
23.897716
26.279518
29.133047
31.628779
33.391373
34.608500
34.874848
34.763643
34.755298
34.420150
33.567633
33.163854
32.689231
31.350510
29.767922
27.959687
25.709016
23.544856
21.546057
19.195761
16.267640
12.740578
8.358615
4.091433
0.564711
-2.814531
-6.111349
-9.122406
-12.420416
-15.594108
-19.014222
-22.648232
-26.069539
-29.252938
-32.468183
-35.026584
-36.847421
-38.373470
-39.017030
-38.851840
-38.329193
-37.870918
-37.272487
-36.792244
-36.041396
-34.140859
-31.282561
-28.101206
-25.078399
-22.027663
-18.085923
-12.886013
-7.825068
-3.330026
0.777245
4.452808
7.872241
11.322328
14.725242
17.741578
20.895004
23.799113
26.146855
28.670686
31.430551
33.513818
34.782205
35.310813
35.236904
35.139152
34.869398
33.926112
33.179181
32.734190
31.637805
29.982839
28.127772
26.025261
23.884944
21.789585
19.347497
16.658476
13.478143
9.384326
4.919938
1.260212
-2.218655
-5.435603
-8.555651
-11.714186
-14.643669
-17.916645
-21.586248
-25.129489
-28.041942
-31.101704
-34.082958
-36.073753
-37.682227
-38.529634
-38.605928
-38.111721
-37.626880
-36.948068
-36.429507
-36.022323
-34.649202
-31.886952
-28.806584
-25.826522
-22.937741
-19.266435
-14.381068
-9.189504
-4.677432
-0.541040
3.303800
6.805488
10.123083
13.513735
16.572135
19.685371
22.549459
24.888005
27.427162
30.125380
32.459838
33.863272
34.703357
34.831933
34.657887
34.469707
33.845561
33.089263
32.754626
31.921012
30.421700
28.730290
26.804379
24.524246
22.462266
20.275627
17.651660
14.718601
10.910204
6.458248
2.569301
-0.785078
-4.162959
-7.429974
-10.315180
-13.339520
-16.499417
-20.080294
-23.606845
-26.910646
-29.948950
-33.135414
-35.356453
-37.072045
-38.268566
-38.630111
-38.217817
-37.698916
-37.199599
-36.672183
-36.318132
-35.254615
-32.974141
-30.011790
-27.196067
-24.390050
-20.999568
-16.447135
-11.330162
-6.492989
-2.240283
1.767703
5.495548
9.006262
12.283666
15.360798
18.321957
21.468231
24.380003
26.750735
29.429538
31.841482
33.757346
34.909930
35.165719
34.909759
34.828186
34.422193
33.503771
33.031191
32.604592
31.232153
29.499190
27.591501
25.463104
23.389203
21.270514
18.836600
16.039099
12.582881
8.153745
4.039151
0.456742
-2.955709
-6.266492
-9.357929
-12.394360
-15.418870
-18.880367
-22.665262
-26.134934
-29.051815
-32.230786
-34.878935
-36.705732
-38.187334
-38.689886
-38.699423
-38.138969
-37.622111
-36.961692
-36.573240
-35.923209
-33.925261
-30.896493
-27.860233
-24.947780
-21.912541
-17.873730
-12.742281
-7.704326
-3.357274
0.739438
4.510369
7.871730
11.321477
14.619998
17.599208
20.724024
23.358038
25.743927
28.500046
31.179530
33.259051
34.559965
35.153116
35.095045
34.856115
34.515687
33.722946
33.089093
32.595396
31.592165
29.941797
28.259924
26.095595
23.808309
21.691663
19.243274
16.657455
13.443402
9.382623
5.030632
1.501526
-1.898493
-5.249126
-8.373771
-11.389766
-14.615229
-17.734085
-21.397386
-24.801833
-28.010947
-31.073264
-33.877407
-35.925422
-37.549394
-38.454873
-38.487571
-37.962369
-37.381819
-36.889144
-36.333118
-35.919803
-34.477200
-31.940426
-28.879472
-25.836911
-22.952897
-19.354309
-14.505557
-9.334769
-4.781655
-0.657695
3.114768
6.576266
10.011366
13.498408
16.620840
19.568716
22.602762
25.009598
27.378116
30.080932
32.501561
34.037488
34.826824
34.933942
34.781524
34.579379
33.906017
33.135074
32.713073
31.915903
30.415569
28.763499
26.758058
24.523565
22.523914
20.287548
17.668860
14.823164
10.956015
6.479876
2.464226
-0.831740
-4.240785
-7.385867
-10.395391
-13.460943
-16.629696
-20.179919
-23.770843
-27.057273
-30.110053
-33.060993
-35.370929
-37.091289
-38.197041
-38.550411
-38.267033
-37.805183
-37.228550
-36.579881
-36.215271
-35.229240
-32.953194
-29.840129
-26.763848
-23.975032
-20.737648
-16.250951
-11.036737
-6.369012
-2.110004
1.944985
5.459104
8.863040
12.248584
15.457698
18.531254
21.529709
24.071080
26.480981
29.245445
31.866516
33.657210
34.728561
34.900052
34.741504
34.621613
34.102542
33.374173
32.942295
32.346930
31.092678
29.451847
27.551821
25.340659
23.177351
21.064452
18.469095
15.697820
12.136527
7.803610
3.674201
0.200101
-3.233807
-6.647791
-9.588514
-12.668201
-15.771219
-19.189630
-22.722823
-26.131017
-29.121808
-32.292775
-34.934282
-36.630971
-37.991149
-38.508177
-38.361209
-37.659918
-37.097931
-36.430870
-36.129781
-35.384042
-33.488955
-30.696903
-27.646337
-24.636132
-21.588291
-17.524617
-12.612002
-7.598060
-3.171989
0.904288
4.648651
8.122069
11.572668
14.898266
17.879520
20.836592
23.710898
26.004314
28.468711
31.153985
33.212560
34.547704
35.119397
34.931558
34.738949
34.453188
33.585003
32.816785
32.256501
31.300783
29.499020
27.568170
25.432110
23.238148
21.131550
18.615893
15.976429
12.814147
8.822850
4.513775
0.796318
-2.475466
-5.756106
-8.716754
-11.825391
-14.747381
-17.656939
-21.376950
-24.733373
-27.843203
-30.661992
-33.235720
-35.395452
-36.954199
-37.714073
-37.749835
-37.321023
-36.886079
-36.324774
-35.774537
-35.335336
-33.988101
-31.297377
-28.187547
-25.369951
-22.562231
-19.116572
-14.382771
-9.294408
-4.919256
-0.834976
2.954347
6.422315
9.767669
13.028043
16.087805
19.088813
22.035326
24.471964
26.861259
29.743058
32.030855
33.553498
34.429857
34.503937
34.415552
34.233332
33.494915
32.809462
32.587903
31.890358
30.362776
28.769459
26.867901
24.662699
22.688763
20.537717
18.079111
15.130554
11.432171
7.030453
3.159216
-0.251191
-3.690549
-7.014104
-9.908676
-13.029916
-16.144003
-19.817182
-23.426839
-26.629652
-29.884917
-32.946212
-35.263130
-37.059103
-38.286788
-38.628748
-38.490466
-38.034916
-37.481104
-37.071364
-36.802973
-35.787821
-33.450808
-30.403308
-27.465991
-24.588619
-21.313769
-16.850063
-11.733600
-6.786415
-2.420459
1.549550
5.060775
8.518526
12.076412
15.427726
18.384968
21.459886
24.186543
26.701689
29.432944
32.027279
33.928326
35.152095
35.433599
35.255466
35.341127
34.991332
34.117699
33.462388
32.920667
31.572240
29.952356
27.988979
25.693348
23.591689
21.436725
18.805095
15.959910
12.529067
8.145571
3.855739
0.297342
-3.029108
-6.424359
-9.651525
-12.839011
-15.844447
-19.358907
-23.038387
-26.444708
-29.523373
-32.637630
-35.261767
-37.013633
-38.480418
-38.997957
-38.806711
-38.282020
-37.763630
-36.996262
-36.578519
-35.878250
-33.929348
-30.938387
-27.788367
-24.844408
-21.825177
-17.850058
-12.681484
-7.596527
-3.270762
0.842980
4.591431
7.963691
11.423826
14.682668
17.805099
20.748547
23.602588
25.880677
28.459345
31.225341
33.254623
34.516539
35.040379
34.932579
34.774372
34.419298
33.607653
32.945020
32.519102
31.486239
29.844557
28.074299
26.041099
23.818868
21.664756
19.283806
16.558170
13.436590
9.346519
5.007301
1.430341
-1.917226
-5.309071
-8.444786
-11.418547
-14.416661
-17.734766
-21.440983
-24.844578
-27.765036
-30.813217
-33.748320
-35.671847
-37.318638
-38.205045
-38.294622
-37.968840
-37.439040
-36.854914
-36.393574
-35.991669
-34.597261
-31.893764
-28.920514
-26.062046
-23.099354
-19.520351
-14.723028
-9.616273
-5.127362
-0.943116
2.912624
6.412608
9.702785
13.072320
16.119140
19.095795
22.070067
24.627788
27.174950
29.964447
32.320533
33.935649
34.940583
34.824439
34.526587
34.687008
34.113441
33.369575
33.058609
32.280343
30.827863
29.120105
27.167797
24.969578
22.900956
20.747525
18.105847
15.115057
11.372055
6.977149
2.900532
-0.459467
-3.926924
-7.145916
-10.224751
-13.361488
-16.519342
-20.220961
-23.870128
-27.257545
-30.304023
-33.337218
-35.686323
-37.476165
-38.667406
-38.867678
-38.607291
-38.119214
-37.704706
-37.096569
-36.683083
-35.566773
-33.217839
-30.139174
-27.060168
-24.155038
-20.798785
-16.323839
-11.047465
-6.190879
-2.006463
2.073390
5.723919
9.212153
12.715544
15.889577
18.883773
21.951028
24.576698
26.988132
29.711383
32.250711
34.153461
35.109690
35.342830
35.192966
34.979071
34.460681
33.522844
33.089093
32.462222
31.058788
29.289552
27.342524
25.087084
22.870472
20.731858
18.201215
15.412569
11.953115
7.516486
3.345524
-0.121764
-3.508670
-6.909370
-9.909528
-12.878180
-15.872206
-19.252300
-22.916453
-26.205948
-29.224157
-32.379116
-34.941946
-36.636080
-38.054841
-38.514478
-38.378750
-37.856443
-37.287814
-36.564895
-36.205053
-35.453354
-33.543110
-30.490160

