-13.834068
-16.836439
-20.319905
-23.933649
-27.244943
-30.210188
-32.962731
-35.288845
-36.985874
-38.185460
-38.572039
-38.296665
-37.740980
-37.028619
-36.317791
-35.930361
-35.051107
-32.794305
-29.751403
-26.864835
-23.906061
-20.718745
-16.389915
-11.412246
-6.459441
-2.270767
1.695497
5.291700
8.524997
11.856556
15.080656
18.083027
20.839998
23.509605
25.891406
28.598479
31.273706
33.112083
34.204040
34.611225
34.391199
34.341301
33.991337
33.144099
32.578707
32.044138
30.863966
29.338087
27.516910
25.373527
23.257732
21.317857
19.006899
16.331162
13.146230
8.996555
4.804986
1.143558
-2.148662
-5.364759
-8.515971
-11.530944
-14.619487
-17.891100
-21.592549
-25.016751
-28.328044
-31.392915
-34.049749
-36.112240
-37.680864
-38.363763
-38.340262
-38.049562
-37.747111
-37.142038
-36.689384
-36.287478
-34.690244
-31.877926
-28.878791
-26.003974
-22.913558
-19.161020
-14.138222
-9.052583
-4.588706
-0.420979
3.446681
6.976468
10.519198
13.852460
17.101765
20.242419
23.062059
25.482007
28.184993
31.157221
33.503430
34.978049
35.739286
35.709824
35.570349
35.411119
34.547533
33.893756
33.497129
32.488789
30.828885
28.990167
26.931422
24.629831
22.398574
19.950186
17.192534
14.110974
10.094813
5.568777
1.735347
-1.697370
-5.234650
-8.483785
-11.670760
-14.738696
-18.069574
-21.802698
-25.351729
-28.480291
-31.547206
-34.569332
-36.695344
-38.269588
-39.220027
-39.219005
-38.765669
-38.231952
-37.463903
-36.856617
-36.233153
-34.845046
-32.265697
-29.141562
-26.072264
-23.049116
-19.442013
-14.605863
-9.379727
-4.674367
-0.579357
3.416027
6.945644
10.338511
13.781105
16.920056
19.705466
22.738491
25.242056
27.622666
30.284269
32.717500
34.254108
35.084827
35.073757
34.778118
34.583977
33.885411
32.987935
32.558952
31.722443
30.209167
28.472628
26.401963
24.233886
22.080966
20.000764
17.449345
14.606374
10.992118
6.719657
2.736705
-0.677620
-3.986529
-7.258483
-10.123083
-13.183185
-16.144514
-19.616740
-23.269142
-26.511805
-29.408761
-32.452175
-34.829548
-36.473785
-37.715605
-38.112913
-37.823915
-37.466799
-36.976167
-36.326647
-36.021982
-35.167592
-33.015353
-30.071565
-27.138165
-24.370466
-21.389893
-17.178059
-12.020894
-7.051911
-2.933400
1.038654
4.650525
8.122580
11.526687
14.620849
17.694235
20.614862
23.343563
25.759424
28.617382
31.288351
33.347266
34.487418
34.896306
34.890686
34.779310
34.474305
33.618893
33.222778
32.812527
31.619413
29.934304
28.156383
26.056085
23.879835
21.826199
19.500596
16.715186
13.374771
9.118489
4.839727
1.295635
-2.090931
-5.646774
-8.757455
-12.022087
-15.052727
-18.378837
-22.329092
-25.789908
-29.067482
-32.105105
-34.793786
-36.939893
-38.457087
-39.125340
-39.034230
-38.572550
-38.136074
-37.340437
-36.936317
-36.360025
-34.668956
-31.868049
-28.726544
-25.796550
-22.754839
-18.918344
-13.824190
-8.616958
-4.131453
-0.040531
3.967796
7.413455
11.004380
14.448506
17.566681
20.481859
23.266929
25.760957
28.391566
31.273706
33.483165
34.906013
35.594361
35.471065
35.143409
35.001040
34.227712
33.462558
32.954046
31.915903
30.336891
28.540748
26.459353
24.116550
22.068024
19.784485
17.034156
13.890437
9.939671
5.548682
1.651900
-1.754931
-5.243846
-8.381946
-11.395386
-14.597518
-17.679930
-21.290779
-24.779694
-28.072766
-31.184980
-34.076486
-36.049230
-37.583113
-38.614273
-38.662979
-38.238253
-37.771463
-37.055867
-36.455223
-35.951989
-34.668275
-32.146147
-29.053518
-26.088442
-23.142099
-19.722836
-14.977115
-9.807178
-5.266837
-1.167910
2.783026
6.350960
9.744508
13.083560
16.112668
19.124235
21.988153
24.490356
26.835884
29.678856
32.278299
33.944334
34.787825
34.849644
34.673725
34.541232
33.958129
33.085176
32.707793
32.024894
30.494928
28.790576
26.921204
24.787358
22.718906
20.665101
18.164430
15.403884
11.873416
7.507460
3.393207
0.070333
-3.400190
-6.697689
-9.733609
-12.859276
-15.868119
-19.405058
-23.127794
-26.394810
-29.569183
-32.550948
-35.090276
-36.959137
-38.241318
-38.670812
-38.491317
-38.087027
-37.598440
-36.976167
-36.697217
-35.798209
-33.734015
-30.797550
-27.880498
-24.885109
-21.651813
-17.402002
-12.154068
-7.253204
-3.070831
1.100813
4.889795
8.185080
11.662245
15.092577
18.189805
21.153178
23.873363
26.223489
29.051134
31.712736
33.779825
35.026244
35.456760
35.302980
35.106795
34.651245
33.749683
33.193486
32.674074
31.404495
29.791083
27.960879
25.737626
23.586239
21.488156
19.219433
16.165972
12.825217
8.515460
4.210983
0.956740
-2.552101
-6.062814
-9.317228
-12.394701
-15.481881
-18.831832
-22.502967
-25.900602
-29.203551
-32.124690
-34.766197
-36.788327
-38.334642
-39.049217
-38.882494
-38.388627
-37.906510
-37.119389
-36.535944
-35.913672
-34.082617
-31.344891
-28.265204
-25.249209
-22.255863
-18.365383
-13.213328
-8.087839
-3.647464
0.432389
4.197359
7.748093
11.119672
14.478479
17.477444
20.452568
23.319721
25.703056
28.293984
31.143597
33.269439
34.635748
35.141366
35.048553
34.869569
34.570864
33.750534
33.053671
32.712562
31.657730
29.997485
28.206110
26.147366
24.020672
22.039413
19.702571
17.084224
13.971669
10.057858
5.597217
1.892703
-1.441751
-4.801069
-8.034366
-11.159522
-14.176539
-17.272234
-21.134104
-24.666275
-27.906724
-31.057767
-33.597265
-36.007677
-37.628072
-38.520438
-38.686480
-38.400037
-37.928138
-37.311316
-36.725998
-36.349467
-35.010917
-32.456091
-29.406718
-26.451520
-23.546389
-20.126275
-15.283653
-9.994847
-5.353349
-1.154287
2.791541
6.313494
9.688309
13.244833
16.370671
19.350733
22.311551
24.824313
27.381522
30.266557
32.679864
34.305709
35.207442
35.363436
35.212381
35.093171
34.513303
33.731801
33.284255
32.408578
30.883721
29.209341
27.155706
24.892773
22.775105
20.713976
18.034152
15.100411
11.359964
6.873778
2.974272
-0.542743
-3.982612
-7.220336
-10.307346
-13.467073
-16.633613
-20.194054
-23.850373
-27.204582
-30.469724
-33.337389
-35.634211
-37.371772
-38.648333
-38.996765
-38.713046
-38.251707
-37.638800
-36.959308
-36.562511
-35.509382
-33.280679
-30.273540
-27.279854
-24.306944
-21.054574
-16.659158
-11.380400
-6.409543
-2.160924
1.847063
5.486352
8.924007
12.447153
15.697139
18.676008
21.611112
24.328062
26.684659
29.351030
32.058443
33.953020
34.943649
35.170317
35.054002
34.975154
34.529141
33.598457
33.053841
32.539708
31.204564
29.494592
27.623687
25.442157
23.340668
21.220275
18.738849
15.856198
12.538944
8.204665
3.824745
0.392880
-2.966268
-6.351812
-9.431839
-12.530770
-15.610456
-19.076381
-22.743089
-26.153156
-29.200826
-32.262462
-34.859180
-36.749669
-38.174731
-38.628919
-38.556542
-38.154806
-37.712370
-36.907707
-36.490474
-35.850150
-33.954552
-31.093359
-28.025082
-25.097813
-22.073303
-18.141610
-12.972695
-7.950068
-3.606422
0.457593
4.245724
7.748434
11.231729
14.498915
17.601762
20.618609
23.331131
25.656394
28.300626
31.087569
33.336197
34.739290
35.371269
35.233498
34.965788
34.610374
33.714771
33.105952
32.665559
31.514338
29.903310
28.116703
26.079246
23.878472
21.758420
19.413914
16.727107
13.582196
9.635176
5.351475
1.694986
-1.710313
-5.136047
-8.429970
-11.390277
-14.486143
-17.778703
-21.350895
-24.793489
-28.060675
-31.212739
-33.946037
-36.031689
-37.751538
-38.683414
-38.694314
-38.297687
-37.778957
-37.156343
-36.648001
-36.208459
-34.724304
-32.164710
-29.242039
-26.194709
-23.253475
-19.649948
-14.916658
-9.656123
-4.981416
-0.918082
2.846207
6.489243
10.011026
13.459069
16.549996
19.612994
22.466353
25.021349
27.503627
30.237096
32.685314
34.338066
35.138641
35.174063
35.070692
34.922021
34.301451
33.438376
33.130646
32.305036
30.818496
28.980800
26.964120
24.759088
22.716182
20.535844
17.855678
14.893838
11.270898
6.804637
2.793925
-0.526224
-3.930671
-7.234982
-10.360650
-13.434035
-16.475746
-20.066840
-23.800646
-27.158942
-30.243397
-33.165727
-35.450459
-37.345205
-38.429669
-38.855927
-38.608483
-38.223607
-37.650381
-36.893061
-36.499500
-35.541739
-33.230441
-30.184814
-27.153833
-24.347305
-21.139894
-16.770193
-11.427913
-6.560428
-2.291203
1.681362
5.422320
8.860145
12.270212
15.542337
18.546241
21.531582
24.097817
26.548931
29.227734
31.989472
33.727544
34.860883
35.195521
34.951993
34.873826
34.355947
33.505985
33.063037
32.457454
31.132357
29.494422
27.712584
25.612797
23.359401
21.382911
19.025462
16.198499
12.801545
8.588348
4.447188
0.924383
-2.453157
-5.934749
-9.016139
-12.075220
-15.164103
-18.608911
-22.309508
-25.789567
-28.819016
-32.037837
-34.686668
-36.461183
-38.145610
-38.763285
-38.671323
-38.229908
-37.821872
-37.057059
-36.786965
-36.147322
-34.247637
-31.448943
-28.503111
-25.641237
-22.546053
-18.678563
-13.797283
-8.606740
-4.055159
0.112397
3.770420
7.291351
10.871887
14.251981
17.321280
20.355156
23.170539
25.679895
28.249366
31.091145
33.327341
34.804855
35.422019
35.396814
35.253423
35.088743
34.273011
33.512286
32.984189
32.019785
30.208485
28.475523
26.317324
24.016074
22.082669
19.658293
16.941002
13.765948
9.849582
5.436795
1.564707
-1.749822
-5.117314
-8.333751
-11.445624
-14.567035
-17.682995
-21.384103
-24.813584
-28.161662
-31.217337
-33.863272
-36.083460
-37.754774
-38.671664
-38.689716
-38.284404
-37.955557
-37.154640
-36.404984
-35.954033
-34.645285
-32.140868
-29.104948
-26.086399
-23.214987
-19.763368
-15.042680
-9.892327
-5.173172
-1.087529
2.888441
6.372247
9.703636
13.108935
16.302041
19.285849
22.170033
24.646521
26.975189
29.723644
32.116856
33.829893
34.743037
34.778629
34.590619
34.403801
33.776760
32.968181
32.649211
31.789371
30.175447
28.650590
27.006524
24.892603
22.689274
20.647049
18.142121
15.297788
11.801549
7.513421
3.476143
0.114271
-3.298351
-6.643534
-9.593964
-12.729168
-15.714509
-19.293683
-22.940806
-26.167291
-29.302665
-32.375029
-34.829208
-36.642381
-38.070679
-38.589409
-38.316590
-37.955557
-37.481104
-36.883014
-36.575965
-35.747460
-33.677476
-30.710697
-27.848652
-24.950845
-21.755184
-17.597335
-12.545926
-7.512910
-3.166199
0.876018
4.555838
8.135183
11.570113
14.921597
17.851761
20.917313
23.629495
26.095084
28.806244
31.543970
33.699955
35.047872
35.463231
35.281863
35.172871
34.782376
33.999681
33.430372
32.989638
31.789030
30.073268
28.287172
26.076351
23.903166
21.731683
19.353458
16.522408
13.201407
9.081364
4.758665
1.174552
-2.302613
-5.754743
-8.960111
-12.193067
-15.213490
-18.471479
-22.318363
-25.745630
-28.877769
-32.050439
-34.895114
-36.791052
-38.382666
-39.130449
-38.961683
-38.498810
-38.042068
-37.247283
-36.709138
-36.130633
-34.532547
-31.627587
-28.587409
-25.604112
-22.719417
-18.908126
-13.865232
-8.515460
-4.148824
-0.064714
3.859826
7.403067
10.864905
14.220987
17.324175
20.432302
23.159470
25.484221
28.158086
30.879463
33.149038
34.596069
35.226856
35.197905
35.065923
34.799576

