-40.334804
-38.884027
-37.041903
-34.908908
-32.332114
-29.364995
-26.254313
-22.532429
-18.239873
-13.948168
-9.451934
-4.984651
-0.625849
3.560271
7.400342
10.644538
14.092411
18.361637
22.622517
26.301316
29.889515
32.914536
35.806724
38.362912
40.461676
41.569642
42.525189
43.049029
42.708261
42.026554
40.811981
38.910082
36.832605
34.947225
32.472440
29.728242
26.843888
23.656913
20.426341
16.630207
12.095145
7.975612
3.846203
-0.674554
-4.747425
-8.570978
-12.663433
-16.663245
-20.551171
-24.483374
-27.805056
-30.171531
-32.562017
-35.229410
-37.565913
-39.389644
-40.487221
-41.251183
-41.755949
-41.967971
-41.818789
-41.255951
-40.283203
-38.605077
-36.647660
-34.106629
-31.357493
-28.423241
-24.917126
-20.672083
-16.371863
-11.744670
-7.087844
-2.632482
1.509360
5.663804
9.350947
12.704475
16.752481
21.230834
25.285142
29.021672
32.374689
35.165378
38.089071
40.406329
41.667393
42.708942
43.554987
43.491466
42.943614
41.874136
40.181705
38.138798
36.114454
33.666406
30.849150
27.892930
24.819715
21.617413
17.981870
13.528381
9.115934
4.943269
0.299045
-3.956897
-7.769380
-11.795078
-15.931300
-19.868442
-23.615360
-27.206114
-29.993738
-32.400404
-34.921340
-37.319830
-39.222240
-40.463209
-41.007314
-41.454179
-41.839225
-41.628906
-41.171142
-40.223939
-38.717134
-36.879267
-34.527608
-31.653813
-28.642246
-25.495631
-21.554402
-17.172609
-12.748582
-8.088350
-3.517866
0.727858
4.926579
8.599077
11.970486
15.696628
19.995826
24.055583
27.799606
31.224149
34.152951
37.057740
39.527587
41.090250
41.947876
42.889799
43.039152
42.504242
41.721889
40.231432
37.976844
36.145960
34.011262
31.339441
28.380326
25.336232
22.128310
18.797772
14.713321
10.264090
6.133318
1.860346
-2.544437
-6.302425
-10.171447
-14.268841
-18.150125
-22.031409
-25.709016
-28.705597
-30.962740
-33.420835
-35.992009
-38.193124
-39.649010
-40.518897
-41.073561
-41.520936
-41.682550
-41.149003
-40.550402
-39.232288
-37.452834
-35.375697
-32.723120
-29.751403
-26.792969
-23.084198
-18.764223
-14.405932
-9.875127
-5.273308
-1.012257
3.146614
7.071495
10.392666
13.976267
18.227611
22.507906
26.387487
29.916082
32.894441
35.732985
38.541045
40.651219
41.614771
42.635032
43.176753
42.970862
42.298010
40.997437
39.131982
37.014144
35.067286
32.577174
29.842172
26.751927
23.610932
20.230498
16.364540
12.004886
7.682358
3.487383
-1.034907
-5.020925
-8.794750
-12.892655
-17.043012
-20.868438
-24.666105
-27.995450
-30.453546
-32.698597
-35.314730
-37.712881
-39.527587
-40.527582
-41.036606
-41.552612
-41.919436
-41.511570
-41.020938
-39.825780
-38.052457
-36.253078
-33.767223
-30.921698
-27.984721
-24.495976
-20.409141
-16.064133
-11.434896
-6.762062
-2.237558
1.909563
6.094660
9.527888
12.964691
16.996009
21.272046
25.289570
28.939417
32.164710
34.958635
37.807226
40.136746
41.390147
42.317254
43.300901
43.171133
42.601824
41.606426
39.885044
37.728548
35.739797
33.450978
30.696733
27.790580
24.616378
21.338122
17.740216
13.376134
8.873940
4.847390
0.448738
-3.769057
-7.632630
-11.613028
-15.648944
-19.526822
-23.377793
-26.986088
-29.611928
-31.844207
-34.339428
-36.823409
-38.878236
-40.168422
-40.882826
-41.430678
-41.915178
-41.701453
-41.060277
-40.358986
-38.773843
-36.882843
-34.615823
-31.972102
-29.180390
-26.056426
-21.872350
-17.444066
-13.038771
-8.357763
-3.784554
0.400032
4.473754
8.186443
11.582885
15.385492
19.763878
23.977246
27.760608
31.191792
34.037999
36.962884
39.588724
41.157688
42.193447
43.202468
43.492998
43.010541
42.126860
40.527242
38.494212
36.504950
34.422023
31.725339
28.913532
25.931086
22.718055
19.221817
15.031951
10.543551
6.375483
2.099276
-2.377204
-6.251846
-10.091577
-14.359270
-18.420901
-22.256374
-25.960548
-29.013668
-31.246628
-33.675603
-36.168269
-38.333961
-39.890153
-40.852683
-41.358641
-41.939872
-42.027746
-41.518552
-40.814195
-39.397648
-37.551778
-35.435983
-32.696894
-29.841321
-26.780197
-23.106507
-18.765415
-14.290469
-9.649311
-5.071333
-0.739438
3.394570
7.327625
10.617461
14.226607
18.444742
22.746325
26.525600
30.203887
33.239978
35.977023
38.786275
40.706056
41.710138
42.866639
43.486357
42.970521
42.217800
41.132144
39.157357
37.079709
35.078015
32.455070
29.681240
26.568345
23.524421
20.243440
16.326393
11.854342
7.539477
3.230401
-1.281670
-5.305154
-9.075914
-13.149466
-17.129013
-20.900794
-24.760621
-27.968884
-30.333315
-32.482318
-35.345214
-37.663664
-39.467812
-40.520259
-40.703501
-41.319472
-41.686126
-41.456563
-40.874141
-39.815392
-38.043261
-36.026921
-33.509391
-30.752250
-27.741875
-24.331638
-20.250763
-16.007253
-11.530944
-6.887572
-2.360003
1.802444
5.909715
9.541852
12.959412
17.043352
21.263020
25.263514
29.025078
32.199451
35.024200
37.939378
40.272304
41.614601
42.593139
43.308224
43.364252
42.716094
41.709457
39.973089
37.935972
36.076307
33.692292
30.949286
28.089966
24.905886
21.612304
17.858573
13.537918
9.121725
4.886048
0.369889
-3.911086
-7.640294
-11.712142
-15.908480
-19.901310
-23.801838
-27.341672
-29.988119
-32.399893
-34.904991
-37.421840
-39.370571
-40.752547
-41.358301
-41.894402
-42.245047
-42.163134
-41.673183
-40.697711
-38.930518
-37.168605
-34.785441
-31.935487
-29.082128
-25.572606
-21.684170
-17.254182
-12.633971
-7.959775
-3.455026
0.942435
5.118677
8.897441
12.217249
16.113009
20.481348
24.621657
28.389011
31.786816
34.552642
37.431887
40.013790
41.508334
42.419944
43.314014
43.479374
42.834623
42.061806
40.439367
38.195508
36.123140
33.919130
31.253610
28.270142
25.096280
21.819047
18.302543
14.160872
9.711129
5.531992
1.206228
-3.114768
-6.977660
-10.948522
-15.074526
-18.929924
-22.805248
-26.480981
-29.387474
-31.526429
-33.969539
-36.415883
-38.537468
-39.993354
-40.554489
-41.126183
-41.578327
-41.457755
-40.952989
-40.222236
-38.820675
-36.937169
-34.723112
-32.048566
-29.278142
-26.218891
-22.340672
-17.979315
-13.670751
-9.078809
-4.514626
-0.225135
3.856421
7.694619
10.961294
14.570781
18.731696
22.861787
26.560511
30.095918
33.004114
35.745246
38.478034
40.484837
41.507483
42.422329
42.843478
42.483296
41.833605
40.625334
38.628408
36.603383
34.706082
32.193831
29.333319
26.442153
23.346458
19.958190
15.959058
11.626823
7.540328
3.372771
-1.054321
-5.014794
-8.716924
-12.829304
-16.852617
-20.682641
-24.449996
-27.599505
-30.048745
-32.423564
-35.096918
-37.365641
-39.219005
-40.416547
-40.914501
-41.479383
-41.794096
-41.446686
-40.860687
-39.818457
-38.190569
-36.238091
-33.825977
-31.044824
-28.041261
-24.521010
-20.357200
-15.965530
-11.280094
-6.733281
-2.389635
1.663821
5.786249
9.282657
12.752158
16.969953
21.374226
25.432110
29.149055
32.322918
35.130467
38.090263
40.321861
41.543586
42.604378
43.435778
43.395417
42.803969
41.677611
39.909397
37.842308
35.853727
33.451148
30.717339
27.746132
24.726902
21.534988
17.827068
13.358082
8.916344
4.647289
0.083617
-4.043749
-7.849421
-12.013231
-16.141278
-20.033291
-23.885284
-27.441127
-30.124017
-32.461371
-35.052640
-37.565402
-39.435795
-40.580545
-41.160243
-41.712693
-42.080709
-41.975294
-41.310617
-40.393387
-38.809095
-36.727871
-34.300089
-31.469209
-28.571572
-25.270837
-21.121843
-16.834736
-12.363366
-7.629565
-3.075940
1.250505
5.348580
9.034191
12.336629
16.258444
20.567860
24.531228
28.347288
31.691960
34.582104
37.312848
39.816073
41.334459
42.229721
42.957578
43.182543
42.647294
41.815724
40.200097
38.096905
35.988774
33.872128
31.135082
28.065954
24.963617
21.774939
18.279552
14.022759
9.650673
5.476986
1.173530
-3.249816
-6.939002
-10.806833
-14.870167
-18.863678
-22.670031
-26.240689
-29.028484
-31.284605
-33.769948
-36.283050
-38.303818
-39.791039
-40.500845
-40.883848
-41.362899
-41.366816
-40.881463
-40.154116
-38.748639
-36.900384
-34.818479
-32.227039
-29.291936
-26.305403
-22.505862
-18.320084
-13.845989
-9.396928
-4.896607
-0.666891
3.420796
7.333585
10.642494
14.204298
18.482379
22.666284
26.486942
29.890708
32.891546
35.672869
38.506985
40.419102
41.486025
42.392015
43.038811
42.786258
42.063338
40.844168
38.874490
36.903620
34.840277
32.381671
29.564926
26.690960
23.413556
20.163059
16.274112
11.775323
7.653407
3.337349
-1.125165
-4.998275
-8.875643
-13.029405
-17.083032
-20.882743
-24.657590
-28.013672
-30.423062
-32.760245
-35.402264
-37.833623
-39.608308
-40.553297
-41.099106
-41.631290
-42.042732
-41.736194
-41.116135
-40.067945
-38.421835
-36.396980
-33.899375
-31.028986
-28.102398
-24.510963
-20.217214
-15.985795
-11.377164
-6.727151
-2.192940
2.039841
6.194285
9.623085
13.093608
17.341886
21.683999
25.591680
29.252257
32.566445
35.378422
38.093158
40.449415
41.763101
42.774166
43.380431
43.333088
42.774507
41.738749
39.925064
37.847928
35.796676
33.471755
30.606474
27.619771
24.434158
21.281753
17.592226
13.206005
8.846010
4.739421
0.248807
-4.045793
-7.920776
-11.825051
-16.106708
-19.918680
-23.748364
-27.267252
-29.787847
-32.130991
-34.627744
-37.127563
-39.019925
-40.254763
-40.929317
-41.311979
-41.627543
-41.422333
-40.856940
-40.045125
-38.413150
-36.553655
-34.185307
-31.561852
-28.617723
-25.327035
-21.370649
-17.069578
-12.607915
-7.960796
-3.469842
0.560284
4.772459
8.609976
11.839356
15.580484
19.825527
23.860931
27.587584
30.916248
33.738443
36.610706
39.098774
40.727173
41.603191
42.587689
42.861019
42.321341
41.545970
40.154287
38.117170
36.203861
34.118720
31.397002
28.523377
25.456463
22.324153
18.958535
14.883791
10.562965
6.394386
2.113410
-2.222742
-5.985498
-10.012218
-14.273609
-18.035173
-21.597658
-25.216852
-28.329747
-30.606304
-33.062356
-35.692283
-37.924222
-39.469004
-40.360519
-40.872097
-41.480575
-41.659900
-41.187661
-40.682554
-39.374658
-37.658044
-35.585676
-32.845225
-30.036654
-27.101891
-23.362466
-19.125598
-14.859268
-10.356733
-5.681685
-1.388277
2.810955
6.767000
10.224070
13.835090
18.072980
22.418329
26.221275
29.844216
32.998664
35.840103
38.547686
40.670293
41.854722
42.865617
43.450594
43.327127
42.614937
41.428804
39.306368
37.321363
35.366671
32.917942
30.029842
26.990856
23.941142
20.684685
16.799825
12.261868
7.933719
3.633159
-0.825099
-4.953827
-8.679628
-12.757267
-16.921077
-20.720959
-24.626085
-27.959687
-30.544145
-32.844884
-35.461358
-37.833112
-39.520093
-40.560790
-41.046143
-41.629587
-41.920287
-41.656664
-41.174718
-40.036780
-38.230419
-36.391190
-33.818483
-31.005485
-28.057609
-24.623360
-20.465510
-16.147750
-11.644874
-6.921462
-2.366986
1.854726
6.057535
9.694951
13.012375
16.883952
21.318708
25.279011
28.967517
32.080071
34.936326
37.814038
40.347236
41.516679
42.341437
43.172836
43.207748
42.684419
41.706051
39.955888
37.884542
35.803659
33.390692
30.772856
27.727570
24.587597
21.351406
17.786026
13.530595
9.197848
5.039488

