41.188002
42.194469
43.141842
43.530975
43.201276
42.470694
41.007144
38.987058
36.986385
34.770114
32.004969
29.293128
26.332991
23.082324
19.585916
15.525307
10.959251
6.663459
2.312490
-2.113240
-5.955185
-9.753193
-13.870171
-17.957687
-21.810361
-25.607688
-28.864656
-31.329223
-33.655678
-36.293779
-38.584300
-40.289674
-41.079351
-41.526215
-41.957583
-42.146615
-41.793925
-41.210992
-39.931536
-38.017035
-35.890511
-33.200468
-30.195543
-27.252436
-23.756368
-19.251619
-14.844622
-10.355541
-5.617653
-1.193796
2.995900
7.093123
10.594300
14.085259
18.193551
22.746325
26.615688
30.240672
33.318145
36.269767
38.998978
41.048016
42.297670
43.203320
43.762582
43.509517
42.832238
41.741473
39.798362
37.617513
35.649538
33.156191
30.223983
27.249200
24.018117
20.752805
16.949858
12.354680
7.823706
3.694636
-0.759533
-5.004236
-8.835452
-12.887205
-17.053740
-20.888874
-24.762494
-28.200660
-30.679362
-33.025231
-35.546337
-37.899699
-39.780821
-40.881293
-41.325092
-41.848251
-42.089564
-41.843482
-41.493859
-40.489435
-38.539852
-36.508526
-34.005642
-31.192303
-28.169666
-24.834701
-20.676170
-16.240733
-11.711291
-7.039138
-2.473252
1.650367
5.686964
9.261710
12.716055
16.631739
21.018812
25.164911
28.927326
32.040221
34.738949
37.572895
39.939710
41.231598
42.241471
43.132305
43.236017
42.734146
41.803803
40.058238
37.944147
36.038160
33.642565
30.874014
28.086390
24.991206
21.863324
18.342904
14.057330
9.567227
5.363056
0.950779
-3.208092
-6.853512
-10.770559
-15.049492
-18.960067
-22.776467
-26.362623
-29.232672
-31.552826
-34.058605
-36.598274
-38.655996
-40.185962
-40.803296
-41.205372
-41.655813
-41.704518
-41.304486
-40.560961
-39.051431
-37.318979
-35.110371
-32.368217
-29.354947
-26.378972
-22.581135
-18.290281
-13.798816
-9.193591
-4.614081
-0.260387
3.831216
7.644040
10.985647
14.856373
19.313097
23.621321
27.322599
30.759914
33.711195
36.666734
39.277417
40.998459
42.091949
43.102843
43.495553
43.172666
42.533023
41.207756
39.103031
37.018231
34.953356
32.382011
29.517242
26.447943
23.261820
19.701890
15.664101
11.119332
6.748268
2.375160
-2.013104
-5.948203
-9.880066
-14.023270
-18.005030
-21.926505
-25.763341
-28.823784
-31.191792
-33.719540
-36.309958
-38.614273
-40.143558
-40.987560
-41.552101
-42.045627
-42.110341
-41.671310
-41.186639
-39.854050
-38.010563
-35.801956
-33.024549
-30.120100
-27.051653
-23.421390
-19.087621
-14.782803
-10.157994
-5.495378
-1.110179
2.985852
6.790502
10.372571
13.920920
18.114022
22.527661
26.478597
30.124698
33.099992
35.876887
38.707086
40.817942
41.775533
42.717797
43.320826
43.103014
42.495898
41.205542
39.314032
37.203687
35.150903
32.669646
29.886450
27.043479
23.905720
20.726068
16.837972
12.410028
8.061443
3.785406
-0.703165
-4.661935
-8.449214
-12.402875
-16.525132
-20.365374
-24.222646
-27.572938
-30.085019
-32.453537
-35.025563
-37.484510
-39.425407
-40.455205
-40.833609
-41.314023
-41.664839
-41.368859
-40.900367
-40.026903
-38.306032
-36.322049
-33.925091
-31.003952
-27.979272
-24.729967
-20.590339
-16.256401
-11.717762
-7.185255
-2.789327
1.479387
5.600963
9.182862
12.569768
16.483750
20.940644
25.009768
28.697593
31.907048
34.717151
37.578855
39.916549
41.249309
42.245388
42.971202
42.875835
42.333603
41.532516
39.962190
37.863084
35.868543
33.634390
30.874865
27.908768
24.841002
21.632910
18.145697
13.796091
9.334939
5.129746
0.836168
-3.487383
-7.265295
-11.184726
-15.297447
-19.258431
-22.997175
-26.617731
-29.237952
-31.595911
-34.184456
-36.656686
-38.799218
-40.089233
-40.680511
-41.298015
-41.790519
-41.638953
-41.141169
-40.482283
-38.968154
-37.043265
-34.706933
-31.963417
-29.090813
-25.939941
-22.015912
-17.828941
-13.455153
-8.804117
-4.280465
0.012091
4.135370
8.004223
11.422804
15.277011
19.575017
23.818527
27.652468
31.117712
34.076997
36.840950
39.484841
41.219677
42.157173
43.058225
43.413469
42.995385
42.151553
40.705374
38.632325
36.648342
34.542765
31.812021
28.862442
26.013340
22.888354
19.466366
15.247209
10.706186
6.419420
1.955203
-2.466440
-6.371226
-10.229349
-14.299495
-18.408639
-22.265911
-26.017427
-29.043470
-31.460524
-33.912659
-36.441939
-38.556371
-40.158715
-40.966613
-41.381802
-41.848421
-42.008502
-41.647128
-40.927785
-39.584977
-37.692615
-35.534246
-32.855443
-29.948098
-27.028663
-23.426669
-19.107206
-14.662743
-9.811265
-5.238397
-0.758512
3.391845
7.513421
11.050190
14.481715
18.614190
22.862809
26.791777
30.565602
33.584152
36.417757
38.970028
40.975468
41.987896
43.017864
43.462515
43.101481
42.368514
41.169609
39.288146
37.141868
34.964936
32.483680
29.570545
26.624714
23.399591
20.103114
16.264915
11.673144
7.287775
3.046989
-1.347406
-5.395583
-9.110485
-13.163090
-17.158134
-21.007402
-24.857180
-28.239148
-30.493566
-32.786472
-35.392557
-37.747451
-39.537975
-40.527752
-40.897642
-41.470187
-41.694301
-41.356257
-40.752377
-39.742504
-38.019419
-36.064557
-33.548900
-30.761957
-27.845246
-24.407591
-20.174469
-15.836273
-11.308704
-6.719317
-2.330712
1.698732
5.638770
9.263584
12.783323
16.982726
21.348510
25.433813
29.098136
32.169308
34.855093
37.658725
40.110861
41.420289
42.451450
43.203320
43.204342
42.687314
41.673865
39.860521
37.743194
35.853216
33.622469
30.837570
27.937549
24.949483
21.715675
18.028532
13.662236
9.139947
4.839727
0.425747
-3.800392
-7.549354
-11.442048
-15.677214
-19.703252
-23.593732
-27.257374
-29.972110
-32.215289
-34.776585
-37.157536
-39.206573
-40.560109
-41.192429
-41.593824
-42.019401
-42.015314
-41.556529
-40.737050
-39.141519
-37.261248
-34.959997
-32.140187
-29.142414
-26.022196
-22.044352
-17.712627
-13.172967
-8.406980
-3.814697
0.473772
4.559415
8.409023
11.683192
15.584571
20.035165
24.381195
28.161662
31.532730
34.476008
37.348952
39.903096
41.445664
42.429652
43.393714
43.641159
43.089390
42.294434
40.904113
38.855076
36.728893
34.481968
31.763145
28.892926
25.858198
22.551162
19.188098
15.102455
10.570458
6.230048
1.856259
-2.513954
-6.393535
-10.328804
-14.479160
-18.499068
-22.314446
-26.162522
-29.222625
-31.461716
-33.806562
-36.343166
-38.623980
-40.206058
-40.885040
-41.297504
-41.851657
-41.814532
-41.298355
-40.680681
-39.470366
-37.576130
-35.438027
-32.726867
-29.894795
-26.864835
-23.181779
-18.899781
-14.456851
-9.955849
-5.292382
-0.899690
3.168753
7.040841
10.416167
14.035531
18.320595
22.454773
26.306425
30.092001
33.092669
35.779476
38.578851
40.547677
41.654110
42.503391
42.951618
42.737211
42.143209
41.037628
39.065054
37.145104
35.212381
32.658577
29.775075
26.883909
23.806265
20.658289
16.773428
12.247733
7.979189
3.683397
-0.724963
-4.805326
-8.484466
-12.508460
-16.646726
-20.527329
-24.413381
-27.728421
-30.247654
-32.587562
-35.219533
-37.601335
-39.378234
-40.571008
-41.004590
-41.511910
-41.903598
-41.587523
-41.185277
-40.148837
-38.455214
-36.507845
-34.076657
-31.168461
-28.171199
-24.902139
-20.770686
-16.402347
-11.933701
-7.206712
-2.673694
1.375675
5.550895
9.142160
12.522595
16.658136
21.139724
25.309665
29.004472
32.238109
35.098451
38.009371
40.429149
41.702645
42.710985
43.557712
43.596029
43.030977
42.011568
40.280478
38.207599
36.157199
33.769778
30.977896
28.127943
25.030715
21.704435
18.183163
13.892480
9.375811
5.059753
0.567947
-3.781659
-7.478850
-11.528560
-15.655756
-19.683838
-23.534128
-27.147191
-29.993228
-32.188722
-34.633194
-37.194661
-39.274863
-40.454694
-41.042055
-41.458607
-41.907174
-41.868346
-41.345869
-40.497439
-39.019244
-37.059103
-34.549066
-31.824282
-28.937374
-25.778839
-21.869966
-17.444577
-13.078962
-8.486169
-3.832068
0.565563
4.606758
8.387906
11.710099
15.477453
19.826208
23.932627
27.687209
31.231812
34.075975
36.806720
39.523670
41.130441
42.062998
42.883669
43.080875
42.687314
41.972058
40.607623
38.370916
36.369732
34.309115
31.607832
28.748683
25.711060
22.593396
19.240720
15.178919
10.688305
6.481750
2.113751
-2.196176
-6.159033
-9.817907
-13.852801
-17.884118
-21.742923
-25.470087
-28.601374
-30.881677
-33.317804
-35.877739
-38.037811
-39.723771
-40.612050
-41.103704
-41.550909
-41.652407
-41.390147
-40.870564
-39.564031
-37.761586
-35.724980
-33.169815
-30.162505
-27.285985
-23.753473
-19.416468
-15.198163
-10.591745
-5.902733
-1.588890
2.443109
6.405115
10.008471
13.466733
17.757245
22.181783
26.254654
29.882193
32.767228
35.645791
38.457598
40.551594
41.750329
42.755433
43.307032
43.222904
42.657171
41.570323
39.739098
37.717649
35.670825
33.247301
30.374016
27.400255
24.497850
21.221808
17.408814
12.935741
8.418049
4.046474
-0.431708
-4.539660
-8.353165
-12.494326
-16.640936
-20.592042
-24.441310
-27.943850
-30.565943
-32.881498
-35.357305
-37.802458
-39.777926
-40.835312
-41.236537
-41.866473
-42.174884
-42.046990
-41.593484
-40.699073
-39.047854
-36.985534
-34.446205
-31.610557
-28.599160
-25.263514
-21.093232
-16.666480
-12.158155
-7.435935
-2.789157
1.466104
5.538974
9.163277
12.555293
16.599553
21.059343
25.245292
28.962578
32.375881
35.196372
37.930182
40.354218
41.832754
42.716265
43.523652
43.553625
43.044942
42.198726
40.579523
38.355589
36.304849
34.009048
31.209162
28.195381
25.217363
22.116048
18.594095
14.276334
9.789807
5.491972
1.135043
-3.273317
-7.114581
-10.938134
-15.069927
-19.012860
-22.904873
-26.502950
-29.447419
-31.744071
-34.254108
-36.825282
-38.871425
-40.317604
-40.951967
-41.288819
-41.687829
-41.638442
-41.229895
-40.624142
-39.254257
-37.374837
-35.187347
-32.448428
-29.444354
-26.324306
-22.637163
-18.422093
-14.036042
-9.449720
-4.844155
-0.556026
3.532852
7.488728
10.897432
14.624255
18.838814
23.139204
27.078050
30.399731
33.412150
36.331585
39.124148
40.871416
41.879245
42.900188
43.317761
42.901209
42.110171
40.961163
39.037807
37.218332
35.104922
32.555546
29.725007
26.810680
23.597819
20.259448
16.274452
11.825051
7.485662
3.146955
-1.283543
-5.261728
-9.094306
-13.303586
-17.473016
-21.309171
-25.126764
-28.368405
-30.781712
-33.183949
-35.867691
-38.262095
-40.010044
-40.987389
-41.415521
-42.002371
-42.270252
-41.840247
-41.367156
-40.203503
-38.440398
-36.358663
-33.623661
-30.736923
-27.777467
-24.321760
-19.970281
-15.634809
-11.062452
-6.258658
-1.681362
2.578838
6.496225
9.965726
13.654402
17.950705
22.405897
26.327712
30.058111
33.234698
36.042929
38.919960
41.108642
42.250667
43.210813
43.773651
43.519735
43.027060
41.802781
39.862905
37.732806
35.641193
33.345052
30.413355
27.370964
24.299111
20.989691
17.157452
12.530940
8.075408
3.868171
-0.641176
-4.839727
-8.678266
-12.592077
-16.860792
-20.830972
-24.719919
-28.192997
-30.696562
-32.990149
-35.598108
-37.906000
-39.706571
-40.879079
-41.303805
-41.605064
-41.938169
-41.700772
-41.210822
-40.281670
-38.446188
-36.422525
-33.975840
-31.130995

