-41.764123
-75.504610
-109.471423
-145.556927
-180.926834
-208.180462
-226.681062
-235.533203
-231.946707
-221.305915
-206.679957
-189.501388
-170.108931
-147.323779
-119.546652
-84.181173
-38.835321
9.243659
50.443411
90.035881
126.026188
151.383877
171.725069
188.348293
200.736182
212.504353
221.965654
224.649906
220.467533
207.063471
182.531221
150.107316
113.438538
75.210673
35.777262
-4.526888
-40.658372
-74.290548
-108.352218
-144.245454
-179.827384
-207.516977
-226.159777
-235.323565
-231.966291
-221.425295
-206.987688
-189.901250
-170.485462
-147.884403
-120.361192
-85.610832
-40.436983
7.905279
49.006428
88.626657
125.099591
150.699786
171.016625
187.627077
200.144904
211.977959
221.633060
224.660976
220.593214
207.652535
183.509418
151.283060
114.607811
76.467480
37.075792
-3.259863
-39.577825
-73.239122
-107.215984
-143.168313
-178.958518
-206.782818
-225.733519
-235.154969
-232.185296
-221.898726
-207.391637
-190.305540
-170.960426
-148.509741
-121.170623
-86.643866
-41.976486
6.454842
47.957386
87.455000
124.168396
150.174754
170.611143
187.337399
199.856247
211.594786
221.335888
224.526780
220.789398
208.237001
184.290409
152.402094
115.787642
77.596222
38.274016
-2.208948
-38.608313
-72.504112
-106.425626
-142.135450
-177.891595
-206.047807
-225.410802
-235.286610
-232.629776
-222.393785
-208.055803
-191.047532
-171.665464
-149.217844
-122.005599
-87.727649
-43.077809
5.511386
47.010865
86.376156
123.451267
149.729252
170.071806
186.950820
199.569975
211.316007
221.126250
224.510261
220.819541
208.589179
184.983526
153.297526
116.756814
78.678983
39.525713
-1.162120
-37.673031
-71.508544
-105.401788
-141.164746
-177.022900
-205.573525
-225.078208
-235.268048
-232.835667
-222.920520
-208.616257
-191.538504
-172.287396
-150.014843
-122.808048
-88.679620
-44.363737
4.171474
46.079329
85.514784
122.781481
149.273021
169.872386
186.862775
199.623449
211.311919
221.077204
224.634750
221.232006
209.253005
185.817650
154.207604
117.776224
79.546997
40.294443
-0.109843
-36.745071
-70.765359
-104.702541
-140.403339
-176.210403
-204.889774
-224.630151
-235.134193
-233.025381
-223.205430
-209.168877
-192.212037
-173.055785
-150.691101
-123.784372
-89.955841
-45.828479
2.950089
44.800895
84.177937
121.624299
148.694686
169.378349
186.550106
199.425731
211.053916
221.150262
224.915062
221.668141
209.854841
186.892578
155.397824
118.958439
80.839225
41.713033
1.065050
-35.825627
-69.944688
-103.863478
-139.433827
-175.420386
-204.357590
-224.283763
-235.075610
-233.480249
-223.697424
-209.634474
-192.776578
-173.610449
-151.466472
-124.609981
-90.941872
-47.294242
1.468999
43.727670
83.208254
120.802947
147.930895
168.847867
186.263323
199.174540
210.869823
221.143109
225.076505
222.068855
210.395711
187.617200
156.529801
120.403426
82.082067
43.098245
2.507482
-34.730605
-68.757023
-102.688074
-138.291291
-174.327408
-203.639099
-223.979950
-235.165868
-233.746256
-224.221775
-210.225752
-193.434783
-174.360275
-152.223962
-125.587838
-92.229332
-48.772437
0.152928
42.597396
81.942933
119.728872
147.183452
168.070963
185.543980
198.705026
210.469621
220.899752
224.999871
222.093718
210.988862
188.754967
157.491650
121.565887
83.413465
44.488566
3.822701
-33.437695
-67.504815
-101.466519
-136.929580
-173.158475
-202.788625
-223.415409
-234.956741
-234.029293
-224.605118
-210.721152
-193.994386
-175.139563
-153.201818
-126.702275
-93.612330
-50.603492
-1.733133
41.095870
80.492156
118.445328
146.404505
167.349407
185.080256
198.396615
209.990059
220.512322
225.128106
222.533941
211.631741
189.613104
158.836160
122.856583
84.682533
45.816898
5.213703
-32.000882
-66.199303
-100.216355
-135.504178
-171.839850
-201.814515
-222.532579
-234.531164
-233.916896
-224.742719
-211.264576
-194.686992
-175.847326
-154.122455
-127.939326
-95.137017
-52.514757
-3.563677
39.559603
78.869888
117.238930
145.594903
166.785036
184.551818
197.790180
209.582703
220.210723
225.064754
222.566298
212.172440
190.601519
159.972225
124.088185
86.139441
47.336817
6.657839
-31.024729
-65.147877
-98.929746
-134.235110
-170.590707
-200.808729
-221.883229
-234.236036
-234.137944
-225.267581
-211.620501
-195.039170
-176.452569
-154.742002
-128.777538
-96.358401
-54.174491
-5.359139
38.011244
77.307395
115.794114
144.389357
165.724925
183.789049
197.222403
208.953960
219.608886
224.760260
222.831113
212.646042
191.581590
161.370380
125.708921
87.627683
48.811606
8.250305
-29.738971
-63.771180
-97.506387
-132.866928
-169.211456
-199.822869
-221.278667
-234.017372
-234.406335
-225.547382
-212.326220
-195.793084
-177.175658
-155.754600
-129.935060
-97.804921
-55.958203
-7.049526
36.595890
75.843164
114.437512
143.576009
165.006433
183.126245
196.532011
208.280087
219.079597
224.410806
222.634588
213.066510
192.450455
162.414483
127.190351
89.200224
50.294399
9.548323
-28.302499
-62.484060
-95.768997
-131.058012
-167.642491
-198.841265
-220.406226
-233.563014
-234.385218
-225.891215
-212.582350
-196.210487
-177.842549
-156.640666
-130.906786
-99.116393
-57.653359
-8.822850
35.047191
74.344363
113.204718
142.669337
164.200408
182.430914
196.142878
207.883971
218.769653
224.345582
222.822087
213.442700
193.180527
163.487537
128.233603
90.235812
51.677397
10.926894
-27.088778
-61.146361
-94.744137
-129.913432
-166.329145
-197.547334
-219.561372
-233.288322
-234.455381
-226.282733
-213.238171
-196.982963
-178.436722
-157.225302
-131.736142
-100.224188
-59.185028
-10.448013
33.688545
72.971242
111.924750
141.850369
163.569621
181.831292
195.639474
207.629374
218.625239
224.357503
223.000901
213.932140
194.117171
164.559569
129.354852
91.496365
53.023951
12.450388
-25.955609
-60.270514
-93.848705
-128.822156
-165.434735
-196.906669
-218.969073
-232.724462
-234.508685
-226.477044
-213.509457
-197.293077
-179.003136
-157.949584
-132.637705
-101.271187
-60.528006
-11.941195
32.380138
71.688209
110.673904
140.875408
162.720680
181.399073
195.394073
207.153729
218.280213
224.320037
223.116704
214.520693
194.887945
165.584939
130.704982
92.778036
54.173299
13.598885
-24.773393
-59.206145
-92.852967
-127.939497
-164.301225
-196.095194
-218.638011
-232.829026
-234.691586
-226.790224
-214.113508
-197.921991
-179.662194
-158.625671
-133.395025
-102.232013
-61.800139
-13.195106
31.442472
70.580755
109.697580
140.296391
162.254231
180.863653
194.937331
206.762382
217.805590
223.976885
223.094395
214.663403
195.482118
166.401523
131.598370
93.685389
55.173295
14.743294
-23.654359
-58.084215
-91.842924
-126.647438
-163.324560
-195.348944
-218.081134
-232.462372
-234.825611
-227.173737
-214.473009
-198.348590
-180.075339
-159.087011
-134.102276
-103.093556
-62.909297
-14.410019
30.332633
69.549424
109.083482
139.831134
161.788974
180.593388
194.798708
206.470319
217.723336
224.106482
223.318679
215.038742
196.047681
167.304788
132.624762
94.664778
56.143999
15.736478
-22.742237
-57.430608
-91.285535
-126.045602
-162.502527
-194.611549
-217.658963
-232.351678
-234.965937
-227.475677
-214.948314
-199.042218
-180.629662
-159.633160
-134.843247
-103.923253
-64.128808
-15.586955
29.351541
68.591152
108.057431
139.297928
161.531312
180.227757
194.635562
206.500292
217.780556
224.080086
223.417112
215.397562
196.689197
167.905944
133.158990
95.244476
56.816169
16.381911
-22.216865
-56.787048
-90.677738
-125.363384
-161.925554
-194.170816
-217.341014
-232.140507
-234.970025
-227.560997
-215.118442
-199.135712
-181.055239
-160.203321
-135.442359
-104.616029
-64.872674
-16.483750
28.570380
67.920515
107.461555
138.889040
161.124638
180.166449
194.587878
206.377677
217.641933
224.243402
223.871299
216.047934
197.374650
168.714694
134.054763
96.184015
57.685546
16.984258
-21.531922
-56.220123
-90.150152
-124.908856
-161.489759
-193.864107
-217.308317
-232.339246
-235.226836
-227.911302
-215.608903
-199.781145
-181.518112
-160.650526
-135.815144
-105.272702
-65.600872
-17.259462
27.887821
67.102228
106.721435
138.479471
160.896267
179.898058
194.209303
206.175191
217.594930
224.278654
223.935672
216.242926
197.824069
169.395890
134.776660
96.825361
58.472838
18.211433
-20.760979
-55.509465
-89.332717
-124.156134
-161.009175
-193.622964
-217.084544
-232.245071
-235.330548
-228.320871
-216.091701
-200.186627
-182.056427
-161.286252
-136.707170
-106.126070
-66.614832
-18.293176
27.254479
66.707645
106.372493
138.389042
160.829680
179.819550
194.352014
206.262044
217.667818
224.382707
224.225180
216.695070
198.416199
169.973884
135.511671
97.643648
59.040104
18.606527
-20.068543
-54.913589
-88.937793
-123.605388
-160.182033
-193.002054
-216.700860
-232.212373
-235.605580
-228.543282
-216.554744
-200.645413
-182.592869
-161.757810
-137.282951
-106.910978
-67.494086
-19.157444
26.476724
65.743072
105.616365
137.688262
160.494873
179.696764
194.417919
206.305981
217.752627
224.592175
224.453211
217.028175
198.927437
170.641627
136.145524
98.270348
59.744290
19.351755
-19.543341
-54.353135
-88.304622
-123.137576
-159.966264
-192.824091
-216.667993
-232.263122
-235.673359
-228.716135
-216.698647
-200.878552
-182.977063
-162.326779
-137.932130
-107.521159
-68.209852
-20.030056
25.873525
65.247672
105.116708
137.440307
160.100630
179.343905
194.026572
205.956187
217.621156
224.709341
224.727562
217.564617
199.527230
171.382938
137.009961
99.007743
60.346637
20.054919
-18.739019
-53.494658
-87.661913
-122.415338
-159.051248
-192.138808
-216.257402
-231.912988
-235.684769
-228.932415
-216.890233
-201.359817
-183.242730
-162.574734
-138.076033
-108.016389
-69.019794
-20.828588
24.815287
64.345769
104.181596
136.783975
159.644740
178.948641
193.738597
205.780438
217.430762
224.521841
224.690097
217.650618
199.964898
171.992268
137.628998
99.860430
61.432634
21.097149
-17.842395
-52.892140
-86.946658
-121.898651
-158.578668
-191.733837
-215.814965
-231.633868
-235.725301
-229.204212
-217.326709
-201.715742
-183.830602
-163.180147
-138.880014
-108.615671
-69.698606
-21.734749
24.130174
63.704763
103.603431
136.168173
159.122433
178.616728
193.536111
205.529247
217.235429
224.428177
224.881513
217.920031
200.228351
172.431469
138.275623
100.587266
62.163217
21.857194
-17.219101
-52.067212
-86.220162
-120.835815
-157.556704
-190.907376
-215.268305
-231.320177
-235.665696
-229.175261
-217.531068
-201.922996
-184.093203
-163.523640
-139.313596
-109.401771
-70.650578
-22.779703
23.227079
62.746150
102.654185
135.534321
158.583777
178.200347
193.259716
205.336809
217.118093
224.499362
224.820375
218.102080
200.752360
173.142808
139.072793
101.460729
63.201530
22.748198
-16.398089
-51.431145
-85.296120
-120.161091
-156.969002
-190.351691
-214.727265
-230.867352
-235.367673
-229.120255
-217.488834
-202.133826
-184.461389
-164.213691
-140.098674
-110.242367
-71.700130
-23.905890
22.032942
61.761481
101.618426
134.638888
157.864094
177.492925
192.644085
204.848392
216.615370
224.233185
224.953720
218.308483
201.322181
173.744474
139.840671
102.271523
63.897371
23.724352
-15.506063
-50.509146
-84.390981
-119.198561
-155.881473
-189.493554
-214.135306
-230.558259
-235.406501
-229.259559
-217.720100
-202.439853
-184.701681
-164.351974
-140.457835
-110.926798
-72.731631
-25.206464
21.074499
60.670887
100.496326
133.819410
157.128232
176.768984
192.102875
204.406466
216.257061
224.130154
224.843536
218.433312
201.827117
174.622536
140.731164
103.302853
65.127952
25.046212
-14.537403
-49.656119
-83.490610
-118.015323
-154.877050
-188.678162
-213.576555
-230.150563
-235.382829
-229.494572
-217.995473
-202.646085
-185.199976
-165.042196
-141.251428
-111.790214

