277.692931
275.935786
264.431919
247.627156
228.030852
206.162759
179.629666
146.588939
106.515203
58.210748
-0.690903
-61.372348
-109.907559
-149.824619
-185.559988
-214.876958
-233.769928
-249.311243
-263.628960
-271.998644
-273.264647
-264.224495
-242.728506
-211.795568
-171.909503
-127.353839
-82.091945
-37.744726
4.979542
43.768542
84.513085
127.801895
169.848715
210.374423
243.891478
266.713755
277.567591
276.097570
264.694180
248.134136
228.503432
206.593786
180.367742
147.570372
107.573100
59.275287
0.571523
-59.922252
-108.929532
-149.048907
-184.881006
-214.211600
-233.274869
-248.946462
-263.310160
-271.862575
-273.319483
-264.519453
-243.380921
-212.492602
-172.776665
-128.277881
-83.027908
-38.541045
4.254750
42.853355
83.366803
126.881940
169.006075
209.530422
243.277890
266.273362
277.518715
276.292222
265.000718
248.502323
228.899377
207.248756
181.018966
148.498842
108.675105
60.661861
1.927274
-58.743273
-107.744421
-148.034096
-184.076343
-213.903700
-232.996600
-248.631409
-263.053349
-271.846056
-273.650885
-265.002762
-244.095325
-213.335582
-173.893826
-129.261528
-84.072011
-39.629255
3.155981
41.991302
82.724946
126.014948
167.965548
208.573512
242.421797
265.717336
277.103015
276.262760
265.322413
248.842921
229.360035
207.689490
181.753465
149.247135
109.540565
61.805929
3.456388
-57.370152
-106.832300
-147.266729
-183.186872
-212.982723
-232.355254
-248.153721
-262.745619
-271.501882
-273.549386
-265.383380
-244.647775
-214.151485
-174.803734
-130.430119
-85.298845
-40.798358
2.146108
40.982451
81.484488
124.767508
166.751657
207.547801
241.665159
265.376738
277.164664
276.488406
265.664203
249.275821
229.840790
208.236149
182.227748
149.959496
110.490322
63.019310
4.764625
-56.127821
-105.727400
-146.133218
-182.500907
-212.448324
-231.963907
-247.597184
-262.194702
-271.072558
-273.177794
-265.176126
-244.798660
-214.686223
-175.736121
-131.386008
-86.167880
-41.750499
1.205717
39.972578
80.188002
123.551914
165.647268
206.513745
240.913459
264.676809
276.723419
276.381629
265.590463
249.359778
230.130468
208.508798
182.784625
150.772333
111.560311
64.191989
6.237030
-54.781267
-104.656390
-145.189932
-181.527989
-211.767299
-231.316941
-247.066702
-261.779002
-270.713397
-273.069654
-265.454224
-245.458058
-215.403352
-176.360777
-132.251126
-87.122917
-42.656660
0.326974
39.008686
79.152414
122.582912
164.519889
205.297129
239.923682
264.090470
276.475123
276.398659
266.006674
249.836615
230.599982
208.991936
183.362620
151.606287
112.630469
65.487453
7.822684
-53.262200
-103.329590
-144.006354
-180.502278
-211.060047
-230.924232
-246.581691
-261.282921
-270.592145
-273.048197
-265.513829
-245.685237
-216.012171
-177.321093
-133.205993
-88.096516
-43.736185
-0.742163
38.414172
78.469174
121.781826
163.798162
204.596349
239.179475
263.465643
275.995561
276.145424
265.813896
250.012704
230.888299
209.486655
184.074300
152.305024
113.393750
66.520827
9.114061
-52.014589
-102.478777
-143.130507
-179.512841
-210.196120
-230.261598
-246.161563
-261.102574
-270.476001
-273.108823
-265.905687
-246.147769
-216.783455
-178.193876
-134.385654
-89.366606
-44.766665
-1.601832
37.412643
77.423368
120.782682
162.850448
203.784704
238.626344
263.129132
275.959798
276.389122
266.276768
250.311920
231.332438
209.835257
184.533426
153.030498
114.298378
67.497151
10.366780
-50.829819
-101.527487
-142.212936
-178.692341
-209.663085
-229.960339
-245.696477
-260.574307
-270.010063
-272.725139
-265.845912
-246.523448
-217.320408
-179.139035
-135.162558
-90.175867
-45.823881
-2.811977
36.495073
76.406683
119.854552
161.840234
202.713013
237.681695
262.349844
275.430168
276.018892
266.317810
250.584909
231.677975
210.452591
185.285125
153.823580
115.050248
68.433455
11.498247
-49.881084
-100.610426
-141.505003
-178.019490
-209.010158
-229.531356
-245.215041
-260.483027
-270.043612
-272.862400
-266.210863
-247.087649
-217.736278
-179.542133
-135.794878
-90.877158
-46.588353
-3.558568
35.560131
75.339760
118.614095
160.823379
201.834781
237.048353
261.990343
275.301593
276.279449
266.457115
250.728471
231.798887
210.793018
185.482502
154.176269
115.783215
69.483859
12.530599
-48.724072
-99.735771
-140.829427
-177.368607
-208.536897
-229.147843
-244.905267
-259.936878
-269.846576
-272.903953
-266.420330
-247.360979
-218.421391
-180.543491
-136.833361
-91.687100
-47.288963
-4.107612
35.127572
74.803148
117.980753
160.078151
201.107434
236.406667
261.645658
275.160926
276.299885
266.709328
251.112665
232.289348
211.085251
186.000892
154.857125
116.598606
70.442302
13.767481
-47.645569
-98.591873
-139.804738
-176.587786
-207.875626
-228.787661
-244.697673
-259.887491
-269.680023
-272.801093
-266.595227
-247.882094
-219.033786
-181.372677
-137.921912
-92.762198
-48.347712
-5.068268
34.168618
73.685646
117.147139
159.338202
200.501851
235.980238
261.024407
274.856091
276.132481
266.773701
251.472507
232.610873
211.410863
186.458145
155.512094
117.242677
71.397849
15.163592
-46.270064
-97.742762
-138.991390
-175.745828
-207.360472
-228.291750
-244.128023
-259.139708
-269.259044
-272.623811
-266.669478
-248.207535
-219.603947
-182.069370
-138.503313
-93.555791
-49.231734
-5.924702
33.449616
72.832278
116.179500
158.366476
199.484144
235.020944
260.658775
274.657352
276.287283
267.130647
251.782281
232.922520
211.921419
187.018939
156.154633
118.193626
72.405168
16.286714
-45.224258
-96.854993
-138.334547
-175.262860
-206.715379
-227.783067
-243.714537
-258.901800
-269.040380
-272.614445
-266.913346
-248.587642
-220.138686
-182.728938
-139.097146
-94.265427
-49.941880
-6.749119
32.673563
71.899380
115.201814
157.274689
198.350293
234.292235
260.194370
274.343831
276.231766
267.102207
251.814978
233.111552
212.298972
187.528304
157.003232
119.174719
73.807921
17.831666
-43.930667
-95.967565
-137.458018
-174.340180
-206.062453
-227.483000
-243.220670
-258.667128
-268.940415
-272.590092
-267.107487
-249.092238
-220.980985
-183.709690
-140.221800
-95.177037
-50.756080
-7.565362
31.915222
71.035624
114.239284
156.318971
197.559936
233.612742
259.594577
274.100815
276.201282
267.349482
252.082859
233.366319
212.391274
187.881504
157.524007
119.807380
74.512107
18.943548
-42.501347
-94.983237
-136.635474
-173.586096
-205.611672
-227.260249
-243.101290
-258.380345
-268.799237
-272.369385
-267.056908
-249.491419
-221.519981
-184.460197
-141.101565
-96.063614
-51.698514
-8.167880
31.329564
70.423228
113.470214
155.624322
196.768045
232.742855
259.046384
273.791041
276.227338
267.557928
252.340521
233.807393
212.937423
188.438381
157.835313
120.306526
75.328350
19.990376
-41.547843
-94.119651
-135.786022
-172.832523
-204.921620
-226.908411
-242.621217
-257.880517
-268.521649
-272.376197
-267.419134
-249.913420
-222.125905
-185.356140
-141.968727
-97.037554
-52.644355
-9.215389
30.382190
69.593021
112.577166
154.854911
195.993526
232.237407
258.772543
273.694992
276.347228
267.980610
252.908979
234.172174
213.399615
188.905001
158.494881
121.155637
76.204538
21.083014
-40.543420
-93.262536
-135.217564
-172.242267
-204.401016
-226.507527
-242.418902
-257.897547
-268.387965
-272.347757
-267.349141
-250.130892
-222.689424
-185.885940
-142.889363
-98.024096
-53.622382
-10.165828
29.486418
68.540573
111.582109
153.954710
194.997447
231.324775
258.138180
273.280144
276.361193
268.077339
253.165109
234.688350
213.891608
189.724309
159.518378
122.246913
77.367170
22.295884
-39.432560
-92.247554
-134.140594
-171.431473
-203.804289
-226.030179
-242.081029
-257.595607
-268.381153
-272.563696
-267.798219
-250.824009
-223.373515
-186.840977
-143.696410
-98.824842
-54.378510
-10.969639
28.890882
67.701169
110.833645
153.049060
194.429329
231.044974
257.976736
273.423535
276.495899
268.345220
253.484930
234.900202
214.223351
190.097775
160.127367
123.084273
78.449079
23.783445
-37.801436
-91.137545
-133.342913
-170.695611
-203.244856
-225.769622
-241.655452
-257.129669
-267.943314
-272.398846
-268.104928
-251.383100
-224.224670
-187.880993
-144.733191
-99.802017
-55.259466
-11.871542
28.039728
66.832645
109.873159
152.172872
193.559102
230.286121
257.332836
272.996596
276.466608
268.476009
253.838130
235.497441
214.871509
190.732649
160.788298
123.971360
79.564537
25.104284
-36.560638
-90.194430
-132.528543
-169.649805
-202.456202
-225.223643
-241.081715
-256.543841
-267.766884
-272.229569
-268.174580
-251.785857
-224.786316
-188.630138
-145.647696
-100.642102
-56.311062
-12.751137
27.197259
66.008738
108.934981
151.217154
192.507165
229.356630
256.726912
272.694656
276.404449
268.600839
254.111801
235.753400
215.105159
191.243035
161.483118
124.860491
80.478021
26.263169
-35.317455
-89.181151
-131.675856
-169.018507
-201.750823
-224.679708
-240.770578
-256.376948
-267.563718
-272.221054
-268.303496
-252.256564
-225.394453
-189.453193
-146.684136
-101.880687
-57.421923
-13.942889
26.090656
64.752102
107.634578
150.028978
191.334486
228.406531
256.123032
272.484166
276.355403
268.824441
254.294702
235.953842
215.490035
191.820008
162.254572
125.726972
81.697362
27.840989
-33.771821
-88.070290
-130.746194
-168.327604
-201.302937
-224.511964
-240.475961
-256.008250
-267.376559
-272.186143
-268.483162
-252.719096
-226.026263
-190.481969
-147.625889
-102.620976
-58.167492
-14.765263
25.398902
63.957487
106.647866
148.980788
190.283401
227.691787
255.469424
272.060803
276.460477
269.265345
254.806280
236.385380
215.965339
192.248651
162.911245
126.637731
82.905974
29.476200
-32.304866
-86.602313
-129.450219
-167.218617
-200.329508
-223.725183
-239.894050
-255.620990
-267.049585
-272.051947
-268.750191
-253.346988
-226.811852
-191.391025
-148.774896
-103.900603
-59.457506
-15.912907
24.282932
62.647206
105.468886
148.036991
189.424413
226.800782
254.975387
271.803481
276.480402
269.389323
255.114692
237.013102
216.555936
192.922524
163.896595
127.843107
84.265130
31.011786
-30.756678
-85.587502
-128.517491
-166.178942
-199.382986
-223.049436
-239.220517
-254.896879
-266.745090
-272.096225
-268.976518
-253.837449
-227.617877
-192.456245
-149.963924
-105.112110
-60.699156
-17.255374
23.162706
61.597143
104.249205
146.648032
188.049419
225.608860
254.035337
271.280323
276.316575
269.615310
255.495991
237.190723
216.865710
193.645784
164.818423
128.972019
85.541010
32.706772
-28.917279
-83.868674
-127.185583
-165.027039
-198.480913
-222.513335
-238.811459
-254.432644
-266.296182
-271.610532
-269.005469
-254.173790
-228.395292
-193.476677
-151.234354
-106.468030
-61.875071
-18.391098
22.181443
60.490881
102.991888
145.404850
186.904839
224.756343
253.483227
270.945685
276.354722
270.008189
255.995648
238.036088
217.752797
194.488423
165.751151
130.028725
86.919410
34.401417
-27.299438
-82.656145
-126.146078
-164.097718
-197.784560
-222.182614
-238.486188
-254.040275
-266.091142
-271.664688
-269.070353
-254.754339
-229.081256
-194.530146
-152.400221
-107.569695
-63.114166
-19.616059
21.004677
59.193543
101.570402
144.053357
185.475690
223.543985
252.619471
270.472424
276.237386
270.285777
256.405558
238.402401
218.120813
195.078679
166.530269
131.128345
88.261877
36.200455
-25.053535
-80.981084
-124.863897
-162.769045
-196.626697
-221.439600
-237.855400
-253.494126
-265.633719
-271.425077
-269.239119
-255.290440
-230.009556
-195.626020
-153.676782
-108.913864
-64.298596
-20.793847
20.068714
58.243445
100.442852
142.980303
184.363638
222.532579
251.764400
269.995247
276.218993
270.491157
256.729977
238.790853
218.531745
195.498126
167.157480
131.740740
89.324883
37.552629
-23.580449
-79.656669
-123.743670
-161.662272
-195.637090

