-248.707703
-272.073405
-286.433526
-293.358735
-296.586582
-294.690473
-286.914110
-271.976846
-245.033162
-206.354005
-156.375340
-99.989346
-43.420792
9.850264
59.238672
107.659101
156.121765
203.964540
241.585118
270.497118
295.355320
309.031861
311.170135
302.288021
282.503026
256.439958
225.933279
192.494222
154.836689
112.180710
64.229625
8.998939
-54.653542
-115.337712
-164.921284
-211.321456
-247.980527
-271.730082
-286.460263
-293.809857
-297.308309
-295.516934
-288.115399
-273.729903
-247.363022
-209.113700
-159.622090
-103.141751
-46.688659
6.954670
56.736980
105.261632
153.618540
201.732601
240.380764
269.573757
294.680425
309.122631
312.012264
303.787504
284.348045
258.435692
228.174073
194.924218
157.504422
114.945684
67.425966
12.601955
-51.059553
-112.760748
-162.802253
-209.359101
-246.657474
-271.172353
-286.447321
-293.969938
-297.819546
-296.432802
-289.261171
-275.423527
-249.549321
-211.781263
-162.807533
-106.453044
-49.740928
3.981420
53.949015
102.531399
151.203190
199.693101
238.949571
268.537658
294.056450
309.161799
312.533719
304.988452
285.887378
260.179894
230.214936
197.082417
160.036428
117.862054
70.485558
15.959569
-47.609976
-109.819685
-160.318613
-207.330840
-245.405606
-270.404816
-286.162240
-294.266088
-298.146520
-297.131709
-290.370669
-277.011054
-251.827921
-214.549133
-165.795599
-109.523024
-52.752154
1.304490
51.581008
100.362641
148.756845
197.489091
237.416199
267.374856
293.251446
308.959144
312.918595
305.648361
287.309544
261.921712
232.075964
199.372258
162.443263
120.320150
73.285273
19.220795
-43.936287
-106.687886
-157.696860
-204.730545
-243.800197
-269.462722
-285.780941
-294.128656
-298.307623
-297.638178
-291.138547
-278.305156
-253.607716
-216.973169
-168.913943
-112.760067
-55.751460
-1.443454
49.004725
97.934859
146.526779
195.446355
235.979046
266.242708
292.431286
308.607136
312.848772
306.346757
288.458722
263.582638
233.976671
201.240267
164.574214
122.644050
75.799056
21.894659
-40.956565
-104.008232
-155.439207
-202.643531
-242.111002
-268.218517
-284.954820
-293.620144
-298.149245
-297.713791
-291.551181
-279.143708
-255.233901
-218.948296
-171.340874
-115.444320
-58.579445
-4.200765
46.470165
95.541137
143.912179
193.028961
234.218836
264.656203
290.779897
307.669640
312.678984
306.858335
289.453949
264.667273
235.360009
202.719484
166.168213
124.358790
77.785764
24.243253
-38.414342
-101.639032
-153.172697
-200.584786
-240.565538
-267.233508
-284.421274
-293.505192
-298.138687
-297.952379
-291.960921
-279.651880
-256.044694
-220.431089
-173.277344
-117.719003
-60.861622
-6.316049
44.351646
93.344280
141.758238
190.944672
232.512781
263.145992
289.801019
307.211365
312.575442
306.848798
289.934022
265.432596
236.376524
204.030616
167.791673
126.337324
80.052614
26.774066
-35.450799
-98.924977
-151.153292
-198.479039
-239.131791
-266.103063
-283.654758
-292.734419
-297.511305
-297.503982
-291.852100
-280.094487
-257.179056
-221.910477
-175.160851
-119.776896
-62.966858
-8.246899
42.416198
91.378008
139.522042
188.604253
230.614458
261.476551
288.495336
306.244067
312.020438
306.723118
290.065663
266.025577
237.086500
204.849584
168.746710
127.448014
81.524679
28.782061
-32.891716
-96.617767
-149.048056
-196.582760
-237.600292
-265.112604
-282.835449
-292.317016
-297.067336
-297.244617
-291.730336
-280.385017
-257.872002
-223.101888
-176.838977
-121.610846
-64.722300
-10.102306
40.714060
89.648451
138.017961
187.203884
229.358503
260.163886
287.302562
305.300610
311.358145
306.622301
290.242263
266.284602
237.529618
205.482585
169.560909
128.573350
83.000660
30.493907
-30.876398
-94.599894
-147.301299
-194.826637
-236.000334
-263.711725
-281.616960
-291.308165
-296.240023
-296.782085
-291.482891
-280.355726
-258.359739
-223.905189
-177.980832
-123.072522
-66.494261
-11.912925
38.985695
87.796620
135.985613
185.191802
227.610895
258.829934
285.912582
304.393768
311.002902
306.542942
290.473529
266.496624
237.923690
205.999272
170.369489
129.486152
83.949055
31.834330
-29.291596
-93.027013
-146.097285
-193.333455
-234.727008
-262.730122
-280.870710
-290.560552
-295.548950
-296.117067
-290.883439
-279.929808
-258.322443
-224.275759
-178.818873
-124.137231
-67.555564
-12.982062
37.675585
86.376497
134.158134
183.312382
226.228578
257.384436
284.755741
303.525584
310.052122
305.571556
289.681809
266.188553
237.711498
205.958060
170.474904
129.941702
84.744862
32.938038
-27.733190
-91.499431
-144.541093
-191.988264
-233.503239
-261.662177
-279.785054
-289.664609
-294.745139
-295.402152
-290.277345
-279.674189
-258.487122
-224.763666
-179.483891
-124.910218
-68.401439
-13.790131
36.715610
85.102149
132.626465
181.715148
224.967343
256.139210
283.487865
302.429370
309.145110
305.145298
289.333888
265.774897
237.415688
205.879211
170.694930
130.212988
85.408006
33.938544
-26.337079
-90.004376
-143.375397
-190.633535
-232.312168
-260.506187
-278.881618
-289.021901
-294.053044
-294.734921
-289.656946
-279.168231
-258.272546
-224.846601
-180.111442
-125.770228
-69.267069
-14.794043
35.915034
84.466423
131.936925
180.695908
223.862273
255.228111
282.240425
301.381860
308.418104
304.503271
289.176021
265.910115
237.845182
206.124101
171.052558
130.707877
85.857936
34.531525
-25.614330
-88.995695
-142.303194
-189.517396
-231.231621
-259.587765
-278.034381
-288.255044
-293.431282
-294.473342
-289.506912
-279.178619
-258.373874
-225.239652
-180.537530
-126.495021
-70.289373
-15.867267
34.792594
83.265645
130.546263
179.317849
223.043476
254.610947
281.536579
300.856147
308.255468
304.646322
289.442199
266.098295
237.942083
206.365245
171.421596
131.085941
86.535045
35.572222
-24.270160
-87.838854
-141.316312
-188.380991
-230.423212
-259.188584
-277.835812
-287.966388
-293.186562
-294.056450
-289.168528
-278.861012
-258.468049
-225.771666
-181.521858
-127.768176
-71.388824
-16.800335
33.826828
82.248449
129.708222
178.419862
221.875565
253.618104
280.840227
300.350530
307.991845
304.664884
289.884806
266.624008
238.769736
207.133634
172.234433
132.130725
87.589877
36.626714
-22.911174
-86.544241
-140.376091
-187.401601
-229.587385
-258.773395
-277.521781
-287.928070
-293.170554
-294.057471
-289.359433
-279.309750
-259.132896
-226.501056
-182.375056
-128.624610
-72.475331
-17.858233
32.960517
81.477165
128.835099
177.412033
221.212421
253.088134
280.351128
300.260612
308.151586
305.102382
290.414776
267.341307
239.320142
207.882268
173.029900
133.099897
88.647774
37.990808
-21.335738
-85.033860
-139.210905
-186.412675
-228.909084
-258.349691
-277.406488
-287.850755
-293.031079
-294.241054
-289.693560
-279.763767
-259.820053
-227.504628
-183.843545
-130.235127
-74.003083
-19.227607
31.713077
80.302443
127.851452
176.378489
220.487969
252.599716
279.915673
300.180061
308.241844
305.444683
291.116919
268.341984
240.334102
208.899464
174.068723
134.241581
89.913607
39.390326
-19.711597
-83.630085
-138.000420
-185.408933
-228.146655
-257.792813
-277.090073
-287.903547
-293.360778
-294.645514
-290.039097
-280.274664
-260.741711
-228.683608
-185.286658
-131.921938
-75.402090
-20.485265
30.663354
79.250676
126.690524
175.132581
219.657081
252.096142
279.411248
300.105980
308.541570
306.043795
291.935035
269.172703
241.356407
209.818057
175.038065
135.142973
90.833221
40.687834
-18.152850
-81.949915
-136.816502
-184.194020
-227.260930
-257.581302
-277.109146
-288.029739
-293.287209
-294.627973
-290.202413
-280.491454
-261.377096
-229.746614
-186.764002
-133.495501
-76.974801
-21.999053
29.287509
77.920641
125.457559
173.897573
218.702555
251.239708
278.803962
299.854108
308.661291
306.654828
292.819568
270.253590
242.483105
210.938965
176.292147
136.642967
92.493296
42.348078
-16.117437
-80.159392
-135.553564
-183.064938
-226.539884
-257.164070
-276.811293
-287.904739
-293.308156
-294.865710
-290.611471
-281.149319
-262.429885
-231.004102
-188.157388
-135.224717
-78.759534
-23.584536
27.788877
76.529980
124.150174
172.690664
217.736789
250.641448
278.237547
299.490861
308.605773
306.951318
293.544701
271.081073
243.449552
212.007591
177.496842
137.990883
94.117437
44.365781
-14.002323
-78.252554
-133.950540
-181.627784
-225.346940
-256.446941
-276.433400
-287.784168
-293.377808
-295.170546
-291.222675
-281.896251
-263.264690
-232.333626
-189.931393
-137.020520
-80.485174
-25.140558
26.389871
75.306892
122.814178
171.277182
216.659989
249.936070
277.579682
299.230644
308.702503
307.218688
294.274603
271.927629
244.373424
213.004862
178.652831
139.288902
95.404557
45.722382
-12.416669
-76.587881
-132.541486
-180.163213
-224.200657
-255.623204
-275.905473
-287.699870
-293.466023
-295.227936
-291.317872
-282.155105
-264.104434
-233.416217
-191.347258
-138.731173
-82.170963
-26.873180
24.940286
73.829378
121.497427
170.052562
215.623208
249.323504
277.039153
298.771858
308.559281
307.505812
294.764553
272.674731
245.359285
214.242254
179.868766
140.560014
96.659660
47.098739
-10.776179
-74.780498
-131.193059
-178.768635
-222.870793
-254.820585
-275.454351
-287.382943
-293.182986
-295.204265
-291.539090
-282.502345
-264.756680
-234.471730
-192.565066
-140.178374
-83.782332
-28.467008
23.325000
72.426115
120.017358
168.431997
214.421749
248.300518
276.164157
298.330954
308.700630
307.841642
295.431103
273.571014
246.370179
215.153694
180.848326
141.780717
98.229476
48.883302
-8.567061
-72.725160
-129.553420
-177.550146
-222.027642
-254.276480
-275.051934
-287.216731
-293.270690
-295.292480
-291.710751
-282.971178
-265.540906
-235.570499
-193.972077
-141.830104
-85.472039
-30.000891
21.770341
70.677655
118.392536
166.961125
213.112831
247.209242
275.440727
297.940118
308.268751
307.769946
295.673949
273.984841
246.856553
215.885469
181.988137
143.080098
99.827392
50.819942
-6.635530
-70.886612
-128.136022
-176.328591
-220.856326
-253.508432
-274.630955
-286.904233
-292.896714
-295.141254
-291.870832
-283.275161
-266.119071
-236.487729
-195.267371
-143.311364
-86.895398
-31.256165
20.603452
69.444690
116.897311
165.314504
211.787564
246.095657
274.249656
297.324487
308.072567
307.679006
295.860256
274.511746
247.387035
216.424465
182.516064
143.852574
100.824492
51.931654
-5.118847
-68.994590
-126.521076
-174.670049
-219.413553
-252.416134
-273.730755
-286.353486
-292.477267
-294.859920
-291.496856
-283.174174
-266.460010
-237.223080
-196.392706
-144.769975
-88.320460
-32.846587
19.342388
68.419491
115.969351
164.057868
210.712808
245.276690
273.486546
296.560015
307.552133
307.583128
296.123539
274.864776
248.096670
217.308828
183.550460
144.860063
101.642438
53.004026
-3.748621
-67.607505
-125.314168
-173.647744
-218.428033
-251.698324
-273.307732
-285.875286
-292.067868
-294.550657
-291.541134
-283.362184
-266.790220
-237.809931
-197.176422
-145.757198
-89.465891
-33.946378
17.973014
67.057780
114.667586
162.770578
209.490061
244.494677
272.673368
295.783963
307.087898
307.263306
296.124731
275.090592
248.540810
217.777320
184.021677
145.412173
102.503470
54.055452
-2.655472
-66.251755
-124.179976
-172.488519
-217.371838
-250.932830
-272.466966
-285.439662
-291.880369
-294.327395
-291.296925
-283.174174
-266.789368
-238.188505
-197.876011
-146.750041
-90.602977
-35.292080
16.863346
65.923418
113.340616
161.418063
208.363192
243.734803
271.775382
294.994627
306.694678
307.258197
296.300309
275.313173
248.863697
218.315806
184.713772
146.380493
103.356327
55.079460
-1.248973
-64.882721
-123.116629
-171.269349
-216.204269
-250.124591
-272.010565
-285.111155
-291.518824
-294.307981
-291.429928
-283.396925
-267.517396
-238.956554
-198.907341
-147.916589
-91.839858
-36.268915
15.757595
64.652136

