108.825309
150.854247
191.926616
228.603227
255.776984
271.129097
274.875675
267.218181
252.558674
234.187501
213.768823
190.038851
160.957405
124.266488
79.974277
26.071072
-35.809789
-88.801384
-130.681310
-168.036222
-200.407675
-223.100015
-239.276375
-255.110604
-266.438552
-271.092483
-267.303501
-251.104321
-224.035978
-188.311849
-145.867552
-101.362297
-57.337795
-14.314992
25.523390
63.863652
106.633391
148.921013
190.218857
226.906538
254.432985
270.542758
274.633169
267.203706
252.511161
234.287977
213.868618
190.571717
161.599432
125.511544
81.824405
28.539896
-33.243043
-87.089028
-129.338843
-166.936091
-199.757133
-222.809315
-238.645247
-254.171576
-265.561002
-270.431553
-267.110552
-251.629182
-225.181409
-190.036637
-147.573948
-102.812563
-58.717387
-15.721662
24.451528
62.634945
105.235406
147.198439
188.246625
225.375380
253.288235
269.908054
274.617672
267.579896
253.121512
234.960318
214.550836
191.327844
162.713698
126.755408
83.486523
30.707291
-30.891555
-85.390125
-128.029415
-165.628195
-198.557547
-222.088269
-238.051925
-253.513370
-265.215295
-270.337548
-267.392567
-252.430269
-226.182086
-191.200461
-149.022000
-104.363986
-60.256209
-17.104149
23.182120
61.231341
103.570904
145.740168
186.778988
224.042109
252.536706
269.601175
274.645771
268.139158
253.922258
235.819306
215.649434
192.549569
164.071492
128.387724
85.413797
33.154999
-28.488125
-83.569118
-126.594135
-164.331709
-197.566918
-221.612283
-237.571342
-253.182309
-264.995779
-270.341464
-267.802136
-253.034830
-227.288348
-192.742177
-150.699275
-105.969736
-61.687231
-18.579108
22.030899
60.022729
102.036851
144.187723
185.290745
222.861426
251.668692
269.154991
274.771622
268.580232
254.691328
236.633335
216.227259
193.317107
165.129389
129.823344
87.057863
35.248314
-26.058299
-81.575768
-125.036751
-162.757465
-196.402414
-220.954078
-237.271445
-252.740724
-264.676639
-270.248992
-268.067973
-254.020010
-228.655679
-194.454534
-152.576991
-107.963596
-63.561201
-20.135982
20.618950
58.553049
100.622518
142.873866
183.898892
221.846785
250.938620
269.020626
275.080034
269.251892
255.312238
237.463883
217.152323
194.214242
166.034358
130.916323
88.425194
37.119048
-23.917300
-80.005441
-123.895407
-161.703655
-195.637941
-220.590830
-236.826965
-252.149105
-264.369931
-270.283563
-268.410955
-254.849025
-229.702677
-195.725134
-153.903110
-109.277964
-64.969574
-21.570751
19.394159
57.382073
99.225725
141.641753
182.784455
220.822607
250.303575
268.741505
275.107282
269.775050
256.263699
238.335133
218.064955
195.211002
167.196648
132.273265
89.958395
38.814034
-22.067342
-78.577144
-122.904948
-160.934074
-194.812162
-220.054047
-236.574922
-252.098697
-264.439413
-270.444325
-268.779482
-255.534649
-230.702332
-197.024005
-155.492851
-110.918113
-66.494431
-22.842373
18.328599
56.271212
97.961596
140.485764
181.503977
220.017944
249.851772
268.742357
275.477341
270.328181
256.765229
238.978522
218.776805
195.979561
168.091399
133.547272
91.427735
40.520941
-20.449843
-77.432564
-121.906144
-160.186120
-194.228888
-219.811371
-236.303466
-251.867941
-264.430387
-270.604917
-269.304173
-256.395340
-231.911114
-198.408365
-156.823397
-112.074954
-67.332472
-23.790257
17.461777
55.348873
96.900633
139.448132
180.666787
219.300134
249.569416
268.742868
275.817258
270.903962
257.580791
239.820991
219.567674
196.943624
169.315849
134.779555
92.851434
42.115620
-18.525464
-75.800589
-120.689528
-159.218993
-193.336180
-219.405890
-236.198221
-251.701219
-264.446395
-270.920822
-269.941602
-257.338456
-233.177287
-199.724266
-158.171994
-113.458293
-68.699973
-25.047575
16.462122
54.251807
95.842225
138.529539
179.862465
218.683822
249.239377
268.552474
275.981256
271.346228
258.031232
240.449054
220.318522
197.755609
170.004198
135.643993
93.988861
43.526036
-17.025641
-74.773686
-120.094844
-158.448390
-192.762273
-218.984400
-235.720873
-251.197474
-264.178004
-270.989111
-270.274537
-258.027145
-233.994382
-200.803620
-159.595013
-114.731278
-70.038353
-26.262317
15.254702
53.205320
94.661713
137.374060
178.772041
217.920542
248.816184
268.661976
276.514803
272.211518
259.042127
241.387912
221.139363
198.561294
171.032974
136.849710
95.304080
45.203992
-15.198163
-73.459319
-119.207587
-157.792057
-192.065069
-218.757561
-235.850130
-251.221827
-264.329570
-271.011250
-270.401239
-258.495467
-234.853881
-201.849767
-160.776888
-116.056204
-71.148532
-27.318001
14.379876
52.412237
93.823842
136.597497
178.071431
217.261825
248.278039
268.400226
276.664325
272.569486
259.524584
242.037092
221.953903
199.478183
172.058514
138.030222
96.520867
46.504736
-13.702427
-72.091648
-118.076631
-156.776224
-191.227879
-218.430758
-235.713891
-251.007761
-264.393432
-271.527767
-271.162646
-259.428705
-235.892364
-203.239237
-162.156820
-117.340939
-72.393077
-28.476034
13.212136
51.233258
92.537744
135.559014
177.024092
216.291462
247.771229
268.294641
276.917730
273.172855
260.326522
242.967095
222.754138
200.379406
173.219953
139.298439
98.117249
48.402207
-11.584759
-70.311683
-116.842134
-155.679158
-190.553835
-217.964649
-235.357966
-250.961270
-264.208657
-271.287305
-271.096911
-260.048253
-236.809594
-204.348734
-163.576944
-118.838889
-73.951653
-29.765708
12.084927
50.262042
91.550010
134.567193
176.141092
215.589319
247.299160
267.927647
276.930332
273.410593
260.887997
243.547303
223.673241
201.424531
174.286195
140.571594
99.547761
50.182002
-9.832382
-68.901948
-115.455559
-154.366493
-189.429011
-217.143638
-234.675918
-250.350748
-264.008556
-271.392209
-271.660600
-260.790416
-237.763780
-205.760513
-165.064846
-120.369537
-75.506483
-31.448943
10.639940
48.994677
90.208564
133.260489
174.860103
214.619807
246.477297
267.671006
276.937144
273.999146
261.758225
244.500807
224.649566
202.345848
175.439290
141.962426
100.929737
51.682847
-8.052417
-67.249707
-114.274706
-153.348616
-188.386100
-216.428041
-234.362909
-250.165973
-263.857671
-271.495070
-271.690743
-261.273214
-238.631793
-206.695114
-166.341237
-121.913637
-76.998813
-33.066784
9.165832
47.549861
88.722876
131.757941
173.521553
213.349887
245.600428
267.214264
276.740960
274.000849
261.982509
245.097365
225.490502
203.519889
176.605156
143.348830
102.705615
53.739377
-5.984136
-65.426486
-112.621444
-152.082103
-187.500204
-215.635811
-233.781338
-249.449185
-263.448613
-271.250691
-271.980592
-261.868579
-239.640304
-207.986321
-167.890447
-123.427255
-78.444992
-34.437350
7.902043
46.194451
87.165322
130.271912
171.927384
211.971658
244.627169
266.468525
276.438509
274.097068
262.429714
245.659522
226.001058
204.141481
177.535159
144.494942
104.051488
55.460249
-3.827640
-63.535656
-111.093521
-150.669813
-186.242546
-214.712279
-233.122792
-248.844283
-262.896504
-270.880801
-271.955899
-262.275934
-240.411758
-209.101779
-169.169562
-124.784367
-79.849618
-35.843509
6.479536
44.721876
85.535390
128.810746
170.518500
210.598026
243.401357
265.670163
276.239089
274.286100
262.785639
246.171440
226.548570
204.698529
178.486960
145.724160
105.606147
57.305268
-1.653603
-61.642272
-109.531369
-149.167095
-184.897695
-213.690656
-232.248306
-248.023782
-262.337072
-270.690407
-271.868876
-262.619768
-241.142171
-210.276842
-170.736313
-126.325573
-81.519740
-37.478549
5.049535
43.483802
84.182365
127.302749
169.013057
209.266969
242.530789
265.136787
275.928974
274.423361
263.048921
246.539967
227.002587
205.395733
179.325002
146.711043
106.854098
58.943374
0.105245
-60.134275
-108.036143
-147.995438
-183.812039
-212.754011
-231.488092
-247.221845
-261.765378
-270.184789
-271.789176
-262.998853
-241.842270
-211.144686
-171.774285
-127.634832
-82.689694
-38.624491
3.755944
42.209455
82.591431
125.763416
167.702777
208.098207
241.597891
264.493397
275.650876
274.513960
263.315099
247.084413
227.747474
206.045423
180.127961
147.896154
108.239310
60.591016
1.934596
-58.416980
-106.714283
-146.674088
-182.717357
-212.124927
-231.143066
-246.925865
-261.481830
-270.121949
-271.969523
-263.444526
-242.569957
-212.107045
-172.818048
-128.606217
-83.777734
-39.967469
2.524853
41.034222
81.326280
124.495711
166.415998
206.943921
240.682364
263.840812
275.153092
274.342469
263.673919
247.339010
227.964265
206.584420
180.842536
148.907048
109.437534
62.161003
3.966263
-56.655237
-105.529513
-145.613636
-181.628806
-211.192540
-230.503253
-246.303592
-260.808298
-269.725663
-271.824258
-263.842855
-243.270397
-213.075025
-174.118280
-130.047287
-85.191386
-41.273151
1.405307
40.064880
80.111027
123.324224
165.157148
205.616951
239.551408
263.186693
275.024857
274.541548
263.800962
247.732741
228.464263
207.105875
181.647709
149.855103
110.835688
63.720260
5.899327
-54.824182
-104.353258
-144.406387
-180.453403
-210.423810
-229.984862
-245.593957
-260.325841
-269.465106
-271.621602
-263.877766
-243.743828
-213.906424
-175.290448
-131.380217
-86.453302
-42.407683
0.303813
39.053985
79.113075
122.098923
163.900512
204.498257
238.764116
262.589625
274.654116
274.647134
264.095579
248.038598
229.018927
207.796437
182.366371
150.670324
111.673559
64.914908
7.165670
-53.680113
-103.047916
-143.326862
-179.558141
-209.589005
-229.300601
-245.116608
-259.927171
-269.203186
-271.589756
-264.297894
-244.472878
-214.811053
-176.213469
-132.458380
-87.475436
-43.516500
-0.733137
37.950277
77.762093
120.960644
162.876504
203.543731
237.820659
262.011290
274.488415
274.631296
264.356136
248.484952
229.580743
208.406959
183.051143
151.590109
112.816777
66.138165
8.610657
-52.555289
-102.230140
-142.491204
-178.665945
-208.881072
-228.948934
-244.589022
-259.504829
-269.057921
-271.693298
-264.550107
-244.760854
-215.303898
-176.789420
-132.974216
-88.292020
-44.551066
-1.904283
36.666223
76.488597
119.687489
161.562817
202.385868
237.141848
261.499882
274.033887
274.410248
264.352560
248.535020
229.619401
208.584241
183.548587
152.397156
113.814388
67.454747
10.342428
-50.935405
-101.203067
-141.680922
-177.849020
-208.123922
-228.369406
-244.084597
-259.130682
-268.783910
-271.810293
-264.995609
-245.580333
-216.170038
-177.704607
-134.105512
-89.344638
-45.397282
-2.620220
36.112581
75.667245
118.864264
160.808052
201.601982
236.521278
261.013167
274.149179
274.679831
264.750038
249.093430
230.227028
209.173816
184.338263
153.057575
114.701646
68.428687
11.560406
-49.794742
-100.147894
-140.750408
-176.868268
-207.531112
-228.009054
-243.728501
-258.827380
-268.704380
-271.759885
-265.178340
-246.063811
-216.986111
-179.075514
-135.347332
-90.455157
-46.415670
-3.566742
35.141025
74.624334
117.791721
159.618003
200.673682
236.021961
260.865859
274.006639
274.843148
265.136787
249.522584
230.619737
209.674665
184.886966
153.976679
115.636417
69.730963
13.298988
-48.005240
-99.070072
-139.997687
-176.224538
-207.163266
-227.795158
-243.480546
-258.422238
-268.334491
-271.536112
-265.408073
-246.772596
-218.071256
-180.130686
-136.458874
-91.646739
-47.483785
-4.491465
34.326485
73.686157
116.793258
158.928122
199.824912
235.147136
260.471276
274.120569
275.241988
265.710694
249.985286
231.182405
210.283143
185.541425
154.601336
116.627216
70.922545
14.579296
-46.757289
-98.165785
-139.203923
-175.646033
-206.803083
-227.623326
-243.092605
-258.204937
-268.320356
-271.635226
-265.682255
-247.256415
-218.625580
-181.076016
-137.499401
-92.584235
-48.448358
-5.647625
33.548900
72.886263
115.787983
157.763788
198.834453
234.524352
259.821245
273.679495
275.198392
265.681914
250.366245
231.606109
210.892473
186.335019
155.749491
117.802790
72.096246

