-205.277715
-238.621235
-267.776251
-286.108596
-292.260477
-284.392493
-264.479773
-235.865797
-202.734300
-169.177396
-134.426355
-96.553734
-53.702252
-6.331035
44.405801
96.743788
151.896306
200.240271
231.712205
250.123910
261.532239
267.880133
272.565569
271.877902
261.998858
244.144712
217.399427
181.589808
138.063260
89.113372
37.694829
-11.944260
-57.337625
-98.164592
-133.157287
-168.181998
-204.139948
-237.420797
-266.845737
-286.033154
-292.935031
-285.665819
-266.443661
-238.314867
-205.309221
-171.634981
-136.926685
-99.043335
-56.590182
-9.253536
41.694811
93.951396
149.027620
198.187658
230.630466
249.550343
261.352743
268.091985
273.072379
272.886242
263.579743
246.122735
219.774417
184.331962
140.893800
91.903039
40.575947
-9.153741
-54.960762
-96.422093
-131.587642
-166.451080
-202.453136
-236.204352
-266.150577
-285.866090
-293.577399
-287.057672
-268.226692
-240.467276
-207.395213
-173.639570
-139.036008
-101.380519
-59.006044
-12.064321
38.931540
91.167518
146.343708
196.176938
229.494061
248.979330
261.283432
268.100500
273.096561
273.593153
264.707804
247.765098
221.857173
186.710187
143.664735
94.871180
43.390989
-6.661585
-52.732570
-94.355856
-129.929781
-164.830174
-201.058558
-234.901564
-265.296698
-285.891294
-294.029372
-288.142477
-269.907713
-242.443766
-209.563800
-175.820589
-141.131537
-103.658267
-61.572620
-14.741591
36.256313
88.521242
143.362113
193.811144
228.179353
248.157127
260.776452
267.979588
273.272651
274.069309
265.799250
249.233586
223.756177
189.293282
146.473646
97.745146
46.307189
-3.841945
-50.114393
-92.140777
-127.960273
-162.724938
-199.243852
-233.300924
-264.040743
-285.149472
-294.030564
-289.002146
-271.217993
-244.263921
-211.358581
-177.732365
-143.261807
-105.870111
-63.836915
-17.248392
33.534254
85.576773
140.441145
191.508872
226.811681
247.540815
260.393279
267.935991
273.351158
274.571862
266.647509
250.350237
225.212915
191.025393
148.674590
100.254161
48.884835
-1.454353
-47.855888
-90.120350
-126.297133
-161.089727
-197.540692
-231.662818
-262.629134
-284.167869
-293.704442
-289.231028
-272.067274
-245.539461
-213.092225
-179.427351
-145.073448
-107.868399
-66.188063
-19.840343
30.863285
82.957745
137.563774
189.018760
225.202186
246.534688
259.580101
267.344543
272.918940
274.372612
266.773530
250.741073
226.024560
192.323412
150.393077
102.336407
51.258632
0.893729
-45.825924
-88.457210
-124.865770
-159.652063
-196.200269
-230.409418
-261.548758
-283.507620
-293.430431
-289.561919
-272.898844
-246.537413
-214.172602
-180.752277
-146.421535
-109.403133
-67.818505
-21.632910
28.845072
80.655132
135.354485
186.985561
223.613296
245.256594
258.912700
267.009905
272.558417
274.281672
267.223971
251.678399
227.390187
194.052458
152.417762
104.411840
53.117446
2.575261
-44.129065
-86.629902
-123.125996
-157.727344
-194.372450
-228.661299
-260.195732
-282.535894
-293.024949
-289.688281
-273.403611
-247.434889
-215.286527
-181.796040
-147.604772
-110.808952
-69.553001
-23.567506
26.715142
78.569821
133.085932
184.912000
222.248690
244.327102
257.999727
265.931232
271.725995
273.704359
266.819171
251.729829
227.900062
194.990124
153.641871
105.773721
54.665634
4.246065
-42.346546
-85.080181
-121.818611
-156.283038
-192.810808
-227.239643
-258.850370
-281.733274
-292.549985
-289.744650
-273.785591
-248.153039
-216.035843
-182.643448
-148.612772
-111.864294
-70.754290
-25.256702
24.921383
76.526914
131.006241
183.210373
220.966169
243.248429
257.219587
265.344552
271.132844
273.228373
266.744239
251.906599
228.176798
195.718833
154.671669
107.223817
56.289094
5.857434
-40.855919
-83.655800
-120.375838
-154.908725
-191.267559
-225.616523
-257.327216
-280.525684
-291.717393
-289.550338
-273.937838
-248.567547
-216.733558
-183.368070
-149.406365
-112.839597
-72.111062
-26.866368
23.299115
74.732133
128.970487
181.344748
219.535998
242.205688
256.145511
264.506170
270.411287
272.803647
266.460010
251.740388
228.395632
196.195500
155.544111
108.215979
57.278361
7.082054
-39.668594
-82.454852
-119.392191
-153.596231
-189.855950
-224.370616
-256.198985
-279.509851
-290.916136
-288.958720
-273.557901
-248.392480
-216.770683
-183.624710
-149.918795
-113.582952
-72.929178
-27.827876
22.048950
73.426451
127.054453
179.383414
218.124049
240.825585
254.849195
263.360909
269.104242
271.739789
265.728065
251.551696
228.575298
196.585996
156.068291
108.936003
58.093922
7.863215
-38.678476
-81.366471
-118.251358
-152.466808
-188.658237
-223.079920
-254.926852
-278.631619
-290.383952
-288.725070
-273.452827
-248.480354
-216.967378
-183.809655
-150.066444
-113.888127
-73.510408
-28.658935
20.860434
71.952854
125.410216
178.025109
217.254332
240.236180
254.106011
262.361254
268.134049
270.957947
265.077353
250.813110
228.024891
196.533544
156.400885
109.356471
58.869123
8.779934
-37.700789
-80.273322
-117.301260
-151.402269
-187.488454
-221.724510
-253.676687
-277.691228
-289.610624
-288.202592
-273.173366
-248.396908
-217.014721
-183.862448
-150.410448
-114.334651
-74.029650
-29.461554
20.014048
71.090119
124.301740
176.802363
216.045550
239.345176
253.307138
261.783430
267.605952
270.037140
264.526606
250.653710
228.182248
196.674211
156.807048
110.119752
59.713125
9.637390
-37.004777
-79.533202
-116.732631
-150.720392
-186.698096
-220.934323
-252.791643
-276.799883
-288.910185
-287.944419
-273.178475
-248.758793
-217.428378
-184.504475
-150.863443
-114.905153
-74.765512
-30.223642
19.219773
70.243733
123.327289
175.910677
215.648413
239.153419
253.122023
261.486769
267.252752
270.004102
264.527117
250.827585
228.461368
197.294269
157.655988
110.938549
60.669524
10.534695
-36.276238
-79.071351
-116.171326
-149.902957
-185.844558
-220.152140
-252.014739
-276.105574
-288.593769
-287.772247
-273.324081
-248.943567
-217.733553
-184.849330
-151.295492
-115.597248
-75.482982
-31.050103
18.085241
68.903480
122.007642
174.872535
214.696612
238.442762
252.805608
261.401619
267.063379
269.807577
264.506170
250.842912
228.885923
197.787455
158.332246
112.000023
61.788559
11.541333
-35.215105
-78.167915
-115.456070
-149.192980
-185.000556
-219.540766
-251.358066
-275.798525
-288.467748
-287.885325
-273.833956
-249.805961
-218.636990
-185.502086
-151.788677
-116.008861
-76.241664
-31.977381
17.160518
68.033763
121.133498
174.031428
214.173623
238.143546
252.616405
261.382716
266.944681
270.011425
264.782735
251.406942
229.604244
198.759862
159.423351
113.194840
62.969072
12.660708
-34.252575
-77.241659
-114.603213
-148.469721
-184.281213
-218.757050
-250.800507
-275.429147
-288.289445
-288.311073
-274.603707
-250.782626
-219.573804
-186.423063
-152.871779
-117.120062
-77.373641
-33.119406
15.854154
66.777638
119.956561
173.066854
213.749068
238.073724
252.637352
261.487109
267.026935
270.196029
265.285458
252.083029
230.471577
199.848073
160.634007
114.534242
64.353091
13.890777
-33.137117
-76.235362
-113.789354
-147.665398
-183.390379
-217.778512
-249.910695
-275.056532
-288.500445
-288.820948
-275.223085
-251.582520
-220.550469
-187.325137
-153.788158
-118.269580
-78.498295
-34.374680
14.571122
65.426316
118.440390
171.885831
213.157109
238.042048
252.731698
261.667967
267.286301
270.453010
265.691280
252.516270
231.323412
201.011726
162.038633
115.961858
65.733365
15.289102
-32.147850
-75.423717
-113.181898
-146.967002
-182.629994
-217.237473
-249.343429
-274.601834
-288.188117
-288.967405
-275.888273
-252.454962
-221.657923
-188.418286
-154.863085
-119.240625
-79.564197
-35.671507
13.213158
64.087936
117.181710
170.808349
212.594611
237.744195
252.799817
261.782578
267.474481
270.870413
266.309466
253.409658
232.298885
202.186789
163.419758
117.571524
67.321062
16.553232
-30.775070
-74.181046
-112.339939
-146.047899
-181.782246
-216.438259
-248.569420
-274.195501
-288.221666
-289.453268
-276.679482
-253.501279
-222.791774
-189.445530
-155.727523
-120.346716
-80.920458
-37.086180
11.627334
62.517779
115.605933
169.506073
211.760487
237.327984
252.600227
261.650767
267.315762
270.794800
266.650064
254.093409
233.147144
203.343970
164.833580
119.156156
69.094556
18.490553
-29.140200
-72.842666
-111.135415
-144.936187
-180.592367
-215.407951
-247.759989
-273.717131
-288.138900
-289.887020
-277.616467
-254.586084
-223.744937
-190.557752
-156.976325
-121.571166
-82.222904
-38.453681
10.133471
61.160326
113.880975
167.762382
210.610628
236.638784
252.162729
261.700494
267.298051
270.747798
266.981295
254.685708
233.955724
204.283510
166.078636
120.553119
70.509229
19.739866
-28.017248
-71.769612
-110.083648
-143.874202
-179.565975
-214.365210
-246.775491
-273.249320
-288.046258
-290.024451
-278.003556
-255.278349
-224.864653
-191.593681
-158.064876
-122.763770
-83.435433
-39.873804
8.777891
59.606177
112.101521
166.165999
209.546259
236.158030
251.805612
261.500733
267.270122
271.047865
267.336198
255.129848
234.704358
205.301046
167.218787
121.878556
71.988106
21.247183
-26.488134
-70.359366
-109.041759
-142.916782
-178.507226
-213.575363
-246.107578
-272.577150
-287.446635
-289.873055
-278.285742
-255.828585
-225.717681
-192.668097
-159.047672
-123.770748
-84.581716
-41.090931
7.329668
58.304071
111.020974
165.190186
208.881242
235.753230
251.610109
261.392253
267.216308
271.022660
267.668792
255.711079
235.717807
206.512724
168.609449
123.424530
73.506832
22.538730
-25.227240
-69.213424
-108.013664
-141.981670
-177.499567
-212.477275
-245.032992
-271.956750
-287.501131
-290.292331
-278.982605
-256.829773
-226.681743
-193.493537
-159.835134
-124.710798
-85.799524
-42.519399
5.731923
56.559188
109.086207
163.309234
207.481044
234.839065
250.864540
260.733196
266.525064
270.863771
268.015351
256.207670
236.276048
207.341569
169.853142
124.711990
74.962378
24.139711
-23.888860
-67.968879
-106.893948
-140.955108
-176.273073
-211.414950
-244.261708
-271.410772
-287.124770
-290.342229
-279.483114
-257.483040
-227.438552
-194.324766
-160.842964
-125.829152
-86.956705
-43.734482
4.345860
55.148261
107.650587
162.093639
206.558364
234.272480
250.408479
260.372162
266.200304
270.313876
267.589944
256.208522
236.594166
208.097356
170.813458
126.024655
76.379776
25.328057
-22.795541
-66.895144
-105.868237
-139.843225
-175.116573
-210.192374
-243.013927
-270.465102
-286.534514
-290.195772
-279.458591
-257.756540
-227.949960
-194.841112
-161.397117
-126.535722
-87.755919
-44.941051
3.019231
53.733076
106.051309
160.260371
205.296619
233.503580
250.137874
260.244778
266.158581
270.320688
267.764160
256.337949
236.780984
208.529064
171.558687
126.910891
77.170815
26.412010
-21.568707
-65.702370
-104.868071
-139.053208
-174.189806
-209.330831
-242.242473
-269.668273
-285.857235
-289.776666
-279.646771
-258.258751
-228.636605
-195.678302
-162.253380
-127.431665
-88.722706
-45.831544
1.831395
52.526678
104.682446
158.807380
204.028061
232.511078
249.304090
259.507554
265.663181
269.807747
267.490149
256.571429
237.331731
209.079981
172.185728
127.626998
78.323569
27.598654
-20.638704
-64.768280
-104.056086
-138.253484
-173.443556
-208.599908
-241.246905
-268.977540
-285.507611
-289.528370
-279.546295
-258.341346
-228.847265
-196.088382
-162.757976
-128.031799
-89.507784
-46.925545
0.782864
51.492964
103.288889
157.461848
203.036240
231.902940
248.696123
259.030036
265.228067
269.563368
267.295837
256.437234
237.460818
209.583896
172.897918
128.661054
79.306023
28.626408
-19.536870
-63.822099
-103.447948
-137.465681
-172.504187
-207.819428
-240.614414
-268.483673
-285.086291
-289.665461
-279.950244
-259.014198
-229.940925
-196.954012
-163.637059
-128.847020
-90.414456
-47.627858
-0.177622
50.232921

