43.009349
-13.863189
-75.862578
-131.045239
-177.854981
-220.773220
-251.335927
-270.676613
-281.781128
-287.084579
-288.332530
-284.324544
-275.531837
-257.600205
-227.396488
-185.569014
-133.697646
-78.195333
-24.082661
26.565620
74.411631
120.152405
167.075396
211.884635
244.219473
271.039179
292.442186
301.682949
300.015041
286.869322
264.962912
237.863234
206.887381
172.871522
133.966208
91.303928
42.573214
-14.005899
-75.968334
-131.086452
-177.724872
-220.555067
-251.139402
-270.663159
-281.699555
-286.814315
-288.093771
-284.071480
-275.043249
-257.089819
-226.748671
-185.055222
-133.211102
-77.860015
-23.748534
26.665415
74.434791
120.449236
167.608431
212.250267
244.491952
271.312509
292.481865
301.575661
299.784115
286.658321
264.944519
237.588542
206.556490
172.563110
133.642639
90.977124
42.220695
-14.642477
-76.601335
-131.422281
-178.008590
-220.757042
-251.087291
-270.443814
-281.492131
-286.736829
-287.966388
-283.861841
-274.871928
-256.882565
-226.615667
-184.714964
-132.941859
-77.793939
-23.700169
26.783773
74.485711
120.483467
167.620693
212.340866
244.660037
271.505628
292.668172
301.926136
300.072942
286.970309
264.903988
237.554993
206.568752
172.619479
133.648430
90.821981
42.285919
-14.631748
-76.640163
-131.548984
-178.143638
-220.804555
-251.331329
-270.656347
-281.686102
-286.881583
-288.173982
-283.979518
-274.946519
-256.923437
-226.674761
-185.021162
-133.320774
-77.943632
-23.669004
26.740006
74.604750
120.500496
167.739391
212.419203
244.957890
271.757671
292.983225
302.285978
300.497498
287.419387
265.446220
238.039834
207.076243
173.046759
134.210076
91.380732
42.706047
-14.200040
-76.541219
-131.447656
-178.278855
-221.205439
-251.661880
-271.136420
-282.138245
-287.279402
-288.622209
-284.463848
-275.419610
-257.544347
-227.452176
-185.719728
-133.835077
-78.436647
-24.129493
26.459183
74.219022
120.270082
167.326076
212.246690
244.968789
271.851846
293.156079
302.829232
301.520484
288.554941
266.497987
239.014796
207.876137
173.851422
135.024275
92.131070
43.558393
-13.009821
-75.493199
-130.945104
-177.789416
-220.807961
-251.951558
-271.606105
-282.657487
-287.882260
-289.210251
-285.161734
-276.163135
-258.376087
-228.315422
-186.886277
-135.291304
-79.561642
-24.939094
25.877101
73.800938
120.196172
167.436600
212.557316
245.369332
272.116320
293.620995
303.412165
302.194016
289.510659
267.487935
240.197182
209.009818
174.961260
136.129856
93.127148
44.635705
-12.009484
-74.641705
-130.272423
-177.316495
-220.580442
-251.799481
-271.698236
-283.105373
-288.563456
-290.064641
-286.166838
-277.132988
-259.552513
-229.681901
-188.402108
-136.756727
-81.068959
-26.314429
24.784463
72.988442
119.583947
166.742972
212.174995
245.660033
272.418601
294.366905
304.284266
303.321055
290.895190
268.971239
241.764954
210.578953
176.482541
137.696266
94.689471
46.165841
-10.502679
-73.342323
-129.559551
-176.618610
-220.172065
-251.841375
-272.275380
-283.859968
-289.256573
-290.876286
-286.974566
-278.044939
-260.667631
-230.961697
-190.105949
-138.797590
-82.860163
-27.985743
23.277317
71.548223
118.537801
165.907655
211.406606
245.121888
272.369385
294.506890
304.866689
304.226024
292.155743
270.591123
243.581874
212.431465
178.406239
139.709881
96.535172
47.873940
-8.706876
-71.691104
-128.131764
-175.371170
-219.325508
-251.583883
-272.150721
-284.219640
-289.975745
-291.889906
-288.160188
-279.335124
-262.267930
-232.910258
-192.157371
-140.660320
-84.869010
-29.870783
21.558830
70.167780
117.070845
164.464372
210.652692
245.050362
272.292069
294.751951
305.565425
305.290052
293.626274
272.048712
245.053938
214.162895
180.313247
141.641412
98.462616
50.025327
-6.297486
-69.223642
-125.857762
-173.266445
-217.639548
-250.491415
-271.939380
-284.433024
-290.461438
-292.694739
-289.136853
-280.469145
-263.635772
-234.611375
-194.406509
-143.404688
-87.634155
-32.538346
19.143990
67.889009
115.364960
163.176230
209.568909
244.375297
271.766015
294.511999
305.421523
305.509397
294.318369
273.288659
246.795586
216.048104
182.366371
144.012826
101.029192
52.656957
-3.626687
-67.072255
-124.485833
-172.180108
-216.618606
-249.928066
-271.320513
-284.260341
-290.621178
-293.205125
-290.025643
-281.676224
-265.363285
-236.687660
-196.616309
-145.750046
-89.875630
-34.565074
17.323494
66.178186
113.630295
161.164488
208.033494
243.516820
271.327496
294.515916
306.190763
306.734868
295.807464
274.879422
248.194763
217.520850
184.018271
145.618575
102.772032
54.638556
-1.168421
-64.421211
-122.347389
-170.304094
-215.184178
-249.128682
-271.317448
-284.465722
-290.803058
-293.251787
-290.373904
-282.236678
-266.491175
-238.413130
-198.971885
-148.471083
-92.430285
-36.962714
15.296255
64.130000
111.806393
159.471886
206.649133
242.422479
270.237071
293.751614
305.808612
306.820018
296.340840
275.955370
249.660696
219.300474
186.002084
147.732667
104.925803
56.908471
1.048531
-61.984573
-120.552267
-168.762377
-214.108910
-248.550006
-270.726851
-284.226622
-290.795054
-293.639217
-291.003840
-283.067226
-267.593690
-239.802599
-200.402907
-150.092840
-94.216551
-38.721902
13.633796
62.665939
110.147510
157.667909
205.007792
241.333246
269.499847
293.374743
306.017229
307.448421
297.408955
277.137075
250.979662
220.383406
187.026262
148.995263
106.442826
58.936221
3.650188
-59.569733
-118.639129
-167.335272
-212.850400
-247.775997
-270.426273
-284.143346
-290.880714
-293.798787
-291.321107
-283.508641
-268.457958
-241.073711
-202.202456
-152.234861
-96.310888
-40.614094
11.994498
61.216354
108.833313
156.417404
203.628370
240.333080
268.485035
292.783465
305.841480
307.631833
298.124892
278.027398
252.054249
221.542290
188.233512
150.533574
108.141899
60.794183
5.649669
-57.406936
-116.865465
-165.711471
-211.260319
-246.735300
-269.775731
-283.843109
-290.836096
-293.911525
-291.640248
-284.069436
-269.376891
-242.497921
-203.975269
-154.072217
-98.335573
-42.523827
10.219131
59.526818
107.138668
154.656512
202.174698
239.311797
267.668452
292.219945
305.736406
307.747296
298.504829
278.570141
252.806800
222.448792
189.331089
151.614802
109.328883
61.946767
7.329328
-55.629356
-115.177802
-164.063147
-209.931816
-245.857409
-269.214766
-283.467429
-290.369477
-293.495485
-291.455644
-284.075056
-269.716978
-243.107421
-205.041340
-155.606781
-99.795886
-44.081722
8.640460
58.027336
105.819021
153.310299
200.887408
238.180161
266.723122
291.335753
305.153642
307.463578
298.695394
279.181344
253.618956
223.452364
190.223796
152.754954
110.482829
63.517434
8.956364
-53.544044
-113.496099
-162.859985
-208.716903
-245.015110
-268.544810
-282.903058
-290.119307
-293.343237
-291.314977
-284.009150
-269.929000
-243.782997
-205.864395
-156.793765
-101.247004
-45.490265
7.372754
56.638207
104.364838
151.744740
199.585983
237.233468
265.880483
290.428741
304.564408
307.067633
298.421213
279.217448
253.818035
223.998513
190.961020
153.703519
111.744574
64.834356
10.428429
-52.204473
-112.366506
-161.746229
-207.344975
-243.919407
-267.644950
-282.347032
-289.859772
-293.268647
-291.440657
-284.320627
-270.453010
-244.442565
-206.882613
-158.005101
-102.474860
-46.784537
5.977494
55.289779
103.116887
150.465114
198.319980
236.249481
265.014342
289.849554
304.220574
307.005133
298.659972
279.602323
254.160336
224.296706
191.577843
154.467140
112.560306
65.932104
11.679786
-50.601108
-110.902616
-160.414151
-206.199203
-242.992980
-267.001390
-281.904595
-289.431299
-292.885814
-291.255713
-284.291846
-270.699263
-245.133979
-207.648958
-159.084116
-103.686026
-47.944954
4.926920
54.309198
101.905210
149.090460
197.086845
235.401051
264.109032
289.129189
303.812708
306.924241
298.816647
279.887233
254.527671
224.829401
192.061322
155.043261
113.257170
66.898380
13.085263
-48.981905
-109.492711
-159.116983
-205.114569
-242.109469
-266.341141
-281.327963
-288.932494
-292.317356
-290.852274
-284.129892
-270.717996
-245.569433
-208.629370
-160.319465
-104.946239
-49.160549
3.764459
53.114210
100.847994
148.028135
195.895774
234.314544
263.254813
288.347857
303.391218
306.761435
299.049956
280.417034
255.135979
225.326504
192.496095
155.638456
114.073583
67.796537
14.171260
-47.606911
-108.382191
-158.140319
-203.988211
-241.421461
-265.860728
-281.002011
-288.688626
-292.277336
-290.823664
-284.051895
-270.864793
-245.999268
-209.351608
-161.294937
-106.116533
-50.463166
2.623796
52.133288
99.849020
146.963256
194.957086
233.725480
262.530361
287.670749
302.880832
306.591136
299.080270
280.489240
255.479302
226.123163
193.612746
157.025201
115.415369
69.390365
15.963486
-45.924527
-106.838431
-156.750849
-202.709436
-240.431513
-265.229089
-280.631099
-288.508449
-292.152507
-291.041817
-284.512043
-271.418265
-246.828454
-210.360289
-162.690197
-107.455254
-51.652023
1.521451
50.812278
98.469598
145.488126
193.524020
232.791560
261.770146
287.132944
302.666255
306.391035
299.284628
280.968632
255.954266
226.531369
194.039685
157.672507
116.344350
70.307425
17.150470
-44.525181
-105.511972
-155.665874
-201.856409
-239.872932
-264.699800
-280.260869
-288.333382
-292.169367
-291.109596
-284.692560
-271.908896
-247.646741
-211.431129
-163.874796
-108.768429
-52.944592
0.298023
49.544062
97.254855
144.349166
192.465442
232.021638
261.330264
286.801202
302.714450
306.776592
299.833672
281.750475
256.719760
227.421522
194.895097
158.494541
117.318119
71.580921
18.800156
-42.679310
-104.155881
-154.612746
-200.683560
-239.218644
-264.419488
-280.244861
-288.228137
-292.018822
-291.206496
-284.933022
-272.342818
-248.481376
-212.596485
-165.449721
-110.307421
-54.433686
-1.139471
48.456362
96.170902
143.344402
191.496951
231.237071
260.519470
286.360809
302.631004
306.745597
300.310680
282.610314
257.770164
228.356634
195.871762
159.667390
118.646281
72.986228
20.247017
-41.008847
-102.783271
-153.425762
-199.703319
-238.572529
-263.980797
-279.985666
-288.320099
-292.093243
-291.292838
-284.899814
-272.708961
-249.221495
-213.647059
-166.721174
-111.884390
-56.044034
-2.512932
47.149488
94.912563
141.937562
190.032210
230.234521
259.765727
285.656793
302.222456
307.014329
300.896168
283.204487
258.436884
229.426793
196.998801
160.810437
119.692257
74.190072
21.618434
-39.396797
-101.288387
-152.253253
-198.763950
-237.773316
-263.640540
-279.889618
-288.237674
-292.114019
-291.529042
-285.348381
-273.155996
-249.913250
-214.855841
-168.217421
-113.384383
-57.292666
-3.546987
46.215228
93.942710
141.052689
189.162152
229.580232
259.213277
285.071135
302.055393
307.189056
301.319361
284.156288
259.529012
230.556897
198.103530
161.932196
120.790175
75.360877
22.953068
-37.756988
-99.866561
-151.078190
-197.324072
-236.892700
-263.158764
-279.806001
-288.483075
-292.655230
-292.077065
-285.966056
-274.115801
-251.243625
-216.184173
-169.775486
-115.058933
-59.012515
-5.334275
44.378553
92.290129
139.730828
188.150236
229.025398
258.877107
285.087654
302.330085
307.601350
301.902294
284.846681
260.300977
231.402942
199.006115
163.122926
122.267178
76.952151
24.810348
-35.990306
-98.236118
-150.008202
-196.312836
-236.215591
-262.629475
-279.416357
-288.205828
-292.334386
-292.147568
-286.269529
-274.653946
-252.067021
-217.420033
-171.281270
-116.519587
-60.537543
-6.662777
43.115275
90.958221
138.201032
186.707463
227.866684
257.964986
284.396069
302.172559
307.689224
302.319527
285.505738
261.041096
232.092823
199.875661
164.119686
123.427595
78.368528
26.429551
-34.117699
-96.721138
-148.635762
-195.198911
-235.407523
-262.128285
-279.020923
-287.943908
-292.201553
-292.003325
-286.232063
-274.911949
-252.774954
-218.484572

