-131.669385
-86.623601
-42.041540
0.694139
39.400714
79.749482
123.303107
165.722711
206.834078
241.249800
265.016045
277.097566
276.236534
265.623161
249.542339
230.536120
209.112338
183.371816
151.192972
111.973626
64.171553
5.995035
-54.944243
-104.720422
-145.074981
-181.314605
-211.292676
-231.170143
-247.030258
-261.823790
-271.118879
-273.315566
-265.466656
-245.301553
-215.242079
-176.039594
-132.064138
-86.757796
-42.256798
0.399351
39.225136
79.540525
123.020070
165.215049
206.310919
240.885700
264.651264
276.715585
276.087693
265.478577
249.593088
230.583293
209.366764
183.620453
151.533910
112.247978
64.457485
6.465571
-54.261684
-104.036501
-144.496475
-180.726392
-210.887364
-230.786289
-246.766295
-261.613812
-270.890338
-273.441417
-265.792779
-245.671102
-215.691158
-176.486288
-132.528884
-87.519884
-43.062823
-0.314883
38.436651
78.854220
122.385536
164.771761
205.871718
240.536928
264.498506
276.743003
276.261568
265.790735
249.902010
231.198072
209.893499
184.073448
152.134725
113.014494
65.360410
7.402556
-53.424665
-103.273903
-143.673761
-179.927519
-210.235459
-230.090448
-246.133634
-261.141402
-270.736388
-273.282698
-265.722615
-245.701585
-216.001272
-177.134446
-133.136511
-88.304111
-43.898991
-1.070159
37.664345
78.108992
121.576616
163.994176
205.103329
239.729881
263.749872
276.202645
275.860003
265.664203
249.894687
231.163502
209.972518
184.535469
152.814729
113.648517
66.428185
8.438144
-52.369322
-102.513177
-142.829759
-179.142271
-209.468433
-229.574272
-245.713336
-260.868754
-270.353896
-273.022992
-265.637296
-245.912416
-216.375419
-177.723851
-134.006568
-89.227642
-44.934068
-2.099446
36.684615
76.884031
120.512247
162.778922
203.952449
238.735335
262.929542
275.570495
275.606258
265.522173
249.861138
231.320347
210.434709
185.046537
153.490135
114.590100
67.373855
9.480034
-51.456009
-101.207835
-141.749382
-178.154877
-208.658661
-228.797879
-244.898796
-260.250228
-269.868544
-272.756645
-265.665395
-246.005739
-216.621161
-178.194727
-134.558167
-89.676891
-45.793227
-3.090756
35.634041
75.890677
119.225809
161.541019
202.755587
237.682887
262.256180
275.057895
275.319304
265.441792
250.020197
231.467996
210.509130
185.510431
154.212032
115.482296
68.695545
11.322669
-49.793039
-99.826881
-140.501601
-177.043676
-207.742964
-228.063549
-244.216919
-259.640217
-269.377232
-272.414684
-265.714271
-246.440513
-217.377629
-179.252795
-135.634797
-90.925864
-46.963351
-4.191739
34.517901
74.509893
117.916720
160.167558
201.288462
236.273834
261.076348
274.190903
275.014128
265.379974
250.060558
231.550591
210.772412
185.776268
154.737234
116.335664
69.986922
13.042518
-48.097202
-98.447800
-138.967718
-175.668001
-206.367970
-227.019957
-243.154764
-258.609056
-268.569844
-271.771295
-265.351193
-246.564150
-217.836584
-180.002281
-136.654888
-92.168025
-48.284020
-5.677598
33.262798
73.106119
116.460323
158.405474
199.528762
234.798874
259.855986
273.117168
273.759706
264.477049
249.621017
231.088230
210.144860
185.936178
155.361550
117.305687
71.176801
14.284338
-47.028405
-97.602436
-138.560534
-175.032275
-205.768006
-226.311002
-242.374284
-257.794687
-267.834323
-271.252394
-265.295846
-246.744837
-218.176671
-180.549622
-137.347494
-92.710597
-48.873765
-6.276028
32.550948
71.996110
115.082094
157.392195
198.477336
233.834982
259.239333
272.929668
274.276052
264.979771
249.831506
231.370415
211.015769
186.482668
156.008516
118.082762
72.502749
16.014065
-45.404605
-96.125092
-137.024948
-173.745666
-204.899652
-225.662674
-241.588524
-256.927184
-267.199448
-270.802804
-264.873505
-246.545758
-218.256371
-181.044340
-137.944562
-93.525648
-49.734116
-7.289307
31.675441
71.046523
114.206927
156.231097
197.518894
233.075619
258.470603
272.310461
273.866824
264.829568
249.830995
231.444495
211.150646
186.881168
156.600475
118.893726
73.497466
17.569576
-43.740443
-95.130035
-136.123725
-172.807489
-204.210111
-225.471088
-241.328478
-256.717205
-267.130988
-270.786796
-265.399558
-247.588158
-219.479288
-182.431766
-139.400618
-94.866071
-51.043715
-8.230720
30.788183
69.966657
112.898009
154.996770
195.935454
231.569665
257.380179
271.756649
273.864950
265.036310
250.156266
231.836864
211.388554
187.185151
157.072033
119.642871
74.705907
19.195080
-42.253903
-93.580314
-134.821619
-171.575887
-203.212159
-224.589280
-240.489244
-256.048100
-266.643763
-270.664522
-265.427487
-247.717074
-220.103775
-183.388335
-140.515396
-96.019166
-52.241938
-9.448528
29.838937
68.950312
112.070526
153.962885
195.094858
230.964593
257.110596
271.622794
273.939712
265.316963
250.502654
232.145105
211.775643
187.925611
157.909223
120.671817
75.681380
20.682982
-40.818283
-92.792852
-134.257248
-170.997722
-202.812127
-224.605799
-240.333591
-256.012338
-266.613960
-270.720550
-265.704904
-248.335089
-220.985242
-184.561525
-141.746828
-97.371510
-53.210429
-10.388919
28.956107
67.664215
110.518762
152.627570
193.718672
229.876382
256.300654
271.258354
274.065903
265.785456
251.055615
232.888971
212.536369
188.520125
158.664840
121.619701
77.070338
22.198643
-39.285081
-91.461114
-133.037397
-169.900145
-201.976810
-223.992211
-239.906652
-255.591188
-266.392401
-270.632165
-266.113111
-249.053751
-221.784796
-185.492890
-142.573289
-98.042829
-54.212127
-11.470658
27.828046
66.502605
109.430381
151.541403
192.727191
229.130813
255.782434
271.001032
274.177619
265.990666
251.489878
233.230080
212.909835
189.096246
159.456049
122.684240
78.306028
23.675476
-37.720033
-90.487685
-132.259301
-169.352293
-201.419592
-223.635435
-239.587511
-255.110434
-266.215801
-270.605768
-266.439404
-249.812433
-222.651107
-186.483349
-143.689598
-99.179234
-55.354152
-12.274299
27.338777
65.869263
108.758381
150.764670
191.933087
228.481974
255.385637
270.881993
274.342299
266.376393
251.874413
233.677115
213.583708
189.726523
160.211665
123.638255
79.461677
25.094066
-36.367519
-89.449712
-131.324530
-168.349232
-200.654949
-223.101888
-239.247935
-254.955121
-266.317299
-270.911115
-266.986574
-250.538588
-223.606655
-187.604768
-145.070042
-100.338459
-56.394850
-13.236318
26.520661
64.923934
107.745613
149.919987
191.240140
228.207793
255.330460
271.022149
274.614607
266.863789
252.483402
234.203679
213.999237
190.470389
161.012752
124.426399
80.407517
26.341506
-35.251038
-88.662931
-130.900145
-167.990071
-200.435604
-223.192828
-239.301409
-254.817009
-266.112089
-270.772151
-267.097269
-251.193557
-224.431583
-188.731466
-146.094050
-101.429054
-57.182993
-13.995171
25.684663
64.104625
106.853247
149.105787
190.553325
227.626903
255.058152
271.203518
275.181873
267.549923
253.123556
235.070671
214.797258
191.173043
161.876849
125.607593
81.532172
27.802161
-33.668280
-87.769883
-130.347865
-167.363541
-200.175388
-223.204238
-239.244699
-254.836764
-266.188894
-271.050930
-267.472437
-251.908813
-225.361415
-189.656700
-147.145646
-102.361952
-58.283976
-14.962469
24.906397
63.456467
106.022869
148.292780
189.587389
226.690429
254.469429
270.992347
275.282690
267.835345
253.633090
235.480411
215.309007
191.821711
162.652731
126.394544
82.608121
29.133558
-32.396317
-86.667538
-129.509994
-166.716065
-199.517182
-222.877945
-239.022459
-254.709721
-266.291073
-271.414689
-268.158231
-252.562761
-226.247311
-190.796171
-148.265532
-103.580441
-59.304237
-15.872547
24.133069
62.533447
105.213097
147.492886
188.879286
226.293973
254.355328
271.064384
275.575093
268.380472
254.161869
236.186300
215.931279
192.391872
163.355385
127.310412
83.817414
30.403478
-31.092167
-85.564852
-128.421102
-165.917192
-198.922838
-222.603083
-238.843645
-254.599026
-266.299759
-271.520104
-268.378939
-253.164939
-227.050611
-191.870076
-149.374349
-104.633570
-60.179915
-16.867774
23.355825
61.693021
104.442494
146.875041
188.305208
225.849152
254.242250
271.183252
275.873457
269.003255
254.904202
236.789669
216.502462
193.204880
164.284536
128.343957
84.871394
31.749351
-29.727391
-84.442241
-127.607754
-165.191719
-198.473760
-222.340822
-238.660574
-254.288401
-266.077859
-271.456582
-268.828017
-254.032101
-228.128093
-193.000691
-150.709833
-106.008564
-61.533792
-18.077578
22.386994
60.803550
103.375401
145.909957
187.447412
225.215980
253.728117
271.073580
276.223080
269.579036
255.669185
237.684420
217.556443
194.247280
165.335110
129.493134
86.286579
33.413683
-28.147187
-83.357436
-126.640456
-164.441551
-197.862046
-222.018446
-238.206046
-254.028184
-266.141721
-271.606786
-268.993037
-254.389218
-228.648526
-194.021634
-151.708807
-106.994765
-62.658787
-19.052880
21.486282
59.840509
102.359397
144.778490
186.307090
224.215303
253.114700
270.701817
276.082584
269.888980
256.039245
238.202470
217.945916
194.892713
166.266986
130.700043
87.560926
35.141536
-26.150431
-81.924541
-125.645058
-163.385527
-196.933576
-221.541609
-238.084793
-253.817013
-266.038009
-271.727358
-269.445521
-255.225045
-229.691608
-195.176601
-153.168099
-108.446564
-63.924960
-20.208188
20.390068
58.627299
101.020506
143.693515
185.263497
223.261459
252.425160
270.413331
276.193278
270.244735
256.536007
238.829681
218.778508
195.785761
167.396750
132.113355
89.073692
36.834308
-24.652481
-80.402749
-124.162265
-162.180662
-196.051768
-220.836742
-237.491301
-253.472158
-265.840803
-271.834476
-269.763129
-255.911350
-230.766535
-196.404287
-154.438530
-109.740666
-65.317495
-21.669865
19.080809
57.430778
99.652835
142.443861
184.046200
222.447089
251.872369
270.025390
276.073217
270.458971
256.974357
239.414488
219.463621
196.746417
168.478830
133.175169
90.527875
38.372449
-22.932121
-78.935623
-123.115778
-161.327294
-195.063012
-220.113822
-237.221888
-253.026145
-265.503441
-271.702494
-270.100151
-256.633759
-231.621776
-197.410754
-155.659914
-111.124856
-66.683974
-23.201704
17.812763
55.997712
98.153353
141.090325
182.828052
221.205779
251.069239
269.617694
276.293584
270.795141
257.420199
239.952973
220.153332
197.436639
169.277702
134.285859
91.880901
40.283373
-20.897899
-77.736207
-122.152226
-160.193954
-194.124665
-219.722646
-236.431020
-252.243110
-265.205077
-271.605594
-269.962379
-256.818533
-232.223272
-198.525190
-156.951802
-112.541233
-68.067823
-24.520840
16.401325
54.393666
96.576895
139.459712
181.160654
219.930410
250.122888
269.064733
276.067768
271.117687
258.053711
240.447010
220.629488
198.007992
170.200723
135.522570
93.287230
41.946002
-18.994978
-75.878756
-120.517015
-158.917904
-193.291051
-218.981845
-235.887085
-251.878670
-264.691966
-271.265507
-269.997290
-257.267952
-233.045476
-199.678285
-158.230066
-113.719191
-69.121974
-25.626421
15.561581
53.684711
95.595803
138.363668
180.043834
218.850545
249.214002
268.591813
275.987898
271.181890
258.110421
240.822520
221.110242
198.622090
170.955147
136.391095
94.485794
43.473755
-17.382758
-74.483327
-118.939877
-157.456057
-191.918271
-217.951366
-235.140664
-251.258441
-264.425959
-271.118539
-270.161969
-257.785831
-233.706576
-200.502872
-159.335136
-114.992346
-70.629801
-27.027300
13.962984
52.291666
94.182491
137.169872
178.843566
217.843737
248.554945
268.000875
275.635208
271.203518
258.433819
241.226128
221.626929
199.407509
171.769347
137.442180
95.670734
45.047828
-15.747377
-73.231288
-118.089744
-156.506130
-190.894774
-217.056274
-234.371594
-250.518322
-263.868400
-270.862750
-270.316260
-258.149249
-234.314033
-201.322692
-160.249472
-116.009201
-71.660621
-28.232166
13.121367
51.081691
92.854330
135.905743
177.711930
216.826882
247.689656
267.477206
275.382996
271.133525
258.446080
241.316727

