17.702920
-28.860228
-71.258715
-108.738967
-141.828912
-176.509278
-210.379873
-242.082391
-267.744235
-281.929459
-283.619165
-271.357298
-248.571123
-218.464988
-185.898883
-152.972937
-118.185111
-79.546315
-37.186827
10.340895
59.930427
111.291409
163.697345
205.970832
231.596742
246.121713
255.009958
260.202885
263.167790
259.114504
246.826410
226.758718
198.058401
160.909040
116.238253
67.070723
17.423970
-28.854609
-71.326665
-108.920506
-141.882045
-176.538399
-210.409675
-242.182698
-267.670495
-281.570639
-283.279419
-271.096400
-248.272760
-218.260118
-185.652290
-152.722938
-117.860351
-79.166719
-36.625522
10.712998
60.203586
111.632177
164.114067
206.078802
231.653282
246.254206
255.033459
260.219404
263.139691
259.094919
246.890443
226.500034
197.604213
160.401038
115.751709
66.848142
17.301185
-29.165234
-71.542433
-108.935492
-141.912869
-176.605497
-210.337469
-241.924184
-267.439740
-281.443596
-283.017329
-270.797695
-248.056310
-218.021699
-185.420173
-152.287313
-117.550237
-79.083272
-36.553996
10.956696
60.515574
111.844369
164.387056
206.519195
232.075112
246.471337
255.197287
260.481494
263.429029
259.375572
246.933699
226.689066
197.762251
160.519736
115.750177
66.715990
17.289434
-29.343367
-71.778979
-109.124354
-142.125572
-176.687241
-210.619995
-242.132459
-267.661469
-281.659024
-283.284869
-270.984003
-248.238700
-218.126093
-185.547726
-152.595384
-117.940222
-79.299041
-36.539010
10.897262
60.694899
111.774717
164.568254
206.618650
232.282877
246.703284
255.602258
260.730471
263.716664
259.794678
247.630051
227.309465
198.323897
160.936287
116.195168
67.143270
17.392465
-29.232332
-71.699790
-109.095403
-142.168658
-176.859753
-210.666146
-242.397274
-268.021481
-282.162258
-283.920595
-271.736213
-249.036210
-218.924795
-186.273711
-153.067112
-118.195670
-79.745054
-37.031685
10.473728
60.185705
111.643246
164.652382
207.097190
232.800586
247.420243
256.212950
261.256524
264.377253
260.324308
248.274973
228.122984
199.249302
162.025009
117.359672
68.209682
18.294879
-28.411491
-71.236917
-108.794485
-141.851221
-176.356350
-210.503680
-242.163965
-267.991509
-282.475948
-284.419060
-272.607292
-250.153371
-219.930410
-186.967169
-153.701816
-119.077648
-80.423355
-37.668603
9.766817
59.560537
111.068487
164.253541
207.256760
233.216286
248.070444
257.100889
262.110063
265.144961
261.330264
249.378681
229.313203
200.439351
163.151026
118.509361
69.347620
19.352606
-27.743578
-70.666756
-108.396326
-141.604628
-176.150288
-210.187435
-241.912263
-268.097435
-283.012050
-285.302571
-273.783037
-251.393318
-221.254996
-188.269275
-154.906682
-120.162283
-81.690720
-38.853543
8.690187
58.722837
110.203879
163.430657
206.940344
233.509200
248.552050
258.021014
263.121809
266.258546
262.695040
250.752994
230.772495
201.949562
164.592777
120.037454
70.923397
20.751953
-26.585375
-69.760254
-107.942820
-141.128642
-175.768307
-209.953955
-242.084776
-268.485887
-283.547129
-286.196300
-274.886744
-252.966370
-223.012141
-189.769438
-156.470026
-121.951784
-83.187819
-40.299382
7.269382
57.234253
109.012127
162.579673
206.292357
232.996430
248.778377
258.371660
263.733183
267.023529
263.640710
251.992771
232.333967
203.716585
166.514942
122.168405
73.058435
22.576196
-25.046383
-68.542106
-106.958662
-140.421731
-175.314460
-209.818738
-241.718803
-268.399034
-283.863885
-286.916324
-275.998797
-254.244804
-224.529845
-191.573245
-158.165523
-123.138428
-84.666695
-41.809934
5.684069
56.012699
107.506514
161.145244
205.716065
233.206238
249.124425
258.822271
264.474494
268.193483
265.327351
253.691503
234.257153
206.334080
169.632775
125.444106
76.242685
25.425638
-22.865023
-66.696235
-105.696235
-139.530386
-174.433334
-208.873578
-241.028581
-267.789194
-283.667019
-287.442037
-277.218989
-256.118264
-226.653474
-193.678481
-160.228695
-125.195469
-86.621216
-43.775865
3.581899
53.824357
105.236088
158.923694
203.962156
232.169628
248.547963
258.709363
264.567137
268.583979
266.091824
254.689114
235.369376
207.164117
170.300688
126.194102
77.246938
26.867219
-21.042994
-65.036331
-104.141065
-137.960230
-172.836270
-207.832200
-240.150860
-267.739466
-284.189156
-288.360630
-278.320823
-257.311549
-228.066274
-195.115634
-161.772966
-127.043043
-88.737181
-45.924698
1.543931
52.111149
103.826182
157.685110
203.423841
232.161624
248.826912
258.940288
264.960527
269.171510
266.902276
255.803892
236.887932
209.376982
173.049995
128.880058
79.789162
28.985568
-19.308329
-63.545363
-103.033440
-137.006896
-171.792848
-206.689664
-239.368166
-267.119919
-283.932175
-288.480180
-279.225452
-258.650609
-229.728903
-196.834803
-163.597550
-128.866604
-90.488366
-47.897611
-0.592811
49.658162
101.259606
155.114617
201.582057
231.017045
248.000622
258.540767
264.734370
269.194671
267.241682
256.613834
237.864086
210.530077
174.415112
130.390780
81.390483
30.730963
-17.659324
-61.710392
-101.340839
-135.404553
-170.499427
-205.707891
-238.374812
-266.604083
-283.899307
-288.999081
-280.030114
-259.601559
-230.763980
-197.869539
-164.481231
-129.949025
-91.959579
-49.613203
-2.455200
47.970670
99.609239
153.753587
200.597729
230.666229
248.069593
258.551325
264.651264
269.080060
267.364808
257.027660
238.782849
211.695944
175.958191
132.326739
83.426578
32.822915
-15.722513
-60.295888
-100.358043
-134.691511
-169.442211
-204.565525
-237.338713
-265.851361
-283.654247
-289.361307
-280.966418
-260.759422
-232.115814
-199.094670
-165.764264
-131.253004
-93.284675
-51.097018
-4.097564
46.244860
97.870997
152.174405
199.226141
229.856798
247.548478
258.460385
264.703546
269.203697
267.957449
257.806778
239.809581
212.877478
177.295719
133.942195
85.157497
34.403801
-14.314141
-59.086766
-99.129336
-133.444411
-168.118477
-203.348739
-236.347743
-265.188558
-283.459595
-289.540121
-281.540326
-261.632545
-233.204194
-200.371572
-167.080505
-132.445097
-94.808170
-52.720138
-5.866119
44.498444
96.034493
150.323425
197.896957
229.100330
247.118303
258.234399
264.596769
268.936328
267.705917
257.776805
240.194798
213.636671
178.477424
135.323831
86.635351
35.696200
-12.902021
-57.879857
-98.117420
-132.460424
-167.067392
-202.395746
-235.359158
-264.271157
-282.611336
-289.072650
-281.641994
-262.197767
-234.045471
-201.190710
-168.028218
-133.540801
-95.739535
-53.889241
-7.358449
42.856932
94.376462
148.562193
196.379083
227.955580
246.420928
257.736615
264.187370
268.693141
267.903975
258.343390
240.970680
214.677538
179.592882
136.674132
87.953125
37.201813
-11.586973
-56.383950
-96.762521
-131.431137
-166.009324
-201.311963
-234.314203
-263.334172
-282.209260
-288.973876
-281.728847
-262.389183
-234.447547
-201.808384
-168.493475
-134.215014
-96.732548
-54.993289
-8.580174
41.449921
92.681987
146.446228
194.801433
226.900578
245.516811
256.922245
263.727563
268.321548
267.622641
258.392947
241.072518
214.952230
179.991382
137.304579
89.025327
38.427625
-10.247060
-55.292845
-95.836776
-130.677734
-164.995364
-200.515304
-233.617680
-262.865169
-281.957729
-288.949864
-281.969820
-262.893268
-235.202823
-202.625309
-169.563464
-135.299308
-97.707510
-56.015594
-9.731906
40.352855
91.630731
145.499706
193.870749
226.162842
244.890792
256.518636
263.228076
267.885753
267.417431
258.332661
241.209439
215.253319
180.793490
138.239520
90.005909
39.526224
-9.286915
-54.206508
-94.676358
-129.440853
-163.809231
-199.270078
-232.505969
-261.992727
-281.364407
-288.614375
-281.995875
-263.174261
-235.660246
-203.200579
-169.989892
-135.962282
-98.660503
-57.122707
-10.974237
39.092813
90.161051
144.145659
192.959479
225.740841
244.512899
256.237813
262.900761
267.565080
267.263821
258.369616
241.559233
215.982710
181.685686
139.296736
91.050693
40.515661
-8.374453
-53.281784
-93.904052
-128.714017
-162.923506
-198.157855
-231.269087
-260.887827
-280.569451
-288.111823
-282.007967
-263.559137
-236.058916
-203.661919
-170.553752
-136.528015
-99.340337
-57.944741
-12.056828
37.790707
88.916676
143.000909
191.954034
224.963086
244.113547
255.887849
262.586900
267.150572
267.083134
258.431605
241.915158
216.456311
182.288204
140.154873
92.217922
41.528259
-7.474252
-52.485977
-93.360969
-128.202609
-162.195138
-197.489432
-230.614458
-260.279008
-280.166183
-288.113185
-282.212326
-263.889687
-236.578839
-204.167025
-171.065160
-136.992420
-100.012507
-58.860609
-13.069766
36.810126
87.689332
141.411168
190.774713
224.455084
243.648291
255.625078
262.697935
267.787491
267.789023
258.990867
242.591756
217.512676
183.553014
141.465664
93.411207
43.117830
-5.850451
-51.059042
-91.936588
-126.967430
-160.959278
-196.469171
-229.776417
-259.663718
-279.866798
-287.975073
-282.474416
-264.497655
-237.334967
-205.034528
-171.989543
-138.184173
-101.154191
-59.925999
-14.162915
35.544804
86.425032
139.949833
189.490829
223.601886
243.073021
255.120652
262.027638
266.781024
267.294986
259.026459
242.694787
217.630523
183.869941
142.189945
94.386169
43.896096
-5.074910
-50.177574
-91.008118
-126.190015
-160.285405
-195.877722
-229.124342
-259.131704
-279.660566
-288.124766
-282.815865
-265.044485
-238.107954
-205.932345
-172.887530
-139.028856
-102.179221
-61.014550
-15.264579
34.416062
85.399321
139.224529
189.054523
223.259756
242.981400
254.998037
261.981998
266.732488
267.209496
259.230988
243.307352
218.747003
185.149397
143.402474
95.714331
45.219830
-3.962006
-49.341747
-90.465375
-125.732592
-159.402575
-194.933414
-228.184802
-258.373022
-279.110159
-287.988526
-283.324718
-265.958650
-239.122425
-206.878185
-173.638037
-139.770508
-102.908100
-61.973333
-16.604492
33.102717
83.938156
137.831143
187.940598
222.537347
242.508139
255.022390
262.098483
266.566958
267.400060
259.757042
244.184222
219.650609
186.275244
144.802843
97.338302
46.760525
-2.671140
-48.135008
-89.476790
-124.715907
-158.532006
-194.108656
-227.348123
-257.664578
-278.988736
-288.118465
-283.722707
-266.315767
-239.870719
-207.673822
-174.460070
-140.578066
-104.110582
-63.389880
-18.128157
31.593016
82.363571
135.932820
186.516217
221.897364
242.234468
254.789761
261.930738
266.784600
267.780679
260.023390
244.465896
220.468385
187.413011
146.108525
98.599536
48.102311
-1.494714
-47.043221
-88.438647
-123.973574
-157.768215
-193.055017
-226.391724
-256.877627
-278.404610
-287.939991
-284.057174
-267.132861
-240.673167
-208.438635
-175.368956
-141.419853
-104.926143
-64.150776
-18.965857
30.522857
81.152746
134.888377
185.741527
221.537181
242.229189
254.828419
262.121984
266.934122
267.881496
260.375738
244.918040
221.123014
188.324111
147.241184
99.907603
49.521072
-0.073058
-45.741115
-87.562799
-123.259510
-157.042571
-192.631483
-226.119757
-256.662198
-278.412274
-288.229500
-284.496035
-267.836707
-241.907324
-209.975413
-176.749911
-142.815283
-106.316124
-65.525089
-20.404373
29.136113
79.955544
133.801869
184.916088
221.062899
241.916520
254.781587
262.166773
267.073257
268.360887
261.205775
246.083226
222.385100
189.537151
148.564237
101.350205
50.851107
1.217297
-44.619186
-86.140122
-122.139965
-155.710833
-191.353219
-224.877426
-255.724362
-277.935607
-288.080488
-284.962995
-268.568652
-242.709262
-210.691520
-177.543334
-143.700497
-107.238974
-66.827365
-21.854469
27.677502
78.514474
132.183518
183.582647
220.205784
241.471529
254.359245
261.954580
266.810485
268.347945
261.536837
246.691363
223.163196
190.673215
149.872644
102.653674
52.121367
2.325603
-43.605225
-85.413797
-121.197701
-154.853548
-190.414020
-224.021673
-254.923786
-277.481079
-288.054943
-285.189322
-269.023691
-243.373769
-211.417164
-178.340163

