-32.683441
-44.194290
-53.723369
-61.887673
-67.807606
-72.475331
-76.445852
-79.313176
-80.439704
-79.448564
-75.899533
-70.659263
-63.531399
-54.905755
-45.217787
-34.406866
-23.289408
-11.643853
0.903777
13.398102
25.031567
36.562170
47.711985
57.319743
65.624544
72.417089
78.559262
83.072186
84.026882
81.463882
76.244559
69.827863
62.677690
54.835933
46.835967
37.740980
26.872158
14.290639
1.550061
-11.874778
-25.816475
-38.241829
-49.014602
-58.126279
-65.429211
-70.557935
-74.958461
-78.671319
-80.865281
-81.170797
-79.076460
-74.682236
-68.814414
-60.751949
-51.639932
-41.290351
-30.244759
-18.794196
-6.555149
6.281308
18.314975
30.081272
41.781664
52.422626
61.621155
69.239310
75.673376
81.468650
84.537268
84.035226
80.231088
74.456079
67.623343
60.089827
52.212988
44.000489
34.114122
22.356851
9.578466
-3.232275
-17.169714
-30.646835
-42.512928
-52.562952
-61.094080
-67.525080
-72.418111
-76.496771
-79.744714
-81.272977
-80.658368
-77.533892
-72.546857
-65.824134
-57.401146
-47.717435
-36.878586
-25.686877
-14.078958
-1.487732
11.217935
23.016419
34.778799
46.049867
56.111131
64.847129
71.868386
78.302622
83.395583
85.080692
83.078316
78.045981
71.805886
64.758233
56.935889
48.964024
40.239096
29.660293
17.356532
4.507303
-8.779764
-22.910663
-35.768577
-47.060422
-56.562253
-64.160654
-69.589104
-74.299063
-78.192609
-80.852679
-81.522465
-79.993861
-76.033899
-70.477383
-62.762669
-53.795406
-43.593815
-32.602549
-21.225725
-9.225096
3.541708
15.713828
27.492898
39.318970
50.370693
59.917143
68.193674
74.898515
81.083775
84.735496
84.937130
81.759010
76.194661
69.487095
62.021358
54.014410
46.105044
36.574602
25.269985
12.604850
-0.121253
-13.903720
-27.787685
-40.006808
-50.479514
-59.440647
-66.268444
-71.203538
-75.602872
-79.137768
-81.161431
-81.099783
-78.544276
-73.941776
-67.750045
-59.635980
-50.257104
-39.468322
-28.314080
-16.874075
-4.537787
8.175032
20.021200
31.780515
43.584619
54.078272
63.067164
70.452350
76.897315
82.473074
84.781136
83.440883
79.120057
73.254960
66.337245
58.689799
50.713335
42.410237
32.156365
20.136663
7.320642
-5.554983
-19.586427
-32.787664
-44.496400
-54.268326
-62.405722
-68.260261
-73.043449
-77.223267
-80.136912
-81.174033
-80.222743
-76.710156
-71.447917
-64.261300
-55.706160
-45.834099
-34.784249
-23.550476
-11.810746
0.855412
13.255903
24.906397
36.645447
47.756944
57.476248
65.994774
72.845391
78.987394
83.484820
84.539141
81.987040
76.748473
70.313726
63.138689
55.179255
47.259331
38.220031
27.295181
14.884472
2.266679
-11.185578
-25.215830
-37.765333
-48.519714
-57.749748
-65.065963
-70.108175
-74.540206
-78.275374
-80.615963
-80.775874
-78.758683
-74.378082
-68.549088
-60.668843
-51.636526
-41.164160
-30.098132
-18.847500
-6.630421
6.128039
18.087966
29.635770
41.307722
51.947662
61.162540
68.903480
75.538158
81.461157
84.524666
83.884341
80.101149
74.301958
67.429543
59.790100
51.646233
43.466261
33.704042
22.047247
9.281124
-3.435612
-17.267976
-30.882018
-42.793751
-52.787406
-61.195237
-67.503623
-72.234869
-76.416220
-79.686982
-81.129755
-80.571175
-77.506985
-72.524207
-65.729277
-57.311739
-47.747748
-36.792415
-25.431429
-13.926200
-1.381295
11.359453
23.145676
34.750189
46.115262
56.231533
64.916440
72.054011
78.299556
83.212852
84.994861
83.160571
78.260899
71.995599
65.050466
57.306119
49.200228
40.373632
29.762132
17.510142
4.530123
-8.726461
-22.786515
-35.659756
-46.872922
-56.314298
-64.153160
-69.644792
-74.162313
-78.212193
-80.913135
-81.493173
-79.933575
-75.842312
-70.293120
-62.639884
-53.732906
-43.693611
-32.624177
-21.207333
-9.272780
3.614596
15.967233
27.687890
39.405482
50.379889
59.879507
68.126406
74.770280
80.934082
84.694454
84.889616
81.831557
76.281003
69.549595
62.003306
53.898437
45.702798
36.175762
24.992909
12.368645
-0.458956
-14.127152
-28.181417
-40.535927
-51.161391
-60.124057
-67.099163
-72.145462
-76.344524
-79.835824
-81.878730
-81.739766
-79.184260
-74.460166
-68.192482
-59.932470
-50.586121
-39.951290
-28.531722
-16.966718
-4.527228
8.483103
20.491907
32.212734
43.780974
54.445778
63.510622
71.154833
77.595540
83.250148
85.803781
84.788459
80.492837
74.303150
67.283767
59.685366
51.362514
42.797668
32.643250
20.727430
7.778747
-5.267688
-19.281592
-32.652106
-44.487374
-54.602793
-63.070229
-69.328547
-74.121611
-78.270606
-81.338031
-82.602331
-81.637076
-78.240974
-73.222773
-66.102062
-57.335070
-47.544582
-36.468165
-24.898223
-12.954303
0.053985
12.934378
24.869612
36.464248
47.892162
57.755368
66.707305
73.901755
80.276898
84.955692
86.359978
84.333931
79.145942
72.631666
65.385444
57.354484
49.132279
40.082250
29.194014
16.759975
3.773315
-9.688480
-24.046557
-37.003585
-48.324891
-57.836430
-65.700667
-71.149894
-75.665201
-79.521792
-82.219328
-82.755089
-81.064531
-76.768228
-71.121114
-63.334874
-54.215193
-43.795279
-32.560485
-21.034820
-8.697510
4.337685
16.801187
28.598990
40.539503
51.680292
61.369283
69.600003
76.422521
82.716090
86.455856
86.392335
83.087342
77.484676
70.659774
63.087770
54.900987
46.627181
36.836522
25.214297
12.394530
-0.568458
-14.452594
-28.567995
-41.042737
-51.697322
-60.753141
-67.584174
-72.675603
-77.191591
-80.753224
-82.745382
-82.779782
-80.170631
-75.337546
-68.929877
-60.609920
-51.180124
-40.400539
-28.967346
-17.307826
-4.733460
8.304800
20.444563
32.307591
44.068098
54.609435
63.832317
71.461201
78.030484
83.760023
86.276702
85.236856
80.881459
74.849129
68.024908
60.383252
52.186251
43.548856
33.051627
20.951544
8.064508
-5.067417
-19.293172
-32.653127
-44.427599
-54.402181
-62.917471
-69.088595
-73.985372
-78.268392
-81.528425
-82.697698
-81.775699
-78.253235
-73.068312
-66.012655
-57.322468
-47.471183
-36.546162
-25.182111
-13.110638
-0.178644
12.519189
24.339812
36.241327
47.676734
57.533469
66.164902
73.377575
79.935278
84.839037
86.182867
83.889961
78.819309
72.573764
65.532923
57.536534
49.372060
40.293251
29.095241
16.527346
3.825937
-9.535381
-23.753984
-36.635229
-47.783341
-57.236637
-64.824138
-70.337057
-74.973958
-78.820331
-81.416198
-81.965583
-80.241135
-75.958286
-70.328202
-62.707663
-53.805794
-43.433564
-32.233681
-20.881380
-8.631093
4.320826
16.489710
28.128283
39.792742
50.577777
60.151134
68.172898
74.852194
81.010546
84.662778
84.683044
80.965417
75.316089
68.890367
61.645338
53.634133
45.441389
35.697392
24.068866
11.327096
-1.387596
-15.245335
-28.813566
-40.752207
-51.015105
-59.734583
-66.330603
-71.248838
-75.866325
-79.424381
-81.117153
-80.794947
-77.951125
-73.297024
-66.737277
-58.418172
-49.100944
-38.509709
-27.389186
-15.770027
-3.195150
9.459087
21.354301
33.072233
44.490099
54.490226
63.258069
70.606130
77.146292
82.346201
84.409884
82.947356
78.357799
72.240829
65.378462
57.696445
49.713850
41.098765
30.603920
18.493959
5.925553
-6.996053
-21.101407
-34.082447
-45.331035
-54.813283
-62.932287
-68.511622
-73.144266
-77.201128
-79.927444
-80.791542
-79.579353
-75.726339
-70.391212
-63.073124
-54.324525
-44.428451
-33.518587
-22.392954
-10.574545
2.307381
14.607736
26.051317
37.733998
48.589706
58.029720
66.148894
72.861569
79.128402
83.340747
84.030117
80.942767
75.637783
69.234882
61.916794
53.955317
45.857600
36.526067
25.419678
12.873241
0.327826
-13.041496
-26.767424
-39.060456
-49.598387
-58.524438
-65.423931
-70.398365
-74.660267
-78.141519
-80.088377
-80.199923
-77.873298
-73.307582
-67.153999
-59.017794
-49.957888
-39.590938
-28.349331
-17.040287
-4.737888
7.957901
19.830976
31.379802
42.731592
52.989892
61.925309
69.467851
75.860023
81.384352
83.925894
82.885197
78.748124
72.750875
65.744434
58.148248
50.167867
41.831561
31.716994
19.962447
7.336991
-5.374466
-19.229650
-32.354593
-43.963194
-53.756918
-62.019825
-67.897865
-72.504623
-76.475484
-79.444136
-80.625159
-79.652412
-76.193810
-71.098975
-64.004489
-55.388723
-45.590571
-34.732478
-23.575170
-11.882952
0.846045
13.262715
24.782419
36.428996
47.588519
57.254519
65.502439
72.268248
78.618356
83.040169
84.017856
81.447703
76.350485
69.969211
62.789747
54.783651
46.777214
37.770101
26.863132
14.436756
1.837015
-11.286395
-25.155204
-37.696362
-48.561266
-57.709898
-65.081290
-70.186853
-74.495929
-78.076124
-80.300059
-80.527919
-78.627212
-74.243886
-68.295002
-60.432298
-51.433529
-41.111367
-29.958487
-18.625089
-6.593296
6.305320
18.370322
29.944692
41.400364
52.020720
61.216695
68.993739
75.399365
81.181356
84.359135
84.065369
80.125502
74.105433
67.280190
59.718745
51.651342
43.341262
33.420154
21.812575
9.091582
-3.712348
-17.426014
-30.873333
-42.720522
-52.905083
-61.479977
-67.789214
-72.543962
-76.662643
-79.935108
-81.368855
-80.798183
-77.641181
-72.620426
-65.862281
-57.343585
-47.715221
-36.946535
-25.701863
-14.019353
-1.311643
11.415482
23.197617
35.014834
46.391998
56.339843
64.916270
72.023698
78.370060
83.451782
85.306508
83.491802
78.644071
72.362593
65.191984
57.369300
49.153396
40.369885
29.593195
17.184189
4.412787
-8.586645
-22.577388
-35.577672
-46.742473
-56.287221
-64.221280
-69.810493
-74.363777
-78.213045
-80.783027
-81.515993
-79.987390
-75.923204
-70.422207
-62.823806
-53.962129
-43.737548
-32.610212
-21.290268
-9.223393
3.683567
16.124249
27.750901
39.538145
50.519535
59.997695
68.102394
74.707781
80.809082
84.671293
85.057361
81.744364
76.069832
69.449459
62.212944
54.105691
45.884677
36.422525
24.979285
12.199368
-0.617504
-14.277526
-28.069701
-40.381636
-50.963504
-59.878826
-66.826684
-71.868556
-76.282876
-79.883167
-81.783363
-81.559931
-79.051597
-74.428831
-67.972285
-59.700353
-50.454991
-39.717981
-28.457982
-16.930274
-4.415001
8.397102
20.481689
32.334668
43.984481
54.320097
63.280548
70.751905
77.199084
82.756281
85.293565
84.130594
79.767193
73.662145
66.694192
59.101582
50.999948
42.402063
32.029322
20.086425
7.272278
-5.629403
-19.657782
-32.908576
-44.510365
-54.410015
-62.794856
-68.873337
-73.628255
-77.794279
-80.838374
-81.930161
-80.974272
-77.356441
-72.216306
-65.143449
-56.477615
-46.588693
-35.485029
-24.225201
-12.291159
0.658035
13.289281
25.117568
36.991494
48.325232
58.180775
66.602230
73.481458
79.813855
84.468807
85.651364
83.046300
77.883005
71.565764
64.438581
56.458201
48.344646
39.229904
28.139012
15.493291
2.732277
-10.750634
-24.797406
-37.382501
-48.314844
-57.540110
-64.988988
-70.441961
-75.162819
-79.007319
-81.367493
-81.725802
-79.841784
-75.533731
-69.707632
-61.735937
-52.755390
-42.438848
-31.311512
-19.892795
-7.742132
5.246571
17.460585
29.293299
41.008507
51.708903
61.093228
68.970408
75.519936
81.438167
84.821156
84.612710
80.980233
75.173378
68.441119
60.974700
52.879027
44.655800
34.817117
23.393972
10.625975
-2.184255
-16.042505
-29.582637
-41.496413
-51.847696
-60.573816
-67.028488
-71.941274
-76.156173
-79.574926
-81.247091

