-41.220699
-54.241589
-65.020663
-74.876036
-83.641495
-90.898275
-95.812763
-98.048449
-96.900974
-93.379021
-88.207551
-81.038475
-71.665049
-60.146536
-47.674520
-35.216638
-21.561895
-6.795270
7.779769
22.792135
37.625347
51.245689
63.071932
72.060823
78.876189
84.396430
89.043209
93.167339
95.377820
93.599898
89.887551
85.280452
76.942274
66.000393
55.292164
42.810099
27.702706
11.557341
-4.025527
-19.111463
-33.720221
-47.449214
-59.637002
-69.986241
-79.540185
-87.744849
-94.118118
-98.085403
-98.961592
-96.606016
-92.422111
-86.328472
-78.355925
-67.864146
-55.590357
-42.998280
-30.179705
-15.677384
-0.767708
14.032636
29.034615
43.706894
56.873049
67.660298
75.794969
82.024676
87.174007
91.763735
95.391444
96.104656
93.122891
89.328459
83.351306
73.449101
62.579427
51.505055
37.722247
21.747862
5.592448
-9.794235
-24.837937
-39.178985
-52.514928
-63.788380
-73.792083
-82.953487
-90.665988
-96.040794
-98.966190
-98.527670
-95.297609
-90.366943
-83.492483
-74.521133
-63.322101
-50.676891
-38.083621
-24.674620
-9.849753
4.980053
20.039933
35.167081
49.338170
61.537198
71.169989
78.409740
84.062644
88.910205
93.175684
95.966543
94.907795
91.213158
87.166854
79.756124
69.040912
58.319398
46.325241
31.409604
15.168360
-0.803811
-16.053404
-30.797720
-44.726985
-57.416303
-68.135943
-77.840941
-86.479528
-93.606029
-98.112481
-99.691663
-97.688607
-93.751294
-88.093110
-80.453328
-70.488453
-58.538403
-45.945815
-33.355440
-19.072805
-4.016672
10.857752
25.995118
40.968316
54.530246
65.826859
74.310303
80.995049
86.313316
91.059378
94.902686
96.504518
94.240904
90.630395
85.533176
76.351336
65.321241
54.656267
41.361025
25.582143
9.255409
-6.347384
-21.508592
-36.035095
-49.613544
-61.341013
-71.679524
-81.121751
-89.193583
-95.291819
-98.844426
-99.155051
-96.283300
-91.740915
-85.249969
-76.852526
-66.170522
-53.832361
-41.227000
-28.133052
-13.462305
1.411438
16.435385
31.570366
46.020917
58.830125
69.034270
76.611042
82.512242
87.518011
92.027698
95.349891
95.236472
91.984613
88.245698
81.639801
71.279321
60.510465
49.271754
34.950290
18.847159
2.793585
-12.387208
-27.309486
-41.482619
-54.687262
-65.671206
-75.543438
-84.394217
-91.821296
-96.935885
-99.199499
-97.928558
-94.452756
-89.256423
-81.979377
-72.542940
-61.083010
-48.512731
-35.878590
-22.072451
-7.221699
7.571152
22.629840
37.646975
51.487684
63.193015
72.172880
79.166378
84.757464
89.390278
93.442542
95.611981
93.947819
90.333564
85.786751
77.495234
66.657407
56.112664
43.694121
28.435673
12.229000
-3.418922
-18.583196
-33.234528
-47.003201
-59.038401
-69.443498
-79.035078
-87.253536
-93.785524
-97.891603
-98.925659
-96.460751
-92.230695
-86.123432
-78.112568
-67.794834
-55.693729
-43.086154
-30.322245
-16.008615
-1.065390
13.761180
28.845072
43.456044
56.535346
67.237616
75.295482
81.512587
86.692912
91.143506
94.630548
95.225402
92.332533
88.564668
82.823549
73.055540
62.047243
51.133292
37.533726
21.644660
5.449057
-9.873765
-24.777310
-39.148501
-52.464349
-63.740185
-73.714086
-82.792895
-90.484279
-96.070937
-99.027157
-98.444223
-95.148087
-90.300696
-83.438669
-74.465105
-63.366209
-50.864901
-38.218839
-24.654865
-9.841408
4.994699
20.075355
35.154309
49.244676
61.475209
71.136270
78.351668
84.174701
88.990756
93.172959
96.031257
95.170736
91.419220
87.110996
79.724789
68.913528
57.999747
46.165500
31.583479
15.640770
-0.292574
-15.554088
-30.418294
-44.530290
-57.382584
-68.143095
-77.903100
-86.361170
-93.069928
-97.666809
-99.407094
-97.554922
-93.667337
-88.062968
-80.532176
-70.589270
-58.613334
-45.907668
-33.101184
-18.864529
-3.915174
10.894367
25.921890
40.773153
54.383789
65.822601
74.508531
81.227166
86.457048
91.105700
94.881058
96.371514
94.066858
90.239559
85.292884
76.250689
65.020663
54.037912
40.967464
25.505338
9.251152
-6.451777
-21.618094
-36.324433
-50.065177
-62.034641
-72.291068
-81.681524
-89.782306
-95.801183
-99.428722
-99.933488
-97.059352
-92.472519
-86.002861
-77.547516
-66.734382
-54.262536
-41.527067
-28.220585
-13.481549
1.551424
16.643320
31.777791
46.308722
59.166976
69.860390
77.714069
83.870036
88.897262
93.341385
96.717221
96.878835
93.463148
89.286566
82.933392
72.837898
61.573982
50.130061
36.063194
20.076207
3.752368
-11.868988
-26.979106
-41.360855
-54.766110
-66.138336
-76.128074
-85.127013
-92.653036
-97.909825
-100.536346
-99.704095
-96.160344
-91.059889
-84.108455
-74.713400
-63.066653
-50.280094
-37.475313
-23.529359
-8.378540
6.775515
22.042138
37.295648
51.285369
63.545363
72.917768
80.442939
86.266824
90.962819
94.914777
97.404548
96.323320
92.491933
88.066544
80.307552
69.373505
58.409316
46.059064
30.841998
14.496871
-1.610518
-17.053400
-32.094547
-46.229533
-59.005363
-69.739478
-79.680511
-88.264261
-95.061234
-99.501269
-101.125240
-99.037034
-94.987324
-88.971002
-81.177780
-71.061850
-58.882747
-45.996564
-33.113105
-18.599204
-3.238916
11.875970
27.257204
42.194980
55.831841
67.293303
75.891869
82.568441
87.948016
92.643670
96.524102
97.848518
95.365388
91.606719
86.375986
77.126367
65.940108
54.962805
41.467973
25.502954
9.122406
-6.697348
-21.974359
-36.761420
-50.693580
-62.699318
-73.180369
-82.620382
-90.803419
-96.978971
-100.518295
-100.792306
-98.052365
-93.491418
-86.881093
-78.326975
-67.418643
-54.962465
-42.251008
-28.781210
-13.807671
1.364095
16.638551
32.065255
46.673673
59.656756
70.033755
77.930348
84.112542
89.223555
93.822990
97.184011
97.231354
93.816348
89.849745
83.339214
73.044811
62.111105
50.610474
36.199433
20.162719
4.058565
-11.525324
-26.774917
-41.327647
-54.794039
-66.088438
-76.271806
-85.301399
-92.763220
-97.973347
-100.662197
-99.665437
-96.303906
-91.134991
-84.044082
-74.676956
-63.028846
-50.256082
-37.623303
-23.669175
-8.449044
6.532839
21.769830
36.886420
51.040139
63.226223
72.572402
79.771280
85.675887
90.564489
94.813619
97.069059
95.476082
91.843775
87.534870
79.597405
68.864311
58.310202
46.085630
30.668633
14.338323
-1.446349
-16.727448
-31.744582
-45.975787
-58.485780
-69.128275
-78.889983
-87.494339
-94.295400
-98.608732
-100.071090
-98.038060
-94.135318
-88.155440
-80.294098
-70.217337
-58.199508
-45.597042
-32.754285
-18.360785
-3.361361
11.663607
26.990346
41.814702
55.144685
66.154344
74.605601
81.174033
86.499793
91.198512
95.065321
96.177374
93.324695
89.585781
84.121568
74.667931
63.808475
53.007262
39.563860
23.905890
7.879904
-7.464375
-22.561550
-37.074430
-50.653560
-62.271357
-72.515522
-81.795454
-89.543206
-95.505033
-98.804065
-98.582847
-95.637185
-91.102464
-84.603514
-75.835841
-64.765215
-52.407299
-40.004935
-26.654516
-11.785541
3.042902
17.977953
33.176626
47.411919
59.799978
69.535460
76.959303
83.019393
88.127681
92.374257
95.255545
94.639914
91.250113
87.192229
80.049208
69.674253
59.111459
47.583239
33.023357
16.990049
1.255104
-13.822998
-28.796196
-42.937824
-55.695091
-66.345760
-76.356956
-84.996905
-92.063291
-96.903358
-98.784821
-97.256388
-93.668699
-88.148798
-80.756801
-71.067469
-59.273073
-46.851976
-34.388644
-20.462104
-5.659376
9.250641
24.401971
39.120913
52.701065
64.041274
72.678157
79.322372
84.697860
89.352982
93.261685
94.910349
92.642478
89.098726
84.252357
75.471061
64.828907
54.266453
41.488750
26.123183
9.973901
-5.534717
-20.442690
-34.878595
-48.507963
-60.278858
-70.481982
-79.833439
-87.924004
-94.019685
-97.680432
-98.084382
-95.500605
-91.180120
-84.792886
-76.409919
-65.710204
-53.569760
-41.301421
-28.213092
-13.747386
1.047850
15.934195
31.073775
45.500653
58.041130
68.210023
75.864792
81.974779
86.858783
91.124943
94.249249
94.197478
91.093779
87.264606
80.799546
70.713588
60.075181
48.941204
34.759385
18.841028
2.856425
-12.278216
-27.034623
-41.021790
-54.024117
-64.905712
-74.851683
-83.700929
-91.042178
-96.099717
-98.542486
-97.460066
-93.859264
-88.686092
-81.581899
-72.246960
-60.772385
-48.268523
-35.823924
-22.178207
-7.276194
7.629735
22.629499
37.456240
51.277195
63.026462
72.023869
78.724793
84.061963
88.879381
92.792511
94.887189
93.079805
89.407308
85.000651
76.918261
66.043479
55.534158
43.384518
28.309481
12.056146
-3.580706
-18.605675
-33.216306
-47.034877
-59.273584
-69.547892
-79.118184
-87.332044
-93.737841
-97.734247
-98.750251
-96.356528
-92.215538
-86.058719
-77.911786
-67.571402
-55.461781
-42.977333
-30.168125
-15.825203
-1.026733
13.904401
29.088429
43.750150
56.859595
67.611252
75.549228
81.792048
86.723736
91.039964
94.540630
95.348869
92.281955
88.232756
82.405465
72.672367
61.755691
50.748416
37.117686
21.407775
5.400181
-10.047981
-24.945055
-39.290530
-52.745002
-64.197779
-74.270112
-83.265815
-90.848037
-96.258777
-99.264383
-98.774433
-95.562594
-90.644530
-83.753722
-74.737923
-63.407932
-50.760337
-38.168430
-24.680751
-9.769882
5.191054
20.218236
35.286631
49.580847
61.847312
71.441446
78.611544
84.411587
89.201927
93.364886
96.105507
95.055784
91.275317
86.967434
79.394749
68.718025
57.942867
46.239410
31.476872
15.295914
-0.563690
-15.677725
-30.542442
-44.728177
-57.404552
-68.135772
-77.967473
-86.534704
-93.426364
-97.935881
-99.627801
-97.878150
-94.062090
-88.353157
-80.747775
-70.806571
-58.838810
-46.053955
-33.256667
-19.050326
-3.989594
10.958910
26.238476
41.119031
54.752316
66.087587
74.637788
81.218992
86.490256
91.041667
94.875438
96.436398
93.924999
89.997053
84.871565
75.912135
64.804895
53.911550
40.923187
25.293316
8.990254
-6.599426
-21.704095
-36.254440
-50.074203
-62.034300
-72.364977
-81.837007
-89.909519
-95.983062
-99.572795
-99.783795
-96.828938
-92.387881
-86.013419
-77.396461
-66.568170
-54.233244
-41.519063
-28.210538
-13.412067
1.619203
16.616923
31.935317
46.587501
59.474707
69.712911
77.439717
83.594663
88.683026
93.154056
96.365213
96.206665
92.783826
88.688646
82.011223
71.769782
60.908113
49.433878
35.119397
19.139562
2.974783
-12.357746
-27.396849
-41.740281
-54.899454
-65.984215
-76.006310
-84.950924
-92.367615
-97.564970
-100.058828
-98.945754
-95.473187
-90.188299
-83.002874
-73.606968
-61.971630
-49.277033
-36.526408
-22.735936
-7.654258
7.395744
22.588117
37.738936
51.769188
63.707488
72.924580
79.894236
85.527897
90.337481
94.555276
96.823147
95.047951
91.316700
86.814506
78.564712
67.600523
56.878669
44.557878
29.372317
13.085263
-2.598933
-17.852954
-32.656874
-46.662263
-59.089150
-69.628102
-79.359497
-87.860141
-94.548294
-98.674468
-99.741731
-97.515072
-93.500784
-87.556669
-79.642875
-69.280352
-57.181631
-44.579847
-31.652961
-17.091717
-2.141169
12.871027
28.100695
42.986189
56.263038
67.129816
75.413670
81.850801
87.049178
91.526679
95.191342
96.085242
93.299491
89.555298
83.987713
74.441263
63.499723
52.587816
38.860185
23.147719
6.842102
-8.682013
-23.737124
-38.081918
-51.418713
-62.970434
-73.137283
-82.381283
-90.285710
-95.956836
-99.158287
-98.856006

