-60.937405
-52.294731
-42.717116
-32.546520
-21.991049
-11.402539
0.558240
13.149977
26.082482
38.134541
48.604012
57.614190
65.690279
72.181906
75.935296
78.521797
79.790694
78.631299
75.442961
71.111747
64.883743
56.869302
47.689336
36.973102
25.531735
12.783664
-1.122441
-14.497042
-26.261296
-37.119559
-46.127864
-53.973368
-61.638015
-68.498509
-73.727369
-77.467135
-79.037292
-78.393221
-76.191085
-72.012288
-65.764189
-57.534490
-48.539298
-38.676432
-28.377260
-18.037047
-6.996393
5.286080
18.037217
30.981302
42.421477
52.421774
60.911008
68.737439
74.063199
77.179670
79.399007
79.850640
77.880451
74.355943
69.278649
62.445913
54.044383
44.168064
33.171518
21.208525
7.811785
-5.999463
-18.781594
-30.214105
-40.586506
-48.851115
-56.885992
-64.533779
-70.970740
-75.532028
-78.694820
-79.517024
-78.450782
-75.482130
-70.700305
-63.736950
-55.223874
-45.938322
-35.908903
-25.560515
-15.185390
-3.387928
9.030955
21.916968
34.383195
45.316901
54.795742
63.111441
70.164544
74.633190
77.605418
79.397985
78.983818
76.548031
72.803668
67.250047
59.858901
51.066024
40.826457
29.649053
16.975573
3.257138
-10.284015
-22.245986
-33.264160
-42.902231
-50.890786
-58.787380
-66.135100
-71.974993
-76.131991
-78.529290
-78.531333
-76.999664
-73.386771
-67.878451
-60.236624
-51.691532
-42.318106
-32.170330
-21.899257
-11.405093
0.652926
13.271570
26.387487
38.187504
48.480374
57.307141
65.413884
71.443490
75.039012
77.599798
78.802109
77.588047
74.689729
70.300954
64.130851
56.287902
46.921287
36.098957
24.562904
11.472872
-2.192259
-15.127829
-26.350362
-36.855595
-45.458589
-53.419386
-61.246497
-68.293469
-73.284933
-77.046326
-78.459467
-77.824252
-75.479405
-71.233341
-64.929553
-56.866237
-48.045942
-38.508858
-28.358528
-18.169880
-6.973743
5.378893
18.078259
30.750207
41.900362
51.629203
59.987988
67.457301
72.408404
75.746775
78.014476
78.210149
76.217481
72.957448
67.864827
60.880525
52.573000
42.724950
31.813724
19.796916
6.383828
-7.061788
-19.106354
-30.152798
-40.058068
-47.994852
-55.936234
-63.542809
-69.867713
-74.091809
-76.976163
-77.425241
-76.272658
-73.036126
-68.110738
-60.966526
-52.847351
-43.823208
-33.957958
-23.811374
-13.644525
-2.005781
10.424341
23.349353
35.188539
45.637914
54.734094
62.870979
69.294657
73.216472
76.199429
77.780826
76.936143
74.257340
70.280007
64.485243
57.058164
48.108101
37.674223
26.605640
14.117445
0.531333
-12.613024
-24.170365
-34.857137
-43.767350
-51.635844
-59.280566
-66.299438
-71.596078
-75.419290
-77.326127
-76.937335
-74.951819
-71.102721
-65.328223
-57.478973
-48.685925
-39.347581
-29.350179
-19.171749
-8.538110
3.450598
15.895878
28.671026
39.946522
49.822841
58.221817
65.882547
71.194172
74.544804
76.978377
77.582938
76.010398
72.921004
68.230288
61.568873
53.498915
43.899332
33.201490
21.540778
8.538280
-4.990952
-17.422438
-28.530359
-38.648673
-46.807357
-54.592746
-62.143803
-68.756683
-73.267392
-76.431206
-77.274016
-76.268911
-73.384557
-68.720579
-62.077897
-53.819077
-44.817243
-35.046850
-24.826186
-14.729330
-3.449406
8.826256
21.607876
33.882856
44.533695
53.787231
61.960050
68.858351
73.074443
75.986556
77.949762
77.526910
75.016533
71.343013
65.914222
58.551686
49.883127
39.710658
28.590134
16.325883
2.867665
-10.657481
-22.567340
-33.396482
-42.794943
-50.673144
-58.453594
-65.675633
-71.539198
-75.580733
-77.898332
-77.660765
-75.998477
-72.448083
-67.046029
-59.495313
-50.942727
-41.639464
-31.656538
-21.327223
-10.622059
1.347576
13.804095
26.761804
38.519246
48.778227
57.471139
65.471615
71.531534
75.086696
77.746255
79.019921
77.740465
74.688707
70.214442
63.934496
55.991411
46.600785
35.775048
24.362462
11.387382
-2.215760
-15.274797
-26.747499
-37.250008
-45.897620
-53.736312
-61.550992
-68.472454
-73.527949
-77.160937
-78.557559
-77.771289
-75.399024
-71.090971
-64.918654
-56.741749
-47.827618
-38.127388
-27.786834
-17.498391
-6.286757
5.960975
18.648420
31.469379
42.698894
52.532469
61.003140
68.617719
73.699100
76.870748
79.219171
79.493352
77.410936
73.907035
68.653992
61.615535
53.062269
43.298006
32.253776
20.293849
6.804637
-7.020746
-19.635984
-30.881337
-41.043588
-49.376147
-57.331664
-64.688921
-71.228061
-75.713396
-78.664677
-79.204866
-78.103713
-75.089421
-70.131506
-62.988656
-54.541486
-45.286247
-35.254444
-24.871145
-14.445611
-2.630268
9.954657
23.038728
35.504103
46.229533
55.397919
63.810859
70.855618
75.093337
78.068290
80.003228
79.591445
77.184779
73.309115
67.611762
59.870992
50.887891
40.239096
29.309307
16.784838
2.906493
-10.956526
-23.124218
-34.039021
-43.541363
-51.672970
-59.652158
-66.992044
-72.808436
-76.994555
-79.347917
-79.140493
-77.557564
-73.924576
-68.407059
-60.663734
-52.000454
-42.489937
-32.387461
-22.007057
-11.185408
1.019921
13.611487
26.767594
38.617168
49.240419
58.123555
66.272872
72.434800
76.172692
78.848771
79.998629
78.872783
75.996092
71.626561
65.163204
57.208197
47.800030
36.944321
25.195735
11.992455
-1.884358
-14.907462
-26.424272
-37.120240
-45.850277
-53.945610
-61.930248
-69.168976
-74.359349
-78.109332
-79.610348
-78.928471
-76.577153
-72.217839
-66.037859
-58.127982
-49.281291
-39.651734
-29.277291
-18.925837
-7.642167
4.854202
17.815317
30.505487
41.834457
51.850251
60.471807
68.169492
73.289871
76.696702
79.340594
79.816069
77.990464
74.781179
69.850683
62.833343
54.474388
44.454336
33.484868
21.385295
7.824727
-5.902733
-18.430948
-29.677664
-39.860351
-48.276356
-56.447131
-64.140558
-70.670332
-75.301273
-78.408548
-78.860181
-77.710152
-74.770621
-70.006677
-63.052518
-54.848024
-45.787437
-35.934959
-25.614670
-15.109267
-3.249475
9.157147
22.227934
34.460000
45.210634
54.479156
62.899419
69.923571
74.297530
77.396631
79.297849
78.958103
76.513461
72.648866
66.925798
59.552193
50.755569
40.315560
29.092516
16.464506
2.683742
-10.762385
-22.821256
-33.895969
-43.124812
-51.149641
-59.071098
-66.398893
-72.159256
-76.236555
-78.604562
-78.504596
-76.730251
-72.968517
-67.482335
-59.954950
-51.444428
-42.097228
-32.031706
-21.969421
-11.229004
1.031501
13.656616
26.642425
38.240126
48.612186
57.440656
65.464633
71.286304
75.006996
77.929497
78.995058
77.795301
75.037650
70.776088
64.504657
56.704964
47.253030
36.665371
25.016069
11.852809
-1.862560
-14.797619
-26.292460
-36.905493
-45.474768
-53.598370
-61.354978
-68.251916
-73.290893
-76.899699
-78.104905
-77.518906
-75.061151
-70.750202
-64.346790
-56.402683
-47.680650
-38.135903
-28.067657
-17.882245
-6.697518
5.549703
18.455301
30.972787
41.886057
51.393509
59.907607
67.345415
72.021314
75.263807
77.632495
77.874150
75.985023
72.658743
67.631517
60.722147
52.366597
42.302779
31.400238
19.351585
6.085123
-7.528237
-19.748381
-30.789716
-40.414674
-48.579999
-56.601592
-63.967364
-70.058618
-74.364458
-77.077321
-77.409744
-76.070172
-72.793790
-67.878791
-60.720103
-52.461965
-43.231930
-33.568144
-23.446083
-13.080154
-1.330376
11.115415
23.986782
35.742862
46.212673
55.127314
63.306945
69.738626
73.526417
76.439551
77.895948
76.956579
74.449437
70.523875
64.517770
57.061229
48.039981
37.715435
26.511465
13.764415
0.201464
-12.895209
-24.513687
-35.277264
-43.954338
-51.875796
-59.616906
-66.514526
-71.772848
-75.564214
-77.191080
-76.907192
-74.965443
-70.874010
-64.822095
-57.055780
-48.441717
-39.006983
-28.999533
-19.118786
-8.178779
3.910065
16.567537
29.113974
40.223939
50.037077
58.548450
66.257204
71.219546
74.389151
77.000516
77.440398
75.766018
72.709322
68.081958
61.455454
53.252322
43.526207
32.839945
21.051509
7.730722
-5.822693
-18.160343
-29.328040
-39.250169
-47.384160
-55.388553
-62.826361
-69.129637
-73.607990
-76.826470
-77.430180
-76.434442
-73.460000
-68.612269
-61.561380
-53.351777
-44.351986
-34.720046
-24.612801
-14.390775
-2.804484
9.405954
22.193193
34.355947
44.926235
54.007598
62.309333
69.079229
73.186840
76.115813
77.865294
77.379261
75.104577
71.335690
65.615347
58.280740
49.499954
39.184604
27.901786
15.301194
1.921483
-11.335611
-22.922754
-33.814907
-42.858294
-50.816877
-58.694567
-65.972635
-71.425097
-75.358493
-77.494213
-77.369724
-75.601850
-71.814231
-66.201687
-58.582681
-50.167186
-40.830203
-30.891895
-20.770856
-10.014943
2.100808
14.633111
27.484042
38.856098
48.973220
57.690484
65.602405
71.255309
74.702842
77.392033
78.334468
76.760394
73.805707
69.366353
63.009943
55.001804
45.550721
34.835849
23.307289
10.170085
-3.489597
-16.154902
-27.379138
-37.782022
-46.240943
-54.231882
-61.912537
-68.570886
-73.436328
-76.906681
-77.933754
-77.136414
-74.628762
-70.034095
-63.452210
-55.375780
-46.582392
-36.969355
-26.767594
-16.587462
-5.219153
6.923165
19.807475
32.257863
43.132986
52.611317
61.028174
68.320377
72.898524
76.016869
78.256301
78.263283
76.219865
72.743041
67.425966
60.484920
51.987852
41.774511
30.636447
18.402508
4.920108
-8.634329
-20.609583
-31.674079
-41.283369
-49.367292
-57.498898
-64.900773
-70.957286
-75.187513
-77.931540
-78.142030
-76.733487
-73.310477
-68.112441
-60.857534
-52.423988
-43.334961
-33.503941
-23.344244
-12.871027
-0.907183
11.578969
24.382217
36.150387
46.646084
55.480514
63.692842
69.976194
73.870080
76.827322
78.314032
77.417237
74.811152
70.911986
64.871652
57.326215
48.213857
37.663324
26.228428
13.279745
-0.339746
-13.345480
-24.767263
-35.436835
-44.159208
-52.193233
-59.934173
-67.104271
-72.472777
-76.199940
-77.838898
-77.478375
-75.302465
-71.163177
-65.053361
-57.290111
-48.774140
-39.357117
-29.391221
-19.405910
-8.344480
3.882476
16.683510
29.491356
40.579183
50.303255
58.938265
66.596610
71.605274
75.085674
77.715772
78.199080
76.491833
73.321887
68.613291
62.005860
53.978307
44.207914
33.389500
21.516936
8.297648
-5.264963
-17.786196
-28.996468
-38.917916
-47.266483
-55.453948
-62.905039
-69.331782
-74.019091
-77.259370
-77.855246
-76.932226
-73.978901
-69.231817
-62.303884
-54.058007
-45.074906
-35.348109
-25.273391
-15.103987
-3.546817
8.785384
21.708523
33.806392
44.550044
53.691353
62.021528
68.859203
73.051964
76.242345
78.007153
77.553647
75.351851
71.665389
66.129139
58.888708
50.113712
39.813348
28.625386
16.052042
2.524853
-10.685580
-22.411006
-33.317293
-42.419944
-50.496374
-58.559009
-65.928187
-71.627583
-75.680869
-77.816589
-77.684777
-75.922523
-72.282382
-66.708497
-59.148414
-50.771066
-41.463375
-31.492710
-21.517106
-10.811772
1.396281
14.054775
26.885782
38.313695
48.401015
57.057653
65.158946
70.827859
74.470043
77.356441
78.506129
77.135903
74.339254
69.937195
63.662699
55.752652
46.317577
35.776922
24.195569
11.081696
-2.641337
-15.379701
-26.759080
-37.130628
-45.637744
-53.772586
-61.458860
-68.305561
-73.215961
-76.906681
-77.910594
-77.385562
-75.055020
-70.727553
-64.201696
-56.055784
-47.340393
-37.716627
-27.586222
-17.593248
-6.192923
6.009511
18.800667

