25.600195
34.474986
43.114594
50.575393
56.455306
60.649259
64.227922
66.749539
67.916427
67.245790
63.818863
57.310717
50.882612
43.264457
33.889328
25.763341
17.607553
8.679799
-1.691239
-13.197320
-23.766415
-33.380134
-43.138947
-51.928077
-57.862656
-61.564275
-64.198971
-66.096783
-66.500902
-65.753801
-63.060181
-58.656590
-52.663769
-45.941046
-37.933929
-28.626238
-19.117423
-9.978669
0.437328
10.819605
20.197119
28.911829
37.871940
46.277727
53.224393
58.192185
62.205791
65.432106
67.445891
67.836217
66.277129
61.641761
54.951395
48.357759
39.789166
30.702012
22.867748
14.142820
4.728181
-6.216935
-17.514740
-27.666092
-37.357977
-46.956539
-54.619823
-59.625421
-62.749216
-65.221616
-66.549948
-66.571065
-65.103429
-61.751434
-56.559699
-50.216913
-43.276548
-34.681388
-25.008576
-15.580654
-6.051234
4.476820
14.683178
23.908615
32.599994
41.456563
49.366440
55.622033
59.984752
63.701357
66.497496
67.923410
67.776101
65.120799
59.228795
52.581004
45.543058
36.221572
27.508395
19.648245
10.806833
0.876869
-10.646752
-21.548612
-31.320027
-41.147130
-50.401858
-57.130201
-61.247349
-63.939776
-66.189425
-66.946234
-66.412687
-64.236777
-60.398238
-54.650647
-48.064504
-40.387086
-31.258549
-21.505696
-12.171268
-2.158029
8.377007
18.212795
27.048928
35.947050
44.672149
52.024467
57.551009
61.723505
65.267767
67.557607
68.349327
67.429713
63.582148
57.071107
50.487007
42.660407
33.199957
25.054898
16.687257
7.500478
-3.067085
-14.664105
-25.159802
-34.941435
-44.695820
-53.183351
-58.883769
-62.516417
-65.032244
-66.764525
-67.163876
-66.251414
-63.328743
-58.732884
-52.610636
-45.854705
-37.601335
-28.025593
-18.372876
-9.136200
1.254933
11.715037
21.264042
29.957635
38.992507
47.435931
54.339852
59.163060
63.119616
66.358532
68.243401
68.478925
66.697768
61.622517
54.928064
48.284190
39.496422
30.217682
22.378990
13.739041
4.095861
-7.351637
-18.694230
-28.744936
-38.551773
-48.191036
-55.601597
-60.367584
-63.518286
-66.023384
-67.157745
-67.121472
-65.472296
-62.116555
-56.796585
-50.318752
-43.153593
-34.370593
-24.612972
-15.114546
-5.447183
5.198547
15.322821
24.535656
33.384732
42.286089
50.141300
56.385313
60.716867
64.523050
67.248004
68.541254
68.286317
65.573795
59.515578
52.895716
45.654263
36.242860
27.600527
19.502980
10.652372
0.396456
-11.244501
-22.123201
-31.935147
-41.817597
-51.081862
-57.681118
-61.931099
-64.649752
-66.751412
-67.428350
-66.914729
-64.584868
-60.533285
-54.746866
-48.237017
-40.413141
-31.075307
-21.293334
-12.012550
-1.844508
8.726120
18.507242
27.341672
36.307062
44.914484
52.359615
57.837452
61.975547
65.552677
67.932776
68.697929
67.624705
63.611610
57.040112
50.395216
42.195490
32.846417
24.821077
16.531093
7.269723
-3.648315
-15.348707
-25.685004
-35.447053
-45.313495
-53.629535
-59.060369
-62.639202
-65.337930
-66.892079
-67.133563
-66.150597
-63.246829
-58.487483
-52.251645
-45.486348
-37.058762
-27.488640
-17.977612
-8.551564
1.960652
12.273959
21.687065
30.492374
39.525373
47.706706
54.566349
59.399605
63.199145
66.279173
68.091665
68.288531
66.401618
61.168500
54.392815
47.584942
38.656848
29.651608
21.857534
13.159854
3.521613
-7.915837
-19.193207
-29.144798
-38.899013
-48.568249
-55.860622
-60.545376
-63.615867
-66.016231
-66.975185
-66.832815
-65.068858
-61.488152
-56.082862
-49.795934
-42.546477
-33.667769
-23.953915
-14.681646
-4.732098
5.878210
15.810047
24.754150
33.578873
42.428630
50.187962
56.190320
60.525281
64.230987
66.924776
68.036148
67.578724
64.485073
58.293513
51.704645
44.244187
34.971748
26.899746
18.841709
9.836129
-0.427621
-12.162072
-22.952727
-32.759905
-42.689528
-51.605701
-57.664088
-61.622858
-64.354454
-66.273383
-66.852059
-66.251584
-63.912868
-59.467554
-53.478309
-46.936955
-39.112738
-29.745272
-20.039592
-10.815859
-0.624146
9.833234
19.391945
28.047391
37.017379
45.484986
52.792856
58.067867
62.058142
65.350022
67.563568
68.183116
66.813741
62.285151
55.768490
49.211468
40.759870
31.623500
23.841006
15.410866
6.199564
-4.846198
-16.387871
-26.600701
-36.297866
-46.195814
-54.130724
-59.216704
-62.490191
-65.155029
-66.648551
-66.727740
-65.365519
-62.298775
-57.310207
-51.058701
-44.172662
-35.762446
-26.160649
-16.635997
-7.123777
3.467458
13.527189
22.723334
31.490156
40.536778
48.453638
54.851600
59.451035
63.254152
66.134589
67.740679
67.754643
65.400771
59.600217
52.878005
45.892000
36.733150
28.207302
20.465851
11.720828
2.228703
-8.949041
-20.002297
-30.169487
-40.000677
-49.491099
-56.100743
-60.382571
-63.256877
-65.825667
-66.596610
-66.171714
-64.113651
-60.245310
-54.694584
-48.399482
-40.987730
-32.015017
-22.100380
-12.893166
-2.946343
7.687296
17.496688
26.194709
34.977879
43.699912
51.099232
56.868792
61.042990
64.625570
67.101547
68.089792
67.239829
63.580956
57.154213
50.650494
42.850120
33.535787
25.607007
17.622028
8.464881
-2.002546
-13.584409
-24.276120
-34.080744
-43.850967
-52.286557
-57.964495
-61.569044
-64.319883
-66.251244
-66.730976
-65.853255
-63.137668
-58.567183
-52.445446
-45.857770
-37.859338
-28.536320
-18.912383
-9.737696
0.634534
10.836806
20.265068
28.916427
37.791218
46.031475
52.898100
57.868447
61.705623
64.786502
66.773210
67.123345
65.491710
60.463292
53.883110
47.403574
38.670642
29.587916
21.938256
13.519526
4.154784
-6.849085
-18.072809
-28.050116
-37.665027
-47.112363
-54.417338
-59.130192
-62.107529
-64.382553
-65.633569
-65.507208
-63.738993
-60.344424
-55.133445
-48.843111
-41.734321
-33.038003
-23.437228
-14.080661
-4.451445
6.046976
16.043016
24.931771
33.531870
42.254584
49.936431
55.857045
60.099534
63.805410
66.378798
67.469563
66.960539
64.061880
57.971648
51.384824
44.049876
34.711191
26.303870
18.424477
9.665319
-0.313691
-11.783157
-22.615024
-32.436337
-42.207411
-51.099743
-57.380540
-61.440298
-64.050811
-66.061871
-66.584008
-66.024917
-63.589641
-59.373549
-53.412574
-46.920606
-39.188181
-29.951675
-20.199163
-10.916506
-0.917060
9.534700
19.178561
27.859041
36.502906
44.926575
52.104337
57.431459
61.411006
64.698628
66.846098
67.465987
66.236428
61.872176
55.312770
48.763241
40.517364
31.179360
23.375750
15.275819
6.108795
-4.868507
-16.275474
-26.593719
-36.217315
-45.891489
-53.792681
-58.868613
-62.051671
-64.552171
-66.073963
-66.164732
-64.843552
-61.727933
-56.820597
-50.461292
-43.541193
-35.096237
-25.574991
-16.155924
-6.570986
3.979206
14.115913
23.270335
31.860897
40.715422
48.629386
55.139916
59.614182
63.412871
66.195386
67.655529
67.596436
65.304552
59.724535
52.871193
45.924868
36.728212
28.027977
20.056452
11.317560
1.572541
-9.939500
-20.970106
-30.861582
-40.580545
-49.906288
-56.660346
-61.025620
-63.906397
-66.105638
-66.950321
-66.813060
-64.635277
-60.780730
-55.043186
-48.583065
-41.139466
-32.021999
-22.294521
-13.037920
-2.883673
7.711649
17.562083
26.412180
35.070521
43.763433
51.214354
56.987831
60.955797
64.372505
67.033427
67.911829
67.055566
63.360589
57.025467
50.573349
42.698724
33.342498
25.299958
17.116410
8.139440
-2.364091
-13.912405
-24.397884
-34.168959
-44.152566
-52.622557
-58.257239
-61.860425
-64.483711
-66.222123
-66.533770
-65.601724
-62.823125
-58.217900
-51.980700
-45.228175
-37.089757
-27.721780
-18.121174
-8.791004
1.745905
11.929274
21.271535
29.922724
38.862739
47.026021
53.835256
58.727605
62.702383
65.827540
67.631687
67.855460
65.968377
60.804401
54.015432
47.405447
38.580043
29.609544
21.854809
13.247217
3.894057
-7.318939
-18.547773
-28.528997
-38.209472
-47.868490
-55.238519
-59.993948
-62.965495
-65.342358
-66.501583
-66.441808
-64.696244
-61.199665
-55.717741
-49.522604
-42.301416
-33.486741
-23.810353
-14.569248
-4.786764
5.905288
15.897581
24.702038
33.395972
42.150872
49.787419
55.699519
59.998546
63.749041
66.429547
67.703554
67.065614
63.916956
57.785681
51.276514
43.739762
34.394094
26.318175
18.435206
9.521416
-0.521115
-11.926549
-22.462096
-32.269103
-42.201791
-51.088333
-57.124410
-60.935872
-63.657590
-65.673419
-66.146340
-65.471275
-63.042300
-58.780398
-52.789790
-46.263763
-38.440909
-29.269287
-19.584554
-10.293211
-0.043597
10.362012
19.814628
28.446742
37.273169
45.488392
52.426543
57.475397
61.443874
64.630508
66.807611
67.364659
65.819536
61.124052
54.583379
48.153230
39.707763
30.585357
22.827217
14.412233
5.137069
-5.779607
-16.971316
-26.948282
-36.432232
-45.994009
-53.738185
-58.704274
-61.930759
-64.581803
-66.015380
-65.996987
-64.431599
-61.079775
-56.020703
-49.716064
-42.806523
-34.260069
-24.819715
-15.567541
-6.133659
4.511220
14.624085
23.598671
32.189063
40.993861
48.689502
54.728644
59.148073
62.865870
65.661158
67.003454
66.658258
63.996656
58.020694
51.445620
44.288465
35.125869
26.886974
19.054072
10.322332
0.599452
-10.566541
-21.335908
-31.088591
-40.891000
-49.920423
-56.277343
-60.422931
-63.002110
-65.151623
-66.033431
-65.535137
-63.028165
-58.974709
-53.180797
-46.796288
-39.141859
-30.008044
-20.395177
-11.259488
-1.158544
9.257283
18.954107
27.518783
36.133698
44.509172
51.663944
56.927204
60.928719
64.420530
66.392762
66.893782
65.729107
61.333520
54.850067
48.477990
40.387937
31.172378
23.485933
15.427044
6.319455
-4.402740
-15.585933
-25.714466
-35.281522
-44.912270
-52.838326
-58.081661
-61.425311
-64.006703
-65.665926
-65.781389
-64.364842
-61.334882
-56.497710
-50.335782
-43.527910
-35.117183
-25.783096
-16.474043
-7.165670
3.399508
13.514076
22.590842
31.191451
39.886917
47.651359
53.930793
58.451721
62.230315
65.154008
66.632714
66.608361
64.345258
58.732033
51.983425
45.107944
36.226511
27.666092
19.732543
11.227301
1.710994
-9.632451
-20.401478
-30.242375
-39.566415
-48.657656
-55.381230
-59.755530
-62.601566
-64.853089
-65.628631
-65.368755
-63.187906
-59.347493
-53.743124
-47.481230
-40.069989
-31.024218
-21.453926
-12.323516
-2.432380
8.101804
17.944063
26.692322
35.371269
43.791533
51.008633
56.495837
60.543673
63.927855
66.301141
67.178522
66.208839
62.324660
55.844443
49.335105
41.469846
32.086883
24.152313
16.180107
7.245711
-3.288133
-14.648778
-24.685689
-34.230096
-43.991804
-52.298307
-57.791642
-61.228956
-63.911847
-65.606151
-65.744264
-64.761468
-62.016419
-57.427032
-51.244497
-44.503382
-36.337887
-26.925802
-17.383439
-8.101974
2.303634
12.490409
21.804401
30.378614
39.218834
47.104529
53.598200
58.567354
62.307460
65.352236
67.083836
67.155702
65.207652
59.851578
53.018842
46.270915
37.500688
28.709684
20.999908
12.376990
2.937147
-8.388247
-19.464663
-29.361418
-38.883175
-48.320975
-55.470637
-59.906925
-62.859058
-65.126078
-66.075495
-65.903323
-64.068522
-60.398068
-55.040802
-48.578467
-41.262082
-32.369750
-22.649765
-13.540132
-3.832068
6.798846
16.676528
25.543656
34.260750
42.990446
50.557171
56.317193
60.392788
63.920362
66.489492
67.529508

