-95.822641
-90.950898
-84.332228
-75.585672
-64.424447
-51.973888
-39.477348
-26.149239
-11.173316
3.778764
18.846478
33.894777
48.277037
60.762167
70.525919
77.889136
83.728348
88.709763
92.902184
95.735277
94.982386
91.532980
87.433883
80.076456
69.374016
58.730670
47.207900
32.567467
16.448327
0.532866
-14.608247
-29.469899
-43.663808
-56.352786
-67.086220
-76.958793
-85.727147
-92.891625
-97.481353
-99.421399
-97.880363
-94.141279
-88.594471
-81.072535
-71.392911
-59.692689
-46.920095
-34.225328
-20.108734
-5.067757
9.779419
24.994101
39.876529
53.552049
65.057959
73.871102
80.568961
85.739068
90.267488
94.175509
95.880713
93.608754
89.699371
84.866796
76.161453
65.174103
54.554769
41.824068
26.415586
10.177238
-5.468130
-20.584549
-35.156693
-48.922811
-60.922929
-71.138484
-80.520085
-88.662761
-94.946453
-98.735435
-99.307469
-96.576384
-92.154060
-85.824558
-77.473606
-66.823108
-54.551874
-41.906152
-28.925453
-14.236825
0.806706
15.709230
30.898367
45.560939
58.505024
68.979604
76.787472
82.969836
87.896415
92.252323
95.500946
95.722164
92.515094
88.477135
82.197530
71.951491
61.085905
50.050701
35.973447
19.911187
3.880262
-11.523451
-26.617050
-40.946177
-54.068736
-65.173081
-75.116668
-84.128380
-91.633626
-96.942527
-99.729470
-98.852089
-95.365047
-90.172972
-83.009005
-73.884215
-62.567847
-49.830335
-37.119899
-23.542983
-8.558205
6.464209
21.576541
36.715780
50.781454
63.051837
72.616168
79.730579
85.218464
89.880228
94.032969
96.529552
95.202753
91.192382
86.760351
78.979049
67.954063
56.988001
45.019899
30.103070
13.849054
-1.985175
-17.076731
-31.911816
-46.087163
-58.746678
-69.368226
-79.052448
-87.485143
-94.324180
-98.760639
-100.167819
-98.043340
-94.101429
-88.260003
-80.353022
-70.214612
-58.204787
-45.325415
-32.341991
-17.891611
-2.740622
12.257440
27.414731
42.409727
56.046077
67.413705
75.832265
82.486527
87.708235
92.185225
95.864023
97.209215
94.568559
90.569939
85.306168
75.986045
64.729282
53.691013
40.374143
24.629831
8.202621
-7.404600
-22.741726
-37.414687
-51.131759
-63.052518
-73.422875
-82.888944
-90.823003
-96.891608
-100.427185
-100.630011
-97.634792
-93.015432
-86.454494
-77.843325
-66.827365
-54.348537
-41.402238
-28.058461
-13.135161
2.110515
17.347676
32.643420
47.343288
60.317516
70.799930
78.613417
84.758316
89.932340
94.257934
97.474541
97.200530
93.633788
89.543377
82.987377
72.502749
61.348506
49.948352
35.601343
19.383260
3.068107
-12.456008
-27.649403
-42.194809
-55.516618
-66.612618
-76.592479
-85.622413
-93.157462
-98.391942
-101.031916
-100.048440
-96.560035
-91.279234
-84.026371
-74.477366
-62.852928
-50.059898
-37.174225
-23.216009
-8.047308
7.026196
22.411346
37.724801
51.897594
64.089979
73.578017
80.750499
86.546796
91.327940
95.460415
97.886835
96.459729
92.604331
88.080508
79.898153
68.956103
58.062587
45.588868
30.303342
13.934374
-2.142021
-17.623901
-32.655512
-46.811444
-59.410504
-70.050955
-79.832077
-88.407482
-95.212800
-99.615880
-101.051160
-98.997695
-94.963142
-89.052916
-81.139292
-70.793118
-58.548110
-45.861687
-32.923732
-18.345458
-3.139802
12.037073
27.448280
42.380776
56.031772
67.423752
75.897660
82.645076
88.029419
92.724902
96.541813
97.695930
95.080989
91.380562
85.838693
76.297181
65.270662
54.297447
40.699754
24.849517
8.441039
-7.286412
-22.613151
-37.272658
-51.105193
-62.898568
-73.125022
-82.516500
-90.683017
-96.494470
-99.960906
-100.135633
-97.323486
-92.694078
-86.113044
-77.404806
-66.390038
-53.934710
-41.314363
-27.917624
-13.055120
1.998799
17.206158
32.576833
47.116790
59.956823
70.233686
78.089067
84.053789
89.057003
93.509129
96.577406
96.230847
92.919554
89.042868
82.326106
71.999175
61.067513
49.398116
34.852368
18.615382
2.445153
-13.066190
-27.799947
-41.987555
-55.039610
-66.131864
-76.141528
-85.124969
-92.589685
-97.741059
-100.112302
-98.830291
-95.360960
-90.000800
-82.799707
-73.157719
-61.586584
-49.144200
-36.597763
-22.562913
-7.393530
7.597378
22.751774
37.993874
51.898105
63.575336
72.751897
79.774857
85.382802
90.239899
94.296081
96.324853
94.585930
91.015441
86.323704
77.915703
67.151785
56.623731
44.042042
28.677157
12.404067
-3.300905
-18.575702
-33.315761
-47.264269
-59.443372
-69.820711
-79.373121
-87.614741
-94.124419
-98.242249
-99.374396
-97.084897
-92.934029
-86.779084
-78.780651
-68.427835
-56.289945
-43.754237
-30.954736
-16.463995
-1.423189
13.525656
28.570550
43.228183
56.510483
67.266566
75.476340
81.812654
86.871386
91.533150
95.231703
95.753840
92.458725
88.675874
82.859993
73.285954
62.526805
51.631246
37.587030
21.743774
5.569969
-9.848050
-24.772882
-39.167745
-52.599566
-63.839470
-73.903629
-82.848753
-90.606042
-96.190146
-99.191666
-98.700523
-95.561913
-90.737173
-83.782673
-74.836016
-63.549280
-51.151514
-38.664171
-25.207485
-10.331869
4.537446
19.660507
34.792934
48.991271
61.276129
70.951155
78.234843
84.172998
88.864905
93.065160
95.811912
94.798803
91.185740
87.018524
79.606942
68.954911
58.293683
46.462331
31.670673
15.601431
-0.126362
-15.259981
-29.917274
-43.918235
-56.604998
-67.276444
-77.013118
-85.447686
-92.363187
-96.823147
-98.656075
-96.806288
-92.988185
-87.423835
-79.884018
-69.998332
-58.070932
-45.513255
-32.938889
-18.727779
-3.785576
11.059386
26.014192
40.845019
54.329123
65.488475
73.909589
80.518552
85.854190
90.342419
94.077587
95.342568
92.837640
89.045422
83.946160
74.802978
63.765049
52.990913
40.003742
24.231332
8.026872
-7.400002
-22.530385
-37.077836
-50.710099
-62.382051
-72.479929
-81.795795
-89.689493
-95.651490
-99.220276
-99.388702
-96.507924
-91.890948
-85.368838
-76.824767
-66.055911
-53.694418
-40.944815
-27.775083
-13.094289
1.854726
16.986472
32.199110
46.678271
59.499400
69.730622
77.381815
83.356074
88.368314
92.663595
95.835413
95.611811
92.085600
88.034698
81.496409
71.165221
60.230664
48.961299
34.630469
18.575362
2.461502
-12.911047
-27.839116
-41.989599
-55.078098
-66.021340
-75.861897
-84.592104
-91.821977
-96.959727
-99.319901
-98.026310
-94.413246
-89.258637
-81.971373
-72.433608
-60.714483
-48.078809
-35.497291
-21.656922
-6.645577
8.319276
23.443358
38.576978
52.447319
64.320564
73.227882
80.064195
85.744347
90.469463
94.245672
96.297945
94.372375
90.561594
85.850613
77.396461
66.436189
55.753163
43.181692
27.773380
11.500801
-4.150016
-19.355842
-34.083469
-47.894716
-60.156754
-70.636443
-80.330031
-88.723557
-95.071793
-99.018982
-99.972657
-97.566843
-93.377147
-87.267501
-79.210486
-68.751233
-56.596313
-43.846028
-30.950308
-16.371012
-1.263448
13.786384
29.172386
43.805838
57.093246
67.900249
76.078858
82.411255
87.674345
92.335939
96.000944
96.715859
93.588488
89.668206
83.751168
73.861395
62.829086
51.797118
38.066251
22.234406
5.890301
-9.472370
-24.597304
-39.024864
-52.499431
-63.948631
-73.970556
-83.063841
-90.783153
-96.150807
-99.089827
-98.576546
-95.404387
-90.677908
-83.814348
-74.847596
-63.438416
-51.078967
-38.668598
-24.940968
-10.036911
4.827465
19.854818
35.083464
49.370868
61.670882
71.341991
78.626360
84.349598
89.277029
93.474218
96.087796
94.994817
91.402531
87.020738
79.477515
68.782568
58.066164
46.085800
31.190089
15.034335
-0.862905
-16.111987
-30.928169
-44.939007
-57.521718
-68.210193
-78.068801
-86.646932
-93.530416
-97.894328
-99.674634
-97.835064
-93.957186
-88.239397
-80.624308
-70.631845
-58.689799
-46.061448
-33.390863
-19.140754
-4.043068
10.847875
26.099001
40.922676
54.592235
65.856321
74.362074
80.906153
86.162601
90.990067
94.779560
96.087967
93.523945
89.813130
84.480558
75.252908
64.425639
53.873062
40.744543
25.096961
8.850779
-6.665843
-21.790777
-36.229236
-49.987861
-61.602592
-71.792262
-81.108468
-89.097534
-95.029048
-98.511321
-98.600388
-95.803738
-91.359445
-84.924868
-76.339926
-65.550123
-53.303071
-40.816580
-27.648551
-12.857914
1.874822
16.881738
32.127925
46.540839
59.021030
69.053854
76.702833
82.815545
87.723902
92.179094
95.235280
94.821623
91.413770
87.410722
80.478532
70.166928
59.692178
48.334599
33.879791
17.903532
1.970359
-13.347353
-28.201853
-42.260885
-55.096660
-65.877608
-75.815405
-84.540674
-91.675009
-96.598012
-98.784481
-97.391094
-93.811580
-88.463340
-81.232786
-71.732998
-60.108559
-47.643696
-35.288504
-21.344764
-6.469658
8.257457
23.276295
38.216284
51.945959
63.538551
72.291238
79.039335
84.618330
89.395217
93.473366
95.396553
93.175684
89.329992
84.474938
75.724976
65.001249
54.592916
42.060784
26.881354
10.905096
-4.576785
-19.578082
-34.207617
-47.942741
-59.815645
-69.915227
-79.273667
-87.279422
-93.528543
-97.250087
-97.836937
-95.387868
-91.221333
-85.021598
-76.837540
-66.351550
-54.125445
-41.652577
-28.807606
-14.423983
0.234842
15.088660
30.067478
44.499976
57.304076
67.587410
75.310980
81.408535
86.295094
90.724741
94.147921
94.147410
90.897254
87.059566
80.877883
70.779324
60.024091
49.191032
35.218000
19.192866
3.267527
-11.634997
-26.348829
-40.426765
-53.446974
-64.287867
-74.136768
-82.969155
-90.324708
-95.422098
-97.865037
-96.627304
-93.226773
-88.284697
-81.306015
-72.070701
-60.694047
-48.333747
-35.886935
-22.462096
-7.802078
6.948709
21.765573
36.718675
50.492968
62.177011
71.084499
77.990464
83.614417
88.252510
92.151165
94.382082
92.672450
88.981731
84.377187
76.061998
65.314089
54.948671
42.871918
27.743919
11.746713
-3.639630
-18.654721
-33.248663
-46.941042
-58.917659
-69.034270
-78.524521
-86.694956
-93.111651
-97.002813
-97.942182
-95.541477
-91.320447
-85.299185
-77.369554
-67.076342
-54.982560
-42.507308
-29.744080
-15.472685
-0.638110
14.165299
29.233183
43.617998
56.668690
67.409958
75.289352
81.209796
86.334433
90.816021
94.045741
94.421591
91.028895
87.365082
81.510884
71.586370
60.693707
49.865927
36.326306
20.697287
4.617146
-10.563135
-25.464467
-39.716959
-52.915641
-63.993931
-73.775223
-82.683393
-90.116773
-95.518998
-98.299469
-97.421578
-94.073159
-89.148453
-82.240616
-73.194333
-61.898572
-49.401692
-36.991835
-23.485933
-8.708749
6.007808
20.920038
35.953181
49.907821
61.987468
71.244410
78.261069
83.910057
88.621719
92.560734
94.963142
93.769176
89.918205
85.466419
77.676262
66.885097
56.220463
44.177771
29.371296
13.460432
-2.288307
-17.417499
-32.042435
-45.848404
-58.149440
-68.544660
-78.153610
-86.489575
-93.118634
-97.335407
-98.691327
-96.393313
-92.264584
-86.384841
-78.746932
-68.799938
-56.598697
-44.100795
-31.414032
-17.175674
-2.194643
12.717928
27.736425
42.382990
55.692026
66.737107
74.976853
81.378392
86.488383
91.063465
94.616243
95.613684
92.755386
88.999782
83.460297
73.789869
62.811886
51.871368
38.521460
22.875922
6.718636
-8.763756
-23.775271
-38.278954
-51.709584
-63.179391
-73.157549
-82.254580
-90.170247
-95.853465
-98.939112
-98.714488
-95.554079
-90.732404
-83.957229
-75.178828
-64.103774
-51.711968
-39.122616
-25.743757
-10.916676

