31.203032
42.270081
51.791327
60.223000
67.696060
72.395461
75.646639
77.856779
78.073399
76.146637
72.825636
67.643608
60.853277
52.605016
42.653595
31.704221
19.450869
5.991459
-7.669244
-19.844600
-30.920165
-40.555341
-48.686777
-56.766612
-64.329931
-70.434638
-74.754953
-77.576126
-77.876023
-76.666049
-73.357480
-68.234205
-61.037540
-52.598715
-43.473584
-33.682414
-23.664577
-13.364213
-1.382657
11.010170
23.845264
35.723618
46.193429
55.197137
63.357694
69.695030
73.754106
76.772996
78.428302
77.680520
75.049571
71.149894
65.171037
57.527338
48.478161
38.073233
26.842185
13.875450
0.252894
-12.732404
-24.272714
-35.112415
-44.087682
-52.091735
-59.959207
-67.132882
-72.393588
-76.216289
-78.038829
-77.708278
-75.766700
-71.815934
-65.900087
-58.115550
-49.503020
-39.997612
-29.854434
-19.680432
-8.770909
3.317254
15.947819
28.765372
40.049894
50.021580
58.693716
66.577366
71.903637
75.349127
77.894585
78.591279
77.009201
73.835169
69.139515
62.616212
54.633107
44.963019
34.081255
22.277832
8.953810
-4.764795
-17.418691
-28.639691
-38.753748
-47.131947
-55.211953
-63.033445
-69.653307
-74.334315
-77.817440
-78.729391
-77.729055
-74.951138
-70.366349
-63.582318
-55.242266
-46.170950
-36.431551
-26.279518
-16.030754
-4.438843
7.892166
20.942858
33.354248
44.279269
53.812265
62.134606
69.157737
73.664018
76.922689
78.898328
78.669786
76.524700
72.898865
67.513330
60.270684
51.778555
41.563851
30.395133
17.837627
4.151719
-9.324891
-21.409478
-32.501391
-42.101826
-50.170762
-58.245318
-65.781900
-71.855783
-76.087884
-78.651224
-78.791380
-77.326298
-73.696715
-68.310329
-60.938597
-52.462476
-43.203490
-33.194338
-22.994791
-12.491941
-0.458104
12.195110
25.297574
37.060295
47.495025
56.507928
64.721959
70.859875
74.780158
77.849627
79.339402
78.337703
75.625351
71.367025
65.219573
57.503836
48.277378
37.515674
26.149750
13.233764
-0.535761
-13.719457
-25.244781
-35.960504
-44.860159
-53.005900
-60.953413
-68.069696
-73.401247
-77.286107
-78.829867
-78.366654
-76.136419
-72.140864
-66.005673
-58.000088
-49.283164
-39.725304
-29.522181
-19.257069
-8.135693
4.147121
16.930784
29.767241
41.079010
50.994158
59.657608
67.528997
72.684629
76.289177
78.852177
79.337699
77.674048
74.574947
69.693157
62.989337
54.842745
45.121227
34.253427
22.204774
8.823872
-5.115271
-17.734425
-29.140711
-39.359672
-47.712837
-55.850574
-63.619103
-70.317302
-74.919292
-78.172854
-78.972067
-78.065566
-75.181893
-70.429870
-63.558306
-55.260318
-46.115262
-36.202499
-26.024921
-15.791825
-4.146780
8.253029
21.333524
33.682244
44.582060
53.978648
62.507391
69.478410
73.778118
77.018738
79.052448
78.738076
76.457943
72.949614
67.523037
60.240371
51.542350
41.292906
30.134746
17.648595
3.933736
-9.675537
-21.765402
-32.723801
-42.091949
-50.316368
-58.480842
-65.884931
-71.839094
-76.110533
-78.450612
-78.409740
-76.966456
-73.437691
-68.018777
-60.463633
-52.018676
-42.647975
-32.564061
-22.461244
-11.698859
0.441074
12.993642
25.977407
37.680864
47.991787
56.852102
65.143279
71.184976
74.874503
77.779463
78.971556
77.778101
75.093678
70.877416
64.577886
56.912729
47.782660
37.177290
25.728771
12.632098
-1.171827
-14.290299
-25.910139
-36.448921
-45.009170
-53.172622
-61.045034
-68.077871
-73.265008
-77.094180
-78.507492
-78.073910
-75.819322
-71.611745
-65.280540
-57.373728
-48.615592
-39.011751
-28.907742
-18.911021
-7.475274
4.800388
17.569746
30.189242
41.376182
51.137720
59.776136
67.334175
72.235550
75.594868
78.023332
78.279291
76.509203
73.345900
68.459681
61.646530
53.397758
43.571677
32.794646
20.648241
7.132121
-6.495884
-18.807990
-29.895135
-39.721898
-47.903742
-55.988516
-63.608033
-70.171186
-74.777092
-77.762774
-78.324250
-77.231612
-74.251209
-69.086211
-61.952557
-53.698506
-44.719832
-34.903628
-24.777140
-14.476436
-2.725295
9.677580
22.704090
34.671170
45.320477
54.390771
62.858377
69.494077
73.561839
76.606444
78.457594
78.029292
75.661285
71.801288
66.265038
58.881555
49.931833
39.659398
28.416600
15.712636
2.182211
-11.194604
-23.010118
-33.811331
-42.845692
-51.081862
-59.059518
-66.269125
-71.814912
-75.955732
-78.075102
-77.881472
-76.085840
-72.401421
-66.700833
-59.047597
-50.500461
-41.179316
-31.120266
-20.940644
-10.095664
2.033881
14.489378
27.256012
38.721902
48.931667
57.538407
65.482855
71.069172
74.632168
77.254091
78.177282
76.856273
73.962382
69.383723
62.995468
55.280072
45.888594
35.328865
23.713623
10.446991
-3.119537
-15.727452
-27.123179
-37.675244
-46.038628
-54.110289
-61.553376
-68.227564
-73.092835
-76.979739
-78.038999
-77.298028
-74.745417
-70.190430
-63.586746
-55.555616
-46.660560
-37.062338
-26.800632
-16.783646
-5.412613
6.908860
19.801004
32.124349
43.051583
52.659001
60.994625
68.311010
72.744744
75.918095
78.077657
78.061138
76.003245
72.668110
67.465816
60.439110
51.938125
41.816405
30.843701
18.670048
5.066565
-8.213179
-20.098516
-31.239135
-40.823221
-48.906633
-57.064806
-64.659800
-70.754630
-75.152602
-77.829020
-78.000001
-76.588392
-73.232821
-68.004813
-60.798441
-52.603483
-43.600287
-33.798899
-23.567847
-13.100760
-1.108987
11.171273
24.045025
35.653455
45.881101
54.679087
62.874045
69.180557
73.043789
75.982468
77.508007
76.575109
73.983499
69.792271
63.837256
56.379352
47.369684
36.912305
25.752613
13.000965
-0.543594
-13.317551
-24.793148
-35.356453
-43.910572
-51.699025
-59.402670
-66.374370
-71.516548
-75.219188
-76.948745
-76.450961
-74.155501
-70.102045
-64.026288
-56.155239
-47.460794
-37.963390
-27.957303
-17.896550
-6.871394
5.222900
17.888035
30.420678
41.459288
51.117114
59.492758
66.976036
71.866683
75.290373
77.668428
77.931370
76.062850
72.918960
67.981652
61.226402
53.043706
43.232611
32.391548
20.545721
7.366793
-6.169081
-18.525634
-29.782568
-39.835487
-48.022951
-55.924143
-63.410997
-69.852557
-74.240310
-77.307565
-77.874660
-76.907362
-73.952675
-69.100005
-62.025956
-53.801026
-44.748272
-34.945692
-24.758748
-14.504194
-2.993175
9.298154
22.234235
34.339598
44.767005
53.876809
62.188421
68.957806
73.013135
75.976508
77.728033
77.187845
74.832269
71.018594
65.474680
58.050667
49.206189
38.821527
27.731657
15.402692
1.929828
-11.299338
-22.876263
-33.775738
-42.854377
-50.901856
-58.893306
-66.113983
-71.604933
-75.597593
-77.656507
-77.365296
-75.457777
-71.688380
-66.031218
-58.278527
-49.725430
-40.368523
-30.376911
-20.334721
-9.406805
2.727509
15.233415
28.035130
39.371933
49.391815
58.037043
66.024576
71.516037
75.105769
77.654464
78.356777
76.874324
73.863268
69.355454
62.693528
54.792166
45.267003
34.652097
22.975206
9.937627
-3.646953
-16.348703
-27.655193
-38.050583
-46.463864
-54.593427
-62.329429
-69.132192
-73.985713
-77.363082
-78.346048
-77.758687
-75.048379
-70.570196
-63.925130
-55.817025
-46.998773
-37.236895
-27.078220
-16.931806
-5.260706
7.049697
19.947631
32.348292
43.102673
52.627325
61.093399
68.473135
72.865316
76.000350
78.356266
78.239782
76.090268
72.551455
67.341328
60.328245
51.800864
41.726657
30.698436
18.360615
4.908528
-8.523464
-20.507744
-31.567982
-41.091783
-49.295425
-57.286535
-64.726216
-70.739474
-75.041567
-77.603034
-77.694654
-76.339075
-72.905336
-67.562716
-60.101577
-51.633630
-42.483466
-32.683270
-22.600038
-12.058871
0.030484
12.365580
25.327206
37.018231
47.358956
56.179421
64.291613
70.323093
74.147156
77.010563
78.323398
77.398505
74.704885
70.579733
64.422403
56.922265
47.767844
37.229913
25.784969
12.782301
-0.785930
-13.853312
-25.392090
-36.011083
-44.631107
-52.788598
-60.647045
-67.636626
-72.666407
-76.368025
-77.885730
-77.471903
-75.259720
-71.137973
-64.793825
-57.032790
-48.262562
-38.718155
-28.651272
-18.667153
-7.539817
4.710811
17.525128
30.025414
41.097573
50.864901
59.384108
66.849845
71.631329
74.952500
77.256135
77.624662
75.691257
72.542088
67.800965
61.136484
52.898100
43.140139
32.409770
20.396709
6.935596
-6.464379
-18.551861
-29.563052
-39.413486
-47.608784
-55.718933
-63.233716
-69.492374
-73.941095
-76.951470
-77.339922
-76.205049
-73.199953
-68.275588
-61.152833
-52.893332
-43.886900
-34.259898
-24.148566
-13.833727
-2.112048
10.260344
23.144484
35.017218
45.509679
54.446970
62.598842
68.993739
72.901249
75.781345
77.463388
76.758862
74.223110
70.296185
64.567668
57.278531
48.524482
38.233144
27.152981
14.646394
1.207931
-11.856045
-23.407766
-34.190927
-43.056181
-51.163776
-59.131724
-66.151278
-71.350847
-75.211014
-77.001367
-76.640163
-74.723278
-70.880311
-65.152986
-57.459218
-48.894031
-39.442437
-29.464620
-19.436393
-8.609465
3.508500
16.041994
28.541940
39.631810
49.471515
57.999066
65.651621
70.886782
74.328695
76.833452
77.321700
75.577157
72.586877
67.865338
61.315468
53.424665
43.948718
33.353227
21.514211
8.166688
-5.283696
-17.437254
-28.614146
-38.559777
-46.638250
-54.497889
-62.078067
-68.646329
-73.101521
-76.379095
-77.290365
-76.355423
-73.235205
-68.455764
-61.577218
-53.470305
-44.573205
-34.998826
-25.058474
-14.980010
-3.378732
8.873088
21.893297
33.876555
44.310263
53.325040
61.529023
68.187714
72.243214
75.432914
77.120747
76.612915
74.411460
70.658582
65.210547
58.000939
49.325228
39.040021
28.077364
15.831675
2.471890
-10.645049
-22.167989
-32.991852
-42.047501
-50.066710
-57.999236
-65.206460
-70.661988
-74.599811
-76.822213
-76.632329
-74.769599
-71.166413
-65.686532
-58.128323
-49.643687
-40.274007
-30.433450
-20.515748
-9.949889
2.069473
14.455148
27.098656
38.417578
48.319612
56.809528
64.625059
70.093870
73.599815
76.261589
76.998132
75.558594
72.713069
68.303687
61.784812
54.085084
44.953653
34.411805
22.707837
9.809051
-3.540005
-16.195433
-27.405194
-37.748643
-45.756613
-53.605352
-61.246497
-67.933968
-72.599820
-75.927802
-76.829536
-76.181718
-73.498487
-69.037676
-62.446935
-54.444586
-45.604706
-35.889830
-25.849683
-15.832697
-4.552092
7.569960
20.390068
32.564061
43.257475
52.493470
60.731854
67.805052
72.145973
75.167758
77.212879
76.978036
74.756827
71.210861
65.919501
58.875595
50.457035
40.357113
29.451336
17.271553
3.884009
-9.534359
-21.421398
-32.060828
-41.336502
-49.387727
-57.293347
-64.551490
-70.322241
-74.581078
-77.010563
-76.875687
-75.442280
-72.051116
-66.698619
-59.156418
-50.683873
-41.482789
-31.663861
-21.688768
-11.243309
0.715426
13.114214
26.027134
37.642888
47.888926
56.431464
64.282928
70.284775
73.699951
76.374326
77.430180
76.245751
73.594706
69.367204
63.116550
55.448839
46.339546
35.833120
24.327380
11.334079
-2.103874
-14.900480
-26.095765
-36.529132
-44.878040
-52.853312
-60.753482
-67.613976
-72.707619
-76.259204
-77.459472
-76.760054
-74.344022
-70.006847
-63.795873
-55.781262
-47.032152
-37.466117
-27.330944
-17.411709
-6.200927
6.079163
18.808671
31.250375
42.170967
51.763569
60.171911
67.530530
72.144781
75.392893
77.713047
77.840260

