-80.949409
-77.940736
-73.237419
-66.668306
-58.174985
-48.669917
-37.880795
-26.744604
-15.096494
-2.513272
10.150841
21.896703
33.777271
45.353515
55.497374
64.259257
71.412836
77.798537
82.882983
84.805999
83.184242
78.637089
72.549752
65.478257
57.584218
49.608946
40.971381
30.337061
18.098695
5.286762
-7.682017
-21.707671
-34.731456
-45.859643
-55.388893
-63.377448
-69.159951
-73.897839
-77.772141
-80.550739
-81.418923
-80.074072
-76.169797
-70.687703
-63.319036
-54.660695
-44.535058
-33.490828
-22.173950
-10.188477
2.648830
15.110288
26.780197
38.507155
49.555302
59.188264
67.388160
73.936667
80.066919
84.243672
84.910052
81.968478
76.439892
69.950819
62.650102
54.480178
46.379566
36.983660
25.793484
13.224057
0.472069
-13.048989
-26.877437
-39.250851
-49.964700
-58.960574
-66.000223
-71.091993
-75.492859
-79.074247
-81.075600
-81.043073
-78.717300
-74.176277
-68.062203
-59.949500
-50.790821
-40.226834
-29.047217
-17.545734
-5.132982
7.642678
19.678388
31.431913
43.101992
53.639242
62.726055
70.309980
76.629264
82.280466
85.023131
84.191220
80.139296
74.108328
67.201853
59.410334
51.318237
43.047667
32.892738
20.992415
8.256776
-4.610675
-18.648590
-32.120432
-43.834618
-53.725413
-62.138012
-68.311010
-73.005472
-77.146121
-80.332926
-81.611531
-80.819300
-77.425752
-72.241340
-65.383230
-56.853294
-47.021934
-35.988944
-24.745294
-13.006755
-0.243698
12.410879
24.219922
35.890511
47.354698
57.418346
66.019467
72.876896
79.069989
83.960635
85.498095
83.335468
78.169789
71.882691
64.776966
56.784664
48.490252
39.618867
28.739146
16.166142
3.270592
-9.899821
-24.003131
-36.896127
-47.958238
-57.314634
-64.940453
-70.371458
-75.049741
-78.964404
-81.434250
-81.919261
-80.271278
-76.033388
-70.198945
-62.437398
-53.530591
-43.199403
-31.921864
-20.417316
-8.242641
4.710300
17.073154
28.892415
40.772302
51.770721
61.151641
69.314923
75.911454
81.911598
85.518530
85.641657
82.264287
76.488597
69.726365
62.200512
53.999254
45.613050
35.927296
24.441651
11.585951
-1.262597
-15.164614
-29.108184
-41.371584
-51.903384
-60.864176
-67.776271
-72.710003
-77.073915
-80.588545
-82.492999
-82.261562
-79.621587
-74.878761
-68.467004
-60.088124
-50.715719
-39.788485
-28.465646
-16.819579
-4.129239
8.948020
21.032946
32.921348
44.694969
55.272239
64.369440
71.857146
78.507151
84.093809
86.579493
85.297312
80.912794
74.833802
67.830256
59.907266
51.535027
42.935950
32.466991
20.289421
7.333074
-5.676235
-19.787720
-33.241340
-45.014960
-54.928405
-63.281570
-69.450140
-74.329717
-78.464576
-81.611361
-82.793917
-81.858465
-78.283378
-73.051453
-65.845081
-57.190146
-47.317573
-36.141362
-24.640390
-12.656961
0.286613
13.138396
25.060347
36.896638
48.316036
58.304412
66.916432
74.017899
80.266169
84.989922
86.375134
84.145921
78.889472
72.444677
65.172229
57.165963
48.887559
39.680515
28.649569
16.072818
3.087691
-10.382959
-24.562563
-37.353720
-48.484802
-57.879005
-65.580947
-71.072238
-75.726850
-79.657691
-82.229206
-82.735845
-80.917222
-76.694659
-70.983512
-63.069889
-53.981372
-43.678454
-32.418455
-20.868438
-8.485658
4.641158
17.069748
28.854438
40.765490
51.809209
61.255693
69.464275
76.082945
82.143715
85.709946
85.671970
82.218136
76.607806
69.907563
62.429735
54.348537
46.071495
36.215101
24.628299
11.779921
-1.126187
-15.024798
-28.831618
-41.114432
-51.618474
-60.491051
-67.269632
-72.461707
-76.780830
-80.316918
-82.244703
-82.112721
-79.295295
-74.577672
-68.095412
-59.796231
-50.421953
-39.682899
-28.371641
-16.732897
-4.061460
8.899314
20.933151
32.768079
44.411251
54.901498
64.115524
71.526085
78.067098
83.642687
85.774490
84.356921
79.928637
73.805196
66.863298
59.202228
51.071814
42.447363
32.105957
20.014218
7.145405
-6.065028
-20.018305
-33.248322
-44.874975
-54.759128
-62.869106
-68.698951
-73.499850
-77.690567
-80.792563
-81.958090
-81.080539
-77.456066
-72.282042
-64.890725
-56.194408
-46.355895
-35.400050
-24.029187
-12.044566
0.754254
13.158662
25.071757
36.907537
48.076425
58.032104
66.577196
73.413849
79.716444
84.048680
84.969657
82.369532
77.229227
70.770638
63.599007
55.695261
47.726120
38.444826
27.335201
14.866761
2.264466
-11.168037
-25.078229
-37.619897
-48.449891
-57.680437
-64.993245
-70.188897
-74.688366
-78.474283
-80.905131
-81.219162
-79.185792
-74.790886
-69.000040
-61.174291
-52.182504
-41.757141
-30.735220
-19.311394
-6.952967
5.895751
17.766782
29.358183
41.069644
51.706518
61.094931
68.972111
75.425250
81.465074
84.801401
84.215914
79.990285
74.161632
67.388841
60.028519
52.028724
43.815034
33.628259
22.016423
9.370191
-3.349270
-17.096315
-30.593021
-42.603356
-52.674668
-61.264719
-67.401443
-72.246109
-76.466799
-79.713719
-81.201621
-80.736024
-77.722924
-72.752237
-66.054038
-57.547433
-48.047645
-37.201984
-26.009253
-14.369147
-1.776048
10.890961
22.663900
34.407377
45.840911
55.975233
64.763853
72.019952
78.264134
83.244528
84.941898
83.081893
78.189714
71.919475
64.985241
57.212285
49.177238
40.406670
29.802493
17.563445
4.914488
-8.182185
-22.102424
-34.924575
-46.096700
-55.538246
-63.237122
-68.617719
-73.217664
-77.048881
-79.870054
-80.566406
-79.103538
-75.180020
-69.713082
-62.138864
-53.224223
-43.196338
-32.278299
-20.983730
-9.041684
3.762245
15.871865
27.511120
39.254257
50.060068
59.393474
67.504133
74.131829
80.160243
83.874294
84.014280
80.736365
75.130633
68.484885
60.981342
52.880219
44.743163
35.293102
23.833513
11.264256
-1.256636
-14.896223
-28.716837
-40.968997
-51.382950
-60.193539
-67.003284
-71.823597
-76.076984
-79.566240
-81.380606
-81.244877
-78.669786
-73.995931
-67.660127
-59.461934
-50.150667
-39.269924
-28.041090
-16.588143
-4.139117
8.758817
20.705972
32.409259
43.967962
54.365056
63.339812
70.848806
77.256645
82.738570
85.194792
83.928960
79.351493
73.192630
66.303866
58.543001
50.283670
41.883332
31.592846
19.600051
6.764957
-6.111860
-20.053557
-33.146484
-44.675725
-54.463659
-62.626430
-68.445376
-73.039361
-77.196019
-80.145087
-81.173692
-80.102001
-76.658215
-71.413006
-64.147881
-55.382081
-45.485667
-34.504618
-23.247344
-11.395216
1.447371
13.943059
25.770324
37.530320
48.787934
58.472838
66.797393
73.864801
80.176932
84.412098
85.310936
82.610675
77.285256
70.704733
63.391243
55.442538
47.378370
38.160086
27.015550
14.416661
1.628910
-11.934553
-26.071753
-38.617168
-49.438647
-58.613675
-65.977233
-71.214948
-75.506483
-79.182897
-81.540687
-81.866809
-79.872778
-75.484855
-69.554022
-61.468908
-52.357912
-41.793755
-30.670677
-19.256558
-6.962844
5.989586
18.250091
29.913868
41.738238
52.483422
61.858892
69.565773
76.078517
81.950256
84.999800
84.563153
80.621413
74.789183
68.142584
60.763018
52.695104
44.379745
34.491335
22.734233
9.681838
-3.086158
-17.035348
-30.494417
-42.344672
-52.481719
-60.971975
-67.331791
-72.239808
-76.379606
-79.669612
-81.191744
-80.684423
-77.684777
-72.748491
-66.025768
-57.461432
-48.087835
-37.411622
-26.001760
-14.314992
-1.648664
10.995695
22.886310
34.705060
46.045269
56.144169
64.908096
72.007690
78.438010
83.358969
84.928955
83.028078
78.135388
71.672031
64.655202
56.855679
48.827274
39.972578
29.221773
16.984088
4.220349
-9.012733
-23.051671
-35.787480
-46.898127
-56.388719
-64.214979
-69.703885
-74.261768
-78.044108
-80.853360
-81.548520
-80.021960
-75.997114
-70.520639
-62.900441
-54.025139
-43.784039
-32.713924
-21.388531
-9.213516
3.640652
15.889236
27.486426
39.345707
50.251484
59.693030
67.787170
74.461869
80.770595
84.619181
84.896769
81.555332
75.987918
69.382702
61.972993
53.907973
45.831885
36.230087
24.708509
11.965377
-0.714404
-14.395884
-27.934994
-40.152754
-50.458057
-59.284142
-66.036156
-71.033750
-75.394937
-78.905310
-80.761228
-80.669267
-78.054667
-73.460851
-67.128454
-58.987652
-49.799170
-39.144754
-28.019633
-16.447306
-4.102673
8.641311
20.581143
32.312700
43.742316
53.939138
62.906742
70.340122
76.795476
82.277230
84.519216
83.277225
78.813008
72.665215
65.720592
58.033977
50.051553
41.540350
31.148195
19.188779
6.502015
-6.482601
-20.451886
-33.413001
-44.791528
-54.405757
-62.496662
-68.143436
-72.691611
-76.759372
-79.684258
-80.686978
-79.578672
-75.965779
-70.846081
-63.681943
-55.051191
-45.145239
-34.333297
-23.125751
-11.283330
1.426595
13.665301
25.312730
37.091800
48.191718
57.762010
65.915414
72.654826
78.862224
83.169597
84.094831
81.186295
75.811659
69.530691
62.327044
54.416146
46.437298
37.114280
25.889192
13.405766
0.860180
-12.450218
-26.140213
-38.295644
-48.830679
-57.708706
-64.814431
-69.920165
-74.421678
-77.969858
-79.964399
-80.052785
-77.779974
-73.278461
-67.325320
-59.471982
-50.420250
-39.982625
-29.010773
-17.729998
-5.485330
7.269042
19.029719
30.579397
42.057037
52.336965
61.341694
68.831955
75.230428
80.934422
83.815370
82.916532
78.716959
72.776760
66.094739
58.515583
50.409181
42.279448
32.166413
20.162889
7.530791
-4.962002
-18.723181
-31.786306
-43.311800
-53.002834
-61.129672
-67.012310
-71.685825
-75.767892
-78.813348
-79.843146
-78.983988
-75.696196
-70.706947
-63.735587
-55.250951
-45.639447
-34.765175
-23.952552
-12.435572
0.228201
12.430804
24.104800
35.791567
46.879053
56.366239
64.758914
71.659940
77.705724
82.018375
83.299364
80.951112
75.751713
69.382531
62.238829
54.290465
46.318088
37.383693
26.403325
14.083556
1.721212
-11.489221
-25.265898
-37.603038
-48.229183
-57.162217
-64.426320
-69.532224
-73.937348
-77.454022
-79.665184
-79.924549
-77.795131
-73.522159
-67.772525
-59.953587
-50.970657
-40.609666
-29.583829
-18.394845
-6.214040
6.562982
18.492256
29.893092
41.460139
52.060400
61.024427
68.432604
74.905157
80.708265
83.620037
83.130598
79.024349
73.450123
66.919497
59.371846
51.143680
42.840583
32.946212
21.322455
8.505072
-4.107782
-17.867088
-31.174081
-42.890310
-52.765948
-61.089311
-67.253283
-71.898869
-76.004267
-79.080718
-80.204010
-79.469851
-76.296670
-71.376051
-64.596619
-56.147235
-46.581711
-35.817453
-24.639879
-13.027361
-0.492334
11.957032
23.614168
35.156863
46.339205
56.098870
64.627954
71.656363
77.895607
82.630260
84.161758
82.171985
77.060120
70.687532
63.635792
55.734260
47.718968
38.779293
28.046370
15.816348
3.012078
-10.269540
-24.236952
-36.828518
-47.674349
-56.812252
-64.292465
-69.497313
-73.902948
-77.673026
-80.192770
-80.488069
-78.682899
-74.483156
-68.951505
-61.339481
-52.179609
-42.023148
-30.980451
-19.721985
-7.628543
5.252532
17.329625
28.863294
40.560280
51.305124
60.573305
68.404164
74.795144
80.753054
84.036589
83.849260
80.284732
74.671847
67.853587
60.186386
52.129371
43.856416
34.251043
22.868770
10.201931
-2.467121
-16.163247
-29.858351
-41.787624
-51.998070
-60.573135
-67.030532
-71.980272
-76.150213
-79.383339
-81.044776
-80.653088
-77.680009
-72.792428
-66.241537
-57.828256
-48.455511
-37.682738
-26.427507
-14.888218

