-6.666354
-19.048963
-30.252423
-40.211507
-48.346009
-56.468759
-64.045531
-70.555891
-74.954203
-78.097922
-78.761407
-77.528102
-74.493715
-69.532565
-62.509435
-54.172107
-45.031990
-35.094193
-24.883917
-14.511517
-2.716950
9.850434
22.752626
34.939562
45.719317
55.134467
63.502959
70.147514
74.251890
77.336175
79.092979
78.575952
76.232808
72.362253
66.707815
59.235437
50.208909
39.778437
28.588261
15.962635
2.237899
-11.147090
-22.813593
-33.837046
-43.282509
-51.353318
-59.357882
-66.714117
-72.453533
-76.556717
-78.639473
-78.420128
-76.668944
-72.939226
-67.269291
-59.700353
-51.192216
-41.823047
-31.650237
-21.319730
-10.442223
1.647302
14.348711
27.342013
38.986547
49.178771
57.990381
66.149064
72.034938
75.607300
78.349284
79.408203
78.060627
75.045654
70.418801
64.009939
56.098529
46.619517
35.680703
24.183137
11.049850
-2.795628
-15.780926
-27.275767
-37.890843
-46.432870
-54.560729
-62.312058
-69.143261
-74.128764
-77.811820
-79.074247
-78.379256
-75.804676
-71.468013
-65.065793
-56.943893
-48.009327
-38.232122
-28.131349
-17.791816
-6.280797
6.066561
18.959045
31.688213
42.867150
52.657127
61.173950
68.768263
73.586532
76.892717
79.177959
79.167911
77.213049
73.813881
68.706444
61.645338
53.198508
43.144737
32.025576
19.707169
6.023475
-7.533005
-19.841024
-31.092337
-40.964740
-49.117122
-57.313783
-64.974512
-71.355275
-75.873477
-78.818968
-79.119716
-77.872958
-74.499675
-69.336891
-62.149593
-53.972176
-44.654437
-34.795148
-24.527311
-13.986485
-1.929828
10.626316
23.828404
35.876206
46.417032
55.547101
64.002105
70.588759
74.604239
77.728544
79.454013
78.869036
76.367174
72.500535
66.695554
59.175832
50.028733
39.403268
28.037684
15.244654
1.560960
-11.878865
-23.462091
-34.509557
-43.608631
-51.669393
-59.737137
-66.983870
-72.632347
-76.772826
-78.790358
-78.520434
-76.659577
-72.763988
-66.897869
-59.168339
-50.549167
-41.181019
-31.171015
-21.002974
-10.060923
2.179827
14.946801
27.974333
39.525373
49.661057
58.393138
66.412176
71.930374
75.518233
78.119380
79.026563
77.626705
74.756145
70.294142
63.784974
55.752141
46.111516
35.176447
23.342712
10.097878
-3.549712
-16.264234
-27.638844
-38.008179
-46.388251
-54.498400
-62.368257
-69.139174
-74.033056
-77.499662
-78.513111
-77.847072
-75.160606
-70.555551
-63.973154
-55.992263
-47.129393
-37.468501
-27.340821
-17.159326
-5.566733
6.908178
19.761154
31.952517
43.043750
52.744831
61.193534
68.396841
72.773354
75.949260
78.231777
78.049558
75.945343
72.617701
67.315102
60.183661
51.621539
41.636399
30.760595
18.326385
4.793065
-8.548328
-20.533800
-31.617199
-41.118520
-49.334083
-57.495492
-64.849172
-70.838417
-75.164693
-77.687502
-77.833278
-76.545647
-73.108503
-67.842518
-60.398919
-52.191530
-43.043579
-33.238786
-23.233039
-12.629032
-0.517198
11.926719
24.842875
36.589929
46.928780
55.835077
64.109904
70.236921
73.976006
76.932396
78.274352
77.288321
74.668612
70.711034
64.702715
56.952579
47.844308
37.198407
25.721788
12.856211
-0.613758
-13.544049
-25.054727
-35.633360
-44.258492
-52.343777
-60.227258
-67.259584
-72.410788
-76.222249
-77.820335
-77.338048
-75.148685
-71.006843
-64.766748
-56.834732
-48.220328
-38.771800
-28.845242
-18.838474
-7.694108
4.589217
17.226424
29.819012
40.945666
50.790480
59.307643
66.837072
71.818488
75.121948
77.588558
77.949251
76.231275
72.977883
68.154676
61.453240
53.158828
43.317080
32.557419
20.567349
7.131951
-6.297146
-18.439463
-29.600177
-39.486034
-47.648634
-55.725064
-63.206128
-69.596257
-74.043444
-77.066081
-77.434949
-76.539006
-73.630469
-68.444865
-61.369794
-53.198678
-44.231074
-34.441096
-24.381195
-14.178923
-2.424887
9.918724
22.761992
34.726007
45.244013
54.307325
62.619788
69.156374
73.183945
76.190574
77.959129
77.357973
74.853556
70.896660
65.281221
58.007921
49.204315
38.632836
27.538879
14.864377
1.182045
-11.841059
-23.370641
-34.170321
-43.113572
-51.227467
-59.148584
-66.230467
-71.723631
-75.680358
-77.704872
-77.341795
-75.422696
-71.487597
-65.765040
-58.033296
-49.469130
-40.202311
-30.425446
-20.299980
-9.476628
2.667393
15.154566
28.010096
39.357969
49.360991
57.940142
65.721784
71.122646
74.567965
77.184439
77.892031
76.493706
73.453529
68.792275
62.268121
54.348367
44.708933
33.985206
22.323983
9.084088
-4.460471
-16.993284
-28.101206
-38.317101
-46.647106
-54.690668
-62.380178
-68.971259
-73.653289
-76.957260
-77.825444
-77.075788
-74.413334
-69.704907
-62.920366
-54.838487
-45.935937
-36.229917
-26.160138
-15.966722
-4.348755
8.043902
20.739181
33.016375
43.796471
53.363357
61.765909
68.742718
72.886774
76.127223
78.185797
77.974285
75.683423
71.977207
66.730806
59.568541
50.903729
40.562493
29.510260
17.069408
3.530128
-9.789637
-21.553380
-32.544817
-41.905131
-50.018515
-57.952915
-65.310853
-71.111577
-75.384889
-77.845199
-77.635220
-76.156855
-72.708470
-67.282234
-59.673446
-51.184041
-41.914838
-31.920501
-21.890913
-11.358942
0.623294
13.127327
26.059662
37.819828
48.124109
56.858233
64.963613
70.993389
74.620928
77.322892
78.586510
77.345031
74.562345
70.371628
64.342533
56.693724
47.487872
36.742858
25.112459
12.190342
-1.448563
-14.550856
-26.162522
-36.643403
-45.195477
-53.346668
-61.205796
-68.099839
-73.198421
-76.786109
-78.184605
-77.589239
-75.225660
-70.985215
-64.718383
-56.703431
-47.940186
-38.210835
-28.186866
-18.178054
-7.010869
5.268029
18.082176
30.715976
41.704518
51.440171
59.883424
67.368916
72.384902
75.655665
78.079530
78.233651
76.259375
72.926283
68.007197
61.047588
52.881581
42.971373
32.173055
20.154374
6.689004
-6.908008
-19.210577
-30.413866
-40.239436
-48.360654
-56.433337
-63.989844
-70.255314
-74.798550
-77.765158
-78.102350
-77.065059
-73.870250
-68.890367
-61.659813
-53.235122
-44.179133
-34.411805
-24.231161
-14.004367
-2.263103
10.212830
23.252794
35.285098
45.870202
54.816008
63.142095
69.750207
73.661123
76.547521
78.383173
77.673026
75.209822
71.265697
65.525430
58.053051
49.250126
38.853203
27.697086
14.962639
1.265832
-12.013401
-23.679733
-34.589597
-43.452467
-51.504714
-59.493610
-66.633224
-72.042431
-76.006481
-78.002214
-77.645438
-75.761591
-71.928501
-66.151789
-58.306626
-49.614395
-40.210656
-30.267750
-20.312582
-9.434564
2.813339
15.365226
28.184482
39.683921
49.726282
58.336258
66.178526
71.547542
75.014319
77.600309
78.313691
76.838051
73.973451
69.445712
62.876429
54.942029
45.403242
34.552642
22.725889
9.290491
-4.304307
-16.823496
-28.096437
-38.326127
-46.476296
-54.590361
-62.374387
-69.153309
-73.877743
-77.125175
-77.949081
-77.049221
-74.349131
-69.802489
-62.988656
-54.957696
-46.039820
-36.296334
-26.216166
-16.121013
-4.644564
7.673332
20.455463
32.746281
43.511050
52.940675
61.304740
68.408081
72.708811
75.927973
78.024013
77.831405
75.548887
71.901934
66.504989
59.504339
50.984280
40.808575
29.916423
17.471824
3.844329
-9.721007
-21.523578
-32.419818
-41.745731
-49.864394
-57.843583
-65.236943
-71.112088
-75.318132
-77.902590
-77.796664
-76.344865
-72.722946
-67.253624
-59.712274
-51.207202
-41.996922
-32.193831
-22.198132
-11.576074
0.411442
12.813466
25.677681
37.284919
47.487361
56.208883
64.229625
70.265021
73.792764
76.530831
77.760049
76.789345
74.366842
69.848980
63.613823
56.080137
46.904768
36.457436
25.129148
12.070281
-1.568454
-14.349392
-25.891917
-36.513805
-45.008489
-53.057671
-60.856172
-67.689930
-72.618042
-76.205560
-77.521631
-76.982294
-74.662651
-70.388487
-64.078910
-56.198324
-47.425202
-37.752731
-27.672052
-17.650638
-6.571157
5.530970
18.253326
30.704226
41.743687
51.226105
59.861626
67.258733
71.864809
75.103896
77.424390
77.585323
75.598955
72.420495
67.414727
60.602767
52.388566
42.492322
31.590462
19.454275
5.842277
-7.593632
-19.498553
-30.493055
-40.169954
-48.225437
-56.162391
-63.589641
-69.973469
-74.308770
-76.963902
-77.213390
-75.896978
-72.599479
-67.601204
-60.442856
-52.222524
-43.204001
-33.372470
-23.247174
-12.891974
-1.122441
11.132956
24.022034
35.874673
46.254056
55.029052
63.189098
69.541250
73.334660
76.285260
77.869041
77.017205
74.386597
70.357663
64.509596
56.954111
47.967604
37.625858
26.394299
13.681650
0.200442
-12.866259
-24.600199
-35.277605
-44.041191
-52.100931
-59.821776
-66.760949
-72.080919
-75.950963
-77.691589
-77.254772
-75.112922
-71.105787
-65.090827
-57.237659
-48.554625
-38.969517
-28.952701
-18.911191
-8.003712
4.153422
16.670057
29.346773
40.643896
50.461463
59.043850
66.601038
71.700300
74.972936
77.462196
78.003407
76.230083
73.121275
68.514688
61.806270
53.621190
43.970857
33.208643
21.309682
8.046457
-5.494356
-18.150296
-29.303006
-39.553472
-47.746045
-55.754355
-63.330957
-69.742543
-74.491160
-77.559948
-78.068120
-77.048029
-74.126550
-69.279500
-62.324660
-54.090023
-45.061452
-35.112415
-24.905034
-14.622382
-3.075600
9.272950
22.194896
34.360034
45.030287
54.275308
62.659468
69.561856
73.736395
76.568297
78.458786
78.013454
75.662136
71.897166
66.302504
58.962618
50.177063
39.810794
28.722457
16.273260
2.585820
-10.807003
-22.624220
-33.660786
-42.882477
-50.840718
-58.916126
-66.184657
-71.914026
-76.107809
-78.466620
-78.261409
-76.538665
-72.805371
-67.224332
-59.572799
-50.892489
-41.476829
-31.407390
-21.133934
-10.386876
1.865625
14.433180
27.310337
38.895777
49.194608
57.866744
65.928016
71.858508
75.452668
78.015838
79.025882
77.733142
74.840614
70.346253
63.944885
56.062937
46.622753
35.902773
24.400268
11.199713
-2.544607
-15.496186
-26.990686
-37.683930
-46.120541
-54.234607
-62.114000
-68.983350
-74.087892
-77.731609
-78.950780
-78.339236
-75.851338
-71.348292
-64.800978
-56.721994
-47.757626
-38.073403
-27.782066
-17.640761
-6.381954
6.043400
19.048452
31.605789
42.737382
52.485636
61.094761
68.563393
73.250532
76.391867
78.708274
78.871761
76.854229
73.542595
68.399906
61.414071
52.987167
42.765141
31.792777
19.656590
6.021772
-7.635014
-19.822121
-31.105961
-40.879931
-49.120869
-57.329110
-64.896515
-71.225677
-75.709649
-78.709977
-79.070500
-77.762093
-74.516194
-69.436516
-62.065465
-53.557668
-44.453144
-34.586872
-24.311372
-13.772930
-1.853023
10.659184
23.717369
35.779646
46.485833
55.716549
64.005341
70.585864
74.567795
77.496597
79.096556
78.440394
75.983661
72.058610
66.186360
58.613164
49.588340
38.966962
27.521338
14.710086
0.991651
-12.123414
-23.794004
-34.692458
-43.711492
-51.832710
-59.913908
-67.401784
-72.882175
-76.825959
-78.935453
-78.714745
-76.652595
-72.715112
-66.864661
-59.103455
-50.501142
-41.040012
-30.896664
-20.523412
-9.499959
2.853359
15.560218
28.450148
39.822374
49.947841
58.783293
66.675118
72.160619
75.766870
78.402587
79.182897
77.637775
74.673721
70.103748
63.612461
55.520194
46.009506
35.260235
23.528167
10.189329
-3.666878
-16.468252
-27.774743
-38.272142
-46.827112
-54.939815
-62.669516
-69.456611
-74.407543

