-66.733701
-67.502431
-67.046881
-64.959015
-60.983726
-55.256912
-48.754215
-41.340760
-32.232830
-22.364344
-12.813125
-2.841779
7.742473
17.733744
26.710033
35.559790
44.220175
51.845312
57.573318
61.735426
65.269470
67.679541
68.552494
67.723138
64.026628
57.536704
50.972360
43.124812
33.590112
25.376081
17.202752
8.175203
-2.425909
-14.246021
-24.864163
-34.676790
-44.573375
-53.174155
-58.852094
-62.502282
-65.151794
-67.023039
-67.487785
-66.631692
-63.693864
-59.207678
-53.029231
-46.218293
-38.061312
-28.614657
-18.935204
-9.472711
1.004423
11.515958
21.028178
29.752084
38.794279
47.186954
54.150649
59.154034
63.142776
66.391741
68.259069
68.411316
66.848142
62.014716
55.228812
48.494169
39.703846
30.512639
22.616557
13.993638
4.638263
-6.528241
-17.938784
-28.308460
-38.153955
-47.912087
-55.557489
-60.499736
-63.735247
-66.105638
-67.298412
-67.294495
-65.832649
-62.342882
-57.084901
-50.690515
-43.639796
-34.805877
-25.068692
-15.482392
-5.772454
4.921130
15.094110
24.326018
32.946212
41.758674
49.697331
56.017126
60.481344
64.220599
67.094905
68.550791
68.182094
65.512317
59.721981
53.093604
45.898131
36.434105
27.787345
19.799641
10.957548
0.944308
-10.831186
-21.835906
-31.806060
-41.636910
-50.872394
-57.395186
-61.597143
-64.449310
-66.677332
-67.428861
-66.976377
-64.755338
-60.788393
-54.872036
-48.256261
-40.596724
-31.448432
-21.744115
-12.359108
-2.185617
8.489575
18.334559
27.336052
36.213057
44.874464
52.253689
57.903358
61.949832
65.362624
67.703213
68.465131
67.477226
63.689096
57.210411
50.509487
42.502029
33.066102
24.932453
16.541822
7.395574
-3.055845
-14.761686
-25.437559
-35.228729
-45.100791
-53.612164
-59.353624
-62.931095
-65.509932
-67.129135
-67.332132
-66.438232
-63.493763
-58.721474
-52.562441
-45.822689
-37.465096
-27.810676
-18.163409
-8.686611
2.044780
12.520552
21.934850
30.604942
39.551258
47.805990
54.692200
59.601068
63.413892
66.569703
68.442992
68.533931
66.704409
61.591523
54.841723
48.062461
39.113419
30.000721
22.151470
13.489212
3.995555
-7.298163
-18.684183
-28.976713
-38.887773
-48.609291
-56.044885
-60.895000
-64.022541
-66.401788
-67.546368
-67.519460
-65.944706
-62.473842
-57.017803
-50.481388
-43.195656
-34.465279
-24.510622
-14.999764
-5.185774
5.525010
15.729836
24.870464
33.699274
42.575768
50.368139
56.623561
61.111280
64.677511
67.490510
68.892581
68.510771
65.638849
59.523412
52.822999
45.456035
35.964761
27.337926
19.314289
10.356392
0.351157
-11.342934
-22.276470
-32.285282
-42.212009
-51.564489
-58.031934
-62.053714
-64.760957
-66.928693
-67.594392
-67.029681
-64.707313
-60.664756
-54.747718
-48.090219
-40.323223
-31.025921
-21.300316
-11.842591
-1.532691
9.205852
19.051688
27.928012
36.815745
45.524836
52.875791
58.290958
62.446594
65.889699
68.116358
68.847111
67.752259
63.695056
57.023082
50.344467
42.239257
32.762459
24.550642
16.142811
7.029091
-3.630093
-15.179430
-25.827203
-35.728046
-45.694624
-54.169382
-59.788057
-63.260453
-65.787349
-67.447935
-67.600352
-66.765206
-63.774075
-58.970281
-52.587475
-45.772621
-37.402425
-27.660813
-17.916475
-8.396932
2.160924
12.641805
22.166797
30.851705
39.799554
48.067229
54.867438
59.735264
63.647713
66.757543
68.620784
68.841662
66.804545
61.429569
54.862840
48.060758
39.012092
29.996804
22.166627
13.464519
3.672498
-7.645232
-18.877642
-29.143606
-39.035082
-48.870019
-56.277514
-60.994625
-64.002446
-66.477401
-67.589794
-67.436184
-65.684148
-62.159300
-56.856189
-50.347703
-43.059587
-34.253597
-24.419001
-14.864036
-4.995550
5.744014
15.904903
25.064434
33.959150
42.798349
50.487178
56.587628
61.029366
64.798594
67.478248
68.733181
68.335533
65.267427
59.032270
52.427564
45.076609
35.663332
27.155876
19.071443
10.028737
-0.135728
-11.637892
-22.532770
-32.508373
-42.462519
-51.582541
-57.969264
-62.036003
-64.801829
-66.857679
-67.430224
-66.878455
-64.423765
-60.291801
-54.395369
-47.824042
-40.102005
-30.728749
-20.965508
-11.580672
-1.313686
9.357589
19.238506
28.007712
37.006140
45.527049
52.809375
58.101586
62.080111
65.633569
67.896502
68.574974
67.241873
63.069889
56.421416
49.802576
41.474955
32.114642
24.167810
15.794550
6.585973
-4.196167
-15.528713
-25.896004
-35.767385
-45.752525
-53.934540
-59.378147
-62.858547
-65.444878
-66.926479
-67.033257
-65.855980
-62.940121
-58.056627
-51.769018
-44.856071
-36.508867
-26.935850
-17.326048
-8.013419
2.553974
12.884310
22.302525
31.022174
39.969001
47.964709
54.584401
59.580122
63.492060
66.315106
68.001577
67.992551
65.913882
60.559852
53.888219
46.935763
37.773677
29.119423
21.311896
12.642826
2.889463
-8.611849
-19.733395
-29.760259
-39.506129
-49.046789
-56.150641
-60.628142
-63.661167
-65.887996
-66.906895
-66.641910
-64.703056
-60.952561
-55.446625
-49.124445
-41.646447
-32.725164
-23.161854
-13.837985
-3.826959
6.835461
16.806126
25.733539
34.585851
43.245213
50.783498
56.520530
60.734408
64.383234
66.918816
67.925283
67.269291
63.826016
57.464157
50.892660
43.170452
33.841985
25.808130
17.784323
8.706365
-1.592977
-13.022252
-23.664747
-33.431564
-43.224777
-51.791157
-57.795729
-61.648914
-64.412526
-66.222804
-66.479615
-65.838609
-63.109909
-58.612313
-52.580833
-45.888765
-37.961176
-28.588942
-18.900973
-9.682178
0.709125
11.156627
20.687921
29.438393
38.261073
46.482938
53.360292
58.251790
62.096119
65.250567
67.301307
67.661830
66.106830
61.104638
54.379531
47.761202
38.962534
29.915060
22.333350
13.895035
4.514967
-6.563153
-17.822300
-27.856486
-37.584475
-47.304801
-54.847172
-59.646368
-62.804733
-65.316813
-66.504989
-66.358703
-64.813410
-61.421565
-56.196451
-49.803427
-42.656490
-33.941780
-24.332830
-14.990738
-5.289486
5.438328
15.314647
24.305241
33.145462
41.952474
49.616609
55.628334
59.970277
63.637495
66.397360
67.705597
67.364659
64.538547
58.429582
51.747901
44.416019
35.177469
26.862792
18.823828
9.876490
-0.002725
-11.514936
-22.356340
-32.083818
-41.702986
-50.663948
-56.938784
-61.049461
-63.812392
-65.873861
-66.443171
-65.965652
-63.469240
-59.276819
-53.343432
-46.881097
-39.127384
-29.943500
-20.254339
-11.073692
-0.888620
9.692226
19.318887
28.088093
36.947046
45.371566
52.496025
57.591030
61.500583
64.890214
67.098992
67.761285
66.443852
61.978613
55.318049
48.786061
40.383509
31.202521
23.473331
15.225070
6.023475
-4.849774
-16.163588
-26.403495
-36.114114
-45.907157
-53.719793
-58.918510
-62.230655
-64.866032
-66.421543
-66.446236
-65.192836
-62.007393
-57.017292
-50.764935
-43.775524
-35.446201
-25.731666
-16.208717
-6.724255
3.814527
13.935907
23.064443
31.764337
40.750504
48.608950
54.930619
59.425320
63.035658
65.913200
67.485401
67.456450
65.044676
59.309006
52.636010
45.687301
36.527259
27.884075
20.016091
11.298146
1.548869
-9.716238
-20.647390
-30.430726
-39.991651
-49.270221
-56.027855
-60.391085
-63.337428
-65.691641
-66.500902
-66.113642
-63.829763
-59.916292
-54.268326
-47.895227
-40.625504
-31.394277
-21.647726
-12.391124
-2.417224
8.279085
18.018995
26.657241
35.445179
44.083595
51.404578
56.850740
60.897214
64.404181
66.843884
67.666258
66.682271
62.724863
56.180102
49.640281
41.654621
32.394954
24.604797
16.376461
7.367134
-3.227336
-14.567886
-24.984394
-34.575122
-44.270924
-52.464690
-57.837793
-61.471292
-64.261130
-66.060168
-66.262994
-65.258401
-62.272208
-57.647058
-51.505566
-44.718300
-36.653451
-27.120113
-17.634119
-8.280788
2.141169
12.390273
21.843399
30.519111
39.455039
47.536918
54.151501
58.805772
62.459367
65.464463
67.254816
67.397867
65.322093
59.926850
53.282976
46.481916
37.520783
28.738976
21.004507
12.515954
3.130606
-8.080857
-19.135816
-29.147012
-38.730247
-48.128026
-55.132253
-59.597322
-62.580620
-65.082312
-66.136462
-65.964290
-64.092534
-60.415438
-54.974386
-48.673323
-41.379418
-32.392911
-22.746154
-13.531787
-3.685781
6.914820
16.621692
25.437900
34.228052
42.980569
50.484112
56.222848
60.398408
63.910825
66.372326
67.442485
66.705602
63.289404
57.039091
50.459589
42.685270
33.352375
25.373016
17.278194
8.341244
-1.854215
-13.303586
-23.751259
-33.424752
-43.171304
-51.713841
-57.398932
-61.110428
-63.909803
-65.713610
-65.973316
-65.202032
-62.613317
-58.106695
-52.062273
-45.641661
-37.641185
-28.241532
-18.568890
-9.302071
0.983988
11.325053
20.620482
29.293128
38.123982
46.335970
53.219625
58.187587
61.989171
65.050295
66.989149
67.265715
65.504823
60.523919
53.888559
47.281129
38.551603
29.512474
21.844591
13.439996
4.087346
-7.162094
-18.328599
-28.232847
-37.688698
-47.165837
-54.475921
-59.164933
-62.285832
-64.859901
-66.123349
-66.026449
-64.401627
-60.923100
-55.641617
-49.286740
-42.168243
-33.560651
-23.963792
-14.561074
-4.976988
5.645241
15.589339
24.617059
33.326660
42.071002
49.786908
55.778367
60.015236
63.583851
66.127266
67.217861
66.818510
63.847644
57.682310
51.046269
43.704169
34.415552
26.190111
18.273592
9.363719
-0.653267
-12.046950
-22.831133
-32.552651
-42.145252
-50.908838
-56.970630
-60.799292
-63.666616
-65.672568
-66.229616
-65.696580
-63.235079
-58.889048
-52.814484
-46.322516
-38.519246
-29.224839
-19.521373
-10.392325
-0.315053
10.016646
19.786017
28.532233
37.219184
45.574563
52.759647
57.922431
61.798607
65.015725
67.023379
67.508050
66.157920
61.719418
54.951566
48.350096
39.940732
30.566454
22.844587
14.505216
5.245549
-5.614247
-16.951220
-27.142593
-36.869390
-46.591588
-54.277863
-59.260130
-62.455790
-64.907925
-66.282749
-66.308294
-65.018790
-61.841692
-56.871346
-50.483942
-43.574912
-35.146986
-25.533778
-15.984092
-6.483282
4.217284
14.310394
23.444380
32.241174
41.112219
49.052409
55.520535
60.017620
63.559498
66.445725
68.039894
67.624705
65.089464
59.329953
52.399976
45.424019
36.351681
27.763844
19.810370
10.974237
1.042911
-10.333402
-21.369628
-31.252929
-40.916886
-50.232240
-56.916305
-61.221123
-63.884769
-66.122328
-66.971268
-66.632543
-64.364842
-60.353449
-54.542848
-48.050029
-40.517535
-31.402281
-21.620989
-12.295757
-2.233471
8.509670
18.335411
27.164391
35.992180
44.815029
52.277190
57.811226
61.831304
65.277304
67.644290
68.386112
67.379986
63.662870
57.026488
50.331865
42.392186
32.846076
24.790423
16.564982
7.405281
-3.131458
-14.590366
-25.213446
-35.093171
-44.918571
-53.460939
-58.985608
-62.566655
-65.125057
-66.874368
-67.202875
-66.314936
-63.443695
-58.867761
-52.513906
-45.821496
-37.558930
-28.079578
-18.258606
-8.759158
1.732962
12.212140
21.825177
30.566454
39.461681
47.732592
54.677384
59.576716
63.396522
66.524914
68.424089
68.573952
66.736085
61.624731
54.832527
48.076596
39.182561
29.842343
21.841526
13.228655
3.710985
-7.459777
-18.763542
-28.943164
-38.747277
-48.453808
-56.004865
-60.633251
-63.687733
-66.142934
-67.333494
-67.304032
-65.642766
-62.119620
-56.889568
-50.478663
-43.262584
-34.442459

