37.518740
21.493265
5.224432
-10.405779
-25.569201
-40.145942
-53.723029
-65.349000
-75.517552
-84.617479
-92.108250
-97.695248
-100.749220
-100.157431
-96.893481
-92.000450
-85.136380
-75.951133
-64.532246
-51.736832
-38.919279
-25.261641
-10.186434
4.949570
20.185879
35.555703
50.003358
62.584877
72.368043
79.736880
85.658687
90.670245
94.969954
97.702742
96.776315
93.107394
88.818244
81.293753
70.442132
59.513365
47.531639
32.445022
15.950373
-0.103201
-15.337978
-30.488287
-44.861351
-57.716370
-68.633216
-78.676598
-87.423154
-94.359091
-99.034991
-100.851229
-99.174465
-95.420054
-89.726107
-82.123280
-72.290897
-60.343913
-47.455175
-34.543106
-20.269837
-5.148649
10.040317
25.434494
40.515661
54.339511
65.956627
74.918611
81.745556
87.228332
92.100586
96.049138
97.797768
95.439979
91.617448
86.641993
77.657870
66.499199
55.511509
42.477165
26.735578
10.260514
-5.560943
-20.724876
-35.464934
-49.422979
-61.621496
-72.017908
-81.676926
-89.801550
-96.087285
-99.898747
-100.505352
-97.806283
-93.552726
-87.311268
-78.913314
-68.186351
-55.776494
-43.014969
-29.795510
-14.989887
0.117677
15.246528
30.714444
45.481239
58.597667
69.166933
77.216796
83.541870
88.892494
93.492951
96.744980
97.104992
93.844618
89.857749
83.537102
73.465790
62.570572
51.341738
37.229231
21.213463
4.969154
-10.630403
-25.926658
-40.371929
-53.819077
-65.212761
-75.309106
-84.499461
-92.093774
-97.461258
-100.289754
-99.679061
-96.360445
-91.393845
-84.454332
-75.315067
-63.781568
-51.101276
-38.426774
-24.702208
-9.682349
5.291530
20.557983
35.963399
50.185919
62.596117
72.254283
79.516513
85.313150
90.185915
94.556979
97.162213
95.983233
92.445953
88.225092
80.508675
69.592851
58.819396
46.652555
31.398194
15.000956
-1.086508
-16.404220
-31.268767
-45.410054
-58.121341
-68.834679
-78.697375
-87.416002
-94.389745
-98.794528
-100.386483
-98.543337
-94.721998
-88.983774
-81.277915
-71.291753
-59.276649
-46.610321
-33.781018
-19.374064
-4.319293
10.784013
26.119607
41.261741
54.888385
66.266400
75.016192
81.707239
87.126493
91.866425
95.618963
97.111464
94.784498
91.044733
85.795947
76.621090
65.584694
54.715872
41.473252
25.575502
9.183202
-6.558044
-21.829775
-36.388295
-50.080333
-61.960391
-72.451319
-81.852504
-89.962823
-96.060889
-99.717379
-100.010804
-97.196954
-92.664276
-86.304120
-77.945675
-67.094905
-54.595130
-42.023488
-28.773035
-13.868979
1.223428
16.365732
31.672716
46.336651
59.334891
69.707632
77.449594
83.611182
88.686262
93.192714
96.437761
96.581153
93.238865
89.229005
82.679476
72.504282
61.665773
50.319093
35.900048
19.729819
3.488064
-12.090717
-27.243580
-41.547332
-54.776839
-65.973486
-75.986045
-85.179465
-92.639582
-97.804410
-100.349358
-99.417823
-95.902341
-90.770211
-83.559241
-74.249676
-62.766756
-50.021069
-37.313529
-23.501260
-8.420944
6.615094
21.895341
37.165540
51.303421
63.480820
72.936331
79.964399
85.663114
90.573686
94.836439
97.417321
95.967736
92.204639
87.772438
79.717636
68.655355
57.838644
45.578820
30.271496
13.971840
-2.189023
-17.508779
-32.377754
-46.330350
-58.969770
-69.638661
-79.324245
-87.878363
-94.662734
-99.038567
-100.457157
-98.314626
-94.336101
-88.509662
-80.685105
-70.494243
-58.359248
-45.601811
-32.718011
-18.193211
-2.969844
12.003354
27.200494
42.432547
56.038073
67.249877
75.790031
82.414661
87.761709
92.224904
95.988171
97.413404
94.785350
90.922798
85.418054
76.019764
64.924785
53.938627
40.403605
24.457659
8.044413
-7.657494
-22.920711
-37.638630
-51.284177
-63.078744
-73.456083
-82.905293
-90.805122
-96.793345
-100.278343
-100.402662
-97.395011
-92.658315
-86.112193
-77.567611
-66.613981
-54.012707
-41.220358
-27.906554
-12.950046
2.218144
17.408814
32.747303
47.427586
60.373885
70.704051
78.401055
84.432193
89.491606
93.915973
97.246851
97.133602
93.772241
89.805296
83.060265
72.499854
61.485256
49.955334
35.362414
18.956321
2.604893
-12.907982
-28.115341
-42.541197
-55.691174
-66.850526
-76.804842
-85.817065
-93.199526
-98.441499
-100.864172
-99.583694
-96.067190
-90.687105
-83.443437
-73.887450
-62.280723
-49.628190
-36.790201
-22.847652
-7.713352
7.230214
22.659131
37.910598
51.973718
63.963618
73.379959
80.488920
86.199215
91.084753
95.216887
97.568035
95.878839
92.162064
87.556839
79.276221
68.273544
57.540451
45.041357
29.616867
13.159003
-2.850124
-18.326725
-33.209664
-47.221184
-59.539931
-70.104940
-79.905476
-88.325739
-95.219272
-99.546909
-100.728614
-98.369973
-94.260148
-88.264431
-80.394064
-70.039715
-57.597331
-44.906991
-32.150405
-17.604998
-2.521958
12.716566
28.267929
43.218987
56.527172
67.466157
75.803484
82.308224
87.753194
92.420919
96.004690
96.965177
94.321966
90.786219
85.089207
75.366327
64.586060
53.561926
39.862224
23.735591
7.418735
-8.227995
-23.431608
-38.076639
-51.691192
-63.180753
-73.429687
-82.900524
-90.767486
-96.500942
-99.804742
-99.535499
-96.541303
-91.852801
-85.209097
-76.379946
-65.328734
-52.927051
-40.325608
-26.892424
-12.015275
2.971888
18.187761
33.481462
47.835282
60.395173
70.336376
77.826296
83.800554
88.803087
93.145541
96.181972
95.569747
92.256239
88.211128
81.023489
70.401771
59.813942
48.113040
33.348799
17.221485
1.060792
-14.261518
-29.228755
-43.442079
-56.135654
-66.994429
-76.934269
-85.580008
-92.757259
-97.622361
-99.594423
-97.948313
-94.225236
-88.817392
-81.411430
-71.669647
-59.897048
-47.447341
-34.917593
-20.765236
-5.825928
9.182692
24.293321
39.251362
53.038427
64.460891
73.128428
79.966954
85.476126
90.242795
94.150305
95.811060
93.727793
90.219975
85.264104
76.361895
65.596615
55.053064
42.103018
26.536669
10.326079
-5.272116
-20.429747
-35.076482
-48.670939
-60.409478
-70.662669
-80.235004
-88.373593
-94.506911
-98.190478
-98.802362
-96.147231
-91.681310
-85.394382
-77.116319
-66.606488
-54.419381
-42.013271
-29.037680
-14.450550
0.469514
15.500443
30.612946
45.021261
57.805777
68.097796
75.830051
81.806353
86.845670
91.418539
94.668525
94.571965
91.385841
87.781634
81.309250
71.125201
60.523067
49.534866
35.407543
19.404037
3.389290
-11.738539
-26.637997
-40.851321
-53.871359
-64.741373
-74.682236
-83.530119
-90.899127
-96.024275
-98.423617
-97.242594
-93.754360
-88.616099
-81.486361
-72.141886
-60.862984
-48.547302
-36.157881
-22.468056
-7.610662
7.095167
22.080115
37.013803
50.874778
62.450000
71.436678
78.344175
83.957911
88.670594
92.657464
94.841548
93.158484
89.632273
85.051911
76.758180
65.932274
55.521727
43.201106
27.927160
11.953967
-3.611360
-18.621172
-33.193486
-46.984638
-58.923789
-69.378785
-78.778267
-86.894546
-93.240738
-97.223180
-98.105839
-95.646892
-91.492108
-85.342441
-77.434778
-67.165068
-55.109773
-42.832068
-30.071735
-15.658821
-0.768730
14.050347
29.054540
43.497937
56.469100
66.984722
74.839251
80.992835
86.090905
90.452262
93.795742
94.130039
91.073002
87.421451
81.310613
71.293456
60.627120
49.906118
36.231450
20.480837
4.476139
-10.583741
-25.399412
-39.743866
-52.937269
-64.197779
-73.883193
-82.698209
-90.050868
-95.382418
-98.017114
-97.203255
-93.949863
-88.989564
-81.981761
-72.839260
-61.659302
-49.276863
-36.856788
-23.325511
-8.587837
6.122078
21.044186
35.965783
49.918549
61.946596
71.149213
78.200613
83.708423
88.452612
92.405932
94.827414
93.290976
89.590039
85.277387
77.492510
66.822086
56.204626
44.234650
29.301303
13.285535
-2.506801
-17.534665
-32.269614
-46.142680
-58.444568
-68.946225
-78.368698
-86.666346
-93.233756
-97.513199
-98.798445
-96.410854
-92.300858
-86.331367
-78.471218
-68.311351
-56.302888
-43.933051
-31.275920
-16.994306
-2.093826
12.758119
27.840137
42.553629
55.727618
66.614321
74.730260
80.995560
86.166518
90.695960
94.237157
95.156601
92.159510
88.405098
82.849264
73.254960
62.347821
51.569598
38.068635
22.300652
6.238222
-9.058033
-24.000577
-38.433245
-51.870176
-63.278845
-73.289190
-82.471541
-90.117455
-95.702921
-98.713466
-98.389387
-95.218931
-90.409517
-83.552769
-74.725492
-63.631024
-51.199027
-38.714920
-25.384426
-10.473728
4.325254
19.325699
34.549747
48.733950
60.995306
70.647682
77.985695
83.721536
88.453633
92.654909
95.446110
94.561747
90.895210
86.749792
79.498121
68.822759
57.975224
46.093464
31.406028
15.411547
-0.469855
-15.667336
-30.393260
-44.422831
-57.223865
-67.922047
-77.729736
-86.233616
-93.089002
-97.698825
-99.346638
-97.525801
-93.576568
-87.974242
-80.379418
-70.460524
-58.495658
-45.960801
-33.344371
-19.182989
-4.191910
10.691711
25.810174
40.721553
54.224219
65.513509
74.088403
80.700432
86.137567
90.841396
94.543525
95.968246
93.458380
89.756250
84.628889
75.449433
64.539228
53.792681
40.662800
25.008747
8.855888
-6.677083
-21.702903
-36.299910
-49.966233
-61.743430
-72.079216
-81.504413
-89.391811
-95.391444
-98.785673
-99.041632
-96.124581
-91.604165
-85.150685
-76.582943
-65.799611
-53.419897
-40.870053
-27.751752
-13.153383
1.817601
16.901323
32.040221
46.406814
59.095621
69.308111
76.932056
83.012240
87.980543
92.418534
95.665114
95.369305
91.930287
88.060583
81.460817
71.024384
60.224703
48.730884
34.446205
18.399784
2.317769
-12.994834
-27.886970
-42.044435
-55.127314
-66.137144
-76.042414
-84.766831
-92.108761
-97.229140
-99.638700
-98.165955
-94.550507
-89.458057
-82.234825
-72.596414
-60.946941
-48.373256
-35.801956
-21.909135
-6.944622
7.959264
23.149422
38.163151
52.028894
63.774075
72.698253
79.680511
85.212333
89.848893
93.845981
95.925842
94.253847
90.602296
85.972207
77.686310
66.860063
56.177718
43.539490
27.992896
11.717422
-4.006284
-19.124406
-33.772503
-47.417028
-59.551852
-70.104769
-79.764298
-87.992123
-94.518491
-98.384619
-99.271366
-96.828597
-92.472860
-86.330686
-78.254938
-67.801816
-55.654730
-43.220009
-30.269793
-15.609946
-0.804492
14.082364
29.241187
43.773651
56.883608
67.655189
75.780834
82.047326
87.214538
91.660704
95.229830
95.820427
92.900310
89.202949
83.266837
73.330232
62.414919
51.590034
37.737744
21.655560
5.335808
-10.012388
-24.970259
-39.320333
-52.662577
-63.923768
-73.878425
-82.956212
-90.621029
-96.090010
-98.949500
-98.425661
-95.250777
-90.325900
-83.240441
-74.185644
-62.965155
-50.484283
-37.966115
-24.431944
-9.611675
5.142859
20.277841
35.372121
49.507959
61.819213
71.293967
78.536442
84.198543
88.868652
92.922449
95.734256
94.732898
91.011694
86.773804
79.232795
68.641901
57.851587
45.891830
30.905690
14.607225
-1.372440
-16.579628
-31.424250
-45.184238
-57.758604
-68.367549
-78.173195
-86.597545
-93.460083
-97.986800
-99.602597
-97.543682
-93.553237
-87.793895
-80.037287
-69.971936
-57.993787
-45.361178
-32.657725
-18.365894
-3.369536
11.565685
26.718208
41.630609
55.214337
66.491876
74.971403
81.483126
86.775678
91.284684
95.066684
96.523421
94.013214
90.069430
84.955181
75.673887
64.522879
53.570100
40.387426
24.633918
8.163622
-7.435935
-22.504841
-37.213053
-50.993817
-62.821933
-73.025908

