33.770118
21.881376
8.979865
-3.974949
-17.921073
-31.491688
-43.436459
-53.773778
-62.439271
-68.817650
-73.525395
-77.851500
-81.234149
-82.622937
-81.957579
-78.810794
-73.836020
-66.914388
-58.311394
-48.581021
-37.568467
-26.197433
-14.391286
-1.536778
11.351449
23.386308
35.334315
46.911921
57.148763
65.968888
73.240144
79.763787
84.896599
86.611509
84.719488
79.772132
73.397500
66.243751
58.314289
50.138405
41.258676
30.372654
17.829623
4.850626
-8.286238
-22.627796
-35.778114
-47.049863
-56.651490
-64.692668
-70.381846
-74.940750
-78.987735
-81.813335
-82.617487
-81.281662
-77.276570
-71.716309
-64.151628
-55.243799
-44.959102
-33.722775
-22.328411
-10.314328
2.842631
15.411718
27.280876
39.223603
50.419058
60.233900
68.594558
75.397491
81.786598
85.804462
86.193255
82.990612
77.460323
70.757696
63.360589
55.255038
47.001839
37.571703
26.202202
13.349567
0.382321
-13.229336
-27.266570
-39.789336
-50.595488
-59.630701
-66.822086
-71.878774
-76.332092
-80.058575
-82.215922
-82.246746
-80.037117
-75.564895
-69.352729
-61.165946
-51.880223
-41.211843
-29.900074
-18.308163
-5.834614
7.189512
19.525460
31.472615
43.263265
53.858076
63.152313
70.865325
77.544791
83.383662
86.101634
85.442747
81.324918
75.343847
68.386623
60.701200
52.506242
43.948208
33.648355
21.727766
8.864232
-4.139117
-18.258946
-31.671354
-43.506282
-53.646564
-62.233210
-68.665402
-73.525735
-77.681201
-80.870901
-82.268034
-81.540516
-78.303984
-73.306731
-66.467183
-57.805095
-48.104525
-37.161112
-25.787694
-13.984101
-1.181364
11.626141
23.679393
35.509552
47.061443
57.143654
65.865346
73.019607
79.532181
84.668568
86.140462
83.962679
79.028947
72.629452
65.343380
57.269505
49.141986
40.276051
29.469899
17.094612
4.210983
-9.046282
-23.226908
-36.262274
-47.549009
-57.074002
-64.845937
-70.452009
-75.063365
-78.818968
-81.432206
-82.216944
-80.792052
-76.738937
-71.181059
-63.477755
-54.463148
-44.233969
-33.028296
-21.546738
-9.516988
3.468479
15.911204
27.800117
39.682559
50.767660
60.500758
68.730967
75.474977
81.765992
85.533176
85.823025
82.646949
77.025379
70.236581
62.717881
54.617098
46.346188
36.745582
25.248187
12.466397
-0.405482
-14.219625
-28.098481
-40.389981
-50.949199
-60.083696
-66.931759
-71.958985
-76.335158
-79.921995
-81.905637
-81.869704
-79.366820
-74.786459
-68.641560
-60.343913
-50.891978
-40.296316
-28.980119
-17.285347
-4.774162
8.146252
20.212957
32.081774
43.831893
54.350921
63.440970
71.076155
77.629941
83.385025
85.920266
84.940706
80.558232
74.411290
67.275252
59.522561
51.459926
43.009349
32.648700
20.655564
7.865599
-5.171299
-19.345113
-32.722269
-44.442415
-54.485968
-62.873704
-69.130829
-73.827846
-77.859163
-80.893721
-82.140991
-81.282854
-77.948741
-72.738613
-65.740347
-57.112489
-47.220673
-36.132676
-24.783441
-12.910877
-0.101158
12.634482
24.500745
36.276579
47.749451
57.839666
66.397531
73.465790
79.986198
84.852151
86.284535
83.958081
78.821182
72.310652
64.935684
56.793009
48.660891
39.656333
28.698955
16.332013
3.262077
-10.059220
-24.199486
-36.953517
-48.170771
-57.606186
-65.195050
-70.613452
-75.118031
-78.969172
-81.506457
-82.021611
-80.362729
-76.280151
-70.616007
-62.814951
-53.758962
-43.407679
-32.163518
-20.631892
-8.351633
4.539660
16.779048
28.796537
40.680511
51.670585
61.271191
69.417783
76.169627
82.139458
85.726295
85.891145
82.416705
76.596226
69.609880
61.980486
53.815671
45.553446
35.801615
24.252108
11.470829
-1.323223
-15.178238
-29.135602
-41.364942
-51.896742
-60.888869
-67.702191
-72.573083
-76.867342
-80.388103
-82.262584
-82.074404
-79.319136
-74.648857
-68.322931
-59.965508
-50.427232
-39.506469
-28.196573
-16.525132
-3.909724
9.029252
21.064111
33.020803
44.788803
55.294718
64.319883
71.860211
78.315054
83.818606
86.238384
85.036073
80.584969
74.383361
67.292963
59.356689
51.110302
42.511736
32.115323
19.978796
7.069792
-5.921636
-20.146370
-33.550433
-45.224769
-55.245161
-63.519308
-69.546359
-74.209145
-78.342642
-81.351655
-82.353864
-81.426927
-77.812842
-72.647163
-65.447262
-56.764739
-46.919755
-35.704034
-24.302517
-12.319769
0.465597
13.232061
25.096961
36.969015
48.332896
58.310202
66.912685
74.007852
80.510037
85.243838
86.552586
84.072181
78.832081
72.300604
64.936365
56.744644
48.559904
39.285081
28.142078
15.584912
2.735172
-10.850600
-24.966683
-37.668262
-48.620190
-58.013541
-65.597636
-70.905856
-75.670992
-79.548529
-81.974098
-82.256624
-80.356428
-76.106106
-70.405517
-62.528849
-53.210258
-42.759180
-31.739984
-20.261492
-7.983106
5.156824
17.628159
29.472794
41.328839
52.159514
61.659643
69.611413
76.491662
82.686458
85.871049
85.542543
81.903424
76.247113
69.276265
61.514207
53.488527
45.192242
35.401242
23.677008
11.008637
-1.794100
-15.752656
-29.541595
-41.702305
-51.953622
-60.741561
-67.440101
-72.379793
-76.647145
-80.108983
-81.794943
-81.484488
-78.607287
-73.877743
-67.258903
-58.921065
-49.459764
-38.629259
-27.427844
-15.881913
-3.279107
9.550708
21.501269
33.345563
44.903074
55.252654
64.178194
71.503605
77.910594
83.153759
85.324049
83.823545
79.184600
73.039872
66.113131
58.117594
50.010000
41.268894
30.674594
18.557991
5.720854
-7.274321
-21.344253
-34.382514
-45.603854
-55.348192
-63.341175
-68.936178
-73.639495
-77.662468
-80.478191
-81.293583
-79.958098
-76.265676
-70.997306
-63.605819
-54.886171
-44.922318
-33.971242
-22.648403
-10.717596
2.223764
14.424324
26.130676
38.042239
49.097708
58.673961
67.045348
73.945693
80.266510
84.245546
84.689174
81.800904
76.493195
69.871971
62.419517
54.435560
46.380418
36.933081
25.683982
13.214520
0.593492
-12.958220
-26.804890
-39.016690
-49.507448
-58.526312
-65.576860
-70.629120
-74.988944
-78.512771
-80.709117
-80.749478
-78.269584
-73.841470
-67.819868
-59.870141
-50.734111
-40.229559
-29.151099
-17.740726
-5.335297
7.491623
19.320250
30.938728
42.551926
52.987678
62.038728
69.466318
75.953177
81.746749
84.293229
83.161082
78.983307
73.243890
66.398552
58.690820
50.698178
42.440040
32.310486
20.409822
7.683720
-5.004406
-18.939461
-32.088927
-43.619871
-53.328787
-61.560699
-67.459856
-72.205237
-76.328005
-79.311814
-80.470358
-79.489265
-76.001883
-70.912838
-63.848155
-55.479492
-45.859303
-35.045998
-23.959535
-12.211459
0.434603
12.719120
24.345943
36.152772
47.243663
56.904725
65.307106
72.242532
78.495230
82.848924
83.897454
81.406832
76.281173
69.840636
62.706130
54.761853
46.810763
37.802117
26.811872
14.570441
2.007484
-11.271068
-25.118249
-37.549223
-48.119000
-57.314123
-64.367737
-69.393601
-73.821715
-77.558756
-79.842636
-80.146960
-78.081233
-73.669638
-67.905358
-60.080971
-51.099913
-40.889297
-29.931239
-18.657787
-6.469999
6.231240
18.090350
29.595239
41.235685
51.738364
60.778345
68.350009
74.742522
80.436468
83.454507
82.904100
79.077312
73.461533
66.736255
59.096643
51.034008
42.786769
32.762970
20.977940
8.267164
-4.200424
-17.842054
-31.109197
-42.737722
-52.764756
-60.940300
-66.988638
-71.625710
-75.786965
-78.859840
-80.108813
-79.431193
-76.173544
-71.087394
-64.238991
-55.905410
-46.458585
-35.684620
-24.518115
-12.959923
-0.366994
12.104000
23.742744
35.344362
46.505247
56.205818
64.707313
71.602379
77.898162
82.562821
84.035567
81.825938
76.813528
70.454563
63.348668
55.410010
47.271422
38.316250
27.503116
15.341725
2.687659
-10.354859
-24.284635
-36.888804
-47.740936
-57.076386
-64.409290
-69.641386
-74.008703
-77.785594
-80.203669
-80.411264
-78.579698
-74.331931
-68.631513
-60.848168
-51.943575
-41.864600
-30.872992
-19.560882
-7.525001
5.256789
17.261165
28.823444
40.428128
51.189150
60.487304
68.248510
74.845723
80.940553
84.279946
84.028414
80.231769
74.605601
67.851884
60.222830
52.162749
43.991464
34.117699
22.482361
9.791170
-2.863067
-16.564471
-30.146667
-42.055845
-52.127838
-60.613666
-67.045007
-71.802820
-75.981617
-79.252720
-80.882992
-80.420119
-77.421154
-72.444337
-65.791096
-57.406255
-47.949893
-37.222930
-26.091678
-14.455659
-1.969848
10.664633
22.535665
34.159763
45.451948
55.470126
64.223834
71.358510
77.635561
82.759176
84.576436
82.795790
77.950103
71.708305
64.734731
56.933165
48.794746
39.983307
29.472624
17.374754
4.568270
-8.586134
-22.592374
-35.495758
-46.794074
-56.231362
-64.009258
-69.416932
-73.878765
-77.816248
-80.475296
-81.244707
-79.663481
-75.683083
-70.126908
-62.518971
-53.600584
-43.576785
-32.624858
-21.362645
-9.385858
3.465584
15.770027
27.540241
39.289338
50.230367
59.614522
67.720413
74.474301
80.698218
84.426573
84.714038
81.501007
76.059614
69.461720
62.058142
54.008961
45.822859
36.213398
24.753298
12.082202
-0.685794
-14.303923
-28.153828
-40.334293
-50.722190
-59.661865
-66.513845
-71.389505
-75.790201
-79.212018
-81.136738
-80.943959
-78.326975
-73.628255
-67.214796
-59.022563
-49.743312
-39.150715
-28.092010
-16.769511
-4.276718
8.625984
20.550149
32.219546
43.776376
54.165636
63.132559
70.516212
76.912982
82.415172
84.865945
83.641495
79.215595
73.217324
66.367217
58.586768
50.467764
41.775874
31.463078
19.438607
6.574733
-6.341594
-20.280225
-33.322402
-44.817924
-54.591383
-62.762329
-68.529333
-73.315075
-77.535255
-80.627373
-81.410919
-80.253056
-76.765503
-71.525403
-64.162357
-55.478300
-45.661586
-34.773179
-23.549455
-11.686087
1.157522
13.696126
25.428704
37.199940
48.383474
57.973351
66.460882
73.330743
79.579013
83.959614
84.901197
82.337005
76.992852
70.434128
63.273566
55.411884
47.354187
38.170815
27.073111
14.558349
1.797335
-11.714697
-25.805235
-38.210835
-49.002171
-58.275631
-65.510273
-70.520639
-75.000184
-78.602689
-80.938339
-81.237214
-79.058579
-74.633871
-68.675791
-60.652324
-51.519871
-41.190045
-30.059133
-18.559183
-6.507635
6.277391
18.336092
29.963085
41.835649
52.679437
61.965500
69.601536
76.135397
81.926073
84.887062
84.255082
80.439704
74.652604
67.719221
60.049806
51.907982
43.801069
33.849478
22.080796
9.264435
-3.363064
-17.179080
-30.656031
-42.553970
-52.668537
-61.165946
-67.449297
-72.243895
-76.396465
-79.529115
-81.044095
-80.551590
-77.421325
-72.304521
-65.499033
-57.061229
-47.514268
-36.655494
-25.416272
-13.838836
-1.336336
11.362178
23.082324
34.771817
46.149663
56.122882
64.890044
71.953194
78.149523
83.024332
84.845168
82.976818
77.927794
71.531704
64.388343
56.636674
48.501492
39.717129
28.985228
16.673292
3.880092
-9.235655
-23.373536
-36.074093
-47.304801
-56.722505
-64.558642
-69.851194
-74.226686
-78.045130
-80.638783
-81.165859
-79.623461
-75.626033
-70.029157
-62.294517
-53.323507
-43.156317
-32.036304
-20.620142
-8.658171
4.195656
16.447646
28.114319
39.834636
50.787755
60.254846
68.299600
74.945688
80.918755
84.639277
84.890979
81.537792
75.811659
69.132192
61.616727
53.551538
45.356240
35.787140
24.322953
11.459589
-1.352685
-14.959914
-28.919833
-41.227681
-51.675354
-60.507911

