-58.892965
-49.609286
-38.967814
-27.788026
-16.219786
-3.650870
9.061268
20.950692
32.761438
44.372763
54.649115
63.500745
70.872307
77.159916
82.448380
84.661756
83.446332
79.015153
72.914532
65.920864
58.104140
50.077098
41.621072
31.352554
19.457170
6.698540
-6.304468
-20.327909
-33.639840
-45.002018
-54.692881
-62.739508
-68.687371
-73.298727
-77.292068
-80.210992
-81.356253
-80.222232
-76.564210
-71.182421
-63.966342
-55.198669
-45.113053
-34.152099
-22.856849
-11.131934
1.698903
14.141628
25.895323
37.511076
48.709597
58.402504
66.835540
73.604924
79.689877
84.007808
84.799188
82.104547
76.768058
70.291247
62.999385
54.766110
46.576602
37.409578
26.368414
13.922453
1.089914
-12.228489
-26.233537
-38.758005
-49.611500
-58.769499
-66.078561
-71.230616
-75.698410
-79.414334
-81.468310
-81.597226
-79.579694
-75.104747
-69.073268
-61.015231
-51.895210
-41.396107
-30.063902
-18.368789
-6.112031
6.809746
19.122873
30.942985
42.696851
53.434202
62.656573
70.522853
76.999835
82.785743
85.761888
85.402046
81.478528
75.416735
68.323442
60.560874
52.335262
44.004747
34.069504
22.423608
9.607928
-3.366641
-17.529726
-31.522853
-43.429817
-53.652355
-62.387841
-68.839959
-73.528971
-77.812842
-81.102337
-82.677943
-82.156488
-79.041890
-74.013812
-67.222118
-58.478287
-48.719985
-37.675585
-26.249886
-14.450039
-1.578331
11.403050
23.490531
35.314219
47.004393
57.425329
66.351720
73.583126
79.877206
85.069622
86.911406
85.252864
80.422844
73.976857
66.571917
58.431455
50.123078
41.462013
30.956098
18.679585
5.548000
-7.710797
-22.168500
-35.750866
-47.431844
-57.186059
-65.400771
-71.228743
-75.808764
-79.787459
-82.705362
-83.677769
-82.458598
-78.575100
-72.970220
-65.370628
-56.336437
-46.147278
-34.678323
-22.956644
-10.866778
2.202306
15.015262
27.082137
39.085320
50.651005
60.644320
69.275924
76.247794
82.420622
86.751665
87.509326
84.842954
79.335655
72.441442
64.901454
56.531600
48.079150
38.763455
27.443852
14.761175
1.685790
-12.055806
-26.391574
-39.314713
-50.556830
-60.081141
-67.775079
-73.057583
-77.609675
-81.410238
-83.779778
-84.071330
-82.064867
-77.589410
-71.517399
-63.338450
-54.009642
-43.463366
-31.951836
-20.022222
-7.367986
5.978346
18.528019
30.689750
42.830195
54.060561
63.704082
71.869578
78.599283
84.598405
87.991442
87.743827
84.069456
78.151396
71.119922
63.381706
55.004018
46.530962
36.505972
24.542127
11.489051
-1.654455
-15.788419
-30.009065
-42.487553
-53.188971
-62.263353
-69.339446
-74.427468
-78.994547
-82.614252
-84.512915
-84.377527
-81.502029
-76.580729
-70.037331
-61.527150
-51.871198
-40.787118
-29.106310
-17.192875
-4.195656
9.103673
21.515063
33.606802
45.604536
56.408303
65.786668
73.533569
80.291544
86.182526
88.657652
87.439333
82.990442
76.796327
69.627592
61.686039
53.351266
44.505085
33.892734
21.598169
8.353336
-4.859482
-19.330127
-33.111232
-45.212848
-55.464676
-63.957657
-70.272684
-75.271470
-79.710654
-83.030973
-84.362371
-83.508832
-80.079181
-74.806724
-67.713772
-58.920383
-49.125467
-37.895782
-26.166098
-14.076233
-0.913484
12.095485
24.371999
36.593505
48.247235
58.487654
67.492383
74.715785
81.280300
86.206709
87.700401
85.543735
80.511400
74.010406
66.706964
58.719260
50.481217
41.217293
30.205079
17.742770
4.746573
-8.746726
-23.235253
-36.318643
-47.792367
-57.485274
-65.499544
-71.252755
-76.021297
-80.179487
-83.122253
-83.834103
-82.190037
-78.227350
-72.668280
-64.901624
-55.917331
-45.525517
-34.255130
-22.635119
-10.259322
2.935614
15.612670
27.528150
39.694139
50.955500
60.769830
69.206953
76.203176
82.681860
86.566891
86.875813
83.676747
78.228371
71.647508
64.216171
56.032794
47.780957
38.066762
26.558808
13.621875
0.774349
-13.029575
-27.229105
-39.713723
-50.382784
-59.643814
-66.988298
-72.228227
-76.666219
-80.411094
-82.605907
-82.887581
-80.606427
-76.032196
-69.833313
-61.529194
-52.437271
-41.712523
-30.310324
-18.720286
-6.050042
6.997074
19.267457
31.203713
42.994704
53.555114
62.928370
70.848976
77.472244
83.446332
86.235319
85.362707
81.309421
75.419119
68.552835
60.822453
52.778210
44.232777
33.903633
21.957840
9.184054
-3.900698
-17.881564
-31.375885
-43.149846
-53.272588
-61.841011
-67.896332
-72.946038
-77.260733
-80.591610
-82.106761
-81.433228
-78.220027
-73.277950
-66.412347
-57.789598
-48.195124
-37.399360
-26.192835
-14.163426
-1.314538
11.148793
23.057461
34.998485
46.488047
56.385313
65.269130
72.549582
79.060623
83.972897
85.288797
83.222900
78.415360
72.144781
65.006869
57.308674
49.459594
40.164505
29.181072
16.804763
4.225629
-8.738722
-22.955792
-35.764830
-46.872241
-56.197303
-63.829763
-69.330250
-74.131659
-77.982119
-80.648490
-81.455537
-79.831736
-75.788328
-70.150069
-62.476056
-53.602798
-43.512583
-32.612596
-21.239860
-9.079150
3.860337
16.174487
27.770655
39.405482
50.226450
59.699672
67.768097
74.344022
80.501352
84.252528
84.377527
80.973421
75.290033
68.857500
61.492239
53.547110
45.407329
35.852024
24.381706
11.705501
-1.023156
-14.718090
-28.231655
-40.347065
-50.806999
-59.543507
-66.183124
-71.019445
-75.393404
-78.890664
-80.799716
-80.687829
-78.033890
-73.386260
-66.861425
-58.602776
-49.317905
-38.718666
-27.637993
-16.160522
-3.636224
8.936269
20.820924
32.539027
44.062819
54.176876
63.112804
70.491007
76.745408
81.987551
84.335804
83.113398
78.709466
72.634390
65.637316
57.857718
49.828802
41.287627
30.705248
18.678904
6.039824
-6.831033
-20.805768
-33.668109
-45.025519
-54.738181
-62.742404
-68.374361
-72.865997
-76.866831
-79.800912
-80.726487
-79.610007
-75.914349
-70.593016
-63.404185
-54.691519
-44.717789
-33.810309
-22.574323
-10.681152
2.121925
14.452934
26.161160
37.781170
48.879044
58.437586
66.666603
73.466131
79.458441
83.657844
84.264108
81.347568
75.975997
69.538014
62.281745
54.281439
46.205350
36.979914
25.740521
13.151339
0.466279
-12.860468
-26.611771
-38.875001
-49.507277
-58.444398
-65.484728
-70.450306
-74.862412
-78.590087
-80.704689
-80.811637
-78.601667
-74.031694
-67.887306
-59.834038
-50.751652
-40.203163
-29.025418
-17.689296
-5.392177
7.445472
19.423621
31.197582
42.775358
53.198678
62.239681
69.858347
76.351677
82.066911
84.824392
84.021773
79.745906
73.674917
66.754307
59.114354
50.992455
42.673349
32.532385
20.658459
8.022955
-4.771607
-18.775293
-32.120092
-43.706042
-53.630045
-62.005179
-67.908764
-72.520631
-76.659918
-79.833269
-81.072024
-80.264636
-76.921838
-71.879796
-64.884765
-56.258099
-46.621220
-35.607644
-24.486780
-12.892655
-0.160081
12.402194
24.116380
35.980940
47.368152
57.130882
65.557786
72.459493
78.786612
83.500828
84.735666
82.385540
77.206918
70.853574
63.797746
55.848701
47.795773
38.898672
28.027807
15.504530
2.782515
-10.414124
-24.448122
-37.173714
-48.023292
-57.193041
-64.621483
-69.885765
-74.335507
-78.077487
-80.548014
-80.934422
-79.108136
-74.965784
-69.123847
-61.340673
-52.390099
-42.004756
-30.898196
-19.673279
-7.624967
5.214214
17.423630
29.163531
40.942601
51.608086
60.904026
68.670000
75.298548
81.368685
84.509168
84.118843
80.447538
74.699606
67.915916
60.416460
52.415643
44.108289
34.313543
22.791283
10.197503
-2.555336
-16.320433
-29.854604
-41.747093
-51.872901
-60.406412
-66.729784
-71.450472
-75.631142
-79.027925
-80.644403
-80.163479
-77.239275
-72.668791
-65.990857
-57.520185
-47.945125
-37.281684
-26.216166
-14.696462
-2.171312
10.365929
22.156068
33.852713
45.296124
55.234262
63.916785
71.105616
77.567271
82.626343
84.329503
82.505430
77.778782
71.681227
64.558472
56.719780
48.865250
40.157693
29.455423
17.408303
4.770756
-8.255754
-22.176334
-35.118376
-46.126161
-55.462973
-63.096285
-68.574292
-72.994913
-76.948234
-79.474960
-80.295801
-78.850303
-75.057745
-69.683450
-62.210560
-53.399290
-43.276719
-32.342672
-21.125930
-9.286233
3.436634
15.583379
27.121476
38.746425
49.668891
59.152842
67.212241
73.835339
79.955544
83.651032
83.588873
80.199412
74.773686
68.229096
60.879844
52.976949
45.090743
35.577672
24.112122
11.635167
-1.072373
-14.677899
-28.138842
-39.985691
-50.240585
-58.849539
-65.330778
-70.285627
-74.681044
-78.069653
-79.840592
-79.657350
-76.974801
-72.431564
-66.042628
-57.853120
-48.612016
-38.165876
-27.229616
-15.760490
-3.481082
8.979014
20.713125
32.332795
43.663638
53.690842
62.496151
69.696733
75.964757
81.165688
83.288465
81.796135
77.269418
71.303334
64.507382
56.774616
49.060413
40.545634
29.967172
18.019506
5.514111
-7.369689
-21.214315
-33.838919
-44.763429
-54.169382
-61.857189
-67.438739
-71.943658
-75.817278
-78.547852
-79.438346
-78.071015
-74.208294
-68.989141
-61.666795
-53.115743
-43.272121
-32.522508
-21.531071
-9.727478
2.866473
14.820780
26.164055
37.595374
48.361506
57.712623
65.831287
72.318486
78.120572
81.979547
82.333088
79.414845
74.061155
67.456279
60.242074
52.308696
44.436455
35.120760
23.984058
11.479684
-0.826631
-14.304774
-27.659450
-39.630277
-49.785546
-58.347498
-64.923593
-69.629465
-73.812008
-77.285767
-78.990970
-78.768730
-76.237917
-71.685995
-65.370287
-57.327577
-48.180819
-37.807567
-26.817833
-15.593256
-3.369195
9.031296
20.634106
32.180037
43.488571
53.585087
62.364170
69.466829
75.662647
80.744369
82.803283
81.347908
76.740640
70.683786
63.830273
56.207010
48.502684
40.086337
29.801811
18.004520
5.449057
-7.422822
-21.116904
-33.729758
-44.961997
-54.210084
-61.798266
-67.206281
-71.639333
-75.550079
-78.337022
-79.153436
-77.717985
-73.896817
-68.710532
-61.328581
-52.714178
-42.848246
-32.037837
-21.065984
-9.371553
3.170967
15.116930
26.481492
38.074766
48.852648
58.016096
65.861770
72.365318
78.323398
82.093307
82.571677
79.503570
74.091128
67.540918
60.248545
52.372387
44.300386
34.976346
23.715155
11.272090
-1.159395
-14.452423
-28.020825
-40.016685
-50.073862
-58.634962
-65.141405
-69.893939
-74.112586
-77.472925
-79.172339
-78.938689
-76.250178
-71.637801
-65.328905
-57.345629
-48.274994
-37.676777
-26.642425
-15.353305
-3.185953
9.429795
20.987647
32.446555
43.688161
53.718090
62.466179
69.542442
75.684445
80.902406
82.913297
81.509011
77.038492
70.897170
63.936199
56.262697
48.227651
39.755617
29.598645
17.674480
5.203996
-7.724251
-21.515744
-34.349646
-45.483794
-54.832016
-62.555245
-67.954915
-72.369746
-76.260396
-78.990800
-79.731430
-78.253916
-74.463402
-69.185325
-61.796052
-53.033148
-43.217114
-32.420329
-21.225384
-9.435245
3.246069
15.288762
26.830094
38.471222
49.420936
58.783974
66.825322
73.333638
79.390662
83.168234
83.384173
80.327136
74.845893
68.218367
60.800825
52.763053
44.798340
35.478558
24.393456
11.976106
-0.615971
-14.123576
-27.972460
-40.089233
-50.451245
-59.181452
-65.866198
-70.720400
-74.915545
-78.297683
-80.230577
-80.198560
-77.496086
-72.838579
-66.551481
-58.453253
-49.147095
-38.547005
-27.440275
-16.106878
-3.842286
8.866617
20.770686
32.387120

