-1.568624
-1.558406
0.114782
-1.704863
-1.247610
0.972407
-0.082425
0.120912
2.714055
2.290692
0.272478
-0.449078
-1.227345
-2.006633
0.590767
-0.060626
-1.843827
0.407696
-0.702143
-1.952818
0.484671
0.725303
-0.238589
2.519063
2.846207
1.207420
-0.251191
-0.964063
-2.563851
-1.088381
0.166212
-2.589566
-0.729220
0.056028
-1.927444
-0.409910
1.154116
-0.582082
1.040356
3.015144
2.224956
1.453672
0.271286
-1.282862
-1.164164
0.786952
-2.045121
-2.406154
0.026737
-1.557214
-1.053640
1.790183
0.572715
0.529289
3.059421
2.423184
1.328332
0.550066
-0.124999
-0.878402
0.457934
-0.179325
-2.657516
-0.910418
-1.447712
-2.959626
0.087193
1.073565
-0.252724
2.460309
3.500325
1.843487
0.556537
-0.323227
-1.009362
0.144414
0.740630
-1.926933
-0.931365
-0.220707
-2.992664
-1.710994
0.889472
-0.667572
1.077482
3.849098
2.552611
0.885214
-0.142029
-1.341445
-1.327821
0.558070
-1.088721
-1.904283
-0.150885
-1.651900
-2.290521
0.162636
-0.560454
-0.953504
2.712863
3.161430
1.504932
0.880616
0.177622
-1.118013
0.549044
0.069993
-2.112218
-0.423704
-0.966617
-2.393041
-0.275884
0.527927
-1.567262
0.745739
2.758503
1.093830
0.124318
0.146457
-1.109838
-0.427280
1.072884
-1.645258
-0.978538
0.022650
-1.952818
-1.262426
0.855412
-0.665699
-0.177792
2.699920
1.699924
-0.107799
-0.203337
-0.926597
-1.433066
1.148667
-0.401054
-1.898152
0.135217
-1.188517
-1.620735
0.725814
0.315905
-0.551769
2.414329
2.604042
0.381640
-0.599623
-0.901222
-2.059596
0.047854
0.577654
-2.270426
-0.429153
-0.412975
-2.244370
-0.353200
0.952653
-0.520093
1.426084
2.912113
1.431363
-0.077486
-0.683069
-2.065897
-1.537970
0.832762
-1.804488
-1.418080
0.544105
-1.655817
-1.132488
1.103197
-0.270605
0.475304
2.983638
2.331734
1.012938
-0.290871
-1.387256
-2.104214
0.192949
-1.023497
-2.522298
0.069482
-0.842980
-1.915012
0.761577
0.701121
-0.543594
2.406325
2.723251
1.651730
0.742333
-0.331572
-1.659223
-0.274352
0.392028
-2.901895
-1.371588
-0.572205
-2.454349
-0.429835
1.635381
-0.134025
1.511574
3.414154
1.909392
0.662804
-0.213044
-0.981092
-0.811475
0.762088
-1.573733
-1.977852
-0.317267
-2.416883
-2.242667
0.815051
0.166382
0.235694
3.592116
3.174203
1.202141
0.133174
-0.812496
-1.273496
0.662633
-0.568288
-2.595186
-0.288657
-1.150710
-2.825601
-0.389985
0.244209
-1.176085
1.764468
3.223760
1.621587
0.461340
-0.149693
-1.306534
-0.261750
0.608819
-1.799038
-1.014130
-0.490120
-2.292395
-1.122270
0.509705
-1.273155
0.280142
2.956731
1.897131
0.542573
0.113930
-0.937666
-1.020602
1.165015
-0.970023
-1.705885
-0.014986
-1.759699
-2.060958
0.715937
-0.124999
-0.833614
2.474104
2.671821
0.729050
0.070504
-0.412464
-1.717125
0.337703
0.161614
-2.377885
-0.211000
-0.682899
-2.241646
-0.331742
0.537123
-1.030990
1.154797
2.585479
0.976494
-0.067268
-0.199080
-1.378400
-0.510727
1.229899
-1.656669
-1.197883
0.059605
-2.010209
-1.009021
1.020772
-0.561305
0.256641
2.931527
1.770939
-0.149012
-0.663315
-1.634530
-1.945836
0.842639
-0.670127
-1.810449
0.340257
-1.165526
-1.893384
0.602518
0.208276
-0.373977
2.415010
2.634355
0.980241
-0.212022
-0.927448
-2.416202
-0.320673
0.161954
-2.376011
-0.197547
0.016860
-1.864604
-0.046151
1.114437
-0.599282
1.408884
2.853870
1.787118
0.628574
-0.550577
-1.777411
-1.259872
0.556537
-2.233471
-1.990455
0.044618
-1.703160
-1.071010
1.417228
0.004939
0.427450
2.993005
2.184936
1.029968
0.186137
-0.576632
-1.351493
0.554664
-0.628744
-2.826112
-0.646796
-1.378570
-2.364091
0.625338
1.018558
-0.129938
2.582754
3.027916
1.424381
0.230074
-0.827142
-1.444817
-0.157356
0.303984
-2.370221
-1.172679
-0.653437
-3.020082
-1.334463
0.673873
-0.715767
1.168251
3.490959
2.161775
0.649009
-0.439031
-1.294953
-1.290355
0.771965
-1.320498
-1.863582
0.202315
-1.904283
-2.135038
0.708784
-0.246423
-0.369038
3.068788
2.903257
1.426254
0.321014
-0.643049
-1.558065
0.183582
-0.455039
-2.381291
-0.599623
-1.131296
-2.438000
-0.181879
0.317948
-1.274177
1.392365
2.897126
1.451799
0.728880
0.152077
-1.108987
-0.285421
0.756127
-2.104214
-1.493011
-0.410080
-2.552952
-1.553638
0.784567
-0.965255
-0.112908
2.799204
1.857621
0.229222
-0.149693
-0.959805
-1.140322
1.148667
-0.796488
-1.917396
-0.030143
-1.513277
-2.035073
0.480924
-0.028951
-0.733478
2.351318
2.576624
0.496251
-0.120912
-0.646114
-1.655817
0.510556
0.635896
-1.956054
-0.342471
-0.561646
-2.364261
-0.285932
0.803130
-0.702994
1.351322
2.911602
1.322712
-0.196866
-0.662122
-1.937492
-1.229048
0.888109
-1.648664
-1.273155
0.183412
-1.897131
-1.435620
0.792912
-0.560454
0.090599
2.809593
2.140829
0.703846
-0.025204
-1.097407
-1.901388
0.449419
-0.747613
-2.302783
0.281504
-0.669786
-1.446179
0.881127
0.633001
-0.618526
1.875673
2.503906
1.178810
0.194481
-0.660760
-1.813514
-0.257833
0.224624
-2.702645
-1.024178
-0.343323
-2.331223
-0.407355
1.319817
-0.391858
1.367671
3.112214
1.798698
0.358650
-0.461681
-1.294102
-1.185451
0.871761
-1.290355
-1.941749
-0.097581
-1.947539
-1.844338
0.987394
0.091451
0.228201
3.085307
2.633333
1.257658
0.049557
-0.836338
-1.649346
0.308241
-0.513111
-2.573729
-0.506980
-1.129763
-2.624818
0.113419
0.906161
-0.571694
2.184084
3.294434
1.664332
0.514303
-0.303643
-1.370055
-0.321524
0.434773
-2.354213
-1.424381
-0.525883
-2.633504
-1.602173
0.835657
-0.828675
0.680174
3.421818
2.361536
0.866822
0.112057
-0.939710
-1.096896
0.987223
-0.722238
-1.528263
-0.010218
-1.689536
-2.105747
0.438350
-0.427450
-0.933409
2.497435
2.823046
1.316922
0.440734
-0.422001
-1.444817
0.216280
-0.079870
-2.193110
-0.455039
-0.623465
-2.400705
-0.364951
0.734840
-1.199245
0.956569
2.684082
1.095193
0.143221
-0.164849
-1.428979
-0.727347
0.809090
-1.760892
-1.526220
-0.272989
-2.144064
-1.380614
0.964403
-0.406163
0.147820
2.969503
2.086163
0.420468
0.003406
-0.688689
-1.300233
1.098088
-0.467300
-2.026388
0.023842
-1.337528
-2.361025
0.191927
0.104564
-0.928640
1.965080
2.460820
0.676087
-0.360523
-0.866481
-2.103192
-0.224454
0.613928
-2.086163
-0.561987
0.010388
-2.080713
-0.570502
0.909397
-0.677109
1.146282
3.012759
1.847403
0.476326
-0.309433
-1.607622
-1.350130
0.782013
-1.601492
-1.536097
0.316586
-1.493522
-1.246418
1.387426
0.154802
0.363929
2.827985
2.337694
0.955037
-0.273841
-1.119035
-2.035413
0.168255
-0.685624
-2.803632
-0.449760
-0.893899
-2.275535
0.232628
0.878572
-0.420638
2.160413
2.772638
1.528604
0.564541
-0.202145
-1.405307
-0.287635
0.775031
-2.195324
-1.376527
-0.313180
-2.400364
-0.891004
1.227345
-0.264645
1.171998
3.378902
2.313341
0.988415
-0.060456
-1.037972
-1.001528
0.747102
-1.254933
-2.052273
-0.057731
-1.997266
-2.514465
0.608478
0.000170
-0.284740
2.902235
2.874817
1.418250
0.198569
-0.713382
-1.493692
0.203848
-0.029121
-2.258165
-0.552450
-0.881978
-2.576964
-0.429153
0.633172
-0.829697
1.622438
3.333773
1.906838
0.755617
0.114952
-1.230240
-0.619037
0.770262
-1.735006
-1.390321
-0.384195
-2.412796
-1.574414
0.881638
-0.815732
-0.037295
2.989258
2.170120
0.799383
0.250340
-0.529970
-1.012087
0.899690
-0.741652
-2.003397
-0.184945
-1.446009
-2.234323
0.179665
0.124148
-0.972748
1.972573
2.700261
0.872612
-0.001533
-0.215088
-1.329354
0.372955
0.880786
-1.815557
-0.454187
-0.385557
-2.207075
-0.541891
0.868865
-0.799724
1.096725
3.149850
1.444306
-0.013624
-0.287976
-1.491989
-1.063347
1.194988
-1.088211
-1.151051
0.154291
-1.769236
-1.643215
0.839233
-0.268561
0.052793
2.661773
2.144745
0.511578
-0.252553
-1.210315
-2.176591
0.428132
-0.405141
-2.127034
0.211341
-0.594854
-1.902410
0.423023
0.522988
-0.585318
2.032178
2.787113
1.611710
0.422001
-0.414678
-1.731770
-0.530652
0.409228
-2.559594
-1.127209
-0.012772
-1.954351
-0.397818
1.301255
-0.604732
0.804152
2.763101
1.680170
0.535420
-0.294277
-1.371758
-1.352685
0.849962
-1.424551
-2.108983
-0.110183
-1.804658
-1.658031
1.351493
0.516176
0.312669
3.063508
2.686296
1.218660
0.164509
-0.758512
-1.312835
0.566925
0.056369
-2.301420
-0.273160
-0.910589
-2.715417
-0.037295
0.930514
-0.322376
2.322367
3.413303
1.860516
0.575781
-0.626019
-1.815728
-0.834635
0.443288
-2.239602
-1.446520
-0.344685
-2.511910
-1.442943
0.835657
-0.769070
0.480413
3.396613
2.496243
1.320839
0.526735
-0.677449
-0.883511
0.808580
-1.131977
-2.051251
-0.120912
-1.569135
-2.071176
0.695501
0.209297
-0.503574
2.616474
2.820492
1.171827
0.348943
-0.400714
-1.260723
0.431367
0.236375
-2.118008
-0.719002
-0.893388
-2.833945
-0.757490
0.465597
-1.319136
1.229729
3.169434
1.352004
0.391517
-0.003406
-1.370226
-0.584296
1.131466
-1.203844
-0.963552
0.114100
-1.984835
-1.311983
0.885895
-0.578676
-0.071185
3.017698
2.259697
0.591789
0.058753
-0.853028
-1.506465
0.858477
-0.588042
-2.058574
0.206062
-1.011065
-2.013615
0.410250
0.212363
-1.020261
1.844849
2.322027
0.742844
-0.036785
-0.383513
-1.526560
0.143051
0.552280
-2.250842
-0.851836
-0.563008
-2.102000
-0.370230
0.869376
-0.608478
1.115799
2.959967
1.405478
0.010559
-0.427280
-1.524176
-0.940221
1.337188
-1.090084
-1.319987
0.415019
-1.550061
-1.420804
1.027584
-0.077997
0.135217
2.784388
2.201455
0.543083
-0.629255
-1.433747
-2.249479
0.085660
-0.735010
-2.420800
-0.070163
-0.885555
-2.112048
0.484160
0.817095
-0.397478
2.447367
2.987044
1.680681
0.642879
-0.493016
-1.999991
-0.625508
0.436306
-2.482959
-1.095533
0.009196
-1.901048
-0.461510
1.411438
-0.142540
1.403775
3.355912
2.320153
1.368182
0.397648
-0.602518
-0.806536
0.721897
-1.514980
-2.301420
-0.299897
-1.980407
-1.937151
1.046998
0.314542
0.199250
3.116471
2.719504
1.471554
0.540359
-0.399351
-1.030990
0.538656
-0.089918
-2.251182
-0.547000
-1.166207
-2.839565
-0.279290
0.845875
-0.511238
2.317939
3.564869
1.910925
0.670808
-0.167745
-1.155990
0.050749
0.833954
-1.832928
-1.013960
-0.261920
-2.607277
-1.729386
0.672000
-0.886236
0.412124
3.430673
2.407687
0.800235
-0.051430
-1.082931
-1.341275
0.714404
-0.826120
-1.586335
0.041042
-1.609836
-2.064705
0.375339
-0.360693
-0.986201
2.373627
2.772297

