-1.123803
-1.849617
-2.043247
-0.774520
0.055007
1.339402
1.708610
0.740971
-1.294443
-0.879765
-0.001873
-0.401224
0.007153
-0.313691
-1.249143
-1.119546
-1.261405
-1.860346
-0.997952
-0.103712
0.803641
1.574074
1.165015
-0.477859
-0.930003
0.721046
0.339065
0.375169
0.245912
-1.053980
-1.494374
-1.409905
-1.773494
-1.382828
-0.165020
0.759023
1.626696
1.309259
-0.225816
-1.706736
-0.137261
0.573567
0.545468
1.029117
-0.172002
-1.442943
-1.769236
-2.299036
-2.384867
-0.934771
0.274011
1.498290
1.748800
0.850133
-1.331738
-1.079185
0.173535
-0.132322
0.758001
0.477007
-0.770092
-1.040527
-1.532010
-2.365453
-1.517875
-0.640494
0.710998
1.719509
1.385893
-0.415359
-1.171827
0.530141
0.129087
0.262771
0.493526
-0.469174
-1.084464
-1.109838
-2.027239
-1.880271
-0.990289
-0.199590
1.264129
1.356091
0.367165
-1.328332
-0.109502
0.408036
0.086512
0.456231
-0.277758
-1.126017
-1.050064
-1.331738
-1.736879
-0.684432
-0.047173
1.032012
1.361881
0.873634
-0.958954
-0.577484
0.965595
0.564882
0.887428
0.411783
-0.887769
-1.439367
-1.455716
-2.027239
-1.158203
-0.137091
0.608989
1.295635
0.665528
-1.083442
-1.856259
0.021628
0.373806
0.569991
0.695160
-0.434944
-1.310791
-1.479387
-2.008166
-1.637425
-0.287465
0.537634
1.607793
1.349619
-0.043937
-2.058915
-0.943797
0.180858
0.293766
0.999144
0.409228
-0.795977
-1.035418
-1.702820
-2.143894
-0.892878
0.185626
1.472746
2.141339
1.434769
-0.744888
-1.263959
-0.016519
-0.424044
0.209468
0.412464
-0.717470
-1.212018
-1.438856
-2.232279
-1.696518
-0.586169
0.415189
1.613072
1.489946
0.050919
-1.115969
0.278269
0.390666
0.226668
0.501531
-0.431708
-0.996079
-1.040356
-1.557044
-1.492841
-0.421320
0.434433
1.389810
1.551424
0.606775
-1.251868
-0.371422
0.744717
0.301259
0.864267
0.038658
-1.271623
-1.491138
-1.560960
-2.029453
-1.015152
-0.069652
1.035077
1.642363
0.935963
-0.945330
-1.455886
0.247615
0.036955
0.534569
0.578335
-0.648328
-1.322712
-1.572030
-2.134357
-1.657009
-0.367335
0.758512
1.918418
1.831566
0.335659
-1.377208
-0.051771
0.231947
0.096900
0.682218
-0.255789
-0.932387
-1.070670
-1.855918
-2.151387
-0.954356
-0.081233
1.183578
1.480579
0.724282
-1.231602
-0.663144
0.349454
0.014816
0.529630
0.113419
-1.042741
-1.332419
-1.310451
-2.109664
-1.231432
-0.170299
0.979730
1.597915
1.278434
-0.517879
-1.158885
0.645944
0.643390
0.799554
0.917401
-0.255959
-1.018899
-1.037632
-1.752206
-1.307896
-0.363929
0.186648
1.224109
1.069989
0.005620
-1.809938
-0.399862
0.365802
0.239440
0.748294
-0.118869
-1.181194
-1.452480
-1.775197
-2.029112
-0.665699
0.241143
1.346554
1.388788
0.668083
-1.295975
-0.966617
0.610352
0.371081
0.727177
0.434944
-0.750167
-1.277072
-1.633848
-2.237558
-1.337017
-0.061989
1.073565
1.997777
1.376697
-0.643049
-1.940727
-0.222751
0.105415
0.369889
0.723430
-0.287294
-1.054491
-1.203333
-2.055168
-2.019405
-0.893729
0.135047
1.540865
1.678296
0.539337
-1.404115
-0.513451
0.226157
-0.043086
0.496081
0.039509
-0.832762
-0.900200
-1.093660
-1.558747
-0.550066
0.216280
1.180513
1.715762
1.148326
-0.684432
-0.667913
0.788144
0.241143
0.464916
0.242335
-0.943967
-1.383339
-1.394408
-1.967294
-1.194647
-0.053644
0.743355
1.572541
1.245056
-0.422341
-1.692261
0.035592
0.369038
0.368868
0.779118
-0.480413
-1.354728
-1.541376
-2.170801
-2.011572
-0.499317
0.396456
1.570157
1.657179
0.483649
-1.478195
-0.717810
0.430516
0.304324
1.276221
0.594343
-0.724622
-1.215935
-1.711845
-2.351659
-1.167059
-0.137261
1.268557
2.025196
1.495055
-0.559262
-1.233135
0.328847
0.095538
0.414678
0.639643
-0.514984
-1.033885
-1.130445
-2.166714
-1.788821
-0.630277
0.177792
1.304490
1.401050
0.210149
-1.306364
0.041723
0.446694
0.131641
0.679663
-0.407866
-1.101834
-0.973088
-1.420294
-1.686130
-0.675235
0.094005
1.279116
1.575606
0.867503
-0.988926
-0.452144
0.830548
0.355073
0.803130
0.293766
-0.989778
-1.447541
-1.588549
-2.200603
-1.183408
-0.356436
0.569650
1.347406
0.920807
-0.858137
-1.575777
0.259536
0.336340
0.628403
0.792571
-0.517368
-1.355921
-1.496077
-2.334969
-1.893554
-0.394753
0.409910
1.431193
1.387256
0.165531
-1.678978
-0.232288
0.509535
0.292914
0.973088
0.211511
-0.844002
-0.934090
-1.290185
-1.982280
-0.859329
0.106267
1.437834
1.730067
0.868865
-1.269579
-1.383339
0.037125
-0.106437
0.474794
0.597920
-0.502212
-1.025370
-1.259361
-2.106598
-1.455205
-0.505958
0.566414
1.731770
1.666205
0.185115
-1.280137
0.186648
0.216109
0.147479
0.469855
-0.468493
-1.159566
-1.170465
-1.712016
-1.726832
-0.474283
0.176259
1.259020
1.349790
0.345196
-1.332419
-0.380789
0.678301
0.322887
0.755957
0.078167
-1.214061
-1.428298
-1.594169
-1.936129
-0.838212
0.208787
1.223598
1.748800
0.888280
-1.247099
-1.538992
0.192608
0.067438
0.574248
0.597920
-0.691754
-1.470191
-1.539333
-2.195665
-1.627377
-0.365462
0.585829
1.746586
1.559939
0.137942
-1.664843
-0.174556
0.124318
-0.009707
0.741822
-0.149693
-1.032352
-1.055343
-1.716273
-2.027750
-0.856263
-0.089748
1.327140
1.714230
1.000847
-0.955207
-0.519242
0.721387
0.104904
0.694820
0.259706
-0.682558
-1.223939
-1.438516
-2.251012
-1.285076
-0.388282
0.743866
1.680340
1.212018
-0.478710
-1.375846
0.322376
0.134196
0.319140
0.514133
-0.533036
-1.237903
-1.280989
-1.931872
-1.812662
-0.466790
0.215428
1.534394
1.394919
0.451122
-1.304320
-0.037636
0.607797
0.327655
0.864608
-0.053644
-1.059771
-1.160928
-1.496587
-1.998799
-0.743185
-0.107629
0.900030
1.250676
0.602518
-1.239266
-1.126528
0.566244
0.197206
0.671319
0.447375
-0.822033
-1.435791
-1.442943
-2.188512
-1.217467
-0.015327
0.774009
1.643215
1.239095
-0.404290
-1.744883
-0.037125
0.386238
0.515665
0.902925
-0.106267
-1.136746
-1.145601
-1.971040
-2.023663
-0.614098
0.264474
1.596723
1.786947
0.477178
-1.500675
-0.749826
0.253064
0.061648
0.871761
0.248977
-0.881297
-1.274007
-1.466274
-2.166033
-1.254252
-0.254086
0.841107
1.593317
1.077993
-0.794956
-1.217467
0.391347
0.127384
0.518390
0.487055
-0.593322
-1.097577
-1.223258
-1.943622
-1.301425
-0.268221
0.437157
1.427276
1.278264
-0.144414
-1.656328
-0.180517
0.200101
0.066417
0.530481
-0.529289
-1.471724
-1.490627
-1.811981
-1.997266
-0.535250
0.395775
1.721042
1.805850
0.846386
-1.346384
-0.805514
0.433752
-0.061478
0.806195
0.291211
-0.901052
-1.438856
-1.606430
-2.265147
-1.244545
-0.234331
0.991992
1.944474
1.409394
-0.394923
-1.455545
0.240973
0.069993
0.537804
0.690903
-0.399351
-1.051085
-1.342467
-2.231598
-2.017362
-0.805514
0.117677
1.322201
1.467637
0.389814
-1.300573
-0.059775
0.419106
-0.015838
0.599112
-0.104393
-1.063687
-0.968490
-1.350982
-1.977512
-0.916549
-0.159400
1.073905
1.410757
0.858647
-1.090084
-0.839915
0.732286
0.212193
0.699077
0.302110
-0.911781
-1.334633
-1.374143
-1.965761
-1.263108
-0.301940
0.551939
1.488243
1.093490
-0.508342
-1.691239
0.093664
0.191927
0.419446
0.657013
-0.491142
-1.312154
-1.457248
-2.201285
-1.998799
-0.597409
0.083276
1.398666
1.414674
0.312158
-1.521621
-0.524521
0.593492
0.381299
1.094682
0.390155
-0.728539
-1.125676
-1.427446
-2.115113
-0.835317
0.075783
1.235008
1.867328
1.029287
-1.010724
-1.295635
0.402927
0.159570
0.624316
0.541380
-0.556878
-1.171657
-1.314708
-2.187831
-1.573563
-0.485522
0.343493
1.595872
1.451629
-0.178644
-1.737050
-0.290189
0.194992
0.127043
0.560795
-0.202826
-0.917230
-0.991992
-1.494033
-1.711675
-0.425407
0.270946
1.587868
1.941068
1.057727
-1.002720
-0.371933
0.635386
0.133344
0.652415
0.054496
-1.078333
-1.421656
-1.625504
-2.171823
-1.147134
-0.237567
0.774349
1.423870
0.949757
-0.925405
-1.523665
0.366483
0.195163
0.505277
0.431027
-0.905820
-1.427616
-1.521962
-2.146789
-1.568454
-0.220537
0.748975
1.842124
1.496417
0.073739
-1.571178
-0.130619
0.421320
0.504936
1.153094
0.228371
-0.863075
-1.069648
-1.480920
-2.029623
-0.885555
0.064032
1.398325
1.651389
0.732115
-1.417228
-1.103197
0.169618
-0.313350
0.391177
0.213214
-0.989778
-1.358305
-1.582248
-2.373798
-1.538992
-0.409058
0.786441
1.755953
1.607963
0.056199
-0.926937
0.587021
0.421149
0.480924
0.715937
-0.485693
-1.112904
-1.004594
-1.709291
-1.718657
-0.393391
0.398329
1.447201
1.394578
0.286613
-1.420123
-0.287635
0.494037
0.319651
0.776904
-0.101158
-1.227174
-1.512596
-1.752717
-2.257824
-1.099621
-0.312328
0.852517
1.333441
0.737906
-1.200097
-1.126187
0.503063
0.182050
0.743525
0.540018
-0.650712
-1.108135
-1.067775
-1.885721
-0.927789
0.020776
0.798021
1.639639
1.170124
-0.323057
-1.549380
0.011069
0.515665
0.563179
0.790358
-0.211511
-1.172168
-1.289845
-2.050911
-1.937492
-0.649861
0.283378
1.511063
1.531839
0.222410
-1.719849
-0.877721
0.159911
-0.010218
0.729220
0.187669
-0.922680
-1.249143
-1.511063
-1.979215
-0.859499
0.033379
1.243353
1.950264
1.144920
-0.897135
-1.325437
0.403609
0.180687
0.692095
0.681707
-0.481606
-1.251016
-1.504932
-2.329860
-1.820326
-0.451292
0.453336
1.492160
1.260383
-0.284399
-1.697711
-0.336000
-0.032016
0.068120
0.614098
-0.276225
-1.032863
-1.077482
-1.618181
-1.850980
-0.585658
0.155313
1.523324
1.766171
0.690222
-1.236371
-0.591448
0.522307
-0.044278
0.666721
0.105585
-0.887769
-1.201630
-1.408202
-2.079180
-0.985691
0.033889
1.149688
1.979896
1.423700
-0.390496
-1.297678
0.216961
0.069141
0.336000
0.298364
-0.911100
-1.550572
-1.697540
-2.395255
-2.001865
-0.582593
0.134196
1.318966
1.380273
0.079189
-1.518045
-0.140156
0.475986
0.298364
0.997782
-0.057050
-1.050915
-1.272474
-1.853704
-2.161264
-0.897816
-0.049046
1.298530
1.689877
0.850643
-1.056194
-0.754084
0.453676
-0.117166
0.547511
0.213044
-0.876018
-1.207931
-1.477173
-2.484322
-1.605579
-0.601326
0.282867
1.345192
1.083272
-0.473942
-1.473597
0.198909
0.062670
0.374828
0.505788
-0.468493
-1.061814
-1.018729
-1.678296
-1.716443
-0.441074
0.249999
1.599278
1.536608
0.510556
-1.115969
-0.052793
0.581741
0.267029
0.853028
-0.041383
-1.170295
-1.225642
-1.521621
-1.934086
-0.826802
-0.146798
0.697715
1.028946
0.252553
-1.536437
-1.329184

