0.016519
1.149859
1.126357
-0.184434
-1.749311
-0.099966
0.607967
0.401735
0.760726
-0.270605
-1.220873
-1.296486
-1.741988
-1.966102
-0.526224
0.254086
1.385553
1.607112
0.671148
-1.284054
-0.947203
0.571523
0.303643
1.005445
0.631128
-0.720876
-1.352174
-1.566069
-2.223424
-1.218489
-0.161784
1.010724
1.727343
1.252038
-0.556026
-1.657179
-0.023161
0.001022
0.320843
0.616482
-0.359671
-1.108476
-1.255104
-1.931872
-1.850298
-0.612565
0.188521
1.400879
1.376016
0.348261
-1.554319
-0.457934
0.433241
0.138112
0.706741
0.034060
-0.935623
-0.938347
-1.366309
-1.772983
-0.632150
0.124999
1.275369
1.678637
0.727517
-1.222747
-1.227345
0.283888
-0.189202
0.267029
0.175578
-0.929662
-1.371588
-1.364946
-2.004589
-1.248462
-0.273500
0.732967
1.773664
1.252719
-0.393220
-1.493011
0.291552
0.307730
0.460318
0.635215
-0.471388
-1.350982
-1.396111
-2.012593
-1.857110
-0.307730
0.535420
1.665524
1.690388
0.578335
-1.444817
-0.534058
0.457764
0.224113
0.970534
0.204699
-0.840425
-1.113755
-1.597915
-2.402919
-1.451629
-0.432219
0.807047
1.637765
0.941242
-0.943456
-1.428298
0.126192
-0.159230
0.411613
0.433241
-0.485352
-0.982114
-1.128060
-1.992328
-1.578842
-0.527416
0.369038
1.696008
1.731941
0.375339
-1.320669
0.076294
0.170980
0.105756
0.471898
-0.467130
-1.235008
-1.254763
-1.865796
-2.252204
-1.012768
-0.113419
1.019580
1.485348
0.802279
-1.069478
-0.381299
0.667402
0.109673
0.693117
0.061819
-0.988245
-1.261064
-1.359837
-2.007825
-1.088040
-0.353711
0.537293
1.459973
0.992162
-0.508513
-1.111541
0.899008
0.655821
0.798873
0.755446
-0.451122
-1.193455
-1.159055
-1.734836
-1.305001
-0.065054
0.407015
1.355410
0.981774
-0.351157
-2.040863
-0.572375
0.165701
0.172343
0.814370
-0.208105
-1.323223
-1.454694
-2.019065
-2.303634
-0.858137
0.104904
1.486710
1.746416
0.810453
-1.423529
-1.206568
0.285591
0.051260
0.808750
0.721727
-0.392369
-0.990629
-1.200948
-2.161946
-1.419953
-0.400203
0.827483
1.743010
1.367501
-0.222410
-1.504251
0.114100
-0.011751
0.075272
0.229904
-0.758682
-1.364606
-1.314027
-2.039841
-1.948050
-0.674895
0.099625
1.327310
1.353536
0.248126
-1.488924
-0.405141
0.407185
0.217983
0.770944
0.044789
-0.825609
-1.025200
-1.223428
-1.726321
-0.660079
0.068290
1.174552
1.564707
0.906161
-0.902414
-1.048190
0.532866
-0.008345
0.544616
0.299556
-0.978368
-1.477684
-1.672506
-2.361195
-1.550913
-0.389644
0.658887
1.629591
1.146112
-0.570331
-1.928295
-0.233139
0.020266
0.168596
0.493186
-0.323909
-1.243693
-1.463549
-2.110345
-2.176762
-0.786441
0.239100
1.795122
1.908030
0.960997
-1.152073
-0.376701
0.531844
0.106777
0.923020
0.288827
-0.668934
-1.045636
-1.386404
-2.353362
-1.485348
-0.561646
0.503404
1.332249
0.912803
-0.765494
-1.164164
0.408036
-0.169277
0.069141
0.226498
-0.735692
-1.330546
-1.291548
-1.936640
-1.625334
-0.529800
0.180347
1.419783
1.191071
-0.051601
-1.461165
0.151907
0.569650
0.521115
1.002550
-0.003065
-0.873974
-0.834465
-1.383850
-1.784222
-0.518901
0.215428
1.340594
1.562323
0.661101
-1.318455
-0.813178
0.419446
0.053304
0.666380
0.069312
-1.225642
-1.593317
-1.676594
-2.468995
-1.511403
-0.515495
0.446524
1.243012
0.716448
-0.896965
-1.687833
0.250850
0.330891
0.688008
0.890153
-0.224113
-0.970704
-1.150029
-1.885550
-1.513788
-0.060456
0.707252
1.776389
1.599107
0.195163
-1.646451
-0.460829
0.224795
0.141859
0.745399
-0.106607
-1.011235
-1.192944
-1.809597
-2.404111
-1.228367
-0.305346
0.945841
1.403604
0.681196
-1.365628
-1.426254
0.053133
-0.313180
0.430856
0.310114
-0.789165
-0.971556
-1.070840
-1.709291
-0.965425
0.023672
1.041889
2.020597
1.730067
0.001873
-1.259361
0.321354
0.305687
0.343663
0.568117
-0.374828
-1.067775
-1.136235
-1.820326
-1.906838
-0.627211
0.086852
1.226664
1.248462
0.099114
-1.607963
-0.704867
0.204018
-0.080551
0.506299
-0.376361
-1.402753
-1.548358
-1.700435
-2.184936
-0.830548
0.119209
1.404967
1.916374
1.226493
-0.686135
-0.920977
0.724282
0.331913
0.826802
0.914506
-0.285591
-1.065390
-1.444306
-2.332926
-1.869883
-0.714745
0.238929
1.337869
1.267706
-0.223262
-1.613583
-0.248637
-0.112397
-0.083787
0.485182
-0.354052
-1.095874
-1.291718
-2.098935
-2.433062
-1.035418
0.016008
1.337699
1.594339
0.837020
-1.095704
-0.380107
0.587531
0.183582
0.954185
0.391347
-0.610692
-0.966958
-1.087870
-1.986538
-1.253230
-0.422171
0.815221
1.543760
1.008511
-0.622443
-1.098769
0.573056
0.204699
0.392199
0.395775
-0.826461
-1.391683
-1.441581
-2.114262
-1.708950
-0.765153
-0.252894
0.953163
0.786270
-0.266348
-1.601832
0.063862
0.704186
0.604732
0.937155
-0.072547
-1.063517
-1.051256
-1.273836
-1.624993
-0.265156
0.311307
1.265662
1.356942
0.397989
-1.408202
-0.844683
0.466960
0.309604
0.860180
0.301429
-1.035588
-1.568624
-1.840251
-2.482789
-1.325778
-0.171832
1.009873
1.821688
1.028095
-1.058068
-2.166714
-0.399862
-0.042745
0.416211
0.727688
-0.152588
-0.941413
-1.256977
-2.260208
-2.020768
-0.546319
0.487225
1.912628
1.871245
0.714745
-1.202822
-0.344855
0.256130
0.091110
0.653267
0.030654
-0.787463
-0.944819
-1.387085
-1.967294
-1.045125
-0.449760
0.675406
1.331057
0.609670
-1.352174
-1.106262
0.215599
-0.455890
-0.031505
-0.258514
-1.289334
-1.371247
-1.446690
-1.999480
-1.087189
-0.119720
0.722749
1.571349
1.277413
-0.230244
-1.246248
0.485012
0.638621
0.863246
0.997271
-0.385727
-1.209463
-1.355069
-1.882996
-1.777411
-0.261579
0.611203
1.675742
1.551935
0.459467
-1.722063
-0.692606
0.184604
0.031505
0.731094
-0.025034
-1.172338
-1.666716
-2.065045
-2.535241
-1.505954
-0.512941
0.931195
1.622779
1.115799
-0.894070
-1.185451
0.404971
0.153269
0.643219
0.612225
-0.503234
-0.984839
-1.065561
-1.980577
-1.574074
-0.289338
0.652926
1.733133
1.720190
0.390155
-1.165186
0.159400
0.413486
0.255278
0.684772
-0.304835
-1.043933
-1.100302
-1.781157
-2.393041
-1.517705
-0.685794
0.571012
0.944819
0.303132
-1.397303
-0.586169
0.262601
-0.235013
0.386579
-0.177792
-1.031842
-1.108306
-1.020772
-1.613413
-0.650542
-0.102009
0.754595
1.318966
1.010214
-0.664847
-0.995908
0.887428
0.622102
0.883511
0.658887
-0.704697
-1.465082
-1.476152
-2.055679
-1.238925
-0.043767
0.751529
1.224790
0.766175
-0.565563
-1.974106
-0.319140
0.556537
0.679493
1.090084
-0.031165
-1.417569
-1.589571
-2.155985
-2.377885
-0.740290
0.376190
1.755442
1.765660
0.555686
-1.455035
-1.148667
0.131811
-0.053304
0.796999
0.833103
-0.200101
-0.856774
-1.256125
-2.247265
-1.490286
-0.605924
0.712361
1.795973
1.424551
-0.425747
-1.523835
-0.263453
-0.624657
-0.437668
-0.199420
-0.855752
-1.265151
-1.227856
-1.940387
-1.632316
-0.617674
0.237567
1.261064
1.444476
0.390155
-1.155138
0.153780
0.662804
0.158719
0.578335
-0.368697
-1.346724
-1.343829
-1.501526
-1.614264
-0.434092
0.263623
1.296656
1.460484
0.403779
-1.547677
-1.123973
0.551598
0.178814
0.819308
0.345196
-1.199245
-1.896109
-2.072198
-2.560956
-1.638276
-0.098263
0.958272
1.939705
1.406840
-0.381129
-1.626696
-0.018563
0.074250
0.555004
0.838552
-0.088896
-0.656843
-1.113755
-2.081735
-2.139296
-1.034055
-0.096560
1.410586
1.775197
0.761236
-1.206568
-0.264304
0.157186
-0.267540
0.454358
-0.125851
-1.001017
-1.070499
-1.503229
-2.392190
-1.441411
-0.630617
0.508513
1.257317
0.786270
-0.866822
-1.027754
0.512089
0.097241
0.390155
0.209297
-0.751700
-1.065220
-1.201459
-1.817431
-1.364095
-0.509364
0.467641
1.339572
1.275199
0.050579
-1.140663
0.653097
0.629595
0.615971
0.689541
-0.509875
-1.407691
-1.157352
-1.688344
-1.696859
-0.423534
-0.162295
0.757830
0.950439
-0.039850
-1.677275
-0.717470
0.705038
0.491142
0.831570
0.081062
-1.081569
-1.402072
-1.558236
-1.972573
-0.683921
0.205040
1.303809
1.518556
0.567777
-1.338891
-1.808746
0.221048
0.379426
1.043252
1.288482
0.000170
-0.908204
-1.221384
-2.150195
-1.636233
-0.374317
0.965084
2.056701
1.756634
-0.016860
-2.039671
-0.938177
-0.374998
-0.237737
0.399181
-0.128746
-0.928640
-1.205547
-1.803466
-2.215419
-1.086508
-0.231436
1.479387
1.922335
1.165697
-0.833784
-0.494378
0.501531
-0.165360
0.158208
-0.220878
-1.082250
-1.155308
-1.194477
-1.785244
-0.822885
-0.153099
0.800916
1.387426
0.980071
-0.521285
-1.153605
0.558240
0.422341
0.518220
0.316586
-1.051256
-1.621757
-1.620225
-2.038309
-1.550402
-0.388111
0.627892
1.538140
1.138789
-0.178133
-1.821007
-0.277587
0.343493
0.327315
1.027243
0.173194
-1.035418
-1.514128
-2.050229
-2.381972
-1.226323
0.244038
1.742499
2.172504
1.196521
-0.918252
-1.011406
0.294447
0.025375
0.627892
0.501020
-0.539507
-0.895262
-1.356261
-2.369370
-1.872608
-0.869376
0.260728
1.338720
1.298189
-0.055517
-1.031671
0.398500
0.101328
0.215599
0.407866
-0.462362
-1.219681
-0.992332
-1.585484
-1.852172
-0.795296
-0.160081
1.026392
1.119035
0.354052
-1.245737
-0.144584
0.653778
0.318119
0.781332
-0.095538
-0.970704
-1.046147
-1.402923
-1.906497
-0.739268
-0.381640
0.682047
1.275710
0.577314
-1.220873
-1.100131
0.605583
0.317437
0.831911
0.348091
-0.820501
-1.405137
-1.385212
-2.054998
-1.194818
-0.002554
0.755957
1.318114
0.946522
-0.708614
-1.944304
-0.288146
0.403949
0.649861
0.973259
-0.233991
-1.253571
-1.394749
-1.958949
-1.771791
-0.350986
0.507832
1.746246
1.794440
0.360693
-1.910925
-1.092979
0.135047
0.061819
0.823055
0.328507
-0.671829
-1.245396
-1.681532
-2.435616
-1.259702
-0.177111
1.117672
1.882144
1.442943
-0.345366
-1.156841
0.111886
-0.225476
0.210319
0.124999
-0.614609
-0.967469
-0.948565
-1.675401
-1.366820
-0.501701
0.388452
1.394578
1.200267
-0.044789
-1.370737
0.132493
0.404290
0.152247
0.510727
-0.523499
-1.321009
-1.396622
-1.518386
-1.465082
-0.246763
0.705889
1.706736
1.676764
0.540188
-1.467126
-0.965595
0.327485
0.249318
0.889982
0.408547
-1.094852
-1.570668
-1.984664
-2.489601
-1.409565
-0.184434
1.027414
1.838378
1.322883
-0.629936
-1.357453
0.150033
0.115633
0.542573
0.731434
-0.489099
-1.083102
-1.407181
-2.263103
-2.068451
-0.967639
0.219175
1.569986
1.650367
0.498635
-1.252890
0.040020
0.528267
0.266518
0.800576
0.105756

