-1.067264
0.782864
-0.747953
0.823736
3.132139
2.175059
1.042741
-0.007663
-1.233135
-1.106433
0.580890
-1.322372
-1.720190
-0.187159
-1.783371
-1.864263
0.658035
-0.197887
-0.474623
2.709797
2.676759
1.362051
0.559092
-0.146117
-0.889642
0.784227
-0.058413
-2.228703
-0.427110
-0.873974
-2.348253
-0.036785
0.589405
-0.799554
1.674550
2.873455
1.392535
0.194141
-0.255789
-1.136575
-0.082765
1.049553
-1.535075
-0.845024
-0.226157
-2.201966
-1.171316
0.725644
-0.741482
0.453506
2.951281
2.007655
0.601666
-0.136920
-1.051256
-1.183578
1.078503
-0.325101
-1.360689
0.520434
-0.954185
-1.552446
0.923020
0.343323
-0.340428
2.216612
2.204350
0.724452
-0.354733
-0.933920
-1.827989
-0.166552
0.016519
-2.184595
-0.409569
-0.393050
-2.141680
-0.144754
0.926426
-0.529970
1.595701
2.969333
1.917056
0.593492
-0.290019
-1.509871
-0.810964
0.840255
-1.693964
-1.413652
0.291211
-1.448393
-0.941753
1.166718
-0.103031
0.603710
2.802781
2.206734
1.070840
0.054836
-0.896794
-1.497780
0.694990
-0.412805
-2.144235
-0.127384
-1.340253
-2.158369
0.616653
0.805855
-0.121764
2.621753
2.836159
1.447030
0.484501
-0.367335
-1.211166
0.040361
0.355584
-2.021108
-0.717470
-0.356606
-2.323559
-0.432049
1.357624
0.164849
2.098765
3.600631
2.313171
1.088381
0.065395
-1.068626
-0.562157
0.759023
-1.783541
-2.026388
-0.228541
-2.338205
-1.949923
0.826802
-0.004428
0.493526
3.411770
3.190722
1.644918
0.398670
-0.483819
-1.062155
0.788995
-0.155653
-1.841273
-0.353370
-1.200778
-2.576624
-0.260728
0.158037
-1.029287
2.050229
3.185613
2.085141
0.962530
-0.127895
-1.130104
-0.082084
0.487396
-1.710994
-0.677109
-0.241314
-2.195324
-1.115969
0.795637
-0.953674
0.484330
2.852167
1.915523
0.947373
0.246593
-0.622272
-0.597749
0.953334
-1.098769
-1.713378
-0.030994
-1.427276
-1.498801
0.904458
0.114611
-0.405141
2.345187
2.259016
0.644582
-0.029802
-0.478710
-0.999144
0.954185
0.377212
-1.950434
-0.450781
-1.000677
-2.450262
-0.078508
0.695842
-0.613928
1.821688
2.899000
1.468318
0.075272
-0.627892
-1.623460
-0.494208
1.042400
-1.277242
-0.805174
0.057731
-1.988241
-1.167400
0.735010
-0.413145
0.692776
2.822024
2.063172
0.626019
-0.200272
-1.334633
-1.567602
0.723260
-0.684772
-1.446690
0.501531
-0.866992
-1.673358
0.675576
0.149863
-0.268221
2.564703
2.693960
1.607622
0.299897
-0.649861
-1.727513
-0.146287
0.106607
-2.392701
-0.492845
-0.072547
-1.737050
0.449249
1.514469
-0.232969
1.512766
2.821003
1.785925
0.839063
0.010218
-1.199756
-0.628063
0.715767
-1.923527
-2.025877
-0.366143
-2.195665
-1.261405
1.540014
0.372614
1.131977
3.332240
2.584968
1.184600
0.086852
-0.533717
-0.880275
0.826972
-0.454698
-1.945836
-0.256300
-1.478536
-2.579689
0.173705
0.511748
-0.011580
3.061124
3.542730
2.245052
0.844172
-0.488077
-1.271112
0.043597
0.384535
-1.899685
-0.637089
-0.151225
-2.356597
-1.003231
0.851495
-0.782524
1.152413
3.380435
2.425228
1.394749
0.454358
-0.704697
-0.479903
0.888620
-1.172849
-1.655476
-0.266688
-1.981258
-1.879760
0.891175
-0.105926
-0.119209
2.937998
2.782345
1.426424
0.628063
-0.110354
-0.623294
0.813518
-0.140156
-1.646791
-0.120401
-1.053129
-2.444812
-0.218494
0.368527
-1.063177
1.714400
3.043073
1.732452
0.777585
-0.009196
-1.050745
0.011580
0.838212
-1.757486
-0.987394
-0.324079
-2.053635
-1.187495
0.532525
-0.975643
0.107799
2.738067
1.692942
0.288316
0.050579
-0.746761
-0.850984
1.325267
-0.479732
-1.301084
0.207254
-1.380614
-1.586335
0.819308
0.186648
-0.289849
2.475296
2.497605
0.823566
-0.281504
-0.705719
-1.529455
0.462362
0.579527
-1.667227
0.114271
-0.243357
-1.906157
0.018392
0.765835
-0.488077
1.307045
2.375501
1.139130
-0.221729
-0.923191
-2.005441
-1.048531
0.777415
-1.659053
-1.074757
0.316416
-1.559428
-0.716788
1.367160
0.157867
1.072884
3.290006
2.575091
1.120397
-0.195163
-1.141684
-1.693113
0.456912
-0.876359
-2.103022
0.137942
-0.817435
-1.538822
1.060792
0.734159
0.121593
2.489941
2.642359
1.785925
0.806877
-0.317097
-1.472405
-0.124659
0.223432
-2.591610
-1.206398
-0.600134
-2.434424
-0.442777
1.300914
0.070163
2.074582
3.481082
2.371754
1.598937
0.713212
-0.264304
0.145946
0.941242
-1.436813
-1.547507
-0.250169
-2.173015
-1.355580
1.472916
0.511748
1.114607
3.698724
3.085818
1.745394
0.803811
-0.205891
-0.434773
1.237222
-0.547171
-2.283709
-0.529800
-1.650367
-3.209625
-0.193630
0.494208
-0.509024
2.928972
3.842115
2.465248
1.242501
0.035933
-0.832081
0.657354
1.246078
-1.073395
-0.666210
-0.447886
-2.287456
-1.412289
0.169958
-1.191241
0.723600
3.446681
2.720867
1.554830
0.632661
-0.647647
-0.715596
0.858647
-0.814881
-0.701632
0.362396
-1.713889
-1.892362
0.472920
-0.777415
-1.404285
2.059596
2.316407
1.008170
0.676087
0.181198
-0.738757
0.848430
-0.079019
-2.132995
-0.299897
-0.441245
-1.363584
0.367846
0.864949
-0.496251
1.133340
2.220018
0.535420
-0.322206
-0.192778
-0.944648
0.340598
1.626015
-1.400198
-1.099621
-0.494889
-2.191237
-0.687327
1.324075
-0.033549
0.840255
3.167731
1.996074
-0.324079
-0.940050
-1.459122
-1.538822
1.185792
-0.027418
-0.894921
0.762088
-0.918593
-1.618522
0.641687
0.411783
0.595876
2.863577
2.820662
1.344510
-0.235353
-1.229048
-2.531324
-0.425577
0.042064
-2.061980
0.208446
0.445162
-1.425403
0.242676
0.829867
-0.523499
1.766000
3.038304
2.400705
1.162120
-0.217131
-1.572881
-1.084123
0.218834
-2.630949
-1.833439
0.107970
-1.326288
-0.104223
2.130611
0.447886
1.038824
2.909388
2.234834
1.572711
1.061133
-0.152247
-0.918763
0.980922
-0.752211
-2.775533
-0.776734
-1.831395
-2.473763
1.017707
1.430682
0.732115
3.280469
3.078835
1.650197
0.619037
-0.379086
-0.754425
0.459296
0.131811
-2.088376
-0.874315
-1.005105
-3.177779
-1.157693
0.814199
-0.137431
2.327817
4.144056
2.757141
1.536608
0.271627
-0.721046
-0.013965
1.245396
-1.274347
-1.302447
0.124318
-2.188512
-2.228703
0.305346
-0.568458
0.161614
3.525019
3.314189
1.880952
0.668253
-0.413316
-0.965084
0.836679
-0.248296
-1.536778
-0.388793
-1.243693
-2.216952
-0.238419
-0.269413
-1.392875
1.498290
2.837522
1.645258
0.906501
0.191586
-0.984669
0.071526
0.427621
-1.868861
-0.483649
-0.342131
-2.509696
-0.698056
0.965425
-1.282351
0.102690
2.913986
1.712186
0.535590
0.641176
-0.167915
-0.223432
1.185962
-1.158714
-1.590933
-0.282526
-1.541376
-1.497780
0.222240
-0.571012
-0.737395
2.001183
1.746416
-0.344345
-0.913313
-0.978538
-1.181364
1.069818
0.430516
-1.700095
-0.068460
-0.919955
-2.153090
0.271967
0.955888
-0.035933
2.040863
3.258330
1.396792
-0.469344
-0.799383
-2.033200
-0.587191
1.330205
-1.173360
-0.117166
0.682558
-1.724788
-0.638621
0.974110
-0.316416
1.314027
2.815042
1.853534
0.303132
-0.779458
-1.959120
-2.491134
-0.182731
-1.752036
-2.192940
0.408207
-0.845705
-1.285757
1.076460
0.178814
-0.182561
2.669777
2.829347
2.261741
1.150029
-0.392539
-1.607622
0.170299
-0.493697
-3.222397
-0.799043
-0.470706
-1.578161
0.963211
2.032348
0.306879
2.240453
2.955709
1.832928
1.181023
0.657524
-0.692606
-0.244379
1.193796
-1.819645
-2.181871
-1.089403
-3.082923
-1.807894
1.282351
0.544105
1.786947
3.983974
2.813169
1.243012
0.321184
-0.377553
0.146627
1.437834
-0.528438
-1.283714
0.236205
-1.775026
-2.953666
0.170980
0.308241
0.048876
3.593819
3.994874
2.428464
1.102005
-0.286443
-1.178469
0.366654
0.379086
-2.209800
-0.827653
-0.506810
-2.846037
-1.398325
-0.052622
-1.536778
0.785249
3.397124
2.573899
1.551764
0.721387
-0.594514
-0.260217
0.670637
-1.265662
-0.973770
-0.553812
-2.074582
-1.377038
0.537464
-0.866141
-0.612736
2.530473
2.266169
0.868355
0.706911
0.048706
-0.603029
1.263789
-0.193119
-1.600640
0.161784
-1.063347
-2.429145
-0.064714
0.360693
-1.331057
1.242501
2.197538
0.345196
-0.385898
-0.212874
-1.101834
0.339065
1.066412
-1.749311
-0.610352
-0.272989
-1.754931
-0.176089
0.811815
-0.737224
0.752722
2.866302
1.134872
-0.589745
-0.595706
-1.419612
-1.065731
1.398495
-0.872271
-1.260383
0.244038
-1.508508
-1.405988
1.253401
0.660249
0.828334
2.611365
2.506290
0.820330
-0.752722
-1.491308
-2.358811
0.055007
0.026907
-1.954862
0.323398
-0.176600
-1.919780
0.274692
0.635726
-0.203678
2.481256
3.010205
1.902240
0.328507
-0.617504
-2.055338
-1.460825
0.095197
-2.467462
-1.112223
0.407525
-1.496758
-0.107970
1.531839
-0.235353
1.145261
3.092119
2.549716
2.111367
1.196180
-0.554834
-0.906842
0.864949
-1.690047
-2.969844
-0.540870
-1.817601
-1.541887
1.982110
1.586165
0.896284
3.360510
2.761228
1.543420
1.133340
0.391688
-0.031676
1.097236
0.325612
-2.274002
-1.294102
-1.844679
-3.671987
-1.016855
0.842469
0.143562
2.877201
4.368850
2.553293
1.115629
0.092302
-0.845194
0.584466
1.350471
-1.433577
-0.826631
0.066076
-2.738237
-2.567768
0.169447
-1.026392
0.526905
4.079853
3.540686
2.216952
0.966106
-0.464405
-0.852517
0.836168
-0.433411
-1.469169
-0.338214
-1.246418
-2.163989
-0.301429
-0.571523
-1.568454
1.432214
2.917051
1.650197
0.959124
0.485522
-0.840766
0.423363
0.288997
-1.697881
-0.181539
-0.723600
-2.361877
-0.232799
0.837360
-1.345703
0.222240
2.395596
0.968661
0.076635
0.464746
-0.212703
0.010899
1.456738
-1.077482
-1.211337
0.087874
-1.392535
-0.994716
0.610011
-0.112057
0.117847
2.413137
1.874651
-0.173024
-0.599112
-0.813859
-1.331227
1.153094
0.042575
-1.820666
-0.178473
-1.329524
-2.192429
0.292063
0.500338
-0.321524
1.892703
2.757992
0.930854
-0.907523
-1.139641
-2.343995
-0.568288
0.972918
-1.478536
0.034400
0.594514
-1.731941
-0.347580
1.095193
-0.316416
1.685790
3.161430
2.165862
0.466279
-0.521626
-1.696518
-2.055849
0.337533
-1.795292
-1.747268
0.759193
-0.860521
-0.767367
1.522984
0.329869
0.098433
2.519914
2.238921
1.539162
0.559092
-1.185451
-1.866307
0.150204
-0.915868
-3.433909
-0.901052
-0.908375
-1.992158
1.223769
1.944133
0.608989
2.819129
3.441402
2.294779
1.678467
1.082761
-0.186137
0.110694
1.041208
-1.853704
-1.725640
-0.944138
-3.014803
-1.344851
1.364435
0.280993
1.715251
3.838028
2.536092
1.137257
0.069312
-0.850814
-0.324420

