-0.631639
0.135047
1.579693
1.735517
0.569820
-1.528433
-0.890153
0.076294
-0.294447
0.467471
-0.033038
-0.978027
-1.176425
-1.430682
-2.027580
-1.143728
-0.358139
0.820841
1.589060
1.065220
-0.632661
-1.043933
0.462362
0.116485
0.230074
0.218664
-0.957251
-1.297508
-1.127039
-1.758678
-1.246418
-0.210319
0.536782
1.564537
1.358986
0.013283
-1.449926
0.213214
0.600304
0.487736
0.779118
-0.297172
-1.295975
-1.585994
-2.002205
-1.930680
-0.553812
0.222921
1.384871
1.450607
0.417403
-1.721552
-1.123462
0.346729
0.114441
0.941924
0.525202
-0.713553
-1.269579
-1.614945
-2.207075
-1.120227
0.083447
1.243864
2.087014
1.540525
-0.476667
-1.416377
0.153780
0.174386
0.490291
0.687327
-0.345537
-0.915187
-1.081909
-2.139807
-1.973595
-0.674725
0.210319
1.637595
1.626185
0.552109
-1.070159
0.028440
0.523329
0.008345
0.609841
-0.201975
-1.047509
-1.099110
-1.543079
-2.034221
-0.860350
-0.125851
0.962019
1.476833
0.940391
-0.905650
-0.780991
0.682388
0.259025
0.708955
0.347751
-0.847919
-1.132659
-1.295124
-2.115113
-1.280308
-0.184434
0.515836
1.351493
1.031842
-0.520945
-1.558576
0.144584
0.288486
0.521115
0.811304
-0.366654
-1.235860
-1.316411
-1.891341
-1.764808
-0.416381
0.405312
1.527582
1.449244
0.200953
-1.668419
-0.626700
0.496422
0.327826
0.882830
0.067949
-1.058578
-1.296146
-1.715081
-2.229895
-0.896624
0.050238
1.331908
1.807894
1.159906
-0.946181
-1.497950
0.165531
-0.055347
0.475645
0.472409
-0.642368
-1.153776
-1.267365
-2.172164
-1.713208
-0.453336
0.603710
1.677615
1.488754
0.019073
-1.433236
-0.008685
0.216280
0.271967
0.733137
-0.230415
-1.083953
-1.338380
-1.899685
-2.103363
-0.839574
-0.139645
1.074416
1.575947
0.777415
-1.292740
-0.771965
0.446694
0.022650
0.488928
0.144414
-0.926426
-1.127890
-1.382147
-1.993009
-0.817435
-0.026396
0.884703
1.377208
0.910078
-0.839233
-1.455375
0.213896
0.009877
0.366824
0.534569
-0.811304
-1.435791
-1.404626
-2.025196
-1.588208
-0.312669
0.579868
1.683916
1.418591
0.057731
-1.626015
-0.231947
0.368016
0.147990
0.709125
-0.262771
-1.325948
-1.512085
-2.033540
-2.341270
-0.922680
-0.000681
1.262086
1.693113
0.829186
-1.321690
-1.159906
0.308411
0.130108
0.791720
0.467471
-0.595025
-1.035929
-1.395600
-2.267701
-1.519408
-0.472069
0.662293
1.642363
1.359497
-0.393391
-1.415866
0.050919
-0.024523
0.227179
0.658376
-0.372955
-1.141003
-1.005786
-1.772983
-1.660075
-0.399011
0.306198
1.507487
1.470021
0.345877
-1.363584
-0.365121
0.422001
0.112397
0.513281
-0.234672
-1.131296
-1.259361
-1.658031
-2.157688
-0.909737
-0.180858
0.886577
1.535756
0.814710
-0.970364
-0.979219
0.600645
0.287976
0.628233
0.264815
-0.885044
-1.394578
-1.421486
-2.182381
-1.431874
-0.218834
0.476326
1.541546
1.126528
-0.480073
-1.708099
0.075953
0.361374
0.531163
0.964403
-0.245231
-1.213891
-1.389299
-2.029112
-1.926082
-0.534909
0.247104
1.460314
1.540184
0.388963
-1.767022
-1.001699
0.249999
0.123978
0.839233
0.240632
-0.918082
-1.241309
-1.673528
-2.419778
-1.223598
-0.016178
1.253911
1.829863
1.423700
-0.723600
-1.421997
-0.045470
-0.190735
0.305005
0.365291
-0.657524
-1.086337
-1.217127
-2.076966
-1.660756
-0.512600
0.371252
1.605238
1.587527
0.264985
-1.401050
0.019414
0.261239
0.042064
0.535420
-0.435795
-1.127379
-1.193626
-1.592296
-1.854556
-0.718491
-0.082765
1.047850
1.451629
0.719173
-1.219681
-0.850814
0.513281
0.080381
0.745228
0.209808
-0.974962
-1.318114
-1.556022
-2.362898
-1.249995
-0.090429
0.864778
1.586335
1.062836
-0.764132
-1.458441
0.225476
0.079019
0.489439
0.739608
-0.613076
-1.257658
-1.339061
-1.937321
-1.565899
-0.420809
0.532014
1.601662
1.464742
0.169447
-1.598767
-0.424385
0.254086
0.072718
0.695501
-0.130108
-1.024348
-1.206909
-1.688855
-2.235004
-0.932898
-0.226498
1.133680
1.596042
1.001188
-0.922339
-0.904288
0.497103
-0.002725
0.582593
0.362226
-0.858477
-1.216786
-1.317603
-2.174037
-1.532691
-0.475475
0.561646
1.571860
1.307726
-0.224284
-1.297849
0.465938
0.460829
0.550747
0.850133
-0.173364
-1.085486
-1.289163
-1.925060
-1.870394
-0.778948
-0.247444
1.092127
1.102856
-0.050749
-1.886232
-0.876359
0.156505
0.001533
0.812496
0.236886
-1.029457
-1.168081
-1.520600
-1.795292
-0.491142
0.385557
1.304150
1.705715
1.068286
-0.862735
-1.158714
0.336170
0.220878
0.763110
0.522648
-0.803641
-1.313516
-1.493692
-2.260889
-1.529796
-0.353200
0.532355
1.645940
1.317774
-0.213555
-1.756123
-0.086682
0.177111
0.168766
0.703846
-0.153439
-0.964744
-1.254082
-1.951967
-2.141850
-0.804663
-0.019755
1.322372
1.799549
0.873293
-1.289845
-0.623294
0.482798
0.050068
0.645944
0.201804
-0.632320
-0.840255
-1.225301
-1.850980
-0.942775
-0.088045
0.868014
1.535586
0.998463
-0.762599
-1.317092
0.201293
-0.056710
0.366143
0.479903
-0.832932
-1.364606
-1.407010
-2.030645
-1.483474
-0.292574
0.450271
1.470702
1.402072
0.027759
-1.649686
-0.145095
0.543424
0.285081
0.818798
-0.144584
-1.176936
-1.182216
-1.779113
-1.989944
-0.520093
0.310114
1.521451
1.818623
1.021453
-1.171657
-0.915187
0.462021
-0.008856
0.721727
0.295809
-0.834124
-1.268557
-1.581226
-2.341611
-1.598256
-0.322206
0.748975
1.797506
1.417739
-0.272308
-1.370566
0.160251
0.069993
0.369378
0.723430
-0.394242
-0.987564
-1.068626
-1.882655
-1.950094
-0.730753
0.027248
1.365628
1.452480
0.441074
-1.355921
-0.087704
0.542573
0.287465
0.850133
-0.028781
-0.973940
-1.102175
-1.462698
-1.990795
-0.722919
0.086512
1.126528
1.394238
0.772476
-1.135043
-1.120908
0.472239
0.017030
0.577654
0.334808
-1.032523
-1.403434
-1.409054
-2.114092
-1.266343
-0.148160
0.768389
1.571860
1.297508
-0.132322
-1.566580
0.385898
0.634875
0.657184
0.839574
-0.209979
-1.189709
-1.329354
-1.936810
-2.005271
-0.583785
0.106267
1.378741
1.349109
0.329529
-1.601321
-0.768048
0.402246
0.194481
0.944989
0.340428
-0.808069
-1.215424
-1.594339
-2.310276
-1.066583
-0.112738
1.100131
1.628058
0.962189
-1.052448
-1.450947
0.110013
-0.004768
0.581571
0.653608
-0.516006
-1.081569
-1.225471
-1.988411
-1.574244
-0.354733
0.580379
1.665694
1.488583
-0.037806
-1.636062
-0.192778
0.155142
0.088555
0.450441
-0.422171
-1.120397
-1.221044
-1.777581
-1.905305
-0.631469
0.079359
1.186984
1.568283
0.718321
-1.291888
-0.710998
0.512430
0.048195
0.601496
-0.024012
-1.151732
-1.418931
-1.473427
-2.123458
-1.135213
-0.055007
1.069989
1.719509
1.087700
-0.771454
-1.475130
0.265837
-0.034400
0.440223
0.669275
-0.480924
-1.261234
-1.428127
-2.214568
-1.839740
-0.520263
0.331742
1.551253
1.560620
0.254767
-1.623120
-0.299215
0.311988
0.053474
0.689200
-0.150374
-1.128401
-1.257658
-1.769406
-2.085311
-0.676598
0.131471
1.394408
1.686301
0.828675
-1.167229
-0.901222
0.380278
0.026226
0.711679
0.353711
-0.785760
-1.180513
-1.461336
-2.279622
-1.398836
-0.311817
0.666210
1.687152
1.361881
-0.243868
-1.288823
0.172172
0.009366
0.130619
0.369549
-0.640494
-1.327651
-1.295975
-2.026558
-1.804658
-0.556707
0.147479
1.419953
1.501526
0.467130
-1.380273
-0.178814
0.519071
0.208957
0.716107
0.018903
-0.994205
-1.074927
-1.601832
-2.134017
-0.965595
-0.119380
0.813859
1.318284
0.699588
-1.246078
-1.217808
0.476837
0.232799
0.759533
0.496251
-0.754935
-1.315560
-1.334633
-2.057382
-1.406159
-0.160592
0.723600
1.686471
1.321861
-0.362907
-1.770769
0.031846
0.261068
0.430516
0.749486
-0.197036
-1.050234
-1.205036
-1.941919
-1.992158
-0.610181
0.004428
1.245056
1.482282
0.597409
-1.489094
-0.640494
0.418765
0.028781
0.665528
0.115633
-0.988926
-1.238414
-1.511233
-2.161094
-1.068286
-0.178984
1.021624
1.541376
0.914165
-0.844002
-1.281670
0.438860
0.126873
0.608989
0.679493
-0.543935
-1.154968
-1.176425
-2.005441
-1.658031
-0.435965
0.417743
1.517875
1.466445
-0.041894
-1.732622
-0.189713
0.394923
0.092983
0.672340
-0.251872
-1.054321
-1.116480
-1.710313
-1.836164
-0.566585
0.096219
1.208442
1.460995
0.668083
-1.342807
-0.858477
0.417403
-0.000511
0.630447
0.169447
-0.948225
-1.406840
-1.569646
-2.114432
-1.142025
-0.192268
0.839233
1.699414
1.062325
-0.683069
-1.591614
0.104734
-0.032016
0.282185
0.337873
-0.722238
-1.363073
-1.434599
-2.063172
-1.588719
-0.363759
0.628574
1.862049
1.601151
0.239270
-1.649005
-0.348432
0.250680
0.093324
0.871250
-0.089577
-1.037632
-1.257317
-1.959290
-2.425909
-0.999825
-0.140156
1.116310
1.583951
0.908034
-1.130274
-1.101494
0.194141
-0.092813
0.478200
0.318970
-0.716107
-1.124995
-1.320669
-1.989603
-1.273666
-0.292063
0.806195
1.649516
1.364776
-0.382151
-1.404456
0.214066
0.204018
0.313861
0.453676
-0.599282
-1.189368
-1.236882
-2.036435
-1.989944
-0.559432
0.037125
1.123122
1.272644
0.377893
-1.485518
-0.323227
0.507491
0.092472
0.618015
-0.198569
-1.239266
-1.433066
-1.590593
-2.131973
-0.955377
-0.099114
0.941583
1.500845
0.918763
-0.921828
-1.017196
0.604561
0.208616
0.906842
0.819138
-0.463894
-1.073905
-1.383679
-2.128226
-1.524687
-0.316926
0.433581
1.454353
1.207079
-0.340428
-1.769236
-0.142881
0.259706
0.329529
0.590256
-0.333445
-1.067093
-1.347235
-1.973936
-2.045291
-0.708955
0.172172
1.267024
1.388618
0.468152
-1.586676
-0.835146
0.362567
0.050919
0.642708
0.155483
-1.007148
-1.251187
-1.426254
-2.046142
-1.010724
-0.029291
0.942435
1.674720
1.123803
-0.756298
-1.282351
0.449760
0.190735
0.506469
0.598090
-0.568458
-1.225642
-1.261234
-2.064875
-1.707077
-0.436987
0.496932
1.476322
1.268898
-0.011751
-1.713889
-0.304495
0.276395
0.282867
0.780821
-0.006982
-0.909397
-1.055002
-1.773494
-2.020938
-0.740630
0.230074
1.310791
1.696859
0.712020
-1.333952
-0.970364
0.397648
0.021117
0.749997
0.387090
-0.830548
-1.072032
-1.312835
-1.840081
-0.954696
0.041723
1.158374
1.971211
1.372440
-0.419617
-1.378059
0.266007
0.055177
0.350475
0.686646
-0.573908
-1.299381
-1.399517
-2.086503
-1.868010
-0.475304
0.312158
1.518386
1.652581
0.522477
-1.354047
-0.330039
0.266348
-0.055007
0.486885
-0.297683
-1.141855
-1.348087
-1.722745
-2.259527
-1.081739
-0.051430
1.102345
1.489435
0.622102
-1.106603
-1.023837
0.522988
0.197377
0.856093

