0.605072
-0.689030
-1.242501
-1.511233
-2.200774
-1.631805
-0.439712
0.545638
1.641682
1.363584
-0.302281
-1.564196
0.053474
0.269243
0.345366
0.647817
-0.416892
-1.221214
-1.300403
-2.004078
-2.091272
-0.634193
0.104904
1.318625
1.490116
0.531673
-1.413992
-0.496081
0.530992
0.171661
0.930854
0.141178
-0.855412
-1.184429
-1.468829
-2.280133
-1.034737
-0.231266
0.831229
1.628229
1.199416
-0.626019
-1.083442
0.541551
0.091791
0.411613
0.373806
-0.681877
-1.216105
-1.280308
-2.010890
-1.651560
-0.516347
0.160592
1.303468
1.204865
-0.211341
-1.689366
-0.046151
0.428643
0.391688
0.853879
-0.279972
-1.180513
-1.241309
-1.803637
-2.072539
-0.665699
0.116314
1.267195
1.501356
0.568628
-1.482282
-1.022305
0.344515
0.114782
0.908886
0.432389
-0.807047
-1.185451
-1.485518
-2.169609
-1.184089
-0.073739
0.894581
1.783882
1.234668
-0.639302
-1.555000
0.152077
0.041042
0.319481
0.516857
-0.488928
-1.108646
-1.163823
-2.038819
-1.767363
-0.441074
0.320162
1.458781
1.611539
0.394412
-1.395430
-0.349964
0.388622
-0.056028
0.561646
-0.233310
-1.125847
-1.151732
-1.525198
-2.062491
-0.876359
-0.024182
1.097066
1.451458
0.824247
-1.117332
-1.025200
0.508513
0.174216
0.816754
0.318970
-0.855071
-1.387937
-1.605579
-2.195495
-1.454353
-0.253064
0.653437
1.615116
1.275369
-0.474112
-1.701968
0.018052
0.135558
0.294617
0.763961
-0.290700
-1.052959
-1.269238
-1.933915
-1.838888
-0.451974
0.325271
1.502718
1.613072
0.548022
-1.377038
-0.553642
0.362907
-0.004939
0.721897
-0.063862
-1.020602
-1.148496
-1.466104
-2.144235
-1.094171
-0.178814
1.013449
1.661267
1.159225
-0.713893
-1.030649
0.480413
0.024012
0.551939
0.490120
-0.691244
-1.319817
-1.429490
-2.165011
-1.787118
-0.538826
0.512089
1.599448
1.411268
0.018222
-1.434258
0.195163
0.481606
0.441756
0.918933
-0.089407
-0.923191
-1.081228
-1.870734
-2.202136
-0.971385
-0.200101
1.055683
1.391513
0.685794
-1.225642
-0.679663
0.607286
0.120742
0.741822
0.120742
-0.856774
-1.136065
-1.181875
-1.779624
-0.857455
-0.088896
0.927108
1.642023
0.999996
-0.672170
-1.241480
0.548874
0.338895
0.506810
0.659227
-0.604732
-1.383168
-1.322542
-1.976320
-1.598086
-0.309944
0.299045
1.332419
1.251698
0.034741
-1.797846
-0.516687
0.302792
0.212874
0.606435
-0.208787
-1.136575
-1.217808
-1.957757
-2.298015
-0.897476
0.017541
1.276731
1.699073
0.944989
-1.051767
-0.909567
0.537974
0.340087
0.801257
0.496422
-0.589064
-1.075268
-1.387766
-2.128737
-1.311813
-0.288146
0.622443
1.625334
1.199927
-0.804833
-1.849617
-0.122615
-0.087023
0.105585
0.468833
-0.491313
-1.168762
-1.290185
-1.958268
-1.753228
-0.462191
0.293766
1.426765
1.489265
0.295639
-1.491308
-0.462362
0.238759
-0.001533
0.767367
-0.168085
-1.181705
-1.286949
-1.628399
-2.168247
-0.888109
0.131471
1.122100
1.707077
1.151732
-0.872271
-0.967809
0.563519
-0.014816
0.550917
0.290360
-0.854049
-1.419612
-1.539162
-2.243859
-1.551253
-0.396626
0.460829
1.619203
1.388959
-0.202485
-1.613753
0.076464
0.259876
0.444480
0.754084
-0.346899
-1.133510
-1.385042
-2.073731
-2.166714
-0.722749
0.100306
1.359497
1.561131
0.624486
-1.426765
-0.563860
0.460148
0.137942
0.759193
0.086512
-0.883681
-1.230410
-1.587697
-2.331393
-1.212699
-0.260387
0.929832
1.702820
1.248632
-0.604732
-1.242672
0.361374
-0.033208
0.343663
0.476837
-0.706400
-1.113074
-1.219170
-2.062491
-1.949923
-0.733989
0.155483
1.265492
1.406159
0.118528
-1.442773
-0.049046
0.219686
0.198909
0.557048
-0.479732
-1.130615
-1.043252
-1.394578
-1.726491
-0.639132
-0.043256
1.170295
1.362222
0.564882
-1.162801
-0.555175
0.830208
0.341109
0.900371
0.332935
-1.084294
-1.567772
-1.677104
-2.297844
-1.093319
-0.092813
0.722579
1.470532
0.827142
-0.956399
-1.751355
0.337022
0.322546
0.663144
0.794445
-0.491313
-1.325607
-1.667397
-2.263444
-1.819985
-0.367335
0.540359
1.660926
1.385723
0.051941
-1.817260
-0.599112
0.167063
0.153099
0.857626
0.059094
-0.876529
-1.063687
-1.541546
-2.095188
-0.991310
-0.010048
1.393557
1.898663
1.071521
-1.001699
-1.028606
0.232458
-0.218664
0.300748
0.169788
-0.977516
-1.298019
-1.444476
-2.193792
-1.622098
-0.590256
0.410250
1.495736
1.410586
-0.166552
-1.360348
0.107288
0.091110
0.340257
0.632661
-0.484501
-1.138449
-1.184940
-1.732111
-1.550232
-0.224454
0.442607
1.426084
1.502548
0.290019
-1.300573
-0.167915
0.747953
0.385898
0.965595
-0.076464
-1.252890
-1.544612
-1.777240
-2.061299
-0.888109
0.025375
1.016685
1.570157
0.768900
-1.348598
-1.452821
0.392880
0.118017
0.619888
0.455039
-0.834124
-1.499142
-1.838718
-2.561978
-1.766682
-0.448738
0.579187
2.001694
1.692772
0.043767
-1.429830
-0.090769
-0.051601
0.086171
0.769751
-0.174897
-0.829015
-1.056535
-1.901558
-2.230917
-1.007489
-0.176941
1.236030
1.624993
0.916549
-1.136235
-0.428983
0.295639
-0.147990
0.545127
-0.136750
-1.095704
-1.198053
-1.500164
-2.302613
-1.313516
-0.499487
0.609500
1.503910
1.038654
-0.742844
-0.864267
0.811134
0.266348
0.597068
0.383343
-0.706741
-1.117161
-1.033374
-1.708950
-1.232113
-0.116144
0.543254
1.372440
1.187325
-0.035082
-1.531158
0.160933
0.648839
0.498295
0.876869
-0.295639
-1.294953
-1.432725
-1.980237
-2.123117
-0.648839
0.063692
1.271452
1.477514
0.583104
-1.445838
-0.946692
0.364780
0.078678
0.753232
0.268221
-0.796148
-1.356602
-1.644918
-2.324751
-1.454694
-0.266518
0.850133
1.635211
1.166207
-0.590937
-1.467296
0.335148
0.282185
0.807217
0.875507
-0.222921
-1.062155
-1.224961
-2.043247
-1.966272
-0.566925
0.106267
1.452650
1.239266
-0.027078
-1.717125
-0.581912
0.205381
0.064884
0.683580
-0.067949
-1.025711
-1.191071
-1.402412
-1.842976
-0.654289
0.227179
1.312835
1.495055
0.734840
-1.224961
-1.099280
0.295128
-0.054666
0.571864
0.233480
-0.880275
-1.259191
-1.563856
-2.190896
-1.251187
-0.054325
0.865289
1.683235
1.369374
-0.294788
-1.548869
0.130279
0.129598
0.139134
0.424896
-0.613247
-1.300062
-1.418080
-2.027920
-1.944304
-0.595195
0.336340
1.575095
1.717465
0.445843
-1.407351
-0.271457
0.406674
0.159230
0.805514
-0.072547
-1.248973
-1.426595
-1.735858
-2.156496
-1.034055
-0.065395
1.076630
1.552446
0.962700
-1.164334
-1.269579
0.429664
0.133174
0.725133
0.474112
-0.712361
-1.291548
-1.673869
-2.307892
-1.663821
-0.347069
0.660079
1.598937
1.375335
-0.150033
-1.564026
0.043767
0.325101
0.342812
0.912292
-0.100476
-0.914506
-1.056876
-1.881633
-2.180168
-0.855923
0.008515
1.389810
1.723255
0.753232
-1.079014
-0.394412
0.526394
0.022479
0.706911
0.095197
-0.823225
-1.040016
-1.231773
-2.252034
-1.373121
-0.533887
0.649861
1.438345
1.087870
-0.644582
-1.127890
0.500849
0.360523
0.591108
0.596898
-0.623465
-1.158714
-1.183919
-1.976660
-1.517023
-0.472239
0.164679
1.191582
1.060792
-0.012432
-1.425403
-0.044278
0.521455
0.458104
0.762429
-0.271457
-1.274177
-1.289674
-1.703330
-1.721042
-0.275373
0.376020
1.136065
1.235008
0.205040
-1.804318
-1.126868
0.551258
0.419446
0.953334
0.461510
-0.815562
-1.330376
-1.711675
-2.316747
-1.173871
-0.007493
1.088721
1.978363
1.340083
-0.722408
-1.772302
-0.120912
0.082595
0.416722
0.727517
-0.237567
-0.941242
-1.145942
-1.979045
-1.847233
-0.504596
0.536953
1.781498
1.886572
0.572205
-1.433236
-0.401395
0.139475
-0.056028
0.541380
0.028610
-0.982114
-1.091446
-1.560109
-2.040863
-0.992843
-0.238419
0.939029
1.460314
0.788995
-1.011746
-0.983306
0.474453
-0.041723
0.343493
-0.110013
-1.126017
-1.257488
-1.217127
-1.708950
-1.012257
0.216961
0.962700
1.616648
1.161269
-0.340598
-1.335144
0.355925
0.494719
0.635386
0.882149
-0.736373
-1.720020
-1.595872
-2.096210
-1.962526
-0.524180
0.404290
1.604387
1.634870
0.380618
-1.628739
-0.591789
0.303643
0.030484
0.921658
0.238248
-0.848940
-1.296997
-1.921143
-2.505439
-1.400028
-0.358650
1.001699
1.835653
1.358134
-0.592130
-0.900882
0.593492
0.324590
0.788995
0.671829
-0.386919
-0.788995
-1.070329
-2.162967
-1.706736
-0.534569
0.306708
1.411097
1.279797
-0.069141
-1.483134
0.146117
0.342471
0.306368
0.744547
-0.282526
-1.205547
-1.222747
-1.753909
-1.995053
-0.862224
-0.219515
1.040527
1.334633
0.453847
-1.398666
-0.657865
0.532355
0.104904
0.614609
0.155313
-0.913654
-1.136746
-1.345192
-1.739945
-0.714745
-0.086342
0.717640
1.541717
1.147304
-0.487566
-1.020602
0.591108
0.363077
0.571694
0.448568
-0.782354
-1.366990
-1.283884
-1.958438
-1.484837
-0.113079
0.625508
1.585654
1.181023
-0.170980
-1.655476
-0.151907
0.634023
0.535420
1.038143
-0.014816
-1.222236
-1.543079
-2.108301
-2.234323
-0.772817
0.265837
1.582248
1.934256
0.853368
-1.466955
-1.375505
0.164849
-0.035763
0.834976
0.371592
-0.606605
-1.015323
-1.388448
-2.218655
-1.316581
-0.141689
0.727177
1.688855
1.503059
-0.170469
-1.356772
0.006471
-0.193630
-0.052111
0.292233
-0.719513
-1.122611
-1.117502
-1.810108
-1.754420
-0.764983
0.051090
1.080888
1.276561
0.119720
-1.514469
-0.239100
0.445502
-0.057391
0.506129
-0.365291
-1.471213
-1.526049
-1.616819
-1.801593
-0.729901
0.115803
1.271452
1.681192
1.092979
-0.838382
-0.839404
0.780480
0.612055
0.995057
0.494378
-0.929832
-1.500845
-1.675231
-2.549376
-1.560279
-0.273160
0.740460
1.496587
1.161098
-0.625508
-1.903261
-0.204018
0.082425
0.376361
0.841788
-0.223432
-1.290015
-1.494714
-2.140999
-2.193281
-0.848770
0.070163
1.508168
1.615967
0.582082
-1.400369
-0.551769
0.345707
0.027418
0.837530
0.349964
-0.573397
-0.742333
-1.207420
-2.058404
-1.144239
-0.228201
0.912121
1.638447
1.254593
-0.546489
-1.155308
0.399181
0.020947
0.258003
0.224965
-0.816243
-1.307215
-1.173190
-1.956224
-1.814536
-0.672340
0.310796
1.213040
1.205206
0.101498
-1.268898
0.225476
0.750508
0.546319
0.893899
-0.160762
-1.141684
-1.241309
-1.767193
-1.819134
-0.533036
-0.015668
1.139300
1.365798
0.338043
-1.481942
-0.881297
0.587021
0.125510
0.715085
0.274181
-0.940561
-1.309599
-1.551935
-2.079521
-1.013279
0.030824
0.983817
1.545974
0.908886
-0.911100
-1.633848
0.131811
0.211852
0.525202
0.784397
-0.514303
-1.225812
-1.282351
-2.064875
-1.769066
-0.400203
0.602007
1.872608
1.682895

