-0.670637
-0.799724
-0.336170
-0.805344
0.503404
1.685108
1.122100
0.528608
0.962019
-0.719854
-2.901724
-0.892196
-0.723430
-0.056199
0.427450
-0.204699
-0.452314
-0.380959
-0.627722
-0.049216
1.731770
1.825435
1.082931
0.871079
0.319821
-2.771105
-1.977342
-0.799894
-0.900030
0.198228
-0.098773
-0.634023
-0.588383
-0.540018
-0.678641
0.856774
1.753569
1.177107
1.030139
1.321009
-1.142876
-2.186128
-0.380959
-0.727688
0.021117
0.066587
-0.397989
-0.369208
-0.088555
-0.640665
0.300748
1.596553
1.153265
0.663144
1.291037
0.126362
-2.436638
-0.970534
-0.641346
-0.523499
0.223092
-0.288657
-0.691073
-0.335489
-0.484671
-0.318629
1.239777
1.327481
0.654629
0.662293
0.624657
-2.119541
-1.762424
-0.359331
-0.751019
0.192097
-0.089918
-0.723260
-0.675235
-0.423363
-0.741652
0.902925
1.783030
1.306534
0.878402
1.225131
-0.914676
-2.515827
-0.458785
-0.676428
-0.074591
0.049727
-0.650202
-0.865800
-0.549385
-1.017877
-0.268221
1.415014
1.220363
0.629595
0.811475
0.230755
-2.386400
-1.096896
-0.443799
-0.246934
0.384195
-0.062840
-0.482287
-0.355925
-0.550917
-0.755276
0.845364
1.031160
0.553301
0.645603
0.770944
-1.744373
-2.001354
-0.464065
-0.709295
0.171832
0.082084
-0.454528
-0.267710
-0.059264
-0.786270
0.548363
1.485859
0.905139
0.400032
0.778437
-0.612225
-2.573729
-0.699418
-0.577314
-0.023331
0.178473
-0.450100
-0.507150
-0.166042
-0.661441
-0.295809
1.532350
1.387937
0.664166
0.776904
0.244038
-2.556869
-1.626696
-0.655310
-0.610862
0.377383
-0.011751
-0.418254
-0.245741
-0.125510
-0.374317
1.120908
1.644237
0.831570
0.611203
0.932898
-1.554489
-2.229554
-0.480924
-0.686986
0.210319
0.143392
-0.366994
-0.388622
-0.159570
-0.592640
0.598942
1.950775
1.459462
0.722408
1.008340
-0.426258
-2.744028
-0.866141
-0.452484
-0.049046
0.396967
-0.276055
-0.576632
-0.426599
-0.651905
-0.360523
1.466785
1.664843
0.998122
0.936644
0.559773
-2.380780
-1.905986
-0.633853
-0.597920
0.406504
0.099625
-0.370230
-0.345196
-0.387941
-0.610352
0.939540
1.779624
1.324075
1.051256
1.389810
-1.111541
-2.639464
-0.831911
-1.165015
-0.261409
-0.051430
-0.461851
-0.470536
-0.168426
-0.530822
0.134877
1.502207
1.263448
0.706911
1.099110
0.470536
-2.130951
-0.830718
-0.547000
-0.639473
0.064203
-0.549895
-0.872101
-0.494719
-0.503063
-0.437498
1.341956
1.422678
0.781672
0.811304
0.866311
-1.838378
-1.677956
-0.191246
-0.618015
0.291382
-0.100987
-0.713382
-0.725303
-0.431027
-0.888280
0.652926
1.580034
1.157863
0.710317
1.049893
-0.654459
-2.551079
-0.561646
-0.450100
0.175578
0.474964
-0.174216
-0.427621
-0.147138
-0.680004
-0.133514
1.547847
1.272304
0.700440
0.855412
0.283378
-2.490793
-1.372099
-0.584977
-0.604732
0.246763
-0.084979
-0.724963
-0.632831
-0.715596
-0.855242
0.816924
1.235689
0.715085
0.569480
0.905139
-1.472916
-1.971040
-0.257833
-0.490291
0.286954
0.216620
-0.144414
0.014475
0.189032
-0.454017
0.572886
1.633167
0.948395
0.408888
0.889131
-0.515836
-2.518722
-0.777926
-0.547511
-0.190394
0.168766
-0.590427
-0.778266
-0.363929
-0.564030
-0.227519
1.420123
1.348938
0.470536
0.589745
-0.010899
-2.734150
-1.800741
-0.442948
-0.418936
0.619207
0.075102
-0.468663
-0.385387
-0.320332
-0.252894
1.588719
2.447878
1.669100
1.235860
1.207079
-1.488413
-2.651215
-0.834635
-0.839233
0.113079
0.038147
-0.324760
-0.561987
-0.426940
-1.055002
0.021458
1.559258
1.257488
0.788995
1.124144
-0.167745
-2.860512
-1.336336
-0.985350
-0.643560
0.175408
-0.362567
-0.610862
-0.341960
-0.603540
-0.381129
1.264640
1.475300
0.983306
1.108135
1.086848
-1.937832
-1.695497
-0.544276
-0.950609
0.055688
-0.286273
-0.428813
-0.397648
-0.281845
-0.666721
0.650542
1.406499
0.853709
0.615461
1.246078
-0.821522
-2.299888
-0.518560
-0.763280
-0.254427
-0.176941
-0.829867
-0.734840
-0.225306
-0.617334
0.293766
1.834461
1.458611
0.632661
0.711509
0.007323
-2.521617
-0.916038
-0.169107
-0.332083
0.370911
-0.389985
-1.029798
-0.685794
-0.713553
-0.522818
1.491819
1.866136
1.200778
0.915698
0.861032
-1.957417
-1.886061
-0.177111
-0.498295
0.499657
0.298194
-0.559432
-0.963892
-0.873463
-1.431022
0.043256
1.179320
1.032012
0.739098
1.254082
-0.467130
-2.635547
-1.129763
-1.126357
-0.398670
0.538315
0.273330
-0.214406
0.090769
-0.721046
-0.488077
1.003913
0.891515
0.557389
0.989097
0.737224
-2.080032
-1.047509
-0.512600
-0.759704
-0.098263
-0.241314
-0.458615
0.005960
0.054155
-0.212022
1.299722
1.250676
0.274522
0.017200
0.494037
-1.600470
-1.986367
-0.193460
-0.360864
0.094005
-0.495400
-1.075608
-1.065731
-0.417403
-0.559262
0.669445
2.010720
1.303639
0.451803
0.837360
-0.655992
-2.602509
-0.471898
-0.110183
0.375680
0.831570
0.120572
-0.424555
-0.379937
-0.574078
-0.079700
1.761232
1.821348
1.029117
1.002039
0.305005
-2.809593
-2.285412
-0.985861
-0.928811
0.174897
0.059094
-0.321524
-0.544957
-0.659909
-1.007659
0.608308
1.534224
0.947373
0.908715
1.426935
-1.310621
-2.577305
-0.619207
-0.812156
-0.060116
0.073739
-0.321014
-0.186477
0.207765
-0.152418
0.529460
1.744202
1.474789
1.029968
1.235519
0.008174
-2.517019
-1.072543
-0.846045
-0.681537
-0.160933
-0.761918
-0.890153
-0.624486
-0.667913
-0.373806
1.394749
1.495395
0.716448
0.755957
0.662293
-2.262592
-1.939705
-0.388111
-0.763110
0.197377
-0.246082
-0.709636
-0.507150
-0.542573
-0.810623
0.930854
1.935789
1.612561
1.147134
1.543760
-0.583955
-2.219166
-0.293425
-0.573567
-0.026737
0.286954
-0.525883
-0.765324
-0.537464
-1.142536
-0.234331
1.092298
1.119375
0.539337
0.907694
0.001362
-2.623115
-1.205206
-0.656332
-0.704697
0.168937
-0.295298
-0.752551
-0.436817
-0.647477
-0.548022
1.281159
1.555681
0.997271
0.854560
0.951801
-1.629250
-1.733814
-0.117336
-0.512941
0.356436
0.231947
-0.425577
-0.406163
-0.128916
-0.918082
0.542573
1.606090
1.139641
0.666891
0.988586
-0.691584
-2.452987
-0.696012
-0.631128
-0.190735
0.178133
-0.467982
-0.787463
-0.312669
-0.896113
-0.559092
1.032012
0.928470
0.330550
0.583104
0.190054
-2.523150
-1.498801
-0.410250
-0.460488
0.552109
0.259365
-0.025034
0.138283
0.136409
-0.286443
1.251016
1.541376
0.840596
0.682047
0.965084
-1.317433
-2.001354
-0.395094
-0.639813
0.140326
-0.033379
-0.552109
-0.466619
0.126873
-0.376190
0.670297
1.779113
1.000166
0.275033
0.459296
-1.037972
-3.029789
-1.167910
-0.834976
-0.305687
0.058413
-0.700780
-0.995227
-0.716959
-0.569480
0.082425
1.984494
2.101149
1.228537
1.204014
0.662974
-2.337864
-1.454183
-0.124148
-0.076635
0.889472
0.428132
-0.223432
-0.407015
-0.677960
-0.657354
1.133169
2.098935
1.458611
1.156841
1.118353
-1.706736
-3.081390
-1.270601
-1.470872
-0.277417
-0.003917
-0.480584
-0.665358
-0.687667
-1.242842
-0.505618
1.136575
1.315900
1.037632
1.680340
0.558581
-2.289670
-0.813007
-0.837701
-0.635215
0.305176
-0.035422
-0.026226
0.384705
0.133174
0.019584
1.394749
1.215254
0.736543
1.005275
1.311472
-1.518045
-1.301595
-0.185115
-0.943286
-0.327485
-0.882149
-1.480920
-1.090595
-0.575611
-0.831400
0.748294
1.395260
0.566074
-0.112227
0.389814
-1.139811
-2.412455
-0.063011
-0.206232
0.328166
0.294958
-0.696693
-0.984498
-0.343152
-0.712190
0.365973
2.107620
1.895768
1.201970
1.059600
0.063351
-2.650704
-1.133169
-0.008856
0.098263
0.983477
0.389644
-0.389133
-0.572034
-1.007489
-1.375164
0.611203
1.166207
0.635215
0.676598
0.727347
-2.132824
-2.558231
-1.133851
-1.037802
0.244038
0.439712
-0.045129
0.083617
0.352008
-0.651394
0.335148
1.394578
1.041719
0.701462
1.358134
-0.247785
-2.104044
-0.526224
-0.755446
-0.264474
0.051090
-0.147990
-0.119720
0.380278
0.087193
0.269583
1.558406
1.024859
0.092813
0.429664
0.189032
-2.308403
-1.205887
-0.287976
-0.491483
-0.124659
-0.896113
-1.298530
-0.716448
-0.271286
-0.226838
1.645769
2.176762
1.091957
0.486204
0.674384
-1.972233
-2.295460
-0.180517
-0.138964
0.934941
0.672340
-0.184093
-0.552109
-0.550577
-0.791039
0.638621
2.235344
2.120393
1.349449
1.371077
-0.619718
-3.254925
-1.587187
-1.188346
-0.397989
0.499998
-0.001533
-0.379426
-0.530311
-0.959294
-0.618867
1.277583
1.632145
1.090765
1.276561
0.918933
-2.339738
-1.946007
-0.886406
-1.111712
-0.038658
-0.136750
-0.262260
-0.151907
-0.190394
-0.709125
0.805514
1.574414
1.225982
1.035077
1.650367
-0.524521
-1.925060
-0.182220
-0.918933
-0.255789
-0.033038
-0.568117
-0.513792
0.083276
-0.429324
0.232118
1.227515
0.777585
0.308241
0.884703
0.136069
-2.384697
-0.692265
-0.481776
-0.581741
-0.155824
-0.700440
-1.058919
-0.604732
-0.552620
-0.356606
1.520770
1.457078
0.665699
0.535761
0.730242
-1.782690
-1.477514
0.164849
-0.119380
0.602348
0.184264
-0.809431
-0.741652
-0.369208
-0.820330
0.888280
1.868520
1.310110
0.592811
0.729220
-1.236711
-2.825941
-0.748123
-0.607627
0.095027
0.552280
-0.159400
-0.730583
-0.427961
-1.164164
-0.526735
1.192433
1.022986
0.749145
1.175404
0.544786
-2.410242
-1.373121
-0.600134
-0.449760
0.387600
0.314883
-0.172513
-0.097752
-0.325271
-0.683750
0.981774
1.135554
0.530822
0.669105
1.104219
-1.361370
-1.838378
-0.451463
-0.863756
-0.006471
-0.240122
-0.456061
-0.206062
0.236375
-0.347069
0.467811
1.478876
0.663144
0.173535
0.763110
-0.627892
-2.439533
-0.447546
-0.369378
0.091110
0.260047
-0.450441
-0.499317
-0.123467
-0.047173
0.548363
2.231428
1.902069
0.788825
0.650372
-0.004939
-2.820662
-1.738242
-0.372103
-0.390666
0.437498
-0.392028
-0.983988
-1.017366
-0.938858
-0.752892
1.230070
2.225978
1.543590
1.007489
1.074246
-1.764127
-2.730404
-0.760896
-0.821182
0.319651
0.373636
-0.201975
-0.373806
-0.373636
-0.976665
0.133685
1.611880
1.528944
1.180683
1.571008
0.061137
-2.585309
-1.188687
-1.161950
-0.690392
-0.019755
-0.259536
-0.489269
-0.176600
-0.626019
-0.651223
0.958954
1.207079
0.667742
0.976665
1.123292
-1.825946
-1.465423
-0.329188
-0.776052
-0.024523
-0.286783
-0.472409
-0.173535
0.071526
-0.402076
1.070670
1.690899
1.048531
0.608478
1.088721
-0.872953
-2.178465
-0.178814
-0.655651
-0.167574
-0.136750
-0.852006
-1.202311
-0.635215
-0.849111
0.008856
1.464912
1.079696
0.457082
0.638962
-0.098773

