-2.033200
-0.882319
-0.084128
1.050234
1.533713
0.939369
-1.054491
-1.077311
0.416040
-0.083957
0.336851
0.158037
-0.900200
-1.236030
-1.457419
-2.076115
-1.327991
-0.264304
0.616142
1.760892
1.477855
-0.075442
-1.346384
0.409228
0.414678
0.484330
0.775031
-0.341960
-1.231432
-1.273326
-1.871756
-1.966953
-0.516687
0.292063
1.510722
1.599278
0.471388
-1.506295
-0.666721
0.442096
0.165360
0.744717
0.102350
-1.127039
-1.494033
-1.981429
-2.522979
-1.208782
-0.260557
0.996930
1.766682
1.218319
-0.643560
-1.116310
0.648669
0.332253
0.655821
0.699418
-0.313520
-0.952653
-1.179150
-1.987559
-1.592296
-0.254256
0.580038
1.732622
1.653603
0.292403
-1.251698
0.168426
0.517028
0.409228
0.791209
-0.274011
-1.092638
-1.148496
-1.829863
-2.128737
-0.919104
-0.114271
1.139981
1.401050
0.774520
-1.204354
-0.573226
0.687838
0.235523
0.818627
0.237908
-0.939369
-1.267024
-1.390832
-2.057212
-0.979389
-0.075953
0.937155
1.736198
1.262767
-0.477178
-1.302276
0.699248
0.604221
0.921318
0.974621
-0.357628
-1.290015
-1.474960
-2.233131
-2.059937
-0.584126
0.327485
1.335825
1.151732
-0.139134
-1.852853
-0.609670
0.058583
0.110183
0.705719
-0.022820
-1.082591
-1.011235
-1.461165
-1.993690
-0.829186
0.031505
1.293421
1.748460
0.894240
-0.992162
-0.806877
0.591619
0.252383
0.698737
0.469514
-0.787122
-1.137597
-1.351663
-2.119541
-1.087018
-0.160422
0.827483
1.761402
1.336336
-0.373977
-1.666205
-0.111546
-0.000341
0.186988
0.449419
-0.508342
-1.312324
-1.462698
-2.118690
-2.046313
-0.777074
0.137261
1.431874
1.583099
0.491653
-1.214402
-0.091110
0.674895
0.386919
0.874315
0.146627
-0.891856
-1.040016
-1.563004
-1.906497
-0.804663
0.029121
1.184429
1.672677
0.853028
-1.180513
-1.120567
0.658206
0.287635
0.492845
0.340598
-0.928811
-1.438856
-1.564196
-2.203499
-1.475470
-0.415700
0.600474
1.506295
1.226834
-0.467130
-1.663991
-0.163317
0.116144
0.309433
0.865630
-0.326633
-1.144409
-1.219000
-1.778773
-1.919440
-0.551258
0.409228
1.765830
1.971040
0.818798
-1.228707
-0.515154
0.392709
-0.011751
0.726495
0.203678
-0.795126
-1.248802
-1.840251
-2.606767
-1.458611
-0.510556
0.844683
1.686130
1.200267
-0.627381
-1.215764
0.318800
0.079700
0.361545
0.393050
-0.724282
-1.101324
-1.063006
-2.018043
-1.722915
-0.440734
0.292574
1.390321
1.402923
0.139645
-1.278945
0.214917
0.596217
0.513281
0.984498
-0.236205
-1.121589
-1.191752
-1.640320
-1.879420
-0.654800
-0.034400
1.143047
1.378230
0.506980
-1.474449
-1.004594
0.403609
0.075272
0.677790
0.164679
-1.025711
-1.355410
-1.651389
-2.309084
-1.176596
-0.149012
0.817095
1.617500
1.183748
-0.581401
-1.406159
0.342301
0.321865
0.655481
0.818457
-0.249318
-1.011917
-1.135213
-1.975298
-1.731600
-0.483309
0.413486
1.647132
1.614434
0.282015
-1.528604
-0.325271
0.462873
0.297342
0.856774
-0.053474
-1.152584
-1.419612
-2.033881
-2.224275
-1.051426
-0.217983
0.988756
1.663991
0.979049
-1.176085
-0.949247
0.472580
0.126532
0.507491
0.384365
-0.669275
-1.063006
-1.142195
-1.762935
-1.070840
-0.042234
0.791039
1.635041
1.241139
-0.411953
-1.426084
0.224965
0.319311
0.417743
0.573737
-0.652075
-1.377038
-1.383509
-1.937151
-1.889467
-0.618867
0.295809
1.558747
1.507316
0.317608
-1.638106
-0.614268
0.290530
0.029802
0.594684
-0.087363
-1.232965
-1.376356
-1.770769
-2.084630
-0.896454
-0.026226
1.305512
1.989773
1.367331
-0.621251
-0.897135
0.692265
0.361374
0.874996
0.778948
-0.616823
-1.137086
-1.329013
-2.004249
-1.558747
-0.467982
0.492505
1.517875
1.168251
-0.263793
-1.611199
-0.041723
0.130449
0.188691
0.654970
-0.458785
-1.314197
-1.297849
-1.876184
-2.023152
-0.703675
0.289338
1.632827
1.776900
0.884022
-1.048531
-0.280653
0.881127
0.423874
0.904969
0.294958
-0.863927
-1.088892
-1.484496
-2.152579
-1.070670
-0.071866
0.951971
1.826968
1.425232
-0.683921
-1.336847
0.236886
0.000000
0.413486
0.473431
-0.665699
-1.149348
-1.321861
-2.294609
-1.753058
-0.586510
0.257322
1.356261
1.406840
0.202485
-1.243693
0.222751
0.938688
0.593151
0.994205
0.081233
-0.874145
-0.919274
-1.516683
-1.759359
-0.640494
0.078848
1.307385
1.532180
0.568458
-1.507146
-1.003061
0.475475
0.204359
0.681026
0.058242
-1.209463
-1.543760
-1.541717
-2.073901
-1.152584
-0.228201
0.482287
1.382828
0.990799
-0.599623
-1.380954
0.161103
0.279801
0.490461
0.785249
-0.205551
-1.112223
-1.251698
-1.820666
-1.552956
-0.136920
0.642708
1.759189
1.704182
0.486374
-1.374313
-0.173364
0.421831
0.086852
0.735692
-0.037806
-1.123122
-1.432725
-1.787118
-2.215249
-1.009532
-0.072547
0.995057
1.517534
0.931195
-1.123462
-1.105922
0.648669
0.211511
0.667402
0.388111
-0.892878
-1.345703
-1.501015
-2.184425
-1.357624
-0.076975
1.037291
1.791545
1.360689
-0.252553
-1.497269
0.153439
0.515665
0.680344
1.194136
-0.076635
-1.042741
-0.988756
-1.869031
-1.846211
-0.711679
0.212874
1.311302
1.593488
0.494719
-1.564026
-0.613076
0.289338
-0.134877
0.500849
-0.074080
-1.211337
-1.378400
-1.675061
-2.299377
-1.149348
-0.151907
1.133680
1.770428
1.245737
-0.692606
-1.084634
0.448568
0.233991
0.685283
0.618696
-0.510727
-1.081399
-1.160588
-2.036435
-1.571689
-0.388111
0.609500
1.695667
1.350471
-0.075102
-1.392705
0.165360
0.408377
0.267029
0.741822
-0.425747
-1.392365
-1.374313
-2.009869
-2.039671
-1.043762
-0.138453
1.126017
1.284225
0.371081
-1.622779
-0.862394
0.377212
0.161273
0.787122
0.307219
-0.911100
-1.102856
-1.311813
-1.892533
-0.744547
0.022650
1.134362
1.877376
1.456397
-0.379256
-1.193966
0.621762
0.485522
0.594343
0.629595
-0.631469
-1.324926
-1.568965
-2.395766
-2.036265
-0.792061
0.242165
1.495395
1.320328
-0.058242
-1.796995
-0.455890
0.088555
-0.181709
0.547682
-0.245231
-1.181534
-1.232454
-1.755272
-2.017191
-0.869547
-0.083276
1.314368
1.804829
1.065731
-0.942775
-0.683580
0.750678
0.362737
0.876869
0.427961
-0.741482
-1.166889
-1.407351
-2.051422
-1.367160
-0.331402
0.651734
1.415695
1.081569
-0.623975
-1.483645
0.035422
0.066246
0.269243
0.565563
-0.672681
-1.448904
-1.417058
-2.014467
-1.773153
-0.468152
0.474453
1.510382
1.458781
0.361715
-1.459633
-0.292063
0.637599
0.411442
0.941072
0.155483
-0.903266
-1.105070
-1.793078
-2.113410
-0.811986
0.040872
1.284906
1.865796
1.259872
-0.938177
-1.170806
0.259195
-0.088045
0.477518
0.253575
-0.817605
-1.321350
-1.507316
-2.397980
-1.610518
-0.505277
0.468833
1.542739
1.355580
-0.264985
-1.484156
0.147309
0.422001
0.428813
0.962189
-0.130960
-1.140492
-1.198735
-1.814536
-1.874481
-0.653437
0.279290
1.475130
1.697029
0.591448
-1.392024
-0.467471
0.585147
0.196525
0.783375
0.151566
-0.899690
-1.099791
-1.491138
-2.125672
-1.040697
-0.092983
0.850133
1.530988
1.008851
-0.903266
-1.240628
0.386749
0.145776
0.483138
0.412975
-0.847067
-1.301595
-1.361881
-1.948220
-1.486370
-0.294277
0.613928
1.637254
1.587187
0.136580
-1.454013
0.023501
0.345366
0.285932
0.767708
-0.099455
-1.180342
-1.398155
-1.958779
-2.084289
-0.708784
0.222751
1.368352
1.803126
0.840425
-1.247610
-0.783716
0.568117
0.280823
0.802279
0.470366
-0.790358
-1.116140
-1.568283
-2.216271
-1.249824
-0.149523
1.013960
1.736028
1.413482
-0.483990
-1.396281
0.334978
0.262431
0.558410
0.846727
-0.367846
-1.023327
-1.158033
-1.943793
-1.804829
-0.579698
0.229052
1.634359
1.641682
0.309433
-1.513447
-0.220707
0.395605
0.092472
0.700269
-0.192097
-1.033885
-1.131296
-1.639639
-1.928466
-0.740801
0.198909
1.388448
1.810789
1.087189
-0.955548
-0.943797
0.409399
0.032868
0.611544
0.338725
-0.786441
-1.069478
-1.320158
-2.282347
-1.455716
-0.386408
0.657354
1.664162
1.324075
-0.236375
-1.275710
0.373295
0.378404
0.305176
0.567947
-0.455890
-1.313516
-1.367671
-1.966613
-1.721893
-0.660079
0.135217
1.360859
1.322542
0.332424
-1.520770
-0.363588
0.699248
0.350305
0.865630
0.068460
-1.059430
-1.129593
-1.566069
-2.152749
-0.719002
0.196866
1.171146
1.701627
1.055683
-0.921658
-1.321350
0.425066
0.173535
0.599282
0.611203
-0.543254
-1.068796
-1.321009
-2.111707
-1.707588
-0.438860
0.587021
1.671995
1.425743
-0.186988
-1.614945
-0.105074
0.103542
0.134196
0.596387
-0.342642
-1.113926
-1.276050
-1.843657
-1.843146
-0.651734
0.219686
1.459292
1.818282
0.814029
-1.066072
-0.562838
0.760215
0.386919
0.915016
0.342812
-0.840766
-1.216616
-1.504762
-2.182722
-1.128401
-0.060456
0.816413
1.570327
1.108817
-0.668083
-1.286949
0.323909
0.162806
0.519753
0.470877
-0.771284
-1.295975
-1.221895
-1.877887
-1.466274
-0.291892
0.638451
1.587527
1.479558
0.064373
-1.521111
-0.012772
0.545297
0.402076
1.019580
0.028270
-1.061133
-1.282692
-1.874822
-2.198900
-0.751189
0.082765
1.395260
1.818623
0.900371
-1.295975
-1.084464
0.392369
-0.050579
0.648499
0.283718
-0.842469
-1.154627
-1.441070
-2.197368
-1.284906
-0.254767
0.825609
1.721552
1.390321
-0.372955
-1.317603
0.334297
0.284399
0.481776
0.655992
-0.569650
-1.351493
-1.433917
-2.046483
-1.848255
-0.552450
0.277076
1.491308
1.466104
0.403438
-1.364776
-0.239611
0.540870
0.278269
0.794445
-0.115463
-1.117332
-1.205887
-1.610688
-2.045121
-0.794274
-0.062840
1.061644
1.578672
0.810964
-1.174212
-1.058068
0.510386
0.174386
0.658887
0.475475
-0.798532
-1.272985
-1.447371
-2.295971
-1.501526
-0.320843
0.657354
1.675912
1.431704
-0.193460
-1.619203
-0.122786
0.085490
0.199931
0.786952
-0.292063
-0.988756
-1.121589
-1.707077
-1.717125
-0.533036
0.341620
1.533202
1.702138
0.679834
-1.277072
-0.377723
0.709295
0.386919
0.923531
0.217812
-0.943627
-1.324245
-1.773323
-2.323219
-1.225131
-0.368357
0.819479
1.485518
1.000847
-0.885044
-1.305853
0.152247
0.036444
0.491823
0.324420
-0.793764
-1.144750
-1.128231
-1.902240
-1.458100
-0.391858
0.441074
1.614945
1.424721
-0.092302
-1.430511
0.081403
0.473091
0.271116
0.724282
-0.220197
-1.183408
-1.219511
-1.658542
-1.838378
-0.579698
0.253064
1.448393
1.719509
0.785930
-1.248121
-0.797680
0.478370
0.188010
0.808239
0.277587
-0.956059
-1.318795
-1.622609
-2.441747
-1.368523
-0.252724
0.873463
1.698732
1.265492
-0.548363
-1.255955
0.448057
0.292744

