20.584549
19.630194
18.270527
16.384295
14.152867
11.778729
9.188652
6.345510
3.330878
-0.514644
-4.281657
-7.445301
-9.983948
-12.496880
-15.130724
-17.330647
-19.085748
-21.045208
-23.015397
-25.134598
-26.879651
-28.196403
-29.136113
-28.849159
-27.839286
-26.214804
-23.806265
-21.789585
-20.358392
-18.960408
-17.198154
-14.592409
-11.852469
-9.468283
-5.814007
-0.892367
3.704003
7.600273
10.243143
12.726443
14.974390
16.652175
18.134117
19.794362
21.030733
22.360768
24.001428
25.475366
26.531560
26.273217
25.667633
24.591173
22.655215
20.916292
19.913742
18.898249
17.397574
15.426023
13.386181
11.209249
8.564336
5.783183
2.882310
-0.876018
-4.693099
-7.696492
-10.225773
-12.626478
-15.199014
-17.222507
-18.973010
-20.900965
-22.940465
-25.123869
-26.889699
-28.220585
-28.933627
-28.601374
-27.517080
-25.796039
-23.319381
-21.346126
-20.085914
-18.728120
-16.970124
-14.278378
-11.858089
-9.330852
-5.405460
-0.662804
4.008838
7.643018
10.182687
12.604850
14.865398
16.350406
18.037898
19.790275
20.954098
22.498369
24.258920
25.748866
26.717016
26.437725
25.789397
24.623190
22.679056
21.058321
20.052705
19.086940
17.596313
15.501465
13.360296
11.087486
8.425883
5.699737
2.507823
-1.376527
-5.030462
-8.050885
-10.568755
-13.169561
-15.633617
-17.636163
-19.481182
-21.482536
-23.392779
-25.461231
-27.360065
-28.675965
-29.343878
-28.839111
-27.689593
-25.696244
-23.197957
-21.223000
-20.008598
-18.562760
-16.613517
-13.691357
-11.171443
-8.611168
-4.456384
0.556707
5.171129
8.475440
10.970320
13.415813
15.482732
16.806807
18.425669
20.031588
21.239179
22.735936
24.358715
25.878804
26.580266
26.054893
25.313241
23.998703
22.137506
20.763363
19.650289
18.553564
17.023257
15.015091
12.956347
10.527543
7.878201
5.154780
1.877206
-2.038309
-5.394731
-8.221524
-10.674851
-13.240576
-15.769516
-17.546245
-19.397736
-21.459545
-23.352759
-25.347301
-26.980639
-28.375728
-28.913362
-28.313228
-27.112791
-25.225878
-22.773743
-20.932300
-19.837618
-18.448489
-16.446795
-13.618640
-11.231218
-8.567061
-4.563672
0.373977
4.923003
8.249964
10.918038
13.502155
15.490566
17.076731
18.663066
20.187582
21.461078
23.148741
24.744783
26.199988
26.755674
26.279007
25.452375
23.977246
22.116048
20.800318
19.811222
18.711942
17.063788
14.928579
12.854338
10.404587
7.610662
4.880088
1.446349
-2.505098
-5.927597
-8.739914
-11.103494
-13.656787
-16.304255
-18.260309
-20.246676
-22.257056
-24.214983
-26.262999
-27.740172
-28.885092
-29.379981
-28.610911
-27.268784
-25.143112
-22.690126
-20.995140
-19.747019
-18.158129
-15.731709
-12.905257
-10.605880
-7.636206
-3.399338
1.444135
5.867822
8.960111
11.517661
14.000109
15.906947
17.387356
19.086599
20.407098
21.489177
23.155553
24.802685
26.321411
26.681423
26.019301
25.368929
23.765394
21.829265
20.409312
19.505705
18.336432
16.500098
14.402866
12.414115
9.896074
7.140807
4.376684
0.834295
-3.033706
-6.314175
-9.019545
-11.374269
-13.858250
-16.272749
-18.063613
-20.143134
-21.991389
-23.910148
-26.077884
-27.478252
-28.525250
-28.840133
-28.128624
-26.841845
-24.618762
-22.251947
-20.635298
-19.427197
-18.017122
-15.579121
-12.912750
-10.625124
-7.536922
-3.040688
1.890830
6.014960
9.041684
11.663607
14.181307
15.917165
17.262527
18.969774
20.261492
21.449498
23.088625
24.785314
26.215485
26.505845
25.771516
25.012323
23.423093
21.621670
20.406076
19.539084
18.378496
16.599553
14.531442
12.444258
9.905270
7.205691
4.298176
0.630447
-3.364938
-6.688152
-9.369339
-11.674677
-14.272588
-16.625098
-18.478632
-20.536695
-22.461755
-24.326869
-26.333332
-27.769804
-28.929370
-29.060330
-28.202023
-26.745115
-24.416617
-22.071430
-20.544699
-19.386496
-17.767463
-15.325206
-12.530088
-10.398286
-7.044077
-2.471719
2.427442
6.530455
9.427241
11.912584
14.377832
16.176190
17.551524
19.294194
20.630700
21.906069
23.557629
25.168317
26.524237
26.601383
25.940793
24.947269
23.152658
21.420547
20.232712
19.182478
17.925671
16.143833
13.979333
11.861154
9.344135
6.664651
3.769057
0.172343
-3.729718
-6.984643
-9.567738
-11.899131
-14.529909
-16.820431
-18.565484
-20.540782
-22.602422
-24.546725
-26.463611
-27.942828
-29.032230
-28.993232
-28.113297
-26.525259
-24.211918
-21.840334
-20.392793
-19.044025
-17.527172
-15.009982
-12.393679
-10.051046
-6.590230
-1.927444
2.937317
6.874289
9.753874
12.170247
14.511006
16.324180
17.597505
19.309521
20.476750
21.838120
23.545367
25.130681
26.436874
26.492051
26.033946
25.071417
23.077386
21.287884
20.218917
19.414765
18.101760
16.207354
14.001642
11.803763
9.281976
6.489754
3.561292
-0.097752
-4.065548
-7.283688
-9.750468
-12.094804
-14.645542
-16.852788
-18.613168
-20.659651
-22.619452
-24.746146
-26.606832
-27.961901
-28.911488
-28.887136
-27.964626
-26.506015
-24.188757
-21.929060
-20.607880
-19.202914
-17.502478
-14.868634
-12.277705
-9.838343
-6.341253
-1.532350
3.214734
7.077796
9.943758
12.465034
14.785869
16.408137
18.028872
19.806794
20.936387
22.234746
23.863656
25.533267
26.778494
26.594230
25.986263
24.945395
23.020165
21.266767
20.117079
19.173282
17.755713
15.790633
13.749259
11.544738
8.882284
6.272793
3.215756
-0.577824
-4.303626
-7.538966
-10.164465
-12.499946
-14.969281
-17.075709
-19.090516
-20.974023
-22.920881
-24.997677
-26.865857
-28.138331
-28.968368
-28.749534
-27.650254
-26.121821
-23.619618
-21.446943
-20.081656
-18.840177
-17.183678
-14.466558
-11.930977
-9.766306
-5.917890
-1.151051
3.621408
7.246052
9.935583
12.344803
14.785698
16.391107
17.974717
19.788912
21.016768
22.329433
23.961748
25.604112
26.696580
26.438747
25.722640
24.610077
22.769826
21.065303
20.010131
18.884965
17.572982
15.565157
13.456004
11.225087
8.610998
5.907161
2.850124
-0.941753
-4.824059
-7.752350
-10.253021
-12.600763
-15.131916
-17.099210
-18.937077
-21.109922
-23.025274
-25.147540
-27.003288
-28.346777
-29.154505
-28.765542
-27.681930
-25.952203
-23.420368
-21.429402
-20.091874
-18.695933
-16.849552
-14.067037
-11.479684
-9.113380
-5.246401
-0.418936
4.307202
7.803099
10.427747
12.903384
15.064308
16.636167
18.272911
19.949164
20.972661
22.544009
24.134432
25.598833
26.657922
26.366370
25.796550
24.485758
22.612299
21.019152
19.936391
18.895013
17.520360
15.565668
13.537407
11.202097
8.377859
5.692584
2.529281
-1.395941
-5.106926
-8.076429
-10.493142
-12.986319
-15.564135
-17.573323
-19.417320
-21.457161
-23.490872
-25.534289
-27.228424
-28.473990
-29.257025
-28.796537
-27.568000
-25.750399
-23.334537
-21.459375
-20.130192
-18.685034
-16.729150
-13.919388
-11.438813
-8.797646
-4.827125
0.065395
4.714217
8.170434
10.831697
13.303927
15.536206
16.996690
18.771376
20.312922
21.332673
22.856338
24.512325
25.971447
26.654346
26.225873
25.500740
24.224349
22.256885
20.759617
19.719601
18.677711
17.124585
15.157631
13.140270
10.727814
7.980040
5.276714
2.036265
-1.808064
-5.354200
-8.313996
-10.848556
-13.279574
-15.782799
-17.741578
-19.598518
-21.591527
-23.579768
-25.578397
-27.274915
-28.438738
-29.053688
-28.436354
-27.198962
-25.405203
-22.804737
-20.961421
-19.776140
-18.346310
-16.183172
-13.378007
-11.137383
-8.461305
-4.356078
0.488758
5.012751
8.161749
10.914121
13.361999
15.438625
16.804423
18.547773
20.138706
21.345786
22.899423
24.443354
26.052168
26.829754
26.304722
25.606837
24.187905
22.264549
20.704951
19.814628
18.715518
17.082010
15.071460
13.003009
10.588169
7.821662
5.106245
1.596212
-2.176932
-5.741460
-8.543559
-11.029754
-13.469458
-15.994140
-17.894166
-19.813265
-21.854469
-23.673262
-25.781734
-27.499710
-28.764520
-29.297726
-28.562546
-27.238812
-25.355816
-22.854805
-21.135807
-19.880874
-18.424136
-16.272749
-13.239213
-10.928767
-8.163622
-3.792388
1.099791
5.563498
8.733273
11.281797
13.735465
15.803235
17.191683
18.890074
20.314455
21.536180
23.057290
24.674279
26.068347
26.638848
26.118926
25.268963
23.898397
22.011995
20.600217
19.720963
18.442018
16.769341
14.841897
12.737513
10.253702
7.497243
4.764455
1.270941
-2.695322
-6.068604
-8.840050
-11.187962
-13.767992
-16.180958
-18.034833
-19.978625
-21.951709
-23.925815
-25.904519
-27.455602
-28.646673
-29.040405
-28.271505
-26.971953
-24.815628
-22.440978
-20.721299
-19.509792
-18.069404
-15.882083
-13.054609
-10.755914
-7.714033
-3.416027
1.434258
5.752359
8.859975
11.503526
13.862678
15.749591
17.291307
18.999066
20.371165
21.723509
23.376431
25.010790
26.416779
26.708841
26.126759
25.295019
23.674965
21.693366
20.463978
19.538232
18.347331
16.495500
14.469113
12.304613
9.837151
7.116965
4.278251
0.833443
-3.142697
-6.521089
-9.272950
-11.559895
-14.174325
-16.551018
-18.470458
-20.436389
-22.419691
-24.341004
-26.258741
-27.720758
-28.863805
-29.197250
-28.333323
-26.877608
-24.678026
-22.173609
-20.638364
-19.357886
-17.749071
-15.415805
-12.715544
-10.396753
-7.263252
-2.724273
2.196687
6.261212
9.151357
11.678593
14.094285
15.861477
17.357724
19.077744
20.482710
21.722828
23.478099
25.114843
26.507378
26.683637
25.972979
25.109734
23.434332
21.719081
20.518814
19.495317
18.272911
16.288928
14.230864
12.174674
9.580680
6.844657
4.018886
0.450271
-3.481763
-6.685768
-9.355715
-11.708396
-14.289958
-16.566685
-18.347672
-20.421062
-22.304058
-24.305412
-26.306425
-27.811527
-28.971434
-29.136113
-28.213092
-26.774917
-24.505172
-22.109066
-20.591191
-19.444227
-17.715522
-15.309198
-12.565681
-10.267837
-6.986346
-2.233131
2.582244
6.613050
9.473392
12.053592
14.489549
16.260147
17.687082
19.381727
20.761830
22.123711
23.703064
25.287185
26.532752
26.582820
25.814261
24.889026
23.121664
21.404539
20.265239
19.306796
18.099887
16.261850
14.148099
11.892659
9.381771
6.734814
3.825596
0.000681
-3.865276
-7.139444
-9.738377
-12.201071
-14.723880
-16.940832
-18.776996
-20.852259
-22.820234
-24.703400
-26.547568
-28.035470
-29.033422
-28.882027
-27.828898
-26.234729
-23.883411
-21.510465
-20.137174
-18.907785
-17.333201
-14.799152
-12.252671
-9.914466
-6.429468
-1.657009
3.165177
7.008144
9.829487
12.193578
14.509814
16.319922
17.804418
19.509963
20.727260
22.136484
23.699318
25.301320
26.558638
26.479278
25.785651
24.708850
22.812741
21.154540
20.079953
19.080128
17.754180
15.857390
13.729504
11.567729
8.973564
6.287609
3.382308
-0.395775
-4.220009
-7.278408
-9.824889
-12.179102
-14.775991
-16.970124
-18.804414
-20.780223
-22.757905
-24.848155
-26.760442
-28.024401
-28.947081
-28.884070
-27.887481
-26.310342
-23.943697
-21.729810
-20.348855
-19.024611
-17.295224
-14.779057
-12.147938
-9.804283
-6.189687
-1.390491
3.435271
7.214887
9.816374
12.376479
14.594453
16.331843
17.950365
19.668000
20.948478
22.298098
23.988996
25.675978
26.742390
26.648045
26.048762
24.945906
23.033960
21.340506

