-11.768852
-15.518836
-18.918003
-22.011484
-24.900436
-26.931763
-28.374365
-30.073268
-32.194172
-34.256663
-34.514666
-34.168788
-33.515011
-32.308272
-30.798742
-28.721264
-26.110581
-23.690462
-21.028008
-18.044029
-14.668022
-10.741438
-6.676742
-2.441236
1.622949
5.505766
9.499618
13.189486
16.168356
19.141947
22.157431
24.564607
26.515211
27.857167
29.328210
31.126567
32.410792
33.265182
33.403635
33.171688
32.197407
30.389513
27.854613
25.126934
22.381885
19.526652
16.500098
13.581855
11.083399
7.781982
4.064696
0.319311
-3.883498
-8.157151
-11.942727
-15.787057
-19.284146
-22.547756
-25.344236
-27.237109
-28.844220
-30.662843
-32.732827
-34.516879
-34.911633
-34.556900
-33.953020
-32.644612
-31.114987
-28.850010
-26.164395
-23.660319
-20.955631
-17.959050
-14.552389
-10.611159
-6.323883
-2.102341
2.038649
6.012576
10.163954
13.961451
16.860110
19.917829
22.820064
25.322778
26.969739
28.408425
29.918977
31.616688
32.893419
33.585344
33.595221
33.145291
32.042095
29.896838
27.401107
24.748019
21.809510
19.000769
15.965189
13.086115
10.549682
7.233449
3.471545
-0.313180
-4.586322
-8.809566
-12.630224
-16.325372
-19.601754
-22.829601
-25.517089
-27.266741
-28.816462
-30.539547
-32.808440
-34.504448
-34.555537
-34.284762
-33.502749
-32.217162
-30.516386
-28.255326
-25.710378
-23.353951
-20.541804
-17.445769
-14.256239
-10.245357
-6.081547
-1.846552
2.233812
6.321669
10.396242
14.046431
16.826902
19.856351
22.778000
25.294168
27.030025
28.341668
29.933453
31.753949
33.038514
33.442974
33.406360
32.971927
31.737430
29.509408
26.964120
24.256877
21.460397
18.584047
15.480007
12.825217
10.199887
6.723404
3.010716
-0.750508
-4.888773
-8.830513
-12.774297
-16.560214
-19.837958
-22.966862
-25.469916
-27.306250
-28.821060
-30.651263
-33.089433
-34.639154
-34.481628
-34.201315
-33.435481
-32.136440
-30.441454
-27.894293
-25.376763
-23.080111
-20.182303
-17.021724
-13.561589
-9.648630
-5.432367
-1.183919
2.958264
6.872926
10.925361
14.506238
17.177548
20.201717
23.065635
25.428874
27.100359
28.462240
29.834849
31.543459
32.774380
33.231633
33.362423
32.900572
31.525237
29.451506
26.752608
23.952382
21.150623
18.270356
15.110288
12.360641
9.571484
6.074905
2.317429
-1.576798
-5.772965
-9.671109
-13.533490
-17.227445
-20.495994
-23.681436
-26.008061
-27.624198
-29.188054
-30.952522
-33.274889
-34.543616
-34.345048
-34.005642
-32.945531
-31.503439
-29.874529
-27.400936
-24.996315
-22.522041
-19.605160
-16.485112
-12.846845
-8.688484
-4.624128
-0.316586
3.776210
7.767848
11.841910
15.168701
17.905235
20.976237
23.957321
26.132379
27.599335
29.019628
30.537333
31.988280
33.130986
33.428669
33.348288
32.744578
31.241860
28.918300
26.315621
23.382562
20.407268
17.503841
14.465196
11.946304
9.094306
5.340746
1.816239
-2.123288
-6.421123
-10.489055
-14.223371
-17.819745
-21.093232
-24.185521
-26.383400
-28.032235
-29.691969
-31.576668
-33.910275
-34.921340
-34.644433
-34.239803
-33.166749
-31.629120
-29.822418
-27.267081
-24.999040
-22.376605
-19.275972
-16.312599
-12.531281
-8.318595
-4.200935
-0.040872
3.925562
8.012056
12.100765
15.447991
18.270527
21.258422
24.186884
26.226555
27.634416
29.126235
30.736923
32.416582
33.263820
33.516543
33.548219
32.902956
31.245266
28.792279
26.131357
23.247004
20.338297
17.384972
14.396395
11.879035
8.977992
5.115441
1.518556
-2.430507
-6.660904
-10.512386
-14.242445
-17.742429
-20.980494
-24.016244
-26.166609
-27.800798
-29.398033
-31.449795
-33.744744
-34.721409
-34.506321
-34.085512
-32.825129
-31.422717
-29.573441
-27.009760
-24.646350
-22.038392
-18.896886
-15.764066
-12.034859
-7.977145
-3.819636
0.345196
4.419429
8.497408
12.518678
15.655586
18.328088
21.409478
24.092368
26.101044
27.381522
28.849670
30.480964
32.038518
32.921008
33.164535
32.939570
32.209328
30.549083
28.092010
25.509766
22.782087
20.029885
17.117092
14.132772
11.690514
8.665153
4.993847
1.199245
-2.897637
-6.989752
-10.886022
-14.730692
-18.269505
-21.419185
-24.458000
-26.531560
-28.078726
-29.639687
-31.716313
-33.852884
-34.563031
-34.358331
-33.877066
-32.636438
-31.221083
-29.319354
-26.737792
-24.302857
-21.858726
-18.735102
-15.501125
-11.731556
-7.649490
-3.433909
0.663655
4.743849
8.742980
12.834072
15.975237
18.899270
21.843059
24.537359
26.428699
27.833496
29.355628
30.996970
32.607487
33.370938
33.697741
33.411639
32.471759
30.798571
28.156894
25.453057
22.453240
19.724539
16.787563
13.735976
11.225598
8.113555
4.597221
0.832592
-3.468820
-7.701601
-11.459759
-15.109607
-18.609592
-21.896362
-24.881533
-26.973827
-28.442996
-30.083486
-32.128266
-34.119061
-34.817627
-34.521478
-33.879110
-32.582624
-31.027964
-28.893266
-26.216677
-23.858207
-21.147728
-18.162046
-14.879363
-10.989564
-6.840229
-2.697366
1.412630
5.288124
9.284530
13.281448
16.190325
19.094944
22.109066
24.681943
26.484728
27.906895
29.334341
31.037842
32.372304
33.111572
33.325297
33.041750
32.041073
30.111074
27.762141
25.140388
22.206817
19.347497
16.342912
13.469969
11.037588
7.821151
4.122598
0.398840
-3.778083
-7.954836
-11.774131
-15.477964
-18.948998
-22.175482
-24.934837
-26.912519
-28.495448
-30.043125
-32.290050
-34.329551
-34.582615
-34.486737
-33.987250
-32.665048
-31.065941
-28.944526
-26.614496
-24.122511
-21.423612
-18.350908
-15.097346
-11.132104
-6.903410
-2.725976
1.489946
5.299194
9.538106
13.467073
16.505718
19.375937
22.316320
24.951185
26.701518
27.811357
29.415744
31.138999
32.554695
33.176626
33.389671
32.978398
32.104424
30.113799
27.593715
25.013004
22.174290
19.259623
16.169207
13.415132
10.947159
7.594654
3.787449
-0.018563
-4.191058
-8.428267
-12.222869
-16.160352
-19.417831
-22.626264
-25.449821
-27.265889
-28.818675
-30.481815
-32.700300
-34.444332
-34.789869
-34.373488
-33.671004
-32.233851
-30.628102
-28.302670
-25.709357
-23.485592
-20.658800
-17.596994
-14.358929
-10.417019
-6.260702
-2.033540
2.078669
6.019047
10.197163
13.894013
16.790628
19.734757
22.675310
25.155033
26.911838
28.118065
29.621465
31.269278
32.658407
33.177137
33.267736
32.888140
31.707627
29.701846
27.259077
24.523394
21.594422
18.831151
15.711784
12.783323
10.343960
6.985153
3.349781
-0.508513
-4.631962
-8.739914
-12.622220
-16.388212
-19.615378
-22.695575
-25.267601
-27.139017
-28.869595
-30.515364
-32.796008
-34.557070
-34.647839
-34.377745
-33.567292
-32.205241
-30.607837
-28.306416
-25.778328
-23.395334
-20.670039
-17.542839
-14.034680
-10.027034
-5.917379
-1.716784
2.496072
6.412779
10.493313
14.061757
16.985450
20.087617
23.022720
25.399072
27.044841
28.404849
29.806580
31.546354
32.802480
33.457960
33.586877
33.070871
31.914541
29.683624
27.249881
24.393627
21.427018
18.593924
15.577248
12.753861
9.975093
6.513255
2.652577
-1.158374
-5.412613
-9.424005
-13.175862
-16.827072
-20.123550
-23.129157
-25.682790
-27.514015
-29.133899
-30.843019
-33.103739
-34.543276
-34.433603
-34.135580
-33.419303
-31.984704
-30.328887
-28.009585
-25.452035
-23.035492
-20.137685
-16.957011
-13.489212
-9.393692
-5.272116
-1.044273
3.061465
6.821326
11.072159
14.679773
17.412049
20.391941
23.397548
25.683982
27.077028
28.392758
29.886109
31.505312
32.691104
32.999516
33.173561
32.600675
31.239646
28.947251
26.483025
23.745298
21.011318
18.142291
15.036038
12.440171
9.895563
6.320136
2.625840
-1.259020
-5.441053
-9.583575
-13.232912
-16.930444
-20.235096
-23.294687
-25.729963
-27.430398
-29.083150
-30.782563
-33.261946
-34.420320
-34.344196
-33.998830
-33.145802
-31.616517
-29.963085
-27.544328
-25.115183
-22.721801
-19.681624
-16.605854
-13.228995
-9.193761
-5.086660
-0.842469
3.307206
7.131781
11.258636
14.686244
17.468078
20.484584
23.333686
25.802340
27.267081
28.628962
30.336721
31.921693
33.109188
33.441612
33.434119
32.767398
31.473466
29.144968
26.550634
23.748193
20.977940
17.994813
14.909506
12.166841
9.409530
5.777223
1.929488
-1.800231
-5.954334
-9.964023
-13.641630
-17.449515
-20.725386
-23.694549
-26.094573
-27.807951
-29.378278
-31.185661
-33.522163
-34.695183
-34.523351
-34.185818
-33.162151
-31.751565
-29.937540
-27.399915
-24.971621
-22.467886
-19.504343
-16.331502
-12.820278
-8.761883
-4.652398
-0.423023
3.615277
7.664646
11.766979
15.184709
17.994472
20.954268
23.747172
25.957312
27.480807
28.860399
30.413696
32.033920
33.013650
33.451659
33.457790
32.767398
31.151601
28.937204
26.256357
23.437909
20.715679
17.827068
14.751809
12.139593
9.172985
5.506618
1.728364
-2.243178
-6.573881
-10.451249
-14.246872
-17.908471
-21.261999
-24.277142
-26.631696
-28.280190
-29.872826
-31.835692
-33.968687
-34.945522
-34.705060
-34.326996
-33.119236
-31.662158
-29.786825
-27.278321
-24.850879
-22.287028
-19.220625
-15.912737
-12.169736
-8.035898
-3.989765
0.296661
4.386732
8.359296
12.546778
15.729666
18.524272
21.702051
24.373531
26.339974
27.720928
29.058456
30.666249
32.182421
33.040898
33.166238
33.099311
32.334839
30.616862
28.184993
25.536673
22.756372
19.891773
17.117092
14.154400
11.642490
8.716583
4.981416
1.293250
-2.692768
-6.732089
-10.554280
-14.379195
-17.837797
-21.175657
-24.106673
-26.190281
-27.821745
-29.482331
-31.421014
-33.573423
-34.398181
-34.103223
-33.659424
-32.496282
-31.071390
-29.146160
-26.578733
-24.340323
-21.732024
-18.737657
-15.649966
-12.026344
-7.999454
-3.939186
0.240122
4.194294
8.136375
12.191534
15.367780
18.111808
21.300486
23.977927
26.008742
27.434656
28.928518
30.738456
32.242707
33.122812
33.437525
33.365488
32.649721
31.029156
28.596946
25.824990
23.116214
20.315988
17.241069
14.261689
11.696305
8.621727
4.753556
1.040356
-3.097739
-7.297652
-11.172295
-15.028885
-18.483400
-21.671908
-24.681432
-26.878289
-28.414045
-29.972621
-32.049928
-34.331594
-34.930536
-34.703697
-34.136432
-32.917602
-31.316962
-29.249532
-26.685851
-24.341004
-21.726915
-18.513032
-15.194757
-11.430808
-7.311446
-2.991302
1.261745
5.291189
9.297473
13.389758
16.387360
19.217219
22.184168
24.728945
26.514700
27.825151
29.276780
30.935832
32.409770
33.080408
33.243213
32.879114
31.870604
30.198438
27.691126
25.035654
22.172417
19.452742
16.371352
13.430970
10.951587
7.797480
4.053116
0.257151
-3.910235
-7.949727
-11.749608
-15.520709
-18.922431
-22.109236
-24.973665
-26.937212
-28.486592
-30.095577
-32.210520
-34.273182
-34.736565
-34.419298
-33.888647
-32.599313
-31.095403
-28.976202
-26.473318
-24.048431
-21.409137
-18.353462
-15.147584
-11.179107
-7.044247
-2.954176
1.244204
5.176749
9.303434
13.284002
16.304765
19.280570
22.346803
24.815117
26.655027
27.977569
29.473305
31.223978
32.724483
33.477034
33.516373
33.311503
32.175268
30.338253
27.929204
25.211232
22.415945
19.516775
16.476767
13.682331
11.055470
7.853338
4.154614
0.353370
-3.842456
-8.014611

