24.648735
23.118768
21.733727
20.164251
18.044540
15.834400
13.658830
11.052745
8.136715
4.878385
1.772812
-1.992328
-5.775349
-8.713518
-11.318411
-13.836282
-16.285692
-18.741574
-20.674467
-22.450856
-24.021353
-25.175810
-26.035309
-26.360239
-26.643617
-26.734386
-26.007891
-24.776799
-22.958176
-20.892450
-19.223520
-17.233917
-14.504535
-11.869328
-9.061609
-6.165164
-3.374815
-0.357968
2.124991
4.966259
8.128541
11.011873
13.031960
14.718090
16.295569
18.114873
19.772053
20.896537
22.236449
23.432459
24.839469
25.682620
25.357689
24.797065
23.886987
22.417307
21.068709
19.382068
17.380204
15.322651
12.978997
10.353497
7.594313
4.578318
1.353025
-2.382483
-6.043570
-8.791345
-11.405945
-13.933693
-16.421931
-18.869979
-20.806789
-22.607871
-24.216686
-25.325673
-26.021174
-26.404517
-26.689427
-26.705946
-25.812047
-24.447782
-22.671052
-20.613670
-19.053221
-16.913414
-14.459917
-11.774472
-8.978503
-6.323031
-3.398827
-0.435965
2.072368
4.915851
8.201599
10.831526
12.900829
14.666149
16.206162
18.138034
19.866398
21.052020
22.479296
23.845945
25.263514
26.005336
25.645835
24.999891
23.931095
22.576196
21.318027
19.517115
17.436743
15.295403
12.954984
10.304110
7.227830
4.161937
1.014301
-2.798694
-6.308215
-9.121554
-11.623928
-14.254195
-16.902515
-19.418512
-21.160671
-22.839137
-24.555581
-25.559493
-26.231664
-26.543651
-26.840142
-26.674271
-25.778328
-24.288212
-22.453581
-20.374060
-18.692017
-16.275133
-13.634818
-11.075394
-8.292028
-5.396434
-2.367837
0.286613
2.819470
5.775860
8.922645
11.345318
13.238703
14.839343
16.433001
18.338646
19.839491
21.149942
22.531748
23.805584
25.130851
25.682790
25.348323
24.872507
23.520333
22.048780
20.782777
19.071613
17.096996
14.918191
12.577432
9.897096
6.776026
3.647123
0.547171
-3.288133
-6.692580
-9.371042
-11.916671
-14.241764
-16.805955
-19.264051
-20.974534
-22.674118
-24.153505
-25.322097
-25.905030
-26.113476
-26.346956
-26.263850
-25.331804
-23.843731
-22.187574
-20.338978
-18.739189
-16.329288
-13.627495
-10.899816
-8.323022
-5.534036
-2.554144
0.129938
2.777747
5.882808
8.984464
11.675528
13.544219
15.177386
16.939129
18.923112
20.270177
21.445921
22.740705
24.050644
25.316136
25.733880
25.412866
24.895498
23.563249
22.116218
20.704951
18.810034
16.848360
14.701400
12.283666
9.712662
6.581034
3.429822
0.029973
-3.987040
-7.280793
-9.920256
-12.648276
-15.141453
-17.748901
-19.964150
-21.685873
-23.497002
-24.923427
-25.925977
-26.676144
-26.807444
-26.902131
-26.493924
-25.299106
-23.759604
-21.879843
-20.008428
-18.134969
-15.715701
-13.106380
-10.272094
-7.549695
-4.730906
-1.648494
0.924553
3.519058
6.584951
9.627002
12.071133
14.024462
15.533141
17.174993
19.129344
20.428044
21.713121
22.918837
24.081298
25.529521
25.707313
25.301320
24.582658
23.318870
21.936212
20.366907
18.391950
16.423975
14.225755
11.777367
9.097712
5.929981
2.853700
-0.516687
-4.470689
-7.609640
-10.153396
-12.689488
-15.077932
-17.806462
-19.831487
-21.405731
-23.383413
-24.716173
-25.636128
-26.256016
-26.573113
-26.827710
-26.331970
-25.136982
-23.525613
-21.640914
-19.986289
-18.122026
-15.734945
-13.151850
-10.320118
-7.533176
-4.552262
-1.699073
0.858137
3.653594
6.790161
9.738207
11.965547
13.823680
15.375103
17.102276
18.959556
20.343576
21.638189
22.963967
24.122681
25.328568
25.524412
25.162867
24.514198
23.249047
21.935531
20.471982
18.512351
16.441005
14.191355
11.766808
8.926051
5.741801
2.607618
-0.954866
-4.817418
-7.783856
-10.387216
-12.957028
-15.483243
-18.110956
-20.139728
-21.624735
-23.424285
-24.723496
-25.737456
-26.263850
-26.503120
-26.619264
-26.066474
-24.824142
-23.224694
-21.397727
-19.664764
-17.817531
-15.280417
-12.811422
-9.903737
-7.107769
-4.209110
-1.285076
1.264129
3.880773
7.052932
10.064500
12.245008
14.126301
15.718596
17.496518
19.308158
20.547935
21.890061
23.109913
24.411338
25.463104
25.437049
25.119611
24.346624
22.843395
21.502461
20.009109
17.939806
15.876634
13.656446
11.190857
8.351633
5.260195
2.174718
-1.436642
-5.182028
-8.042880
-10.609797
-13.199874
-15.657289
-18.283640
-20.473685
-22.091014
-23.766586
-25.056601
-25.947094
-26.318857
-26.637997
-26.726382
-26.209695
-24.838958
-23.183652
-21.089826
-19.402334
-17.425333
-14.914274
-12.252331
-9.451764
-6.720849
-3.812313
-0.984498
1.662288
4.305840
7.467440
10.488544
12.468100
14.253684
15.689305
17.597675
19.435031
20.672934
22.009441
23.319551
24.798768
25.785310
25.575502
25.147200
24.415425
23.202556
21.898746
20.298788
18.130541
15.986647
13.752495
11.155435
8.290325
5.221878
1.974276
-1.741307
-5.438157
-8.330345
-10.854517
-13.399635
-15.852792
-18.444061
-20.401137
-22.127628
-23.839985
-25.051662
-25.935684
-26.464803
-26.783603
-26.976040
-26.323114
-24.912868
-23.260117
-21.162033
-19.446271
-17.438616
-14.922108
-12.205158
-9.382452
-6.518364
-3.644569
-0.771114
1.854386
4.605736
7.772446
10.562795
12.832710
14.679432
16.178063
18.001454
19.683157
20.955971
22.374051
23.516076
24.907419
25.815623
25.625740
25.153841
24.236781
22.834029
21.478959
19.814457
17.842225
15.727111
13.364043
10.982071
7.998773
4.881450
1.842976
-2.031156
-5.849259
-8.601121
-11.085102
-13.622556
-16.374588
-18.774952
-20.667485
-22.384099
-24.053540
-25.174447
-25.942326
-26.365348
-26.565960
-26.751927
-25.873695
-24.445738
-22.655896
-20.722662
-19.165448
-17.061234
-14.583213
-12.207712
-9.279081
-6.516831
-3.540686
-0.713042
1.843827
4.569803
7.913794
10.669572
12.739045
14.601605
16.177722
18.002817
19.650459
20.974193
22.403172
23.594413
24.899585
25.742735
25.539739
25.018113
24.101223
22.531748
21.376269
19.622530
17.515932
15.405076
13.088669
10.520560
7.607426
4.588195
1.278945
-2.385889
-6.074394
-8.797646
-11.401858
-13.795921
-16.356877
-19.007240
-20.772559
-22.497518
-24.193866
-25.309665
-26.102066
-26.429381
-26.682275
-26.696239
-25.768961
-24.379832
-22.555419
-20.540442
-18.920898
-16.711439
-14.065334
-11.508976
-8.671454
-5.882638
-2.836840
-0.126702
2.405133
5.247423
8.345842
11.076927
13.147252
14.900821
16.365562
18.376112
19.891773
20.987988
22.418158
23.667812
25.163208
25.744268
25.539398
25.036676
23.933819
22.488662
21.298613
19.585405
17.582519
15.367270
12.889079
10.319097
7.315193
4.134689
0.864949
-3.016165
-6.538630
-9.294408
-11.873586
-14.309032
-16.863006
-19.288915
-21.163225
-22.844587
-24.391753
-25.480475
-26.258911
-26.564257
-26.699815
-26.649577
-25.757551
-24.400779
-22.540092
-20.545891
-18.896716
-16.656603
-14.012200
-11.271749
-8.551564
-5.661930
-2.705540
0.142370
2.719845
5.653415
8.936950
11.512211
13.680458
15.301194
16.764232
18.734421
20.266942
21.398919
22.601570
23.840836
25.161845
25.772878
25.432280
24.914401
23.747001
22.324153
20.987988
19.255195
17.221996
14.986481
12.547459
9.957722
6.948539
3.888948
0.677109
-3.264461
-6.815706
-9.469305
-11.989389
-14.496361
-17.054932
-19.411019
-21.155902
-22.852932
-24.437904
-25.433643
-26.144300
-26.383059
-26.592357
-26.566812
-25.424276
-23.934501
-22.123711
-20.192521
-18.380540
-16.084058
-13.608592
-10.965381
-8.203132
-5.370719
-2.439874
0.167404
2.861704
5.781140
8.895738
11.324201
13.375963
15.090704
16.797270
18.736294
20.102944
21.412373
22.830452
24.001428
25.361776
25.810003
25.460039
24.824824
23.674284
22.207839
20.776136
18.935885
16.889572
14.664616
12.234109
9.665489
6.453821
3.555332
0.195333
-3.682375
-7.076093
-9.589706
-12.214354
-14.684371
-17.291137
-19.588811
-21.170207
-22.974185
-24.574995
-25.644473
-26.361261
-26.532922
-26.693685
-26.605300
-25.464637
-23.984228
-22.072622
-20.187412
-18.519674
-15.899965
-13.349227
-10.643516
-7.733107
-4.969665
-1.933234
0.661441
3.237384
6.226301
9.433201
11.780943
13.715199
15.280587
17.007078
18.836941
20.208870
21.366222
22.756883
24.041619
25.243759
25.724683
25.336572
24.688584
23.500749
21.943195
20.580292
18.890415
16.822985
14.636006
12.177740
9.494850
6.300892
3.109830
-0.291892
-4.237209
-7.351807
-9.919916
-12.413604
-14.837129
-17.445428
-19.705977
-21.430424
-23.212773
-24.659123
-25.641067
-26.257038
-26.427167
-26.623692
-26.278325
-25.209870
-23.607527
-21.764381
-19.992590
-18.240043
-15.727111
-13.035536
-10.247912
-7.592780
-4.877022
-1.959630
0.743525
3.451790
6.512914
9.574720
12.068919
13.924837
15.460082
17.268658
19.163404
20.494631
21.758420
23.013353
24.343729
25.556087
25.724343
25.182962
24.546555
23.187740
21.806955
20.280736
18.435035
16.332865
14.166491
11.724915
8.933544
5.862713
2.689872
-0.775712
-4.658018
-7.633311
-10.246720
-12.772424
-15.345642
-18.037217
-20.248209
-21.901812
-23.589134
-24.868761
-25.804724
-26.416949
-26.621648
-26.739325
-26.360239
-25.081464
-23.562227
-21.571091
-19.677026
-17.891952
-15.410525
-12.778044
-10.045086
-7.340567
-4.403251
-1.572030
0.878572
3.641503
6.824732
9.848901
12.175526
13.985804
15.475920
17.200879
19.110612
20.457336
21.858897
23.194551
24.467536
25.634766
25.688069
25.343725
24.615186
23.141248
21.789925
20.190648
18.282277
16.341891
14.055967
11.529582
8.690017
5.573205
2.443790
-1.020942
-4.869018
-7.816894
-10.379723
-12.913091
-15.393496
-18.118961
-20.105498
-21.751949
-23.531403
-24.854626
-25.827033
-26.388679
-26.567323
-26.755844
-26.288203
-24.972132
-23.333005
-21.448646
-19.564969
-17.744473
-15.157802
-12.560742
-9.719133
-6.890978
-4.093647
-1.206568
1.287631
4.091944
7.293224
10.299342
12.466908
14.193910
15.815667
17.641102
19.354991
20.624910
21.952731
23.226227
24.490867
25.601898
25.578737
25.175129
24.370296
22.891590
21.601404
20.093237
18.090861
15.925680
13.783830
11.400836
8.552415
5.322865
2.189704
-1.482112
-5.310093
-8.263247
-10.764939
-13.265610
-15.839849
-18.497705
-20.515919
-22.061552
-23.668834
-24.973154
-25.838784
-26.226214
-26.403155
-26.529857
-25.946583
-24.483374
-22.826195
-20.869289
-19.202573
-17.262868
-14.802388
-12.215716
-9.356226
-6.606579
-3.697872
-0.896454
1.677615
4.357610
7.504225
10.545765
12.665987
14.410189
15.921422
17.838308
19.466025
20.733561
22.137335
23.395334
24.680240
25.577205
25.327035
24.927173
24.060011
22.586414
21.319900
19.778184
17.771891
15.719788
13.460772
10.950565
8.115258
4.894223
1.761232
-1.863752
-5.576951
-8.311953
-10.873931
-13.440677
-15.976940
-18.566336
-20.577908
-22.341864
-24.093219
-25.189263
-26.020152
-26.496138
-26.743923
-26.859045
-26.195730
-24.811200
-23.070404
-21.005699
-19.324677
-17.373732
-14.783314
-12.183530
-9.325913
-6.574392
-3.607614
-0.747613
1.677104
4.539319
7.621390
10.578803
12.779747
14.561926
16.127144
17.946448
19.658293
21.011318
22.313084
23.629325
25.065456
25.932108
25.697436
25.210210

