-9.603671
-12.038946
-14.196634
-16.561747
-19.061395
-21.119458
-23.103271
-24.555411
-25.228773
-25.497164
-24.199997
-22.959879
-21.936893
-20.747355
-20.156588
-19.963469
-19.235952
-17.638206
-14.908143
-12.277535
-9.931496
-6.473405
-2.411093
1.449074
4.699230
7.120882
9.094988
10.932173
13.063295
15.701226
17.928566
19.645180
21.427870
23.016589
24.813073
25.935514
25.688410
24.577890
22.414242
20.445415
18.892969
17.719950
16.758442
15.942539
14.978136
13.543538
11.369331
8.772441
6.259680
2.856595
-0.849281
-3.861870
-6.087848
-7.744857
-9.691204
-12.159518
-14.346497
-16.825710
-19.243445
-21.244969
-23.415600
-24.890729
-25.455952
-25.480134
-24.304220
-23.122345
-22.139890
-20.931619
-20.499570
-20.290273
-19.533634
-17.749412
-14.969110
-12.377330
-9.954657
-6.328991
-2.042055
1.783541
5.026204
7.426909
9.542533
11.604173
13.790471
16.536713
18.661363
20.484073
21.991900
23.685183
25.384937
26.176146
25.825330
24.538381
22.296224
20.284142
18.800156
17.406259
16.499247
15.712806
14.536721
13.056653
10.827609
8.201940
5.643708
2.223253
-1.456908
-4.323040
-6.491116
-8.153575
-10.217258
-12.518338
-14.551708
-17.107895
-19.478287
-21.493094
-23.566484
-24.794510
-25.447266
-25.311538
-23.835557
-22.732019
-21.607365
-20.559345
-20.141091
-19.999061
-19.245148
-17.445598
-14.454978
-11.857918
-9.554284
-5.782161
-1.627377
2.080372
5.108970
7.498946
9.486846
11.551550
13.750110
16.494819
18.611976
20.548276
22.174971
23.758922
25.427512
26.206289
25.861604
24.256536
22.028174
20.162889
18.678733
17.234257
16.273941
15.394517
14.307158
12.712990
10.398626
7.974080
5.371571
1.791375
-1.874481
-4.638944
-6.582907
-8.028746
-10.322503
-12.717928
-14.764241
-17.248903
-19.457000
-21.625246
-23.655040
-24.807794
-25.578397
-25.320564
-23.714985
-22.695575
-21.618605
-20.639045
-20.410504
-20.007236
-19.138541
-17.230000
-14.185565
-11.669568
-9.048326
-5.265645
-1.080547
2.637250
5.716256
7.898808
9.878363
11.980023
14.136178
16.738687
18.771376
20.618268
22.280727
24.012668
25.408268
25.979280
25.520495
23.839474
21.710396
19.939968
18.431459
17.336266
16.377653
15.490396
14.404058
12.769188
10.277373
7.669244
4.817077
1.155479
-2.446686
-5.171299
-7.024322
-8.529595
-10.815348
-13.134990
-15.323332
-17.952068
-20.050832
-22.068364
-24.000917
-24.837255
-25.446756
-24.938754
-23.446083
-22.511823
-21.289417
-20.310198
-20.205123
-19.856010
-18.859421
-16.584056
-13.593946
-11.256593
-8.456877
-4.465750
-0.587021
3.093651
6.063155
8.305141
10.375806
12.384823
14.725413
17.319577
19.415447
21.105494
22.550481
24.372339
25.788716
26.064089
25.500229
23.624556
21.403176
19.632408
18.169199
16.986472
16.211442
15.217917
13.978481
12.261868
9.776013
7.326773
4.334790
0.454528
-2.778598
-5.324738
-7.105214
-8.812121
-11.057683
-13.314996
-15.632936
-18.241576
-20.306621
-22.431271
-24.275609
-25.082656
-25.658097
-24.967875
-23.520163
-22.622687
-21.440642
-20.502295
-20.310538
-19.814628
-18.796410
-16.278710
-13.190508
-11.117969
-8.123772
-4.010201
-0.101158
3.417219
6.180661
8.417709
10.497229
12.606893
14.979328
17.400980
19.424132
21.074840
22.616557
24.527993
25.907244
26.286159
25.380339
23.428542
21.382911
19.714492
18.220799
17.014742
16.180447
15.171937
13.892651
12.018340
9.520735
7.064342
4.075425
0.130108
-3.120048
-5.563498
-7.265976
-8.918047
-11.213166
-13.366938
-15.629871
-18.205472
-20.204782
-22.379501
-24.115358
-25.037016
-25.600365
-24.862119
-23.499557
-22.545201
-21.139043
-20.351921
-20.236969
-19.780057
-18.602780
-16.026497
-12.924501
-10.656289
-7.545437
-3.474610
0.439712
3.886053
6.666183
8.796794
10.827439
12.846163
15.214852
17.668690
19.530909
21.219424
22.620474
24.480139
25.740862
25.914056
24.980477
22.970438
20.777498
19.200189
17.840862
16.732556
15.983411
15.056474
13.806990
11.840718
9.289299
6.866114
3.730399
-0.031676
-3.306184
-5.731753
-7.244519
-8.985485
-11.444773
-13.618640
-15.918187
-18.491915
-20.501614
-22.602081
-24.185692
-25.035313
-25.447266
-24.539913
-23.274592
-22.300482
-20.966700
-20.276989
-20.175661
-19.641604
-18.356017
-15.940496
-13.030767
-10.758298
-7.588523
-3.448384
0.532355
3.910746
6.649835
8.668218
10.810069
12.871878
15.507766
17.858744
19.797768
21.455629
23.111275
24.974006
26.124546
26.207311
25.058644
23.093905
20.908628
19.234078
17.942701
16.669886
15.834740
14.683860
13.464008
11.506932
8.940016
6.458248
3.275701
-0.326463
-3.570489
-6.143366
-7.746560
-9.446144
-11.676720
-13.797113
-16.206503
-18.808331
-20.903860
-22.996323
-24.583340
-25.326865
-25.545529
-24.567502
-23.292473
-22.202560
-20.884957
-20.188604
-19.979818
-19.336939
-17.923117
-15.193565
-12.382610
-10.064159
-6.684405
-2.559594
1.236030
4.512412
6.967102
8.974586
11.079482
13.075045
15.739543
18.072639
19.908292
21.490540
23.155383
24.910654
26.021855
25.880677
24.698632
22.644486
20.546232
18.897227
17.463820
16.574178
15.820435
14.734438
13.364213
11.231899
8.753027
6.349768
2.996581
-0.712361
-3.759009
-6.049531
-7.638761
-9.514604
-11.857748
-14.038086
-16.496181
-18.884795
-20.930597
-23.083346
-24.358375
-25.185858
-25.421892
-24.128641
-23.110424
-22.259440
-20.954439
-20.350899
-20.163570
-19.756896
-18.064635
-15.305451
-12.573344
-10.298491
-6.748949
-2.487728
1.349449
4.689523
7.042715
9.229013
11.342934
13.518504
16.078608
18.257414
20.166976
21.746840
23.152147
25.050981
26.045867
25.927510
24.591514
22.489003
20.342725
18.951041
17.578091
16.602618
15.934195
14.880044
13.379369
11.107240
8.639608
6.152732
2.709968
-1.089403
-4.105227
-6.247759
-7.865429
-9.814160
-12.373584
-14.360292
-16.911370
-19.368444
-21.334205
-23.440804
-24.725539
-25.404521
-25.358370
-24.209533
-22.953408
-21.925654
-20.662546
-20.171234
-19.882577
-19.146374
-17.617089
-14.638901
-11.973040
-9.720836
-6.098236
-1.969848
1.810789
5.023990
7.372243
9.462833
11.454821
13.618980
16.306298
18.455301
20.310198
21.939278
23.465327
25.195054
26.011126
25.816134
24.344921
22.134440
20.160845
18.553564
17.252309
16.405242
15.611819
14.439651
13.090372
10.757446
8.104188
5.629063
2.139296
-1.458611
-4.428114
-6.435428
-7.970844
-10.099581
-12.479510
-14.462641
-16.907624
-19.183159
-21.275112
-23.523229
-24.652651
-25.330612
-25.339978
-24.024418
-22.990022
-21.912370
-20.760127
-20.380020
-20.106009
-19.299643
-17.450196
-14.600413
-12.006419
-9.526014
-5.781310
-1.687152
2.079010
5.346537
7.671629
9.687628
11.613199
13.833387
16.508613
18.613168
20.409312
22.030899
23.795877
25.415591
26.188067
25.771175
24.308818
22.066491
20.081827
18.683842
17.368112
16.679253
15.775306
14.528888
12.993302
10.622399
7.980381
5.161592
1.607793
-2.026899
-4.766158
-6.779262
-8.320298
-10.471344
-12.838840
-14.999253
-17.441681
-19.645861
-21.694388
-23.745980
-24.780376
-25.455441
-25.198119
-23.767608
-22.808143
-21.787201
-20.616395
-20.220450
-19.927706
-19.020183
-17.035518
-14.104843
-11.581523
-9.096861
-5.177941
-1.090595
2.659730
5.760193
7.871219
9.997913
12.005227
14.171600
16.784498
18.964495
20.736456
22.187063
23.932116
25.463445
26.050976
25.490352
23.689611
21.644660
19.732203
18.222673
16.930274
16.206844
15.401840
14.341729
12.683868
10.178430
7.723740
5.109140
1.421486
-2.050400
-4.778760
-6.654263
-8.351462
-10.493142
-12.865748
-15.075207
-17.606531
-19.738844
-21.813086
-23.840496
-24.767773
-25.593383
-25.018794
-23.624897
-22.610085
-21.489007
-20.332166
-20.116908
-19.784144
-18.853290
-16.786371
-13.683864
-11.336633
-8.800541
-4.883664
-0.874656
2.837011
5.871739
7.958582
10.008982
11.979001
14.313459
16.907964
18.915960
20.915100
22.409473
24.140562
25.791100
26.201521
25.654520
23.863997
21.656752
19.804750
18.483060
17.178910
16.309023
15.373571
14.240061
12.419224
9.949037
7.374968
4.577977
0.889642
-2.692427
-5.161081
-6.978852
-8.638586
-10.833229
-13.269697
-15.432664
-17.814125
-19.929579
-22.044693
-23.948465
-24.864503
-25.573799
-25.054557
-23.666791
-22.729806
-21.423612
-20.473855
-20.172255
-19.762857
-18.753665
-16.537905
-13.595990
-11.237689
-8.496898
-4.455192
-0.456912
3.240449
6.112541
8.272103
10.268518
12.292692
14.622552
17.110450
19.072805
20.896196
22.578750
24.424110
25.747674
26.071753
25.276627
23.510456
21.416289
19.686563
18.230847
17.202241
16.346148
15.346323
14.211450
12.402705
9.886367
7.389784
4.398142
0.663315
-2.774852
-5.361523
-7.277387
-8.920261
-11.303765
-13.587986
-15.883786
-18.330302
-20.466532
-22.539411
-24.326018
-25.265217
-25.722470
-25.044680
-23.608889
-22.632905
-21.230664
-20.312411
-20.112821
-19.769669
-18.662555
-16.291142
-13.294220
-10.883638
-7.842268
-3.706557
0.177111
3.775188
6.629058
8.682013
10.844299
12.797969
15.237842
17.848696
19.716876
21.352257
22.875752
24.650097
25.925977
26.108537
25.124550
22.999048
20.899773
19.230332
17.785685
16.629696
15.809366
14.866250
13.569764
11.776686
9.270396
6.850788
3.843989
0.056710
-3.227847
-5.670275
-7.222039
-8.921623
-11.363029
-13.501474
-15.882594
-18.325533
-20.266090
-22.407940
-24.111782
-24.910995
-25.332826
-24.519648
-23.102420
-22.185530
-20.894153
-20.140409
-19.958871
-19.455467
-18.337284
-15.788078
-12.903214
-10.716064
-7.686445
-3.636394
0.207594
3.683567
6.337336
8.336987
10.417700
12.467759
14.885323
17.468759
19.346476
21.103110
22.714990
24.584361
25.956631
26.018449
25.065967
23.050989
21.045889
19.517456
18.219607
17.147745
16.257252
15.373571
14.105865
11.991603
9.414639
6.894725
3.716435
-0.216450
-3.412962
-5.848578
-7.460288
-9.280443
-11.770725
-13.927392
-16.276325
-18.854141
-20.980665
-23.018462
-24.502959
-25.260278
-25.714976
-24.715662
-23.416792
-22.454262
-21.219424
-20.436559
-20.237820
-19.701038
-18.353292
-15.712295
-12.733255
-10.355541
-7.131100
-2.982276
1.011746
4.490784
7.109983
9.137222
11.310577
13.332367
15.853984
18.158470
19.942522
21.476405
23.025445
24.830954
25.955439
25.974853
24.779694
22.681100
20.509447
18.860783
17.606361
16.573838
15.744822
14.702763
13.434546
11.281967
8.760520
6.340912
3.115961
-0.648328
-3.836666
-6.245886
-7.749796
-9.593112
-12.009484
-14.081001
-16.445262
-18.863167
-20.796742
-22.898402
-24.340834
-25.077718
-25.399923
-24.286849
-22.999389
-22.032942
-20.710400
-20.104306
-19.953762
-19.438096
-17.958879
-15.315669
-12.623072
-10.405779
-6.890127
-2.731596
1.058749
4.428966
6.908519
8.955342
11.010170
13.105188
15.746525
18.132755
19.901821
21.633421
23.235253
25.058814
26.129654
26.085888
24.875232
22.591012
20.624740
18.925497
17.694575
16.805785
15.980516
14.977285
13.479846
11.299167
8.833749
6.239414
2.986193
-0.731604
-3.817763
-6.122249
-7.745709

