24.476562
22.949491
21.606343
20.022052
17.998389
15.814815
13.617958
11.145898
8.373431
5.181687
2.132143
-1.516172
-5.373784
-8.338520
-10.878699
-13.365405
-15.754529
-18.319573
-20.273754
-21.905048
-23.608208
-24.967364
-25.748355
-26.268108
-26.445559
-26.680742
-26.010615
-24.607352
-22.889205
-20.946775
-19.372020
-17.446620
-14.840535
-12.286561
-9.403910
-6.598745
-3.678799
-0.807898
1.646451
4.320485
7.590737
10.438817
12.480531
14.193399
15.787227
17.620836
19.287212
20.555939
21.874394
23.057972
24.429219
25.382042
25.272029
24.894646
24.123192
22.707667
21.386147
19.836426
17.983743
15.822138
13.611828
11.215040
8.393867
5.198206
2.135379
-1.629250
-5.501338
-8.326428
-10.877166
-13.320105
-15.937601
-18.434695
-20.347323
-22.061552
-23.816654
-24.832317
-25.945561
-26.294674
-26.421377
-26.474680
-25.906733
-24.529014
-22.858722
-20.872865
-19.234589
-17.247030
-14.794895
-12.126650
-9.268693
-6.593125
-3.681864
-0.726325
1.797846
4.464218
7.584606
10.539123
12.822151
14.383623
16.008275
17.877817
19.667489
20.960740
22.331647
23.582322
24.879660
25.824819
25.524071
25.129148
24.206979
22.726400
21.404709
19.703422
17.648254
15.491077
13.115576
10.607924
7.718461
4.622255
1.510211
-2.264466
-6.015301
-8.686440
-11.270387
-13.763734
-16.330140
-18.733740
-20.657607
-22.496837
-24.241379
-25.385278
-26.063068
-26.498011
-26.727574
-26.735408
-25.928020
-24.410827
-22.697789
-20.621674
-19.053391
-16.995498
-14.407805
-11.685065
-8.770738
-5.951609
-3.068617
-0.320503
2.253907
5.089896
8.203983
10.821308
12.988193
14.774799
16.279561
18.212284
19.776991
20.908628
22.177696
23.484060
24.836234
25.670528
25.487457
24.927855
23.920536
22.522211
21.181958
19.444568
17.371689
15.165976
12.737853
10.297298
7.325070
4.360165
1.196180
-2.635888
-6.259509
-8.943932
-11.401687
-13.855355
-16.351938
-18.826383
-20.681279
-22.525106
-23.997171
-25.161505
-25.878974
-26.264531
-26.644298
-26.628971
-25.736434
-24.398906
-22.619792
-20.592213
-18.993276
-16.822474
-14.164448
-11.570454
-8.795091
-6.009170
-2.990961
-0.264985
2.230746
5.038977
8.189678
10.903903
12.949024
14.643329
16.270535
18.237659
19.684008
21.005699
22.330114
23.541451
24.955954
25.683301
25.525434
25.018964
23.943697
22.451537
21.191495
19.465515
17.380885
15.303918
12.950386
10.390963
7.380077
4.273142
1.000336
-2.759865
-6.286928
-9.248938
-11.825221
-14.336109
-16.939981
-19.254855
-21.142619
-22.842714
-24.483544
-25.554555
-26.245798
-26.529857
-26.738814
-26.509932
-25.588444
-24.105651
-22.177015
-20.060028
-18.568039
-16.344786
-13.740063
-10.995013
-8.350781
-5.655800
-2.667563
0.168766
2.537285
5.494356
8.659022
11.180639
13.104677
14.807156
16.499247
18.444572
19.882236
21.020174
22.374732
23.652485
25.026458
25.458676
25.141580
24.644647
23.534639
21.909475
20.684174
18.951382
16.989197
14.784336
12.337991
9.746892
6.835801
3.799200
0.560454
-3.341436
-6.733792
-9.291513
-11.837142
-14.274802
-16.719273
-19.195080
-20.911183
-22.715160
-24.196761
-25.303023
-26.057959
-26.422398
-26.639019
-26.470934
-25.438922
-24.154357
-22.274426
-20.363842
-18.661022
-16.360964
-13.839006
-11.081866
-8.369173
-5.573205
-2.514635
0.205891
2.767188
5.677087
8.719138
11.324372
13.300010
14.997040
16.657625
18.641778
20.055430
21.437236
22.751604
24.012838
25.338956
25.779349
25.439262
24.990695
23.753813
22.382907
20.979132
19.226415
17.183508
15.055622
12.509993
9.760175
6.603854
3.481933
0.164849
-3.870044
-7.119179
-9.720155
-12.368645
-14.813117
-17.471313
-19.571951
-21.224192
-23.071085
-24.513006
-25.501251
-26.121991
-26.433638
-26.543992
-26.319197
-25.034121
-23.689781
-21.675485
-19.939286
-18.385819
-15.987498
-13.232061
-10.449035
-7.565532
-4.774162
-1.811470
0.844342
3.371409
6.381614
9.386710
11.775323
13.707536
15.359606
17.044715
18.836430
20.189285
21.338633
22.519657
23.681096
24.962936
25.301831
24.998358
24.352925
23.122345
21.734067
20.521539
18.641268
16.541651
14.528547
12.069941
9.415490
6.465401
3.425053
0.142881
-3.717967
-7.059744
-9.602308
-12.237515
-14.622893
-17.383269
-19.716365
-21.307809
-23.082495
-24.541787
-25.564432
-26.336057
-26.542800
-26.814256
-26.543822
-25.250912
-23.815121
-21.846465
-20.176172
-18.439974
-15.984774
-13.493129
-10.737181
-7.978848
-5.215236
-2.132143
0.437498
3.066063
6.162780
9.252855
11.503186
13.385500
15.136344
16.890935
18.731356
20.293168
21.554572
22.975036
24.461917
25.634084
25.935684
25.521347
24.840321
23.649250
22.374732
20.908969
18.756901
16.567707
14.329127
12.039627
9.284190
6.103175
2.942426
-0.477518
-4.400185
-7.569790
-10.231733
-12.750455
-15.329123
-17.988682
-20.000083
-21.704265
-23.445742
-24.872507
-25.885446
-26.489837
-26.716505
-26.966504
-26.587418
-25.331293
-23.750918
-21.736622
-19.887345
-18.151658
-15.640940
-12.977294
-10.034697
-7.295779
-4.473925
-1.571860
1.142195
3.796305
6.949902
9.982075
12.373754
14.125109
15.501295
17.223188
19.130707
20.312411
21.575178
22.935186
24.107695
25.201525
25.311708
24.915423
24.217708
22.890057
21.454436
20.055260
18.090521
16.187600
13.869490
11.437961
8.737019
5.705527
2.565554
-0.959464
-4.745552
-7.733618
-10.148117
-12.769699
-15.267645
-17.751626
-19.819055
-21.565812
-23.273230
-24.426324
-25.386129
-25.989839
-26.256357
-26.421206
-25.973661
-24.742740
-23.180757
-21.324669
-19.575187
-17.938103
-15.454463
-12.836797
-10.098560
-7.311617
-4.667214
-1.667057
0.801427
3.597566
6.698540
9.626661
11.915309
13.882092
15.492780
17.160348
19.151143
20.582676
21.901812
23.359741
24.545874
25.770153
25.831120
25.504657
24.730648
23.458685
22.185189
20.639045
18.654551
16.605343
14.416661
11.928082
9.131261
5.943435
2.822876
-0.944819
-4.890817
-7.857084
-10.527372
-13.221332
-15.792336
-18.525124
-20.546573
-22.266081
-24.143798
-25.460379
-26.330778
-26.908943
-27.109044
-27.239152
-26.621989
-25.096280
-23.462772
-21.354641
-19.576890
-17.812763
-15.138558
-12.312957
-9.515967
-6.631783
-3.635883
-0.806536
1.627718
4.479034
7.618836
10.507788
12.718269
14.523268
16.150985
17.915794
19.587619
20.767961
22.068364
23.313080
24.470942
25.445734
25.494099
25.033951
24.113144
22.654704
21.231515
19.722155
17.671755
15.523093
13.157470
10.887725
8.072853
4.925728
1.969678
-1.605749
-5.387408
-8.218288
-10.737351
-13.140951
-15.441009
-18.056631
-19.953762
-21.568877
-23.352930
-24.586064
-25.575161
-25.993756
-26.304041
-26.512997
-26.036671
-24.623190
-22.979464
-21.050828
-19.569738
-17.785515
-15.283823
-12.660027
-9.920427
-7.168225
-4.264287
-1.313005
1.104900
3.814868
7.093464
10.014772
12.274470
14.147588
15.837976
17.738172
19.577060
20.725727
22.163561
23.502622
24.812392
25.911672
25.685855
25.396006
24.687052
23.241895
21.919693
20.305089
18.344266
16.238860
13.848373
11.488540
8.536237
5.283185
1.976320
-1.796995
-5.789995
-8.672135
-11.322498
-13.872726
-16.395705
-18.988337
-20.898240
-22.650617
-24.365357
-25.565454
-26.404176
-26.789904
-26.836906
-26.822942
-26.015384
-24.579253
-22.823640
-20.725386
-19.089324
-17.139571
-14.557668
-11.829649
-9.026527
-6.206206
-3.341096
-0.555004
2.050911
4.714727
7.803440
10.675022
12.780258
14.517988
15.933514
17.786196
19.369636
20.579270
21.971805
23.198809
24.462768
25.328738
25.146348
24.696589
23.836749
22.436891
21.114520
19.350733
17.642294
15.532970
13.285194
10.801894
7.985149
4.980053
1.901899
-1.855918
-5.598749
-8.369003
-10.882275
-13.289792
-15.850578
-18.392461
-20.192521
-22.003991
-23.774420
-24.925641
-25.734391
-26.168994
-26.544503
-26.589462
-25.838614
-24.421556
-22.706645
-20.710060
-19.056627
-16.982385
-14.433520
-11.824199
-9.067399
-6.171635
-3.301246
-0.544957
2.071857
4.842281
7.975272
10.568755
12.729168
14.462641
16.076394
18.018314
19.631216
20.852600
22.187403
23.377623
24.779354
25.742224
25.505849
25.098154
24.016585
22.588628
21.421398
19.714151
17.799820
15.561581
13.221332
10.537079
7.506268
4.327808
1.225301
-2.589396
-6.342105
-9.022270
-11.531455
-14.005048
-16.570432
-19.101245
-20.889384
-22.595440
-24.261134
-25.394985
-26.046208
-26.280199
-26.550634
-26.519639
-25.792803
-24.387326
-22.627456
-20.683663
-19.038234
-16.793524
-14.216730
-11.528730
-8.752346
-5.851984
-2.881799
-0.120231
2.429826
5.299875
8.487361
11.202438
13.302565
14.973198
16.596147
18.477440
19.850390
21.041972
22.358043
23.566314
24.941308
25.701523
25.448799
24.931090
23.735421
22.270339
21.030392
19.337961
17.304931
15.286718
12.928077
10.355711
7.284539
4.199573
1.090765
-2.812147
-6.263256
-8.949212
-11.618819
-14.160531
-16.599212
-19.019842
-20.839317
-22.566319
-24.204935
-25.400945
-26.164566
-26.519299
-26.785646
-26.639019
-25.776795
-24.433817
-22.579602
-20.625251
-18.874918
-16.852447
-14.181478
-11.503867
-8.796964
-6.134851
-3.151383
-0.373806
2.261400
5.073207
8.308206
11.080674
13.028894
14.712470
16.463143
18.458196
20.118611
21.270854
22.565978
23.950679
25.462082
26.033265
25.738818
25.296552
24.049452
22.586243
21.177871
19.422599
17.254863
15.169893
12.809549
10.206359
7.135187
4.135711
0.646625
-3.127881
-6.600448
-9.233611
-11.871883
-14.388902
-16.867093
-19.301176
-21.052701
-22.844757
-24.407591
-25.504657
-26.140043
-26.541778
-26.723317
-26.615517
-25.523220
-24.134602
-22.264208
-20.237310
-18.660341
-16.406775
-13.789279
-11.133637
-8.219821
-5.585977
-2.664157
0.145606
2.618177
5.572183
8.588178
11.062281
13.041496
14.639071
16.199350
18.210922
19.586427
20.937409
22.219419
23.546219
24.903331
25.408098
25.100027
24.553367
23.628814
22.227934
20.830631
19.026824
17.115389
14.986651
12.700387
9.981734
6.903069
3.810780
0.627892
-3.353868
-6.682702
-9.297984
-11.925527
-14.445611
-17.045736
-19.311224
-21.032776
-22.766590
-24.361781
-25.298595
-25.999546
-26.445559
-26.690279
-26.448114
-25.351899
-23.865870
-22.099188
-20.308835
-18.589837
-16.194412
-13.709579
-10.928937
-7.999965
-5.229371
-2.367667
0.376020
3.045627
6.059749
9.207385
11.742456
13.694763
15.434367
17.251117
19.139392
20.427023
21.673441
22.971971
24.150610
25.416783
25.961058
25.638683
24.963106
23.559162
22.114175
20.598173
18.786703
16.677039
14.589514
12.098891
9.501151
6.428276
3.174373
-0.095367
-4.069124
-7.371392
-10.031121
-12.478318
-15.033313
-17.704282
-19.855670
-21.562236
-23.292473
-24.769306
-25.752783
-26.401963
-26.543992
-26.697261
-26.283434
-25.144645
-23.603439
-21.610941
-19.840343
-18.216712
-15.714679
-12.970482
-10.319097
-7.575069
-4.738569
-1.793078
0.741141
3.210306
6.253208
9.344816
11.685576
13.576235
15.108756
16.984599
18.770524
20.045723
21.454947
22.677864
24.001087
25.196075
25.547062
25.382893

