-9.191717
-11.668205
-13.829640
-16.131742
-18.621513
-20.685366
-22.736277
-24.311032
-25.019646
-25.454419
-24.390050
-23.111786
-22.152492
-20.976748
-20.271880
-20.070757
-19.472837
-18.146719
-15.530927
-12.659686
-10.392836
-7.250479
-3.029449
0.766686
4.193102
6.620714
8.664642
10.745866
12.870516
15.418189
17.691680
19.567183
21.353960
22.885118
24.794510
25.970255
26.081630
25.008065
22.894314
20.798104
19.355672
18.013375
16.900982
16.032798
15.078953
13.746364
11.609282
9.034021
6.549018
3.272295
-0.488077
-3.639289
-6.022283
-7.621390
-9.391308
-11.829819
-13.937780
-16.317708
-18.650293
-20.754848
-22.880350
-24.281229
-25.062391
-25.487627
-24.337428
-23.158107
-22.360597
-21.034990
-20.438944
-20.172426
-19.687925
-18.174308
-15.425001
-12.685401
-10.444437
-6.845168
-2.896105
1.085315
4.581043
7.154771
9.128707
11.195626
13.293709
15.897921
18.211092
20.066840
21.657092
23.356165
25.154863
26.116712
26.030030
24.900947
22.777660
20.613841
18.994468
17.724889
16.886166
15.847002
14.810903
13.365916
11.219127
8.752005
6.209442
2.881799
-0.908375
-3.945487
-6.355047
-7.912091
-9.832212
-12.276513
-14.403718
-16.852447
-19.226415
-21.197455
-23.399251
-24.719409
-25.386129
-25.511129
-24.209704
-23.011991
-22.018296
-20.626783
-20.060710
-19.820247
-19.228629
-17.484767
-14.748914
-12.180976
-9.946653
-6.423507
-2.144405
1.573052
4.874979
7.273640
9.250811
11.352641
13.410023
16.088315
18.274443
20.043509
21.693536
23.322446
25.200503
26.121310
25.890725
24.466685
22.352253
20.404373
18.831321
17.395701
16.564812
15.828269
14.718260
13.352973
11.102302
8.508137
5.912951
2.569982
-1.142876
-4.013266
-6.117480
-7.714033
-9.756088
-12.112686
-14.273439
-16.819920
-19.202914
-21.277496
-23.530211
-24.734225
-25.505168
-25.435175
-24.104800
-23.063251
-22.047247
-20.791462
-20.272051
-20.028012
-19.278186
-17.589331
-14.722518
-12.231895
-9.701252
-6.066390
-1.847403
1.852001
4.945823
7.264784
9.335620
11.296443
13.495343
16.273430
18.484082
20.272561
22.009441
23.635456
25.330952
26.185513
25.924104
24.451188
22.241899
20.251955
18.712452
17.443725
16.536031
15.720129
14.608758
13.110297
10.692222
8.236000
5.581379
1.975468
-1.614094
-4.491976
-6.516491
-8.085626
-10.207891
-12.648957
-14.687947
-17.108747
-19.402674
-21.362816
-23.479802
-24.642944
-25.303704
-25.139706
-23.769992
-22.583008
-21.477086
-20.586423
-20.202569
-19.972835
-19.214834
-17.273085
-14.477457
-11.909178
-9.476968
-5.693776
-1.598086
2.154793
5.289316
7.619858
9.558201
11.566196
13.863700
16.644853
18.609932
20.358392
21.932806
23.695401
25.177002
25.710378
25.307281
23.919174
21.570751
19.733735
18.342733
17.098018
16.197647
15.419381
14.422110
12.901511
10.546957
8.008310
5.433559
1.985516
-1.548869
-4.413809
-6.400006
-7.897786
-10.026864
-12.571812
-14.639752
-17.073665
-19.275291
-21.389382
-23.561205
-24.704763
-25.352240
-25.140217
-23.788384
-22.825854
-21.735089
-20.603282
-20.282269
-20.052705
-19.074678
-17.203433
-14.260667
-11.874948
-9.235995
-5.375828
-1.320669
2.341781
5.458253
7.753883
9.830509
11.727129
14.067037
16.749586
18.937077
20.828077
22.362982
24.188246
25.768621
26.319368
25.898899
24.258580
22.068875
20.186731
18.578257
17.398255
16.531604
15.666485
14.458384
12.836116
10.348899
7.955006
5.172150
1.428979
-2.185447
-4.979713
-6.941727
-8.463860
-10.752167
-13.066871
-15.229838
-17.759459
-19.954613
-21.991049
-24.120637
-25.208337
-25.882040
-25.457825
-23.963792
-22.994620
-21.703754
-20.638023
-20.429407
-20.023584
-19.162553
-16.795227
-13.701745
-11.312621
-8.518355
-4.489422
-0.354392
3.211669
6.245034
8.331708
10.519539
12.375457
14.771564
17.244986
19.075019
20.806789
22.438254
24.162701
25.693178
26.107856
25.488819
23.771524
21.513530
19.783292
18.255370
16.921248
16.086612
15.227965
14.130899
12.342760
9.980883
7.442406
4.581383
0.767027
-2.717461
-5.386387
-7.073879
-8.688995
-10.857923
-13.024637
-15.004192
-17.575707
-19.798279
-21.762848
-23.782424
-24.712426
-25.233371
-24.687563
-23.192508
-22.230319
-21.211760
-20.252977
-20.151820
-19.799130
-18.968752
-16.846487
-13.780424
-11.446135
-8.715391
-4.762581
-0.919615
2.729722
5.586147
7.707051
9.971516
11.944090
14.443398
16.926697
18.971137
20.810366
22.313935
24.131707
25.639534
26.004996
25.474855
23.650442
21.518128
19.813946
18.396718
17.045396
16.185045
15.393666
14.245510
12.361322
10.070120
7.553101
4.741805
1.141684
-2.403430
-5.034549
-6.921121
-8.607081
-10.873760
-13.061421
-15.342746
-18.149614
-20.423446
-22.536176
-24.288382
-25.170701
-25.774581
-25.144645
-23.676157
-22.709370
-21.403347
-20.536695
-20.243100
-19.867250
-18.750599
-16.201053
-13.250964
-10.896070
-7.966246
-3.953661
0.042064
3.689868
6.465060
8.561781
10.651520
12.607915
15.039955
17.611470
19.474711
21.180766
22.723164
24.572100
25.809322
25.984560
25.054387
23.200853
21.029370
19.433328
18.026148
16.929082
16.024964
14.887708
13.608762
11.834417
9.276526
6.838015
4.039151
0.227690
-3.112895
-5.598920
-7.249628
-8.855036
-11.152881
-13.344458
-15.507936
-18.014227
-19.898074
-22.070408
-23.857185
-24.642604
-25.163378
-24.520329
-23.227589
-22.265911
-21.009956
-20.070757
-20.052365
-19.754171
-18.527337
-16.144003
-13.370514
-11.128868
-7.944618
-3.893886
0.005620
3.487894
6.215572
8.292028
10.350432
12.353318
14.795235
17.377819
19.260986
21.095957
22.802183
24.656909
26.066644
26.081971
25.280203
23.261820
21.256719
19.641093
18.258606
17.164775
16.439642
15.458209
14.017480
12.143510
9.679283
7.087503
4.121406
0.106777
-3.176587
-5.714042
-7.415840
-9.340729
-11.696815
-13.863870
-16.267981
-18.815824
-20.845277
-22.929396
-24.600029
-25.306089
-25.716339
-24.701527
-23.430926
-22.440297
-21.030392
-20.218406
-20.096813
-19.593750
-18.324171
-15.667677
-12.750796
-10.558196
-7.389784
-3.135204
0.690392
4.163129
6.842613
8.906467
11.102642
13.096333
15.630041
18.001284
19.639730
21.340847
23.016419
24.725539
25.919506
25.987285
24.785655
22.572449
20.526477
18.891437
17.457690
16.434022
15.678746
14.826570
13.556480
11.525495
9.026017
6.563323
3.523997
-0.322035
-3.467969
-5.679131
-7.159880
-8.966582
-11.362689
-13.561760
-15.838998
-18.400124
-20.495313
-22.768463
-24.190460
-25.006703
-25.504657
-24.396522
-23.186888
-22.356510
-21.097490
-20.493780
-20.279544
-19.603457
-18.331153
-15.638556
-12.793541
-10.610138
-7.300207
-3.285749
0.659568
4.076277
6.638425
8.674179
10.874442
13.068744
15.730347
18.019506
19.838810
21.589824
23.291622
25.128467
26.294844
26.334694
25.326695
23.166793
21.027667
19.499404
18.140418
17.133100
16.280242
15.269177
13.845818
11.706523
8.956024
6.413119
3.099612
-0.778948
-3.920964
-6.431001
-7.991791
-9.739058
-12.224231
-14.393330
-16.806807
-19.205298
-21.178552
-23.380348
-24.595261
-25.299788
-25.575502
-24.504832
-23.195914
-22.300993
-20.971639
-20.329782
-20.091363
-19.421067
-17.867940
-15.058177
-12.331860
-10.020222
-6.606749
-2.450091
1.387256
4.846709
7.319961
9.350606
11.344467
13.335603
15.943391
18.133606
19.818033
21.411862
23.033449
24.741888
25.747163
25.588615
24.286849
22.226742
20.165614
18.558843
17.396041
16.552550
15.757424
14.700379
13.367789
11.202438
8.755752
6.399325
3.222908
-0.505618
-3.526892
-5.715064
-7.233449
-9.140968
-11.508976
-13.658830
-16.211442
-18.353462
-20.428385
-22.628307
-24.057627
-24.877276
-25.110756
-23.953063
-22.945915
-22.098677
-20.937238
-20.462615
-20.293168
-19.776821
-18.315826
-15.512024
-12.950727
-10.750464
-7.179976
-2.983298
0.846727
4.095009
6.598915
8.700235
10.851111
13.065508
15.815156
18.201896
20.164422
21.935361
23.665598
25.452886
26.628631
26.431254
25.095769
23.032597
21.037204
19.453934
17.944063
17.034156
16.159500
15.054430
13.594627
11.225939
8.593627
5.923510
2.383675
-1.394408
-4.304137
-6.563323
-8.158854
-10.323184
-12.742622
-14.755215
-17.295735
-19.560371
-21.638359
-23.722308
-25.023903
-25.785480
-25.822435
-24.379832
-23.158448
-22.127969
-20.710060
-19.996166
-19.645180
-18.871001
-17.154557
-14.181989
-11.449712
-9.100267
-5.527394
-1.240969
2.628735
5.755935
8.102145
9.951762
11.853320
13.864722
16.305958
18.355846
20.148073
21.593060
23.147549
24.750062
25.625569
25.285993
23.770673
21.596295
19.614526
18.084901
16.820771
16.023432
15.244825
14.324018
12.929780
10.587318
8.139099
5.645752
2.265317
-1.323223
-4.081556
-6.041697
-7.495199
-9.594985
-11.976787
-14.015436
-16.432319
-18.769332
-20.729814
-22.877284
-24.144479
-25.062050
-25.087595
-23.784637
-22.875581
-21.814619
-20.682982
-20.469427
-20.394155
-19.580296
-17.846482
-14.988014
-12.418032
-10.069098
-6.454332
-2.288648
1.501015
4.724264
7.202114
9.273802
11.304276
13.619150
16.402006
18.760477
20.537206
22.303717
24.088281
25.747504
26.442494
26.120799
24.726561
22.646700
20.631722
19.197123
17.984084
16.940151
16.004017
14.930623
13.319595
11.017663
8.333411
5.527735
1.994201
-1.566240
-4.596881
-6.757634
-8.289473
-10.587658
-13.035876
-15.232733
-17.708710
-20.070587
-22.053548
-24.085215
-25.217193
-25.912694
-25.498016
-24.269138
-23.048946
-21.858215
-20.642110
-20.294019
-20.087106
-19.094944
-17.147405
-14.145034
-11.660542
-9.112699
-5.334786
-1.135383
2.496413
5.602666
7.821492
9.953465
11.862176
14.082193
16.803912
18.794366
20.539761
22.153514
23.808139
25.567838
26.034798
25.498867
24.047238
21.779026
19.937583
18.395526
17.117432
16.293015
15.406949
14.229332
12.718780
10.241440
7.871730
5.130938
1.619714
-1.877546
-4.629408
-6.533180
-8.129733
-10.135514
-12.489898
-14.749254
-17.297098
-19.421407
-21.489007
-23.414578
-24.609906
-25.384596
-25.120974
-23.681266
-22.826195
-21.614517
-20.487138
-20.252296
-19.955805
-19.104140
-17.019510
-14.062609
-11.639936
-9.069783
-5.051408
-0.952312
2.611024
5.642516
7.902895
9.960106
11.989730
14.223031
16.747372
18.879686
20.781926
22.265230
24.061544
25.737456
26.174954
25.451865
23.794174
21.644490
19.831487
18.420560
17.275981
16.363519
15.562092
14.515264
12.750626
10.112354
7.533516
4.722221
0.987394
-2.531494
-5.023820
-6.852661
-8.504731
-10.918379
-13.254029
-15.516451
-17.937762
-20.088809
-22.026982
-23.983717
-24.812732
-25.406054
-25.036505
-23.497002
-22.540433
-21.380867
-20.393644
-20.015580
-19.753831
-18.849713
-16.579287
-13.681991
-11.335271
-8.629220
-4.632643
-0.639302
3.084796
6.044933
8.232594
10.237183
12.216909
14.585938
17.065661
19.000598
20.850045
22.580964
24.268287
25.739840
26.179552
25.477409
23.572956
21.325690
19.594772
18.296753
17.147575
16.349043
15.344790
14.326232
12.418883
9.860652
7.481575
4.531826
0.739438
-2.742835
-5.261898
-6.878206

