-11.169059
-14.947823
-18.341712
-21.503823
-24.423940
-26.562554
-28.090818
-29.691628
-31.669480
-33.835002
-34.372636
-34.088918
-33.627067
-32.560825
-31.101533
-29.083490
-26.490518
-24.185692
-21.564790
-18.515587
-15.333550
-11.667183
-7.455179
-3.425734
0.806195
4.607439
8.658000
12.649638
15.759468
18.607378
21.553891
24.218730
26.204927
27.531726
29.092687
30.802659
32.379968
33.197403
33.384051
33.163513
32.413006
30.682938
28.168133
25.464296
22.706304
19.924641
16.897917
13.938972
11.420250
8.226974
4.478863
0.741482
-3.454174
-7.606915
-11.379038
-15.164614
-18.631731
-21.879843
-24.665764
-26.815108
-28.414386
-29.963425
-32.066618
-34.227882
-34.626893
-34.375872
-34.013816
-32.704217
-31.258379
-29.086556
-26.631355
-24.197783
-21.432808
-18.371003
-15.130554
-11.084250
-7.137060
-2.881799
1.428298
5.413634
9.443760
13.409172
16.443729
19.351755
22.398744
24.976730
26.716164
28.164046
29.657909
31.270300
32.720736
33.538512
33.698423
33.257518
32.165391
30.270815
27.931247
24.979625
22.158452
19.300495
16.318900
13.520718
10.971001
7.717780
3.898144
0.217642
-4.085302
-8.198023
-12.010677
-15.835421
-19.277505
-22.489684
-25.290421
-27.240344
-28.887136
-30.507360
-32.564061
-34.502915
-34.734351
-34.425259
-33.833981
-32.395806
-30.822413
-28.606994
-26.102747
-23.548773
-20.865202
-17.903021
-14.694589
-10.745014
-6.509338
-2.385037
1.797506
5.722386
9.804453
13.691187
16.517809
19.514901
22.429058
24.871145
26.649577
28.019462
29.637814
31.313215
32.706431
33.253602
33.441612
33.138650
32.017912
29.902969
27.463777
24.828570
21.953242
19.227948
16.183853
13.304438
10.725600
7.508142
3.767524
0.072888
-4.049199
-8.203813
-12.038776
-15.738351
-19.199678
-22.398574
-25.185858
-27.118751
-28.804200
-30.428682
-32.711881
-34.415722
-34.572397
-34.382854
-33.733674
-32.383204
-30.719893
-28.498854
-25.919165
-23.581982
-20.824671
-17.870324
-14.414958
-10.490588
-6.290674
-2.105236
1.914501
5.871568
10.052408
13.721500
16.599723
19.674131
22.631373
25.055919
26.874542
28.193848
29.734203
31.476532
32.858508
33.407892
33.492701
33.012458
31.824112
29.781376
27.261972
24.527311
21.676506
18.861123
15.680790
12.962137
10.306324
6.829670
3.195150
-0.573056
-4.675388
-8.739914
-12.554271
-16.365903
-19.674982
-22.788048
-25.460550
-27.180910
-28.790746
-30.495269
-32.727207
-34.303665
-34.447738
-34.092154
-33.323424
-32.241685
-30.635084
-28.305224
-25.803021
-23.294687
-20.587274
-17.473016
-14.136178
-10.169744
-6.036929
-1.863241
2.239432
6.229367
10.248252
13.899803
16.813448
19.913571
22.701706
25.038889
26.670865
28.072085
29.476711
31.041248
32.308953
33.013480
32.972438
32.584327
31.414883
29.308285
26.766573
24.089132
21.417822
18.662214
15.594278
12.872049
10.336637
7.020576
3.326791
-0.573397
-4.792895
-8.782148
-12.520892
-16.467912
-19.738163
-22.821426
-25.326354
-27.158942
-28.838430
-30.647176
-32.883883
-34.426791
-34.443992
-34.241336
-33.478226
-32.117878
-30.448948
-28.155531
-25.548594
-23.232188
-20.348004
-17.307826
-13.761350
-9.699549
-5.604199
-1.411097
2.768551
6.802934
10.991607
14.424494
17.287050
20.325865
23.329258
25.733539
27.231319
28.725863
30.297892
31.974656
33.292600
33.787659
33.818483
33.268929
31.839609
29.735395
27.176142
24.419342
21.454607
18.570764
15.329633
12.687956
9.901864
6.296464
2.540861
-1.381125
-5.654948
-9.650503
-13.536215
-17.288583
-20.678725
-23.826872
-26.278666
-27.910301
-29.557773
-31.406028
-33.738783
-35.044636
-34.884725
-34.584488
-33.519609
-32.047204
-30.353240
-27.804375
-25.413207
-22.759267
-19.747019
-16.721657
-13.094459
-8.943081
-4.639966
-0.439712
3.741298
7.668393
11.887380
15.143497
17.948662
20.797082
23.485422
25.736264
27.439424
28.831959
30.441625
31.993900
33.016205
33.378260
33.198254
32.649892
31.195709
28.912340
26.351043
23.623535
20.825011
17.774786
14.701400
11.945111
9.183202
5.525180
1.954351
-1.882655
-5.933217
-9.947675
-13.684716
-17.279216
-20.404884
-23.454087
-25.883232
-27.378116
-29.037339
-30.885083
-33.137628
-34.398522
-34.246104
-33.892904
-33.071382
-31.632866
-29.945544
-27.454240
-25.214297
-22.918156
-19.929068
-16.833884
-13.261523
-9.176731
-5.131619
-0.867844
3.138610
7.055487
11.289801
14.578956
17.475741
20.444904
23.392609
25.705269
27.228764
28.744255
30.374357
31.941959
33.177989
33.502919
33.497640
32.924414
31.507696
29.037169
26.409626
23.741552
20.982027
17.911366
15.019178
12.365580
9.626491
6.094490
2.283198
-1.705204
-6.015812
-10.031462
-13.792345
-17.372370
-20.731347
-24.049963
-26.507207
-28.188569
-29.648202
-31.516893
-33.839941
-34.930195
-34.682921
-34.357139
-33.261946
-31.902790
-29.964277
-27.431931
-24.945736
-22.171055
-19.157784
-15.955993
-12.300525
-8.258990
-4.101992
0.186818
4.178967
8.209433
12.371199
15.547616
18.337965
21.368776
24.024589
26.087761
27.557952
29.061522
30.618055
32.148361
33.019611
33.317293
33.119576
32.428673
30.819518
28.542110
25.864329
22.934335
20.135982
17.267466
14.171600
11.596850
8.801222
5.103690
1.391172
-2.473593
-6.572860
-10.372230
-14.077084
-17.683847
-20.895345
-23.945570
-26.039055
-27.730806
-29.329743
-31.175273
-33.387116
-34.399543
-34.279142
-33.859015
-32.821042
-31.247139
-29.545512
-27.127436
-24.609736
-22.107022
-19.254174
-16.172613
-12.354170
-8.373260
-4.316398
-0.162976
3.890310
7.934570
12.078626
15.264750
18.049138
21.164077
23.801497
25.881699
27.429206
28.948273
30.800104
32.321555
33.459152
33.700466
33.685991
32.922029
31.170675
28.810842
26.223149
23.426158
20.474025
17.562083
14.603138
11.877503
8.951936
4.988228
1.225642
-2.877031
-7.113048
-11.152029
-14.916658
-18.486125
-21.768979
-24.810519
-26.957137
-28.543643
-30.176129
-32.125711
-34.296513
-34.916401
-34.726518
-34.166404
-32.842840
-31.262806
-29.377597
-26.788541
-24.423429
-21.745137
-18.634796
-15.478815
-11.679615
-7.415158
-3.314870
0.847919
4.761389
8.724417
12.841054
15.920912
18.825872
21.875926
24.366208
26.338611
27.823618
29.108013
30.706099
32.184975
32.881328
32.968181
32.949107
32.120943
30.339616
27.876581
25.201014
22.453240
19.695418
16.712802
13.838836
11.387553
8.516823
4.719496
0.993184
-2.942937
-7.035051
-10.926042
-14.667000
-18.191508
-21.241222
-24.210044
-26.371309
-28.176819
-29.712915
-31.870263
-34.188202
-34.678834
-34.412827
-33.973626
-32.767739
-31.334502
-29.302495
-26.691130
-24.481671
-21.841526
-18.733570
-15.538931
-11.615923
-7.551908
-3.283024
0.910418
4.819972
8.829151
12.923479
16.137702
19.130707
22.165094
24.824994
26.820217
28.292962
29.732159
31.451668
32.890694
33.787319
33.938714
33.681563
32.878603
31.069858
28.579576
25.854622
22.958176
20.008428
16.896384
13.744831
11.162077
7.960285
4.113231
0.364099
-4.022292
-8.171626
-11.940002
-15.839679
-19.354139
-22.539752
-25.393111
-27.332987
-29.001917
-30.424254
-32.487426
-34.518923
-34.957784
-34.519434
-33.977543
-32.588243
-31.042099
-28.923239
-26.322944
-23.920025
-21.138191
-18.077408
-14.720304
-10.829142
-6.627866
-2.493347
1.784733
5.678109
9.733268
13.603313
16.494138
19.430944
22.305591
24.708850
26.419674
27.753796
29.141562
30.797379
32.191958
32.838753
33.074277
32.744237
31.645468
29.873678
27.506862
24.812392
22.009100
19.287722
16.341720
13.628687
11.279072
8.194787
4.419088
0.713723
-3.379072
-7.401194
-11.146920
-14.788083
-18.194403
-21.515744
-24.103607
-26.161500
-27.878284
-29.628617
-31.889336
-33.888136
-34.285103
-34.162317
-33.765180
-32.624858
-31.224830
-29.172557
-26.777302
-24.537700
-21.805082
-18.868617
-15.688964
-11.749949
-7.554293
-3.404617
0.712190
4.744700
8.940867
12.985468
16.059365
19.151313
22.305931
24.947950
26.866708
28.296198
29.832636
31.780856
33.196211
33.830575
34.115996
33.788170
32.692466
30.547210
28.063740
25.293146
22.431953
19.589152
16.437088
13.474396
10.763407
7.231746
3.371579
-0.343493
-4.615443
-8.784873
-12.711797
-16.460248
-19.741058
-23.020676
-25.672231
-27.641569
-29.200656
-30.831950
-32.991001
-34.710169
-34.676961
-34.235205
-33.555882
-32.041754
-30.309984
-27.936527
-25.312730
-22.847482
-19.915615
-16.698326
-13.334411
-9.411403
-5.222218
-1.030649
2.904960
6.754398
10.693584
14.385326
17.163924
19.906078
22.674118
25.019816
26.474680
27.626923
28.943675
30.664035
31.951325
32.483680
32.599994
32.245772
31.108005
29.071740
26.609216
23.958002
21.294526
18.602610
15.526499
12.849058
10.412761
7.151025
3.492151
-0.139305
-4.143545
-8.096695
-11.873245
-15.585082
-18.822636
-21.911008
-24.633237
-26.475702
-28.136798
-29.888494
-32.343864
-34.117358
-34.231629
-34.102883
-33.380815
-32.158579
-30.836208
-28.787000
-26.194368
-23.893969
-21.067347
-17.972333
-14.609780
-10.719981
-6.567240
-2.374649
1.805169
5.849259
10.012048
13.750281
16.741071
19.845622
23.018633
25.405543
27.268103
28.759752
30.339956
32.029152
33.381156
34.006153
34.169640
33.641713
32.474654
30.454908
27.798755
24.979625
22.193704
19.265243
16.183513
13.205324
10.372060
6.918567
3.224782
-0.786781
-5.156142
-9.261370
-13.265439
-17.113856
-20.592894
-23.729290
-26.461397
-28.181417
-29.720749
-31.483684
-33.825295
-35.205228
-35.381658
-34.901415
-33.974648
-32.448087
-30.701160
-28.341838
-25.649752
-23.226738
-20.368780
-17.300163
-13.790642
-9.817226
-5.509342
-1.390491
2.733810
6.630932
10.826758
14.363187
17.198154
20.317350
23.161684
25.473492
27.131013
28.379474
30.006511
31.498330
32.615321
33.224991
33.236231
32.787834
31.393085
29.205424
26.668310
23.881708
21.014384
18.329620
15.201909
12.675013
9.976115
6.557362
2.869708
-0.989948
-5.115271
-9.109633
-12.625967
-16.241925
-19.656760
-22.814614
-25.337083
-27.156046
-28.707811
-30.630657
-33.027955
-34.469707
-34.343175
-34.166404
-33.216647
-31.839098
-30.268771
-27.912855
-25.461572
-23.022379
-20.077399
-16.973530
-13.472864
-9.333917
-5.203996
-1.138789
2.966268
6.947006
11.155265
14.752320
17.543009
20.478453
23.393461
25.735412
27.133567
28.533936
30.222450
31.856128
32.895633
33.411298
33.462899
32.868385
31.474488
29.226031
26.536158
23.814951
21.160500
18.252645
15.057666
12.313128
9.537424
5.824906
1.993009
-1.781498
-5.998101
-9.963683
-13.835771
-17.461947
-20.740713
-23.767267
-26.238305
-27.868237
-29.537167
-31.231131
-33.449445
-34.746783
-34.383024
-34.030165
-33.107655
-31.772341
-29.985734
-27.644123
-25.252955
-22.638525
-19.685711
-16.485112
-12.936762
-8.878027
-4.833085
-0.606605
3.440039
7.458244
11.554616
14.992101
17.856019
20.821265
23.581641
25.804383
27.423075
28.688056
30.305896
32.042435
33.149719
33.498832
33.412150
32.760756
31.358004
29.002598
26.408093
23.535660
20.927361
17.959561
14.848879
12.395893
9.472370
5.753211
1.923016
-1.981769
-6.072692

