-11.128698
-14.949186
-18.379688
-21.712099
-24.555240
-26.747669
-28.373003
-29.841832
-31.685318
-33.920152
-34.665721
-34.381662
-33.980438
-32.868896
-31.157902
-29.207468
-26.735919
-24.326018
-21.731683
-18.672092
-15.407460
-11.735133
-7.652725
-3.488234
0.618696
4.551751
8.488553
12.426887
15.546424
18.331494
21.348681
24.112633
26.238816
27.518102
28.825658
30.503443
31.960862
32.751220
33.209324
33.110721
32.401936
30.802659
28.296879
25.804383
22.976739
20.151990
17.082180
14.279059
11.819771
8.915152
5.158697
1.443795
-2.547843
-6.703138
-10.605199
-14.418874
-17.908471
-21.132401
-24.251427
-26.373693
-27.910130
-29.552834
-31.707287
-33.958980
-34.914698
-34.594195
-34.162828
-33.126899
-31.644787
-29.626744
-27.068853
-24.782760
-22.124904
-18.988507
-15.748569
-11.905772
-7.726124
-3.426756
0.885384
4.775524
8.888245
12.923649
16.063792
18.940483
21.926846
24.496658
26.545525
27.905532
29.404674
31.047549
32.433782
33.329385
33.534084
33.381496
32.511268
30.802488
28.372662
25.541612
22.711754
19.778013
16.885315
13.810396
11.206695
8.167880
4.345860
0.662633
-3.617661
-7.750477
-11.699200
-15.491928
-18.984761
-22.125244
-24.824653
-26.942492
-28.564249
-30.110904
-32.126052
-34.166234
-34.704208
-34.389326
-33.866337
-32.414539
-30.940090
-28.844220
-26.381186
-24.097817
-21.491562
-18.414940
-15.161889
-11.294569
-7.221528
-3.099442
0.981774
5.109991
9.097542
13.100590
16.084739
19.035339
22.106852
24.654695
26.561362
27.993066
29.432944
30.961207
32.527958
33.285958
33.488614
33.241681
32.259737
30.518941
28.119939
25.506190
22.539922
19.687584
16.745840
13.711963
11.246545
8.108105
4.427263
0.610352
-3.485850
-7.614919
-11.353663
-15.189988
-18.645695
-21.939618
-24.918829
-26.891061
-28.540748
-30.218022
-32.283579
-34.381151
-34.849473
-34.628425
-34.040894
-32.692466
-31.242541
-29.160125
-26.598828
-24.216005
-21.417311
-18.493789
-15.005895
-11.064495
-6.895236
-2.729212
1.288312
5.283696
9.311097
13.275487
16.241414
19.217389
22.183146
24.734735
26.563065
27.871302
29.371807
31.026772
32.414198
33.128091
33.330406
33.108847
32.176801
30.293294
27.732338
25.021519
22.034475
19.251108
16.174487
13.381924
10.773284
7.605553
3.979887
0.284910
-3.797667
-7.914986
-11.709247
-15.442882
-18.733910
-21.947282
-24.738823
-26.712077
-28.215817
-29.857329
-31.940767
-34.056050
-34.497465
-34.079211
-33.628600
-32.289369
-30.670166
-28.737273
-26.316472
-23.949487
-21.176849
-18.181120
-14.945950
-11.073692
-6.911584
-2.706902
1.323564
5.172491
9.188141
13.222865
16.165631
19.079787
22.106682
24.597134
26.487282
27.696916
29.106992
30.803680
32.328027
33.161981
33.370767
33.111572
32.238960
30.420167
27.956622
25.305918
22.571938
19.804580
16.865901
14.055286
11.580842
8.399657
4.479715
0.633853
-3.488745
-7.807868
-11.693920
-15.558856
-19.048963
-22.269487
-25.174958
-27.354615
-28.972455
-30.602898
-32.873494
-34.957954
-35.222258
-34.988948
-34.319673
-33.063378
-31.542778
-29.314416
-26.858194
-24.495295
-21.721125
-18.588305
-15.309027
-11.277880
-7.045610
-2.730404
1.508679
5.554812
9.611334
13.618640
16.730172
19.784314
22.764717
25.410993
27.271509
28.551817
29.948609
31.559467
32.951832
33.708300
33.665385
33.356462
32.333136
30.282225
27.723653
24.893624
22.039243
19.188779
16.080482
13.162749
10.580165
7.400172
3.631796
-0.227349
-4.241807
-8.395740
-12.156282
-15.856539
-19.179753
-22.167649
-24.949483
-26.867730
-28.490339
-30.078547
-32.158068
-34.010921
-34.361397
-34.023012
-33.343860
-31.994411
-30.540228
-28.422730
-25.960718
-23.601055
-20.871844
-17.847504
-14.611142
-10.725430
-6.509679
-2.548013
1.545123
5.317586
9.471859
13.176373
16.110795
19.127982
22.051675
24.544852
26.353598
27.690104
28.960364
30.861752
32.271658
32.996280
33.322232
33.047029
32.121284
30.242375
27.737107
25.302342
22.552695
19.662380
16.679593
13.806309
11.171613
7.968800
4.264457
0.422682
-3.771952
-7.964202
-11.667183
-15.514578
-18.987145
-22.257737
-25.011301
-27.039051
-28.622321
-30.358519
-32.594545
-34.479754
-34.747975
-34.528800
-33.934968
-32.622814
-30.994075
-28.919492
-26.332991
-23.875747
-21.051168
-17.924309
-14.598199
-10.709763
-6.452799
-2.179657
1.920121
5.857434
9.939841
13.908318
16.688108
19.746849
22.812741
25.127956
26.773896
27.919327
29.463598
31.106131
32.379798
33.100162
33.192805
32.852548
31.795331
29.613801
27.050461
24.366208
21.513019
18.753665
15.829120
12.937103
10.417359
7.298674
3.592968
-0.269072
-4.425730
-8.511373
-12.198176
-15.733072
-19.071613
-22.314446
-25.007554
-26.848316
-28.457812
-30.126572
-32.344035
-34.167937
-34.341642
-33.947059
-33.403465
-31.957286
-30.585527
-28.412001
-25.770494
-23.526294
-20.684515
-17.743281
-14.479160
-10.677746
-6.533180
-2.408028
1.760892
5.487714
9.697165
13.531787
16.430957
19.347157
22.379330
25.100027
26.793310
28.158597
29.664551
31.543289
32.963753
33.822741
33.893415
33.546686
32.523870
30.519451
27.841670
25.110245
22.401810
19.443035
16.424826
13.515609
10.876315
7.650001
3.720522
-0.084639
-4.366296
-8.508818
-12.338672
-16.085420
-19.609077
-22.700684
-25.317328
-27.535473
-29.129301
-30.739137
-33.266544
-35.068478
-35.154819
-34.859180
-34.069334
-32.746281
-31.191792
-28.895821
-26.341166
-23.916789
-21.003825
-17.838308
-14.342581
-10.309560
-6.193944
-1.950434
2.325603
6.348576
10.262557
13.895035
16.842910
19.880363
22.716352
25.309495
26.975530
28.297050
29.684305
31.275238
32.591139
33.353227
33.289194
32.924414
31.752075
29.743229
27.234043
24.422918
21.601745
18.893310
15.714169
12.965543
10.386365
7.104022
3.374304
-0.378234
-4.535743
-8.627857
-12.236493
-15.980516
-19.320760
-22.414242
-25.041103
-26.938404
-28.448105
-30.136108
-32.348122
-34.154483
-34.284932
-33.955574
-33.262798
-31.931400
-30.452013
-28.136798
-25.697265
-23.438079
-20.695414
-17.642805
-14.243296
-10.259662
-6.146261
-2.167055
2.082586
5.946841
10.065862
13.640608
16.496181
19.508941
22.603614
25.102411
26.797567
28.195892
29.717343
31.330075
32.599654
33.218520
33.365318
33.055714
31.848635
29.897690
27.394124
24.710723
21.922759
18.993446
15.962975
13.242960
10.642154
7.063491
3.441742
-0.426769
-4.700933
-8.800711
-12.836627
-16.517639
-19.898926
-23.146868
-25.851386
-27.625901
-29.138838
-31.039034
-33.403294
-34.921169
-34.967491
-34.620762
-33.747298
-32.233000
-30.538184
-28.094053
-25.804894
-23.327725
-20.363331
-17.116581
-13.761861
-9.699208
-5.470514
-1.339231
2.857787
6.736176
10.931151
14.602627
17.499583
20.493439
23.513521
25.960037
27.419329
28.664385
30.208656
31.854425
33.047540
33.453362
33.562183
33.119747
31.872817
29.621976
26.824304
24.097988
21.157094
18.177714
15.038763
12.319088
9.790489
6.120886
2.423865
-1.516002
-5.598749
-9.576423
-13.361488
-17.172439
-20.315817
-23.335900
-25.828055
-27.464117
-29.034274
-30.708994
-33.068827
-34.458297
-34.375020
-34.019266
-33.159937
-31.692471
-30.044998
-27.520146
-25.188753
-22.812741
-19.799982
-16.665118
-13.189145
-9.152549
-4.996232
-0.782524
3.216778
7.193770
11.363711
14.865909
17.658642
20.528691
23.369789
25.597470
27.132715
28.489828
29.985223
31.618731
32.734019
33.142567
33.095224
32.665730
31.296696
29.084001
26.483876
23.765734
21.129506
18.193892
15.213830
12.526682
9.734290
6.281478
2.412115
-1.428808
-5.637407
-9.594645
-13.381413
-17.027003
-20.366226
-23.573126
-25.942836
-27.812038
-29.245445
-31.023026
-33.347436
-34.676279
-34.528800
-34.243720
-33.301115
-31.903471
-30.287845
-27.796541
-25.320564
-22.841011
-19.945587
-16.717570
-13.134309
-9.101629
-4.906143
-0.728028
3.354209
7.459947
11.625971
15.038592
17.782450
20.934343
23.733718
25.905541
27.494431
28.937033
30.473811
32.117878
33.210686
33.474650
33.479588
32.780341
31.328712
29.125214
26.645831
23.670878
21.001611
17.944063
14.965705
12.274129
9.418896
5.801405
2.036606
-1.943452
-6.222895
-10.066714
-13.921601
-17.607553
-20.943880
-23.986953
-26.349510
-28.074639
-29.679707
-31.487771
-33.782380
-34.953015
-34.854071
-34.468515
-33.491169
-31.932422
-30.180556
-27.576004
-25.170531
-22.479636
-19.654887
-16.533818
-12.852975
-8.749110
-4.497766
-0.417403
3.557546
7.537433
11.728661
15.175853
17.877477
20.942177
23.718051
25.860241
27.396849
28.837238
30.487435
32.124860
33.059120
33.378431
33.325468
32.587051
31.163182
28.862783
26.341677
23.467030
20.639045
17.665114
14.460938
11.860473
8.989232
5.275352
1.610007
-2.243689
-6.491286
-10.391303
-14.153378
-17.747368
-20.951714
-24.036510
-26.234729
-27.866874
-29.414381
-31.214612
-33.511434
-34.448930
-34.480606
-34.153632
-33.140012
-31.605618
-29.786995
-27.273553
-24.881363
-22.209372
-19.169365
-16.081844
-12.404067
-8.288963
-4.005943
0.094005
4.135881
8.212158
12.343100
15.615395
18.385819
21.433149
24.089643
26.230131
27.641739
28.903144
30.701671
32.255479
33.158575
33.434629
33.294133
32.573598
30.900070
28.566463
25.941985
23.179395
20.247357
17.106703
14.328616
11.764254
8.882795
5.130598
1.413482
-2.671650
-6.783860
-10.715042
-14.653887
-18.181631
-21.442005
-24.401801
-26.643276
-28.159789
-29.841151
-31.703029
-33.938714
-34.760918
-34.414700
-33.910956
-32.863958
-31.420503
-29.300962
-26.633058
-24.209023
-21.708523
-18.678222
-15.429088
-11.770214
-7.684571
-3.431695
0.901903
4.848582
8.813654
12.767996
15.845299
18.733229
21.810191
24.437904
26.461737
27.914728
29.307944
30.860220
32.416412
33.151933
33.318996
33.070701
32.316276
30.549935
28.302159
25.535141
22.714308
19.932985
16.856364
13.806990
11.333397
8.247410
4.529783
0.834635
-3.124305
-7.303272
-11.179447
-14.942033
-18.508605
-21.645342
-24.646521
-26.666267
-28.391055
-30.059474
-31.986747
-34.119572
-34.841810
-34.552983
-34.052644
-32.886437
-31.344380
-29.381343
-26.694536
-24.310521
-21.664756
-18.716880
-15.498059
-11.654581
-7.395744
-3.238576
1.011576
4.940714
9.074211
12.923479
15.845810
18.792323
21.853788
24.685349
26.596274
28.055395
29.494081
31.136104
32.641377
33.506666
33.641372
33.384221
32.389334
30.615670
28.268780
25.669847
22.763014
19.798790
16.757250
13.826915
11.199372
8.066552
4.202638
0.442437
-3.674201
-7.943596
-11.877673
-15.741076
-19.142117
-22.301674
-25.163378
-27.048247
-28.648206
-30.345746
-32.348633
-34.339087
-34.784419
-34.417084
-33.943483
-32.625539
-31.107664
-29.081276
-26.491710
-24.041108
-21.303381
-18.132584
-14.993634
-11.106048
-6.802252
-2.690894
1.584632
5.507299
9.652206
13.517141
16.460759
19.357886
22.475038
25.025606
26.717697
28.033427
29.556070
31.223978
32.526936
33.090115
33.326830
33.128262
32.085861
30.134916
27.664900
24.950675
22.230830
19.438437
16.342402
13.575043
11.037929
7.762228
4.070997
0.350305
-3.774847

