-9.232930
-11.584759
-13.683523
-16.088826
-18.539429
-20.656415
-22.792476
-24.450847
-25.203058
-25.663546
-24.738652
-23.342030
-22.484405
-21.286351
-20.190988
-19.911187
-19.486461
-18.262863
-15.721662
-12.763398
-10.439157
-7.568427
-3.613404
0.304665
3.754241
6.535905
8.631263
10.664633
12.629373
15.012196
17.412731
19.296408
21.080630
22.539922
24.342537
25.767429
25.960888
24.964469
23.107018
20.963805
19.256558
17.880883
16.686235
16.050509
15.123401
13.907126
11.868817
9.463515
7.028920
3.981420
0.160933
-3.082582
-5.446332
-6.994690
-8.706365
-11.145898
-13.334751
-15.708719
-18.395696
-20.414421
-22.462266
-24.128471
-25.014537
-25.504657
-24.797406
-23.433992
-22.558996
-21.446603
-20.692859
-20.455292
-19.900969
-18.697126
-16.033139
-13.046946
-10.793039
-7.592951
-3.463541
0.567436
4.160745
6.762743
8.951766
11.045252
13.088499
15.583549
17.902681
19.659826
21.440131
23.028340
24.945736
26.190962
26.154348
25.196246
23.107358
20.959718
19.314630
17.957176
16.898428
15.997716
15.012196
13.616255
11.730024
9.069443
6.514617
3.369706
-0.499998
-3.603527
-6.088700
-7.599252
-9.417704
-11.825391
-13.988870
-16.327245
-18.683331
-20.799807
-23.001603
-24.476051
-25.177002
-25.455100
-24.410486
-23.149252
-22.233384
-20.760298
-20.128999
-19.848858
-19.397395
-18.105507
-15.459912
-12.623583
-10.374955
-7.102660
-3.073045
0.735181
4.041706
6.818090
8.840220
10.923658
12.920754
15.570436
17.942701
19.722496
21.385295
23.075172
24.919680
25.957142
26.076862
24.974687
22.876263
20.736797
19.028868
17.713990
16.732897
16.037396
14.889581
13.556821
11.553083
8.942229
6.495714
3.304992
-0.383173
-3.597566
-5.895240
-7.426739
-9.158850
-11.670589
-13.831002
-16.349384
-18.891607
-20.823479
-22.984062
-24.492400
-25.207826
-25.589296
-24.509771
-23.355143
-22.413560
-21.046400
-20.436049
-20.216193
-19.574506
-18.122877
-15.313796
-12.667860
-10.216747
-6.829500
-2.674205
1.209974
4.469497
7.096188
9.133135
11.210442
13.207878
15.856879
18.117768
19.930942
21.582501
23.196254
25.069714
26.167461
25.999035
24.753639
22.609064
20.520517
18.970285
17.597335
16.541651
15.758106
14.620168
13.290473
11.079311
8.644376
6.062133
2.806016
-0.842128
-3.865106
-6.081547
-7.638080
-9.500810
-11.921951
-13.952596
-16.449179
-18.878324
-20.823819
-22.851910
-24.224349
-24.875743
-25.228092
-24.126768
-22.837605
-22.054400
-20.770345
-20.066500
-20.009279
-19.534656
-18.003328
-15.147073
-12.442895
-10.208232
-6.815876
-2.639123
1.247951
4.514456
6.970167
8.992638
11.154754
13.156959
15.738181
17.983062
19.757577
21.466187
22.958858
24.705614
25.808641
25.795868
24.648394
22.547415
20.474195
19.006389
17.721994
16.784327
16.037226
15.137366
13.748918
11.649813
9.123428
6.662948
3.405469
-0.477007
-3.586497
-5.765472
-7.445642
-9.375811
-11.893170
-14.106716
-16.593933
-19.076211
-21.258422
-23.383413
-24.722644
-25.560175
-25.863647
-24.638346
-23.513692
-22.526809
-21.286011
-20.659992
-20.300831
-19.732714
-18.210070
-15.404224
-12.690169
-10.488885
-6.954500
-2.773830
1.182726
4.604714
7.263592
9.303263
11.434896
13.598544
16.298805
18.498727
20.393814
22.069216
23.679222
25.452716
26.493924
26.362113
25.129489
22.750752
20.627635
19.000428
17.507247
16.477959
15.628168
14.598710
13.167007
10.897602
8.310590
5.737884
2.456733
-1.258169
-4.319974
-6.393535
-7.920946
-9.746381
-12.117454
-14.140265
-16.442367
-18.839496
-20.812239
-22.984232
-24.324485
-24.996996
-25.126764
-23.994276
-22.820234
-21.817003
-20.510129
-19.987822
-19.768476
-19.183329
-17.626115
-14.858586
-12.213503
-10.031973
-6.603684
-2.395596
1.282011
4.591601
6.921802
9.037597
10.915654
12.956858
15.632766
17.802034
19.619976
21.333013
22.962945
24.615867
25.840487
25.699650
24.469750
22.464991
20.457676
18.987145
17.672947
16.731705
16.156265
15.170574
13.660533
11.497395
8.939334
6.336996
3.057889
-0.611714
-3.709282
-6.025348
-7.645232
-9.558541
-12.127331
-14.316865
-16.822304
-19.147737
-21.153348
-23.224013
-24.661507
-25.471279
-25.605134
-24.382387
-23.296561
-22.346633
-21.039418
-20.410844
-20.270007
-19.535678
-17.887865
-15.046597
-12.315171
-10.023117
-6.514958
-2.202136
1.743010
5.067757
7.538455
9.523119
11.629207
13.547284
16.297272
18.612657
20.271880
21.835906
23.294347
25.135790
26.003804
25.696244
24.380343
22.199494
20.178556
18.673454
17.162051
16.170570
15.397242
14.306818
12.874092
10.780096
8.222716
5.750656
2.550568
-1.075779
-4.179989
-6.422486
-8.035387
-9.933540
-12.176888
-14.240401
-16.708033
-19.007240
-20.867075
-23.015056
-24.361440
-25.157928
-25.276797
-23.982865
-22.718906
-21.813597
-20.385299
-20.001105
-19.779546
-19.037213
-17.548459
-14.678410
-12.185233
-9.939841
-6.477152
-2.317599
1.460484
4.772970
6.995542
9.109633
11.127165
13.195276
15.818051
18.106018
20.160164
21.730150
23.396696
25.144475
26.188408
25.972298
24.825505
22.594758
20.597662
19.156081
17.838137
16.805785
15.985114
15.083551
13.500111
11.299508
8.620364
5.956718
2.614260
-1.223939
-4.187311
-6.367820
-7.878031
-9.848561
-12.236152
-14.522587
-16.921248
-19.185713
-21.498374
-23.574829
-24.765900
-25.738818
-25.773389
-24.415425
-23.346799
-22.262335
-21.080290
-20.627635
-20.309176
-19.534486
-17.773935
-14.786380
-12.129716
-9.685925
-6.032331
-1.970189
1.896109
5.362715
7.880586
9.806156
11.690685
13.854163
16.476086
18.478291
20.387343
21.951028
23.622172
25.247165
26.038545
25.789567
24.477243
22.108555
20.086084
18.522569
17.244646
16.344104
15.501976
14.489378
13.127668
10.710444
8.182185
5.551236
2.159732
-1.507487
-4.337004
-6.410054
-7.913794
-9.808200
-12.257951
-14.401845
-16.870328
-19.166470
-21.212952
-23.211922
-24.383238
-25.044680
-25.090660
-23.796558
-22.718396
-21.735430
-20.557301
-20.222323
-19.895520
-19.194058
-17.466205
-14.617954
-12.100254
-9.699549
-6.041356
-1.968827
1.654284
5.005087
7.342781
9.464366
11.389085
13.535704
16.197988
18.437760
20.288570
21.904537
23.655721
25.365864
26.056256
25.694541
24.263007
22.095953
20.215511
18.677371
17.449004
16.570432
15.800510
14.768669
13.162068
10.894367
8.384330
5.779266
2.097232
-1.423700
-4.263605
-6.326948
-7.846015
-10.159527
-12.510163
-14.710426
-17.370837
-19.760302
-21.722487
-23.705108
-24.944374
-25.718212
-25.471789
-24.166788
-23.180587
-22.067172
-20.807811
-20.348685
-19.952910
-19.339493
-17.307826
-14.272588
-11.664799
-9.360313
-5.601134
-1.440729
2.214909
5.474431
7.759844
9.902034
11.949539
14.151675
16.714845
18.842561
20.729303
22.192001
23.914235
25.658607
26.365519
25.911672
24.197953
22.006886
20.134279
18.643481
17.294203
16.247375
15.433346
14.267479
12.569598
10.131257
7.650171
5.089385
1.363073
-2.155134
-4.986695
-6.786755
-8.271422
-10.443585
-12.978826
-14.999253
-17.509460
-19.710915
-21.643298
-23.651464
-24.646861
-25.406906
-25.116205
-23.720946
-22.779192
-21.610090
-20.480837
-20.138025
-19.691331
-18.939291
-16.932147
-13.865573
-11.422634
-8.868149
-5.037103
-0.982114
2.754927
5.751508
8.057526
10.160037
12.152195
14.384304
16.866582
18.843242
20.586252
22.151300
23.925815
25.456122
26.037352
25.429385
23.709706
21.448476
19.711086
18.232891
16.998053
16.134126
15.299150
14.343943
12.636696
10.358776
7.860150
5.079338
1.472235
-2.186980
-4.906825
-6.884336
-8.430481
-10.664463
-12.944085
-15.129021
-17.668520
-19.718409
-21.918331
-23.776804
-24.772031
-25.490352
-25.132895
-23.712601
-22.746665
-21.535669
-20.490885
-20.322289
-19.957849
-19.026824
-16.899960
-13.950723
-11.482409
-8.733783
-4.828147
-0.729050
2.866473
5.790506
8.093289
10.159867
12.130397
14.435734
17.185722
19.159998
20.890066
22.523403
24.341856
25.776454
26.222127
25.589125
23.777144
21.601745
19.769839
18.363169
17.191342
16.446454
15.305792
14.196634
12.334415
9.968792
7.488217
4.679476
1.025540
-2.422333
-5.128384
-6.994520
-8.482592
-10.816540
-13.136353
-15.426704
-17.959050
-20.119122
-22.249733
-24.194377
-25.080272
-25.677000
-25.103433
-23.715837
-22.748028
-21.569899
-20.490544
-20.335232
-19.900969
-18.914597
-16.475405
-13.607570
-11.242117
-8.334432
-4.241977
-0.127724
3.305163
6.086656
8.192403
10.292700
12.376819
14.688458
17.291307
19.230672
20.958696
22.564616
24.376937
25.834526
26.205948
25.404351
23.589645
21.492924
19.680262
18.336603
17.104830
16.319922
15.224729
13.973713
12.102979
9.485824
7.095167
4.200595
0.409910
-2.914156
-5.444288
-7.271937
-8.895057
-11.170762
-13.340712
-15.481710
-18.025296
-20.046745
-22.208520
-24.031741
-24.868590
-25.454249
-24.682283
-23.486614
-22.539922
-21.326201
-20.369802
-20.271369
-19.902842
-18.853630
-16.332354
-13.338498
-11.062281
-8.078303
-3.944976
0.134706
3.553799
6.335463
8.478676
10.573353
12.648957
15.065159
17.605339
19.450188
21.212101
22.678035
24.329083
25.817496
26.095084
25.257724
23.382562
21.235773
19.591195
18.086263
16.955137
16.125781
15.195608
13.859102
11.825221
9.606566
7.169076
4.244021
0.362056
-3.019401
-5.629233
-7.224594
-8.961814
-11.459759
-13.637883
-15.949011
-18.489020
-20.657267
-22.766931
-24.547747
-25.265728
-25.722980
-24.854115
-23.371492
-22.359576
-21.202053
-20.444223
-20.132065
-19.528525
-18.257414
-15.785354
-12.873411
-10.563987
-7.522617
-3.441913
0.572375
4.115786
6.763254
8.797135
10.844810
12.853656
15.450716
17.902340
19.710064
21.424464
23.016589
24.795021
25.957653
26.170697
25.108031
23.062059
20.852940
19.260475
17.791646
16.760996
15.843425
14.888389
13.643333
11.640787
9.120192
6.762062
3.614426
-0.171832
-3.423180
-5.785738
-7.450581
-9.230205
-11.580672
-13.764075
-15.978473
-18.502814
-20.496505
-22.815466
-24.513517
-25.204590
-25.561367
-24.622508
-23.241554
-22.250244
-21.035501
-20.315988
-20.253658
-19.632578
-18.288238
-15.624932
-12.903554
-10.586807
-7.260357
-3.027575
0.792061
4.201446
6.721020
8.805479
10.775839
12.745176
15.433856
17.855167
19.880363
21.532604
23.155894
24.886302
25.996821
26.028497
25.036505
22.983892
20.918335
19.243104
17.926352
17.014742
16.243117
15.147754
13.679096
11.638233
9.104184
6.528071
3.285408
-0.569480
-3.731591
-6.004061
-7.686785
-9.612697
-12.081010
-14.161382
-16.571624
-19.002812
-20.966189
-23.175989
-24.671555
-25.287185
-25.514875
-24.379662
-23.051500
-22.164243
-20.886660
-20.297766
-20.195075
-19.575357
-18.045221
-15.238183
-12.360982
-10.211297
-6.813833
-2.563340
1.188517
4.603182
7.104533
9.232249
11.321306
13.427564
16.084058
18.519844
20.334891
21.788563
23.285661
25.068011
26.020833
25.774411
24.428538
22.377627
20.447459
18.827404
17.403024
16.428402
15.591894
14.676026
13.349397
11.181150
8.809056
6.299189
2.928461
-0.820841
-3.899847
-6.075246

