-7.672821
-9.730203
-12.060234
-14.126812
-16.508102
-18.996341
-20.966019
-23.095437
-24.542809
-25.258064
-25.314093
-24.171897
-22.976739
-22.018296
-20.907266
-20.412377
-20.196778
-19.518478
-17.972503
-15.040125
-12.354510
-9.987695
-6.529944
-2.402237
1.372099
4.692589
7.041522
9.264094
11.301041
13.428075
16.047273
18.325193
20.044531
21.850211
23.502111
25.200333
26.163033
26.004314
24.714470
22.594248
20.634277
18.933671
17.700706
16.677891
15.769516
14.803410
13.251475
11.063644
8.422988
5.789655
2.331053
-1.369715
-4.382815
-6.517002
-8.075748
-10.012559
-12.531621
-14.604330
-17.066342
-19.346986
-21.320411
-23.476567
-24.719068
-25.438751
-25.560004
-24.237973
-22.965670
-21.851574
-20.668847
-20.217214
-19.997018
-19.210747
-17.472506
-14.560563
-11.914458
-9.513412
-5.894559
-1.766682
2.102852
5.250488
7.745198
9.717941
11.598723
13.681991
16.243798
18.460751
20.149776
21.836928
23.497854
25.211232
25.870630
25.588274
24.166618
22.039924
20.120314
18.578427
17.336096
16.412565
15.584401
14.497553
13.057334
10.883297
8.240427
5.647455
2.099105
-1.526901
-4.492658
-6.574903
-7.995708
-10.019370
-12.466908
-14.610801
-17.047269
-19.258261
-21.206992
-23.323298
-24.556432
-25.171382
-25.112459
-23.839303
-22.708688
-21.682126
-20.526648
-20.201377
-20.111799
-19.358907
-17.494644
-14.493465
-12.209075
-9.642839
-5.861861
-1.739264
1.886572
5.069630
7.443939
9.482418
11.601618
13.889245
16.459227
18.596309
20.485776
22.131545
23.843050
25.546721
26.228428
25.824308
24.358545
22.139038
20.233563
18.749407
17.504692
16.565834
15.663079
14.636687
13.012035
10.713679
8.255754
5.535228
1.952478
-1.732111
-4.533189
-6.531477
-8.101123
-10.298831
-12.536219
-14.869656
-17.430442
-19.723858
-21.831989
-23.908956
-25.085381
-25.730814
-25.554725
-24.053710
-22.992236
-21.923099
-20.635469
-20.353113
-19.942863
-19.243956
-17.223188
-13.980695
-11.487177
-9.047644
-5.211830
-1.180683
2.529110
5.647966
7.810763
9.891135
11.922291
14.100756
16.730343
18.686737
20.545721
22.113664
23.718051
25.349515
26.063408
25.512491
23.900100
21.712610
19.956146
18.346310
17.174312
16.161885
15.236139
14.190163
12.545926
10.293382
7.771083
5.179984
1.589400
-2.057382
-4.746062
-6.556511
-8.061273
-10.299342
-12.602465
-14.711108
-17.151322
-19.390242
-21.348851
-23.420538
-24.471964
-25.230476
-25.116376
-23.590326
-22.710221
-21.555764
-20.478794
-20.233563
-19.874743
-19.133432
-17.188617
-14.164788
-11.737347
-9.216411
-5.346707
-1.315730
2.323559
5.516154
7.667712
9.809732
11.802741
14.020886
16.581501
18.652337
20.495483
22.126777
23.839133
25.497845
26.094743
25.601728
24.034977
21.940640
20.148073
18.574851
17.411709
16.539097
15.634809
14.444419
12.863023
10.534184
7.969141
5.254235
1.694305
-1.932212
-4.873616
-6.798676
-8.391823
-10.594300
-12.964862
-15.235628
-17.707178
-19.877808
-21.959373
-24.020331
-25.008576
-25.605304
-25.310346
-23.888860
-22.860765
-21.588121
-20.357030
-20.124912
-19.774607
-18.905401
-16.913414
-13.944592
-11.560065
-8.845159
-4.892179
-0.875677
2.834286
5.900690
8.143357
10.154418
12.188128
14.453275
17.155749
19.169024
20.805597
22.409643
24.159125
25.717531
26.135274
25.581292
23.807458
21.559170
19.528355
18.036706
16.897917
15.977110
15.128851
14.014414
12.328965
9.999786
7.543223
4.828998
1.230921
-2.317429
-4.957914
-6.913117
-8.309909
-10.421787
-12.654747
-14.879874
-17.401831
-19.582680
-21.619626
-23.562738
-24.652822
-25.290421
-24.838277
-23.529359
-22.594588
-21.479981
-20.381042
-20.061902
-19.810370
-18.987826
-16.868625
-13.937950
-11.624098
-9.011371
-4.927771
-0.944308
2.602679
5.554131
7.654769
9.830509
11.840548
14.095306
16.668694
18.803392
20.587785
22.119454
23.986271
25.628124
26.211568
25.577545
23.987804
21.769660
20.028864
18.586261
17.422267
16.613858
15.651158
14.495509
12.720823
10.406119
7.865940
5.019733
1.324415
-2.129589
-4.969324
-6.948199
-8.437463
-10.791336
-13.109446
-15.251977
-17.826387
-20.044701
-22.100721
-24.113314
-24.963788
-25.626591
-25.187050
-23.729290
-22.735936
-21.690130
-20.542996
-20.288910
-20.092896
-19.022908
-16.823837
-13.759817
-11.440175
-8.655787
-4.731246
-0.658376
3.057889
6.078141
8.232764
10.240589
12.332031
14.608247
17.100573
19.066504
20.841019
22.239855
24.039234
25.548254
25.985241
25.445223
23.741382
21.436896
19.689628
18.143654
16.824859
16.008786
15.181644
14.108930
12.333563
9.917191
7.624967
5.069120
1.433747
-2.508163
-5.158867
-6.988389
-8.493151
-10.706357
-13.017654
-15.246187
-17.891100
-19.947801
-21.958692
-23.849862
-24.807113
-25.401115
-25.037527
-23.516927
-22.586754
-21.388871
-20.428044
-20.057304
-19.653354
-18.649442
-16.620159
-13.746023
-11.367968
-8.797986
-4.841600
-0.651053
2.999476
5.934579
8.070639
10.211127
12.087992
14.511347
17.007930
18.974543
20.811387
22.456135
24.216856
25.659800
26.190111
25.533097
23.767608
21.407093
19.567864
18.190486
17.137017
16.231196
15.395709
14.215197
12.588331
10.077272
7.578816
4.522290
0.924042
-2.557720
-5.155802
-6.972211
-8.505072
-10.748931
-12.945959
-15.105690
-17.812593
-19.969770
-22.126947
-24.130685
-24.985586
-25.640045
-25.130851
-23.829596
-22.876433
-21.704435
-20.755529
-20.527840
-20.110096
-19.000769
-16.678061
-13.687100
-11.370863
-8.584261
-4.502365
-0.479903
3.139632
6.107262
8.386884
10.308027
12.242794
14.660699
17.206669
19.242082
21.020174
22.598164
24.317162
25.866883
26.245628
25.604452
23.904528
21.585056
19.949164
18.427031
17.182997
16.469615
15.398775
14.168535
12.489728
9.946483
7.428612
4.442419
0.573908
-2.919776
-5.511386
-7.319450
-8.974246
-11.323861
-13.630220
-15.748399
-18.276317
-20.263365
-22.286177
-24.176325
-24.932282
-25.589125
-24.868250
-23.486444
-22.507565
-21.172762
-20.278011
-19.974027
-19.614867
-18.547603
-16.129698
-13.160195
-10.968617
-8.177757
-4.169089
0.009026
3.552437
6.346532
8.460283
10.551555
12.467418
14.715024
17.320599
19.344602
21.037374
22.556952
24.271352
25.631871
25.936706
25.060517
23.189783
21.018471
19.415447
17.956836
16.792672
16.002144
15.138217
13.997555
12.127672
9.690693
7.392338
4.298006
0.672000
-2.598081
-5.166701
-6.865774
-8.510692
-10.971001
-13.218267
-15.519176
-18.056972
-20.168509
-22.320577
-24.102075
-25.088957
-25.742224
-24.831636
-23.510286
-22.626945
-21.460567
-20.592042
-20.410333
-19.977944
-18.790449
-16.380208
-13.493981
-11.197158
-8.254392
-4.309927
-0.197887
3.459283
6.239585
8.402722
10.524648
12.654407
15.124593
17.687934
19.664594
21.549293
23.215158
24.914060
26.254484
26.550974
25.717531
23.766245
21.534136
19.858565
18.381902
17.164264
16.142811
15.205826
13.901506
11.823859
9.217603
6.787096
3.668410
-0.199590
-3.570148
-5.991118
-7.678611
-9.445804
-11.746713
-14.046431
-16.282627
-18.647909
-20.628146
-22.822278
-24.400949
-25.250231
-25.732347
-24.833168
-23.328577
-22.287709
-20.871333
-20.034994
-19.808156
-19.337109
-18.046924
-15.410015
-12.541839
-10.230541
-7.038627
-2.933911
0.880957
4.318953
7.046802
9.026017
10.838849
12.832199
15.349388
17.671244
19.344091
21.057299
22.528172
24.339642
25.397028
25.410652
24.519988
22.482191
20.352772
18.788917
17.516443
16.620840
15.892812
14.943395
13.777188
11.909008
9.401866
6.987027
3.876516
0.100136
-3.055504
-5.441393
-7.022790
-8.909362
-11.325223
-13.568401
-15.884638
-18.395867
-20.382064
-22.759267
-24.355650
-25.212254
-25.508744
-24.649927
-23.486955
-22.520508
-21.301338
-20.711252
-20.570074
-20.082508
-18.700872
-15.969276
-13.172116
-10.906458
-7.379907
-3.027575
0.801427
4.324062
6.965910
9.151527
11.386701
13.418027
16.142981
18.606016
20.460742
22.374902
23.948635
25.708505
26.711055
26.489837
25.249720
23.126432
21.072456
19.333873
17.887354
16.863687
15.930108
14.764922
13.240065
10.974577
8.404425
5.924191
2.467462
-1.385042
-4.378557
-6.631783
-8.121559
-10.083573
-12.406792
-14.629875
-16.942876
-19.341026
-21.238157
-23.279531
-24.529866
-25.214297
-25.417805
-24.131366
-22.795371
-21.777494
-20.478453
-19.854307
-19.703933
-19.024440
-17.454624
-14.600243
-11.806829
-9.561607
-6.186451
-2.098254
1.584632
4.788637
7.042033
9.105206
11.088337
13.199534
15.803065
17.925501
19.734246
21.395854
22.960561
24.799449
25.725194
25.571074
24.275269
22.023065
20.252807
18.902166
17.579624
16.576903
15.833548
14.808689
13.433695
11.241436
8.866617
6.345170
2.978870
-0.840085
-3.951618
-6.046125
-7.583073
-9.616102
-12.139252
-14.312948
-16.776153
-19.131388
-21.227258
-23.527827
-24.721793
-25.576012
-25.807789
-24.566139
-23.458004
-22.534473
-21.216529
-20.759106
-20.535673
-19.762005
-18.019336
-15.114546
-12.302058
-9.787253
-5.933046
-1.748630
2.038649
5.296980
7.697684
9.911060
12.124096
14.269011
16.886507
18.974883
20.757573
22.391932
23.966687
25.573288
26.205267
26.015384
24.461065
22.215843
20.207507
18.795388
17.417669
16.395705
15.369654
14.371872
12.707370
10.374955
7.916519
5.289486
1.829863
-1.812322
-4.878896
-6.963185
-8.406299
-10.404587
-12.732574
-14.822994
-17.225402
-19.460065
-21.407604
-23.493937
-24.563415
-25.207996
-25.158269
-23.689781
-22.590501
-21.432468
-20.159994
-19.850220
-19.688095
-18.898249
-17.049653
-14.159169
-11.777026
-9.334428
-5.450760
-1.538140
2.169609
5.231074
7.437978
9.377003
11.397600
13.677904
16.481025
18.554415
20.329271
21.994795
23.788043
25.388173
26.120629
25.560686
24.006878
21.852936
20.057985
18.648761
17.429420
16.657966
15.788760
14.584235
12.885502
10.660376
8.202791
5.446502
1.749311
-1.849788
-4.580021
-6.622076
-8.217948
-10.461296
-13.005904
-15.240056
-17.804759
-19.813265
-22.082840
-24.043322
-25.082316
-25.726557
-25.491714
-23.938758
-23.040771
-21.829265
-20.645687
-20.274435
-19.962277
-19.013711
-16.935893
-13.951915
-11.436769
-8.767673
-4.734993
-0.628403
3.050225
5.994354
8.148977
10.160548
12.111153
14.435053
17.060382
19.140244
20.906074
22.296054
24.163212
25.674616
26.058469
25.420700
23.700850
21.469934
19.794192
18.232380
17.084054
16.215188
15.301875
14.082704
12.264252
9.899310
7.451432
4.661083
1.054491
-2.457585
-5.041701
-6.894725
-8.473226
-10.749272
-13.034855
-15.149287
-17.688615
-19.922086
-21.948814
-23.888350
-24.740185
-25.513002
-25.013856
-23.620299
-22.694043
-21.665437
-20.653861
-20.370483
-20.087276
-19.174985
-16.988005
-14.016969
-11.597191
-8.880751
-4.956722
-0.824417
2.880096
5.894048
8.040667
10.162081
12.161221
14.598710
17.252479
19.323656
21.183150
22.699492
24.473156
25.899921
26.501758
25.750399
23.930924
21.765062
19.943884
18.535852
17.279387
16.493968
15.540293
14.393330
12.536560
9.901864
7.426909
4.679305
0.905991
-2.629587
-5.312817

