21.195412
19.940308
19.009454
17.610277
15.744482
13.609443
11.437791
8.818252
6.041697
3.001860
-0.723600
-4.536595
-7.595164
-10.113886
-12.593951
-15.122380
-17.130205
-18.951212
-21.054745
-22.941657
-24.994441
-26.781900
-28.187888
-29.051985
-28.803689
-27.681249
-26.092189
-23.504666
-21.486453
-20.214830
-18.913746
-17.036710
-14.427900
-11.696475
-9.244340
-5.514622
-0.750508
3.978355
7.598570
10.278055
12.832199
14.914274
16.578947
18.103123
19.715854
20.946775
22.281408
23.956639
25.422403
26.448114
26.208844
25.561026
24.361610
22.477933
20.831312
19.868442
18.785851
17.382077
15.458720
13.500793
11.269876
8.585623
5.909545
2.796139
-1.142025
-4.850456
-7.739067
-10.163954
-12.640272
-15.262536
-17.291989
-19.116742
-21.183661
-23.108040
-25.126764
-26.945727
-28.325149
-29.127428
-28.692484
-27.625901
-25.758403
-23.364169
-21.497011
-20.298277
-18.968752
-17.048972
-14.394351
-11.783668
-9.252174
-5.256448
-0.576632
4.155976
7.690872
10.370357
12.922968
15.105861
16.727618
18.360785
20.002127
21.138872
22.684336
24.391242
25.814261
26.727745
26.326690
25.631700
24.296045
22.373199
20.841871
19.845281
18.764223
17.220633
15.239716
13.266461
11.028562
8.279255
5.509513
2.385208
-1.567602
-5.240270
-8.113384
-10.591234
-12.967246
-15.508618
-17.610618
-19.455637
-21.485090
-23.349353
-25.626591
-27.190277
-28.397867
-29.006856
-28.604269
-27.377265
-25.458336
-22.996664
-21.002293
-19.751447
-18.504858
-16.563620
-13.764586
-11.276688
-8.712666
-4.766158
0.027929
4.486697
7.972036
10.499954
12.977123
15.099900
16.676017
18.260309
19.784144
20.982708
22.379671
24.032082
25.664738
26.482173
26.188578
25.530032
24.354288
22.493260
20.982879
19.914763
18.984420
17.283644
15.277352
13.265439
10.937963
8.234978
5.471706
2.236537
-1.672677
-5.203996
-8.125646
-10.606050
-12.952260
-15.568563
-17.439127
-19.533975
-21.540778
-23.260117
-25.351729
-27.213608
-28.438057
-29.090984
-28.584855
-27.376073
-25.600025
-23.075342
-21.190814
-19.991398
-18.583366
-16.640936
-13.726609
-11.286225
-8.713518
-4.600627
0.316586
4.753045
8.056504
10.660376
13.305800
15.314988
16.894511
18.457004
19.965002
21.167994
22.621666
24.304901
25.778157
26.593379
26.143619
25.356667
24.063417
22.278173
20.813431
19.739355
18.692698
17.120327
15.187263
13.125794
10.844128
8.092267
5.390814
2.084289
-1.974446
-5.430153
-8.405106
-10.762726
-13.276339
-15.800680
-17.631224
-19.608055
-21.634272
-23.480654
-25.563751
-27.270317
-28.513500
-29.172727
-28.642246
-27.331625
-25.449821
-22.872857
-21.057810
-19.795043
-18.471139
-16.426870
-13.605186
-11.157308
-8.517504
-4.451105
0.460488
4.903419
8.297818
10.899305
13.418879
15.357733
16.924483
18.579960
20.117419
21.224022
22.785834
24.457659
25.906393
26.582820
26.209525
25.410993
23.896524
22.030047
20.563092
19.633770
18.590008
16.927208
14.976774
12.938295
10.528564
7.784537
5.130087
1.907519
-1.970530
-5.485160
-8.317913
-10.607413
-13.032641
-15.647241
-17.580135
-19.568716
-21.674633
-23.582493
-25.688240
-27.269295
-28.470925
-29.096263
-28.511797
-27.266741
-25.319372
-22.883415
-21.056788
-19.800152
-18.279042
-16.226087
-13.600077
-11.139938
-8.377688
-4.274505
0.505788
5.004917
8.258649
10.798318
13.167007
15.229327
16.838653
18.495321
20.038911
21.253995
22.768634
24.465322
25.994267
26.662009
26.194538
25.438751
24.100542
22.111961
20.797082
19.884280
18.846648
17.139230
15.099219
12.987341
10.586977
7.864237
5.054814
1.746757
-2.032178
-5.648647
-8.535726
-10.955163
-13.387544
-15.843425
-17.761162
-19.706147
-21.612474
-23.607527
-25.714806
-27.365685
-28.378282
-28.966665
-28.478248
-27.232170
-25.359562
-22.834539
-21.070583
-19.889218
-18.550498
-16.351598
-13.595649
-11.264767
-8.414984
-4.158531
0.779969
5.104371
8.432695
10.957888
13.494151
15.537739
17.071111
18.813610
20.281587
21.416460
22.844587
24.561712
26.011297
26.576349
26.055915
25.408609
23.909637
21.973508
20.627294
19.566502
18.489531
16.904729
14.820439
12.735639
10.399137
7.623093
5.013602
1.619032
-2.340249
-5.766835
-8.604867
-11.116607
-13.467925
-15.954120
-17.994302
-19.826548
-21.796056
-23.700169
-25.784288
-27.302163
-28.512648
-28.922388
-28.205429
-26.898895
-24.936880
-22.501435
-20.675829
-19.473519
-18.112489
-15.978132
-13.189997
-11.001314
-8.206538
-4.006454
0.852687
5.247934
8.525678
10.953971
13.461964
15.369824
16.724212
18.408469
19.976241
21.177701
22.684506
24.284635
25.915418
26.695217
26.240689
25.074482
23.664406
21.818195
20.526648
19.687074
18.624067
16.941173
14.811073
12.865067
10.490758
7.756778
5.047662
1.728364
-2.247095
-5.620037
-8.478165
-10.888577
-13.526508
-15.909672
-17.730679
-19.612312
-21.714994
-23.751429
-25.813409
-27.553524
-28.839452
-29.200145
-28.572253
-27.322599
-25.301491
-22.746665
-21.105153
-19.756726
-18.392801
-16.279391
-13.413429
-11.046273
-8.098568
-3.799030
1.218319
5.677598
8.785043
11.195796
13.601950
15.679428
17.269509
18.919706
20.478964
21.684510
23.362807
24.960041
26.354109
26.593719
26.150942
25.307962
23.797240
21.887507
20.502295
19.548110
18.475056
16.848019
14.643669
12.506076
10.005747
7.183381
4.474776
1.035929
-2.825601
-6.317411
-9.027038
-11.349746
-13.878175
-16.318219
-18.125772
-19.970451
-21.884782
-23.789576
-25.754826
-27.277470
-28.351034
-28.788022
-28.145824
-26.829924
-24.713789
-22.448642
-20.886660
-19.578763
-18.167155
-15.891450
-13.167858
-10.883638
-8.127860
-3.768206
1.037972
5.390474
8.696147
11.102983
13.778210
15.646390
17.051186
18.846818
20.127978
21.334205
23.097311
24.733714
26.226384
26.652813
26.017087
25.207996
23.699318
21.812746
20.555258
19.667830
18.574510
17.001118
14.922108
12.875455
10.375636
7.540498
4.867145
1.340423
-2.454860
-5.920955
-8.677755
-11.044230
-13.773271
-16.246183
-18.222162
-20.229135
-22.146702
-24.110249
-26.222808
-27.850696
-29.120956
-29.327699
-28.636285
-27.372837
-25.185006
-22.577899
-20.921741
-19.693715
-18.012353
-15.630892
-12.871538
-10.619674
-7.588182
-3.134012
1.860006
6.117310
9.155955
11.757101
14.253174
16.003677
17.365047
19.065993
20.484754
21.774258
23.342371
25.024584
26.493754
26.623181
26.038204
25.207145
23.491723
21.623203
20.327738
19.255025
18.073831
16.297783
14.240742
12.112856
9.621552
6.948369
4.087516
0.544276
-3.096887
-6.391832
-9.055649
-11.411224
-13.899633
-16.232729
-18.061229
-19.971643
-21.976914
-23.970945
-25.937217
-27.490684
-28.784275
-28.896843
-28.060334
-26.732683
-24.555751
-22.236109
-20.704780
-19.525460
-18.010480
-15.693733
-12.869154
-10.590042
-7.530110
-3.077984
1.872437
6.111520
8.982931
11.504207
13.950041
15.810387
17.244475
18.887860
20.336594
21.656581
23.264715
24.927173
26.436874
26.683807
26.067325
25.208167
23.624556
21.847146
20.625591
19.803558
18.443039
16.635486
14.628172
12.466908
9.766476
7.007122
4.037789
0.291211
-3.695658
-6.976639
-9.609972
-11.997563
-14.570611
-16.885485
-18.740382
-20.731517
-22.665092
-24.714811
-26.639019
-28.023549
-29.003109
-29.082128
-28.096778
-26.390212
-24.068015
-21.858045
-20.328079
-18.998044
-17.361811
-14.931645
-12.142488
-9.825230
-6.473746
-1.934937
2.865110
6.899323
9.701422
12.092761
14.430455
16.142811
17.739534
19.420896
20.602090
21.935531
23.607016
25.078910
26.264020
26.258401
25.489501
24.523565
22.737299
21.010808
19.791467
18.878664
17.560720
15.803916
13.819763
11.834587
9.199721
6.619181
3.794261
0.296831
-3.570999
-6.765468
-9.282487
-11.659350
-14.278548
-16.505037
-18.348694
-20.433153
-22.437062
-24.563926
-26.567153
-27.960369
-28.861591
-28.983355
-28.035300
-26.524748
-24.151632
-21.919693
-20.702226
-19.430092
-17.752647
-15.247038
-12.351445
-10.056155
-6.437813
-1.723085
3.045968
6.888594
9.722028
12.385164
14.688969
16.428062
18.104996
19.894668
21.155732
22.535665
24.159976
25.823627
27.053526
26.834352
26.160819
25.188582
23.323638
21.624735
20.428726
19.416639
17.841714
15.849727
13.639927
11.388574
8.711645
5.997930
2.882651
-1.057046
-4.824741
-7.916178
-10.488885
-12.903214
-15.408482
-17.555441
-19.313267
-21.310704
-23.123366
-25.000232
-26.813405
-28.169666
-28.942483
-28.662341
-27.561699
-25.914056
-23.365361
-21.227087
-19.862482
-18.497024
-16.797781
-14.113869
-11.504548
-9.148461
-5.291019
-0.608649
4.119703
7.621731
10.072333
12.614557
14.914104
16.395194
17.852272
19.447463
20.603112
21.974870
23.571083
25.206975
26.221786
26.013170
25.285312
24.095944
22.359235
20.832675
19.887515
18.871341
17.472335
15.650136
13.682672
11.473894
8.800370
6.290163
3.166199
-0.793593
-4.506622
-7.516486
-10.127340
-12.505736
-15.084743
-17.169203
-19.036361
-21.217891
-23.269142
-25.285482
-27.093547
-28.361763
-29.179369
-28.886114
-27.801650
-26.062557
-23.522718
-21.477257
-20.291635
-18.980333
-17.135143
-14.395373
-11.794567
-9.279932
-5.397797
-0.547171
4.215070
7.804462
10.446140
13.051544
15.424660
16.996009
18.656424
20.219258
21.493776
22.905895
24.505172
26.094062
26.929038
26.605981
25.864329
24.377448
22.345441
20.778179
19.745316
18.645355
17.060723
15.066862
12.985979
10.676384
7.918733
5.215747
1.990625
-2.038819
-5.624294
-8.477994
-10.815178
-13.101101
-15.579121
-17.520360
-19.317695
-21.365540
-23.280723
-25.353602
-27.074814
-28.201342
-28.953552
-28.353419
-27.132375
-25.237799
-22.807462
-20.979132
-19.704274
-18.192700
-16.260999
-13.587645
-11.154243
-8.490596
-4.490444
0.413997
4.730225
8.028064
10.535036
13.019698
15.044894
16.539267
18.287216
19.831487
20.966530
22.485086
24.303538
25.889874
26.595592
26.108708
25.425979
24.150610
22.247859
20.885127
20.024606
18.816846
17.220122
15.232222
13.332026
10.789973
8.144890
5.363226
2.081735
-1.919440
-5.359309
-8.371387
-10.770559
-13.297456
-15.821798
-17.809357
-19.751106
-21.861451
-23.883581
-25.899751
-27.562039
-28.709003
-29.215131
-28.631347
-27.431420
-25.479112
-23.045370
-21.259444
-19.964320
-18.460580
-16.261169
-13.382605
-11.177404
-8.158684
-3.890821
0.965425
5.403076
8.623600
11.188643
13.776336
15.742779
17.288923
19.009113
20.445756
21.537713
22.975206
24.585894
26.050465
26.535477
26.014021
25.189434
23.788214
21.868944
20.439284
19.465344
18.365894
16.788755
14.759302
12.558358
10.209765
7.513932
4.846369
1.361200
-2.432891
-5.824906
-8.558546
-10.956696
-13.389077
-15.722854
-17.631905
-19.619635
-21.663564
-23.604461
-25.590318
-27.187381
-28.475353
-28.869254
-28.199979
-26.960714
-25.054387
-22.661516
-21.041121
-19.752979
-18.274273
-16.099215
-13.269016
-11.095319
-8.260523
-4.090071
0.874485
5.177089
8.214201
10.836124
13.285875
15.367440
16.856875
18.694230
20.204101
21.555253
23.183312
24.814435
26.381527
27.022702
26.467868
25.637490
24.071932

