25.197608
24.126938
22.755691
21.450690
19.909314
17.801523
15.761171
13.517141
10.883978
7.952792
4.911593
1.675401
-2.069133
-5.784716
-8.668218
-11.214529
-13.655424
-16.196285
-18.757241
-20.544188
-22.241047
-23.872852
-25.108542
-25.928361
-26.335546
-26.527132
-26.672397
-25.700501
-24.344921
-22.654874
-20.687069
-19.004515
-17.048461
-14.317887
-11.641298
-8.870193
-6.127187
-3.184591
-0.348432
2.211162
5.033527
8.035047
10.829483
12.814488
14.493295
16.071115
17.972503
19.628320
20.740202
22.064447
23.308992
24.727413
25.479112
25.238991
24.771009
23.882900
22.374392
21.140916
19.466366
17.500264
15.398605
13.024466
10.510172
7.575921
4.379409
1.218660
-2.482448
-6.066731
-8.854696
-11.474064
-13.966560
-16.496352
-19.029719
-20.807471
-22.454773
-24.092538
-25.309495
-26.116201
-26.417630
-26.706968
-26.503290
-25.699820
-24.349689
-22.667817
-20.718064
-19.056116
-16.996861
-14.286893
-11.605706
-8.722033
-6.057365
-3.030641
-0.213214
2.361366
5.291700
8.432014
11.167186
13.224908
14.910187
16.499587
18.498046
20.154885
21.203245
22.529534
23.704597
25.014366
25.575672
25.297914
24.837426
23.783616
22.269998
20.901987
19.157955
17.205136
15.121187
12.697492
10.087490
7.167714
4.013096
0.772306
-2.980062
-6.554467
-9.215219
-11.758975
-14.382090
-16.927038
-19.302538
-20.948648
-22.897550
-24.301154
-25.382723
-26.111773
-26.538031
-26.706287
-26.545865
-25.599343
-24.047749
-22.158793
-20.305259
-18.657446
-16.397067
-13.822147
-11.166845
-8.414473
-5.678960
-2.739089
0.043086
2.543586
5.428280
8.560760
11.190346
13.132777
14.754363
16.473191
18.342904
19.923959
21.211079
22.515399
23.775612
25.095940
25.771175
25.504998
25.018454
23.881197
22.610085
21.132571
19.364868
17.339332
15.158994
12.797798
10.146414
7.159540
4.073041
0.926086
-2.988236
-6.521089
-9.098734
-11.766468
-14.124087
-16.890764
-19.251278
-20.748888
-22.530045
-24.271693
-25.342022
-26.146855
-26.487453
-26.743412
-26.700156
-25.642770
-24.160317
-22.351571
-20.388876
-18.848692
-16.476938
-13.879878
-11.263745
-8.383308
-5.532673
-2.656324
0.048876
2.634866
5.707060
8.714369
11.358772
13.183526
14.736652
16.408307
18.295220
19.864185
21.036523
22.423949
23.623875
24.897030
25.497334
25.312730
24.817841
23.611954
22.212778
20.897048
19.188438
17.153025
15.034335
12.600592
10.003873
6.947177
3.744704
0.629255
-3.363405
-6.733452
-9.397268
-12.003183
-14.372894
-17.071111
-19.434350
-21.088805
-22.807121
-24.340834
-25.382042
-26.107345
-26.452371
-26.581458
-26.485920
-25.376592
-23.928199
-22.088289
-20.256894
-18.611976
-16.274963
-13.635159
-10.922977
-8.127008
-5.399840
-2.455882
0.284570
2.892699
5.895410
8.877856
11.498247
13.457366
15.060220
16.640765
18.586772
20.099367
21.273749
22.621155
23.956469
25.202547
25.539739
25.233882
24.681432
23.495299
22.119624
20.669358
18.937758
16.956159
14.743975
12.358257
9.787253
6.797143
3.690549
0.409569
-3.468309
-6.708758
-9.245021
-11.895725
-14.356545
-16.996690
-19.432987
-21.147047
-22.956473
-24.403163
-25.413207
-26.126759
-26.411670
-26.608024
-26.433638
-25.428193
-23.929221
-22.066491
-20.034824
-18.353633
-16.175338
-13.513906
-10.727133
-7.980551
-5.297661
-2.279622
0.316926
2.871752
5.678109
8.833408
11.493649
13.419730
15.062434
16.756569
18.606186
20.137514
21.363156
22.725548
23.971966
25.266409
25.790930
25.355135
24.932112
23.759604
22.414752
20.936557
19.099372
17.037732
14.854670
12.444939
9.692567
6.642001
3.675733
0.259025
-3.695829
-7.016148
-9.569441
-12.121030
-14.583554
-17.227956
-19.500937
-21.251951
-23.093905
-24.553026
-25.375741
-26.082141
-26.499203
-26.754311
-26.660306
-25.539909
-24.011135
-22.163732
-20.330293
-18.539599
-16.204800
-13.693230
-10.868652
-8.029086
-5.254575
-2.377033
0.352689
2.925737
5.957399
9.106057
11.625120
13.631582
15.165806
16.837461
18.673795
20.212616
21.431616
22.680419
23.874215
25.228603
25.532075
25.155033
24.687903
23.401976
22.031580
20.698990
18.810545
16.718762
14.568567
12.123925
9.635176
6.579331
3.531660
0.250680
-3.631456
-7.110664
-9.609291
-12.214014
-14.837299
-17.354659
-19.575698
-21.179914
-22.988149
-24.351563
-25.409630
-26.005847
-26.215655
-26.392085
-26.229620
-25.164570
-23.553882
-21.711758
-19.921575
-18.275295
-15.924317
-13.486317
-10.708230
-7.958412
-5.215577
-2.231768
0.446354
2.933230
5.954163
8.966242
11.315686
13.257265
14.941863
16.665118
18.504688
19.902502
21.290439
22.854464
24.154186
25.019135
25.429555
25.101730
24.585894
23.416621
22.058146
20.625080
18.717561
16.827754
14.710937
12.311765
9.629216
6.601981
3.417049
0.149693
-3.804990
-7.017510
-9.686947
-12.131419
-14.567205
-17.173120
-19.604819
-21.434001
-23.187910
-24.757385
-25.810344
-26.294334
-26.579755
-26.833160
-26.643106
-25.479453
-24.105992
-22.084032
-20.280225
-18.544538
-16.058172
-13.372728
-10.639599
-7.913794
-4.960639
-1.998118
0.668594
3.111192
6.116969
9.368147
11.947155
13.820103
15.487671
17.151151
19.159317
20.469597
21.688257
22.791283
24.187565
25.401626
25.744608
25.341170
24.731159
23.455960
22.124563
20.777328
18.767970
16.684192
14.431987
11.950731
9.321826
6.210293
3.115109
-0.344004
-4.237890
-7.456200
-10.092429
-12.642826
-15.047278
-17.537389
-19.688947
-21.340336
-23.084027
-24.523565
-25.429044
-26.085036
-26.389360
-26.551826
-26.186364
-25.214638
-23.784127
-21.825348
-20.065648
-18.341882
-15.987328
-13.423988
-10.749272
-7.901192
-5.132982
-2.133676
0.625678
3.084626
6.279264
9.290661
11.665651
13.659682
15.145200
16.879354
18.940653
20.287037
21.603618
22.850037
24.068015
25.339978
25.663206
25.313071
24.762154
23.468392
22.114004
20.823649
18.930776
16.952072
14.723369
12.249947
9.635687
6.425381
3.389972
-0.131301
-4.102843
-7.258994
-9.991952
-12.578113
-15.108585
-17.755713
-19.901991
-21.594593
-23.489169
-25.010279
-26.038034
-26.481492
-26.727745
-26.968888
-26.572432
-25.229624
-23.725203
-21.843570
-19.911017
-18.031257
-15.533311
-12.898105
-10.142326
-7.307019
-4.441227
-1.587697
1.041208
3.655468
6.822007
9.781633
12.106385
13.980014
15.615395
17.410006
19.155741
20.478794
21.790266
22.878817
24.220433
25.471279
25.622674
25.246143
24.534804
23.009607
21.611622
20.113162
18.203769
16.131231
13.955150
11.612858
8.831535
5.667721
2.826282
-0.683069
-4.574060
-7.630927
-10.124615
-12.607234
-15.070779
-17.605679
-19.776991
-21.465506
-23.243768
-24.714300
-25.852919
-26.301656
-26.527814
-26.719059
-26.313577
-25.138174
-23.596968
-21.741390
-20.028523
-18.252645
-15.679428
-13.001476
-10.374274
-7.629395
-4.712003
-1.705715
0.852006
3.469331
6.643023
9.691034
11.991944
13.777358
15.487841
17.322302
19.117934
20.411525
21.845784
23.156915
24.495125
25.674956
25.897196
25.497675
24.761643
23.529700
22.026130
20.490885
18.610784
16.546590
14.169386
11.677401
8.783851
5.540507
2.324751
-1.254593
-5.116803
-8.174522
-10.722535
-13.271911
-15.851940
-18.419879
-20.381893
-22.078753
-23.748704
-25.001424
-25.862285
-26.393618
-26.572943
-26.527303
-25.958163
-24.775607
-23.046562
-20.955120
-19.207682
-17.397233
-14.776332
-12.166670
-9.292194
-6.664310
-3.840753
-0.870739
1.627207
4.250663
7.328987
10.200058
12.501819
14.245170
15.688113
17.556974
19.373383
20.525966
21.778856
22.989341
24.237292
25.224175
25.159291
24.766581
23.895161
22.547415
21.208865
19.787891
17.873730
15.931981
13.571126
11.163609
8.402552
5.487033
2.345358
-1.279286
-4.978521
-7.889782
-10.478497
-12.995345
-15.598025
-18.255200
-20.210062
-21.976403
-23.772376
-24.961914
-25.746311
-26.408434
-26.697091
-26.875053
-26.197774
-24.790934
-23.280893
-21.243606
-19.582169
-17.697130
-14.916148
-12.319769
-9.547642
-6.784541
-3.902401
-0.990289
1.675912
4.596029
7.747071
10.674340
12.969460
14.775140
16.385657
18.285343
20.000764
21.302700
22.756032
23.891756
25.211913
26.193687
25.999546
25.545699
24.502277
23.064954
21.576881
19.909995
17.768485
15.630041
13.270038
10.714361
7.670607
4.366807
1.206057
-2.513613
-6.291866
-9.050880
-11.541503
-14.105184
-16.569921
-19.087791
-20.831653
-22.368772
-23.998363
-25.171893
-25.870970
-26.252951
-26.451009
-26.545354
-25.664398
-24.234056
-22.457838
-20.360265
-18.794877
-16.695602
-14.073508
-11.493308
-8.697510
-5.975621
-3.085647
-0.380618
1.975809
4.895926
8.152042
10.770559
12.744325
14.379025
15.929767
17.782790
19.354650
20.664760
22.026641
23.299115
24.621316
25.328909
25.198971
24.831636
23.922239
22.443533
21.235773
19.675323
17.721994
15.630381
13.257265
10.866778
7.898297
4.661083
1.460825
-2.355576
-6.103686
-8.720670
-11.337314
-13.854844
-16.424656
-19.023929
-20.923615
-22.581135
-24.237973
-25.346279
-26.193006
-26.655367
-26.921715
-26.883909
-25.898048
-24.361100
-22.648573
-20.691497
-19.153186
-16.997201
-14.297622
-11.685916
-8.863040
-6.084442
-2.888611
-0.103031
2.465248
5.424193
8.752176
11.404923
13.458218
15.082700
16.845294
18.731867
20.254680
21.526132
22.802694
24.057456
25.363139
25.757551
25.398561
24.876765
23.809671
22.343738
20.940474
19.137348
17.014572
14.834404
12.383291
9.792703
6.829841
3.657852
0.505788
-3.280129
-6.718636
-9.281976
-11.831352
-14.328446
-16.832181
-19.213813
-20.906585
-22.641761
-24.189268
-25.187050
-26.033265
-26.310853
-26.516063
-26.367562
-25.389024
-23.902144
-22.016253
-19.951207
-18.411704
-16.236986
-13.650145
-10.944775
-8.227995
-5.391666
-2.580541
0.053304
2.573218
5.510535
8.600099
11.135680
13.184377
14.809711
16.407967
18.292665
19.942352
21.251951
22.578580
23.828234
25.189774
25.832142
25.501762
25.027479
23.930073
22.395849
21.039588
19.293002
17.411709
15.085936
12.790646
10.134152
7.107428
3.927776
0.704357
-3.356252
-6.717103
-9.370531
-11.945111
-14.509133
-17.132759
-19.532442
-21.307298
-23.043837
-24.592876
-25.576012
-26.246820
-26.594571
-26.859897
-26.698283
-25.642940
-24.138519
-22.192172
-20.281417
-18.511670
-16.115904
-13.652188
-10.686943
-7.891996
-5.073888
-2.119541
0.581401
3.159216
6.294250
9.338345
11.929785
13.877664
15.453441
17.036881
18.803222
20.237820
21.497863
22.761481
24.032082
25.292976
25.704588
25.296382
24.637324
23.400273
22.027833
20.723854
18.859080
16.742264
14.640433
12.275491
9.706191
6.554297
3.583942
0.216961
-3.668751
-7.046631
-9.598051
-12.060574
-14.575720
-17.235279
-19.497361
-21.141086
-22.869280
-24.390391
-25.526966
-26.137488
-26.391063
-26.562725
-26.374885
-25.245462
-23.843050
-21.900109
-20.112991
-18.461772
-16.078608
-13.598544
-10.897602
-8.195809
-5.207232
-2.300228
0.297172
2.896275
5.891493
9.098564
11.530093
13.550861
15.212468
17.078945
18.955299
20.288740
21.634102
23.131711
24.432795
25.686366
26.003293

