-6.454332
-8.068766
-9.991271
-12.379544
-14.617102
-16.995158
-19.256728
-21.295037
-23.566144
-24.777310
-25.383745
-25.417975
-24.155208
-22.993088
-21.815641
-20.599536
-20.119122
-20.051343
-19.297429
-17.664943
-14.721496
-12.300696
-9.937116
-6.260191
-2.067430
1.638617
4.951443
7.283347
9.352991
11.341572
13.579982
16.279731
18.598522
20.425490
22.083351
23.637499
25.397028
26.344061
26.024750
24.568524
22.374051
20.421062
18.784489
17.466034
16.609771
15.742949
14.583383
13.016633
10.763918
8.281810
5.722727
2.207415
-1.487051
-4.357610
-6.482431
-8.077792
-10.243654
-12.490238
-14.642477
-17.093590
-19.454956
-21.367925
-23.556096
-24.765730
-25.407076
-25.394474
-23.944718
-22.834880
-21.908113
-20.739010
-20.199674
-19.856521
-19.145352
-17.351593
-14.288936
-11.824880
-9.391478
-5.621399
-1.484667
2.272470
5.393199
7.650852
9.702955
11.679275
13.787917
16.381059
18.461261
20.324843
21.850722
23.426499
25.113651
25.929723
25.569371
24.063928
21.842037
20.011663
18.619129
17.400980
16.533988
15.678406
14.705999
13.047797
10.606050
8.099590
5.456379
1.985516
-1.648154
-4.488911
-6.462846
-8.077792
-10.295595
-12.753861
-14.704806
-17.187595
-19.504172
-21.567685
-23.648909
-24.702379
-25.412525
-25.222642
-23.861953
-22.887502
-21.758250
-20.594256
-20.335572
-20.041125
-19.234930
-17.344781
-14.435904
-11.992284
-9.407657
-5.575418
-1.398666
2.422673
5.646944
7.875136
9.873424
11.993306
14.133283
16.851255
18.945932
20.823819
22.431442
24.102075
25.655712
26.239157
25.825500
24.096114
21.886996
20.071949
18.588645
17.417329
16.533988
15.629871
14.503683
12.757267
10.280439
7.877861
5.162954
1.617159
-1.995393
-4.852329
-6.841081
-8.411067
-10.718618
-13.223205
-15.341384
-17.774616
-19.864525
-21.832670
-23.872171
-24.878808
-25.574139
-25.275094
-23.806606
-22.850888
-21.585396
-20.486968
-20.172085
-19.709042
-18.912043
-16.804763
-13.931479
-11.518342
-8.941037
-5.012410
-0.831229
2.720526
5.801576
7.981913
9.919575
11.936256
14.166151
16.836779
18.805606
20.676851
22.337777
24.087599
25.682960
26.169334
25.540420
23.730993
21.636316
19.934518
18.403190
17.174993
16.266959
15.372719
14.179604
12.606382
10.152374
7.526023
4.626002
1.050234
-2.412626
-5.013602
-6.934915
-8.508818
-10.749102
-12.936592
-15.139920
-17.588139
-19.603286
-21.764381
-23.750067
-24.780035
-25.474514
-25.118930
-23.625067
-22.658961
-21.448646
-20.517281
-20.292486
-20.015580
-18.978119
-16.732046
-13.708728
-11.484112
-8.730548
-4.573379
-0.646796
3.011056
5.942413
8.178949
10.252850
12.069430
14.459235
16.906943
19.036872
20.827566
22.319896
24.126768
25.656564
26.090656
25.394133
23.731845
21.697453
19.740888
18.305268
17.160858
16.133445
15.313285
14.430625
12.632779
10.099411
7.606064
4.679646
0.798873
-2.609321
-5.230052
-7.086311
-8.673668
-11.012895
-13.276339
-15.404224
-18.067701
-20.124061
-22.230659
-24.120978
-25.009939
-25.738818
-24.968386
-23.460388
-22.479466
-21.367414
-20.378658
-20.240034
-19.873381
-18.764564
-16.432319
-13.443232
-11.169400
-8.243833
-4.247597
-0.142711
3.323385
6.220000
8.338349
10.503701
12.464523
14.896223
17.381055
19.318376
21.088294
22.800309
24.517775
25.878463
26.201180
25.320905
23.369959
21.308490
19.605500
18.123559
16.866241
15.980346
15.156780
13.930627
12.162072
9.665659
7.195813
4.264116
0.503404
-3.044946
-5.381618
-7.097040
-8.834600
-11.227131
-13.398102
-15.670061
-18.232891
-20.367248
-22.387334
-24.164404
-24.859905
-25.439433
-24.749722
-23.432459
-22.419691
-21.087612
-20.190477
-20.070246
-19.675153
-18.450192
-16.257252
-13.152020
-10.902882
-7.944277
-4.008838
-0.124318
3.401382
6.180661
8.309739
10.339873
12.376990
14.838491
17.344100
19.117764
21.094595
22.640399
24.550302
25.759254
26.121140
25.402308
23.402316
21.305425
19.631726
18.165112
17.055784
16.315665
15.254532
14.078447
12.092079
9.586811
7.169417
4.100629
0.318800
-3.009183
-5.581720
-7.207394
-8.812802
-11.245183
-13.590711
-15.949692
-18.465008
-20.439284
-22.646359
-24.380684
-25.199311
-25.847469
-24.965491
-23.686886
-22.816999
-21.391085
-20.575523
-20.471300
-19.941160
-18.605334
-15.931470
-13.170583
-10.642494
-7.536411
-3.380094
0.528267
4.113572
6.868158
9.063142
11.253357
13.161046
15.803916
18.025466
19.849028
21.454096
23.025785
24.896690
26.113987
26.083333
24.983372
22.888184
20.772559
18.993446
17.602784
16.469955
15.635831
14.785358
13.425010
11.493308
9.139947
6.757975
3.702300
-0.198058
-3.544433
-5.871909
-7.627181
-9.093625
-11.477811
-13.700894
-16.164439
-18.562930
-20.540271
-22.640569
-24.233035
-24.967364
-25.347982
-24.269138
-22.967373
-22.136654
-20.763533
-20.102262
-19.920894
-19.461598
-18.220118
-15.627827
-12.793711
-10.570628
-7.292884
-3.200769
0.703675
4.067080
6.628547
8.802584
10.833911
12.889419
15.495505
17.850399
19.647053
21.420377
22.961753
24.804047
26.038034
26.008402
24.827378
22.848163
20.770175
19.148077
17.824514
16.713483
16.029051
15.047448
13.627836
11.499269
8.990765
6.611347
3.382819
-0.505447
-3.690379
-5.865438
-7.422822
-9.245021
-11.775834
-13.848884
-16.314132
-18.874066
-21.045549
-23.174286
-24.612631
-25.346449
-25.691135
-24.514539
-23.274592
-22.314617
-21.028859
-20.304407
-20.223004
-19.533634
-17.999070
-15.160697
-12.388400
-10.008471
-6.620203
-2.518892
1.355239
4.658358
7.145916
9.070805
11.139257
13.336454
15.936579
18.183504
19.935199
21.571091
23.241724
24.889197
25.989669
26.007380
24.722304
22.601060
20.522901
18.983398
17.727613
16.703435
15.862158
14.708042
13.307844
10.981730
8.480038
5.949395
2.795628
-0.899179
-3.937142
-6.182364
-7.684571
-9.577445
-12.056657
-14.115742
-16.483409
-18.838985
-20.791633
-22.882734
-24.265902
-24.841002
-25.179727
-24.062906
-23.049116
-22.044693
-20.833356
-20.212957
-20.115035
-19.436564
-17.917837
-15.091045
-12.505225
-10.190010
-6.746735
-2.535071
1.302447
4.601308
6.978171
9.053435
11.070796
13.263736
15.932492
18.177373
20.019838
21.616731
23.155894
24.994271
25.893790
25.779690
24.662188
22.644145
20.618268
19.112485
17.767804
16.881227
16.080993
14.994826
13.475929
11.365073
8.858953
6.307023
2.952474
-0.736884
-3.838709
-6.188835
-7.854700
-9.927239
-12.333223
-14.514072
-16.929592
-19.298281
-21.310363
-23.493596
-24.878298
-25.636809
-25.755337
-24.367401
-23.322276
-22.124733
-20.836421
-20.277160
-19.955465
-19.382749
-17.673458
-14.771904
-12.106725
-9.902886
-6.199564
-1.926763
1.841613
5.163636
7.507801
9.487186
11.488029
13.610635
16.324350
18.497876
20.432472
22.055251
23.714985
25.203909
26.122332
25.827374
24.499382
22.332328
20.338297
18.812418
17.375095
16.420569
15.671764
14.624085
12.998751
10.831015
8.259671
5.672148
2.266339
-1.429319
-4.212175
-6.406648
-7.898808
-9.966918
-12.461799
-14.438118
-16.937596
-19.163745
-21.252973
-23.315804
-24.677004
-25.442157
-25.397369
-24.114677
-22.874049
-21.840845
-20.625932
-20.138196
-19.893646
-19.250257
-17.466205
-14.619316
-12.032304
-9.641307
-5.992651
-1.784393
1.955884
5.098922
7.369689
9.429966
11.333908
13.535363
16.083036
18.280745
20.169531
21.787371
23.353611
25.083678
25.901624
25.673764
24.194377
22.205285
20.371505
18.774952
17.527682
16.608579
15.925850
14.804942
13.235297
10.814156
8.307355
5.698545
2.179657
-1.509530
-4.318271
-6.344318
-7.836989
-10.146924
-12.511696
-14.664957
-17.183168
-19.415106
-21.479641
-23.553712
-24.670873
-25.470087
-25.472130
-24.154867
-23.066316
-21.842548
-20.803043
-20.389046
-20.097154
-19.247872
-17.399788
-14.504875
-11.931828
-9.483610
-5.621229
-1.506976
2.347742
5.582741
7.840395
9.966918
12.081180
14.266968
17.001969
19.145523
20.930597
22.491898
24.097988
25.683641
26.327031
25.893279
24.250575
21.896703
20.038911
18.442188
17.175845
16.216891
15.297277
14.195102
12.554782
10.197333
7.592780
5.032505
1.375505
-2.132824
-4.919767
-6.883144
-8.327791
-10.625635
-13.150828
-15.206167
-17.620155
-19.742421
-21.680934
-23.696423
-24.712937
-25.414569
-25.120974
-23.662192
-22.590160
-21.355322
-20.290102
-19.990206
-19.715343
-18.794537
-16.652686
-13.863870
-11.466060
-9.084259
-5.187988
-1.218319
2.440214
5.405460
7.693938
9.745870
11.635848
13.865232
16.533307
18.627133
20.329612
22.048610
23.742403
25.452375
26.111943
25.532075
24.041108
21.877970
20.078421
18.679755
17.471824
16.532796
15.829972
14.634303
12.959242
10.569436
8.147955
5.280631
1.516002
-1.853534
-4.743849
-6.544249
-8.323363
-10.639599
-13.049330
-15.195778
-17.762865
-19.816501
-21.963630
-23.851735
-25.002956
-25.849342
-25.527477
-24.125065
-23.122515
-21.851744
-20.693881
-20.485095
-20.180941
-19.162212
-16.965185
-13.975927
-11.644193
-8.856399
-4.841089
-0.626871
3.022637
6.152562
8.370025
10.446480
12.384994
14.661210
17.169203
19.200870
21.033117
22.548778
24.257898
25.747844
26.262828
25.513853
23.656913
21.478449
19.624063
18.159832
17.000948
16.107389
15.410525
14.180115
12.374265
9.933880
7.393530
4.541363
0.636578
-2.721378
-5.146435
-7.093804
-8.672987
-10.891642
-13.218096
-15.354327
-17.905065
-19.930601
-21.920545
-23.792982
-24.692331
-25.351558
-24.852071
-23.214476
-22.294181
-21.218232
-20.244122
-19.963639
-19.668511
-18.697466
-16.450882
-13.562952
-11.235305
-8.416687
-4.459449
-0.384365
3.151723
6.097555
8.182526
10.270902
12.364898
14.702422
17.093761
19.184351
20.992415
22.591523
24.283443
25.644643
25.970425
25.200844
23.365361
21.221467
19.591025
18.222673
16.977446
16.223873
15.215703
13.976267
12.179783
9.731906
7.278579
4.418407
0.806025
-2.617836
-5.212000
-6.926741
-8.571659
-11.107240
-13.351781
-15.614373
-18.158300
-20.254169
-22.415774
-24.154016
-25.070054
-25.640556
-25.150265
-23.722308
-22.741726
-21.397386
-20.345790
-20.095110
-19.714662
-18.611635
-16.269514
-13.270889
-10.825566
-7.920435
-3.758328
0.126021
3.623622
6.431001
8.552926
10.503190
12.497561
15.055282
17.558507
19.493614
21.145173
22.920200
24.803877
25.965657
26.238816
25.331633
23.344244
21.193027
19.558838
18.133095
17.042501
16.287736
15.178067
13.832876
11.926719
9.525503
6.965569
3.901209
0.219515
-3.233978
-5.581038
-7.389784
-9.062971
-11.397430
-13.679096
-15.945945
-18.421922
-20.309005
-22.419180
-24.136816
-24.977752
-25.443350
-24.719749
-23.506028
-22.525787
-21.168334
-20.321948
-20.064967
-19.664424
-18.446275
-15.998908
-13.032811
-10.752167
-7.669415
-3.415006
0.524521
3.994192
6.619351
8.758988
10.906628
12.824706
15.304089
17.731019
19.597326
21.320411
22.796903
24.660655
25.862966
25.985241
25.012323
22.877795
20.856176
19.221987
17.853635
16.827243
15.975748
15.041658
13.756241
11.661223
9.279251
6.816387
3.629582
-0.116144
-3.347567

