25.406906
24.836745
23.913724
22.467205
20.996162
19.388029
17.473357
15.308687
12.856211
10.395731
7.535560
4.442419
1.248462
-2.533538
-6.020921
-8.752176
-11.311088
-13.906956
-16.365903
-18.912894
-20.642281
-22.537538
-24.163893
-25.257383
-25.946583
-26.373182
-26.510613
-26.557786
-25.699650
-24.346965
-22.503819
-20.477261
-18.817357
-16.699008
-14.136008
-11.623928
-8.800541
-5.953142
-3.065552
-0.338214
2.169268
5.005939
8.041177
10.720832
12.857914
14.526333
16.054767
17.955644
19.596475
20.875250
22.296224
23.510286
24.872167
25.642940
25.435175
24.979966
23.860420
22.640569
21.309853
19.627299
17.537560
15.502998
13.052736
10.481732
7.532494
4.367658
1.294443
-2.607107
-6.340912
-9.102651
-11.587313
-13.998406
-16.651494
-19.142968
-20.795720
-22.614513
-24.239676
-25.347982
-26.077202
-26.389871
-26.660647
-26.625735
-25.669336
-24.262496
-22.456135
-20.509958
-18.887690
-16.603981
-14.041833
-11.442048
-8.629390
-5.729369
-2.733299
0.030994
2.517530
5.486352
8.691379
11.324372
13.350419
15.034165
16.723701
18.584388
19.958019
21.140746
22.468737
23.745469
25.043998
25.632381
25.323629
24.725710
23.519312
21.989686
20.832505
19.059181
16.927549
14.769690
12.416499
9.921108
6.924186
3.833941
0.626019
-3.285749
-6.682021
-9.320293
-11.959417
-14.377151
-16.938618
-19.341707
-21.125759
-22.876774
-24.360418
-25.416272
-26.099682
-26.284286
-26.359047
-26.266745
-25.303534
-23.752110
-22.034304
-20.064626
-18.455982
-16.136340
-13.587475
-10.950906
-8.270741
-5.548511
-2.492496
0.101158
2.604893
5.595514
8.675030
11.343615
13.313804
14.944417
16.621181
18.487658
19.919532
21.261147
22.652830
24.008240
25.309835
25.764363
25.469746
24.998188
23.747853
22.231851
20.930426
19.238506
17.255715
15.193054
12.763568
10.142156
7.041012
3.919601
0.607627
-3.400190
-6.729024
-9.408338
-12.006419
-14.394522
-17.092909
-19.418512
-21.249737
-23.039750
-24.666786
-25.716169
-26.344231
-26.771682
-26.918990
-26.720762
-25.693689
-24.204084
-22.392103
-20.432983
-18.839325
-16.423634
-13.645206
-10.887044
-7.989577
-5.142178
-2.191918
0.396115
3.048182
6.147453
9.179115
11.706012
13.612509
15.231201
16.892467
18.925326
20.320075
21.417822
22.565978
23.935011
25.253807
25.688921
25.244100
24.697951
23.413386
22.052526
20.574161
18.826383
16.892297
14.658145
12.183019
9.457895
6.342956
3.155640
-0.129598
-4.015139
-7.240091
-9.867634
-12.418713
-14.901842
-17.399788
-19.557476
-21.169526
-23.066487
-24.435180
-25.291783
-25.989158
-26.176827
-26.368754
-25.972809
-24.821077
-23.508242
-21.585737
-19.910165
-18.100909
-15.698671
-13.201577
-10.430302
-7.668052
-4.902397
-2.003227
0.700440
3.378562
6.146261
9.222201
11.700221
13.391290
15.085254
17.105341
18.918514
20.185198
21.405390
22.679908
23.876599
25.209188
25.528840
25.143964
24.555411
23.258924
21.922929
20.623037
18.678733
16.708715
14.541319
12.139082
9.444441
6.214210
3.294604
-0.068971
-3.976141
-7.259165
-9.769882
-12.437446
-14.938627
-17.568043
-19.812073
-21.499736
-23.354462
-24.733884
-25.811706
-26.285308
-26.703221
-26.828562
-26.509592
-25.197608
-23.737465
-21.763359
-19.991568
-18.231698
-15.704802
-12.931143
-10.200909
-7.457052
-4.605395
-1.773153
0.800916
3.545965
6.670271
9.708745
12.020213
13.897078
15.567030
17.292500
19.242934
20.526988
21.807637
23.148060
24.396522
25.449651
25.798593
25.392260
24.665083
23.205621
21.854298
20.375422
18.369470
16.214677
14.097691
11.630058
9.035894
5.824736
2.702985
-0.865119
-4.670450
-7.657153
-10.184561
-12.778044
-15.239545
-17.725740
-20.043680
-21.546228
-23.287535
-24.595431
-25.657075
-26.225533
-26.403155
-26.532922
-26.043653
-24.813584
-23.251942
-21.287203
-19.562244
-17.918689
-15.221153
-12.685061
-9.831871
-7.283517
-4.374129
-1.358475
1.081228
3.744534
6.824732
9.725264
12.021746
13.900825
15.320267
17.144510
18.894843
20.188774
21.548782
22.832496
24.139881
25.316817
25.345939
25.070224
24.465322
23.114000
21.702392
20.237820
18.394675
16.470977
14.271906
11.818068
9.035042
5.769048
2.675056
-0.954526
-4.897799
-7.780790
-10.331699
-13.016292
-15.576737
-18.166815
-20.230838
-22.126436
-23.659808
-25.081124
-26.044675
-26.598658
-26.833841
-26.945387
-26.376418
-25.026628
-23.555074
-21.453415
-19.929920
-18.086774
-15.569414
-12.901000
-9.935413
-7.111856
-4.308905
-1.441751
1.157863
3.942251
7.054465
10.107245
12.407133
14.273950
15.945435
17.708029
19.571951
20.984241
22.351912
23.670537
24.837085
25.792973
25.788546
25.171041
24.568013
23.104293
21.615539
19.893646
18.023593
15.961954
13.713837
11.194433
8.376666
5.187988
2.118860
-1.509360
-5.444459
-8.205175
-10.741608
-13.222184
-15.775476
-18.454109
-20.455122
-22.094250
-23.809842
-24.981499
-25.827033
-26.229620
-26.468209
-26.628801
-25.955779
-24.647032
-22.996834
-20.997524
-19.298962
-17.462117
-14.831679
-12.275321
-9.532826
-6.728853
-3.891502
-1.173871
1.395770
4.101651
7.214546
10.127510
12.241943
14.092582
15.642132
17.390421
19.081661
20.389727
21.860770
23.164749
24.456126
25.428874
25.530713
25.148732
24.354288
22.874049
21.727937
20.170041
18.161365
15.930108
13.716561
11.252165
8.404596
5.276033
2.229384
-1.453502
-5.243165
-8.122410
-10.611841
-13.322490
-15.780074
-18.343755
-20.268304
-21.953923
-23.604461
-24.829251
-25.766236
-26.226384
-26.568174
-26.785135
-26.254995
-24.878638
-23.084538
-21.002804
-19.370488
-17.416818
-14.853648
-12.175867
-9.445463
-6.569624
-3.580536
-0.718321
1.833269
4.613229
7.826771
10.805471
12.924331
14.640944
16.086102
17.998219
19.560031
20.830802
22.129161
23.470776
24.797916
25.677170
25.447437
25.023222
24.063757
22.553376
21.294696
19.646202
17.650979
15.552895
13.248750
10.707038
7.936444
4.705872
1.557384
-2.363069
-5.973748
-8.776869
-11.263405
-13.822998
-16.272579
-18.803733
-20.617928
-22.327048
-23.939950
-25.078569
-25.741884
-26.124035
-26.382889
-26.480811
-25.697265
-24.281059
-22.425481
-20.362820
-18.758774
-16.730343
-14.286893
-11.766979
-8.932693
-6.321328
-3.435441
-0.508002
2.057552
4.793916
7.867983
10.557856
12.744325
14.455829
15.987498
17.832858
19.580637
20.762682
22.064618
23.312909
24.707317
25.520325
25.270496
24.806602
23.859910
22.504330
21.154881
19.579956
17.532621
15.490225
13.141973
10.676043
7.753713
4.703317
1.700946
-2.212865
-5.735329
-8.521591
-11.050701
-13.508626
-16.210760
-18.680096
-20.526818
-22.318874
-24.178369
-25.326865
-26.105813
-26.568515
-26.803698
-26.867219
-26.068687
-24.712767
-23.025445
-21.017790
-19.481352
-17.260824
-14.685222
-11.962482
-9.349585
-6.423678
-3.393207
-0.484160
2.086333
4.946164
8.138418
10.804279
12.940509
14.796938
16.484942
18.372195
20.067351
21.265405
22.552354
23.785319
25.146689
26.033095
25.723662
25.295530
24.220433
22.663219
21.420036
19.599540
17.573152
15.314647
13.053758
10.363715
7.328817
4.192931
0.894240
-2.868005
-6.535394
-9.223393
-11.653049
-14.040470
-16.617094
-19.016266
-20.872525
-22.552184
-24.150269
-25.257213
-25.861944
-26.147536
-26.388850
-26.341336
-25.392090
-24.101053
-22.254160
-20.381553
-18.709047
-16.417844
-13.846840
-11.269195
-8.490086
-5.724771
-2.760547
-0.117506
2.494029
5.342620
8.324555
10.979176
12.963499
14.704125
16.212634
18.042837
19.451550
20.665952
22.009441
23.294176
24.653162
25.417634
25.228262
24.839469
23.601566
22.265911
20.993096
19.339323
17.383439
15.274797
12.974909
10.519028
7.497072
4.333939
1.130104
-2.687659
-6.056513
-8.902720
-11.431319
-13.937780
-16.509805
-19.003664
-20.885978
-22.665603
-24.370125
-25.488479
-26.322263
-26.600020
-26.766402
-26.766743
-25.774922
-24.232353
-22.486448
-20.430088
-18.801008
-16.587291
-13.960259
-11.290652
-8.463689
-5.649839
-2.653428
0.108480
2.585479
5.646093
8.768014
11.465720
13.549328
15.235458
16.932658
18.887690
20.420381
21.586078
23.003476
24.129323
25.546380
26.066133
25.643791
25.103944
23.756198
22.101573
20.756551
18.928562
16.909327
14.753342
12.321983
9.684052
6.581204
3.464563
0.194992
-3.656319
-7.000310
-9.646075
-12.159858
-14.589514
-17.072303
-19.196783
-21.015235
-22.733212
-24.344410
-25.270496
-26.000227
-26.275771
-26.483536
-26.167120
-25.133746
-23.761306
-21.902663
-19.960233
-18.323319
-16.139575
-13.472864
-10.900157
-8.081368
-5.300897
-2.496583
0.242335
2.693108
5.599942
8.678607
11.155605
12.987511
14.715535
16.321284
18.237829
19.683157
21.020515
22.268295
23.503304
25.040082
25.395836
25.269304
24.672576
23.494789
22.183997
20.962443
19.216878
17.390421
15.189818
12.945277
10.198355
6.983110
3.830024
0.479221
-3.452642
-6.729535
-9.307350
-12.053932
-14.629534
-17.288412
-19.623722
-21.419866
-23.296731
-24.788380
-25.868927
-26.460886
-26.812043
-26.920353
-26.668821
-25.588955
-24.166107
-22.263868
-20.446607
-18.719264
-16.257933
-13.651337
-10.902541
-8.045265
-5.079338
-2.109153
0.531503
3.244025
6.256785
9.443419
11.988027
13.900825
15.689135
17.365898
19.224031
20.600898
21.829605
23.050308
24.057967
25.408609
25.854111
25.241205
24.614164
23.303543
21.774939
20.405054
18.419198
16.376632
14.201232
11.766808
9.068762
5.889790
2.766677
-0.362907
-4.293237
-7.595846
-10.124956
-12.621028
-15.102455
-17.719439
-19.910846
-21.551166
-23.179054
-24.558817
-25.522368
-26.013340
-26.292971
-26.387147
-26.055404
-24.826356
-23.155383
-21.263872
-19.599370
-17.798628
-15.331847
-12.742451
-10.095494
-7.451091
-4.622425
-1.742329
0.787973
3.360850
6.465742
9.467772
11.766468
13.671603
15.150309
16.904218
18.804414
20.158972
21.437066
22.755350
24.182456
25.343214
25.557790
25.254658
24.644136
23.188421
21.896192
20.453249
18.542835
16.452415
14.207363
11.856386
9.110825
6.077119
2.833605
-0.589575
-4.449572
-7.523298
-10.003362
-12.532132
-15.079464
-17.759800
-19.927706
-21.596125
-23.247004
-24.721112
-25.652988
-26.391404
-26.699475
-26.876586
-26.466846
-25.307281
-23.742914
-21.661179
-19.913571
-18.128157
-15.738862
-12.925182
-10.044915
-7.408517
-4.458087
-1.461506
1.150710
3.837517
7.018021
10.054282
12.462309
14.377322
15.807322
17.549651
19.411189
20.850897
22.038051
23.275273
24.607692
25.632041
25.836400
25.275094
24.584191
23.212773
21.832500
20.327227
18.403019
16.461951
14.164448
11.633124
8.817911
5.717278
2.491815
-1.192093
-5.046300
-8.022785
-10.547468
-13.043710
-15.543699
-18.184015
-20.267112
-21.857704
-23.561886
-24.928706
-25.708675
-26.217699
-26.457821
-26.664053
-26.060172
-24.702719
-23.180417
-21.195752
-19.502640
-17.667498
-15.156439
-12.581178
-9.767669
-7.031134
-4.096201
-1.210826
1.183237
3.958600
7.047823
9.966578
12.271064
14.020886
15.589339
17.391443
19.096647
20.495653
21.798270
22.983721
24.340664
25.411333

