22.630181
20.916121
19.940989
18.925667
17.327581
15.415464
13.413940
11.093446
8.320638
5.703313
2.726316
-1.103027
-4.842792
-7.871389
-10.230882
-12.638399
-15.194246
-17.355680
-19.095114
-21.149261
-22.997856
-25.229795
-27.006694
-28.288535
-28.994254
-28.705597
-27.501753
-25.791100
-23.325000
-21.352598
-20.022733
-18.635648
-16.729832
-14.009987
-11.503867
-9.150335
-5.278417
-0.399351
4.218476
7.695981
10.271243
12.752329
14.797449
16.334568
18.023423
19.663061
20.725557
22.165946
23.871490
25.521517
26.526962
26.229109
25.582143
24.435861
22.583008
21.020344
19.945247
19.108909
17.640080
15.668358
13.553585
11.350768
8.548158
5.802768
2.668415
-1.275199
-4.825592
-7.807868
-10.451930
-12.935570
-15.414272
-17.344270
-19.310032
-21.411010
-23.241724
-25.379317
-27.162177
-28.427839
-29.108184
-28.662171
-27.561188
-25.763341
-23.263863
-21.359069
-20.101070
-18.747193
-16.813789
-13.989891
-11.553594
-9.085621
-5.100965
-0.096900
4.449061
7.986001
10.544913
13.099909
15.277522
16.836439
18.497876
20.138536
21.409307
22.838286
24.381365
25.916610
26.717697
26.363986
25.571244
24.252789
22.389718
20.791292
19.724710
18.575873
17.180102
15.170744
12.973888
10.610478
7.906471
5.301578
2.105917
-1.758678
-5.336489
-8.302246
-10.712828
-13.200896
-15.803576
-17.694235
-19.527503
-21.519491
-23.473501
-25.538206
-27.156898
-28.429031
-29.045514
-28.415578
-27.080774
-25.242737
-22.787026
-20.850897
-19.708702
-18.253667
-16.300338
-13.483763
-11.133977
-8.496557
-4.490955
0.289849
4.922152
8.066211
10.584423
13.079984
15.100411
16.707012
18.385138
19.896882
21.123886
22.584541
24.210044
25.803532
26.537180
26.154348
25.447096
24.054902
22.179910
20.792655
19.828933
18.676519
17.160858
15.235288
13.222694
10.901349
8.088010
5.364588
2.012423
-1.926252
-5.421638
-8.292198
-10.664633
-13.181823
-15.718937
-17.598697
-19.664764
-21.677528
-23.760796
-25.798423
-27.492898
-28.710025
-29.194525
-28.750726
-27.529001
-25.608880
-23.202215
-21.410159
-20.161867
-18.565995
-16.477789
-13.611657
-11.110987
-8.374112
-4.120554
0.791720
5.184582
8.466925
11.136021
13.770206
15.702588
17.188787
18.807309
20.296063
21.471126
23.158618
24.799279
26.164395
26.576178
26.124716
25.352240
23.869106
21.860940
20.442860
19.494636
18.484592
16.778708
14.825038
12.816531
10.323184
7.475785
4.633495
1.229218
-2.736875
-6.088018
-8.812291
-11.122908
-13.684716
-16.147750
-18.092734
-19.964661
-21.882057
-23.735421
-25.850534
-27.342354
-28.360060
-28.824125
-28.094224
-26.803528
-24.680921
-22.221122
-20.723343
-19.459895
-18.078600
-15.780415
-13.010672
-10.816199
-7.960626
-3.697872
1.187325
5.474091
8.727142
11.384317
13.624600
15.550511
17.080137
18.585239
20.103965
21.573986
23.114000
24.677685
26.102747
26.516233
25.847639
25.125231
23.645333
21.759272
20.503998
19.566842
18.482208
16.864708
14.736312
12.686934
10.216406
7.499627
4.718133
1.132318
-2.619709
-5.894048
-8.616277
-11.132785
-13.613360
-16.142811
-18.029043
-19.992249
-22.016593
-23.988826
-26.101385
-27.637482
-28.847115
-29.057435
-28.447083
-27.055740
-24.962936
-22.476230
-20.919016
-19.658463
-18.182482
-15.926020
-13.057164
-10.605029
-7.584946
-3.193106
1.666716
5.849259
8.845159
11.503015
14.023440
15.914440
17.341886
19.068207
20.567008
21.757398
23.421219
24.986437
26.436533
26.828051
26.222638
25.279863
23.850373
21.971805
20.582846
19.495998
18.310206
16.491754
14.372042
12.146064
9.691034
6.943090
4.264457
0.647136
-3.279448
-6.681851
-9.278059
-11.522089
-14.033318
-16.467742
-18.308844
-20.183155
-22.365195
-24.157252
-26.096446
-27.524403
-28.725352
-28.961216
-28.090136
-26.687895
-24.452380
-22.070919
-20.508766
-19.225052
-17.699174
-15.458890
-12.556825
-10.339533
-7.168736
-2.868857
2.061810
6.331205
9.198529
11.728661
14.086791
15.796593
17.261846
18.985442
20.182133
21.477086
23.056269
24.694715
26.140554
26.317324
25.703226
24.863141
23.132563
21.435874
20.379339
19.487994
18.216542
16.441686
14.425686
12.404408
9.844814
7.082224
4.276037
0.566414
-3.266164
-6.567069
-9.249789
-11.499098
-14.063631
-16.570262
-18.476929
-20.461082
-22.411517
-24.579082
-26.286840
-27.822256
-28.915405
-29.114655
-28.252942
-26.821409
-24.507897
-22.111620
-20.745311
-19.353458
-17.889568
-15.473195
-12.788262
-10.525499
-7.015807
-2.415180
2.387251
6.402390
9.266819
11.930295
14.235462
16.068561
17.619303
19.366741
20.785843
22.054400
23.796047
25.579759
26.898554
26.986088
26.176998
25.050810
23.300137
21.319389
20.370483
19.412211
18.001625
15.973875
13.941186
11.788947
9.183884
6.432363
3.556865
-0.135558
-3.899336
-7.078648
-9.772267
-12.011698
-14.609609
-16.800506
-18.676179
-20.741224
-22.646529
-24.596964
-26.499884
-27.819361
-28.798410
-28.748001
-27.822597
-26.326861
-23.914916
-21.684340
-20.252977
-18.955980
-17.333882
-14.894860
-12.133973
-9.889092
-6.479195
-1.770769
2.939701
6.722723
9.556328
12.006078
14.296600
16.020707
17.474209
19.258431
20.534481
21.769490
23.344244
24.979285
26.293482
26.264191
25.551489
24.570227
22.947277
21.281753
20.244632
19.222157
18.067019
16.189132
14.085770
11.806999
9.281635
6.620714
3.694636
-0.053474
-3.826448
-7.011209
-9.618316
-12.015956
-14.525311
-16.836609
-18.602439
-20.613330
-22.549459
-24.621998
-26.500055
-27.931588
-28.976883
-28.891223
-27.974163
-26.473148
-24.228096
-22.031580
-20.565476
-19.210577
-17.571109
-15.023266
-12.351445
-9.917021
-6.501334
-1.592125
3.255095
7.054806
9.820802
12.345144
14.696462
16.503845
18.109935
19.838299
21.028008
22.479125
23.972137
25.573458
26.644128
26.584182
25.894131
24.794851
22.940125
21.286011
20.189626
19.133261
17.781769
15.829802
13.705151
11.480195
8.831365
6.124973
3.262929
-0.635386
-4.486356
-7.818937
-10.332039
-12.771402
-15.264068
-17.403705
-19.072805
-21.072286
-22.895847
-24.940286
-26.780537
-28.091499
-28.799772
-28.560502
-27.445044
-25.779520
-23.312228
-21.201032
-19.796916
-18.493278
-16.811235
-14.200551
-11.719295
-9.413787
-5.758490
-1.096385
3.536940
7.344484
10.050706
12.450559
14.656271
16.228471
17.909152
19.611291
20.768642
22.033794
23.731674
25.269304
26.298421
26.148728
25.568690
24.475881
22.572109
20.913737
19.840854
18.904890
17.444917
15.586274
13.537066
11.412416
8.756944
6.089892
3.014633
-0.810793
-4.447699
-7.615260
-9.968792
-12.310232
-14.842749
-16.811575
-18.761669
-20.778179
-22.760289
-24.881533
-26.901790
-28.205429
-29.021161
-28.790406
-27.667284
-26.070390
-23.742914
-21.775450
-20.561899
-19.208193
-17.474719
-14.642818
-12.062277
-9.500640
-5.868673
-0.948395
3.750495
7.426398
10.109288
12.622561
14.935562
16.523940
18.210581
20.011323
21.232026
22.555079
24.274588
25.826522
26.793991
26.562214
25.924104
24.849176
22.893293
21.320752
20.214149
19.119637
17.734425
15.683855
13.603824
11.143684
8.424520
5.532163
2.334458
-1.483645
-5.212341
-8.067914
-10.593959
-13.045073
-15.558345
-17.559358
-19.448825
-21.404198
-23.346799
-25.287867
-27.013336
-28.289046
-28.903144
-28.474672
-27.367558
-25.610924
-23.061889
-21.142960
-19.771031
-18.464327
-16.521726
-13.689484
-11.233432
-8.846010
-4.944120
-0.186477
4.470008
7.818767
10.524137
13.006926
15.003681
16.524621
18.107550
19.798790
20.883083
22.323642
23.862123
25.425979
26.294504
25.937387
25.216682
24.048601
22.159645
20.709208
19.634621
18.755879
17.354148
15.454803
13.449873
11.114393
8.443083
5.823203
2.648149
-1.225812
-4.767350
-7.601636
-9.916510
-12.575558
-15.183517
-17.290967
-19.185543
-21.303552
-23.293495
-25.325673
-27.110577
-28.404679
-29.248510
-28.783253
-27.659110
-25.976726
-23.488317
-21.498203
-20.257405
-18.732037
-16.764743
-14.030763
-11.613539
-9.029933
-5.001170
-0.133514
4.610334
7.981232
10.571309
13.215712
15.309538
16.939299
18.648761
20.271880
21.514552
23.086923
24.784292
26.269129
27.120795
26.598828
25.866202
24.509089
22.499221
21.035331
19.890070
18.654721
17.061063
15.011856
12.907301
10.497229
7.639102
4.905462
1.588890
-2.298015
-5.800554
-8.623430
-10.949884
-13.484955
-15.977791
-17.940828
-19.730840
-21.492924
-23.438079
-25.405713
-27.093036
-28.170007
-28.785297
-28.201171
-26.983193
-24.959871
-22.493431
-20.768642
-19.527333
-18.088307
-16.035523
-13.387374
-10.980027
-8.405106
-4.216262
0.562668
4.915340
8.200918
10.691711
13.109786
15.107053
16.566515
18.087115
19.689117
20.798615
22.303888
23.944718
25.543145
26.137318
25.644473
25.177172
23.734399
22.068535
20.597492
19.705125
18.695763
17.216546
15.250104
13.350078
10.934898
8.328302
5.523137
2.054657
-1.879079
-5.398989
-8.218118
-10.597195
-13.050863
-15.718767
-17.741919
-19.739526
-21.783624
-23.802178
-25.979621
-27.608531
-28.843369
-29.299089
-28.762817
-27.444874
-25.456463
-22.990363
-21.331481
-20.066329
-18.617426
-16.382422
-13.467244
-11.116266
-8.322852
-3.977333
1.038483
5.434581
8.647442
11.320114
13.820444
15.876123
17.418350
19.103118
20.718404
21.893638
23.455790
25.079421
26.522364
26.960203
26.171889
25.427512
24.002109
21.883590
20.463296
19.487994
18.242257
16.566174
14.414447
12.340716
9.901864
7.137912
4.357610
0.859840
-3.091778
-6.257807
-9.020567
-11.468274
-13.967412
-16.332524
-18.236467
-20.220450
-22.200005
-24.076019
-25.952884
-27.420861
-28.534617
-28.789043
-28.075150
-26.672908
-24.612801
-22.143977
-20.386832
-19.156252
-17.788070
-15.448162
-12.591226
-10.334764
-7.417032
-3.190892
1.622268
5.869525
8.791515
11.341912
13.803073
15.672616
17.059360
18.813099
20.106009
21.303041
22.888354
24.529014
25.956460
26.337760
25.869949
25.037527
23.464475
21.716697
20.510129
19.495658
18.406255
16.689982
14.634643
12.515102
9.997232
7.348401
4.541874
1.089232
-2.990450
-6.298338
-8.991105
-11.323009
-13.782297
-16.155584
-18.050841
-20.067011
-22.088119
-24.021183
-25.962591
-27.570214
-28.713431
-29.136794
-28.413704
-27.042798
-24.868080
-22.569724
-21.026645
-19.686222
-18.194744
-15.819243
-13.125454
-10.590383
-7.385356
-2.941745
2.032348
6.211485
9.206533
11.729002
14.216389
16.067028
17.675843
19.467388
20.731347
21.957329
23.577384
25.288037
26.532582
26.689087
26.114157
25.104455
23.588112
21.645342
20.436559
19.512177
18.203088
16.345126
14.279400
12.227297
9.637730
6.866796
4.000664
0.473601
-3.470864
-6.858792
-9.496212
-11.817557
-14.393500
-16.671419
-18.557651
-20.555428
-22.541114
-24.420874
-26.311023
-27.789388
-28.712749
-28.830085
-28.009926
-26.631185
-24.276461
-21.852766
-20.416975
-19.124576
-17.557825
-15.138047
-12.430123
-10.187796
-6.961141
-2.393212
2.452816
6.478514
9.277718
11.866263
14.218603
15.904563
17.442363
19.109079
20.422254
21.719762
23.281574
25.018964
26.382889
26.423080
25.813409
24.904694

