-2.406495
-2.679144
-0.572205
-1.065561
0.441245
1.214232
-0.512770
-0.630447
-0.088045
-1.218660
-1.074587
1.388277
1.700606
0.706741
1.237733
0.927108
-1.678126
-2.854211
-0.472409
-0.815732
0.175919
1.628058
-0.230925
-1.026562
-0.155653
-1.086848
-1.338550
0.984328
1.760210
0.592811
0.921488
0.991140
-1.236541
-2.957412
-0.758852
-0.681026
-0.243357
1.518045
0.014816
-0.916890
-0.066587
-0.680004
-1.222917
0.692947
1.994882
0.888450
0.869376
1.122441
-0.794615
-3.079176
-1.187665
-0.521285
-0.583274
1.331568
0.442096
-0.837701
-0.333616
-0.494889
-1.420123
0.188351
1.982450
1.131807
0.919104
1.275029
-0.242676
-3.132820
-1.648835
-0.493867
-0.941242
1.043252
0.667061
-0.897135
-0.496592
-0.518050
-1.501186
-0.202996
1.895257
1.366479
0.826631
1.415355
0.345196
-2.601998
-2.084289
-0.094516
-0.832932
0.818968
1.037461
-0.811475
-0.621080
-0.356947
-1.522984
-0.869376
1.464912
1.370566
0.502212
1.156500
0.541891
-2.473933
-2.650704
-0.439031
-0.954185
0.541040
1.357113
-0.496081
-0.625338
-0.096900
-1.171316
-0.884874
1.342807
1.621928
0.639473
1.134021
0.796148
-1.914842
-2.909899
-0.465597
-0.888109
0.178814
1.427957
-0.214066
-0.792231
-0.073569
-0.902585
-1.101324
1.102516
1.805510
0.690392
0.980411
0.986372
-1.440900
-3.158024
-0.847748
-0.852176
-0.322546
1.499483
0.067779
-0.904628
-0.118017
-0.824928
-1.330716
0.594514
1.974957
0.890834
1.099791
1.379762
-0.773839
-3.135375
-1.240288
-0.466108
-0.543254
1.341786
0.356265
-0.869206
-0.272649
-0.705719
-1.505102
0.188351
1.907689
0.946522
0.751019
1.289845
-0.436817
-3.099612
-1.619884
-0.383343
-0.818457
1.048871
0.744036
-0.946522
-0.415530
-0.388282
-1.493182
-0.206402
1.843997
1.176766
0.733818
1.325778
0.192778
-2.679825
-2.061810
-0.217642
-0.810623
0.909567
1.085145
-0.627211
-0.368527
0.026226
-1.359837
-0.555856
1.735347
1.577479
0.662122
1.269409
0.428813
-2.464056
-2.585309
-0.329869
-0.898327
0.575270
1.345532
-0.536101
-0.665869
-0.146287
-1.181534
-0.869547
1.382828
1.645429
0.581060
1.146453
0.662122
-1.990284
-2.932378
-0.477007
-0.854220
0.150715
1.366820
-0.288827
-0.851325
-0.076805
-0.885895
-1.141344
1.158374
1.987389
0.803130
1.268217
1.204865
-1.181023
-2.954517
-0.758682
-0.712190
-0.280823
1.446860
0.160081
-0.908545
-0.157016
-0.904117
-1.513788
0.615801
1.865625
0.789336
0.929151
1.204354
-0.806536
-3.113917
-1.106433
-0.397137
-0.539848
1.384531
0.434262
-0.925234
-0.291211
-0.581401
-1.501526
0.179495
1.949242
0.971556
0.688348
1.229729
-0.317437
-3.051077
-1.647643
-0.321695
-0.875166
1.159225
0.772987
-0.746420
-0.216791
-0.108140
-1.394408
-0.204188
1.883847
1.196861
0.635726
1.239095
0.030824
-2.887590
-2.312320
-0.376872
-1.080547
0.806877
1.080206
-0.838723
-0.645093
-0.224795
-1.384531
-0.703505
1.755101
1.535586
0.712701
1.247440
0.450271
-2.336672
-2.511059
-0.408718
-0.992332
0.521115
1.325267
-0.583104
-0.872782
-0.219345
-1.229729
-0.957080
1.384360
1.677445
0.665188
1.240117
0.808920
-1.741988
-2.788816
-0.485182
-0.978879
0.115122
1.458611
-0.177452
-0.797851
-0.107288
-0.954185
-1.231432
0.988756
1.876525
0.677790
1.174382
1.185281
-1.301425
-3.106083
-0.760896
-0.614439
-0.286613
1.490627
0.236205
-0.849622
-0.165531
-0.812667
-1.468829
0.607627
1.890319
0.767027
0.937326
1.247440
-0.786952
-2.983127
-1.098939
-0.439712
-0.641687
1.303128
0.471388
-1.016174
-0.308922
-0.577654
-1.455886
0.155994
1.908200
0.885384
0.596728
1.274347
-0.241143
-2.997262
-1.721552
-0.410080
-0.874485
1.151902
0.685283
-0.916038
-0.292063
-0.286443
-1.458781
-0.260728
1.964399
1.417739
0.791379
1.438345
0.239440
-2.626181
-2.218315
-0.239440
-0.846727
0.900371
1.051767
-0.842980
-0.610522
-0.261579
-1.254593
-0.640494
1.727854
1.668760
0.821011
1.277753
0.567266
-2.227000
-2.486365
-0.205721
-0.848940
0.530481
1.311132
-0.492675
-0.698907
-0.133174
-1.177277
-0.998974
1.309769
1.687663
0.623465
1.221214
0.993524
-1.732792
-2.889293
-0.473261
-0.736373
0.215428
1.644407
-0.005450
-0.756809
-0.055347
-1.049723
-1.233816
0.989097
1.692602
0.665869
0.901733
0.906672
-1.555681
-3.420285
-1.079355
-0.838041
-0.406674
1.323223
0.188180
-0.777074
-0.177111
-0.789847
-1.289845
0.538656
2.065216
0.993184
0.960146
1.218149
-0.739438
-3.227847
-1.281159
-0.552109
-0.661782
1.353025
0.463724
-0.841618
-0.234672
-0.469514
-1.495736
0.224795
2.029623
1.316752
0.893559
1.428127
0.020266
-2.786091
-1.682895
-0.406333
-0.860010
1.105581
0.845875
-0.821693
-0.382832
-0.198398
-1.489094
-0.368016
1.702649
1.162461
0.654800
1.274007
0.143562
-2.633504
-2.140829
-0.097070
-0.742333
0.877210
1.077993
-0.689200
-0.536953
-0.076635
-1.083612
-0.510386
1.668930
1.455375
0.671148
1.270941
0.509364
-2.214398
-2.567768
-0.347069
-0.862394
0.423193
1.382487
-0.464916
-0.696863
-0.085660
-1.202481
-1.012257
1.295975
1.557384
0.571694
1.158374
0.780821
-2.065727
-3.146614
-0.624827
-0.880786
-0.009366
1.333271
-0.186137
-0.829186
-0.283378
-1.087189
-1.168081
1.045295
1.933915
0.758682
0.994205
1.116480
-1.296316
-3.183740
-0.850473
-0.684602
-0.216620
1.559939
0.190735
-0.780480
-0.083787
-0.572205
-1.306704
0.714404
1.960823
0.855071
0.924723
1.409905
-0.530822
-2.956390
-1.276561
-0.543935
-0.671319
1.261915
0.388963
-1.008511
-0.236205
-0.579357
-1.489094
0.264474
1.979726
0.982455
0.738076
1.255274
-0.186137
-2.903087
-1.533713
-0.109843
-0.770262
1.252719
0.858988
-0.920296
-0.508172
-0.417914
-1.466615
-0.170980
1.820837
1.247610
0.645433
1.242331
0.196525
-2.641337
-2.079521
-0.157356
-0.865289
0.992843
1.229899
-0.568288
-0.487225
-0.135558
-1.320839
-0.620399
1.533542
1.347065
0.584807
1.197032
0.528778
-2.411945
-2.787454
-0.510045
-1.114437
0.306198
1.144409
-0.504936
-0.712531
-0.116995
-1.150710
-0.893729
1.460314
1.784052
0.808069
1.401390
1.009192
-1.836504
-2.920798
-0.491653
-0.863246
0.112227
1.470361
-0.316416
-0.862564
-0.067268
-1.099280
-1.232794
1.098939
1.907349
0.752040
1.081909
1.236711
-1.176596
-2.965757
-0.788825
-0.683921
-0.349283
1.392365
-0.060797
-0.920296
-0.077316
-0.737565
-1.441070
0.707081
2.125331
0.938347
0.870909
1.263789
-0.675917
-3.032855
-1.061474
-0.400884
-0.399521
1.592806
0.528097
-0.821011
-0.123126
-0.702654
-1.458781
0.223432
2.013104
1.088721
0.759533
1.167910
-0.321184
-2.954006
-1.605579
-0.335319
-0.902244
1.151732
0.698737
-0.945670
-0.443799
-0.324590
-1.421656
-0.206573
1.864093
1.182386
0.660760
1.211166
0.050749
-2.856595
-2.143894
-0.335319
-1.034226
0.908886
0.968150
-0.848770
-0.445162
-0.248296
-1.395430
-0.617334
1.720190
1.519748
0.686475
1.328162
0.562157
-2.546310
-2.573729
-0.276055
-0.863075
0.509194
1.231432
-0.509705
-0.669105
-0.220367
-1.327140
-0.899349
1.428298
1.604216
0.589575
1.221044
0.866311
-1.840251
-2.790519
-0.307560
-0.825269
0.293766
1.477344
-0.451974
-0.789165
0.028099
-0.903096
-1.000507
1.160077
1.907519
0.744547
1.168932
1.086848
-1.369885
-2.993686
-0.705208
-0.781332
-0.095197
1.548358
0.125170
-0.785419
-0.093494
-0.965255
-1.397303
0.598431
1.810449
0.681026
0.844342
1.191923
-1.034226
-3.265142
-1.204695
-0.637770
-0.596728
1.392024
0.421490
-0.801768
-0.180176
-0.405482
-1.249654
0.474283
2.095188
0.978538
0.857796
1.281500
-0.537974
-3.060102
-1.415866
-0.420128
-0.802960
1.243523
0.707933
-0.833784
-0.331402
-0.277928
-1.360519
0.034230
1.917567
1.130445
0.790017
1.356772
-0.045470
-2.943959
-2.039671
-0.441245
-1.056876
0.823396
0.785419
-0.820501
-0.510727
-0.465938
-1.599789
-0.571694
1.748119
1.333271
0.653267
1.388277
0.475134
-2.473252
-2.271959
-0.086171
-0.717470
0.866822
1.372950
-0.546319
-0.465427
-0.025204
-1.215935
-0.628914
1.520429
1.574584
0.552450
1.156330
0.706911
-2.213717
-2.790689
-0.513622
-0.921999
0.313520
1.424721
-0.452144
-0.651223
0.095708
-1.013109
-1.078333
1.218489
1.784904
0.657184
1.070159
0.889472
-1.608474
-3.097739
-0.722408
-0.855752
0.033038
1.590252
-0.017370
-0.791550
-0.018222
-0.727858
-1.094341
1.043081
1.996245
0.760896
1.078163
1.092468
-0.996249
-3.050566
-0.930173
-0.668934
-0.445162
1.400709
0.186818
-1.030820
-0.222240
-0.718321
-1.473257
0.378404
1.817260
0.766345
0.789506
1.281840
-0.648839
-3.078324
-1.318966
-0.572886
-0.773839
1.235179
0.545808
-0.946351
-0.236886
-0.462702
-1.513277
0.046321
1.956565
1.094512
0.856434
1.417058
0.087704
-2.824579
-1.585994
-0.072888
-0.707933
1.123803
0.839404
-0.902074
-0.423704
-0.371763
-1.572711
-0.331742
1.901218
1.224620
0.516006
1.048361
0.151396
-2.794266
-2.342803
-0.375509
-0.957251
0.787803
1.046147
-0.708784
-0.593322
-0.209468
-1.406159
-0.848600
1.575947
1.496077
0.745739
1.399687
0.689370
-2.145427
-2.688851
-0.417573
-0.926426
0.536953
1.457078
-0.290871
-0.643219
0.045470
-1.170976
-1.080206
1.243353
1.746075
0.689370
1.276050
0.921147
-1.851831
-2.968482
-0.657354
-1.052618
-0.053814
1.285417
-0.313520
-1.038143
-0.172343
-1.003572
-1.344170
0.820841
1.663140
0.768559
1.000166
1.183237
-1.128060
-2.946002
-0.555345
-0.625849
-0.315564
1.412460
0.138794
-0.850814
-0.195844
-0.712190
-1.241820
0.693287
1.919440
0.833443
0.951460
1.202481
-0.654289
-2.968311
-1.107965
-0.381129
-0.575611
1.236711
0.424555
-1.071010
-0.415530
-0.824077
-1.745735
0.030313
1.830033
0.856944
0.569139
1.208782
-0.456572
-3.125157
-1.749141
-0.328336
-0.728369
1.142706
0.896624
-0.826802
-0.256641
-0.162636
-1.203503
-0.025375
2.116646
1.486880
0.848940
1.557044
0.377042
-2.526215
-2.033370
-0.125510
-0.842810
0.890323
1.113415
-0.663825
-0.567096
-0.205551
-1.303128
-0.646285
1.655306
1.577479
0.699759
1.341786
0.558070
-2.334799
-2.624307
-0.505788
-0.995057
0.485182
1.289674
-0.552450
-0.745228
-0.225987
-1.307726
-0.945670
1.279797
1.788650
0.735692
1.315389
1.090254
-1.754931
-2.776384
-0.401906
-0.763621
0.104223
1.483985
-0.119380
-0.812837
-0.214747
-1.089743
-1.196521
0.871420
1.545463
0.541551
0.956399
1.067775
-1.358305
-3.278766
-0.995738
-0.911610
-0.508002
1.372440

