0.825439
-0.657695
-3.204686
-1.292740
-0.128916
-1.341275
-0.304324
1.183067
-0.667231
-0.659738
0.371592
0.201975
-0.748294
0.980071
1.478025
-0.497273
0.618867
0.005620
-2.911431
-1.588379
0.055177
-0.932046
-0.638791
1.298870
-0.349964
-0.708955
0.189372
0.411613
-0.599282
0.759874
1.645769
-0.316075
0.275373
0.372274
-2.860001
-1.941238
0.000681
-0.632831
-0.789506
1.262937
-0.081062
-0.682218
0.207424
0.667231
-0.373295
0.594173
1.948220
0.031676
0.051430
0.860861
-2.356938
-2.283028
-0.084979
-0.387090
-0.888280
1.101664
0.375509
-0.817095
0.048876
0.658035
-0.308071
0.191927
2.085481
0.492505
-0.137261
1.005956
-1.888616
-2.864940
-0.651905
-0.572034
-1.282862
0.737395
0.438860
-1.059600
-0.257492
0.565052
-0.158037
-0.364440
1.753058
0.707933
-0.584636
0.967298
-1.188687
-2.920628
-0.655821
-0.279290
-1.322883
0.348943
0.899690
-0.840936
-0.370571
0.572034
0.124659
-0.457593
1.582418
1.255614
-0.446694
1.102686
-0.578846
-2.982616
-1.092809
-0.219004
-1.260894
-0.045981
1.304490
-0.674214
-0.478881
0.330721
0.157016
-0.722408
0.946692
1.345703
-0.555345
0.630958
-0.017200
-3.055334
-1.483134
0.082765
-1.047679
-0.446354
1.188006
-0.420979
-0.586169
0.458445
0.483479
-0.510386
0.854560
1.752547
-0.474112
0.267540
0.395945
-2.924374
-1.976660
-0.071185
-0.859840
-0.879424
1.132999
-0.182901
-0.778607
0.188521
0.548703
-0.526394
0.517368
2.031156
0.189883
0.139134
0.891175
-2.404451
-2.575261
-0.374147
-0.608308
-1.244204
0.949757
0.143221
-0.896284
0.063522
0.515325
-0.369889
0.063351
1.985516
0.324930
-0.149182
1.081058
-1.803807
-2.485514
-0.299045
-0.249318
-1.168932
0.778096
0.548533
-0.920977
-0.213555
0.701121
-0.139134
-0.189883
1.737731
0.730923
-0.470877
0.975983
-1.465082
-2.995219
-0.811645
-0.315564
-1.373121
0.336851
0.942605
-0.844513
-0.357117
0.478200
0.024182
-0.483309
1.595531
1.085145
-0.518220
0.983136
-0.775031
-3.076451
-0.999144
-0.006642
-1.169273
0.135047
1.221384
-0.608478
-0.393220
0.455720
0.275714
-0.505958
1.303809
1.501356
-0.468493
0.619718
-0.278269
-3.084796
-1.682384
-0.164849
-1.280989
-0.671829
1.048190
-0.548192
-0.684772
0.215088
0.331232
-0.645263
0.918252
1.876354
-0.100476
0.707252
0.672340
-2.627032
-1.866647
-0.068290
-0.873634
-0.657524
1.298359
0.061819
-0.416551
0.418425
0.642879
-0.512770
0.606264
2.017021
0.095708
0.264474
0.862394
-2.329520
-2.278260
-0.126702
-0.668594
-1.166718
0.892367
-0.081062
-1.106092
-0.077827
0.397648
-0.509705
-0.155653
1.669782
0.087363
-0.295128
1.025370
-2.020087
-2.575091
-0.295639
-0.300407
-1.128231
0.950779
0.788144
-0.715767
0.137431
0.906161
0.057902
-0.074080
1.900877
0.809090
-0.257662
1.082931
-1.334122
-2.888611
-0.632831
-0.331232
-1.447201
0.336851
0.783375
-0.955377
-0.424555
0.423704
-0.048024
-0.324760
1.577139
1.073905
-0.547000
0.842128
-0.888280
-3.192084
-1.011235
-0.033719
-1.196861
0.080722
1.174382
-0.680174
-0.332424
0.677960
0.400373
-0.137602
1.743010
1.701627
-0.127724
1.155819
0.203167
-2.774341
-1.133340
0.110354
-1.060281
-0.312328
1.168081
-0.511067
-0.703165
0.221048
0.217983
-0.857455
0.793082
1.538140
-0.494208
0.421149
0.315734
-2.918754
-1.917396
-0.055177
-0.871250
-0.696523
1.247270
-0.227860
-0.838552
0.227009
0.545979
-0.579698
0.566925
1.887253
0.042234
0.089918
0.741822
-2.498627
-2.136571
-0.095708
-0.547682
-0.907353
1.178980
0.194311
-0.736543
0.218153
0.726666
-0.301940
0.119720
1.827478
0.188521
-0.317437
0.870739
-2.168076
-2.773489
-0.505447
-0.609330
-1.356431
0.764813
0.559943
-0.887598
-0.047173
0.787973
-0.113419
-0.012602
2.041374
0.887598
0.017541
1.283203
-1.351663
-2.686466
-0.407355
0.036103
-1.068796
0.609841
0.888620
-0.770433
-0.124318
0.652926
0.114952
-0.245571
1.729386
1.120056
-0.402757
1.090424
-0.773498
-2.916540
-0.906842
-0.175749
-1.382657
-0.076805
1.098599
-0.735010
-0.480754
0.198398
0.040701
-0.695331
1.180342
1.154287
-0.595365
0.729220
-0.233821
-2.949408
-1.338891
-0.011751
-0.996249
-0.211682
1.291207
-0.413486
-0.440734
0.486374
0.455379
-0.617334
1.029968
1.697711
-0.463043
0.403609
0.227009
-2.875328
-1.739604
-0.088385
-0.979560
-0.797851
1.211848
-0.326633
-0.778777
0.279120
0.463384
-0.482287
0.525543
1.784733
-0.142540
0.140326
0.547171
-2.680336
-2.250501
-0.179665
-0.504936
-0.842639
1.033715
0.208957
-0.707252
0.102179
0.613928
-0.439712
0.269243
2.005100
0.390155
0.030994
1.088721
-1.931872
-2.440044
-0.430516
-0.685453
-1.435961
0.686816
0.373125
-0.690903
0.035252
0.767708
-0.249318
-0.203678
1.731770
0.591278
-0.166382
1.216786
-1.412460
-2.694471
-0.379426
-0.095367
-1.251016
0.568969
0.778948
-0.888280
-0.243017
0.566755
0.098092
-0.211682
1.746246
0.952993
-0.562327
1.060963
-0.881808
-2.931527
-0.822033
-0.012602
-1.140492
0.209638
1.174041
-0.650372
-0.331572
0.374998
0.143392
-0.525883
1.457930
1.345873
-0.431027
0.826120
-0.469855
-3.243514
-1.376186
-0.265156
-1.216957
-0.274522
1.205036
-0.622783
-0.456742
0.501020
0.453336
-0.451633
1.281330
1.885380
-0.190565
0.693117
0.208276
-2.853530
-1.612220
-0.014986
-0.937155
-0.715767
1.220363
-0.296661
-0.567777
0.383513
0.577654
-0.547682
0.712531
1.857110
-0.094686
0.437498
0.663144
-2.645084
-2.073220
-0.078508
-0.844683
-1.124144
1.158374
-0.011921
-0.840255
0.150033
0.595195
-0.522477
0.178303
1.836164
0.096560
0.033379
0.957080
-2.202477
-2.451454
-0.124659
-0.416892
-1.139300
0.957761
0.359161
-0.969853
-0.054496
0.602688
-0.174046
0.108651
1.923527
0.444651
-0.262771
1.120738
-1.659053
-2.711841
-0.521796
-0.379596
-1.235519
0.653608
0.705889
-0.789506
-0.028099
0.707081
-0.097922
-0.303132
1.745224
0.842299
-0.482627
1.115458
-1.017877
-2.978529
-0.839233
-0.192097
-1.367501
0.119550
0.898497
-0.906672
-0.374147
0.578506
0.126532
-0.353881
1.673698
1.272133
-0.587702
0.738076
-0.637259
-3.096546
-1.238244
-0.077486
-1.098769
-0.073399
1.242842
-0.634534
-0.564201
0.495400
0.376020
-0.583274
1.282692
1.718657
-0.271286
0.800235
-0.061478
-2.937317
-1.429490
0.000511
-1.031671
-0.525713
1.303468
-0.297512
-0.656673
0.375680
0.415019
-0.587531
0.811645
1.831736
-0.112908
0.430516
0.486033
-2.787965
-1.946177
0.019925
-0.624657
-0.649520
1.410076
0.038998
-0.738416
0.161103
0.444140
-0.607797
0.397989
1.872778
0.019584
0.129427
0.853709
-2.480405
-2.347572
-0.221218
-0.554323
-1.027243
1.129423
0.422852
-0.558240
0.246082
0.806195
-0.256811
0.067438
1.873289
0.261239
-0.283037
1.122100
-1.897471
-2.712182
-0.481606
-0.590086
-1.296997
0.731094
0.594514
-0.939029
-0.103712
0.586339
-0.137602
-0.225987
1.758848
0.789506
-0.387090
1.096044
-1.307726
-2.822365
-0.771114
-0.322887
-1.320839
0.373806
0.816243
-0.878743
-0.255959
0.583274
0.120912
-0.377723
1.627718
1.066072
-0.516176
0.973429
-0.667742
-2.840417
-0.846727
0.061478
-1.213380
-0.038998
1.170635
-0.734670
-0.491313
0.463213
0.228712
-0.648158
1.251016
1.445498
-0.554664
0.737054
-0.273500
-2.994708
-1.423189
0.084128
-0.978879
-0.196695
1.454013
-0.244720
-0.426599
0.418936
0.506299
-0.488588
0.925916
1.795803
-0.358139
0.455039
0.319651
-2.905641
-1.855578
-0.136750
-0.974791
-0.802960
1.207420
-0.231607
-0.714234
0.240632
0.556026
-0.441074
0.582423
1.791886
-0.259536
0.056199
0.587361
-2.619880
-2.289670
-0.192097
-0.743696
-1.111882
1.013279
0.015157
-0.898668
0.013454
0.520263
-0.401735
0.190565
1.865114
0.392539
-0.019414
1.047679
-2.008847
-2.518381
-0.387090
-0.655310
-1.327310
0.888280
0.412294
-0.963722
-0.084128
0.615971
-0.212874
-0.035592
1.938173
0.635556
-0.404119
1.110349
-1.435620
-2.703496
-0.499487
-0.271797
-1.219170
0.549214
0.754935
-0.993013
-0.309604
0.583615
0.011240
-0.345877
1.706396
0.941924
-0.537804
0.966787
-1.081569
-2.998454
-0.823396
-0.132833
-1.317092
0.199420
1.180342
-0.672681
-0.357628
0.502212
0.128235
-0.531844
1.426084
1.344000
-0.387090
0.946011
-0.457934
-3.139462
-1.339231
-0.160422
-1.254422
-0.374147
1.191412
-0.496422
-0.421831
0.462191
0.474964
-0.478029
1.051767
1.557895
-0.600474
0.597579
0.206402
-3.025191
-1.675912
-0.111716
-1.075779
-0.740290
1.065050
-0.400373
-0.617674
0.182561
0.286273
-0.678982
0.812667
1.784733
-0.278779
0.434433
0.760215
-2.636399
-2.054487
-0.187329
-0.804833
-1.013790
1.082591
-0.157186
-0.981263
0.154461
0.443118
-0.471047
0.268732
1.817942
-0.028951
0.028951
0.838552
-2.284901
-2.404962
-0.267199
-0.489099
-0.995057
1.142366
0.387090
-0.963552
-0.052111
0.551428
-0.256641
-0.093324
1.944814
0.452314
-0.205891
1.076290
-1.751014
-2.731255
-0.509875
-0.364270
-1.154627
0.746080
0.829015
-0.733137
0.002725
0.746591
0.014816
-0.137942
1.754931
0.864097
-0.382832
1.074927
-1.138960
-2.908366
-0.891175
-0.238419
-1.407010
0.243017
0.907183
-0.801597
-0.322717
0.517368
0.047343
-0.481946
1.570838
1.154457
-0.601666
0.889812
-0.653608
-3.194809
-1.235860
-0.083276
-1.285757
-0.198398
1.019921
-0.658376
-0.402757
0.378064
0.297001
-0.359501
1.324415
1.534734
-0.398500
0.695842
0.063862
-2.949408
-1.384020
0.080041
-0.977346
-0.419957
1.237392
-0.489780
-0.683580
0.379937
0.475134
-0.574759
0.893388
1.915864
-0.188351
0.387600
0.452144
-2.811977
-1.823902
-0.067779
-0.686475
-0.581401
1.461165
-0.023501
-0.789165
0.223262
0.523840
-0.643560
0.374317
1.893214
0.066587
0.058583
0.753403
-2.440384
-2.395255
-0.197887
-0.684432
-1.082931
1.059260
0.273330
-0.834124
0.120231
0.680515
-0.341620
-0.053814
1.695837
0.074761
-0.355755
0.810453
-2.145597
-2.821003
-0.468493
-0.611884
-1.447030
0.704527
0.521626
-0.871931
-0.082595
0.610692
-0.177622
-0.156164
1.799038
0.552280
-0.460659
0.909226
-1.653603
-3.074408
-0.768559
-0.255789
-1.287290
0.519412
0.905139
-0.896113
-0.310114
0.473601
-0.062670
-0.510897
1.778943
1.168421
-0.427280
1.095704
-0.756809
-2.963713
-0.892537
-0.045810
-1.257488
-0.010729
0.994205
-0.813178
-0.461681
0.400032
0.129087
-0.771284
1.318284
1.278775
-0.545979
0.779458
-0.294106
-3.005096
-1.344681
-0.078167
-1.164334

