1.689196
0.661782
0.827994
1.266684
-0.694139
-3.078154
-1.095193
-0.245231
-0.318119
1.551764
0.751700
-0.610862
0.026396
-0.347580
-1.108306
0.505618
2.214227
1.241650
1.149518
1.526390
0.007663
-2.815383
-1.615286
-0.300407
-0.856604
1.017196
0.427961
-1.114096
-0.592811
-0.605243
-1.887594
-0.502723
1.568794
0.841107
0.279120
1.168251
0.035422
-2.789668
-2.110686
-0.298534
-1.014982
0.945841
1.081739
-0.665188
-0.423534
-0.050749
-1.292910
-0.479732
1.762594
1.499312
0.716788
1.365287
0.681537
-2.173356
-2.318450
-0.213044
-0.930854
0.498295
1.234497
-0.689711
-0.897305
-0.237737
-1.344681
-1.120908
1.276050
1.428127
0.447205
0.901563
0.589575
-2.170971
-2.970866
-0.414678
-0.979560
0.049216
1.483134
-0.135217
-0.639473
0.069312
-0.858647
-1.068967
1.167229
1.979045
1.025370
1.342467
1.356942
-1.239606
-2.925055
-0.570842
-0.644411
-0.182901
1.478536
0.057561
-0.990118
-0.238759
-1.041889
-1.614264
0.430856
1.738071
0.599963
0.713382
0.884192
-1.246589
-3.396954
-1.340083
-0.592811
-0.764983
1.308407
0.247615
-1.087189
-0.311307
-0.834976
-1.566069
0.235694
1.953670
1.121249
0.935112
1.578501
-0.016178
-2.756459
-1.318966
-0.236545
-0.568117
1.444135
1.000507
-0.771114
-0.229733
-0.358820
-1.574755
-0.389303
1.629080
0.968490
0.313691
0.981263
-0.243017
-3.136737
-2.337864
-0.623635
-1.202822
0.742504
0.815732
-0.951971
-0.702994
-0.312328
-1.343148
-0.405141
1.865625
1.593147
0.824588
1.306704
0.556196
-2.178976
-2.275535
-0.067438
-0.780991
0.814540
1.580204
-0.472580
-0.526735
-0.054666
-1.120738
-0.971556
1.430341
1.609325
0.573567
1.189198
0.671148
-2.081054
-2.962181
-0.636918
-1.162972
-0.118698
1.066242
-0.486885
-1.077311
-0.331402
-1.317774
-1.300914
0.949757
1.693453
0.593151
1.044955
1.013449
-1.370737
-2.944299
-0.511578
-0.396286
0.159400
1.817090
0.284740
-0.556026
0.144584
-0.561816
-1.153946
0.945159
2.137593
0.901222
1.048531
1.340083
-0.863927
-3.137759
-1.068626
-0.616653
-0.622954
1.255785
0.129938
-1.192774
-0.493697
-0.971556
-1.751866
0.041383
1.654795
0.688859
0.672340
1.116480
-0.504766
-3.275020
-1.673698
-0.482116
-0.673532
1.443795
0.851665
-0.737395
-0.185285
-0.210490
-1.217297
0.193971
2.226830
1.531839
1.022475
1.471724
0.153950
-2.789497
-1.901558
-0.372784
-0.866141
1.107965
0.982966
-0.892367
-0.700099
-0.386749
-1.505784
-0.661782
1.548358
1.206228
0.588042
1.190731
0.476326
-2.509526
-2.579178
-0.470706
-1.112052
0.456231
1.198564
-0.571183
-0.521626
-0.134877
-1.266343
-0.768900
1.550402
1.844168
0.832421
1.509019
1.163312
-1.623120
-2.496072
-0.102350
-0.480243
0.446694
1.629932
-0.082595
-0.575100
0.008004
-1.101834
-1.157011
1.155819
1.615286
0.559602
0.898327
0.843831
-1.667568
-3.231423
-0.752040
-0.786611
-0.263793
1.345362
-0.153439
-0.980411
0.028781
-0.811986
-1.222576
0.874826
1.933575
0.810623
0.919955
1.148326
-0.882660
-3.120218
-1.002380
-0.497443
-0.471388
1.534564
0.464576
-0.955888
-0.015157
-0.445332
-1.465423
0.421831
2.031667
1.160417
0.893559
1.372099
-0.459467
-3.260544
-1.578501
-0.651905
-0.898838
1.033204
0.487396
-1.141003
-0.584977
-0.551088
-1.644577
-0.232118
1.864433
1.225301
0.803471
1.405818
0.271797
-2.568449
-1.678126
-0.114611
-0.816243
1.073565
1.152754
-0.634704
-0.379426
-0.066417
-1.383168
-0.399181
1.608133
1.269579
0.567096
1.352685
0.514473
-2.392190
-2.218315
-0.244890
-0.962700
0.711679
1.364265
-0.471047
-0.489610
-0.072888
-1.207420
-0.794956
1.469510
1.567943
0.564541
1.080888
0.629084
-2.093145
-2.794947
-0.313691
-0.749826
0.336681
1.438516
-0.228030
-0.837020
-0.122275
-1.013960
-1.071521
1.364265
1.788650
0.535761
1.045636
0.922339
-1.544441
-3.102507
-0.774520
-0.954356
-0.263623
1.392875
-0.168766
-0.992843
-0.208787
-0.971726
-1.410927
0.771965
1.899174
0.794615
1.078163
1.183919
-1.065220
-3.233467
-1.050064
-0.459978
-0.300578
1.531499
0.165531
-0.982285
-0.264985
-0.801086
-1.661267
0.319992
1.843487
0.935452
0.943627
1.293932
-0.497784
-3.066233
-1.417398
-0.430346
-0.721387
1.274347
0.628574
-0.935282
-0.441585
-0.540018
-1.555000
-0.193119
1.684598
0.996930
0.783716
1.368182
-0.044959
-2.830029
-1.890319
-0.227690
-0.854049
1.026392
1.113415
-0.704867
-0.286102
-0.252042
-1.472235
-0.415189
1.690899
1.157011
0.511578
1.186814
0.323738
-2.396447
-2.223934
-0.452655
-0.967128
0.721727
1.098428
-0.701121
-0.739098
-0.268051
-1.419783
-0.744036
1.498461
1.495906
0.666039
1.313516
0.618185
-2.335310
-2.908707
-0.580038
-1.007489
0.487566
1.408713
-0.246423
-0.710998
-0.144924
-1.155990
-0.988586
1.404115
1.934596
0.823055
1.233135
1.232454
-1.418931
-2.875328
-0.476667
-0.683580
-0.011580
1.450777
-0.194141
-0.800065
-0.032357
-0.942605
-1.391854
0.736543
1.890148
0.780480
1.046998
1.224279
-1.021964
-2.946683
-0.733989
-0.365632
-0.140837
1.696008
0.163998
-0.905309
-0.115463
-0.600134
-1.327821
0.613076
1.993009
0.917912
0.805855
1.164164
-0.782183
-3.175735
-1.376697
-0.526564
-0.762429
1.381976
0.500168
-0.967809
-0.221389
-0.431538
-1.451288
0.144584
1.883677
0.972407
0.667913
1.218319
-0.221559
-3.032855
-2.022300
-0.442948
-0.935452
1.150540
0.964914
-0.771625
-0.450611
-0.322717
-1.474278
-0.261579
2.013104
1.369034
0.791720
1.475470
0.458275
-2.630608
-2.286434
-0.228712
-0.973599
0.801427
1.223769
-0.661101
-0.620570
-0.313010
-1.453502
-0.816754
1.517194
1.423700
0.569820
1.145942
0.657013
-2.221210
-2.701964
-0.464065
-1.021453
0.290360
1.308577
-0.482457
-0.647136
0.027418
-1.147134
-1.066923
1.364265
1.802785
0.771114
1.294613
1.081909
-1.635551
-2.666542
-0.388111
-0.761747
0.181879
1.617500
-0.036103
-0.808580
0.003236
-0.865289
-1.167740
0.996590
1.861027
0.747272
0.919785
0.965766
-1.351493
-3.165347
-0.916209
-0.757320
-0.486885
1.396963
-0.001703
-1.091106
-0.126021
-0.617164
-1.296486
0.631128
1.843316
0.783205
0.979219
1.137086
-0.806536
-2.966779
-1.009703
-0.240292
-0.417573
1.557725
0.688178
-0.796999
-0.219515
-0.411953
-1.297338
0.357117
2.081394
0.957421
0.816413
1.378230
-0.372784
-3.226485
-1.774515
-0.441585
-0.853709
1.093830
0.808409
-0.993184
-0.499998
-0.527075
-1.626526
-0.226157
1.811130
1.143898
0.616482
1.412289
0.344345
-2.544437
-1.967975
-0.151566
-0.823225
0.932217
1.165015
-0.785249
-0.561305
-0.124318
-1.350130
-0.557048
1.689707
1.384020
0.547171
1.292740
0.529630
-2.280814
-2.427442
-0.288827
-0.855412
0.725814
1.328332
-0.407696
-0.561816
-0.118017
-1.266173
-1.002891
1.339742
1.658542
0.620399
1.088892
0.718491
-2.031156
-2.817597
-0.347410
-0.712190
0.212363
1.469510
-0.249999
-0.701291
-0.004257
-0.957421
-0.931195
1.274518
1.964569
0.837530
1.221044
1.042741
-1.410076
-2.981254
-0.663996
-0.679834
-0.128065
1.473257
-0.003065
-0.801938
-0.101839
-0.857455
-1.398325
0.734670
1.893895
0.830037
1.075268
1.382998
-0.781672
-3.125327
-1.144409
-0.494378
-0.484841
1.343659
0.364270
-0.883681
-0.249829
-0.624997
-1.439197
0.230244
1.902240
0.884363
0.827142
1.218830
-0.316416
-2.931186
-1.335825
-0.231096
-0.511919
1.362562
0.627381
-0.838212
-0.260387
-0.491994
-1.388448
-0.147138
1.863071
1.077822
0.618356
1.288652
-0.091961
-2.880096
-1.995734
-0.314202
-0.808920
1.090254
1.068115
-0.669956
-0.257492
-0.106096
-1.288482
-0.468322
1.807894
1.439197
0.768048
1.426595
0.586510
-2.374138
-2.235344
-0.186818
-0.885725
0.788144
1.284565
-0.587021
-0.470195
-0.046492
-1.269068
-0.601837
1.585824
1.621417
0.694820
1.267706
0.677109
-2.243689
-2.852849
-0.374658
-1.005105
0.211000
1.376356
-0.423704
-0.763110
0.012262
-1.025881
-1.043252
1.098769
1.760381
0.739608
1.196691
1.026051
-1.598597
-2.929824
-0.618696
-0.756979
-0.203848
1.393897
-0.053474
-0.868525
-0.066757
-0.866311
-1.283884
0.815221
1.812662
0.686646
1.049553
1.319136
-1.026222
-3.049374
-0.792401
-0.356947
-0.276566
1.536267
0.311647
-0.926597
-0.122104
-0.640324
-1.340934
0.590597
2.002035
0.831740
0.860691
1.345192
-0.560113
-2.960137
-1.257828
-0.358990
-0.493526
1.475641
0.640324
-0.713212
-0.054496
-0.357968
-1.285587
0.093664
2.000332
1.205206
0.782524
1.394067
-0.068120
-2.837181
-1.740115
-0.295980
-0.679834
1.377208
0.882660
-0.801427
-0.308241
-0.069652
-1.229048
-0.132152
2.157688
1.673698
1.042570
1.516683
0.360182
-2.435275
-2.084630
-0.098944
-0.815732
0.909737
1.355750
-0.555515
-0.368527
-0.128576
-1.242842
-0.577314
1.897131
1.672847
0.882149
1.499993
0.753573
-2.031156
-2.358300
-0.128065
-0.700780
0.561646
1.413482
-0.384195
-0.443118
-0.135047
-1.123973
-0.940391
1.399176
1.690558
0.735862
1.186132
1.000677
-1.694475
-2.671140
-0.374828
-0.555004
0.346899
1.641682
0.009707
-0.532695
0.223943
-0.883341
-0.909226
1.366138
2.016851
0.960827
1.297508
1.171657
-1.158714
-3.007821
-0.649861
-0.473261
-0.000681
1.594680
0.321014
-0.701632
0.059605
-0.515495
-1.170976
0.821352
2.125502
1.053980
1.076119
1.420464
-0.526564
-2.841098
-0.970704
-0.368016
-0.219345
1.763616
0.638621
-0.608478
0.243868
-0.235523
-1.168081
0.528778
2.116987
1.306364
1.116821
1.617840
-0.076635
-2.730744
-1.404115
-0.325271
-0.823396
1.232454
0.747613
-0.838893
-0.298704
-0.392199
-1.315900
-0.034741
1.869883
1.192604
0.722579
1.365798
0.071526
-2.545800
-1.784222
-0.069993
-0.678301
1.066242
1.106603
-0.685794
-0.459807
-0.242335
-1.342126
-0.340257
1.803977
1.490457
0.920636
1.462698
0.654289
-2.265828
-2.247606
-0.181709
-0.714915
0.882660
1.583440
-0.170299
-0.201293
0.012432
-1.128401
-0.793764
1.506465
1.590933
0.686305
1.268046
1.013620
-1.833779
-2.579689
-0.147138
-0.630277
0.511578
1.651219
-0.060116
-0.466790
0.299045
-0.714404
-0.800235
1.483474
1.947539
0.834806
1.236541
1.092298
-1.180853
-2.716099
-0.375850
-0.410761
0.120061
1.679318
0.032527
-0.665699
0.048195
-0.480073
-0.937837
1.138789
2.206223
1.059771
1.280137
1.418591
-0.787973
-2.890825
-0.891345
-0.489269
-0.305857
1.570497
0.269754
-0.929662
-0.353881
-0.635896
-1.538651
0.435455
2.009528
1.002550
1.110520
1.388107
-0.387600
-2.932719

