0.468663
0.283888
1.819645
1.650708
-0.999996
-2.882310
-0.269583
-0.089407
-0.500509
1.713548
0.871590
-0.952993
-0.760385
-0.888790
-2.644062
-1.551253
0.437328
0.113249
1.423870
1.678467
-0.519412
-3.080198
-0.744207
0.065735
-0.668764
1.350301
1.174552
-0.984839
-1.005956
-0.806706
-2.333607
-2.002205
0.515495
0.117506
1.284225
1.836845
0.198228
-2.748115
-1.122611
0.372955
-0.705038
1.158885
1.722574
-0.347580
-0.737395
-0.526054
-1.932893
-2.374138
0.253745
0.058072
1.092468
1.782690
0.417233
-2.789838
-1.948220
0.104393
-1.017877
0.393220
1.616478
-0.374147
-1.048361
-0.634364
-1.720360
-2.598081
0.107970
0.400543
0.884192
1.886232
0.954356
-2.248798
-2.248457
0.290871
-0.693457
0.075613
1.921654
0.159059
-0.853198
-0.660930
-1.331908
-2.637761
-0.335319
0.384876
0.541380
1.817431
1.414163
-1.531669
-2.570833
0.040020
-0.366654
-0.331572
1.677104
0.381810
-1.037802
-0.688689
-1.025711
-2.749647
-0.991140
0.409399
0.263963
1.632145
1.530988
-1.072884
-2.904279
-0.223262
0.005450
-0.404290
1.767533
0.870568
-0.898668
-0.653608
-0.754084
-2.609832
-1.387766
0.626189
0.175067
1.421145
1.649686
-0.443459
-3.043073
-0.744547
0.069823
-0.724963
1.464571
1.216616
-0.912632
-0.835317
-0.573397
-2.261230
-1.921483
0.487396
-0.000170
1.197032
1.639809
0.014475
-2.904619
-1.266173
0.225816
-0.904288
1.078163
1.689025
-0.573737
-0.780651
-0.554493
-1.762084
-2.143724
0.571183
0.399351
1.307385
1.981599
0.624827
-2.584287
-1.719339
0.308071
-0.811645
0.651053
1.869713
-0.301600
-1.044444
-0.619888
-1.683916
-2.679825
0.029802
0.267029
0.733307
1.715592
0.840596
-2.347401
-2.300058
0.177111
-0.775882
0.023842
1.840591
-0.155824
-0.955718
-0.559092
-1.369374
-2.770594
-0.326293
0.483649
0.681366
1.862390
1.470872
-1.534564
-2.590418
0.331572
-0.279631
-0.104053
1.915182
0.570672
-0.889812
-0.571353
-1.173019
-2.840417
-0.957251
0.367335
0.362567
1.600300
1.375164
-1.167059
-2.838884
-0.299386
-0.117336
-0.419787
1.662459
0.734159
-1.052959
-0.597920
-0.613587
-2.451624
-1.223769
0.602348
0.309774
1.673869
1.712527
-0.409399
-2.741473
-0.527757
0.126702
-0.671148
1.434599
1.094001
-0.724963
-0.788484
-0.606094
-2.131632
-1.655476
0.452825
0.139134
1.314368
1.675912
-0.131130
-2.885035
-1.245567
0.128065
-0.890664
0.913824
1.374994
-0.809772
-1.075438
-0.777245
-2.120563
-2.235855
0.369208
0.227860
1.126357
1.888445
0.387600
-2.631119
-1.394408
0.519753
-0.626700
0.747272
1.825946
-0.266007
-0.952482
-0.571353
-1.807383
-2.492837
0.163146
0.262090
0.766345
1.826116
0.824077
-2.404111
-2.178976
0.377212
-0.637599
0.297172
1.905135
0.055177
-0.883511
-0.682047
-1.507998
-2.770594
-0.289849
0.225816
0.481095
1.727683
1.238755
-1.807043
-2.456563
0.196525
-0.476667
0.025715
1.950434
0.285081
-0.860861
-0.425918
-0.908886
-2.584628
-0.450271
0.629084
0.470536
1.720531
1.558747
-1.182386
-2.618517
0.109843
-0.255108
-0.393561
1.687152
0.560284
-1.110009
-0.816243
-0.951120
-2.704688
-1.267706
0.479732
0.078848
1.557895
1.571860
-0.810283
-3.019912
-0.518901
-0.125170
-0.713212
1.485007
1.031842
-0.914165
-0.816073
-0.846386
-2.366815
-1.548699
0.549385
0.121083
1.407181
1.749992
-0.216961
-2.936295
-0.851154
0.355244
-0.638110
1.310791
1.422337
-0.723600
-0.987904
-0.797170
-2.245392
-2.100297
0.417914
0.021458
1.038483
1.724277
0.159911
-2.887419
-1.493522
0.229052
-0.742844
0.872612
1.728364
-0.398159
-0.845534
-0.518901
-1.856600
-2.469506
0.337362
0.285081
1.007148
1.943111
0.797170
-2.327306
-1.899515
0.284910
-0.734500
0.496762
1.809427
-0.152247
-0.891515
-0.538485
-1.602173
-2.716269
-0.098263
0.410761
0.775542
1.793248
1.103708
-2.117157
-2.487217
0.107970
-0.745399
-0.117847
1.772642
-0.022990
-1.145431
-0.648499
-1.233135
-2.780131
-0.590427
0.463043
0.675746
1.884018
1.441070
-1.357283
-2.529451
0.160081
-0.228541
-0.264134
1.818793
0.602177
-0.998463
-0.788995
-0.911610
-2.708946
-1.042741
0.437498
0.247104
1.636403
1.563345
-0.998633
-3.024851
-0.361034
-0.145606
-0.686305
1.631294
0.994376
-0.923191
-0.833614
-0.748294
-2.566235
-1.638617
0.266177
-0.036614
1.313175
1.648324
-0.472750
-2.959796
-0.512430
0.398670
-0.532695
1.399687
1.275880
-0.756638
-0.754084
-0.223262
-1.889297
-1.616137
0.598771
0.167234
1.372780
1.850469
0.154291
-2.900703
-1.282181
0.117847
-0.993695
0.846897
1.426254
-0.655140
-0.945330
-0.720535
-2.108472
-2.318961
0.459807
0.248977
1.095022
1.919610
0.677279
-2.465759
-1.782349
0.286954
-0.716618
0.563008
1.797165
-0.207765
-0.906161
-0.472920
-1.540184
-2.571344
0.121593
0.379256
0.913824
1.908541
1.054491
-2.102000
-2.129759
0.345707
-0.604391
0.126532
1.765149
-0.001533
-1.219000
-0.791890
-1.537459
-2.898489
-0.567777
0.136750
0.414167
1.740285
1.117161
-1.816920
-2.601147
0.057220
-0.302110
-0.110694
2.056020
0.617504
-0.769922
-0.449930
-0.867673
-2.580370
-0.653948
0.547682
0.422171
1.845530
1.580375
-1.050574
-2.842290
-0.147138
-0.182050
-0.518390
1.662629
0.694820
-0.923020
-0.798873
-0.887939
-2.604382
-1.328673
0.420298
-0.005279
1.354218
1.498120
-0.742163
-3.144741
-0.669275
-0.021628
-0.745569
1.316581
1.021113
-0.863756
-0.874996
-0.738416
-2.320664
-1.643556
0.671489
0.353711
1.454013
1.893384
0.089577
-2.885205
-1.135894
0.204188
-0.833784
1.109668
1.378911
-0.681537
-0.956569
-0.717810
-2.235004
-2.237388
0.292233
0.146457
1.014471
1.712527
0.345366
-2.669266
-1.585313
0.319821
-0.767878
0.687838
1.702309
-0.527246
-0.971556
-0.575100
-1.785585
-2.576964
0.059434
0.230415
0.910589
1.863071
0.922680
-2.105406
-1.815047
0.568117
-0.525032
0.442096
2.059937
-0.004598
-0.850814
-0.599793
-1.362222
-2.666712
-0.220026
0.296491
0.604391
1.800912
1.226493
-1.983302
-2.640486
0.118869
-0.589234
-0.147820
1.860857
0.324079
-0.963041
-0.547511
-1.027584
-2.601828
-0.543935
0.438009
0.472409
1.781838
1.505443
-1.302447
-2.785921
0.002384
-0.169788
-0.336340
1.762424
0.655310
-0.943627
-0.700610
-0.872442
-2.616644
-1.096385
0.529289
0.178303
1.560960
1.490797
-0.707252
-2.972739
-0.507321
-0.162125
-0.698396
1.378911
0.801086
-0.980241
-0.830548
-0.850473
-2.547332
-1.612220
0.548363
0.173024
1.512425
1.865796
-0.022309
-2.782345
-0.673703
0.323227
-0.496762
1.547337
1.596894
-0.489099
-0.768389
-0.503234
-2.136060
-2.019065
0.443459
0.082595
1.128060
1.715933
0.136750
-2.869197
-1.502889
0.246423
-0.957251
0.705208
1.520600
-0.538485
-1.024348
-0.587361
-1.929828
-2.446856
0.165871
0.180858
0.950439
1.823732
0.579357
-2.558061
-1.910414
0.304665
-0.688008
0.540359
1.863071
-0.078848
-0.903777
-0.497443
-1.407010
-2.550398
0.097581
0.435114
0.898327
1.977852
1.114437
-2.144745
-2.568279
0.181028
-0.575951
-0.045470
1.790524
0.109843
-1.055173
-0.731264
-1.345192
-2.852849
-0.620740
0.313520
0.501190
1.767193
1.422848
-1.489946
-2.607959
0.066417
-0.270435
-0.274522
1.755612
0.535931
-0.938177
-0.640324
-0.885384
-2.605574
-0.927448
0.545297
0.284910
1.576458
1.578331
-0.752551
-2.882481
-0.218494
-0.119550
-0.481095
1.698732
0.969001
-0.855752
-0.816073
-0.739779
-2.481427
-1.489094
0.450271
0.172002
1.382487
1.570497
-0.460148
-2.857787
-0.785760
0.103031
-0.766686
1.203844
1.344851
-0.815732
-0.822033
-0.585658
-2.104214
-1.739604
0.565733
0.260217
1.359156
1.790013
0.099455
-2.892869
-1.207931
0.218834
-0.841447
1.070499
1.668249
-0.437498
-0.873804
-0.517368
-1.925911
-2.253566
0.441926
0.297853
1.230751
1.995393
0.725644
-2.725976
-1.879249
0.138964
-0.980071
0.512941
1.657179
-0.364270
-1.017536
-0.792231
-1.769577
-2.667052
0.010048
0.290700
0.828164
1.928806
1.088551
-1.929488
-2.053806
0.411272
-0.457934
0.283207
1.920291
0.049216
-1.071010
-0.561305
-1.342297
-2.654450
-0.311307
0.349454
0.387090
1.712867
1.360689
-1.685790
-2.530132
0.123978
-0.357117
-0.073399
1.944474
0.458785
-0.846386
-0.576803
-0.988586
-2.892699
-0.879254
0.536953
0.383513
1.710994
1.539333
-1.042059
-2.830029
-0.223603
-0.159911
-0.460148
1.934086
0.824928
-1.027414
-0.719173
-0.768389
-2.460991
-1.175063
0.672340
0.179155
1.524176
1.522984
-0.664847
-2.953836
-0.650031
-0.025034
-0.734500
1.415866
1.094512
-0.948225
-0.914506
-0.731434
-2.312490
-1.629250
0.589064
0.264815
1.564537
1.828500
0.040191
-2.835989
-0.964063
0.317948
-0.794104
1.132148
1.493692
-0.609841
-0.907012
-0.685283
-2.151387
-2.120733
0.454187
0.096900
1.125336
1.882485
0.480584
-2.751010
-1.551083
0.477348
-0.598942
0.776563
1.673869
-0.490972
-1.016685
-0.745569
-1.926592
-2.691235
-0.009366
0.094516
0.825099
1.719509
0.639984
-2.457414
-2.127716
0.310625
-0.726836
0.437839
1.860346
0.049557
-0.896454
-0.507661
-1.452650
-2.911431
-0.279120
0.216620
0.561305
1.760892
1.132318
-1.905816
-2.488579
0.120742
-0.548533
-0.051771
1.837185
0.190735
-1.085315
-0.785419
-1.175914
-2.730915
-0.602177
0.393220
0.463894
1.661777
1.351833
-1.454524
-2.901043
-0.172513
-0.347240
-0.375339
1.799209
0.572715
-1.073905
-0.796488
-1.005786
-2.635206
-1.028606
0.572715
0.212022
1.748630
1.748971
-0.626360
-2.826112
-0.238419
0.058753
-0.623294
1.598426
0.948736
-0.912632
-0.851325
-0.877891
-2.538647
-1.537459
0.532866
0.036444
1.274177
1.715933
-0.337703
-2.995389
-0.804492
0.271627
-0.598090
1.404626
1.488413
-0.746080
-0.886066
-0.753403
-2.305508
-2.134357
0.531503
0.175578
1.218319
1.872267
0.248126
-2.857106
-1.396622
0.309774
-0.752722
1.042059
1.766511
-0.428132
-0.628744
-0.398500
-1.887764
-2.380610
0.316416
0.181198
0.883511
1.833269
0.687156
-2.603871
-2.058574
0.163828
-0.836338
0.518220
1.709291
-0.377383
-0.935623
-0.488758
-1.550232
-2.601147
0.001362
0.447205
0.837871
1.931361
1.134532
-1.964910
-2.246755
0.174386
-0.526394
0.103031
1.901388
0.045640
-1.029457
-0.610352
-1.218830
-2.766507
-0.407866
0.334297
0.477007
1.811641
1.426935
-1.455716
-2.616814
0.153950
-0.398840
-0.310796
1.801763
0.414678
-0.942094
-0.777755
-0.987053
-2.672502
-0.946862
0.414167
0.285932
1.652922
1.521962
-0.970875
-2.898829

