-1.231602
-2.871411
-0.443629
0.072377
-1.206739
0.458615
0.956569
-0.819308
-0.269924
0.609841
0.055517
-0.464235
1.654455
1.115799
-0.534909
0.904969
-0.760044
-3.107786
-1.163823
-0.039509
-1.309429
-0.162636
1.139300
-0.689200
-0.384705
0.520604
0.274692
-0.746591
1.177447
1.344170
-0.528097
0.624997
-0.111205
-3.047330
-1.464571
0.090599
-0.889812
-0.264474
1.433747
-0.299897
-0.565733
0.507661
0.570672
-0.431538
1.048871
1.877206
-0.227179
0.452314
0.352519
-2.929313
-1.884358
-0.152758
-1.080206
-0.931706
1.138278
-0.264134
-0.935623
0.069141
0.360864
-0.650031
0.355244
1.785415
-0.140667
0.151396
0.918763
-2.289670
-2.192940
-0.152247
-0.718321
-1.169954
1.122781
0.326974
-0.811815
0.076124
0.717640
-0.251532
0.229733
1.869202
0.335319
-0.020947
1.178128
-1.812152
-2.469506
-0.269072
-0.308241
-1.143217
0.863756
0.564371
-0.760215
-0.061137
0.598771
-0.159570
-0.265496
1.784393
0.676598
-0.475475
0.924723
-1.427446
-2.973250
-0.708273
-0.196014
-1.300403
0.376872
0.900882
-0.629595
-0.047173
0.752211
0.142200
-0.354052
1.687322
1.120397
-0.559262
0.987053
-0.634193
-2.951963
-1.071521
-0.065565
-1.161609
-0.088555
1.040016
-0.724452
-0.455720
0.559092
0.307219
-0.584636
1.388618
1.662799
-0.317267
0.837871
-0.047003
-3.070661
-1.488924
-0.164509
-1.169273
-0.492675
1.133510
-0.523840
-0.731604
0.436647
0.601155
-0.495740
1.080547
1.831055
-0.035252
0.694479
0.673192
-2.494710
-1.515150
0.198569
-0.694309
-0.708955
1.338550
-0.117677
-0.786441
0.253064
0.609159
-0.511748
0.491823
1.905135
-0.062500
0.057220
0.734329
-2.548013
-2.407346
-0.247104
-0.776734
-1.116991
1.098088
0.195163
-0.871761
-0.036274
0.573908
-0.555004
0.148501
2.003908
0.284399
-0.085660
1.130274
-1.774345
-2.438681
-0.321695
-0.283718
-1.117332
0.829186
0.801086
-0.645093
0.129938
0.781161
0.022479
-0.027759
1.946688
0.581912
-0.420128
1.065901
-1.428298
-2.849443
-0.699248
-0.405993
-1.387256
0.435114
0.743525
-0.694479
-0.048365
0.681196
0.107118
-0.443629
1.774515
1.220363
-0.353370
1.181875
-0.675406
-2.832583
-0.770603
-0.015157
-1.122781
0.256470
1.165015
-0.600134
-0.243528
0.677790
0.320162
-0.432559
1.400539
1.469510
-0.350475
0.956910
-0.167915
-2.847910
-1.210485
0.027929
-1.131977
-0.342131
1.010895
-0.683069
-0.704016
0.249147
0.393561
-0.644922
0.897135
1.548358
-0.471388
0.405822
0.231266
-2.825430
-1.733473
0.167915
-0.850643
-0.554834
1.509701
-0.021798
-0.564030
0.359842
0.674214
-0.316756
0.727858
2.000162
-0.092813
0.239951
0.668253
-2.604382
-2.320835
-0.103712
-0.662122
-1.002891
1.180683
0.304154
-0.727006
0.155142
0.676428
-0.306027
0.353711
1.908030
0.166723
-0.046492
0.946862
-2.140488
-2.620220
-0.429835
-0.476667
-1.231773
0.947714
0.507661
-0.816243
0.166723
0.826631
-0.168255
0.044448
2.094678
0.766686
-0.148841
1.349790
-1.297678
-2.619709
-0.409399
-0.106267
-1.140492
0.763791
0.946522
-0.831911
-0.117166
0.587702
-0.089066
-0.490631
1.594509
0.876529
-0.559943
0.927619
-0.962189
-3.060954
-0.777415
-0.113589
-1.302787
0.133174
0.927448
-0.841107
-0.366143
0.560284
0.249658
-0.466108
1.408713
1.164334
-0.490802
0.867673
-0.443799
-3.045286
-1.104389
0.100647
-1.098599
-0.185796
1.291718
-0.464746
-0.463724
0.518901
0.451633
-0.489099
1.153265
1.492500
-0.482968
0.574929
-0.025885
-3.109659
-1.778603
-0.047003
-1.057046
-0.615290
1.281500
-0.380959
-0.651905
0.332764
0.565052
-0.432900
0.934431
2.015318
-0.092472
0.376872
0.659568
-2.615452
-2.038479
-0.113760
-0.783546
-0.754765
1.308237
0.082425
-0.664166
0.341279
0.641687
-0.407525
0.489439
2.037287
0.038488
0.044959
0.970023
-2.118349
-2.358300
-0.366994
-0.669275
-1.335314
0.841788
0.204359
-0.908375
-0.010388
0.615801
-0.374828
-0.034230
1.915353
0.403438
-0.266177
1.055513
-1.673358
-2.485854
-0.220026
-0.222410
-1.137938
0.874996
0.725985
-0.821011
-0.149523
0.576803
-0.039169
-0.245060
1.699754
0.898327
-0.333956
1.094341
-1.199245
-2.924544
-0.675746
-0.166212
-1.348427
0.213555
0.916379
-0.817946
-0.371933
0.582423
0.129938
-0.526905
1.372780
1.058068
-0.601837
0.784908
-0.841618
-3.157173
-1.090254
0.018733
-1.232794
-0.076975
1.344170
-0.424215
-0.261409
0.603540
0.411783
-0.395775
1.442262
1.949923
-0.033379
1.012598
-0.005960
-2.983127
-1.386404
0.103201
-0.980071
-0.428813
1.317944
-0.527416
-0.741311
0.310455
0.356436
-0.651223
0.875848
1.667908
-0.437328
0.417062
0.522818
-2.732107
-1.843827
0.011069
-0.788484
-0.723771
1.188176
-0.161784
-0.645093
0.351497
0.731945
-0.294788
0.685794
2.137933
0.123978
0.195844
0.852176
-2.292906
-2.101319
-0.083787
-0.551939
-1.028946
1.096725
0.188862
-0.899690
-0.010218
0.546660
-0.388111
-0.025034
1.834290
0.119720
-0.307560
0.777245
-2.133165
-2.670629
-0.372444
-0.508342
-1.223598
0.882489
0.469174
-0.764813
-0.030994
0.785078
-0.001022
-0.005109
2.040352
0.882489
-0.155994
1.318284
-1.233816
-2.669096
-0.393731
-0.105585
-1.169784
0.507321
0.884192
-0.758682
-0.132663
0.662974
0.097411
-0.273841
1.591955
0.953163
-0.524521
0.875507
-1.045125
-3.220013
-1.111882
-0.234842
-1.410586
-0.126702
0.907012
-0.848089
-0.472409
0.374998
0.182901
-0.397818
1.425403
1.401220
-0.413827
0.870228
-0.224965
-2.894061
-1.224109
0.139134
-0.908034
-0.185796
1.220022
-0.472069
-0.598431
0.379086
0.296320
-0.597239
0.979219
1.592806
-0.483309
0.537634
0.095708
-2.912453
-1.802785
-0.185626
-1.003402
-0.607456
1.296486
-0.180347
-0.602688
0.294106
0.520093
-0.612395
0.633001
1.812322
-0.183582
0.187499
0.553642
-2.521617
-2.004249
-0.060456
-0.595706
-0.693628
1.427446
0.345196
-0.646966
0.273160
0.822033
-0.271116
0.485352
1.967975
0.307049
0.042745
0.977346
-2.204009
-2.613749
-0.370060
-0.548874
-1.314538
0.779288
0.454358
-0.785589
0.043426
0.694820
-0.167915
-0.050919
1.919610
0.598601
-0.142540
1.303639
-1.497439
-2.621923
-0.333105
-0.223943
-1.287120
0.567266
0.831570
-0.716448
-0.012602
0.736713
0.049557
-0.238929
1.703330
0.878743
-0.443799
1.141855
-0.989097
-2.971547
-0.789165
-0.224965
-1.238414
0.123978
0.879083
-0.974791
-0.420809
0.457934
0.009196
-0.501871
1.531839
1.253230
-0.544276
0.949587
-0.401395
-2.910410
-1.055173
0.162636
-0.887939
0.065054
1.476833
-0.456912
-0.208616
0.783205
0.581230
-0.388793
1.270260
1.760040
-0.399181
0.761747
0.208105
-2.914327
-1.622779
-0.010218
-1.095533
-0.654118
1.148667
-0.475645
-0.867673
0.204699
0.419787
-0.582252
0.715767
1.799890
-0.354562
0.207935
0.426769
-2.789838
-2.027580
-0.006301
-0.769241
-0.852857
1.300233
-0.002384
-0.765664
0.313861
0.644071
-0.323398
0.579527
2.168417
0.262771
0.131641
0.978879
-2.252204
-2.314363
-0.162636
-0.501190
-1.199416
0.946692
0.400543
-0.821182
-0.057902
0.505277
-0.412975
-0.032187
1.890830
0.417573
-0.176089
1.063347
-1.811811
-2.694471
-0.533206
-0.387771
-1.338039
0.748805
0.751019
-0.739098
-0.031676
0.662633
-0.088726
-0.255278
1.814536
0.908204
-0.264645
1.221384
-1.032863
-2.777747
-0.707592
-0.128576
-1.105922
0.350646
1.024859
-0.738416
-0.134877
0.746931
0.222070
-0.400884
1.450777
1.147815
-0.555345
0.891856
-0.658035
-2.954858
-1.060452
-0.114441
-1.252379
0.020606
1.058919
-0.713723
-0.482798
0.439542
0.541721
-0.403098
1.375675
1.626866
-0.283548
0.848089
-0.024182
-2.888441
-1.327310
0.117847
-0.964744
-0.363418
1.376186
-0.483479
-0.719854
0.395945
0.530481
-0.415870
1.015663
1.947028
-0.096219
0.605583
0.506810
-2.681358
-1.755272
0.051601
-0.709976
-0.894410
1.187495
-0.201123
-0.873634
0.202315
0.443629
-0.616653
0.442777
1.734495
-0.116655
0.170469
0.848430
-2.323048
-2.149514
-0.068630
-0.528438
-0.811304
1.254763
0.371592
-0.556026
0.302451
0.730753
-0.237397
0.132663
1.967634
0.295639
-0.004768
1.154116
-1.926252
-2.688680
-0.387600
-0.315564
-1.226153
0.891515
0.544957
-0.767708
0.097922
0.727688
-0.032527
0.031676
1.939365
0.773668
-0.396286
1.149688
-1.288142
-2.779961
-0.596217
-0.194652
-1.218489
0.501531
0.827653
-0.761236
-0.094857
0.858307
0.144073
-0.449249
1.607622
0.994887
-0.442266
1.098088
-0.742333
-2.964565
-0.847237
-0.095197
-1.242672
0.130108
1.008340
-0.822885
-0.491823
0.506299
0.236886
-0.563349
1.337017
1.371418
-0.420128
0.935793
-0.307049
-2.997943
-1.186814
0.095027
-1.017196
-0.186818
1.382657
-0.375169
-0.513962
0.510556
0.508172
-0.471047
1.117672
1.669782
-0.423534
0.653608
0.272989
-2.968141
-1.706226
0.057561
-0.878743
-0.687156
1.254763
-0.147138
-0.548533
0.332083
0.503234
-0.621421
0.665188
1.812833
-0.248637
0.135899
0.532866
-2.697877
-2.140147
-0.197377
-0.898838
-1.024689
1.154287
0.084809
-0.856944
0.208105
0.616653
-0.383684
0.272138
1.967464
0.150204
-0.230244
0.918933
-2.153260
-2.469165
-0.218664
-0.476667
-1.150199
0.919104
0.351838
-0.867503
0.088726
0.687497
-0.227009
-0.047684
1.779795
0.517368
-0.346558
0.984158
-1.723766
-2.785240
-0.560965
-0.324760
-1.326970
0.549044
0.677279
-0.914676
-0.132493
0.684261
-0.029121
-0.306879
1.732622
0.915698
-0.344345
1.175233
-1.008511
-2.952474
-0.745228
-0.044959
-1.161439
0.287635
1.161269
-0.642538
-0.300578
0.686475
0.224624
-0.474623
1.426254
1.143728
-0.598090
0.923531
-0.519753
-3.032003
-1.222917
0.065565
-1.101324
-0.162976
1.148496
-0.612225
-0.502893
0.486204
0.470025
-0.532525
1.320158
1.656498
-0.405141
0.623805
0.055347
-3.017357
-1.651900
0.014305
-0.915187
-0.382321
1.427276
-0.178814
-0.530481
0.457423
0.551428
-0.532355
1.030479
2.009187
-0.202145
0.399692
0.600474
-2.721378
-2.117838
-0.104393
-0.832592
-0.926937
1.112734
-0.132833
-0.820160
0.221900
0.476156
-0.600645
0.467300
2.012764
0.122445
0.219175
1.013279
-2.092634
-2.224105
-0.118187
-0.562327
-1.088211
1.041208
0.248126
-0.737054
0.181539
0.709806
-0.324760
0.068971
1.931531
0.406333
-0.181539
1.158374
-1.847403
-2.613749
-0.308411
-0.295298
-1.185111
0.775201
0.713553
-0.858477
-0.089237
0.655992
-0.151225
-0.186477
1.691580
0.755276
-0.335659
1.128742
-1.283203
-2.814702
-0.627041
-0.225135
-1.337699
0.330550

