1.000336
1.811130
0.535590
-2.575942
-1.635551
0.223092
-0.894410
0.604732
1.748289
-0.422001
-1.010043
-0.680174
-1.663310
-2.585309
0.038828
0.210830
0.720365
1.709972
0.873634
-2.265828
-2.191578
0.365121
-0.550066
0.273670
2.011401
0.190224
-0.841618
-0.575781
-1.369715
-2.723592
-0.246252
0.381981
0.622954
1.896790
1.296997
-1.750163
-2.632993
0.066928
-0.548363
-0.209808
1.828160
0.351157
-0.926597
-0.675406
-1.167570
-2.799034
-0.741822
0.616482
0.505618
1.829181
1.523495
-1.202651
-2.860512
-0.135217
-0.260217
-0.486544
1.580204
0.609330
-0.936815
-0.734500
-0.836509
-2.673524
-1.274007
0.472239
0.193800
1.599448
1.690558
-0.487907
-2.988577
-0.639473
-0.123978
-0.804663
1.309769
0.972578
-0.979049
-0.919785
-0.668253
-2.431359
-1.842805
0.451803
0.170640
1.349619
1.727854
-0.065906
-3.015825
-1.027073
0.329018
-0.795467
1.132318
1.436642
-0.799554
-0.992673
-0.726155
-2.112389
-2.230236
0.328336
0.142370
1.060111
1.791375
0.434944
-2.681017
-1.557895
0.274352
-0.864267
0.643049
1.728194
-0.319140
-0.977346
-0.530141
-1.671485
-2.564532
0.034060
0.112227
0.861543
1.792567
0.777926
-2.399683
-2.087695
0.283548
-0.691925
0.242335
1.923357
0.003747
-0.873634
-0.541891
-1.350982
-2.656153
0.039680
0.324249
0.637599
1.837185
1.177107
-1.885891
-2.531665
0.101328
-0.558751
-0.106948
1.769577
0.194822
-1.059941
-0.642027
-1.225642
-2.874477
-0.643900
0.502212
0.364270
1.768385
1.560790
-1.204354
-2.770594
-0.024353
-0.315223
-0.437498
1.626866
0.529119
-1.125336
-0.713042
-0.921488
-2.737897
-1.253230
0.535761
0.301940
1.586505
1.719339
-0.608989
-2.845526
-0.442096
0.119039
-0.482798
1.759189
1.177277
-0.758682
-0.736713
-0.705378
-2.417905
-1.700946
0.425747
0.080551
1.422167
1.665865
-0.309944
-3.001179
-0.963041
0.163828
-0.693287
1.333782
1.499823
-0.568117
-0.783375
-0.475304
-2.038309
-2.076285
0.567436
0.183582
1.229729
1.805340
0.352178
-2.798353
-1.484496
0.326974
-0.865970
0.839915
1.768725
-0.312328
-0.822885
-0.713212
-1.936129
-2.611024
0.146798
0.203848
1.031842
1.959801
0.915187
-2.496413
-2.137423
0.277417
-0.793593
0.326804
1.703501
-0.148160
-0.920296
-0.573056
-1.552105
-2.723251
-0.106096
0.237397
0.645774
1.884018
1.208952
-1.801252
-2.272640
0.439542
-0.505447
0.043426
1.845530
0.132322
-0.920125
-0.490802
-1.170295
-2.823898
-0.597068
0.354222
0.386238
1.595531
1.350301
-1.429660
-2.751691
0.045981
-0.212022
-0.281334
1.888956
0.779288
-0.898157
-0.516517
-0.915698
-2.727509
-1.144750
0.471898
0.136069
1.574755
1.594509
-0.918763
-2.872433
-0.297683
0.025375
-0.566925
1.544101
1.003231
-0.812156
-0.824077
-0.700440
-2.420630
-1.439197
0.578506
-0.060967
1.193966
1.462017
-0.531673
-2.958945
-0.820501
0.158037
-0.766686
1.178299
1.444306
-0.757830
-0.916890
-0.658206
-2.160583
-1.943452
0.431027
0.124999
1.254422
1.862901
0.262942
-2.879415
-1.457930
0.259536
-0.792231
0.896284
1.651389
-0.382832
-0.864267
-0.673532
-1.998118
-2.477850
0.388963
0.321524
1.133169
1.956224
0.918933
-2.490623
-1.948391
0.376361
-0.644752
0.418425
1.812662
-0.301259
-1.116650
-0.701121
-1.751184
-2.781153
-0.079530
0.175578
0.722068
1.767533
1.087700
-1.989092
-2.365112
0.259025
-0.630106
0.046662
1.981940
0.255959
-1.026562
-0.561646
-1.181875
-2.793755
-0.501531
0.391517
0.437839
1.753569
1.385042
-1.478706
-2.699580
-0.021798
-0.464576
-0.495400
1.853875
0.595876
-0.962870
-0.732797
-1.009192
-2.694471
-0.959805
0.494037
0.204699
1.518215
1.541036
-1.046147
-3.117664
-0.384195
-0.099625
-0.720876
1.380273
0.848940
-0.983817
-0.845534
-0.695671
-2.437660
-1.339402
0.668934
0.242846
1.720190
1.883166
-0.231436
-2.877031
-0.688519
0.150544
-0.649861
1.082931
1.253911
-0.736032
-0.929151
-0.733648
-2.298696
-2.077137
0.520945
0.014646
1.225642
1.818623
0.106267
-2.862385
-1.409394
0.319481
-0.774009
0.920466
1.586165
-0.501701
-0.860691
-0.626530
-1.965591
-2.394233
0.352349
0.205210
0.977346
1.834972
0.615461
-2.558742
-1.838378
0.373295
-0.711169
0.457423
1.747438
-0.163317
-0.906331
-0.504085
-1.565729
-2.703156
-0.153780
-0.011921
0.417062
1.567772
0.745569
-2.318110
-2.415180
0.087023
-0.727517
0.151566
1.907519
0.123296
-1.071862
-0.644582
-1.240969
-2.524853
-0.225987
0.618356
0.550917
1.794440
1.305853
-1.528944
-2.649171
0.166212
-0.363418
-0.383684
1.944304
0.541210
-1.042059
-0.579357
-0.943286
-2.749988
-0.914846
0.497784
0.293425
1.734495
1.667397
-0.849792
-2.819811
-0.172172
-0.006471
-0.614950
1.604046
0.858818
-0.896794
-0.777415
-0.736713
-2.590929
-1.464060
0.587191
0.130960
1.555852
1.854045
-0.267029
-2.876009
-0.719854
0.188521
-0.537123
1.476492
1.441411
-0.769751
-0.821863
-0.680685
-2.356086
-1.986538
0.436136
0.000511
1.109498
1.657009
0.108140
-2.948216
-1.430511
0.199420
-0.829015
1.000507
1.606601
-0.578676
-0.870058
-0.376701
-1.871416
-2.257483
0.420298
0.224454
0.964914
1.759189
0.615120
-2.569641
-1.707077
0.260728
-0.791890
0.538656
1.846041
-0.317267
-0.927959
-0.454698
-1.652411
-2.672672
0.078848
0.336851
0.886747
1.867158
1.022816
-2.133676
-2.293076
0.166382
-0.711339
-0.030484
1.818112
0.152588
-1.048361
-0.694650
-1.412971
-2.847740
-0.470195
0.409058
0.627722
1.920291
1.413652
-1.336677
-2.331734
0.279631
-0.304495
-0.183753
1.945155
0.605924
-0.888961
-0.648328
-0.935112
-2.691916
-0.926256
0.345196
0.174216
1.659393
1.420975
-1.070499
-2.957412
-0.288827
-0.164509
-0.645093
1.582418
0.952653
-0.853028
-0.699588
-0.865800
-2.643040
-1.549210
0.434944
0.096730
1.435961
1.669441
-0.506980
-2.945662
-0.729561
0.222581
-0.698396
1.457248
1.326288
-0.714064
-0.790358
-0.474964
-2.204009
-1.783541
0.669956
0.284229
1.233305
1.764808
0.059094
-2.923523
-1.340934
0.151736
-0.961849
0.876359
1.401731
-0.628744
-1.000677
-0.664847
-2.080883
-2.491474
0.299556
0.211682
1.117332
1.944133
0.784227
-2.584117
-1.742670
0.248807
-0.906331
0.384365
1.830884
-0.155483
-0.973088
-0.617334
-1.677615
-2.695492
-0.002895
0.189202
0.770603
1.879760
0.927959
-2.095529
-2.219507
0.293766
-0.586339
0.050749
1.804147
-0.056710
-1.034737
-0.693968
-1.334293
-2.742665
-0.418425
0.391517
0.418765
1.814706
1.404626
-1.650197
-2.602679
0.231777
-0.287124
-0.163317
1.821348
0.502382
-0.973770
-0.682729
-1.001017
-2.805846
-0.899860
0.615461
0.309604
1.657350
1.464401
-1.119375
-2.971888
-0.299215
-0.057050
-0.536272
1.592977
0.990118
-0.932898
-0.752551
-0.874485
-2.644403
-1.458951
0.658035
0.121423
1.571178
1.709291
-0.516176
-3.115961
-0.920466
-0.058413
-0.781843
1.342467
1.219170
-0.873634
-0.845534
-0.646455
-2.373627
-1.959460
0.647136
0.223432
1.313005
1.978193
0.391517
-2.696514
-1.114437
0.180517
-0.813348
1.057386
1.524006
-0.578335
-0.855582
-0.490802
-1.972403
-2.433232
0.256641
0.077997
0.978197
1.853023
0.689030
-2.475636
-1.584802
0.410591
-0.768730
0.642538
1.860006
-0.380278
-1.028095
-0.629425
-1.592806
-2.532176
0.141348
0.280312
0.737054
1.879760
0.985350
-2.127886
-2.038138
0.406504
-0.477859
0.264815
1.967975
0.216109
-0.904117
-0.526054
-1.238925
-2.616985
-0.449078
0.442777
0.530141
1.713378
1.219341
-1.748800
-2.708435
0.045640
-0.486885
-0.237737
1.741648
0.460148
-0.950268
-0.601837
-0.986201
-2.595867
-0.762599
0.571523
0.500849
1.796484
1.646791
-1.071521
-3.004415
-0.147820
-0.152928
-0.449930
1.690899
0.816413
-0.833784
-0.657013
-0.807217
-2.661262
-1.353366
0.682047
0.273500
1.614434
1.759359
-0.353030
-2.939190
-0.542062
0.058583
-0.765835
1.415185
1.135894
-0.767878
-0.810964
-0.639473
-2.254929
-1.911947
0.473942
0.162125
1.397984
1.796995
0.107459
-2.899170
-1.163142
0.322376
-0.630447
1.133680
1.683746
-0.595365
-0.943797
-0.670127
-2.083778
-2.240283
0.267710
0.073910
1.074587
1.717465
0.412975
-2.783537
-1.751184
0.339065
-0.910248
0.666380
1.821859
-0.254767
-1.097747
-0.595025
-1.689025
-2.527748
0.009196
0.099795
0.738416
1.819985
0.829526
-2.278430
-2.262252
0.236375
-0.754765
0.069141
1.816239
-0.001703
-1.061644
-0.574929
-1.419101
-2.793414
-0.284740
0.299897
0.452484
1.767022
1.259361
-1.749992
-2.596719
0.062329
-0.422852
-0.108821
1.831736
0.335148
-1.063177
-0.626871
-1.196180
-2.843652
-0.802279
0.434944
0.379086
1.705204
1.462357
-1.199927
-2.742665
-0.115974
-0.114100
-0.435455
1.714400
0.616142
-1.014982
-0.654800
-0.831059
-2.550398
-1.260553
0.519582
0.123978
1.542228
1.562834
-0.667231
-2.940212
-0.504426
0.151396
-0.654970
1.580715
1.229388
-0.788655
-0.741652
-0.593833
-2.428974
-1.800912
0.424726
0.038828
1.280308
1.754420
-0.210490
-3.176757
-1.116991
0.097241
-0.871420
1.191241
1.516512
-0.594003
-0.933238
-0.485182
-1.936470
-1.966442
0.558581
0.225135
1.202311
1.837015
0.407525
-2.766166
-1.562493
0.319140
-0.876018
0.577995
1.570497
-0.525543
-1.030649
-0.675746
-1.854215
-2.552101
0.221559
0.216450
0.897816
1.907008
0.908375
-2.329690
-2.050400
0.311988
-0.775542
0.224113
1.816579
-0.207935
-0.991310
-0.658887
-1.599448
-2.739770
-0.041212
0.442948
0.675406
1.868350
1.189709
-1.826627
-2.365623
0.349964
-0.363929
0.105926
2.045631
0.278439
-1.000336
-0.645093
-1.082080
-2.796991
-0.522648
0.412294
0.389474
1.681362
1.394408
-1.415185
-2.803802
-0.083106
-0.386238
-0.481776
1.617159
0.471728
-1.105922
-0.724282
-0.864778
-2.654450
-1.152584
0.533206
0.290189
1.627888
1.609666
-0.839574
-3.055504
-0.412294
-0.108821
-0.632320
1.641001
0.973429
-0.871761
-0.777755
-0.674043
-2.355405
-1.388959
0.750848
0.355073
1.603706
1.825946
-0.220878
-3.015995
-0.841958
0.212703
-0.831570
1.320669
1.235008
-0.801938
-0.844513
-0.711169
-2.201455
-2.018384
0.429835
0.057391
1.215594
1.884529
0.401395
-2.770083
-1.293932
0.287805
-0.838723
0.796318
1.642534
-0.521966
-0.861032
-0.557729
-1.982280
-2.343144
0.391006
0.156164
1.071351
1.912628
0.778777
-2.474615
-1.801934
0.355925
-0.720024
0.499487
1.765660
-0.221729
-1.022305
-0.583274
-1.752547
-2.736534
-0.061137
0.211511
0.712531
1.763446
0.998293
-2.074923
-2.262763
0.239100

