0.521626
-1.454353
-0.499487
3.282172
1.961674
-0.165531
0.368357
-0.602007
-2.412966
0.888790
1.937492
-1.723596
-0.198909
0.564371
-2.723081
-2.146959
0.634875
-1.017877
-1.071010
2.973761
2.413648
0.053133
0.442437
-0.279120
-2.424887
0.302451
2.349785
-1.389129
-0.872101
0.684943
-2.425058
-2.782175
0.299215
-0.566755
-1.496758
2.444131
2.763442
0.117506
0.140497
0.041723
-2.427782
-0.619548
2.465248
-0.874315
-1.385212
0.863075
-1.729897
-2.839395
0.205210
0.053133
-1.747778
1.790353
3.129755
0.541210
0.130960
0.490120
-2.051932
-1.287971
2.441406
-0.212193
-1.674380
0.757320
-1.234157
-3.214734
-0.384365
0.377553
-1.749992
1.268046
3.318105
0.682899
-0.233821
0.443799
-1.712356
-1.841784
2.123628
0.449760
-1.872437
0.575611
-0.709806
-3.234489
-0.874826
0.669786
-1.609325
0.520945
3.490618
1.357964
-0.000851
0.640835
-1.100472
-2.094167
1.742159
1.228707
-1.988411
0.285762
-0.140156
-3.224441
-1.582248
0.611884
-1.451799
-0.185626
3.445319
1.856600
-0.170810
0.434773
-0.824247
-2.507312
1.159055
1.779284
-1.735176
-0.062500
0.323227
-2.965416
-2.155304
0.601666
-1.143558
-0.939540
3.027916
2.266679
-0.041723
0.464065
-0.309093
-2.427101
0.369889
2.305167
-1.425913
-0.604732
0.748975
-2.227511
-2.513613
0.504426
-0.641346
-1.414674
2.581562
2.573047
-0.034230
0.184774
0.071355
-2.434424
-0.414167
2.380439
-0.942605
-1.234838
0.809261
-1.920632
-2.834286
0.169277
-0.034400
-1.486540
2.283709
3.250667
0.525032
0.156164
0.423874
-2.079351
-1.053299
2.446686
-0.204359
-1.459803
0.896794
-1.423189
-3.115279
-0.201804
0.193971
-1.691410
1.501015
3.522124
0.787463
0.052282
0.601837
-1.546996
-1.601151
2.285583
0.402246
-1.816239
0.699077
-0.889642
-3.360680
-0.955548
0.490120
-1.858643
0.525032
3.460475
1.219511
-0.086512
0.665358
-1.093319
-2.037116
1.909392
1.146964
-1.747097
0.544446
-0.139305
-3.077473
-1.359837
0.732456
-1.596212
-0.136920
3.374134
1.571519
-0.153950
0.443288
-0.810112
-2.327476
1.262086
1.727683
-2.016681
-0.218153
0.106267
-3.050055
-2.012083
0.768730
-1.055513
-0.638110
3.189870
2.013104
-0.061478
0.387430
-0.426258
-2.597400
0.580549
2.224616
-1.441751
-0.541040
0.685964
-2.502203
-2.487728
0.500509
-0.644752
-1.174041
2.955539
2.835478
0.330039
0.293936
0.008004
-2.514975
-0.378575
2.401897
-0.974962
-1.063177
0.807898
-2.107109
-2.996411
0.095708
-0.532355
-1.774856
2.114773
3.069469
0.428472
0.226327
0.370911
-2.099957
-0.797340
2.485514
-0.270094
-1.436472
0.884022
-1.495736
-3.145933
-0.335148
0.108651
-1.871075
1.285246
3.309250
0.738757
0.120401
0.603540
-1.773834
-1.556192
2.338375
0.189202
-1.885210
0.660419
-0.814370
-3.250156
-0.929151
0.300407
-1.974446
0.442777
3.410918
1.067434
-0.177452
0.565733
-1.355069
-1.878738
1.994882
1.024348
-1.876184
0.517368
-0.214577
-3.210647
-1.286439
0.750167
-1.382828
0.053474
3.432717
1.512425
-0.246082
0.471898
-0.958272
-2.445153
1.442092
1.685790
-1.943963
-0.109502
0.157356
-2.903257
-1.844508
0.785078
-1.119886
-0.482798
3.264632
2.104044
-0.003406
0.585829
-0.406674
-2.526556
0.526735
1.988752
-1.682213
-0.680004
0.522137
-2.592632
-2.458947
0.532355
-0.888620
-1.252719
2.817767
2.605404
0.114782
0.257322
0.025204
-2.306700
-0.062159
2.376522
-1.075949
-0.956569
0.824758
-2.138615
-2.810785
0.252213
-0.354903
-1.600470
2.251863
3.052780
0.325612
0.082595
0.216620
-2.042396
-0.760555
2.592972
-0.442266
-1.383850
1.019750
-1.393216
-2.918754
-0.095197
0.106948
-1.709461
1.473938
3.212861
0.642368
0.078678
0.411783
-1.987049
-1.649346
2.195324
0.042915
-1.827649
0.769581
-0.853028
-3.155300
-0.619888
0.635386
-1.648154
0.863416
3.477335
1.098939
-0.141518
0.624997
-1.633508
-2.064705
2.034392
0.865800
-2.015488
0.417062
-0.468152
-3.200940
-1.304490
0.708955
-1.460143
0.115463
3.521272
1.498461
-0.134366
0.550066
-0.946181
-2.357449
1.412800
1.646451
-1.895087
0.005620
0.057220
-3.143890
-1.864604
0.656843
-1.304320
-0.595876
3.272636
2.104385
-0.053814
0.495059
-0.536442
-2.502544
0.832932
2.203499
-1.400879
-0.273160
0.665358
-2.736534
-2.510207
0.377212
-0.991140
-1.323734
2.861023
2.614089
0.022820
0.332424
0.045129
-2.334118
-0.003406
2.261230
-1.182556
-0.852006
1.095363
-1.967975
-2.623115
0.291552
-0.466960
-1.817431
2.221550
2.920798
0.268561
0.218323
0.202315
-2.107791
-0.698226
2.395255
-0.472580
-1.281840
0.927108
-1.501015
-2.946002
-0.014305
0.260898
-1.583440
1.745054
3.431014
0.706400
0.146798
0.451292
-1.891170
-1.438856
2.406325
-0.004087
-1.775537
0.691925
-1.136065
-3.305844
-0.708614
0.385216
-1.723255
0.878913
3.443956
0.890153
-0.173535
0.641176
-1.404967
-1.828160
2.042225
0.798873
-2.046483
0.438690
-0.477178
-3.309761
-1.298870
0.572715
-1.655136
0.217642
3.503391
1.413992
-0.137772
0.622443
-0.886747
-2.237899
1.532691
1.623631
-1.646791
0.210830
0.263112
-2.984319
-1.797165
0.547000
-1.470191
-0.630787
3.229550
1.998799
-0.271797
0.340768
-0.680685
-2.619880
0.627722
1.922505
-1.632827
-0.487907
0.449249
-2.659900
-2.276216
0.665188
-0.858307
-1.126528
2.887590
2.528259
-0.071866
0.303473
-0.152247
-2.459458
0.133685
2.349615
-1.221895
-0.877380
0.855071
-2.214227
-2.660411
0.379767
-0.334297
-1.594339
2.439192
3.161260
0.365973
0.163998
0.231947
-2.259868
-0.795807
2.404451
-0.829697
-1.521962
0.764472
-1.766341
-3.218991
-0.190735
-0.067949
-1.941919
1.509530
3.165688
0.520434
-0.020436
0.447716
-1.804488
-1.225301
2.618347
0.222921
-1.733303
0.793934
-1.116480
-3.235681
-0.555345
0.429324
-1.719339
0.950609
3.482103
0.930343
-0.066076
0.496422
-1.419783
-2.005952
1.985856
0.729561
-1.861879
0.487736
-0.454017
-3.271954
-1.193285
0.415359
-1.807043
0.077656
3.364256
1.405307
-0.245912
0.404630
-1.055513
-2.405814
1.450777
1.480068
-1.737561
0.211171
0.119209
-2.957753
-1.616819
0.857455
-1.138789
-0.285251
3.428119
2.152239
-0.102350
0.459807
-0.639813
-2.433062
0.873804
1.950434
-1.698562
-0.404971
0.522648
-2.712522
-2.289500
0.571864
-0.940391
-1.209293
2.952133
2.473252
-0.006812
0.390666
-0.141008
-2.511229
-0.111886
2.286434
-1.311132
-0.963552
0.815732
-2.256121
-2.684253
0.372444
-0.301429
-1.395770
2.377033
3.025702
0.442266
0.362737
0.344515
-2.188683
-0.564201
2.572026
-0.666891
-1.360008
0.799894
-1.755272
-3.019571
-0.102179
0.030994
-1.905305
1.591614
3.170797
0.503234
0.116144
0.406163
-1.973084
-1.230070
2.422162
0.086171
-1.690388
0.860521
-1.005786
-3.090756
-0.522477
0.515495
-1.733133
0.982114
3.417219
0.907183
-0.133004
0.609159
-1.468148
-1.919780
2.015148
0.799724
-1.841613
0.603710
-0.426599
-3.053631
-1.084464
0.661612
-1.473597
0.444651
3.623452
1.607622
-0.199250
0.528778
-0.986372
-2.382142
1.454694
1.423870
-1.880612
0.123807
-0.034571
-3.194128
-1.819474
0.610522
-1.307385
-0.500849
3.384692
2.174718
-0.058413
0.601155
-0.454358
-2.364261
0.782013
1.939705
-1.801423
-0.409399
0.498976
-2.687829
-2.223764
0.556026
-0.866822
-1.151391
2.889463
2.609151
0.007493
0.469174
-0.020947
-2.410071
0.250680
2.532005
-1.146623
-0.797680
0.941242
-2.331393
-2.658537
0.384024
-0.410250
-1.528944
2.373457
2.892869
0.225306
0.153610
0.212533
-2.383845
-0.711679
2.532516
-0.639132
-1.335485
1.013790
-1.637084
-2.984830
0.071015
0.021287
-1.715933
1.700776
3.052439
0.553642
-0.008515
0.470706
-1.987389
-1.459462
2.406836
-0.014986
-1.768896
0.651223
-1.156330
-3.153597
-0.553131
0.371592
-1.795122
1.124314
3.443616
1.002039
-0.152247
0.463043
-1.566580
-2.026728
2.040182
0.670297
-1.886572
0.630447
-0.629255
-3.334454
-1.102005
0.604221
-1.685790
0.350816
3.486020
1.389129
-0.074591
0.703675
-1.004934
-2.136912
1.478365
1.233305
-2.003057
0.132663
0.021969
-3.231083
-1.661267
0.669275
-1.527412
-0.574418
3.183058
1.794781
-0.179495
0.396286
-0.537974
-2.341952
1.054662
1.812152
-1.730067
-0.312499
0.480413
-2.863407
-2.307722
0.574589
-0.971726
-1.059430
2.992664
2.359492
-0.075953
0.324760
-0.249658
-2.500330
0.271116
2.279622
-1.296316
-0.775201
0.711169
-2.339738
-2.645595
0.307390
-0.591959
-1.475641
2.534560
2.769913
0.080892
0.196184
0.160592
-2.360855
-0.616312
2.376011
-0.814199
-1.334122
0.851154
-1.900026
-3.005096
0.100136
-0.134706
-1.729727
1.950264
3.353187
0.612736
0.264474
0.462873
-2.009869
-1.310110
2.354554
-0.137261
-1.604898
0.953334
-1.271452
-3.202813
-0.407015
0.333275
-1.879249
1.204014
3.453663
0.843491
0.098092
0.569820
-1.504762
-1.577650
2.307551
0.533036
-1.786607
0.635726
-0.737565
-3.378562
-0.979049
0.522477
-1.688174
0.373636
3.284216
1.204525
-0.214577
0.501190
-1.111712
-2.019916
1.919270
1.231091
-1.719849
0.620059
0.126532
-3.015654
-1.346895
0.800065
-1.408373
-0.139986
3.421307
1.769406
-0.056539
0.506299
-0.936134
-2.522979
1.062155
1.660926
-1.897812
-0.157527
0.262942
-2.928291
-2.090931
0.614098
-1.065731
-0.779288
3.192936
2.205883
-0.031676
0.450441
-0.430856
-2.496924
0.440904
2.186809
-1.573563
-0.739949
0.644241
-2.384186
-2.326625
0.554493
-0.674384
-1.383509
2.721037
2.652747
0.140837
0.481435
0.145606
-2.222231
-0.183582
2.420289
-1.061303
-1.015663
0.773668
-1.951286
-2.818108
0.227349
-0.194141
-1.582929
2.178976
3.097909
0.300748
0.133685
0.332594
-2.244711
-1.013449
2.499138
-0.371081
-1.353536
0.954356
-1.507146
-3.033025
-0.129257
0.171661
-1.713208
1.475641
3.259182
0.656332
-0.065395
0.477859
-1.722404
-1.573392
2.336672
0.188691
-1.803126
0.796659
-0.862394
-3.144741
-0.615461
0.492675
-1.777581
0.741993
3.299713
1.009703
-0.142200
0.446865
-1.303979
-2.175059
1.842124
1.003402
-1.995564
0.523329
-0.289849
-3.203835
-1.275199
0.685624
-1.449244
0.274011
3.560271
1.654455
-0.129938
0.509024
-1.014130
-2.358471
1.311813
1.594850
-1.874140
-0.051941
0.123467
-2.947705
-1.876865
0.641516
-1.203844
-0.547511
3.292731
2.120563
-0.046662
0.532355
-0.428302
-2.512762
0.703675
2.029283
-1.574414
-0.532866
0.550577
-2.630949
-2.332585
0.616653
-0.830548
-1.163653
2.912964
2.663646
0.072547

