0.549555
-0.334467
1.091957
-1.489435
-2.888782
-0.614950
-0.178133
-1.164334
0.557218
0.759193
-0.942094
-0.303813
0.604221
-0.091791
-0.396286
1.682043
1.104048
-0.465257
0.812156
-0.884192
-2.976656
-0.902244
-0.083787
-1.121419
0.294958
1.343829
-0.661271
-0.410761
0.584466
0.147309
-0.730923
1.114096
1.285757
-0.537123
0.846386
-0.298194
-3.069639
-1.302787
-0.191586
-1.245907
-0.294106
1.203673
-0.614609
-0.629255
0.382662
0.459978
-0.474112
1.183408
1.667908
-0.339917
0.573226
0.212874
-2.859150
-1.711505
0.023161
-0.852857
-0.612395
1.297508
-0.204018
-0.652075
0.378404
0.538996
-0.513962
0.745228
1.776048
-0.286613
0.244209
0.713553
-2.564873
-1.899004
0.016178
-0.768389
-1.091616
0.981774
-0.057391
-0.856944
0.269754
0.567947
-0.460829
0.360693
1.987389
0.007323
-0.150885
0.914506
-2.131462
-2.405814
-0.130619
-0.303984
-1.011065
1.052618
0.419106
-0.899008
-0.007493
0.563349
-0.274011
-0.003406
1.942771
0.562498
-0.392709
1.076119
-1.663140
-2.815553
-0.486033
-0.177111
-1.068626
0.725303
0.729901
-0.808409
-0.028781
0.769751
-0.052793
-0.337873
1.756464
0.832081
-0.509875
1.053129
-1.085826
-2.885716
-0.722579
-0.118869
-1.236030
0.341960
1.087700
-0.666891
-0.313180
0.668424
0.210830
-0.535250
1.526390
1.370566
-0.438690
0.953674
-0.510727
-3.098590
-1.208271
-0.078167
-1.276902
-0.134877
1.170806
-0.652586
-0.562838
0.329529
0.331232
-0.511238
1.216786
1.554319
-0.475645
0.714064
0.172683
-2.840928
-1.418420
0.061989
-1.041889
-0.593662
1.127890
-0.360353
-0.644752
0.234842
0.433241
-0.661782
0.709636
1.747778
-0.277928
0.439201
0.584977
-2.650704
-1.905135
-0.034060
-0.785078
-0.786611
1.292229
0.073399
-0.588042
0.273160
0.596217
-0.464746
0.441585
2.012764
0.089577
0.131471
0.894921
-2.287626
-2.175229
-0.154631
-0.578335
-0.970364
1.058068
0.330039
-0.792401
0.163317
0.971215
-0.138794
0.193289
2.002716
0.431878
-0.284740
0.895943
-2.028942
-2.698898
-0.436136
-0.457934
-1.318625
0.686986
0.442266
-0.963211
-0.247955
0.530141
-0.193800
-0.273670
1.734665
0.750508
-0.297512
1.119375
-1.317433
-2.887590
-0.631809
-0.263963
-1.290015
0.449589
0.873804
-0.905139
-0.424385
0.554153
0.067268
-0.403949
1.566921
1.154627
-0.411102
1.039505
-0.733648
-3.102677
-1.140663
-0.063862
-1.237733
-0.095878
1.100813
-0.792061
-0.502723
0.426940
0.099284
-0.510045
1.263618
1.361370
-0.543935
0.789676
-0.136920
-3.016676
-1.426595
0.011580
-1.107114
-0.471728
1.465763
-0.151736
-0.334978
0.588553
0.663315
-0.392369
1.017366
1.776389
-0.291722
0.493867
0.378064
-2.869027
-1.835482
-0.178303
-0.996590
-0.814199
1.299381
-0.252553
-0.728198
0.244209
0.658546
-0.531673
0.587702
2.011742
-0.087534
0.251702
0.722579
-2.523490
-2.164330
-0.158037
-0.644241
-0.972578
1.165697
0.144243
-0.793764
0.220537
0.751019
-0.229733
0.255108
2.056531
0.395775
0.027418
1.083953
-1.973765
-2.469846
-0.274011
-0.538315
-1.269749
0.821352
0.505788
-0.937155
0.001703
0.627892
-0.169618
-0.152588
1.834120
0.608649
-0.324249
1.134362
-1.551083
-2.859661
-0.502552
-0.193119
-1.261064
0.689030
0.859499
-0.740630
-0.177452
0.640324
0.060286
-0.154802
1.874140
1.019069
-0.378404
1.123292
-0.874315
-3.006288
-0.830889
-0.094346
-1.169613
0.188180
1.110520
-0.583785
-0.173535
0.616823
0.256981
-0.451122
1.439878
1.229388
-0.687156
0.753232
-0.411272
-3.067255
-1.421315
-0.131641
-1.158544
-0.355925
1.226153
-0.618867
-0.608989
0.426429
0.281504
-0.533036
1.241139
1.769747
-0.388793
0.576292
0.155653
-2.960648
-1.747608
-0.084809
-0.946351
-0.677449
1.300233
-0.303473
-0.786441
0.403268
0.582423
-0.520093
0.793764
1.951797
-0.161784
0.225135
0.665188
-2.552611
-1.951967
0.001022
-0.769751
-0.915187
1.111712
0.005109
-0.921488
0.039850
0.448397
-0.528949
0.193630
1.929317
0.057902
0.005109
0.994887
-2.208267
-2.420119
-0.114271
-0.388963
-1.029457
1.159566
0.694309
-0.712361
0.156675
0.701291
-0.227349
-0.022650
1.920973
0.499657
-0.293085
1.078844
-1.721042
-2.936636
-0.520093
-0.246763
-1.294443
0.488417
0.636067
-0.950098
-0.276906
0.578165
-0.080892
-0.411953
1.441751
0.554664
-0.693968
0.850814
-1.222917
-3.004415
-0.811475
-0.280142
-1.114096
0.509875
1.027073
-0.852517
-0.304154
0.548363
0.393391
-0.065735
1.800401
1.533713
-0.389303
1.114947
-0.340768
-2.928291
-1.171487
0.009537
-1.142366
-0.061989
1.251016
-0.607627
-0.537464
0.375509
0.237397
-0.680855
1.116140
1.587187
-0.465938
0.668424
0.131982
-2.900703
-1.455035
-0.005450
-1.028436
-0.511748
1.352855
-0.335489
-0.606264
0.450611
0.663485
-0.489099
0.799043
2.013445
-0.106267
0.431027
0.712701
-2.559934
-1.903943
0.001362
-0.713382
-0.873293
1.316071
0.076975
-0.688348
0.178814
0.586510
-0.596728
0.262942
1.876354
0.036103
-0.061989
0.965595
-2.465418
-2.538817
-0.315564
-0.671148
-1.216616
0.831229
0.309433
-0.806877
-0.004087
0.641516
-0.244890
0.128576
1.954011
0.355925
-0.254767
1.103027
-1.662970
-2.717120
-0.481435
-0.253916
-1.245226
0.612055
0.688178
-0.868184
-0.061648
0.729220
-0.070333
-0.209297
1.807553
0.868865
-0.461510
1.044784
-1.219000
-3.000328
-0.918933
-0.411613
-1.472064
0.055007
0.792742
-0.934090
-0.699248
0.262942
-0.095027
-0.594003
1.682213
1.318455
-0.415359
1.033204
-0.387941
-2.921138
-0.978538
0.184093
-1.007318
-0.012432
1.276561
-0.615631
-0.561646
0.531333
0.355244
-0.636407
1.050064
1.593828
-0.450441
0.700269
-0.033719
-3.020253
-1.569986
-0.162636
-1.133680
-0.605413
1.338720
-0.267199
-0.730583
0.272478
0.398670
-0.704527
0.633853
1.767533
-0.253916
0.396626
0.624486
-2.675908
-1.971381
-0.014475
-0.802108
-0.874826
1.356602
0.245231
-0.541891
0.477007
0.807387
-0.295809
0.588724
2.105577
0.295298
0.144754
0.923361
-2.453157
-2.573729
-0.438520
-0.659227
-1.415695
0.779118
0.279461
-0.859669
-0.004939
0.469003
-0.289168
0.010559
1.889467
0.351327
-0.106096
1.325437
-1.608815
-2.748626
-0.482627
-0.348772
-1.267535
0.663485
0.731434
-0.725985
0.085490
0.785589
0.024012
-0.095878
1.920973
0.987734
-0.374487
1.090595
-1.173190
-2.876861
-0.736032
-0.079359
-1.162120
0.333105
0.941242
-0.974110
-0.492845
0.368868
0.049046
-0.525032
1.543590
1.251357
-0.585488
0.864267
-0.655992
-3.128563
-1.200608
-0.039169
-1.115118
0.004257
1.423700
-0.461851
-0.355414
0.474112
0.310114
-0.505107
1.256466
1.688344
-0.288146
0.720535
0.252553
-2.884524
-1.603365
-0.056369
-1.195329
-0.716618
1.248973
-0.298023
-0.738246
0.245231
0.416040
-0.667231
0.721897
1.741988
-0.218153
0.355584
0.541210
-2.944299
-2.152239
-0.204529
-0.769581
-1.030139
1.153094
0.011240
-0.800235
0.206232
0.646966
-0.372955
0.442607
2.053806
0.121934
0.218664
1.202311
-1.958949
-2.276727
-0.013794
-0.413316
-1.104559
0.850473
0.373977
-0.853709
0.161103
0.632831
-0.366824
-0.097922
1.830884
0.358650
-0.401565
1.052448
-1.730067
-2.848761
-0.538826
-0.353881
-1.240798
0.684091
0.675065
-0.928981
-0.187840
0.551598
-0.182731
-0.436136
1.760210
0.917741
-0.501701
1.004253
-1.058408
-2.932889
-0.747783
0.024012
-1.072543
0.418084
1.209804
-0.661271
-0.246082
0.683921
0.341279
-0.444140
1.498120
1.240798
-0.648158
0.793423
-0.652926
-3.301927
-1.334463
-0.235013
-1.421486
-0.441585
1.121249
-0.688859
-0.727688
0.342131
0.250169
-0.572034
1.138278
1.709461
-0.186818
0.826802
0.316416
-2.897978
-1.659734
0.047513
-0.932387
-0.602348
1.362051
-0.213214
-0.605583
0.357287
0.504596
-0.597579
0.728539
1.879590
-0.245741
0.319651
0.656162
-2.572536
-2.200944
-0.103712
-0.770773
-0.981774
1.056194
-0.035933
-0.859669
-0.012772
0.429494
-0.636578
0.072207
1.854386
0.056028
-0.166212
0.904117
-2.208778
-2.550057
-0.308582
-0.603029
-1.120227
1.003402
0.571523
-0.637770
0.164679
0.671829
-0.361204
-0.087874
1.772131
0.494889
-0.397137
0.994887
-1.783712
-2.998114
-0.711169
-0.465087
-1.308748
0.556367
0.576292
-1.063006
-0.296831
0.624657
-0.030143
-0.410250
1.633678
0.889982
-0.533887
1.001869
-1.086337
-3.153256
-0.876529
-0.273160
-1.264640
0.221900
1.195839
-0.717810
-0.331402
0.572886
0.301259
-0.420638
1.506805
1.470021
-0.363418
1.019410
-0.275033
-3.000668
-1.313175
-0.094005
-1.272985
-0.447886
1.068796
-0.700780
-0.723771
0.155142
0.264134
-0.670127
0.901903
1.561982
-0.457934
0.455379
0.177452
-3.090586
-1.792227
-0.078508
-0.909056
-0.637089
1.340934
-0.218494
-0.689200
0.455890
0.569991
-0.350646
0.758171
1.930509
-0.050238
0.406333
0.867333
-2.419267
-2.108983
-0.024353
-0.707592
-0.947033
1.220703
0.184434
-0.794785
0.158889
0.557559
-0.492334
0.173364
1.784563
0.137942
-0.183242
0.943456
-2.179486
-2.785580
-0.556196
-0.603540
-1.306364
0.925745
0.575270
-0.730923
0.106096
0.752211
0.013113
0.113930
2.124991
0.916379
-0.162636
1.226834
-1.429490
-2.852338
-0.715085
-0.219856
-1.327821
0.477859
0.746931
-1.044444
-0.386749
0.521455
-0.093664
-0.510727
1.547166
0.908545
-0.548874
1.090424
-0.984158
-3.081220
-1.135894
-0.244209
-1.465763
-0.182561
0.996590
-0.810793
-0.508172
0.433581
0.122275
-0.525883
1.293761
1.484326
-0.364099
1.063517
-0.037977
-2.857276
-1.263789
0.262771
-0.861202
-0.239781
1.451799
-0.331232
-0.649350
0.256981
0.389814
-0.608989
1.006297
1.792908
-0.455890
0.370741
0.217642
-3.023658
-1.983983
-0.241995
-1.001188
-0.841788
1.181534
-0.238759
-0.695160
0.245741
0.422512
-0.611373
0.401395
1.886061
-0.099966
0.145776
0.812837
-2.400705
-2.160583
-0.176941
-0.713723
-1.126017
1.081739
0.247274
-0.705549
0.267880
0.724622
-0.294106
0.335489
2.003397
0.321354
-0.220197
0.914335
-2.175399
-2.657686
-0.367846
-0.565393
-1.242161
0.762769
0.300748
-1.142366
-0.212703
0.480073
-0.297853
-0.344174
1.723766
0.555686
-0.455039
1.044273
-1.413822
-2.803802
-0.429835
-0.159570
-1.200267
0.545127
0.910929
-0.800746
-0.189032
0.695331
0.133685
-0.378915
1.603876
1.036440
-0.572886
1.015493
-0.960657
-3.155470
-1.005956
-0.069993
-1.206739
0.116995
1.090084
-0.827483
-0.675235
0.152588
0.012943
-0.652245
1.233476
1.328843
-0.513622
0.782694
-0.296150
-3.189359
-1.537630

