-0.985691
1.413822
1.814365
0.710658
1.164334
0.913995
-1.534564
-2.781493
-0.470877
-0.799043
-0.048195
1.458270
-0.193800
-1.106603
-0.275884
-1.153776
-1.360348
0.757149
1.619884
0.766686
1.087189
1.089062
-1.157011
-3.061635
-0.867162
-0.395264
-0.277417
1.553127
0.378745
-0.838893
-0.227009
-0.975813
-1.575266
0.377723
1.917737
0.911951
0.969001
1.204525
-0.725814
-3.157854
-1.479728
-0.653437
-0.942605
1.161950
0.401565
-0.915016
-0.236716
-0.469855
-1.685619
-0.104053
1.667397
0.832592
0.678812
1.180342
-0.206402
-2.876009
-1.931701
-0.585147
-0.995568
0.978368
0.824588
-0.829697
-0.316586
-0.190394
-1.423870
-0.395094
1.718487
1.351322
0.795637
1.689536
0.587361
-2.428293
-2.089569
-0.354052
-0.954015
0.799724
1.242331
-0.697885
-0.487396
-0.112057
-1.200438
-0.750678
1.405478
1.334803
0.547682
1.176766
0.601666
-2.060447
-2.461672
-0.244209
-0.882489
0.403609
1.241990
-0.660760
-0.751700
-0.119380
-1.186984
-0.828334
1.380784
1.774345
0.727517
1.196521
0.872953
-1.667227
-2.701112
-0.481946
-0.754765
0.212703
1.641342
0.024523
-0.799724
-0.172853
-1.192093
-1.430001
0.797851
1.651900
0.553301
1.020091
0.986031
-1.409565
-3.250667
-0.997271
-0.813348
-0.359501
1.338209
0.068460
-0.908034
-0.243017
-0.941072
-1.391683
0.554323
1.848085
0.789676
0.909737
1.226153
-0.695160
-3.103869
-1.155138
-0.497443
-0.597749
1.433577
0.419957
-0.744207
0.043086
-0.398159
-1.392535
0.207765
1.956224
1.087359
0.966106
1.471554
-0.147138
-2.923863
-1.742499
-0.544616
-0.850133
1.141514
0.576973
-0.979389
-0.456572
-0.541721
-1.635041
-0.313691
1.798357
1.124484
0.646455
1.296656
0.121593
-2.722229
-2.028772
-0.249829
-0.748975
1.023156
1.058578
-0.746761
-0.545638
-0.268732
-1.373291
-0.577143
1.686641
1.332249
0.599793
1.347916
0.441926
-2.386570
-2.378225
-0.394753
-0.927789
0.555686
1.259361
-0.362567
-0.560795
-0.068120
-1.309259
-0.918593
1.299892
1.400879
0.418936
1.115118
0.728028
-2.036776
-2.762590
-0.457764
-0.945159
0.230925
1.362562
-0.326293
-0.777585
-0.058413
-1.055513
-1.047679
1.431022
1.958779
0.781502
1.160928
1.079525
-1.490457
-3.042051
-0.694990
-0.761236
-0.222751
1.344000
-0.047684
-0.905480
-0.197377
-0.976324
-1.419783
0.776734
1.886742
0.788655
0.958272
1.160928
-0.986883
-3.069128
-1.144069
-0.660760
-0.577143
1.379081
0.287294
-1.003572
-0.044959
-0.688178
-1.514809
0.302792
1.906838
0.926256
0.894410
1.389299
-0.411442
-2.971377
-1.481942
-0.325782
-0.551088
1.441922
0.706400
-0.769581
-0.148501
-0.566244
-1.549210
-0.185285
1.613242
0.947033
0.615631
1.211507
-0.232118
-2.920968
-1.974106
-0.332083
-1.042400
0.959975
0.882830
-0.754765
-0.332253
-0.230585
-1.270941
-0.338725
1.807724
1.214061
0.699759
1.386234
0.366824
-2.371584
-2.182041
-0.266859
-0.874996
0.715767
1.168932
-0.568628
-0.381640
-0.157186
-1.228196
-0.606775
1.637595
1.502378
0.619718
1.267365
0.579357
-2.250671
-2.753564
-0.481946
-0.784738
0.312499
1.420464
-0.432219
-0.663144
-0.188180
-1.257999
-1.011917
1.273666
1.794781
0.631128
1.159736
0.953504
-1.626355
-2.974953
-0.540359
-0.769070
0.116825
1.498120
-0.114441
-0.790358
0.033719
-0.902244
-1.398666
0.840936
1.803977
0.664847
0.940050
1.115799
-1.264640
-3.112725
-1.011235
-0.759023
-0.345196
1.605749
0.180858
-0.844342
-0.036103
-0.771625
-1.552786
0.327315
1.820837
0.824247
0.994205
1.274007
-0.599963
-2.935103
-1.264811
-0.384876
-0.640324
1.402582
0.564711
-0.925234
-0.048365
-0.325441
-1.304150
0.099966
1.855407
0.985520
0.742333
1.253911
-0.247615
-2.880607
-1.753228
-0.295980
-0.846727
1.047168
0.893899
-0.877210
-0.335489
-0.229052
-1.347406
-0.188010
1.849788
1.338039
0.854220
1.448393
0.292574
-2.564192
-2.144235
-0.335319
-0.828164
0.870058
1.112904
-0.798191
-0.532355
-0.328847
-1.500164
-0.813007
1.610858
1.474960
0.633172
1.267365
0.634193
-2.247776
-2.622604
-0.392539
-0.758682
0.471728
1.345021
-0.506129
-0.722068
-0.266007
-1.374313
-1.183578
1.149007
1.531499
0.570161
1.063687
0.874485
-1.630953
-2.793925
-0.690903
-0.941924
0.077145
1.467637
-0.163487
-0.648158
0.014986
-1.206739
-1.496077
0.800235
1.602513
0.603199
1.107454
1.097066
-1.267706
-2.791200
-0.579357
-0.719002
-0.462873
1.372610
-0.050238
-0.773328
0.167745
-0.622954
-1.269238
0.647647
2.012083
0.798873
0.929662
1.166378
-0.786270
-3.038985
-1.115288
-0.411102
-0.568799
1.358475
0.410250
-0.974791
-0.323057
-0.590086
-1.408202
0.167745
1.993179
1.129423
0.906161
1.454353
-0.301600
-2.969163
-1.672506
-0.298023
-0.817265
1.181364
0.793593
-0.825099
-0.484330
-0.575951
-1.511914
-0.317267
1.709291
1.186814
0.717299
1.302787
0.134877
-2.732788
-2.267701
-0.318459
-0.796148
0.962189
1.064539
-0.668083
-0.557899
-0.360523
-1.429490
-0.590256
1.636914
1.582078
0.683580
1.406329
0.723771
-2.183744
-2.441406
-0.390836
-0.850303
0.652075
1.386063
-0.409058
-0.543594
-0.058413
-1.240458
-1.118353
1.207079
1.469510
0.595536
1.068967
0.735351
-1.897471
-2.895764
-0.759023
-1.001699
0.017200
1.456738
-0.244038
-0.844683
-0.097752
-1.065050
-1.149518
1.087870
1.846211
0.703505
1.103878
0.887087
-1.611028
-3.178290
-0.960997
-0.773157
-0.208957
1.257999
-0.142370
-1.050574
-0.164679
-0.633342
-1.256125
0.770433
2.044099
0.958443
1.059430
1.378911
-0.635045
-2.979551
-1.137597
-0.495059
-0.528608
1.305171
0.393731
-0.939029
-0.298534
-0.819138
-1.521792
0.158548
1.985856
1.039846
0.927448
1.430001
-0.273841
-2.935955
-1.572541
-0.154802
-0.510045
1.378741
0.967809
-0.708614
-0.151907
-0.360012
-1.410757
-0.188862
1.855067
1.235179
0.707592
1.229218
0.093324
-2.823557
-2.307211
-0.420979
-0.823225
0.909397
1.111031
-0.691073
-0.455039
-0.182731
-1.358645
-0.507321
1.677275
1.402072
0.462021
1.077822
0.288657
-2.364942
-2.780301
-0.584636
-0.920807
0.610692
1.349449
-0.588042
-0.478540
0.047854
-1.146282
-0.920466
1.544441
1.898834
0.861883
1.256636
0.803982
-1.780646
-2.822365
-0.528438
-0.888790
0.185796
1.525709
-0.258684
-0.909397
-0.118869
-1.117332
-1.333100
0.865800
1.598426
0.465257
0.926597
0.827653
-1.394919
-2.981765
-0.813178
-0.696182
-0.342812
1.494544
0.013965
-0.944819
-0.075272
-0.729220
-1.345532
0.729050
2.076285
0.909226
1.061644
1.303298
-0.768730
-3.054142
-1.147645
-0.368868
-0.404460
1.590763
0.436306
-0.994376
-0.231777
-0.700780
-1.635892
0.059605
1.748971
1.045806
0.849451
1.284395
-0.328336
-3.224611
-1.895939
-0.476667
-0.829356
1.157522
0.856434
-0.718662
-0.266007
-0.314713
-1.501356
-0.237908
1.816068
1.207079
0.597068
1.315049
0.216109
-2.467632
-2.160754
-0.350475
-0.977005
0.857115
1.084294
-0.711679
-0.424385
-0.209127
-1.338380
-0.799383
1.569646
1.386063
0.759363
1.195669
0.603199
-2.199071
-2.551760
-0.566074
-1.056705
0.414848
1.373121
-0.645774
-0.808069
-0.199080
-1.258850
-1.010724
1.296997
1.693794
0.749826
1.231432
0.882489
-1.641342
-2.717631
-0.386408
-0.725133
0.115292
1.467807
-0.216791
-0.899519
-0.220537
-1.011576
-1.228367
0.927789
1.650878
0.529289
1.006126
1.008170
-1.283884
-3.022296
-0.814540
-0.585318
-0.251021
1.500504
0.196695
-0.783546
-0.169447
-0.793082
-1.366990
0.473601
1.901048
0.738927
0.882489
1.282181
-0.774690
-3.178971
-1.387766
-0.395434
-0.478881
1.392365
0.601155
-0.834124
-0.116314
-0.502552
-1.409224
0.264985
2.035924
1.100813
0.806366
1.283543
-0.239440
-3.014973
-1.905646
-0.449419
-0.929492
1.051767
0.733989
-0.943797
-0.495059
-0.463213
-1.583270
-0.453506
1.789331
1.157352
0.786952
1.297508
0.274011
-2.531154
-2.168076
-0.369378
-0.899008
0.923361
1.126698
-0.690733
-0.528097
-0.326804
-1.395089
-0.803982
1.450096
1.443114
0.645433
1.245056
0.623805
-2.245392
-2.577645
-0.409569
-0.836168
0.666721
1.487051
-0.400714
-0.638962
-0.023672
-1.182045
-0.980582
1.211677
1.648324
0.621932
1.078503
0.857455
-1.657179
-2.763101
-0.465427
-0.779799
0.067609
1.575436
0.021628
-0.592811
-0.008856
-0.942945
-1.216275
0.971385
1.847403
0.774009
1.031160
1.157693
-1.198564
-3.041540
-0.928981
-0.560965
-0.369038
1.427616
0.100136
-0.853879
-0.108480
-0.754425
-1.392875
0.500168
1.906497
0.852687
0.922850
1.058068
-0.668594
-3.082241
-1.460825
-0.500509
-0.577484
1.408713
0.478200
-0.763791
-0.141348
-0.475815
-1.395260
0.178303
2.004589
1.215254
0.770773
1.376697
-0.034571
-2.839736
-1.893214
-0.379426
-0.837701
1.052448
0.994546
-0.783716
-0.226157
-0.313180
-1.570838
-0.452144
1.812492
1.307726
0.804663
1.390832
0.391688
-2.568960
-2.275194
-0.338384
-0.895773
0.821863
1.248292
-0.585147
-0.561135
-0.154461
-1.445157
-0.825269
1.391513
1.464401
0.609159
1.150710
0.581060
-2.138104
-2.653088
-0.323057
-0.844342
0.416381
1.355580
-0.452484
-0.628063
0.009026
-0.979219
-0.831570
1.299552
1.703671
0.562838
1.010554
0.723260
-1.677104
-3.029108
-0.669786
-0.864097
-0.253916
1.319647
-0.221900
-0.973770
-0.247615
-1.013279
-1.261064
0.982966
2.110686
0.774690
1.154968
1.100813
-1.136235
-3.196512
-1.158714
-0.595365
-0.380959
1.463890
0.245060
-1.028606
-0.183242
-0.908545
-1.529966
0.439371
1.990795
0.931706
0.974621
1.175063
-0.457934
-2.946854
-1.471213
-0.337533
-0.550066
1.253571
0.451463
-0.894410
-0.363248
-0.528608
-1.481431
-0.134536
1.850469
1.112734
0.810964
1.368012
-0.079870
-2.875328
-1.990965
-0.376190
-0.852006
1.198735
1.103027
-0.712361
-0.314542
-0.379596
-1.435110
-0.527075
1.563174
1.236711
0.681026
1.363414
0.354733
-2.554485
-2.404451
-0.444480
-0.949247
0.723089
1.244034
-0.619718
-0.457593
0.017030
-1.264129
-0.751189
1.412630
1.400198
0.556026
1.228877
0.770092
-1.929147
-2.579519
-0.311477
-0.907694
0.217472
1.351833
-0.450441
-0.722408
-0.227519
-1.224790
-1.133510
1.143047
1.625674
0.646455
1.108646
1.070329
-1.474278
-2.950941
-0.679152
-0.704016
-0.045640
1.453842
-0.026567
-0.786100
-0.103882
-0.928470
-1.257828
0.838552
1.991647
0.679323
0.964403
1.167059
-0.917401
-3.002201
-0.981263
-0.487736
-0.374828
1.351833
0.066076
-0.998463
-0.168937
-0.739949
-1.552105
0.406504
1.946517
0.902925
0.759874
1.175914

