-1.188517
-2.730574
-0.724792
0.491142
0.362567
1.716103
1.506976
-1.129593
-2.803802
-0.222240
-0.254767
-0.454698
1.788139
0.667402
-1.017877
-0.850814
-0.946011
-2.802951
-1.560109
0.500509
0.271286
1.682043
1.721382
-0.483990
-2.822876
-0.393220
-0.011921
-0.763621
1.534734
1.121419
-0.921488
-0.994035
-0.791039
-2.552441
-1.872267
0.402927
-0.064373
1.186473
1.539333
-0.231266
-2.944129
-1.086508
0.072207
-0.925234
1.041208
1.482793
-0.545638
-0.674895
-0.590086
-2.070495
-2.162627
0.414678
0.142540
1.100983
1.897471
0.483819
-2.752032
-1.608133
0.235694
-0.911270
0.698226
1.641171
-0.429835
-0.810112
-0.613928
-1.940046
-2.578156
0.207254
0.182561
1.068456
2.055679
0.841277
-2.393212
-2.153771
0.209808
-0.801427
0.358650
1.704523
-0.257833
-0.955888
-0.471217
-1.586335
-2.857958
-0.191246
0.255108
0.592470
1.870053
1.321009
-1.763957
-2.334969
0.273500
-0.478370
0.007834
1.811811
0.181709
-1.008000
-0.611714
-1.150199
-2.859150
-0.550236
0.456742
0.358309
1.727513
1.504932
-1.276221
-2.774341
-0.087874
-0.289849
-0.228371
1.999991
0.643730
-1.003742
-0.702313
-1.037291
-2.797501
-1.127550
0.561476
0.348772
1.692942
1.656158
-0.798191
-2.945662
-0.430516
-0.005620
-0.659057
1.671144
1.073395
-0.926597
-0.703165
-0.576121
-2.453497
-1.528093
0.588894
0.169788
1.438175
1.750163
-0.357287
-2.983979
-0.912632
0.015838
-0.930854
1.095193
1.295635
-0.731604
-0.850473
-0.710658
-2.357449
-2.101149
0.488758
0.190565
1.340594
1.915012
0.276395
-2.868516
-1.485348
0.267540
-0.861543
0.802108
1.655306
-0.587021
-0.979730
-0.615631
-1.950434
-2.445664
0.207765
0.106096
0.958613
1.857962
0.760215
-2.400875
-1.800231
0.464576
-0.656673
0.468322
1.755101
-0.309093
-1.006978
-0.450952
-1.524006
-2.631119
-0.046832
0.248807
0.799383
1.834631
1.034907
-1.882826
-2.234663
0.413316
-0.500679
0.134025
2.149343
0.188180
-1.014812
-0.630106
-1.259191
-2.831902
-0.537634
0.254086
0.475304
1.753909
1.154968
-1.684938
-2.762760
-0.093664
-0.447546
-0.404630
1.739945
0.391006
-1.067434
-0.787973
-1.032693
-2.610854
-0.845875
0.495059
0.295809
1.709121
1.424040
-1.161609
-2.969163
-0.315564
-0.296661
-0.729901
1.614775
0.843150
-0.984328
-0.807898
-0.859158
-2.540180
-1.326970
0.561646
0.138453
1.531499
1.736539
-0.482627
-3.103188
-0.820160
-0.133514
-0.899008
1.267876
1.055173
-0.789506
-0.889131
-0.862905
-2.514294
-1.942260
0.435625
0.034230
1.339572
1.864263
0.086171
-2.868176
-0.932728
0.540870
-0.572715
1.180853
1.669782
-0.490972
-0.884703
-0.560624
-2.091272
-2.363920
0.393050
0.005620
0.988245
1.696689
0.381299
-2.743857
-1.597064
0.242335
-0.761066
0.667572
1.858813
-0.235183
-0.837360
-0.424385
-1.709121
-2.560105
0.013113
0.088896
0.771284
1.806872
0.937496
-2.253566
-2.112048
0.265837
-0.759363
0.222070
1.916034
0.111886
-0.951801
-0.442607
-1.180002
-2.559253
-0.175749
0.413656
0.615290
1.802955
1.148326
-1.899515
-2.595527
0.172513
-0.565052
-0.112738
1.843827
0.263453
-1.157863
-0.743525
-1.179661
-2.776555
-0.655992
0.441415
0.359671
1.768044
1.555852
-1.252038
-2.735513
-0.114271
-0.148671
-0.466960
1.794951
0.752211
-0.793253
-0.594003
-0.932728
-2.624307
-1.181534
0.574929
0.209468
1.663651
1.684938
-0.583955
-2.913475
-0.514644
0.058413
-0.586510
1.547337
1.095022
-0.845705
-0.769241
-0.788314
-2.587693
-1.769236
0.541380
0.108651
1.245056
1.622779
-0.199590
-3.075770
-1.004764
0.113589
-0.839233
1.183067
1.276221
-0.683069
-0.783716
-0.533887
-2.232620
-2.218315
0.408547
0.102520
1.122611
1.791034
0.419106
-2.807890
-1.506805
0.242335
-0.939880
0.843150
1.709291
-0.488588
-0.919274
-0.502382
-1.819985
-2.506971
0.261068
0.330210
1.033545
1.924719
0.710828
-2.534900
-2.231087
0.199080
-0.880446
0.266688
1.772302
-0.180347
-1.140663
-0.706741
-1.614605
-2.791882
-0.150544
0.337192
0.762258
2.079521
1.350641
-1.780135
-2.277408
0.430346
-0.522477
0.034060
1.919270
0.219515
-1.041208
-0.602177
-1.242161
-2.846207
-0.666891
0.278269
0.175919
1.673869
1.428298
-1.374143
-2.900703
-0.114441
-0.323057
-0.443288
1.756123
0.637259
-1.040697
-1.006637
-1.283714
-2.960648
-1.318966
0.355073
0.198909
1.517194
1.389469
-0.756638
-2.754586
-0.415189
-0.162636
-0.604391
1.561471
1.218319
-0.550577
-0.582252
-0.607116
-2.460991
-1.407010
0.693117
0.289679
1.533031
1.801593
-0.288486
-2.980232
-0.935282
0.074591
-0.874656
1.170124
1.254252
-0.870909
-0.936134
-0.731094
-2.411434
-2.134527
0.435455
0.129938
1.358645
1.869542
0.299386
-2.772467
-1.322372
0.258514
-0.811304
0.930343
1.755272
-0.475986
-0.949587
-0.474112
-1.849447
-2.398491
0.385727
0.225135
1.051767
1.967975
0.805174
-2.435616
-1.779624
0.454358
-0.635726
0.418936
1.795462
-0.359671
-1.109328
-0.697715
-1.711335
-2.892188
-0.088045
0.032868
0.520604
1.803977
1.058578
-2.083438
-2.514465
0.199420
-0.591789
-0.041553
1.841954
0.200612
-0.845024
-0.511238
-1.312324
-2.835478
-0.514133
0.435284
0.370741
1.724618
1.443965
-1.449415
-2.791371
0.021117
-0.333445
-0.198909
1.902921
0.501020
-1.032352
-0.703846
-0.972748
-2.690213
-0.969512
0.538826
0.260217
1.405478
1.248802
-1.186984
-3.258671
-0.553131
-0.194311
-0.923191
1.341105
0.691754
-1.085145
-0.643900
-0.715596
-2.480745
-1.459803
0.692776
0.276736
1.664502
1.943282
-0.157527
-2.921138
-0.813859
0.114100
-0.849281
1.366309
1.357624
-0.847408
-1.012087
-0.663315
-2.384356
-2.061640
0.405141
0.019925
1.221384
1.723596
0.126192
-2.883502
-1.329524
0.326293
-0.967809
0.842639
1.597234
-0.540870
-0.991140
-0.539337
-1.910584
-2.428634
0.283718
0.135217
0.904117
1.886913
0.697374
-2.559253
-1.826797
0.522818
-0.645603
0.665528
2.009017
-0.047343
-0.794615
-0.370230
-1.316922
-2.571685
-0.043767
0.188351
0.590767
1.677104
1.046998
-2.388273
-2.748115
0.062840
-0.726325
-0.119039
1.724618
0.214917
-0.932728
-0.584466
-1.332590
-2.691916
-0.370911
0.541040
0.470025
1.771450
1.422848
-1.411438
-2.729722
0.003406
-0.260387
-0.244890
1.884018
0.580890
-0.909397
-0.537634
-0.781332
-2.616985
-0.991310
0.501020
0.302281
1.591614
1.564366
-0.833614
-2.944640
-0.422341
-0.165871
-0.631469
1.482282
0.904117
-1.024008
-0.916209
-0.942605
-2.666371
-1.635551
0.486033
0.162976
1.544612
1.729046
-0.339065
-2.991472
-0.828334
0.210490
-0.662463
1.343489
1.448223
-0.552109
-0.726155
-0.618356
-2.255780
-2.166373
0.506810
0.111035
1.271452
1.905475
0.136409
-2.865451
-1.456908
0.266859
-0.955718
0.704186
1.564877
-0.553983
-0.896284
-0.646966
-1.917396
-2.503225
0.134877
-0.174046
0.733818
1.724448
0.772136
-2.522639
-1.990114
0.302281
-0.754425
0.395945
1.860346
-0.045470
-0.845194
-0.423193
-1.506124
-2.494199
0.113760
0.513111
0.714575
2.031326
1.249824
-1.903602
-2.491985
0.241654
-0.572886
0.124659
1.842976
0.135388
-1.032863
-0.668253
-1.311132
-2.889633
-0.593322
0.336340
0.275884
1.672506
1.385042
-1.366138
-2.675227
-0.047684
-0.402076
-0.472069
1.653092
0.420638
-1.151902
-0.649180
-0.895262
-2.683061
-1.073565
0.586850
0.333275
1.646280
1.727002
-0.672170
-2.841949
-0.268732
0.024693
-0.543765
1.670633
1.124484
-0.962360
-0.824247
-0.892707
-2.699069
-1.669441
0.433411
0.002384
1.436131
1.620735
-0.490802
-3.250837
-1.081228
0.025885
-0.958954
1.211848
1.339912
-0.723430
-0.864267
-0.611033
-2.100979
-2.061129
0.544105
0.121593
1.190901
1.938173
0.447205
-2.737045
-1.411779
0.316926
-0.756468
0.860010
1.709461
-0.515154
-0.915868
-0.522307
-1.918588
-2.483981
0.208787
0.274352
0.829015
1.867839
0.775201
-2.512591
-2.260549
0.116144
-0.874145
0.154802
1.768214
-0.250850
-1.102686
-0.591448
-1.601662
-2.906152
-0.276225
0.261409
0.602518
1.860006
1.167059
-1.809597
-2.418756
0.264474
-0.421320
-0.060116
1.899515
0.167234
-1.000507
-0.616653
-1.090254
-2.819981
-0.738416
0.272308
0.159740
1.533202
1.280819
-1.342807
-2.825771
-0.265666
-0.450441
-0.512430
1.812152
0.739098
-1.059941
-0.769241
-0.935112
-2.767188
-1.244715
0.481776
0.143221
1.660415
1.554830
-0.706741
-2.959796
-0.434773
-0.044448
-0.724111
1.553638
1.287120
-0.753403
-0.695160
-0.563519
-2.334118
-1.618862
0.553472
0.153950
1.337699
1.727172
-0.209808
-3.141335
-1.193626
0.059945
-0.986031
0.886917
1.401561
-0.756809
-0.989948
-0.676087
-2.179486
-2.276387
0.339576
-0.026737
1.173871
1.859495
0.466960
-2.705710
-1.561131
0.306708
-0.875848
0.769751
1.723426
-0.193289
-0.844172
-0.532525
-1.691410
-2.355065
0.277758
0.315053
0.943456
1.926082
0.817605
-2.284561
-2.061640
0.396115
-0.605583
0.337703
1.859665
-0.120401
-1.072884
-0.811815
-1.627207
-2.930505
-0.321354
0.223092
0.490802
1.720871
1.148156
-1.849277
-2.496924
0.163487
-0.411783
-0.090599
1.938173
0.518731
-0.816413
-0.386749
-0.852687
-2.686466
-0.664677
0.443288
0.362907
1.634019
1.560620
-1.148837
-2.806187
-0.173875
-0.414678
-0.616312
1.623290
0.613587
-1.089573
-0.851495
-1.022305
-2.691916
-1.150199
0.464746
0.167063
1.448393
1.564537
-0.840425
-3.265483
-0.701632
-0.123126
-0.796318
1.410927
1.058919
-0.808409
-0.894581
-0.697034
-2.327647
-1.589571
0.708614
0.228882
1.404285
2.069133
0.204870
-2.851316
-0.911440
0.378234
-0.815902
1.031331
1.532180
-0.675235
-0.892026
-0.614779
-2.300399
-2.441917
0.330039
0.066076
1.029798
1.807724
0.466279
-2.809082
-1.846211
0.128065
-0.839744
0.668083
1.735006
-0.312669
-0.992502
-0.475304
-1.793419
-2.731085
0.013454
0.202996
0.774009
1.843146
0.978879
-2.184084
-2.130611
0.411613
-0.586339
0.250169
1.860516
-0.038488
-0.868355
-0.465938
-1.246078
-2.787794
-0.376190
0.179665
0.375509
1.652241
1.130785
-1.784904
-2.650533
-0.061137
-0.688008
-0.304835
1.750674
0.258173
-1.198564
-0.728369
-1.105411
-2.796309
-0.795637
0.535079
0.402587
1.816750
1.559939
-1.126698
-2.824749
-0.110183
-0.198909
-0.507491
1.805850
0.798021
-1.028776
-0.802789
-0.847408
-2.648660
-1.211507
0.487396
0.165360
1.488583
1.690047
-0.581912
-3.015484
-0.649009
-0.037806
-0.921658
1.193626
1.005445
-0.969512
-1.024519
-0.910759
-2.515657
-1.928636
0.448568
0.083276
1.331057

