-3.555332
2.933741
1.886913
2.627543
8.225441
6.212337
5.940539
8.750813
3.304482
-2.585479
-2.346720
-8.181334
-12.265103
-7.335799
-6.577117
-5.478859
1.455035
3.017357
1.091616
6.638595
7.394893
5.041872
8.473737
6.077800
-1.605409
-2.526556
-5.443437
-12.563637
-9.695462
-6.787607
-7.011380
-1.021624
3.534385
0.861372
4.307202
8.197512
5.006620
7.200922
8.053269
0.720024
-2.631630
-3.002031
-10.421617
-11.001996
-6.436961
-6.845168
-3.310272
3.313337
2.034221
2.497605
8.486339
6.646088
6.324564
9.027719
3.707068
-2.361706
-2.026388
-7.798842
-12.386526
-7.581541
-6.518534
-5.415167
1.299381
3.078324
1.173701
6.699221
7.635696
5.122593
8.297648
6.150007
-1.610688
-2.596549
-5.233288
-12.564489
-9.840216
-6.600448
-6.870202
-1.555341
3.138951
0.872101
4.145929
8.267335
5.365951
7.043055
8.209603
1.071010
-2.620390
-3.028086
-10.473388
-11.428595
-6.453821
-6.708758
-3.800392
2.736194
2.218485
2.326454
8.030449
6.628718
6.017685
9.111507
4.250152
-2.283709
-2.019235
-7.307529
-12.361152
-7.611173
-6.432193
-5.775690
0.681537
3.044776
0.994546
6.148985
7.461309
4.813160
8.035728
6.559406
-1.256466
-2.668244
-4.785231
-12.240580
-9.978328
-6.633316
-7.141488
-1.918759
3.437826
1.167910
3.850801
8.314167
5.370719
6.750822
8.248261
1.345532
-2.777066
-2.669266
-9.859289
-11.488370
-6.564515
-6.786585
-4.034042
2.858979
2.544607
2.142361
7.931505
6.687982
5.911078
9.212834
4.571847
-2.180849
-2.009358
-6.968294
-12.559380
-8.156470
-6.609644
-5.901371
0.699077
3.053461
0.655992
5.897113
7.688999
4.850796
7.861512
6.643704
-1.184429
-2.825941
-4.601479
-12.143339
-10.264090
-6.414992
-6.777389
-1.981088
3.169094
0.971556
3.416198
8.100442
5.458593
6.639617
8.383138
1.784052
-2.692257
-2.627713
-9.652376
-11.891978
-6.760699
-6.491797
-4.115956
2.586501
2.707754
2.180168
8.105210
7.056509
5.610670
8.915322
5.001511
-1.932042
-2.131973
-6.482431
-12.343952
-8.287600
-6.465571
-6.173509
0.082425
3.289836
1.106773
5.825758
8.093630
4.994529
7.733958
7.106406
-0.453166
-2.753905
-4.280465
-11.849744
-10.480370
-6.471532
-7.145745
-2.859320
3.115961
1.277413
2.973250
8.009502
5.451952
6.263767
8.504902
2.088887
-2.845185
-2.450602
-9.084259
-11.903388
-6.927592
-6.851298
-4.871062
2.090590
2.565384
1.480409
7.335458
7.008484
5.408696
8.844478
5.226987
-1.995564
-2.273832
-6.191901
-12.337651
-8.567912
-6.527390
-6.269046
0.115803
3.717457
1.027243
5.381107
8.181504
5.134004
7.698536
7.459266
-0.079019
-2.523490
-3.714221
-11.538437
-10.866438
-6.707907
-7.167033
-2.841609
3.169264
1.491649
2.921649
8.222886
5.846194
6.434236
8.811610
2.653258
-2.634355
-2.306019
-8.764437
-12.273788
-7.352488
-6.836823
-5.022458
1.695156
2.456222
1.190731
7.122074
7.368667
5.414486
8.583239
5.564690
-1.766171
-2.274343
-5.829164
-12.455668
-8.720841
-6.067072
-6.226471
-0.635896
3.295285
0.896794
4.727500
8.016825
5.134004
7.444450
7.659367
0.264134
-2.672843
-3.471204
-11.094638
-11.043378
-6.312302
-6.690196
-3.152915
3.108808
2.008847
2.906152
8.268867
5.885363
5.838530
8.697850
3.253903
-2.745220
-2.347572
-8.151361
-12.377841
-7.504565
-6.780624
-5.473750
1.317944
2.908366
1.218319
6.717784
7.326603
5.070823
8.381265
6.021772
-1.553297
-2.440555
-5.403757
-12.526342
-9.486846
-6.575584
-7.087333
-1.333782
3.468139
0.953163
4.197189
8.123262
5.137239
7.163627
8.088010
0.698566
-2.778428
-3.028427
-10.434730
-11.161566
-6.524835
-6.930487
-3.668410
2.922331
1.906497
2.298355
8.200577
6.447690
6.038121
8.939845
3.733465
-2.463886
-2.209970
-7.605382
-12.372732
-7.706540
-6.615945
-5.477667
1.348938
3.188848
0.979389
6.511722
7.716928
5.121742
8.267675
6.312472
-1.383509
-2.667223
-5.070652
-12.495347
-10.142837
-6.693602
-6.814003
-1.618862
3.144060
0.863756
3.954513
8.123772
5.018030
6.893703
8.231572
1.214572
-2.894061
-3.132990
-10.345834
-11.801379
-6.965399
-6.868328
-3.947530
2.583095
2.064024
2.032348
7.900681
6.621906
5.674703
8.936269
4.498788
-1.995223
-1.952818
-6.995542
-12.271745
-7.767507
-6.422315
-6.021261
0.292574
3.120388
1.111882
6.050893
7.836989
5.167042
8.122410
6.892000
-1.065561
-2.738919
-4.510539
-11.895895
-9.795598
-6.237200
-6.927763
-2.380610
3.250156
1.204354
3.483466
8.240938
5.429132
6.532158
8.277212
1.632316
-3.020423
-2.941915
-9.826081
-11.907816
-7.112026
-7.213695
-4.666022
2.367326
2.409220
1.459292
7.248776
6.560087
5.307708
8.665153
4.836661
-2.021108
-2.037116
-6.679126
-12.635333
-8.427586
-6.672314
-6.321328
0.346388
3.679310
1.160758
5.855731
8.292879
5.349432
8.229698
7.581881
-0.138112
-2.154282
-3.373623
-10.954823
-9.809392
-5.982774
-6.481409
-1.977342
3.564017
1.555511
3.452131
8.605037
6.019047
6.773983
8.777721
2.344847
-2.761228
-2.563340
-9.282146
-12.277024
-7.217101
-6.953308
-4.929815
1.869372
2.379928
1.233646
6.948709
6.587335
4.852329
8.086818
4.741294
-2.403600
-2.683571
-6.535734
-13.066019
-9.328638
-6.745883
-6.650005
-0.740460
3.114598
0.920807
5.040509
7.941382
4.947356
7.607767
7.618495
0.153780
-2.330882
-3.308398
-10.924850
-10.401351
-6.044762
-6.554127
-2.637420
3.588370
2.269064
3.454856
8.875302
6.638084
6.686108
9.152719
3.387247
-2.325433
-2.071006
-8.216756
-11.909178
-7.012912
-6.650857
-5.551406
1.272644
2.629587
1.055343
6.496225
6.854023
4.851818
8.183037
5.342109
-2.226830
-2.770594
-5.910226
-12.824365
-9.487867
-6.722552
-6.970508
-1.182045
3.362213
0.951290
4.658699
8.187805
5.140134
7.410560
8.078984
0.721727
-2.511569
-2.998284
-10.454655
-10.860137
-6.470680
-6.804126
-3.081049
3.389631
1.986027
2.683231
8.445638
6.504229
6.374802
9.076084
3.543241
-2.500841
-2.299888
-8.089202
-12.551205
-7.752350
-6.838526
-5.570139
1.302276
2.599103
0.631298
6.127868
6.887572
4.634176
7.996900
5.755935
-1.813684
-2.722059
-5.329677
-12.459074
-9.765795
-6.594658
-6.668057
-1.173360
3.138270
0.911951
4.431690
8.446489
5.336489
7.161924
8.167028
1.147134
-2.449751
-2.824068
-10.100773
-10.914121
-6.193093
-6.423507
-3.304141
3.080198
2.382823
2.655983
8.469820
6.805829
6.017174
8.888074
4.068443
-2.350126
-2.267020
-7.548503
-12.462480
-7.875987
-6.505592
-5.802427
0.624146
2.821514
0.961338
6.052256
7.317066
4.810606
8.084944
6.448541
-1.299041
-2.715588
-5.018881
-12.403386
-9.987695
-6.633656
-7.122244
-1.850809
3.496068
1.190049
3.884520
8.275509
5.316734
6.732941
8.383478
1.586505
-2.621242
-2.621583
-9.747573
-11.251484
-6.565366
-6.976468
-4.121917
2.744028
2.384015
2.002716
7.896934
6.717103
5.691222
8.738552
4.076447
-2.626862
-2.398150
-7.245711
-12.696130
-8.281640
-6.834269
-6.209612
0.547000
3.102507
0.728880
5.870547
7.782834
5.004406
8.114576
6.765127
-0.980241
-2.673524
-4.412106
-11.921440
-10.131257
-6.437983
-6.834439
-1.745054
3.586326
1.385893
3.848757
8.684908
5.961827
7.206031
8.856399
2.198730
-2.311638
-2.389295
-9.645564
-11.848722
-6.677594
-6.607430
-4.134859
2.496413
2.381972
1.764808
7.528067
6.662096
5.405460
8.538110
4.560777
-2.281836
-2.360174
-6.742477
-12.665987
-8.575065
-6.601640
-6.261723
-0.363929
2.917903
0.751529
5.448546
7.764782
4.838024
7.535730
6.920099
-0.564201
-2.718483
-4.035064
-11.454139
-10.178259
-6.135191
-6.752014
-2.475636
3.471034
1.892362
3.735168
8.710112
6.064006
6.707736
8.864743
2.538136
-2.577645
-2.319132
-8.832557
-11.665140
-6.704841
-6.508487
-4.673004
2.066578
2.758333
1.768555
7.380588
6.929977
5.378383
8.819955
5.296980
-2.055338
-2.425568
-6.290163
-12.691362
-8.899484
-6.818942
-6.714378
-0.370741
3.237724
0.662122
4.850626
7.759673
4.729714
7.430996
7.327965
-0.302281
-2.815042
-3.726993
-11.184897
-10.545594
-6.435769
-6.904772
-2.590758
3.503391
1.674720
3.030981
8.425713
6.035055
6.655114
8.946827
2.701964
-2.606085
-2.324751
-8.670773
-12.141636
-7.265806
-6.592274
-4.722731
2.190726
2.856084
1.480750
7.266998
7.029942
5.074910
8.348227
5.192075
-2.124310
-2.635377
-6.119183
-12.759992
-9.278400
-6.868499
-6.677253
-0.760385
3.092289
0.660760
4.913637
8.152894
5.092110
7.298844
7.537263
0.138453
-2.799545
-3.593990
-11.185748
-10.967425
-6.446838
-6.666865
-3.022807
3.173351
1.835482
2.992494
8.431673
6.333079
6.355218
8.988040
3.455026
-2.340760
-2.198900
-8.085796
-11.955500
-7.155963
-6.447179
-5.267177
1.415695
2.843142
1.356772
6.809235
7.278068
5.022798
8.258309
5.748953
-1.710653
-2.617325
-5.740098
-12.503862
-9.272950
-6.519897
-7.073198
-1.418420
3.303289
0.960486
4.340751
7.956539
4.924025
6.977831
7.613727
0.424555
-2.902576
-3.404106
-10.942561
-11.356047
-6.827797
-7.263933
-3.696339
2.936636
1.960141
2.386911
8.016825
6.127187
6.053107
9.042876
3.638608
-2.494710
-2.171142
-7.868494
-12.448345
-7.748263
-6.907497
-5.688156
1.243012
3.033366
0.967979
6.578309
7.601806
5.293233
8.360147
6.143876
-1.404796
-2.383675
-5.099263
-12.217079
-9.395565
-6.134340
-6.489413
-1.074927
3.509692
0.964063
4.287788
8.421966
5.529267
7.418564
8.335965
1.098428
-2.615282
-2.836159
-10.225432
-11.368990
-6.459441
-6.355899
-3.204346
3.125157
2.302953
2.628735
8.304971
6.591933
5.873782
8.745364
4.024676
-2.382823
-2.220358
-7.564340
-12.659516
-8.004052
-6.716251
-5.828823
0.556196
2.878564
0.899008
6.057535
7.472209
4.851818
7.907663
6.365435
-1.219170
-2.755438
-5.037444
-12.487003
-10.149479
-6.574563
-7.107428
-2.224956
3.023829
1.065220
3.812313
8.187805
5.152055
6.738561
8.358615
1.421656
-2.840417
-2.789327
-9.725605
-11.421953
-6.580353
-6.748268
-4.151889
2.505268
2.204691
2.003738
7.861001
6.642682
5.650691
8.887053
4.499980
-2.422162
-2.354554
-6.995201
-12.510504
-8.214201
-6.756612
-6.190198
0.550406
3.370047
0.924553
5.751337
7.682698
4.907165
7.833924
6.693942
-0.965255
-2.795458
-4.476649
-11.894703
-10.338170
-6.700754
-7.067578
-1.956224
3.487553
1.288312
3.603697
8.459772
5.640813
6.973233
8.837325
2.100638
-2.503054
-2.455882
-9.406975
-11.782987
-6.947177
-6.895576
-4.317420
2.527578
2.436978
1.715592
7.716247
7.086311
5.729880
8.748599
4.698719
-2.140488
-2.264295

