11.945111
7.210118
-3.122432
-8.959430
-13.214179
-18.960238
-20.220961
-15.207870
-13.034173
-6.579161
6.057194
10.901860
16.725574
21.772044
17.847334
12.941531
9.784358
0.382832
-7.660900
-11.393513
-17.223699
-20.885127
-17.129013
-13.613701
-10.428258
1.942941
9.668555
13.996022
20.715679
19.624574
13.934033
11.079311
3.756966
-6.108284
-10.287251
-15.227795
-20.536695
-18.939461
-14.025143
-12.231384
-2.439703
8.366449
12.327944
19.431114
21.804231
16.428573
12.534686
7.653918
-2.717120
-8.696488
-12.783153
-18.903187
-20.059177
-15.048640
-12.870175
-6.789310
5.845513
10.971512
16.765594
22.026641
18.436228
13.246707
9.805645
0.860861
-7.270064
-11.124441
-17.110961
-20.871333
-17.205136
-13.505731
-10.783672
1.367160
9.566205
13.760839
20.641088
19.937754
14.038086
10.795593
4.187993
-5.604710
-10.146073
-15.074526
-20.160334
-18.952744
-13.942378
-12.313638
-3.011738
8.052758
12.060404
18.881389
21.646193
16.342061
12.189320
7.914986
-2.078159
-8.556843
-12.718780
-18.492426
-20.063775
-15.207529
-12.946640
-7.408006
5.423001
11.063303
16.425167
21.935361
18.594265
13.207878
9.920256
1.233646
-7.344144
-11.212655
-16.830308
-20.828588
-17.600741
-13.686759
-11.161566
0.807898
9.386539
13.393845
20.346301
20.074333
14.402696
11.317389
4.906484
-5.199058
-9.935243
-14.649119
-20.070927
-19.561734
-14.469453
-12.615579
-3.667559
7.855892
11.841059
18.557821
21.675825
16.734770
12.653555
8.341415
-1.725299
-8.255073
-12.318577
-18.393993
-20.366226
-15.452930
-12.903043
-7.794074
4.845176
10.515111
15.869992
21.650621
18.773420
13.568572
10.276522
1.480579
-7.226978
-11.010340
-16.818557
-21.099193
-17.991917
-13.710260
-11.341572
0.176941
9.011030
13.196468
20.297936
20.383426
14.636176
11.215551
4.942417
-4.930156
-9.715898
-14.590366
-19.891432
-19.477606
-14.427219
-12.757438
-4.462855
7.388762
11.712994
18.404893
22.042990
17.233406
12.691191
8.566550
-1.093319
-7.943596
-11.953286
-17.934356
-20.215682
-15.641962
-12.933356
-8.493151
4.258667
10.616439
15.723876
21.736622
19.049304
13.520547
10.510172
2.390657
-6.620884
-10.641643
-16.181980
-20.575353
-18.009118
-13.718946
-11.559555
-0.432559
8.936780
12.761695
19.884109
20.515408
14.627661
11.298316
5.831548
-4.535573
-9.737185
-14.195953
-19.749573
-19.791978
-14.780590
-13.135501
-5.197014
7.041352
11.309385
17.616579
21.700689
17.066683
12.668371
8.976800
-0.993013
-8.199215
-11.957884
-17.942360
-20.709038
-16.244820
-13.347524
-9.087154
3.636735
10.198525
15.206507
21.511657
19.331489
13.898781
10.963338
2.963373
-6.376164
-10.257278
-15.740224
-20.653691
-18.417835
-13.815675
-11.781113
-0.974621
8.773293
12.567895
19.767455
21.089145
15.454292
11.837823
6.218467
-3.981079
-9.328638
-13.821636
-19.664935
-19.891092
-14.646735
-12.786388
-5.658013
6.511382
11.133977
17.336607
21.841526
17.652341
12.921946
9.135178
-0.397989
-7.888079
-11.797973
-17.727613
-20.763533
-16.575371
-13.225760
-9.537765
2.887590
10.121039
14.855351
21.477938
19.816331
13.914789
10.666166
3.475291
-5.929470
-10.322503
-15.522582
-20.250252
-18.388544
-13.906615
-12.184211
-1.885891
8.474759
12.512377
19.460576
21.348170
15.745504
11.839185
7.029602
-3.061976
-8.882625
-13.130733
-19.096988
-20.059177
-15.021222
-13.030767
-6.734814
5.927426
11.002677
16.809191
21.681445
17.785004
12.893847
9.608950
0.325612
-7.725273
-11.566707
-17.274278
-20.744290
-17.106703
-13.558524
-10.353327
1.947199
9.559734
13.909510
20.687580
19.748722
13.945103
11.082717
4.076106
-5.853176
-10.311774
-15.243462
-20.366396
-19.049134
-14.076574
-12.364558
-2.684593
8.205005
12.128694
19.072294
21.491732
16.338825
12.438808
7.556336
-2.765996
-8.694955
-12.821640
-18.921750
-20.336934
-15.337127
-12.963159
-7.005249
5.520582
10.814837
16.505889
21.814278
18.289770
13.361658
10.038274
1.039846
-7.252012
-11.047125
-17.000266
-20.907436
-17.486981
-13.657297
-10.861840
1.112563
9.405102
13.656787
20.538739
20.013707
14.331511
10.975599
4.278932
-5.333935
-9.833915
-15.019349
-20.360606
-19.092049
-14.209747
-12.545245
-3.670624
7.640805
11.791502
18.666472
21.524770
16.362667
12.176548
7.869176
-2.150195
-8.502858
-12.549843
-18.355165
-20.063775
-15.407801
-12.946810
-7.744857
4.946504
10.757106
16.189132
22.087949
18.812248
13.312101
10.102987
1.744543
-7.049526
-11.107070
-16.651154
-20.514216
-17.466034
-13.525145
-11.359964
0.328847
9.295089
13.215372
20.356519
20.430769
14.586789
11.334930
5.483968
-4.695995
-9.579148
-14.340367
-20.043509
-19.765411
-14.915977
-13.118982
-4.643883
7.190875
11.391980
17.931461
21.267278
16.260999
12.135506
8.321490
-1.676594
-8.515460
-12.258291
-18.213476
-20.639385
-16.160692
-13.428926
-8.745023
4.015480
10.096175
15.235458
21.578414
19.181626
13.743980
10.790484
2.497775
-6.671633
-10.454144
-15.943902
-20.515408
-17.725570
-13.236489
-11.044570
0.057391
9.480885
13.519696
20.616906
21.439450
15.830312
12.352637
6.356580
-3.881284
-8.974416
-13.703448
-19.606863
-19.659655
-14.535870
-12.758459
-5.178622
6.770747
11.253527
17.616749
21.704946
17.040457
12.305805
8.511373
-0.991651
-8.280958
-12.321642
-18.338135
-21.113157
-16.797100
-13.757774
-9.954487
2.710138
9.596518
14.473711
20.815304
18.973521
13.261523
10.171788
2.740962
-6.402561
-10.600942
-15.865564
-20.375081
-18.091883
-13.503858
-11.808532
-1.241820
8.908510
12.871027
19.938435
21.444389
15.895196
12.273618
7.311617
-2.992834
-8.746896
-13.076067
-18.692017
-19.450869
-14.395714
-12.443406
-5.737543
6.697348
11.479514
17.420394
21.902152
17.654896
12.608085
9.292875
-0.176941
-8.144208
-12.099913
-17.907449
-21.123716
-17.270190
-13.951233
-10.465894
2.093996
9.507963
13.920069
20.604474
19.399949
13.846840
10.856560
3.645761
-5.992651
-10.194778
-15.369824
-20.547424
-18.925667
-13.942378
-12.041501
-1.940046
8.622919
12.603147
19.513539
21.451201
16.244990
12.621709
7.533857
-2.906322
-8.591073
-12.866429
-18.884965
-20.044531
-15.028375
-12.836456
-6.507295
5.950076
10.865927
16.661201
21.683148
17.737831
12.708902
9.278740
-0.057561
-7.897956
-11.733600
-17.707688
-21.149601
-17.394509
-13.813462
-10.857582
1.389299
9.413787
14.014074
20.937238
20.045894
14.313289
11.043378
3.875153
-5.635193
-9.907825
-15.051195
-20.127126
-18.747534
-13.861145
-12.092250
-2.702985
8.224079
12.428931
19.495998
22.072962
16.701903
12.620517
8.074897
-1.988581
-8.306333
-12.514251
-18.468755
-19.985948
-15.262536
-12.940850
-7.264444
5.337000
10.786227
16.277858
21.515063
18.108913
12.829474
9.791340
1.002550
-7.347720
-11.256082
-17.043012
-20.900113
-17.503670
-13.816016
-11.255060
0.830037
9.291002
13.409512
20.396880
19.999402
14.084578
11.132615
4.863569
-5.392006
-9.920427
-14.543704
-19.979988
-19.333363
-14.267819
-12.550524
-3.681353
7.822343
11.902196
18.621853
21.772555
16.644853
12.643678
8.358274
-1.994371
-8.573362
-12.474060
-18.520015
-20.557131
-15.804938
-13.317040
-8.128881
4.749298
10.407822
15.560218
21.371841
18.431459
13.260160
10.217939
1.490116
-7.181168
-10.900327
-16.655070
-21.067517
-17.956495
-13.712985
-11.204651
0.397818
9.434053
13.472693
20.536355
20.749910
15.023776
11.781454
5.529097
-4.443101
-9.231397
-14.043536
-19.647905
-19.172089
-14.052561
-12.243305
-3.931011
7.654258
11.768682
18.384797
22.027663
17.098018
12.508631
8.340563
-1.430001
-8.262907
-12.391124
-18.375771
-20.556280
-15.954460
-13.342074
-8.788279
3.897463
10.224240
15.470300
21.337271
18.779039
13.193233
9.746381
1.876865
-7.048334
-11.051212
-16.423975
-20.666463
-18.103123
-13.751132
-11.690685
-0.603880
8.975267
13.171605
20.199674
20.971979
15.181133
11.746032
6.383998
-3.763097
-9.177753
-13.776507
-19.271885
-19.466707
-14.372723
-12.570109
-4.851477
7.310935
11.759315
18.022231
21.919012
17.323153
12.815850
9.078469
-0.694820
-7.913794
-11.914798
-17.947810
-20.699842
-16.353471
-13.365575
-9.316206
3.448384
10.109118
14.717068
20.985774
18.841369
13.469287
10.663271
2.516678
-6.888424
-10.858093
-16.155754
-20.914759
-18.639735
-14.015606
-11.965888
-1.065390
8.809737
12.686763
19.774437
20.937409
15.444756
12.080669
6.502526
-3.820487
-9.054456
-13.587815
-19.427197
-19.802536
-14.661891
-12.826238
-5.471706
6.772109
11.365073
17.659494
21.936042
17.672437
12.978486
9.179456
-0.490461
-7.764442
-11.625290
-17.897742
-20.918165
-16.672782
-13.555459
-9.888240
2.551930
9.639433
14.480523
21.090508
19.189460
13.584750
10.453122
2.911602
-6.411246
-10.411910
-15.800340
-20.546062
-18.591029
-13.913938
-12.112856
-1.772812
8.499111
12.442895
19.603797
21.275963
15.698160
11.840037
6.989752
-3.219673
-8.807012
-13.231720
-18.926178
-19.625425
-14.621019
-12.745176
-6.186622
6.407499
11.396749
17.306975
21.985940
17.939976
12.823684
9.541512
0.207765
-7.756608
-11.633464
-17.491749
-20.813090
-16.966888
-13.572318
-10.275841
2.163819
9.698868
14.033318
20.733220
19.497701
13.548476
10.768345
3.872429
-5.986009
-10.326249
-15.451397
-20.660503
-19.278356
-14.502321
-12.638739
-2.602339
8.229528
12.031623
18.895694
21.108389
15.779563
12.143339
7.325581
-3.080198
-8.961303
-13.018676
-19.104821
-20.363501
-15.188796
-13.041496
-7.013253
5.644049
10.825225
16.570943
21.780729
18.204451
13.318402
9.934562
0.581230
-7.643529
-11.345829
-17.228467
-20.904882
-17.227275
-13.351270
-10.322503
1.788480
9.645905
14.047112
20.989009
20.359755
14.598540
11.298656
4.365444
-5.410399
-9.817055
-14.925684
-20.192862
-18.928392
-13.949530
-12.281452
-2.814872
8.304460
12.431656
19.196612
21.861281
16.832181
12.529237
7.847548
-2.083949
-8.205516
-12.526001
-18.595457
-20.164933
-15.357562
-12.976783
-7.616282
5.127532
10.733775
16.237668
21.626098
18.202066
12.993472
9.693759
1.139300
-7.375308
-11.399644
-17.010484
-20.739010
-17.568724
-13.737168
-11.130742
0.702994
9.164299
13.260671
20.221301
19.988332
14.139925
10.898965
4.706723
-5.214725
-9.920767
-14.768498
-20.082338
-19.298451
-14.411211
-12.686082
-3.835474
7.746731
11.992625
18.587623
21.624054
16.614880
12.561083
8.278574
-1.954521
-8.401360
-12.351104
-18.388033
-20.442009
-15.866416
-13.313975
-8.190530
4.568951
10.498251
15.736818
21.461419
18.449851
13.296093
10.419914
1.724788
-7.072517
-10.910886
-16.602789
-20.893131
-18.030746
-13.915641
-11.374099
0.185626
9.078639
13.187613
20.129681
20.311219
14.713492
11.691707
5.332232
-4.741975
-9.381941
-14.195442
-19.923619
-19.428389
-14.230013
-12.493474
-4.191910
7.458755
11.741945
18.444061
22.006886
17.054762
12.722697
8.592946
-1.414163
-8.212498
-12.234960
-18.278190
-20.539420
-16.021899
-13.289962
-8.554629
4.061460

