12.419735
7.178613
1.952478
4.589728
-0.204529
-4.602671
-3.098590
-5.583593
-9.006262
-5.881957
-6.749630
-7.752350
0.406844
4.794598
4.556690
11.055470
10.514259
2.602168
4.388264
2.651044
-3.706217
-3.222908
-3.509862
-8.158684
-6.622757
-5.227838
-8.077792
-2.487046
4.591431
4.081215
8.447511
12.482916
4.445144
2.920117
4.177775
-2.219507
-4.220009
-2.917051
-7.152557
-8.180312
-5.185093
-8.027554
-5.965063
2.857106
4.299198
5.742141
12.152876
7.314171
1.851320
4.488911
-0.045640
-4.801750
-3.173351
-5.535228
-8.892332
-5.881105
-6.733792
-7.986001
0.086001
4.649162
4.365444
10.807684
10.769197
2.924715
4.456384
3.236873
-3.316232
-3.473929
-3.547498
-7.860490
-6.832566
-5.318437
-8.104869
-2.803802
4.567759
4.145248
8.055993
12.473209
5.014624
2.881970
4.472903
-1.683746
-4.175220
-2.866983
-6.457056
-8.103677
-5.283696
-7.731915
-6.082058
2.602168
4.433053
5.519901
12.143510
8.079154
2.095188
4.533529
0.531673
-4.509006
-3.161260
-4.879577
-8.690017
-6.078652
-6.306682
-7.583754
0.045470
5.041020
4.452637
10.484968
11.020388
2.933741
3.853866
3.077303
-3.345183
-3.629071
-3.302779
-7.797820
-7.218293
-5.321843
-8.173329
-3.388950
4.305329
4.160575
7.821832
12.613024
5.315883
2.582244
4.304647
-1.655647
-4.471200
-3.166369
-6.786585
-8.530617
-5.408185
-7.582903
-6.479195
2.052784
4.205363
5.169937
11.862516
8.226122
2.066067
4.599094
0.865800
-4.427092
-3.183910
-4.825762
-8.658682
-6.023816
-6.202119
-8.009842
-0.541551
4.899672
4.414661
10.224751
11.300530
3.200769
3.893716
3.458943
-2.968482
-3.452642
-3.214223
-7.498435
-6.969827
-5.037614
-8.126838
-3.676585
4.375662
4.448720
7.529940
12.572833
5.660909
2.629757
4.561118
-1.250505
-4.159553
-2.906833
-6.339550
-8.447000
-5.640984
-7.740770
-6.854875
1.812662
4.437821
5.084446
11.748416
8.694444
2.112900
4.394565
1.016515
-4.493679
-3.542900
-4.749639
-8.607422
-6.463187
-6.441048
-8.347205
-1.207079
4.457917
3.875494
9.652717
11.676550
3.548009
3.755093
3.615958
-3.058229
-3.978695
-3.233297
-7.498775
-7.333755
-5.003895
-7.847037
-4.103184
3.986018
4.179478
6.840740
12.525831
6.180320
2.470016
4.799366
-0.763961
-4.343135
-2.690724
-6.002869
-8.838858
-5.537612
-7.058893
-6.833587
1.727343
4.790851
5.041361
11.740923
9.152719
1.817771
4.243680
1.422848
-4.345690
-3.225803
-4.217625
-8.742980
-6.539992
-5.974599
-8.475099
-1.649857
4.651546
4.059247
9.421791
12.014082
3.793240
3.490618
3.922156
-2.780812
-3.905296
-3.048011
-7.444450
-7.558550
-4.934754
-7.936784
-4.857608
3.574576
4.247086
6.573541
12.554611
6.479876
2.260549
4.725286
-0.543594
-4.465921
-2.844163
-5.657843
-8.480889
-5.442245
-7.019894
-7.418564
0.946011
4.524674
4.556009
11.293718
9.794235
2.240794
4.255261
1.994371
-4.133327
-3.764800
-4.343305
-8.313996
-6.598404
-5.769389
-8.167539
-1.880782
4.776035
4.091603
8.716924
11.996371
4.286255
3.336157
4.277400
-2.074071
-3.868512
-2.822195
-7.008144
-7.943085
-5.199058
-7.787773
-4.993677
3.549712
4.730054
6.452288
12.537071
7.308551
2.246244
4.738910
0.115633
-4.448720
-2.937487
-5.272116
-8.673157
-6.035737
-6.971870
-7.731063
0.388793
4.639626
4.442419
11.070626
10.466235
2.491134
3.950426
2.193621
-4.050221
-3.634180
-3.774847
-8.157151
-6.787777
-5.450589
-8.229358
-2.713203
4.340070
4.064696
8.374453
12.467248
4.788807
3.092289
4.329170
-1.964058
-4.062993
-2.759865
-6.707736
-7.940871
-4.915680
-7.365261
-5.460126
3.058059
4.556179
5.963189
12.308529
7.633652
2.092634
4.816396
0.447546
-4.462685
-3.114258
-5.434752
-8.898292
-5.938666
-6.652900
-7.858447
0.038658
4.726989
4.225799
10.320629
10.475942
2.669947
3.904275
2.843823
-3.455537
-3.468650
-3.703322
-8.173329
-7.175377
-5.696671
-8.526870
-3.282513
4.389456
4.277740
8.176054
12.585606
5.163806
2.922160
4.514285
-1.668930
-4.118681
-2.476488
-5.997590
-7.569620
-4.894052
-7.534538
-6.220852
2.387592
4.418067
5.472728
12.218441
8.556843
2.309765
4.732098
0.768730
-4.476649
-3.405980
-5.070141
-8.718797
-6.142855
-6.427935
-7.974080
-0.483990
4.706212
3.763778
9.515115
10.681323
2.774511
3.435441
2.890996
-3.518888
-3.820998
-3.321171
-7.941893
-7.808038
-5.613565
-8.279596
-3.772293
4.387413
4.564524
7.824217
12.801375
5.905799
2.823898
4.969324
-0.979560
-4.191910
-2.463545
-6.005423
-8.233956
-5.070482
-7.005930
-6.307364
2.226148
4.650525
5.201782
12.005057
9.061950
2.411263
4.954338
1.620735
-4.033021
-2.787794
-4.298517
-8.615596
-6.181002
-5.861180
-8.147274
-1.156671
4.789148
4.132305
9.486675
11.348384
3.090075
3.135545
3.254584
-3.179482
-4.003218
-3.325428
-7.758481
-7.719312
-5.453655
-8.498771
-4.795790
3.440039
3.902231
6.723915
12.430634
5.870036
1.944474
4.321507
-1.233476
-4.936286
-3.355401
-6.241798
-8.573532
-5.504574
-7.277897
-7.132462
1.383850
4.588876
4.719155
11.508805
9.717430
2.761398
5.056177
2.473763
-3.495898
-2.885205
-3.748621
-7.857255
-6.028925
-5.275692
-7.506609
-0.844513
5.523818
4.867486
9.690864
12.401513
4.321848
3.683226
4.243510
-2.249650
-3.839391
-2.802951
-7.034540
-8.007629
-5.605561
-8.496387
-5.507980
2.849613
3.694636
5.955526
12.114559
6.477322
1.691750
3.979036
-1.009021
-5.112205
-3.491470
-5.850111
-8.848735
-5.952460
-6.934745
-7.260527
0.944989
4.647800
4.574231
11.212655
10.414124
2.833945
4.559755
2.525193
-3.540856
-3.119877
-3.669603
-8.156129
-6.541014
-5.201953
-7.752180
-1.867669
4.914148
4.404102
8.812802
12.243986
4.473243
3.151212
4.182032
-2.219677
-4.206726
-3.205708
-7.372073
-8.305141
-5.546638
-8.203132
-5.749634
2.752202
3.934077
5.809069
12.113197
6.968464
1.716614
4.334961
-0.224454
-4.465069
-2.878734
-5.301407
-8.386884
-5.296469
-6.380251
-7.507631
0.561646
5.014454
4.684925
11.029073
10.791676
3.054142
4.665170
2.951963
-3.321682
-3.035750
-3.424883
-7.704156
-6.378038
-5.083595
-7.896594
-2.324751
4.951443
4.450083
8.431332
12.516975
4.681860
2.968993
4.324913
-2.062491
-4.347222
-3.290687
-7.181508
-8.454663
-5.748102
-8.336817
-6.319455
2.426931
4.089049
5.360501
11.872223
7.529259
1.943111
4.488230
0.268902
-4.621914
-3.309761
-5.303621
-8.787768
-6.082399
-6.636892
-7.866451
-0.028440
4.683733
4.340410
10.632617
11.249610
3.180844
4.381112
3.387077
-3.216607
-3.354379
-2.955709
-7.585117
-6.979534
-5.052941
-7.849251
-3.066233
4.530464
4.265990
7.861853
12.697152
5.330358
2.618687
4.521608
-1.535586
-4.379749
-2.921479
-6.685427
-8.585964
-5.513259
-7.725103
-6.504570
2.224956
4.442930
5.281653
12.003013
8.184229
1.871245
4.537276
0.777415
-4.487889
-3.024510
-4.723583
-8.653573
-5.858285
-5.935260
-7.846185
-0.435625
4.943269
4.462515
10.311093
11.501823
3.337009
4.136392
3.714221
-2.908707
-3.551926
-3.262588
-7.739237
-7.130929
-5.196163
-8.119515
-3.794432
4.136903
4.160915
7.206712
12.396915
5.420957
2.310106
4.448209
-1.336166
-4.532337
-3.152234
-6.546804
-8.549861
-5.568947
-7.730382
-7.093464
1.618181
4.495382
5.025523
11.664459
8.773974
2.212695
4.621914
1.445157
-4.037789
-3.003223
-4.140650
-8.054801
-5.856752
-5.765642
-7.711649
-0.550577
5.161081
4.596199
10.125637
11.793205
3.834282
3.844329
3.811291
-2.671991
-3.776380
-3.162793
-7.387059
-7.581541
-5.384173
-8.085115
-4.263265
3.742320
4.047496
6.652389
12.338332
6.143706
2.261400
4.255772
-1.232965
-4.781655
-3.438677
-6.461995
-9.025165
-5.920615
-7.470846
-7.125820
1.439026
4.436289
4.684244
11.480365
9.247916
2.212354
4.565545
1.775197
-4.078661
-3.160579
-4.104887
-8.379051
-6.268706
-5.597217
-7.805995
-1.197372
4.983459
4.363060
9.645224
12.199197
3.855569
3.411429
3.802776
-2.578667
-3.729888
-2.999135
-7.457733
-7.707562
-5.104371
-8.122751
-4.885026
3.485339
4.188163
6.593125
12.371881
6.300381
2.124820
4.463196
-0.972407
-4.661935
-3.061635
-6.119694
-8.774655
-5.493845
-7.141829
-7.418735
1.123122
4.587344
4.645075
11.241777
9.707383
2.439533
4.693610
2.316577
-3.681353
-3.055334
-3.962517
-8.165325
-6.280967
-5.628552
-8.178438
-1.725640
5.017008
4.321677
9.297814
12.358086
4.312141
3.445489
4.258667
-2.269404
-3.849779
-2.987725
-6.988730
-7.693597
-5.167382
-8.116279
-5.498954
3.033536
3.962006
5.937985
12.122563
6.884847
2.016851
4.595348
-0.447886
-4.847220
-3.301757
-5.713531
-8.939505
-6.003210
-6.910733
-7.369859
0.822714
4.673004
4.491125
10.973556
10.235310
2.490623
4.346882
2.612046
-3.589392
-3.202472
-3.486361
-8.028405
-6.587676
-5.196163
-7.862023
-1.962866
5.107777
4.669598
8.954491
12.780428
4.881620
3.249134
4.523482
-1.923016
-4.086494
-2.788476
-6.970167
-8.146082
-5.206040
-7.797820
-5.687816
2.816405
4.241296
5.953142
12.490579
7.459436
1.893895
4.557882
0.078167
-4.725797
-3.174714
-5.322695
-8.688995
-5.762407
-6.531647
-7.645062
0.296320
4.730395
4.304137
10.820627
10.758809
2.813169
4.155295
2.935784
-3.450939
-3.448895
-3.745386
-8.002009
-6.756101
-5.309411
-8.146082
-2.691575
4.658358
4.292045
8.095673
12.204306
4.624810
2.591440
4.135711
-1.993690
-4.421983
-3.300905
-7.091250
-8.488894
-5.656310
-8.178609
-6.375483
2.292054
4.201617
5.613225
11.983088
7.730722
2.010890
4.540001
0.405993
-4.513434
-3.365108
-5.148820
-8.478676
-6.093638
-6.707055
-7.895572
-0.132493
4.721199
4.221371
10.549171
11.370693
3.563506
4.268714
3.305503
-2.969333
-3.303971
-3.111873
-7.401194
-6.717784
-5.015986
-7.844312
-3.081730
4.510709
4.386050
7.857255
12.593269
5.583252
2.897978
4.533870
-1.401050
-4.338707
-2.956050
-6.526198
-8.450065
-5.445651
-7.576261
-6.201438
2.393552
4.458598
5.257130
11.920759
8.264780
1.850809
4.450594
0.827142
-4.387753
-3.126349
-4.965578
-8.810759
-6.190198
-6.270749
-7.930994
-0.431878
4.976988
4.324913
10.180814
11.545420
3.435612
3.981931
3.453493
-2.995048
-3.330026
-3.136567
-7.724592
-7.101808
-5.077975
-8.132628
-3.764970
4.071678
4.160745
7.355724
12.573344
5.545786
2.535411
4.582064
-1.356602
-4.439354
-2.968993
-6.470169
-8.493321
-5.353689
-7.614919
-6.999799
1.700095
4.363741
4.779952
11.568921
8.653573
1.949923
4.344497
1.043252
-4.280465
-3.202302
-4.634346
-8.461986
-5.965233
-5.952120

