-13.564144
-17.784323
-16.535010
-9.917872
-6.910052
-3.975289
3.434420
8.047308
12.650149
18.461772
16.853639
12.230533
8.375474
-0.058072
-9.562969
-12.678930
-16.312769
-17.724718
-11.684043
-7.130419
-5.323206
1.202311
7.446834
10.995524
17.353807
18.439974
13.887031
10.290827
3.739085
-7.017851
-12.126480
-14.649970
-18.056972
-14.147248
-8.309228
-6.505421
-1.938173
5.510535
9.065866
14.856543
18.776144
15.188285
11.396238
6.773642
-3.672668
-11.560747
-13.848203
-17.674310
-16.590357
-10.186093
-7.198879
-4.465921
3.298010
7.875477
12.335437
18.189464
16.826562
12.544734
8.931330
0.249829
-9.659188
-12.626818
-15.893493
-17.623220
-12.048313
-7.302591
-5.469493
0.840255
7.222210
10.817392
17.017467
18.430437
14.256239
10.644368
3.995044
-6.862879
-11.981385
-14.257601
-17.916305
-14.733246
-8.701938
-6.471702
-1.933234
5.476475
9.392670
14.896223
18.946273
15.617268
11.472361
6.635870
-3.445830
-11.192730
-13.280255
-17.329965
-16.884974
-10.574886
-7.124969
-4.332576
3.077643
8.145911
12.496710
18.323319
17.363514
12.910366
8.936610
0.708614
-9.097031
-12.351785
-15.856879
-17.968076
-12.530088
-7.428271
-5.664315
0.305005
6.868839
10.539123
16.770193
18.573318
14.309032
10.519709
4.394906
-6.251505
-11.923654
-14.480012
-18.111978
-14.824016
-8.589540
-6.434407
-2.462012
4.810946
8.637735
14.146737
18.554585
15.614033
11.537927
7.125139
-2.680676
-11.017493
-13.528722
-17.411709
-16.885826
-10.542870
-7.209948
-4.776887
2.638953
7.984298
12.152195
18.166304
17.379182
12.846674
9.354353
1.387937
-8.832557
-12.423141
-15.508107
-17.700706
-12.617282
-7.601295
-5.916187
-0.007153
6.727491
10.361501
16.657114
18.804073
14.636006
11.116777
5.231415
-5.630766
-11.689493
-13.984953
-17.765420
-15.089342
-9.148461
-6.914309
-2.759525
4.720007
8.627176
14.009646
18.666642
15.937431
11.954818
7.419075
-2.506631
-10.980879
-13.204132
-17.052889
-17.155239
-11.026008
-7.233620
-4.922152
2.089909
7.408687
11.561768
17.710073
17.366409
13.131584
9.448869
1.463379
-8.799689
-12.380396
-15.503509
-18.302032
-13.294561
-7.735831
-5.809920
-0.226668
6.692750
10.118995
16.299827
18.708536
14.648948
10.785205
5.188669
-5.246231
-11.418717
-13.831684
-17.941168
-15.653031
-9.221860
-6.754909
-3.101145
4.581043
8.791174
13.785362
18.863678
16.443219
12.026514
7.772105
-1.532010
-10.353327
-12.954303
-17.012869
-17.530918
-11.058194
-7.184744
-5.237545
1.770258
7.401024
11.184386
17.600911
17.735277
13.197150
9.838002
2.527748
-8.136375
-12.410539
-15.272413
-18.020528
-13.219459
-7.690191
-6.105048
-0.844683
6.225620
9.631429
15.765769
18.821614
14.890603
11.158500
5.917209
-4.807881
-11.762891
-13.913597
-17.783982
-15.762533
-9.433883
-6.959268
-3.620386
4.203660
8.505753
13.285364
18.615041
16.509465
12.319088
8.335454
-1.056535
-10.464873
-13.000114
-16.590868
-17.761162
-11.920929
-7.597889
-5.398137
1.381295
7.270915
11.220830
17.403024
17.847163
13.638905
10.174172
3.048352
-7.584606
-11.954648
-14.643158
-17.970630
-14.080150
-8.480889
-6.429979
-1.298019
6.050212
9.674345
15.627146
19.080639
15.441009
11.385850
6.036248
-4.251684
-11.203800
-13.260501
-17.306634
-15.966041
-9.613889
-6.661585
-3.923007
3.437144
8.051566
12.857233
18.403190
16.869307
12.454476
8.313315
-0.519923
-9.976625
-12.796095
-16.493968
-17.942701
-11.954989
-7.280793
-5.347558
1.068967
7.164649
10.770048
17.093079
18.196276
13.739041
10.139091
3.638097
-6.847722
-12.009314
-14.801025
-18.192700
-14.267649
-8.295093
-6.286928
-1.657690
5.778245
9.523460
15.078783
18.961940
15.520028
11.545420
6.977149
-3.174373
-10.964189
-13.448341
-17.510993
-16.517980
-10.036400
-7.035732
-4.408189
3.118174
7.947172
12.445790
18.300329
16.858237
12.474571
8.896760
0.398500
-9.627513
-12.791838
-15.955993
-17.567192
-12.234449
-7.660048
-5.952120
0.287465
6.682873
10.323184
16.776494
18.356187
14.210088
10.711295
4.178796
-6.799698
-12.125288
-14.446974
-17.873219
-14.482907
-8.510011
-6.473405
-2.173356
5.449057
9.212664
14.725072
18.934522
15.856368
11.988708
7.331031
-2.902576
-10.957548
-13.112170
-17.218760
-17.121519
-10.860307
-7.291181
-4.419770
2.803121
7.931846
12.188639
18.106869
17.228808
12.740067
9.003367
0.808409
-9.382112
-12.648617
-15.978643
-18.343074
-13.229677
-8.141313
-6.203992
-0.156334
6.578309
10.211468
16.244139
18.494810
14.470305
10.630233
4.847731
-5.624635
-11.426210
-14.062950
-17.907109
-14.875787
-8.404766
-6.216083
-2.473422
5.020925
8.936610
14.262029
18.952233
16.271727
12.102468
7.836137
-1.807213
-10.378020
-12.869665
-16.901152
-16.914776
-10.496719
-6.980896
-4.832234
2.442428
7.776192
11.865071
18.152680
17.810208
13.035536
9.472540
1.914161
-8.597544
-12.633460
-15.587977
-18.022231
-13.133458
-7.931164
-6.395578
-0.945330
6.018196
9.492465
15.713998
18.467392
14.562777
11.037588
5.428961
-5.507469
-12.094804
-14.304263
-18.229485
-15.931640
-9.567908
-7.095848
-3.511735
4.127877
8.245707
13.266972
18.287046
15.944583
12.032645
8.133139
-1.293591
-10.356222
-12.683528
-16.255549
-16.953605
-11.043378
-7.046631
-4.863228
2.181360
7.988214
11.952434
18.240554
18.469266
14.094795
10.428599
2.878904
-7.615771
-11.712313
-14.454808
-17.572812
-13.318062
-7.845504
-6.020069
-1.027243
6.112371
9.624617
15.505382
18.785340
14.910868
10.931151
5.332061
-5.309922
-12.049845
-14.213494
-18.320595
-16.724212
-10.186263
-7.092442
-3.806012
3.648145
8.141484
12.893166
18.277849
16.483750
12.259313
8.335624
-0.546489
-9.723731
-12.591566
-16.403198
-17.651320
-11.659690
-7.170268
-5.008323
1.652581
7.688999
11.356388
17.580475
18.412556
13.854844
10.123764
3.441742
-7.005760
-11.875629
-14.785017
-17.893314
-13.824020
-8.085455
-6.420953
-1.861709
5.374806
9.137903
15.047278
18.574170
14.972687
11.098896
6.086486
-4.357100
-11.782306
-14.052221
-17.844098
-16.400644
-9.930304
-7.056509
-4.095009
3.485680
8.081198
12.738364
18.523591
16.932317
12.688296
9.080512
0.436987
-9.414639
-12.544223
-15.853984
-17.302377
-11.713675
-7.400853
-5.494356
1.161439
7.414988
11.036055
17.389570
18.517630
14.247043
10.882786
4.139798
-6.809575
-11.894192
-14.357907
-18.059015
-14.558860
-8.793899
-6.787436
-2.190045
5.170958
8.867979
14.623063
18.512351
15.188626
11.320625
6.420953
-3.957748
-11.596339
-13.637883
-17.655236
-16.913584
-10.639088
-7.265806
-4.434756
2.856765
7.720675
12.305975
18.200534
17.128161
12.843439
8.965220
0.366824
-9.257793
-12.225083
-15.708549
-17.902000
-12.280430
-7.311787
-5.511897
0.686986
7.318429
10.857582
17.050505
18.794877
14.503002
10.567222
4.296303
-6.286587
-11.718443
-14.202595
-18.037558
-14.879704
-8.528233
-6.462506
-2.464908
4.914829
8.774485
14.333895
18.664258
15.626124
11.498247
7.086481
-2.706902
-11.063303
-13.554437
-17.574855
-17.004183
-10.461126
-7.022108
-4.629067
2.709797
7.788624
11.934212
18.048457
17.344441
12.855870
9.410892
1.586335
-8.641311
-12.342930
-15.495675
-17.682144
-12.419053
-7.394212
-5.817243
0.012602
6.805147
10.277884
16.572816
18.509456
14.327765
10.772773
4.812138
-6.108965
-12.171779
-14.297792
-17.994642
-15.267304
-9.226458
-7.021087
-3.116642
4.574060
8.577619
13.952085
18.656084
15.863180
11.699711
7.324389
-2.423184
-11.060068
-13.283832
-16.908986
-17.028025
-10.973385
-7.265295
-4.815204
2.422673
7.850783
12.035710
18.267802
18.037898
13.800519
10.142326
2.094678
-8.263588
-11.926208
-15.277352
-17.906598
-13.209922
-7.826430
-5.770070
-0.280993
6.530625
10.019541
16.071626
18.614531
14.695440
10.914292
5.021947
-5.541188
-11.785541
-14.082534
-18.019336
-15.842744
-9.607247
-6.929977
-3.262758
4.095520
8.260012
13.399124
18.374920
15.942880
11.694091
7.490601
-1.802785
-10.445799
-12.996026
-17.011336
-17.487662
-11.059386
-7.038968
-4.971709
2.009528
7.748434
11.765446
18.046924
18.054758
13.492959
9.808540
2.550398
-7.801397
-12.013572
-15.009982
-17.952408
-13.261693
-7.842098
-6.111179
-0.899008
6.097044
9.641307
15.776157
18.772738
14.832871
11.111157
5.898305
-4.711321
-11.698518
-14.205660
-18.053736
-15.775987
-9.562458
-7.195473
-3.709452
4.009008
8.160727
13.052395
18.449341
16.142641
12.011698
8.306844
-1.001699
-10.258981
-12.894528
-16.382422
-17.137017
-11.240074
-7.236515
-5.335978
1.559428
7.357768
11.254208
17.743111
18.149103
13.841561
10.456698
3.151042
-7.808208
-12.065683
-14.705147
-17.825535
-13.712645
-8.046968
-6.132296
-1.038994
5.989245
9.495361
15.413080
18.688440
15.020711
11.179617
5.891153
-4.700082
-11.625971
-13.824020
-17.929758
-16.682999
-10.210105
-7.255418
-3.958430
3.712007
8.222716
12.915645
18.345969
16.557319
12.332031
8.270911
-0.757320
-9.853159
-12.490579
-16.261339
-17.863682
-11.913436
-7.303442
-5.327293
1.282351
7.469654
11.214699
17.675672
18.647569
14.091390
10.372741
3.621067
-6.816557
-11.702606
-14.483247
-17.846823
-13.864551
-7.910728
-6.110668
-1.606601
5.619015
9.161064
15.028375
18.831151
15.313966
11.249610
6.383828
-3.831727
-11.404582
-13.781105
-17.880031
-16.574860
-9.929623
-6.872926
-4.181010
3.382138
8.122410
12.634822
18.297093
16.778708
12.415137
8.879900
0.312499
-9.634154
-12.761354
-16.127144
-17.646040
-12.120860
-7.480213
-5.632809
0.800405
7.113729
10.809898
17.119305
18.300159
13.931138
10.705335
4.177094
-6.711142
-12.105703
-14.645372
-18.004860
-14.665127
-8.935077
-6.967783
-2.435957
5.027056
8.769376
14.441695
18.491404
15.271221
11.464868
6.574222
-3.722055
-11.437961
-13.538599
-17.384120
-16.738006
-10.517325
-7.222721
-4.490103
2.802781
7.703645
12.285369
18.130030
17.085416
12.959753
9.196315
0.573737
-9.467091
-12.363706
-15.605007
-17.694405
-12.561253
-7.541861
-5.326441
0.796148
7.281985
10.915143
17.117092
18.785170
14.534167
10.707889
4.392181
-6.107943
-11.547463
-14.214175
-18.019165
-14.959744
-8.849927
-6.487029
-2.378396
5.026375
8.969137
14.411211
18.762180
15.770538
11.659861
7.101979
-2.704348
-10.805471
-13.318573
-17.520700
-17.248562
-10.704483
-7.131951
-4.612378
2.551930
7.596867
12.019532
18.071107
17.346825
12.887887
9.308713
1.477003
-8.717435
-12.392317
-15.591553
-17.636674
-12.363366
-7.486003
-5.824736
0.051601
6.601981
10.106053
16.539267
18.637691
14.456681
10.973896
5.048343
-5.779777
-11.949028
-14.352288
-18.078429
-15.050513
-8.961133
-6.905964
-3.011397
4.673685
8.607081
13.955321
18.744980
15.819754
11.742285
7.568598
-2.396618
-11.208909
-13.490404
-17.163924
-17.204455
-11.170251
-7.552590
-5.005428
2.228533
7.504054
11.620862
17.973695
17.652341

