-3.700938
-9.453467
-13.828618
-19.505535
-20.009279
-15.001638
-13.034003
-6.459611
6.051915
11.131423
17.087800
21.812064
17.770358
12.742622
9.479523
0.568288
-7.543394
-11.547293
-17.119305
-20.179067
-16.252484
-12.860128
-9.456873
2.802951
10.361161
14.546599
21.118607
19.816160
13.975075
11.150326
4.141160
-5.812645
-10.236672
-15.422957
-20.448480
-19.043173
-14.161723
-12.296609
-2.263103
8.479016
12.207712
18.793344
20.680257
15.331336
11.816025
6.937470
-3.519229
-9.449891
-13.457707
-19.336258
-20.664079
-15.688113
-13.449873
-6.925889
5.713361
10.750464
16.661201
21.627120
17.909833
13.264077
10.056836
0.541380
-7.476977
-11.158671
-17.115048
-20.885468
-17.037392
-13.259138
-9.925876
2.288989
10.026182
14.420577
21.191154
20.229816
14.736482
11.469977
4.076277
-5.447354
-9.808370
-15.105861
-20.364693
-18.850906
-14.010498
-12.179783
-2.831561
7.800034
11.950731
18.944911
21.270173
15.920230
11.951753
6.960971
-3.064190
-9.065696
-13.325725
-19.147396
-20.298106
-15.400308
-13.002157
-7.190534
5.393028
10.843618
16.595806
22.014380
18.521547
13.193744
9.758813
1.250505
-6.937640
-11.091232
-16.769682
-20.087787
-16.820771
-13.232231
-10.443415
1.474789
9.943417
14.242445
21.022558
20.513364
14.485632
11.298827
5.066054
-4.930326
-9.723221
-14.748062
-19.936051
-19.223860
-14.362676
-12.802226
-3.917558
7.397107
11.445965
18.049649
20.982538
15.775306
11.763573
7.785218
-2.446856
-9.058033
-12.969460
-18.762520
-20.553385
-15.868289
-13.396570
-7.989917
4.796130
10.411910
15.638896
21.438599
18.436228
13.348205
10.637045
1.785755
-7.034370
-10.700226
-16.287906
-20.467043
-17.320599
-13.243471
-10.561943
1.222066
9.917191
14.011179
20.813601
20.715679
15.191351
12.115070
5.388941
-4.970346
-9.610653
-14.386347
-20.236458
-19.705296
-14.545407
-12.730019
-4.219328
7.181508
11.240755
18.020868
21.369628
16.404731
12.335437
7.977826
-2.171823
-8.680991
-12.732915
-18.971988
-20.985263
-16.055277
-13.311080
-8.508818
4.317420
10.375806
15.646900
21.583693
18.948998
13.733591
10.332039
2.005611
-6.440537
-10.465213
-16.140427
-20.115886
-17.191512
-13.021401
-10.883638
0.203337
9.451594
13.633456
20.637342
20.995992
15.091385
11.474916
5.666869
-4.463536
-9.695632
-14.459917
-19.706147
-19.452912
-14.578104
-12.824706
-5.163976
6.797654
11.238541
17.673288
21.431957
16.671760
11.884144
8.291006
-1.229218
-8.551053
-12.660367
-18.216542
-20.635469
-16.327415
-13.303246
-8.906637
4.006624
10.618142
15.410866
21.569729
19.344773
13.763734
11.146920
3.379072
-5.990607
-10.124104
-15.411718
-20.112310
-17.986638
-13.495684
-11.377505
-0.410250
9.255920
13.171945
19.848347
20.689794
15.102965
11.913266
6.139108
-4.378046
-9.706020
-14.138051
-19.876957
-20.166636
-15.300172
-13.358763
-5.832400
6.092616
10.548319
16.909327
21.042483
16.788244
12.558017
8.765289
-1.275539
-8.426223
-12.109109
-18.206835
-20.981516
-16.545228
-13.069936
-8.986507
3.543070
10.398967
15.391282
21.805593
19.976922
14.724902
11.388404
3.157513
-5.891664
-9.844814
-15.444926
-20.249401
-17.959901
-13.374601
-11.484112
-0.881638
8.958067
12.882267
20.055430
21.289757
15.599557
11.768000
6.261723
-3.713880
-9.248938
-14.050007
-19.724199
-20.023925
-15.011174
-13.293198
-6.554978
5.758490
10.763918
16.978639
21.513871
17.411709
12.428079
8.826937
-0.249658
-7.757630
-11.718103
-17.466715
-20.164592
-16.257763
-12.876817
-9.404421
2.894572
10.273967
15.020541
21.547590
20.001786
14.090368
11.239222
4.146269
-5.662441
-10.003703
-15.109948
-19.855159
-18.423796
-13.851438
-11.958054
-1.939365
8.655616
12.347017
19.155741
21.024602
15.292849
11.597531
6.849766
-3.545795
-9.586811
-13.778550
-19.476414
-20.613500
-15.735797
-13.679096
-7.035051
5.731072
10.645390
16.349043
21.274771
17.491749
12.908152
9.902545
0.484671
-7.646935
-11.331694
-17.064980
-20.777668
-17.014572
-13.194595
-9.815182
2.580711
10.186263
14.635154
21.293334
20.223856
14.810732
11.865752
4.411595
-5.449397
-9.640796
-14.840535
-20.218236
-18.849713
-13.953618
-12.130226
-2.510037
8.067233
11.894533
18.888712
21.266597
15.970639
12.060574
6.870372
-3.330026
-9.207385
-13.616085
-19.677537
-20.815134
-15.723194
-13.361488
-7.448196
5.115952
10.632787
16.535861
21.737984
18.247366
13.124772
9.339367
0.373125
-7.504225
-11.407478
-17.074347
-20.470108
-16.961609
-13.078621
-10.155269
1.859154
9.960277
14.182499
21.278177
20.747355
15.070098
11.598212
5.162103
-4.716260
-9.606736
-14.654568
-19.658463
-18.697466
-13.993638
-12.289456
-3.426075
7.978507
11.947666
18.444742
21.224533
15.994992
11.722360
7.608277
-2.209970
-8.932011
-13.039793
-18.633434
-20.441668
-15.857390
-13.396399
-8.169583
4.578999
10.471174
15.805279
21.260977
18.158129
13.086115
10.197333
1.552616
-7.250650
-10.967255
-16.350576
-20.268134
-17.387867
-13.351100
-10.741779
0.979219
9.699038
13.813972
20.661524
20.548957
14.952251
11.974573
5.467279
-4.914658
-9.704317
-14.510325
-20.025628
-19.701549
-14.637538
-12.717417
-4.118340
7.193259
11.441026
17.938614
21.141086
16.375610
12.496710
8.079495
-2.288307
-8.852822
-12.775660
-18.982206
-21.226576
-16.478641
-13.534171
-8.443764
4.039833
10.161570
15.544551
21.472658
18.711431
13.680288
10.470663
1.838378
-6.713356
-10.572161
-16.282456
-20.305089
-17.302717
-13.013738
-10.631084
0.522137
9.582554
13.698680
20.911353
21.304914
15.623229
11.935745
5.762236
-4.100800
-9.123598
-14.095477
-19.580126
-19.163574
-14.199700
-12.469803
-4.776376
7.065705
11.511871
17.956155
21.628482
16.696964
11.948006
8.053780
-1.577479
-8.677074
-12.676886
-18.502133
-20.740202
-16.556297
-13.672624
-9.413617
3.270762
9.971346
15.033484
21.318538
19.095966
13.412237
10.532652
3.010545
-6.281819
-10.468279
-15.769175
-20.015410
-17.711435
-13.468606
-11.381592
-0.433411
9.407997
13.193744
20.048107
21.148920
15.494994
12.233598
6.950412
-3.620216
-9.135008
-13.609614
-19.245999
-19.806113
-14.702082
-12.823854
-5.577803
6.568091
11.001825
16.969272
21.185705
16.697986
12.360300
8.935588
-1.077993
-8.645739
-12.194599
-18.021209
-21.227939
-17.147405
-13.765778
-9.636709
2.945662
9.800025
14.600413
21.190473
19.526311
14.175347
11.080844
3.012419
-6.350960
-10.151693
-15.425001
-20.451886
-18.272741
-13.498919
-11.542695
-1.146623
8.907318
12.873581
19.968748
21.535158
16.225917
12.471335
6.772280
-3.485509
-8.918047
-13.588156
-19.557135
-20.161697
-14.941352
-12.835094
-6.295102
5.952631
10.767324
16.993965
21.602426
17.480680
12.498924
8.690868
-0.379256
-7.892336
-11.945111
-17.822470
-20.642962
-16.629015
-13.360807
-9.854180
2.349615
9.829828
14.584575
21.214485
20.028523
14.305796
10.791847
3.881454
-5.452803
-9.900331
-15.098878
-19.665446
-18.069233
-13.461794
-11.713164
-1.999140
8.776358
12.925352
19.605500
21.521364
15.987839
11.938470
7.328647
-2.920968
-9.021929
-13.338327
-18.846818
-20.158291
-15.580824
-13.360807
-7.196665
5.445480
10.712998
16.304765
21.338974
17.537730
12.576239
9.554965
0.496932
-7.784367
-11.723893
-17.250776
-20.764215
-17.400299
-13.658830
-10.491269
1.775367
9.732587
13.877835
20.717212
19.943884
14.518670
11.758975
4.716601
-5.466087
-9.720666
-14.637368
-20.075355
-18.996852
-13.955321
-11.931147
-2.634525
8.103166
12.076071
18.924645
21.345104
16.208717
12.653555
7.665498
-2.884865
-8.931501
-13.036558
-19.179753
-20.742757
-15.747547
-13.269697
-7.554633
4.987546
10.391814
16.148942
21.641084
18.250772
13.263566
9.639604
0.674043
-7.271085
-11.136191
-17.123393
-20.894664
-17.245497
-13.298648
-10.602474
1.189368
9.590047
14.059714
21.020855
20.710230
14.994655
11.575563
4.941906
-4.681008
-9.264265
-14.476095
-19.652162
-18.772568
-13.947146
-12.224742
-3.468309
7.846526
12.071303
18.823658
21.816322
16.525643
12.004546
7.808890
-1.933064
-8.624792
-12.862171
-18.468073
-20.059858
-15.643154
-13.161216
-8.289814
4.411595
10.367802
15.517814
21.316154
18.365894
12.943915
10.030099
1.733814
-7.159540
-11.157990
-16.537905
-20.460401
-17.648935
-13.545752
-11.133296
0.353030
9.509666
13.514076
20.450865
20.620653
14.739718
11.732067
5.796977
-4.640477
-9.631770
-14.098372
-19.560201
-19.491741
-14.582702
-12.629884
-4.185268
7.398810
11.553764
17.960923
21.465506
16.692536
12.581348
8.665153
-1.618351
-8.583920
-12.485470
-18.585750
-21.147217
-16.536372
-13.686759
-8.842605
3.971543
10.049173
15.142645
21.117415
18.703086
13.610465
10.546616
1.891851
-7.059404
-10.698182
-16.312599
-20.896707
-18.047435
-13.382435
-11.185408
-0.157867
9.049688
13.171094
20.407609
21.120310
15.618290
12.038095
5.891493
-4.106760
-9.168216
-13.963325
-19.641093
-19.370999
-14.165810
-12.333734
-4.680327
7.286753
11.716740
18.187080
22.043160
17.445769
12.557507
8.316210
-1.167910
-8.181334
-12.425355
-18.296242
-20.583527
-16.313791
-13.355868
-9.386710
3.116131
9.950399
15.079635
21.175657
19.146715
13.391972
10.243314
2.744368
-6.334100
-10.703972
-16.009978
-20.250593
-18.128668
-13.765267
-11.713164
-1.113585
8.826767
12.938295
19.845281
21.091189
15.319245
11.751481
6.706885
-3.411259
-9.080512
-13.590711
-18.907104
-19.359929
-14.602627
-12.631927
-5.575759
6.777559
11.376483
17.233576
21.492243
17.159155
12.611151
9.116616
-0.634023
-8.245877
-12.032475
-17.830985
-20.783629
-16.919715
-13.749770
-9.857586
2.739940
9.793043
14.452253
20.848342
19.024100
13.685908
10.949203
2.897467
-6.687471
-10.612692
-15.727622
-20.558323
-18.750770
-14.030252
-11.882441
-1.431704
8.633988
12.697663
19.799301
21.324498
16.013724
12.661048
6.998096
-3.446511
-8.687122
-13.265099
-19.411189
-19.980669
-14.738526
-12.735469
-5.860669
6.445817
11.145728
17.180613
21.883079
17.819064
13.118982
9.133305
-0.557218
-7.936103
-11.814322
-17.970119
-20.930426
-16.690493
-13.310569
-9.973560
2.263103
9.533167
14.357397
21.076032
19.585575
13.969796
10.722194
3.371579
-5.978346
-10.399648
-15.597343
-20.258597
-18.269335
-13.599907
-11.787244
-1.827138
8.837666
12.761354
19.791467
21.771533
16.138383
11.933872
7.278919
-2.593313
-8.704492
-13.181652
-18.841880
-19.727945
-15.046597
-12.943745
-6.703138
5.905799
11.204651
16.899279
21.776983
17.816169
12.481553
9.454829
0.497443
-7.757630
-11.709588
-17.222847
-20.704269
-17.364706
-13.808353
-10.683366
1.602343
9.514775
13.777699
20.516600
19.747359
13.969966
11.168037
4.267693
-5.732604
-10.292530
-15.060220
-20.029545
-18.849713
-13.991424
-12.024982
-2.359833
8.437293
12.310232
18.927029
21.270173
16.218424
12.678249
7.851464
-2.724954
-8.788109
-12.820448
-18.936396
-20.460061
-15.424660
-12.939317
-6.945133
5.637067
10.884149
16.537564

