5.065543
4.522290
10.726963
10.684899
2.790689
4.204341
3.017187
-3.213031
-3.265142
-3.831216
-8.172989
-6.867988
-5.384684
-8.325747
-3.162112
4.411595
4.254069
8.177246
12.300355
4.769734
2.821514
4.287107
-1.917907
-4.341602
-3.284046
-6.844487
-8.193084
-5.553109
-7.987022
-6.266151
2.243178
4.257134
5.614076
12.086289
7.957050
2.294779
4.834107
0.654800
-4.270758
-3.019401
-4.656655
-8.030108
-5.709784
-6.350109
-7.537092
0.044959
4.900013
4.488400
10.458231
11.234454
3.482785
4.233462
3.077132
-3.335646
-3.778764
-3.532512
-7.802589
-7.208926
-5.421298
-7.878372
-3.168413
4.078150
4.107271
7.518189
12.268679
5.257981
2.658708
4.321337
-1.849277
-4.703147
-3.086158
-6.857770
-8.950404
-5.717959
-7.459436
-6.199053
2.205883
4.262413
5.171640
12.085097
8.428097
2.180679
4.700082
0.856434
-4.356759
-2.880267
-4.805326
-8.849076
-6.033693
-5.890642
-7.613216
-0.247274
5.049195
4.470519
10.344471
11.232580
3.098590
3.769568
3.098931
-3.368684
-3.412621
-3.143208
-8.024148
-7.253204
-5.143029
-8.243322
-4.099948
3.802265
4.066229
7.484811
12.492452
5.252021
2.307040
4.501002
-1.620225
-4.720347
-3.177438
-6.742818
-8.446148
-5.205870
-7.403578
-6.577287
2.040693
4.423005
5.163806
11.820112
8.523124
2.189193
4.855394
1.248462
-4.109315
-3.039667
-4.741124
-8.473226
-5.926234
-6.036077
-7.969482
-0.745910
5.053282
4.403761
9.959936
11.617797
3.578152
3.906148
3.612212
-3.055164
-3.986188
-3.415687
-7.497583
-7.619858
-5.639110
-8.346864
-4.277570
3.552267
3.948212
6.930998
12.426036
5.892175
2.420119
4.506963
-1.228537
-4.796641
-3.153597
-6.142855
-8.688654
-5.739757
-7.333755
-6.762062
1.588208
4.431350
4.861866
11.638744
9.309564
2.418246
4.511050
1.570497
-4.275697
-3.253392
-4.194123
-8.648804
-6.471532
-5.545105
-7.466078
-0.921318
4.966429
4.301582
9.641307
11.772088
3.640652
3.503561
3.760372
-2.864429
-3.819125
-3.077473
-7.712160
-7.950578
-5.240270
-7.908174
-4.418577
3.667389
4.178286
6.828478
12.443066
5.995376
1.963207
4.281827
-1.110860
-4.636220
-3.096206
-6.348406
-8.841753
-5.524158
-7.143532
-7.289989
0.951460
4.407167
4.916191
11.390618
9.146929
2.160243
4.450594
1.588549
-4.111699
-3.134353
-4.313162
-8.349248
-6.004572
-5.727666
-8.122240
-1.622779
4.610504
4.120554
9.238890
11.826754
3.803287
3.537110
3.886053
-2.541883
-3.924881
-3.366130
-7.385526
-7.572174
-5.413124
-8.199896
-4.777227
3.577130
4.281657
6.503718
12.177740
6.465401
2.372605
4.581043
-0.584466
-4.473243
-3.133672
-5.710466
-8.449384
-5.834784
-7.171290
-7.140636
1.176596
4.825081
4.859992
11.370523
10.129384
2.906493
4.629067
2.223764
-3.894908
-3.421988
-3.761053
-8.156981
-6.741285
-5.616120
-7.818937
-1.886061
4.491465
4.041876
8.921794
12.213673
4.384858
3.160068
3.854547
-2.752202
-4.338367
-3.147466
-7.386037
-8.348737
-5.389111
-7.936954
-5.424874
2.839906
3.890651
5.775860
12.138912
6.996564
2.075093
4.685436
-0.298875
-4.658869
-2.908025
-5.727836
-9.092774
-5.723919
-6.402731
-7.100616
0.944989
5.031824
4.924706
11.276007
10.188648
2.436978
4.363230
2.662625
-3.566912
-2.953666
-3.564358
-8.308377
-6.549869
-5.263090
-8.115598
-2.400364
4.564183
4.256283
8.695807
12.412071
4.420791
2.960307
4.123449
-2.388954
-4.267182
-3.220354
-7.357427
-8.191211
-5.333594
-8.090394
-6.017004
2.591440
4.097053
5.805322
12.199538
7.343973
2.212865
4.879747
0.241654
-4.328149
-2.780642
-4.962853
-8.093459
-5.416700
-6.418569
-7.575239
0.353881
4.812309
4.528591
10.752848
10.734456
3.165858
4.511901
3.169775
-3.321171
-3.607784
-3.590754
-7.670266
-6.838015
-5.417722
-7.835456
-2.551419
4.581383
4.129239
7.864237
12.092761
4.782847
2.617325
4.138947
-1.973084
-4.538809
-3.181866
-6.950072
-8.863381
-5.976473
-7.835967
-6.040335
2.405814
4.476479
5.643879
12.181827
8.186443
2.206564
4.455362
0.515154
-4.644905
-3.060102
-4.735504
-8.694615
-6.167548
-6.104027
-7.343122
-0.061648
4.815034
4.528250
10.692562
11.463165
3.379243
4.126004
3.197363
-3.390312
-3.567083
-3.247261
-7.891144
-7.201093
-5.048513
-7.862534
-3.620897
3.756625
3.757647
7.333415
12.112175
5.021436
2.373287
4.181351
-1.579693
-4.208088
-3.063679
-7.176570
-8.672816
-5.402224
-7.249628
-6.079503
2.339738
4.519394
5.468811
11.989049
8.192573
2.090761
4.678454
0.961849
-3.991638
-2.880948
-4.891498
-8.371387
-5.755424
-6.230899
-7.898126
-0.364099
5.080530
4.653590
10.405268
11.525154
3.537280
4.014117
3.254584
-3.169094
-3.647464
-3.562314
-7.585798
-7.076945
-5.500998
-8.555310
-4.200084
3.564358
3.764118
7.080351
12.278387
5.657843
2.781493
4.622255
-1.476833
-4.704850
-3.325428
-6.351641
-8.472204
-5.721365
-7.480724
-6.517342
1.716784
4.340921
4.945312
11.628696
8.985315
2.426931
4.750831
1.499312
-3.974097
-3.082071
-4.272972
-8.373260
-6.407329
-5.947692
-7.523128
-0.502041
5.058902
4.474095
9.867293
11.879546
3.700256
3.613234
3.574916
-3.166028
-3.968648
-3.071002
-7.804973
-7.929802
-5.395072
-7.969141
-4.472392
3.556013
4.038981
6.933893
12.617111
6.122759
2.344506
4.572868
-1.302447
-4.849604
-3.011908
-6.385020
-8.974246
-5.433900
-6.878887
-6.750822
1.497780
4.415853
4.875830
11.704479
9.379557
2.175229
4.566738
1.801082
-3.937483
-2.908366
-4.308053
-8.614404
-6.237371
-5.580527
-8.138078
-1.530477
4.743678
4.079342
9.270736
11.715548
3.425223
3.192254
3.582409
-2.972398
-3.927095
-3.239768
-7.669926
-7.618666
-5.214214
-8.217778
-4.891498
3.489767
4.247427
6.675209
12.434891
6.158182
2.190386
4.742827
-0.777585
-4.688842
-3.274679
-5.990097
-8.400168
-5.538974
-7.190364
-7.122414
1.251357
4.734312
4.759686
11.344637
9.855543
2.718994
4.630089
2.146959
-3.711666
-3.450768
-4.033531
-8.121729
-6.645748
-5.851473
-8.085455
-1.899515
4.595859
4.066910
8.854185
11.843102
4.060098
3.233978
3.870044
-2.690554
-4.383666
-3.116642
-7.039819
-8.081368
-5.418914
-7.771083
-5.208424
2.837692
3.934077
6.057024
12.363706
7.095167
2.251012
4.680838
-0.220197
-4.662275
-3.212861
-5.721876
-8.882625
-5.880765
-6.572689
-6.790842
1.187154
5.034549
4.789829
11.166845
10.163954
2.498116
4.196508
2.276557
-3.622600
-3.032684
-3.645250
-8.344310
-6.765979
-5.341598
-8.094481
-2.437660
4.367147
4.207066
8.793729
12.180124
4.306861
2.990110
3.870044
-2.668926
-4.382644
-3.261736
-7.443428
-8.086477
-5.078145
-7.831369
-5.308560
2.785410
3.965923
5.813496
11.965547
6.990262
2.251523
4.964897
0.166042
-4.124131
-2.828155
-5.490269
-8.392334
-5.403757
-6.634508
-7.569109
0.577995
5.023650
4.790681
11.094298
10.538953
2.804654
4.466431
2.685274
-3.447533
-3.257990
-3.731421
-7.878372
-6.488562
-5.510194
-8.116279
-2.493007
4.581554
4.124641
8.354868
12.196643
4.523482
3.060784
4.127707
-2.234152
-4.479885
-3.236873
-6.795270
-8.215564
-5.767686
-8.094481
-5.885192
2.629587
4.110847
5.504915
12.118135
7.996900
2.372605
4.606928
0.231096
-4.670109
-3.327642
-5.120890
-8.763926
-6.129912
-6.420272
-7.460117
0.205040
4.793746
4.280635
10.410207
10.983263
3.020593
4.221712
3.202983
-3.548690
-3.402574
-3.190041
-8.114406
-7.374627
-5.264623
-7.948875
-3.120729
4.200935
4.169089
8.090905
12.642486
4.927090
2.419097
4.151378
-1.998118
-4.511050
-2.865280
-6.850788
-8.591924
-5.114079
-7.419756
-6.128379
2.288137
4.341432
5.424704
12.119157
8.157832
2.011061
4.623277
0.567947
-4.668917
-3.068958
-5.152396
-8.999450
-5.920274
-6.066220
-7.746731
-0.417914
4.795279
4.412447
10.271583
11.081014
3.102507
4.171985
3.426245
-3.298691
-3.566401
-3.600972
-7.961137
-7.012572
-5.217961
-8.235318
-3.700597
4.105568
4.053797
7.535560
12.346336
5.233458
2.536603
4.474436
-1.390491
-4.272802
-3.033195
-6.348235
-8.117131
-5.490950
-7.736342
-6.606409
2.009869
4.623617
5.292382
11.675528
8.660725
2.399172
4.655123
1.048871
-4.201276
-3.192595
-4.400015
-8.266653
-6.298338
-6.327799
-7.749115
-0.596387
4.818099
4.329341
9.956190
11.516809
3.652062
3.796986
3.366811
-3.187827
-4.064015
-3.304311
-7.534538
-7.667882
-5.419254
-7.823365
-3.854207
3.796305
4.099948
7.121393
12.657813
6.333079
2.750329
4.573209
-1.163994
-4.697698
-3.099952
-6.333760
-8.850949
-5.594492
-6.983621
-6.486177
1.719849
4.634006
5.107267
11.866774
9.239571
2.300739
4.495553
1.422167
-4.291534
-3.113065
-4.344157
-8.675882
-6.381614
-5.829675
-7.881267
-1.362732
4.402569
3.851993
9.353161
11.380400
3.270762
3.309761
3.349270
-3.149169
-3.967966
-3.471034
-8.017676
-7.585287
-5.035230
-8.054461
-4.426071
3.778594
4.388605
6.913287
12.250117
5.926234
2.251523
4.672834
-0.914676
-4.295962
-2.860171
-6.175552
-8.544752
-5.489077
-7.245711
-7.221869
1.339061
4.808392
5.228519
11.831011
9.705850
2.559764
4.749128
1.643045
-4.203830
-3.448214
-4.390989
-8.182696
-6.403412
-6.109476
-8.515971
-1.915182
4.365955
3.711496
8.925029
11.881590
4.134008
3.663812
3.885031
-2.704348
-4.226651
-3.356934
-7.140807
-7.774830
-5.445140
-8.025169
-4.910060
3.293753
4.128899
6.149156
12.204988
6.850958
2.470527
4.820653
-0.317267
-4.554306
-2.843652
-5.418403
-8.747067
-5.766664
-6.590741
-6.840229
1.087189
4.908187
4.756791
11.239392
10.208402
2.558913
4.280295
2.385037
-3.977503
-3.379583
-3.789152
-8.622919
-7.089887
-5.642687
-8.013248
-2.161775
4.607950
4.066229
8.635691
12.261868
4.375151
2.951963
3.945827
-2.685615
-4.348244
-2.926247
-7.423162
-8.282832
-5.145924
-7.745368
-5.677428
2.833264
4.142693
6.003039
12.239558
7.108280
1.878398
4.630089
-0.127384
-4.518032
-2.800907
-5.502701
-8.552756
-5.415678
-6.440026
-7.625989
0.357458
4.708256
4.545450
10.951417
10.467768
2.460480
4.229716
2.632822
-3.699405
-3.587518
-3.976652
-8.097206
-6.631442
-5.304813
-8.141143
-2.667393
4.586152
4.183224
8.240427
12.169055
4.692078
3.135034
4.366296
-1.868350
-4.097394
-3.075429
-6.779773
-7.968800
-5.412613
-7.875647
-5.713872
2.835138
4.519905
5.845342
12.141296
7.812636
2.429145
4.868507
0.486714
-4.468645
-3.248794
-4.920789
-8.355549
-6.368331
-7.025855
-7.811785
-0.100987
4.690545
4.328489
10.394199
10.957888
3.216948
3.894738
2.857958
-3.485509
-3.688335
-3.381797
-7.867643

