0.762769
-9.422643
-12.904406
-16.159330
-17.356021
-11.875289
-7.540158
-5.669253
0.721216
6.912436
10.663271
17.109769
18.343925
13.911043
10.563135
4.004070
-7.001332
-12.369326
-14.759472
-17.762014
-14.326743
-8.855547
-6.833417
-2.306189
5.118166
8.882625
14.539446
18.592392
15.498400
11.772088
6.686960
-3.754411
-11.502164
-13.556991
-17.322642
-16.689641
-10.629722
-7.146086
-4.062993
3.364767
8.365938
12.773957
18.491745
17.373902
13.208049
9.216922
0.494889
-9.225096
-12.312276
-15.712125
-17.889057
-12.874603
-7.864237
-5.350624
0.661441
7.079840
10.761704
16.857897
18.539940
14.465025
10.435922
3.767014
-6.341594
-11.713164
-14.584916
-18.521547
-15.345471
-9.082896
-6.562131
-2.335310
5.105393
9.019034
14.392989
18.640075
15.669380
11.307853
6.551402
-2.945662
-10.746717
-13.246196
-17.407111
-16.827583
-10.315520
-6.822007
-4.395417
2.768380
7.937295
12.334755
18.357209
17.560380
12.853656
9.143693
1.385553
-8.635351
-12.633630
-16.059024
-17.652341
-12.175185
-7.430826
-5.824225
0.151736
6.744862
10.167701
16.479662
18.495151
14.161212
10.568074
4.874127
-5.947522
-12.258121
-14.865228
-18.215690
-15.072141
-8.971861
-6.927763
-2.905641
4.845176
8.734635
14.145885
18.597841
15.545402
11.913776
7.731404
-2.443961
-11.015790
-13.351781
-16.942535
-16.737155
-10.849748
-7.493326
-4.848753
2.689191
7.814850
11.963163
18.237318
17.603976
13.329812
9.681157
1.477684
-8.912257
-12.375627
-15.146903
-17.554249
-13.017654
-8.010694
-6.006105
-0.292403
6.507124
10.097027
16.134466
18.477440
14.672961
10.871036
4.426411
-6.236860
-12.036562
-14.182329
-18.259627
-15.886511
-9.540490
-6.608963
-2.638612
4.788807
8.893183
13.941016
18.624067
16.068561
11.765616
7.132803
-2.281666
-10.478156
-12.958220
-17.135143
-17.545223
-11.345148
-7.017340
-4.491806
2.491644
8.073023
11.980534
18.018484
17.996005
13.392142
9.320123
1.971381
-7.820640
-11.996712
-15.510491
-18.120323
-13.153894
-7.642337
-5.916357
-0.570502
6.355047
10.062967
16.082696
18.724884
14.590025
10.621718
5.269221
-5.051579
-11.835439
-14.397246
-17.922946
-15.379361
-9.157998
-6.892341
-3.507989
3.961836
8.269378
13.442550
18.572978
16.119991
11.906454
7.912261
-1.374994
-10.537761
-13.581174
-17.082691
-17.048631
-11.032820
-7.416180
-5.179303
2.023152
7.641145
11.464357
17.836435
17.631565
13.402530
10.156291
2.571004
-8.128881
-12.443066
-15.134641
-17.811571
-13.584409
-8.489234
-6.418909
-0.944308
6.185259
9.772437
15.860115
18.530403
14.871529
11.442389
5.718129
-5.148990
-11.861495
-13.978141
-17.723015
-16.034501
-10.131427
-7.196154
-3.463030
4.016672
8.393015
13.407298
18.582855
16.599894
12.553590
8.185421
-1.254593
-10.116952
-12.549162
-16.285692
-17.426525
-11.715719
-7.258313
-4.858800
1.696348
7.621561
11.419228
17.539774
18.223354
13.964517
9.856224
2.422673
-7.626840
-11.789288
-15.060050
-18.395356
-14.183181
-8.227655
-6.028243
-1.010043
5.999122
9.619168
15.321629
18.623727
14.778887
10.559559
5.454506
-4.317250
-11.362348
-14.050858
-18.087285
-16.395364
-9.761708
-6.895065
-3.791196
3.780637
8.407831
13.171945
18.643141
16.800506
12.261186
8.403914
-0.016519
-9.433031
-12.823854
-16.593422
-17.381225
-11.234624
-7.054465
-5.343131
1.245056
7.341419
11.014257
17.468759
18.291303
13.757263
10.485819
3.742490
-7.227319
-12.446131
-14.981542
-17.833880
-13.824531
-8.373601
-6.672144
-1.894236
5.395072
8.910213
14.761175
18.461432
15.011345
11.465549
6.607771
-4.111869
-11.825732
-13.932501
-17.524106
-16.251973
-10.209594
-7.255418
-4.019226
3.795453
8.408853
12.937784
18.474545
17.000948
12.916497
9.122576
0.142370
-9.615592
-12.438808
-15.807322
-17.579964
-12.467248
-7.783345
-5.495208
0.962530
7.322856
11.171103
17.314298
18.442018
14.379025
10.555642
3.521613
-7.096188
-11.927911
-14.387539
-18.155915
-15.119655
-9.209088
-6.674698
-2.145938
5.112546
8.985996
14.634132
18.704108
15.722173
11.428935
6.161247
-3.700086
-11.125292
-13.443572
-17.590352
-16.828946
-10.361501
-6.664651
-4.026890
3.083433
8.096184
12.457371
18.224716
17.387186
12.973888
8.878878
0.748294
-8.739574
-12.393168
-16.083547
-17.890590
-12.183700
-7.103852
-5.263260
0.623294
7.104192
10.690859
16.732386
18.372706
13.946806
10.018178
4.117489
-6.161077
-12.143510
-14.982564
-18.257243
-14.884302
-8.952277
-6.696326
-2.531154
4.808051
8.649485
14.245510
18.582685
15.724727
11.808191
7.458414
-2.575602
-11.045081
-13.553074
-17.212970
-16.346318
-10.365759
-7.312809
-4.691737
2.634866
7.720164
12.277705
18.354143
17.344611
13.233764
9.879385
1.408543
-9.076766
-12.710776
-15.471492
-17.237323
-12.447153
-7.876669
-5.927937
0.045300
6.467955
9.985311
16.353812
18.309355
14.327765
10.989223
4.567759
-6.415333
-12.226616
-14.447314
-18.084560
-15.544551
-9.560585
-6.938662
-2.658197
4.945483
8.957556
14.134135
18.602610
15.945775
11.942387
7.064513
-2.731425
-10.731220
-12.811933
-16.903026
-17.413412
-11.342764
-7.231917
-4.387583
2.590077
8.093119
12.300014
18.269164
17.992939
13.621024
9.518351
1.488754
-8.326258
-12.066024
-15.518325
-18.207005
-13.280937
-7.713352
-5.710125
-0.268391
6.483964
9.967429
16.034501
18.626281
14.636857
10.440690
4.772118
-5.231074
-11.600256
-14.449528
-18.344947
-15.566519
-8.977311
-6.634848
-3.139291
4.449061
8.555140
13.635329
18.683502
16.108922
11.715548
7.700750
-1.403945
-10.250807
-13.192892
-16.970805
-17.075368
-10.776860
-7.096359
-4.984822
2.128226
7.737875
11.719636
17.998559
17.912218
13.081006
9.792192
2.524172
-8.303268
-12.781450
-15.486479
-17.794882
-13.201066
-8.206197
-6.567069
-0.979560
6.114755
9.530272
15.736137
18.529040
14.704296
11.379208
5.888939
-5.064522
-11.961460
-14.122725
-17.846993
-15.761682
-9.699379
-7.219315
-3.563166
4.167386
8.363213
13.399465
18.509967
16.243798
12.431485
8.238724
-1.360008
-10.483435
-12.738534
-16.157116
-17.155749
-11.733770
-7.542883
-4.979372
1.750333
7.566384
11.457716
17.676524
18.073661
13.864722
9.875127
2.209459
-8.168221
-12.173823
-15.186923
-18.439804
-14.258623
-8.417368
-6.037951
-0.897646
6.267514
9.900502
15.567371
18.737316
15.132938
10.708570
5.013091
-4.899332
-11.318581
-13.767992
-18.062932
-16.568729
-9.943758
-6.661585
-3.463030
3.856761
8.588008
13.484614
18.767800
16.804252
12.306486
7.974931
-0.510556
-9.566205
-12.848037
-16.633783
-17.472846
-11.365414
-6.979874
-4.994869
1.356261
7.325922
11.135169
17.429931
18.312590
13.633115
9.914977
3.345013
-7.001332
-12.368304
-15.437262
-18.098525
-13.694933
-8.150509
-6.518364
-1.714059
5.591427
9.225266
15.047107
18.529551
14.809540
11.388404
6.411927
-4.114764
-11.746032
-14.241423
-17.656769
-15.822819
-9.695802
-7.112878
-3.958259
3.707239
8.317232
13.154915
18.698829
16.729491
12.600933
8.965220
-0.058072
-9.913955
-12.882778
-15.975067
-17.208883
-11.888402
-7.747923
-5.512238
1.189368
7.271256
10.956185
17.419883
18.293517
14.281273
10.767494
3.475462
-7.518019
-12.223891
-14.643669
-18.160684
-14.654057
-9.076595
-6.700584
-1.861198
5.471366
9.201254
14.863185
18.506902
15.369483
11.639595
6.312813
-4.109315
-11.306831
-13.296604
-17.424141
-16.901493
-10.707038
-7.112026
-3.935099
3.333432
8.221865
12.775660
18.369130
17.164775
12.661730
8.450747
0.040020
-9.170941
-12.321983
-15.993118
-17.964840
-12.244667
-7.185425
-5.349943
0.855071
7.287604
10.837998
17.069578
18.661363
14.093433
10.027715
3.669092
-6.372758
-11.810575
-14.723880
-18.388884
-14.738696
-8.387566
-6.302255
-2.198900
5.142859
8.916514
14.455318
18.793344
15.450546
11.405434
7.041693
-2.588204
-11.064836
-13.846159
-17.610618
-16.631229
-10.214533
-7.168736
-4.695995
2.875158
7.903576
12.130567
18.151317
17.167159
12.726273
9.354012
1.319817
-9.017331
-12.832539
-15.894004
-17.407622
-12.135846
-7.662603
-6.095852
0.133855
6.744862
10.287251
16.699348
18.355506
14.192717
10.878529
4.627705
-6.522962
-12.230703
-14.300176
-17.705645
-14.966045
-9.316036
-6.998437
-2.619709
5.003384
8.925881
14.425686
18.709557
15.768153
11.942387
7.176910
-2.948557
-11.217935
-13.286557
-16.834566
-16.875267
-11.157649
-7.517338
-4.588876
2.664498
8.005415
12.208053
18.248217
17.700536
13.639757
9.541682
1.020261
-8.930308
-12.257610
-15.607221
-18.211433
-13.367959
-7.935422
-5.621399
-0.012432
6.660223
10.318245
16.338655
18.728120
14.842749
10.740927
4.511731
-5.653756
-11.441537
-14.144863
-18.135650
-15.500273
-9.177072
-6.446838
-2.712863
4.592282
8.749792
13.954980
18.696274
16.126122
11.704138
7.202455
-1.724448
-10.133811
-13.119493
-17.226594
-17.186914
-10.749953
-6.902899
-4.662957
2.293587
7.812125
11.861154
17.806292
17.446450
12.946980
9.259837
2.039841
-8.219481
-12.616941
-15.851430
-18.084730
-13.041667
-8.067063
-6.394897
-0.842128
6.138086
9.787253
16.127144
18.663406
14.412914
10.987520
5.700759
-5.053452
-11.960609
-14.454808
-17.800842
-15.214000
-9.367466
-7.238388
-3.500155
4.226140
8.378710
13.594798
18.753154
16.328778
12.447323
8.393867
-1.445838
-10.619504
-13.126305
-16.475746
-16.880546
-11.172806
-7.592099
-5.253042
1.826797
7.322516
11.294910
17.460244
17.543350
13.520888
10.138580
2.305167
-8.454663
-12.384312
-15.038082
-18.061570
-14.031615
-8.687632
-6.278753
-0.785419
6.284033
9.918213
15.799148
18.615382
14.925344
11.139768
5.336148
-4.996743
-11.391980
-13.532298
-17.825024
-16.378335
-10.035549
-6.942408
-3.398316
4.214900
8.677755
13.455153
18.784830
16.971316
12.510163
7.923841
-0.849111
-9.555987
-12.446131
-16.541140
-17.757927
-11.754717
-7.088014
-5.051408
1.428638
7.380758
11.146579
17.472335
18.190145
13.616937
9.681668
2.913475
-7.239069
-12.175185
-15.152863
-18.063443
-13.713496
-7.856914
-6.273644
-1.636233
5.626678
9.190866
15.187604
18.720967
14.977966
10.830164
6.249802
-3.834963
-11.554275
-14.258793
-17.896380
-16.067198
-9.536062
-6.934064
-4.006454
3.660066
8.187124
12.968779
18.556459
16.664267
12.317555
8.963857
0.183582
-9.807348
-13.059548
-16.291482
-17.495666
-11.872394
-7.710116
-5.736521
0.831740
7.165159
10.885341
17.225061
18.229314
14.008624
10.784354
3.943273
-7.165159
-12.343781
-14.657974
-17.716374
-14.312267
-9.015628
-6.829670
-1.888105
5.570991
9.226288
15.019860
18.781764
15.538250
11.955329
6.703990
-3.834282
-11.327437
-13.247217
-17.120157
-16.469615
-10.570969
-7.273129
-4.282509
3.121240
8.108446
12.732744
18.249069
16.956670
12.919392
8.691379
-0.080551
-9.522949
-12.394190
-15.870503
-17.904213
-12.790986
-7.660389
-5.279779
0.719002
7.007463
10.692733

