-14.041492
-19.869634
-19.972154
-14.692204
-12.721675
-5.389282
6.764957
11.435577
17.910855
22.106511
17.877306
12.997729
8.754049
-0.666550
-7.653577
-11.957203
-17.895358
-20.236799
-16.211442
-13.130563
-9.330852
2.927950
9.965386
15.044553
21.341869
19.462109
13.628347
10.328804
3.162793
-6.146772
-10.594811
-15.817370
-19.992249
-18.247877
-13.967412
-12.067556
-1.677956
8.703811
12.799672
19.610439
21.137510
15.304089
11.535713
6.806850
-3.310783
-9.185416
-13.543027
-18.959386
-19.728797
-15.023776
-13.010672
-6.193433
6.515299
11.454139
17.281090
21.861621
17.770699
13.077770
9.954657
0.329529
-7.722718
-11.589868
-17.207691
-20.644835
-17.087630
-13.618810
-9.904078
2.548184
9.746892
14.113528
20.577567
19.121851
13.815846
11.272941
3.609828
-6.463698
-10.496719
-15.524285
-20.733561
-19.181456
-14.397417
-12.359960
-2.233641
8.180312
11.862176
18.862316
20.786354
15.760320
12.444598
6.919759
-3.650359
-9.058884
-13.260330
-19.478968
-20.469938
-15.252658
-12.803589
-6.274836
6.095682
11.244842
17.320429
22.257566
18.399273
13.601439
9.620701
0.166212
-7.352659
-11.270046
-17.476593
-20.793676
-16.878503
-13.232572
-10.018519
2.168417
9.883983
14.468772
21.307639
20.308154
14.466899
10.747058
3.837177
-5.371911
-10.023798
-15.474898
-20.260470
-18.695933
-14.054264
-12.489387
-2.839225
8.096525
12.305294
19.168683
21.517106
16.141960
11.827605
7.202455
-2.475296
-8.688654
-13.136353
-18.512181
-19.628320
-15.042339
-12.800353
-7.211651
5.427940
10.994502
16.601767
21.775620
18.216542
12.918030
9.803942
1.274688
-7.260868
-11.544568
-16.830819
-20.359073
-17.369645
-13.752665
-10.807855
1.316581
9.691715
13.756241
20.446607
19.884961
14.067888
11.069264
4.481929
-5.565030
-10.202442
-14.931645
-20.210062
-19.596815
-14.688628
-12.763398
-3.469501
7.934570
11.836120
18.403871
21.156413
16.305958
12.821470
8.334773
-2.443961
-8.623430
-12.615408
-18.610954
-20.554747
-15.961613
-13.237681
-7.450751
5.174364
10.538782
16.091040
21.661179
18.549306
13.936077
10.702951
1.221384
-7.167714
-10.826758
-16.764232
-20.856006
-17.557825
-13.352973
-10.661738
0.851154
9.190014
13.524975
20.572799
20.185539
14.714173
11.642150
4.464218
-5.315031
-9.660380
-14.988695
-20.495994
-19.483566
-14.365571
-12.553760
-3.919261
7.576772
11.837993
18.674646
21.736111
16.712972
12.308529
7.584095
-2.031326
-8.385863
-12.696641
-18.569912
-20.119292
-15.845639
-13.168710
-8.272784
4.423346
10.730880
16.073329
21.932806
18.989188
13.352803
10.012559
2.080543
-6.545101
-10.813815
-16.423804
-20.057304
-17.383950
-13.486317
-11.335782
-0.036103
9.274483
13.373068
20.229135
20.551000
14.597518
11.233262
5.731242
-4.308735
-9.760686
-14.294045
-19.351585
-19.443205
-14.574698
-12.734277
-4.617657
7.254907
11.510679
17.860106
21.458694
16.745499
12.471506
8.806842
-1.329013
-8.662939
-12.453624
-18.031597
-20.583357
-16.449349
-13.497046
-8.796113
4.224948
10.534355
15.286548
21.366903
18.929754
13.695104
11.053426
2.509866
-6.831884
-10.641813
-16.067539
-20.882062
-18.522739
-13.972351
-11.606727
-0.439371
9.002004
12.911558
19.990206
20.670891
15.427555
12.361663
5.967276
-4.445825
-9.328638
-13.977970
-20.062583
-20.295722
-14.924322
-12.801886
-5.145584
6.785563
11.208228
17.682825
21.878651
17.483234
13.006244
8.617129
-1.115629
-8.161579
-12.021916
-18.152680
-20.561389
-16.145536
-13.117790
-9.124109
3.477846
10.291849
15.331166
21.753481
19.783974
14.151335
10.521242
2.815723
-5.989245
-10.492461
-15.999249
-20.206656
-17.917837
-13.544389
-11.634316
-1.247781
8.921964
13.163771
20.104647
21.365711
15.480007
11.434725
6.415333
-3.377710
-9.225777
-13.830662
-19.040959
-19.695759
-15.032462
-13.108253
-6.224939
6.161928
11.135680
17.138038
21.673100
17.436232
12.386015
9.205852
0.170640
-7.804292
-11.860473
-17.408133
-20.422254
-16.863516
-13.635840
-10.139772
2.539328
10.050876
14.519010
20.951203
19.500256
13.946124
11.182853
3.887756
-6.011214
-10.301556
-15.154055
-20.075866
-18.736465
-14.022248
-12.016807
-2.016340
8.464881
12.240580
19.068037
20.869800
15.656267
12.458733
7.295098
-3.336157
-9.096009
-13.302735
-19.250427
-20.458187
-15.539442
-13.222354
-6.535564
6.008829
10.867289
16.750949
21.706138
17.860787
13.370344
9.585789
-0.200101
-8.015462
-11.674336
-17.831496
-21.461419
-17.467397
-13.538599
-10.340554
1.848766
9.737355
14.459917
21.197796
19.985948
14.823675
11.372226
3.949404
-5.329336
-9.617805
-15.289443
-20.433153
-18.675498
-13.696977
-11.997563
-2.381120
8.430481
12.460266
19.573654
21.861792
16.565323
12.247562
7.445301
-2.278600
-8.316040
-12.998751
-18.625600
-19.564799
-14.982734
-12.844971
-7.359811
5.352157
10.948522
16.690152
22.012506
18.478632
12.943404
9.537084
1.089062
-7.192918
-11.329481
-16.896725
-20.255702
-17.157112
-13.496195
-10.924680
0.955207
9.623596
13.841391
20.697968
20.345790
14.244488
11.130401
5.030291
-5.166190
-10.085957
-14.624936
-19.661699
-19.212280
-14.558349
-12.836116
-3.811462
7.824046
11.760167
18.201385
21.372863
16.240392
12.409517
8.529936
-1.865285
-8.675711
-12.619325
-18.470798
-20.568371
-16.055277
-13.510159
-8.219821
4.729543
10.433878
15.555109
21.322114
18.295561
13.442039
10.663441
1.677445
-7.230725
-10.789633
-16.401155
-20.964657
-18.163409
-13.711963
-11.137724
0.363077
9.138584
13.088499
20.287377
20.544699
15.289954
12.146916
5.336319
-4.940714
-9.415831
-14.227458
-20.072971
-19.572973
-14.303582
-12.363195
-4.098415
7.720675
11.830670
18.358401
21.971634
17.302547
12.996537
8.312975
-1.515320
-8.065019
-12.316874
-18.573148
-20.598173
-15.967403
-13.138396
-8.653913
3.942422
10.373422
15.655926
21.656581
19.138200
13.581003
10.117974
2.197368
-6.376675
-10.756254
-16.430616
-20.421232
-17.936400
-13.620343
-11.574200
-0.622613
9.102481
13.225760
20.204442
21.069050
15.222175
11.296953
6.066390
-3.631285
-9.212834
-13.926200
-18.953766
-19.070251
-14.477457
-12.771743
-5.441563
6.926230
11.565685
17.551695
21.639722
17.154728
12.385845
8.865254
-0.595876
-8.170945
-12.117795
-17.602273
-20.241908
-16.563109
-13.497387
-9.581702
3.204516
10.346685
14.906440
21.260806
19.233567
13.673987
11.030436
3.276042
-6.487199
-10.566711
-15.682834
-20.411525
-18.693209
-14.124087
-11.939492
-1.302276
8.816549
12.458563
19.408805
20.830631
15.610286
12.582030
6.974765
-3.646782
-9.027038
-13.450384
-19.625425
-20.661695
-15.609264
-13.388225
-6.215232
6.185770
10.566030
16.645363
21.271365
17.483745
13.556991
9.488208
-0.614779
-7.890803
-11.554956
-17.697130
-21.071264
-16.923973
-13.305289
-9.721518
2.527237
9.785891
14.566013
21.321092
19.873721
14.507430
11.107240
3.389631
-5.713190
-9.821994
-15.618290
-20.460401
-18.363680
-13.702767
-11.889424
-1.888275
8.788109
12.869494
19.947972
21.899257
16.293185
12.020384
6.890638
-2.766166
-8.495365
-13.170072
-19.008602
-19.796576
-15.116079
-13.041837
-7.035051
5.312647
10.842255
16.794375
21.828924
17.981529
12.565170
9.315525
0.722238
-7.477318
-11.532647
-17.292159
-20.267282
-17.079966
-13.636351
-10.749783
1.302276
9.512731
13.786554
20.657607
20.137514
14.140606
11.172806
4.877533
-5.216258
-10.027715
-14.779908
-19.552878
-18.617426
-13.886520
-12.341738
-3.045116
8.210284
12.129205
18.615212
21.320752
16.125951
12.417180
8.234297
-2.202817
-8.804798
-12.770891
-18.630028
-20.632233
-15.911886
-13.191700
-7.614749
5.032335
10.618142
15.835421
21.276474
18.037898
13.210603
10.250126
1.086508
-7.511718
-11.214529
-16.810553
-21.282434
-18.195254
-13.943911
-11.006083
0.778607
9.404251
13.492107
20.475217
20.373208
15.110799
11.976617
4.876511
-5.062478
-9.459598
-14.522927
-20.341022
-19.557987
-14.215708
-12.410028
-3.767014
7.667201
11.957032
18.760306
21.968739
17.313787
13.024466
8.171456
-1.711335
-8.035387
-12.371540
-18.457174
-20.183495
-15.411036
-12.688296
-8.056845
4.308905
10.414294
15.907628
21.867582
19.121340
13.541835
9.875468
1.770599
-6.698540
-10.989394
-16.784668
-20.488671
-17.655236
-13.691357
-11.537075
-0.344515
9.033510
13.290984
20.212105
20.632063
14.811925
11.129379
5.577632
-4.135200
-9.498256
-14.309713
-19.290788
-19.293683
-14.560904
-12.814658
-5.137409
7.053443
11.650835
18.004009
21.741561
17.008611
12.650490
9.295940
-0.545127
-8.048841
-12.072325
-17.682314
-20.386832
-16.385828
-13.364213
-9.025506
3.665686
10.234628
15.002148
21.124738
18.831491
13.431481
10.770048
2.867835
-6.573881
-10.594811
-15.844618
-20.417145
-18.492767
-14.185224
-11.892659
-1.035418
8.655446
12.536049
19.516604
20.577737
15.246698
12.265444
6.338869
-4.432201
-9.371723
-13.720819
-19.627469
-20.229987
-14.998232
-12.864045
-5.572183
6.606749
11.159692
17.521211
21.807977
17.518316
13.414962
9.354694
-0.797680
-7.918562
-11.652197
-17.968927
-20.960569
-16.529560
-13.263055
-9.364741
3.029619
9.915658
14.779738
21.483728
19.733054
14.326572
10.885171
2.994708
-6.070648
-10.077272
-15.865053
-20.654372
-18.338135
-13.659171
-11.864901
-1.807043
8.430140
12.564148
19.732884
21.449668
15.876123
11.769703
6.594488
-3.261396
-8.928776
-13.609954
-18.982547
-19.462279
-14.698505
-12.733425
-6.423678
5.897284
11.062963
17.072303
21.831308
17.823832
12.589012
9.378535
0.553131
-7.564681
-11.774302
-17.254353
-20.254680
-16.762189
-13.364383
-10.211808
2.061640
10.086809
14.388902
20.892109
19.835745
13.904572
10.857923
4.220349
-5.552598
-10.279928
-15.058858
-20.011663
-18.951893
-14.255898
-12.492282
-2.745731
8.356401
12.194259
18.922261
21.245990
15.982049
12.421608
7.913624
-2.640315
-9.023632
-13.047627
-18.823828
-20.580121
-15.844618
-13.294731
-7.184233
5.539996
10.572672
16.115223
21.375758
17.957517
13.344969
10.203123
0.715085
-7.528237
-11.236327
-16.986132
-20.959377
-17.570938
-13.656957
-10.692733
1.290015
9.443590
13.752154
20.603963
20.092385
14.899629
11.709077
4.175220
-5.586999
-9.762219
-14.857565
-20.563262
-19.270863
-14.024973
-12.205499
-3.132650
8.120367
12.157304
19.154378
21.834033
16.875948
12.591396
7.573366
-2.178294
-8.284364
-12.758630
-18.754176
-20.164592
-15.521390
-13.045924
-7.620880
4.992655
10.796274
16.426189
22.048099
18.832684
13.379369
9.684222
1.422507
-6.706715
-11.024986
-16.720976
-20.173277
-17.174142
-13.407809
-11.082377
0.346048
9.309053
13.703108
20.564624
20.566838
14.706169
11.226109
5.308049
-4.537787
-9.635517
-14.417512
-19.148077
-18.855674
-14.237847
-12.534686
-4.231078
7.435254
11.726277
18.275806
21.611963
16.509635
12.225253
8.458921
-1.453842
-8.546625
-12.597697
-18.028191
-20.199503
-16.093935
-13.328791
-8.519547
4.394395
10.520731
15.402011
21.233899
18.560886

