-50.077438
-56.853635
-62.362637
-67.327533
-72.132690
-75.767211
-77.357122
-76.697043
-73.279483
-67.784957
-60.266938
-51.831858
-42.559249
-32.786642
-23.185185
-12.979337
-1.253911
10.630063
22.120305
34.062862
45.123271
54.364545
62.481676
69.161143
75.140170
78.543595
78.034571
75.189897
71.120773
66.066299
60.340507
53.996699
46.983957
38.302967
27.796200
15.626465
2.565554
-10.792358
-24.046046
-35.829544
-45.418058
-52.828959
-58.980329
-64.145156
-69.405181
-73.994398
-76.958963
-77.594689
-75.946706
-71.454900
-65.024410
-56.924309
-48.267841
-38.774695
-28.994424
-19.318547
-8.597204
3.369365
15.164954
26.964290
38.683925
48.942566
57.597671
65.099852
71.484702
76.794284
78.552621
77.138628
73.785782
69.368567
63.854456
57.845797
51.360130
43.635539
34.037147
22.958687
10.463510
-2.604042
-16.091892
-28.689759
-39.753744
-48.458747
-55.563450
-61.282941
-66.379990
-71.344887
-75.369733
-77.364615
-77.081578
-74.164186
-69.130148
-62.017270
-53.680113
-44.633320
-34.879446
-25.153501
-15.072823
-3.745215
8.227825
19.693715
31.518936
42.781830
52.357571
60.662372
67.646674
73.881320
78.134026
78.452485
76.012611
72.175435
67.394972
61.701025
55.381230
48.661573
40.303980
30.032567
18.150296
5.234310
-7.975953
-21.360091
-33.440420
-43.552603
-51.275662
-57.633775
-62.934331
-68.139349
-72.925431
-76.224804
-77.418940
-76.177291
-72.263309
-66.343546
-58.510474
-50.029244
-40.734325
-30.926807
-21.233729
-10.892664
0.930343
12.721845
24.525268
36.400216
47.004563
55.783646
63.653503
69.978237
75.714248
78.418595
77.514648
74.438538
70.153305
65.051488
59.244292
52.680288
45.382125
36.195857
25.367567
13.096333
0.107799
-13.444935
-26.344742
-37.564720
-46.648809
-53.943736
-59.743098
-64.977578
-70.079735
-74.517557
-76.882158
-77.049221
-74.672018
-69.898708
-63.182626
-54.976429
-46.083076
-36.470039
-26.879311
-17.035348
-5.959783
5.925042
17.234598
29.277120
40.773664
50.418888
58.819226
66.102232
72.354930
77.129092
78.141519
76.182059
72.688375
68.151440
62.699148
56.539774
49.906288
41.871241
31.768424
20.277500
7.580178
-5.636556
-18.986634
-31.291246
-41.596208
-49.693925
-56.467737
-62.033108
-67.162854
-72.037663
-75.653621
-77.055863
-76.248986
-72.751556
-67.174775
-59.650115
-51.396915
-42.149510
-32.391378
-22.838116
-12.757097
-1.054491
10.731391
22.293329
34.112590
44.961997
53.987673
62.124559
68.777800
74.709824
78.031506
77.626875
74.748823
70.657390
65.706117
59.955972
53.541320
46.441385
37.711178
27.285303
15.191521
2.212524
-11.256593
-24.299281
-35.859517
-45.279605
-52.686759
-58.798279
-63.976560
-69.130829
-73.724474
-76.485361
-77.101333
-75.163160
-70.788690
-64.325162
-56.237664
-47.602143
-38.167409
-28.498513
-18.879516
-8.103848
3.810780
15.244995
27.042968
38.738591
48.709767
57.162217
64.763001
71.096250
76.303312
77.746936
76.304674
73.089259
68.561350
63.142776
57.167326
50.547804
42.887415
33.369405
22.291967
9.861844
-3.124816
-16.664607
-29.258047
-39.951461
-48.382793
-55.379527
-60.952902
-66.045182
-71.004118
-74.945859
-76.842308
-76.473611
-73.380470
-68.189076
-60.876097
-52.594457
-43.581894
-33.863783
-24.224690
-14.368125
-2.903427
8.824723
20.215171
32.040392
43.171304
52.415303
60.599702
67.387819
73.456764
77.350140
77.573572
75.011424
71.116686
66.202709
60.567345
54.157972
47.131266
38.879939
28.789725
16.896895
4.220860
-8.976800
-22.260972
-34.186670
-43.927431
-51.567895
-57.834217
-63.028336
-68.103756
-72.697742
-75.846910
-76.722928
-75.402090
-71.343865
-65.245458
-57.240043
-48.766136
-39.515325
-29.755660
-20.059688
-9.591239
2.086503
13.625962
25.227070
36.991153
47.298159
56.107215
63.851561
70.227895
75.661625
77.810969
76.606785
73.447909
69.165741
63.932453
58.018310
51.521744
44.066736
34.778459
23.894991
11.544568
-1.349279
-14.687947
-27.427673
-38.492509
-47.253711
-54.370846
-60.034650
-65.086569
-69.913694
-74.210678
-76.397998
-76.351166
-73.671511
-68.812541
-61.933483
-53.668703
-44.814689
-35.098621
-25.399923
-15.495334
-4.340751
7.495369
18.746001
30.392068
41.670288
51.181827
59.360777
66.457306
72.579895
77.045986
77.595030
75.364113
71.611745
66.889865
61.268466
55.069753
48.273972
40.116821
30.144623
18.523421
5.818776
-7.289478
-20.564965
-32.698086
-42.841775
-50.641979
-57.224546
-62.517439
-67.618064
-72.405338
-75.928654
-77.209302
-76.053824
-72.118214
-66.283260
-58.530910
-50.186259
-40.864093
-30.848299
-20.942347
-10.809217
0.807217
12.482745
24.087429
35.987922
46.414137
55.173465
62.904869
69.583825
75.306892
78.294277
77.385562
74.333634
70.068666
64.929213
58.895860
52.392483
45.068605
36.028794
25.453908
13.264588
0.333786
-13.021571
-25.983368
-37.462030
-46.594654
-53.800855
-59.713806
-64.702545
-69.773878
-74.275391
-76.818296
-77.104568
-74.815069
-70.169142
-63.437564
-55.210931
-46.349423
-36.763634
-27.077198
-17.240388
-6.247078
5.681685
17.191853
29.052326
40.559939
50.367287
58.893817
66.223655
72.420495
77.351672
78.464236
76.486553
72.992189
68.287679
62.701191
56.504692
49.668550
41.790519
31.993049
20.738500
8.125816
-4.947186
-18.407958
-31.013489
-41.681698
-49.891302
-56.650809
-62.053714
-67.118066
-72.010245
-75.875180
-77.522312
-76.926436
-73.570865
-68.080596
-60.470956
-51.996878
-42.770250
-32.911301
-23.265736
-13.082538
-1.418761
10.447843
22.080285
33.971923
44.906821
54.129532
62.342542
69.096259
75.102874
78.625679
78.370060
75.700624
71.572576
66.656896
60.944557
54.501636
47.271592
38.565057
28.052841
15.995332
3.177949
-10.304110
-23.430586
-35.201992
-44.834103
-52.519185
-58.783463
-64.070906
-69.294827
-73.891708
-76.958622
-77.533211
-75.802292
-71.402277
-65.110752
-57.106699
-48.704999
-39.288316
-29.541595
-19.633940
-8.777380
3.195831
14.976433
26.675122
38.464069
48.539468
57.165282
64.925466
71.320193
76.738596
78.870569
77.513456
74.182749
69.678681
64.395836
58.431114
51.795755
44.176408
34.644263
23.686716
11.112179
-1.939705
-15.522071
-28.280190
-39.433411
-48.199892
-55.302041
-60.995987
-66.004140
-70.971932
-75.239795
-77.429840
-77.310119
-74.451481
-69.503444
-62.334197
-53.894690
-44.934068
-35.221066
-25.647197
-15.740565
-4.243170
7.787773
19.363676
31.258208
42.559079
52.033492
60.375759
67.423923
73.658739
77.877385
78.179496
75.743709
71.979591
67.168474
61.483724
55.318390
48.554795
40.398325
30.494247
18.846307
6.059749
-7.294927
-20.670210
-32.802309
-43.075766
-50.871713
-57.350908
-62.673943
-67.780188
-72.619915
-76.139995
-77.401740
-76.435634
-72.570358
-66.577877
-58.674472
-50.196818
-40.950775
-31.218188
-21.609068
-11.240244
0.626871
12.400661
24.047579
35.804340
46.274151
55.205992
63.201530
69.719553
75.313875
77.983141
77.156850
74.087722
69.821392
64.688069
58.897393
52.433695
45.072011
35.932575
25.290591
13.064827
0.313350
-13.107402
-25.914907
-37.184102
-46.155964
-53.545577
-59.472493
-64.682279
-69.664376
-74.081932
-76.520273
-76.814038
-74.485540
-69.830247
-63.159466
-55.006232
-46.410050
-36.825112
-27.181762
-17.379182
-6.195818
5.758490
17.166819
28.970582
40.331738
50.034523
58.394500
65.631526
72.006668
76.815060
77.718156
75.660092
72.091648
67.442145
62.005690
55.855172
49.209424
41.428634
31.625543
20.287377
7.808890
-5.192246
-18.476588
-30.778646
-41.154793
-49.155099
-55.919375
-61.329603
-66.542115
-71.356978
-75.118371
-76.684611
-76.063701
-72.424923
-66.851548
-59.323481
-51.056828
-41.951963
-32.337052
-22.780555
-12.747220
-1.089062
10.610649
22.102083
33.854587
44.582231
53.533827
61.471973
68.056073
73.967491
77.115127
76.689720
73.829378
69.769621
64.754656
59.036016
52.644866
45.620544
36.882843
26.403155
14.454467
1.778603
-11.343275
-24.145501
-35.570519
-44.886725
-52.408661
-58.349882
-63.454764
-68.473135
-72.950806
-75.689043
-76.215437
-74.326992
-69.909436
-63.450336
-55.366584
-46.812637
-37.384374
-27.716160
-17.993620
-7.301228
4.531145
15.929597
27.507544
39.070163
48.971857
57.328429
64.658948
70.919139
75.882673
77.223097
75.442280
71.932588
67.445721
62.007053
56.034327
49.604859
42.003053
32.474313
21.196433
8.617640
-4.178626
-17.460414
-29.850517
-40.327992
-48.546621
-55.311237
-60.740709
-65.837417
-70.646661
-74.480602
-76.194150
-75.769084
-72.516203
-67.125218
-59.820754
-51.576921
-42.580707
-32.855783
-23.389203
-13.441018
-2.025536
9.874787
21.366732
33.126559
43.926239
52.913087
60.958522
67.565782
73.501553
77.138969
77.057225
74.323756
70.274557
65.247161
59.583187
53.230013
46.239410
37.777254
27.506692
15.673808
2.956220
-10.103158
-23.097140
-34.830741
-44.395583
-51.950046
-58.070251
-63.228096
-68.336896
-72.857141
-75.766359
-76.392719
-74.705056
-70.547036
-64.273051
-56.102446
-47.520058
-38.139139
-28.362444
-18.762691
-8.174692
3.703833
15.359606
27.082818
38.751023
48.715898
57.097844
64.659289
70.894957
76.155663
77.991996
76.553992
73.215110
68.578209
63.204425
57.215520
50.573008
43.045453
33.513818
22.416285
10.011877
-2.906322
-16.321625
-28.900249
-39.762088
-48.219817
-55.314643
-60.944557
-66.038540
-70.932252
-75.018236
-76.888289
-76.638460
-73.678664
-68.567310
-61.368261
-53.026676
-43.923003
-34.105437
-24.621657
-14.674323
-3.223589
8.711985
20.267282
32.095228
43.343135
52.766459
60.964823
67.757879
73.787825
77.861547
78.125851
75.508015
71.609191
66.762141
61.130694
54.665293
47.796113
39.402417
29.319695
17.498050
4.718985
-8.477824
-21.850211
-33.885070
-43.901716
-51.652874
-58.065312
-63.281400
-68.441119
-73.161636
-76.500177
-77.539682
-76.309102
-72.276252
-66.248178
-58.395352
-49.799000
-40.364095
-30.576331
-20.791803
-10.393177
1.491308
13.365235
25.099516
36.926270
47.531469
56.474549
64.212254
70.777450
76.296500
78.727518
77.615636
74.501889
70.077181
64.691986
58.752298
52.251986
45.016323
35.979918
25.285823
12.963499
-0.049898
-13.690506
-26.660987
-38.065059
-47.057356
-54.258278
-60.208866
-65.315962
-70.432595
-74.901411
-77.381475
-77.563184
-75.061832
-70.376907
-63.547407
-55.078609
-46.141829
-36.475318
-26.857001
-17.063788
-5.979197
6.074565
17.571790
29.430049
41.021620
50.846338
59.196608
66.427844
72.695357
77.485868
78.265326
76.354401
72.894267
68.148034
62.422923
56.230681
49.466235
41.405984
31.668118
20.140409
7.435083
-5.525691
-18.951382
-31.354087
-41.800908
-49.997738
-56.624242
-62.146187
-67.280020
-72.089604
-75.684616
-77.236550
-76.654639
-73.120253
-67.606143
-60.046911
-51.623242
-42.358126
-32.539879
-22.795541
-12.629373
-1.005956
10.844639
22.454432
34.388304
45.243502
54.395029
62.544005
69.123677
74.992010
78.284400
77.826806
74.948413
70.861578
65.742390
59.990883
53.513220
46.395404
37.528787
27.087586
15.019689
2.186639
-11.074032
-24.144139
-35.649027
-45.019388
-52.657979
-58.760473
-63.948291
-69.138152
-73.715448
-76.521635
-77.125686
-75.232812
-70.827859

