-37.768739
-28.833662
-19.172600
-9.687969
0.116144
10.107415
19.476243
28.290238
37.411792
46.090228
53.349222
58.699165
62.816995
66.046034
68.061522
68.228926
66.170011
61.225551
54.566179
48.264265
40.629762
31.874520
23.982865
15.112332
4.603692
-7.730041
-19.524608
-29.459340
-38.844858
-47.864573
-54.524967
-58.668341
-61.462607
-64.096110
-66.510439
-67.353249
-66.077709
-62.629155
-57.296753
-50.328800
-42.642525
-34.110887
-24.716513
-15.036379
-5.715234
4.302093
14.051540
23.214647
32.059465
41.311979
49.525159
56.134803
60.930252
64.654180
67.554542
68.970578
68.138668
64.821924
58.871508
52.371366
45.723575
37.305866
28.844391
20.668336
11.153221
-0.212022
-12.850932
-23.743936
-33.254794
-42.587519
-51.104171
-56.685209
-60.111625
-62.800986
-65.603767
-67.449297
-67.478589
-65.186024
-61.024427
-54.849557
-47.615085
-39.542062
-30.773537
-21.135126
-11.590379
-1.893725
8.143016
17.779384
26.841675
35.997118
44.864076
52.447489
58.275291
62.666110
66.084181
68.512644
69.234031
67.507880
63.112293
56.456838
50.102472
42.759350
33.970390
25.796720
17.231192
7.152387
-4.965578
-17.176356
-27.432953
-36.873988
-46.204499
-53.661040
-58.383771
-61.247519
-63.935859
-66.557952
-67.761626
-66.933632
-63.923768
-59.126445
-52.389417
-44.823544
-36.335332
-26.984896
-17.256737
-7.920606
2.000843
11.871202
21.077735
30.033929
39.348091
47.861678
54.884127
60.079779
64.074653
67.231655
69.053854
68.577869
65.901109
60.395002
54.031270
47.628028
39.597239
31.025239
23.044518
13.578619
2.503565
-10.127851
-21.420036
-31.024218
-40.435450
-49.205508
-55.380889
-59.425831
-62.247855
-65.080779
-67.268780
-67.619767
-65.797227
-62.081644
-56.342227
-49.223900
-41.418757
-32.832963
-23.206813
-13.731718
-4.173688
5.789144
15.578100
24.671725
33.738954
42.787620
50.664629
56.899275
61.621666
65.328394
68.008218
69.106306
67.894799
63.994442
57.445083
51.313128
44.418062
35.750696
27.595418
19.277334
9.433031
-2.280303
-14.655590
-25.194543
-34.522840
-43.853862
-51.831858
-56.977272
-60.214315
-62.935352
-65.853596
-67.386457
-66.916772
-64.367567
-59.885468
-53.499256
-46.028921
-37.890332
-28.973137
-19.370488
-10.022436
-0.240632
9.765455
19.250086
28.162684
37.363427
46.115432
53.359270
58.685711
63.010624
66.363811
68.477903
68.522521
66.408600
61.341354
54.818392
48.574890
40.867669
32.278470
24.488994
15.509639
4.922492
-7.527726
-19.277845
-29.164723
-38.461004
-47.420263
-54.106201
-58.384112
-61.334882
-64.066478
-66.429377
-67.251410
-65.897192
-62.558651
-57.243109
-50.313132
-42.624303
-34.194333
-24.827208
-15.188626
-5.834954
3.999983
13.862678
23.053544
31.984023
41.127205
49.361672
55.849041
60.625247
64.411504
67.336900
68.747316
67.966155
64.624718
58.448315
52.124943
45.497758
37.052120
28.780869
20.845618
11.238371
-0.172343
-12.855359
-23.532425
-32.875878
-42.317425
-50.635678
-56.075028
-59.659481
-62.361956
-65.076692
-66.800799
-66.757713
-64.479964
-60.385806
-54.332869
-47.050885
-38.985865
-30.250209
-20.684685
-11.318071
-1.693623
8.177246
17.635311
26.630504
35.807746
44.640473
52.254541
57.879005
62.206984
65.675122
68.078211
68.461384
66.797904
62.143462
55.554594
49.367121
42.014463
33.323765
25.450843
16.838993
6.639447
-5.556004
-17.438616
-27.459349
-36.727190
-45.918737
-53.001642
-57.634286
-60.809510
-63.403845
-65.793310
-66.957303
-65.974338
-62.886136
-57.896205
-51.264593
-43.716090
-35.357816
-26.103088
-16.509124
-7.195813
2.692597
12.446301
21.712950
30.505998
39.617334
48.012563
54.856709
59.740714
63.578061
66.744941
68.453039
67.954234
65.079417
59.364694
52.888393
46.537944
38.357292
29.995782
22.128991
12.867962
1.748630
-10.832718
-21.921737
-31.416757
-40.817601
-49.388920
-55.274282
-59.063094
-61.851059
-64.587082
-66.532578
-66.800628
-64.842701
-60.963120
-55.147580
-48.054286
-40.184430
-31.604256
-22.078582
-12.677227
-3.016676
6.747246
16.318900
25.353602
34.414189
43.297836
51.008633
56.947640
61.360087
64.979621
67.658254
68.570375
67.187207
63.068356
56.463310
50.063644
43.077639
34.545319
26.391915
18.032449
8.106572
-3.627879
-15.902519
-26.155540
-35.395793
-44.563668
-52.181312
-56.974207
-60.123546
-62.807117
-65.395151
-66.796541
-66.205433
-63.352415
-58.656420
-52.220992
-44.815029
-36.485706
-27.443852
-17.826217
-8.602142
1.104048
10.776860
20.019497
28.907912
38.178989
46.746561
53.834234
58.891773
62.925816
66.327878
68.495614
68.199805
65.671716
60.315302
53.748574
47.529084
39.535250
30.901262
22.826535
13.945443
3.237895
-9.094647
-20.556790
-30.171701
-39.519072
-48.313822
-54.703099
-58.558328
-61.340162
-64.134938
-66.289221
-66.806589
-65.168142
-61.611789
-56.080307
-49.121550
-41.359322
-32.810654
-23.305076
-13.663088
-4.272291
5.482265
15.100581
24.141414
33.093521
42.089394
50.113371
56.402513
61.006376
64.577545
67.258392
68.495444
67.475694
63.836915
57.529552
51.173823
44.371230
35.752739
27.509417
19.348860
9.680135
-1.853704
-14.398949
-25.036335
-34.291063
-43.559926
-51.603828
-56.787218
-60.106175
-62.631369
-65.358196
-66.862958
-66.417626
-63.791105
-59.450184
-53.333896
-45.960460
-37.740128
-28.830767
-19.142287
-9.774991
-0.081573
9.747403
19.141606
27.983018
37.073919
45.755931
53.092241
58.514902
62.701362
65.979787
68.125384
68.344389
66.336393
61.420202
54.826736
48.424006
40.707248
32.044990
24.202040
15.300172
4.858289
-7.447686
-19.356864
-29.244253
-38.529294
-47.400679
-54.097005
-58.364528
-61.381715
-64.032418
-66.454581
-67.191635
-65.734557
-62.546560
-57.246685
-50.321817
-42.596885
-34.224646
-24.773053
-15.134301
-5.862032
4.056011
13.716561
22.985935
31.866176
41.101319
49.281461
55.815322
60.420207
64.125742
66.931248
68.458659
67.792961
64.640386
58.751617
52.118301
45.615264
37.174565
28.645141
20.605496
11.091062
-0.174897
-12.594632
-23.481846
-32.885415
-42.236022
-50.627163
-56.275129
-59.813261
-62.343223
-65.111773
-66.802331
-66.703217
-64.345428
-60.349022
-54.280928
-47.060762
-39.165701
-30.467510
-20.766769
-11.137894
-1.460654
8.453982
17.901318
26.770830
35.844360
44.582401
52.195958
58.055946
62.345437
65.748351
68.088600
68.602732
67.001411
62.579257
55.968080
49.491610
42.079347
33.347096
25.319883
16.751119
6.601470
-5.573715
-17.811571
-28.110913
-37.311656
-46.432699
-53.763049
-58.340686
-61.280387
-63.726732
-66.213778
-67.379134
-66.289561
-63.113485
-58.130026
-51.427398
-43.909379
-35.472938
-26.286159
-16.575200
-7.165159
2.677270
12.539114
21.773917
30.488457
39.673533
48.256942
55.203949
60.156924
63.978263
67.011629
68.790913
68.400417
65.673930
60.050998
53.361484
46.750818
38.450616
29.791253
21.908964
12.645381
1.572711
-10.938474
-22.210564
-31.836544
-41.185617
-49.901860
-55.907624
-59.720448
-62.498706
-65.201351
-67.145484
-67.442996
-65.347637
-61.451197
-55.597339
-48.433031
-40.449245
-31.800781
-22.167649
-12.581178
-2.874477
7.030623
16.732046
25.771856
34.722601
43.685436
51.573685
57.677712
62.006031
65.555743
68.126065
69.018773
67.756687
63.864333
57.363680
50.957203
43.774162
35.073587
26.746477
18.311398
8.420604
-3.354549
-15.810047
-26.369776
-35.721745
-45.088359
-52.864552
-57.892799
-61.105830
-63.607693
-66.277129
-67.672219
-66.941977
-63.970940
-59.208529
-52.772249
-45.355218
-37.037815
-28.058461
-18.327747
-8.910043
1.075268
10.931492
20.282269
29.034104
38.307735
46.983276
54.181303
59.447289
63.560690
66.794838
68.847111
68.729946
66.439084
61.204604
54.556813
48.169579
40.254933
31.517233
23.593732
14.602116
3.902061
-8.644717
-20.183665
-29.993228
-39.347581
-48.332555
-54.839339
-58.972325
-61.814104
-64.526115
-66.809654
-67.403487
-65.837758
-62.226227
-56.588820
-49.558367
-41.835308
-33.461366
-23.949487
-14.386858
-4.894733
5.041531
14.747722
23.926156
32.829046
41.905301
49.989905
56.398085
60.995647
64.663887
67.456279
68.784441
67.814248
64.357519
58.101927
51.650490
44.969831
36.347083
27.908598
19.818715
10.257619
-1.319136
-13.784851
-24.508068
-33.932754
-43.213197
-51.396234
-56.723016
-60.071775
-62.786852
-65.597296
-67.244598
-66.918986
-64.347472
-60.047763
-53.816523
-46.472720
-38.421324
-29.554878
-19.852945
-10.520560
-0.745910
9.161064
18.577065
27.414731
36.578860
45.393024
52.769354
58.316844
62.543494
65.921545
68.144628
68.470580
66.525936
61.854124
55.332695
49.099582
41.554315
32.758713
24.876084
16.052212
5.661419
-6.588868
-18.429586
-28.461048
-37.768228
-46.837841
-53.676367
-58.040789
-60.996669
-63.665254
-66.144466
-66.976207
-65.762656
-62.374558
-57.086434
-50.292356
-42.752879
-34.465619
-25.144475
-15.637193
-6.393875
3.499814
13.230869
22.409643
31.279325
40.234668
48.405613
55.131061
59.977429
63.690628
66.672564
68.216494
67.567144
64.463956
58.601243
52.146230
45.600278
37.242174
28.733185
20.814283
11.406115
0.191757
-12.340375
-23.257221
-32.614810
-42.014633
-50.350939
-55.892297
-59.430259
-62.061037
-64.879826
-66.768101
-66.703047
-64.488990
-60.413735
-54.254532
-46.977656
-38.929667
-30.305045
-20.758084
-11.424678
-1.817601
8.034366
17.581838
26.490007
35.548551
44.304814
51.891633
57.600907
61.951535
65.394299
67.656381
68.246978
66.696405
62.302862
55.786371
49.405949
42.174203
33.472776
25.420870
16.867093
6.700924
-5.374806
-17.436232
-27.645145
-36.918776
-46.009166
-53.225585
-57.956321
-60.913903
-63.476733
-65.908943
-67.133733
-66.164051
-62.987464
-57.982888
-51.274981
-43.746914
-35.405159
-26.253973
-16.618626
-7.298674
2.575602
12.337991
21.644490
30.418464
39.502723
47.918558
54.730007
59.725727
63.662529
66.699982
68.558284
68.092176
65.353768
59.850897
53.274121
46.778406
38.617679
30.073949
22.069045
12.878690
1.733133
-10.900838
-22.219590
-31.875202
-41.234323
-49.965722
-56.004013
-59.789930
-62.374387
-65.000568
-66.973993
-67.258051
-65.327202
-61.541285
-55.650302
-48.495361
-40.555852
-31.922545
-22.431953
-12.850080
-3.298010
6.570475
16.211952
25.285312
34.352030
43.281657
51.134314
57.385138
61.935186
65.532242
68.139008
69.095237
67.762307
63.890219
57.434014
51.036222
44.073888
35.375186
27.046204
18.695593
8.869001
-2.810955
-15.344449
-25.907585
-35.301788
-44.701440
-52.714518
-57.786192
-61.007738
-63.591685
-66.052846
-67.525932
-67.069701
-64.211232
-59.641429
-53.179434
-45.671293
-37.450280
-28.344052
-18.712963
-9.268352
0.608649
10.602985
20.037719
28.824466
38.035938
46.670437
53.894350
59.223686
63.366038
66.647700
68.788699
68.774053
66.533259
61.490365
54.922444
48.626321
40.801593
32.097782
24.154186
15.058858
4.303796
-8.130925
-19.868612
-29.780694
-39.201805
-48.327787
-55.014065
-59.292487
-62.231507
-64.978259
-67.175456
-67.837068
-66.400937
-62.889031
-57.428224
-50.280435
-42.490789
-34.127065
-24.665594
-15.044553
-5.597217
4.396779
14.235122
23.482697
32.508033
41.605745

