-64.581633
-56.571620
-47.690868
-38.337537
-28.564078
-18.680777
-7.913283
3.996406
15.520709
27.260780
38.926942
49.048662
57.675668
65.214464
71.541582
76.743875
78.257322
76.659237
73.308434
68.904161
63.341005
57.272741
50.668376
43.127026
33.538852
22.345441
9.788104
-3.216437
-16.636167
-29.221262
-40.021283
-48.475606
-55.376121
-60.985259
-66.126415
-71.058444
-75.168610
-77.109848
-76.792410
-73.669127
-68.324293
-61.113834
-52.856377
-43.779271
-34.072740
-24.416617
-14.458895
-3.070320
8.800711
20.423787
32.252244
43.430669
52.751303
60.919694
67.759582
73.670830
77.731098
77.985355
75.454712
71.506671
66.671201
61.011655
54.590361
47.644717
39.172513
28.906379
17.103468
4.188844
-8.934566
-22.128650
-34.031357
-43.944972
-51.594121
-57.927711
-63.080788
-68.215302
-72.947059
-76.164518
-77.019589
-75.716461
-71.619749
-65.465825
-57.492937
-49.057347
-39.609500
-29.828378
-20.106009
-9.531294
2.278600
14.018502
25.674105
37.588562
47.996555
56.781258
64.528840
70.914030
76.376370
78.720365
77.494213
74.248995
69.872311
64.523561
58.617422
52.053247
44.671808
35.391876
24.482523
12.115921
-0.799554
-14.365230
-27.310508
-38.563694
-47.448703
-54.674659
-60.523067
-65.698453
-70.799589
-75.135912
-77.547005
-77.625513
-75.091464
-70.069517
-63.260964
-54.945605
-46.094145
-36.369392
-26.668140
-16.832692
-5.644049
6.444454
18.003838
29.901096
41.613408
51.364899
59.692519
66.966329
73.155335
77.871084
78.752041
76.632670
72.933946
68.160125
62.568528
56.158645
49.230712
41.113581
31.242371
19.857883
7.194110
-5.866800
-19.359248
-31.675271
-42.252200
-50.342764
-57.075705
-62.505518
-67.756176
-72.591475
-76.246602
-77.648503
-76.854059
-73.252916
-67.591837
-59.869119
-51.449197
-42.261396
-32.228061
-22.498880
-12.179783
-0.572205
11.478152
23.239000
35.222258
46.211651
55.309704
63.375916
70.102045
75.953858
79.100302
78.608138
75.709479
71.450131
66.177164
60.375248
53.800855
46.514954
37.688528
27.234554
14.998913
1.925400
-11.639425
-24.843897
-36.635910
-46.139615
-53.541149
-59.784991
-64.999035
-70.107494
-74.855941
-77.839068
-78.369379
-76.603549
-72.085176
-65.647023
-57.403871
-48.828976
-39.137432
-29.323101
-19.480671
-8.482082
3.710985
15.535355
27.456284
39.317438
49.698353
58.426516
65.983704
72.498832
77.800580
79.576629
78.055518
74.694668
70.273195
64.788205
58.600903
51.729339
44.009515
34.365484
23.239851
10.711466
-2.336161
-15.890598
-28.747490
-40.011917
-48.692737
-55.791650
-61.611107
-66.809314
-71.930545
-76.053653
-78.164339
-78.011581
-75.023685
-69.915227
-62.659468
-54.309028
-45.295783
-35.349471
-25.578908
-15.509980
-4.038640
8.116109
19.869634
31.769957
43.175561
52.914960
61.464480
68.569013
74.705737
79.039165
79.468829
77.046326
73.195355
68.252427
62.513351
56.141956
49.126148
40.742499
30.654669
18.886498
5.861010
-7.374116
-20.875931
-33.127069
-43.406487
-51.406963
-57.959046
-63.274758
-68.563734
-73.448249
-77.021803
-78.267370
-77.192954
-73.477541
-67.622151
-59.724706
-51.235131
-41.952644
-32.071045
-22.238663
-11.715208
0.235864
12.011358
23.827042
35.838229
46.672480
55.736474
63.874892
70.542097
76.421159
79.356943
78.667402
75.703519
71.458135
66.152300
60.181958
53.625447
46.279601
37.237576
26.513508
14.258623
1.406159
-12.039627
-25.265557
-36.927462
-46.267169
-53.730181
-59.733561
-64.912013
-69.898878
-74.452162
-77.274527
-77.725479
-75.682061
-71.022851
-64.517770
-56.321621
-47.487702
-37.708282
-27.912855
-18.141610
-7.136038
4.977669
16.615050
28.422219
40.057046
50.096852
58.800152
66.241026
72.594540
77.475139
78.721217
77.046497
73.552472
68.918637
63.427687
57.288238
50.542695
42.621408
32.826492
21.398408
8.676052
-4.406827
-17.757416
-30.180046
-41.011572
-49.335105
-56.181295
-61.771529
-66.921541
-71.992363
-75.945684
-77.601501
-77.251366
-73.962552
-68.508387
-61.034645
-52.735976
-43.580873
-33.792257
-24.028676
-13.808353
-2.300058
9.618657
21.201372
33.182928
44.364589
53.628172
61.910152
68.905694
74.975320
78.562157
78.574078
76.044287
71.962731
66.945723
61.232022
54.894005
47.970159
39.293085
28.850010
16.793694
3.979206
-9.381430
-22.671734
-34.598282
-44.295447
-51.911048
-58.201892
-63.421726
-68.628958
-73.413679
-76.769590
-77.652420
-76.115813
-71.866683
-65.781559
-57.815143
-49.161060
-39.730924
-30.155352
-20.626613
-10.007109
2.031497
13.749089
25.591680
37.485872
47.888075
56.603977
64.590318
71.139336
76.479060
78.501361
77.107464
73.925086
69.730622
64.384256
58.196272
51.588842
44.341769
34.932920
24.042300
11.623246
-1.150029
-14.609950
-27.448280
-38.713217
-47.524657
-54.648433
-60.267278
-65.479619
-70.539032
-74.667420
-77.033554
-77.201128
-74.491671
-69.498164
-62.467882
-54.235118
-45.273304
-35.455227
-25.864158
-16.096149
-4.829168
7.099765
18.737486
30.690091
42.107446
51.728317
60.181107
67.239829
73.387963
77.812161
78.275715
75.909751
72.028637
67.291430
61.760119
55.543525
48.731395
40.559939
30.555555
18.917833
6.283692
-6.817068
-20.279033
-32.286133
-42.631967
-50.589868
-57.116236
-62.257392
-67.364318
-72.284937
-75.778280
-77.092648
-76.192958
-72.425604
-66.684655
-58.842216
-50.443581
-41.112900
-31.454733
-21.827221
-11.512211
0.227860
11.843102
23.543153
35.487413
46.259846
55.207695
63.112293
69.911821
75.686319
78.389985
77.494894
74.618714
70.393596
65.189770
59.351580
52.792174
45.602151
36.613430
26.008742
13.748237
0.801768
-12.501308
-25.575672
-37.003415
-46.085630
-53.298644
-59.229476
-64.429045
-69.439922
-73.971237
-76.656001
-77.134541
-75.043951
-70.374693
-63.712937
-55.655582
-46.879394
-37.216629
-27.541603
-17.957006
-6.931339
5.042042
16.693899
28.504474
40.091276
50.044230
58.427027
65.778664
72.031532
77.039855
78.450101
76.486213
72.676114
68.084002
62.611955
56.390251
49.588169
41.796821
32.181059
20.928894
8.378540
-4.654101
-17.971822
-30.267409
-41.009869
-49.332040
-56.024109
-61.425992
-66.364322
-71.192639
-74.997459
-76.683589
-76.197386
-72.948251
-67.603929
-59.980835
-51.559210
-42.561122
-32.732487
-23.110594
-13.055290
-1.576287
10.221686
21.741050
33.616679
44.596195
53.747552
61.854294
68.648202
74.668782
78.141008
77.944653
75.249672
71.270466
66.090141
60.233729
53.819929
46.694449
37.967648
27.656725
15.768835
2.961499
-10.389090
-23.635115
-35.428660
-45.121227
-52.646399
-58.871167
-63.909292
-68.803344
-73.331254
-76.375178
-77.203853
-75.635059
-71.371794
-65.120288
-56.961434
-48.304967
-38.732290
-28.940269
-19.219433
-8.685248
3.259352
14.912742
26.515552
38.297006
48.622404
57.548966
65.042973
71.508544
76.787812
78.743015
77.326638
73.903118
69.455590
63.985416
57.869298
51.139082
43.581894
34.238100
23.122345
10.509661
-2.351318
-15.780415
-28.442144
-39.543765
-48.199722
-55.212975
-60.901301
-66.004481
-70.796694
-74.808768
-76.882158
-76.861041
-74.073587
-68.938902
-61.755691
-53.381750
-44.435944
-34.651245
-24.990184
-15.001127
-3.756625
8.271251
19.861971
31.841142
43.224607
52.745002
61.171055
68.051645
74.117695
78.388793
78.698567
76.209818
72.238105
67.250047
61.549119
55.203778
48.415491
40.207250
30.093534
18.296582
5.291189
-8.079835
-21.487134
-33.607142
-43.755429
-51.668371
-58.129685
-63.379151
-68.534613
-73.197399
-76.718841
-77.818121
-76.737404
-72.735037
-66.758905
-58.840513
-50.272942
-40.916886
-31.089612
-21.547760
-11.176893
0.753573
12.508460
24.213621
36.305189
47.064338
55.963823
63.816139
70.454223
76.304334
79.124825
78.388453
75.365305
70.875543
65.550464
59.429237
52.782808
45.422656
36.286967
25.544848
13.309547
0.466108
-12.904406
-25.946753
-37.635905
-46.804973
-54.225922
-60.184853
-65.314259
-70.195709
-74.500867
-77.085665
-77.512264
-75.339079
-70.626395
-63.910655
-55.679083
-46.897275
-37.012952
-27.231319
-17.464331
-6.496736
5.445991
17.191172
29.098817
40.882315
50.890957
59.434857
66.794838
73.016882
77.963727
79.345192
77.352864
73.603392
68.892751
63.219752
57.128498
50.258466
42.309761
32.378435
21.030562
8.247750
-4.915851
-18.351759
-30.853578
-41.599444
-50.075906
-56.970801
-62.394142
-67.551136
-72.595051
-76.270103
-77.865635
-77.322211
-74.096407
-68.727561
-61.250755
-52.710942
-43.554136
-33.731461
-24.042130
-13.716561
-2.113240
9.811265
21.457502
33.553328
44.581550
53.798641
62.038388
68.993739
75.005804
78.844173
78.730924
76.049737
72.083984
66.905873
61.066662
54.628508
47.604697
38.937841
28.375387
16.358239
3.476654
-9.906462
-23.195403
-35.050597
-44.756447
-52.330664
-58.707339
-63.857521
-69.049937
-73.634386
-76.733828
-77.556372
-75.937169
-71.686506
-65.553018
-57.542154
-48.991782
-39.410591
-29.610055
-20.053216
-9.336131
2.627713
14.280932
26.038374
37.850652
48.141309
56.881905
64.557450
71.121795
76.699087
78.920126
77.636923
74.320010
69.791419
64.435175
58.290448
51.419905
43.861866
34.420150
23.385968
10.853836
-2.090250
-15.496016
-28.276784
-39.426088
-48.107931
-55.176020
-60.846295
-65.957308
-71.031707
-75.110878
-77.102865
-77.081578
-74.395793
-69.344895
-62.282937
-53.940160
-45.047828
-35.255636
-25.534630
-15.514408
-4.326446
7.656983
19.337961
31.285797
42.709112
52.194936
60.592379
67.706108
73.818990
77.961172
78.549896
76.298373
72.481803
67.694357
61.981678
55.789777
49.032313
40.738242
30.540398
18.841880
6.095512
-7.250309
-20.796912
-32.838072
-42.881966
-50.754717
-57.313442
-62.678712
-67.959172
-72.793790
-76.260737
-77.421665
-76.271466
-72.415556
-66.647700
-58.939116
-50.418036
-41.100979
-31.482662
-21.983555
-11.570113
0.317948
11.982237
23.647206
35.606112
46.313831
55.173125
62.960557
69.607326
75.475829
78.298875
77.485527
74.519430
70.412840
65.231834
59.186050
52.506413
45.182535
36.219358
25.568179
13.190167
0.343152
-13.005223
-25.943518
-37.403618
-46.415670
-53.586960
-59.558664
-64.813069
-69.911480
-74.157885
-76.667241
-77.014821
-74.771302
-70.077521
-63.398395
-55.211612
-46.506439
-36.877905
-27.211564
-17.459222
-6.468637
5.384343
16.950539
28.811523
40.366479
50.218616
58.814457
66.065788
72.394269
77.265160
78.498295
76.636246
73.015009
68.287849
62.725033
56.478977
49.660206
41.763272
32.010078
20.670891
7.980551
-5.083084
-18.532276
-30.867372
-41.398491
-49.616269
-56.257418
-61.617919
-66.669328
-71.549075
-75.381994
-76.939889
-76.313530
-72.882005
-67.464794
-59.930086
-51.535368
-42.431355
-32.737766
-23.154361
-13.003179
-1.416377
10.304281
21.784476
33.717666
44.771092
53.918873
61.951365
68.614823
74.609348
77.988080
77.655486
74.937003
70.880992
65.831627
59.966871
53.462812
46.536752
37.790707
27.218546
15.088149
2.390317
-10.905266
-24.042130
-35.705226
-45.118673
-52.598885
-58.828081
-63.962426
-68.983180
-73.457956
-76.338564
-76.886926
-75.052636
-70.456266
-64.176321
-56.237493
-47.724417
-38.147654
-28.533254
-18.855333
-8.114406
3.816741
15.156439

