70.642403
65.573454
59.667996
53.096669
45.861687
37.158046
26.714291
14.499937
1.663310
-11.652708
-24.912698
-36.803484
-46.278749
-53.636006
-59.781585
-64.844063
-69.767748
-74.287823
-77.034065
-77.614784
-75.690406
-71.041584
-64.446926
-56.222677
-47.465563
-37.750176
-27.924435
-18.129519
-7.275513
4.768712
16.500098
28.125048
39.815562
49.920423
58.549983
66.065448
72.365318
77.604226
79.102005
77.367170
73.821374
69.184644
63.541617
57.515928
50.845657
43.101140
33.487252
22.228616
9.546450
-3.611020
-17.334052
-30.226367
-41.250501
-49.873761
-56.779385
-62.238319
-67.202364
-72.166239
-76.186827
-78.105075
-77.775376
-74.704034
-69.256510
-61.807292
-53.234100
-44.003725
-34.192971
-24.384941
-14.411041
-2.980913
9.209258
20.937068
32.949107
44.437136
53.942885
62.221970
69.233860
75.352703
79.288483
79.264471
76.658896
72.735037
67.626238
61.771699
55.399622
48.299517
39.810964
29.460532
17.497369
4.451445
-8.905275
-22.442171
-34.732648
-44.905458
-52.753006
-59.251104
-64.676659
-69.748844
-74.449437
-77.815056
-79.011406
-77.617679
-73.458127
-67.382710
-59.288229
-50.517832
-40.917056
-30.872652
-21.088123
-10.437965
1.757656
13.713155
25.436197
37.412473
48.162597
57.222332
65.189259
71.738447
77.581406
80.134528
79.041549
75.775385
71.505478
66.237279
60.190814
53.440332
46.011550
36.718845
25.721448
13.029405
-0.174216
-13.754198
-26.925462
-38.600649
-47.897611
-55.212293
-61.231681
-66.455603
-71.725845
-76.182059
-78.663145
-78.933920
-76.660429
-71.718863
-64.779350
-56.400299
-47.353165
-37.600483
-27.663537
-17.602955
-6.360837
5.852325
17.739023
29.783079
41.570834
51.476955
60.116564
67.531211
73.985202
78.821182
79.874481
78.041043
74.370248
69.707802
64.209359
57.973521
51.050867
43.003559
33.011777
21.468231
8.636883
-4.652228
-18.453428
-31.108516
-41.995730
-50.489051
-57.550839
-63.160828
-68.400247
-73.370082
-77.216625
-78.871250
-78.356096
-74.891874
-69.373165
-61.874219
-53.227288
-43.922322
-34.136942
-24.428708
-14.167002
-2.307040
9.815523
21.562065
33.716474
45.069116
54.486990
62.752451
69.607667
75.851168
79.416888
79.151733
76.338734
72.391544
67.501409
61.704431
55.251122
48.244170
39.514814
28.986420
16.790969
3.774847
-9.626661
-22.920030
-34.893240
-44.823544
-52.563633
-59.042828
-64.493077
-69.861753
-74.579716
-77.665363
-78.583104
-77.033894
-72.748491
-66.385950
-58.257069
-49.735308
-40.101664
-30.284098
-20.640237
-9.772096
2.377885
14.160701
26.064771
37.998813
48.339537
57.210241
65.105983
71.600505
77.223267
79.374143
78.177963
74.939217
70.438896
65.131187
59.127126
52.394015
44.731413
35.240480
24.201700
11.671952
-1.395941
-14.894860
-27.634587
-38.727522
-47.671965
-54.994481
-61.037881
-66.358873
-71.464777
-75.804847
-77.982800
-77.795812
-75.178657
-70.173059
-63.112634
-54.833378
-45.889105
-36.178827
-26.567834
-16.491073
-4.984822
6.973743
18.640416
30.616011
42.121240
51.690340
60.059002
67.226035
73.616334
78.163828
78.889472
76.693637
73.035445
68.323442
62.726395
56.483235
49.561773
41.489431
31.333140
19.462790
6.609815
-6.571327
-19.983905
-32.206093
-42.374645
-50.290482
-56.964159
-62.588283
-67.839963
-72.706938
-76.282024
-77.704702
-76.691934
-72.958129
-67.057439
-59.367759
-51.031453
-41.726317
-32.011952
-22.485256
-12.194089
-0.358479
11.426551
23.257732
35.082272
45.893363
54.951906
62.872001
69.342681
75.193644
78.159571
77.517033
74.556385
70.282391
65.176998
59.464148
52.931309
45.710632
36.934614
26.359558
13.929605
1.024689
-12.228830
-25.137833
-36.571366
-45.793227
-53.168195
-59.246676
-64.399242
-69.528478
-74.115481
-76.777594
-77.274867
-75.092997
-70.534263
-63.717195
-55.700200
-47.129904
-37.427119
-27.576344
-17.922095
-6.928444
4.914999
16.465357
28.387819
39.954867
49.701418
58.017969
65.308469
71.608169
76.540027
77.774695
76.099464
72.484187
67.907742
62.335389
56.257589
49.617801
41.983128
32.278810
20.885808
8.240598
-4.740443
-18.180949
-30.477388
-41.043077
-49.142156
-55.807999
-61.455795
-66.558804
-71.497474
-75.229406
-76.970543
-76.266016
-72.735889
-67.401614
-59.955801
-51.610981
-42.506627
-32.801798
-23.303543
-13.201577
-1.544271
10.204315
21.798440
33.635071
44.699737
53.747211
61.708178
68.322931
74.194840
77.748128
77.571017
74.810130
70.498501
65.423591
59.659311
53.092241
46.037436
37.591457
27.165072
15.126978
2.279282
-10.965381
-24.045535
-35.673380
-45.150859
-52.360807
-58.246510
-63.423089
-68.878957
-73.504618
-76.480082
-77.003751
-74.964762
-70.557765
-64.238140
-56.066002
-47.433376
-37.980250
-28.307778
-18.722841
-8.050544
3.741469
15.348366
27.201005
38.889987
48.885345
57.388374
64.872674
70.971932
76.133013
77.823400
76.370069
72.988612
68.434647
62.987634
56.939125
50.164802
42.458091
32.890865
21.880184
9.373256
-3.517696
-16.788585
-29.295172
-40.100472
-48.571825
-55.480344
-61.148916
-66.359724
-71.122987
-75.142554
-76.990809
-76.439381
-73.285273
-68.081447
-60.840675
-52.443402
-43.367488
-33.603736
-23.988656
-14.056308
-2.638442
9.144374
20.618098
32.542433
43.762752
52.973713
61.145169
67.948103
74.026074
77.969006
78.022139
75.374331
71.291072
66.402469
60.643809
54.128851
47.104018
38.734164
28.362274
16.503675
3.809418
-9.476457
-22.721972
-34.581934
-44.264453
-51.871027
-58.117594
-63.487973
-68.627426
-73.327848
-76.247965
-77.179670
-75.634037
-71.410792
-65.177679
-57.236297
-48.732587
-39.233480
-29.489483
-19.747019
-9.274994
2.567257
14.307499
26.111943
37.931885
48.226629
56.958028
64.685004
70.995092
76.414858
78.524011
77.180181
73.956421
69.452013
64.104966
57.997022
51.381588
43.884686
34.566266
23.640394
11.163780
-1.867499
-15.461104
-28.156553
-39.220878
-47.838518
-54.866076
-60.529368
-65.709693
-70.839609
-75.101342
-77.162811
-77.151401
-74.309962
-69.207634
-62.033449
-53.690672
-44.716256
-35.089084
-25.562048
-15.583890
-4.259007
7.671118
19.167151
31.094381
42.647975
52.195958
60.472488
67.450149
73.580401
77.873639
78.126873
75.827667
71.998494
67.286151
61.642953
55.227280
48.416683
40.346214
30.280692
18.424477
5.615268
-7.555144
-21.134104
-33.260924
-43.128388
-50.909689
-57.428053
-62.822274
-67.966325
-72.859526
-76.244559
-77.475480
-76.356956
-72.393928
-66.324472
-58.534145
-50.148964
-40.593999
-30.933278
-21.382059
-11.122227
0.825780
12.568235
24.200848
36.050762
46.794755
55.734430
63.540254
69.972788
75.550079
78.173365
77.301945
74.239969
69.984368
64.786502
58.798620
52.208730
44.771944
35.863263
25.051662
12.783153
-0.093154
-13.451747
-26.334524
-37.663834
-46.610832
-53.904227
-59.899603
-64.976897
-70.068836
-74.459655
-76.837199
-77.026401
-74.598619
-69.780009
-62.894821
-54.670913
-45.925209
-36.345891
-26.697942
-16.869988
-5.724941
6.194455
17.635141
29.589108
41.111537
50.888062
59.286015
66.484553
72.775568
77.420814
78.122275
76.062168
72.329044
67.621640
62.052011
55.782284
49.065692
41.166203
31.365667
19.770350
7.026877
-6.009851
-19.468239
-31.708309
-41.991472
-49.905947
-56.538241
-62.002454
-67.135266
-72.104761
-75.914179
-77.409574
-76.582772
-72.782210
-67.031384
-59.310198
-50.911733
-41.731596
-32.045160
-22.600889
-12.366772
-0.564030
11.197158
22.794008
34.766538
45.621395
54.688965
62.458515
69.046702
74.811152
77.879769
77.338389
74.468340
70.326328
65.297059
59.520858
52.965879
45.802423
36.915711
26.179552
13.928584
1.174041
-12.002672
-24.857862
-36.390168
-45.557533
-52.897419
-58.940990
-64.214979
-69.389514
-73.914868
-76.644761
-77.144759
-74.947902
-70.278815
-63.663210
-55.585929
-47.054802
-37.654298
-27.967862
-18.229314
-7.357086
4.614421
16.220467
28.064762
39.699418
49.569266
58.125939
65.318857
71.619749
76.595034
77.922344
76.161112
72.587218
68.076849
62.572786
56.399618
49.762556
41.959797
32.238279
20.729303
8.253711
-4.538809
-17.813104
-30.094726
-40.597745
-48.770734
-55.628163
-61.154706
-66.262994
-71.238620
-75.063024
-76.654468
-76.040881
-72.526080
-67.225695
-59.882062
-51.660027
-42.620046
-33.006498
-23.421390
-13.345139
-1.730749
9.982586
21.437917
33.214092
44.107097
53.192718
61.371667
67.988804
74.100494
77.556201
77.195678
74.419805
70.306914
65.300465
59.516430
53.149632
46.135528
37.520783
27.149064
15.185731
2.561978
-10.587828
-23.652485
-35.390173
-44.817073
-52.083731
-57.983569
-63.196080
-68.421364
-72.914873
-75.880459
-76.599291
-74.883699
-70.263488
-63.873529
-55.855002
-47.215394
-37.975822
-28.424093
-18.852268
-8.186953
3.730910
15.020030
26.780367
38.530486
48.600095
57.336603
64.596278
70.907388
76.021126
77.704702
76.188019
72.805200
68.203551
62.948806
56.972504
50.399303
42.740617
33.162832
22.014380
9.441546
-3.548350
-17.032112
-29.390880
-40.102175
-48.340218
-55.105175
-60.461760
-65.510273
-70.445027
-74.496780
-76.420477
-76.100315
-72.948762
-67.602055
-60.310534
-52.014419
-43.029445
-33.455576
-24.024248
-14.134305
-2.690554
9.069443
20.522901
32.506159
43.620893
52.714518
60.761145
67.661149
73.614802
77.417237
77.224289
74.709313
70.815257
65.899917
60.173103
53.667511
46.784537
38.353375
28.051819
16.112328
3.458943
-9.611164
-22.754499
-34.557411
-44.195822
-51.791327
-58.069229
-63.247340
-68.325656
-72.910275
-75.944832
-76.770953
-75.339249
-71.088246
-64.884935
-56.928226
-48.343284
-38.936819
-29.194866
-19.578082
-9.117467
2.788646
14.493125
26.102066
37.733657
47.970159
56.709051
64.483540
70.858342
76.243196
78.403269
77.070509
73.684624
69.141558
63.824654
57.743617
51.063129
43.632984
34.438542
23.394993
10.867630
-2.107280
-15.555109
-28.309652
-39.450271
-48.159872
-55.186578
-60.686725
-65.621819
-70.652110
-74.907712
-77.053479
-77.041898
-74.381828
-69.239991
-61.973674
-53.555795
-44.665507
-34.986053
-25.346620
-15.534503
-4.343135
7.644892
19.176858
31.145641
42.596885
52.146401
60.470615
67.534787
73.550258
77.816929
78.286784
76.103210
72.251388
67.441804
61.794009
55.458375
48.628364
40.404115
30.300958
18.455301
5.617142
-7.629905
-21.136318
-33.354930
-43.493169
-51.297460
-57.837452
-62.989337
-67.969050
-72.690248
-76.157706
-77.517033
-76.499496
-72.660276
-66.652468
-58.843068
-50.330162
-40.915353
-31.097446
-21.570410
-11.200053
0.647988
12.452602
24.145331
36.045483
46.852997
55.893319
63.768625
70.357834
76.174906
79.080718
78.199932
75.029646
70.707968
65.297229
59.276479
52.551883
45.348917
36.432573
25.714466
13.365064
0.382832
-13.045583
-26.113646
-37.761416
-47.056334
-54.388046
-60.290439
-65.398557
-70.374523
-74.811493
-77.444826
-77.788489
-75.650045
-70.822920
-64.014367
-55.588143
-46.801908
-37.047522
-27.207306
-17.346825
-6.385871
5.699056
17.355170
29.281378
41.002716
50.964185
59.538398
67.018781
73.424748
78.219857
79.373292
77.626194
73.952334
69.129978
63.581126
57.404552
50.568240
42.548180
32.740661
21.219594
8.239916
-5.009004

