-90.523618
-86.853164
-81.659896
-74.516194
-65.315621
-54.578270
-42.960473
-30.784777
-16.698497
-1.954351
12.594972
26.973656
40.260553
51.878180
61.278513
68.878276
75.322219
81.302949
87.287596
91.726439
92.012712
88.849579
85.651193
79.931191
70.016554
59.060029
48.233782
35.555874
21.455799
6.598745
-7.634504
-21.371501
-34.835509
-48.100948
-59.278693
-69.017751
-78.360864
-85.991110
-91.054610
-93.439307
-92.336791
-88.863713
-84.620884
-78.712361
-70.747137
-60.968569
-49.649988
-37.947382
-24.891411
-10.474409
4.223074
18.777677
32.644272
45.167378
55.779048
64.331123
71.390867
77.443293
83.503893
89.272772
92.245511
90.548652
87.065016
83.269051
75.649534
65.013511
54.415975
43.049199
29.637643
15.139409
0.345877
-13.582706
-27.290583
-40.830714
-53.327254
-63.389029
-72.870595
-81.526722
-88.243144
-92.184544
-93.156099
-90.794904
-87.291002
-82.215752
-75.537307
-66.595418
-56.024620
-44.539145
-32.434464
-18.711771
-4.161596
10.321140
24.736098
38.285426
50.067731
59.716872
67.375728
73.957784
79.983813
86.018188
90.912580
91.851439
88.976962
85.664817
80.550398
71.213756
60.355834
49.549341
37.347589
23.569720
8.795261
-5.524499
-19.319057
-32.861744
-46.252012
-57.662044
-67.434992
-76.692786
-84.604706
-90.068749
-92.907122
-92.327254
-89.099577
-85.054977
-79.553979
-71.859530
-62.210730
-51.113537
-39.537464
-26.846954
-12.487854
2.047675
16.633102
30.671699
43.484654
54.368292
63.182286
70.266894
76.361724
82.336494
88.222538
91.586964
90.620177
87.282147
83.917890
76.954705
66.354786
55.559022
44.374636
31.321049
17.017126
2.294098
-11.671952
-25.219577
-38.711173
-51.554782
-61.974355
-71.533918
-80.551079
-87.508985
-91.787917
-93.180282
-91.137205
-87.591239
-82.820484
-76.447044
-67.851203
-57.579109
-46.148641
-34.179858
-20.679065
-6.103005
8.465733
23.026126
36.599977
48.440014
58.404207
66.405875
73.172535
79.128061
85.065365
90.237856
91.967583
89.370012
86.124625
81.569978
72.808266
61.755691
51.169566
39.140327
25.435346
10.633469
-4.033702
-17.800331
-31.223808
-44.576781
-56.397574
-66.230638
-75.587715
-83.870888
-89.666333
-93.034165
-92.927728
-89.838505
-85.817065
-80.513273
-73.223455
-63.648564
-52.644014
-41.244371
-28.693846
-14.484950
0.241825
14.892135
29.185499
42.134353
53.328105
62.486104
69.799764
76.088735
81.903424
87.682520
91.605186
91.424329
88.149820
84.716082
78.400203
68.318503
57.445254
46.432870
33.490998
19.414425
4.564183
-9.748425
-23.490872
-36.961862
-50.080504
-60.991900
-70.562533
-79.671826
-87.020397
-91.742788
-93.744993
-92.359270
-88.834933
-84.199394
-77.989612
-69.748674
-59.485946
-48.068932
-36.247628
-22.993769
-8.388587
6.424529
21.026475
34.930536
47.247580
57.680437
66.048077
72.965622
78.839404
84.848063
90.423652
92.815672
90.695279
87.362358
83.254235
75.025729
63.915764
53.207534
41.537796
28.045007
13.498408
-1.327481
-15.254872
-28.943164
-42.456899
-55.052723
-65.248013
-74.683598
-83.218132
-89.592934
-93.268837
-93.969958
-91.451747
-87.603842
-82.374981
-75.308595
-66.241196
-55.580820
-43.998616
-31.592676
-17.345292
-2.505268
12.122393
26.575157
40.055343
51.689829
61.292648
69.058112
75.605086
81.521273
87.616784
92.232227
92.966557
90.001311
86.633818
81.063850
71.294137
60.166291
49.239567
36.625351
22.594758
7.701601
-6.865433
-20.673956
-34.327507
-47.814846
-59.303045
-69.107328
-78.473261
-86.351974
-91.546093
-94.263724
-93.574013
-90.213844
-86.031130
-80.209970
-72.439398
-62.519482
-51.242283
-39.341450
-26.401792
-11.707544
3.092800
17.861128
31.975508
44.806344
55.804593
64.741714
71.970906
78.136921
84.244183
90.100936
93.318565
92.028209
88.736330
85.190705
77.956574
67.048073
56.228467
44.810942
31.391723
16.685213
1.833609
-12.235982
-25.976896
-39.773158
-52.804606
-63.345603
-73.023183
-82.011563
-88.983944
-93.272584
-94.704798
-92.680965
-89.103324
-84.243672
-77.660254
-68.928855
-58.489357
-46.884503
-34.704208
-20.882062
-6.112201
8.640800
23.406233
37.200281
49.288954
59.343066
67.473820
74.372462
80.529962
86.813143
92.055116
93.643154
90.972866
87.649822
83.063500
74.107817
63.130685
52.394186
40.097918
26.118755
11.342083
-3.448214
-17.429761
-31.181233
-44.866460
-56.971652
-67.000389
-76.541901
-84.928955
-90.817724
-94.144685
-94.338485
-91.387544
-87.394714
-82.015310
-74.663503
-65.169334
-54.253851
-42.670625
-30.041422
-15.652520
-0.716107
14.040300
28.433119
41.664839
53.095988
62.583344
69.970063
76.318128
82.457236
88.686602
93.008110
92.741762
89.600257
86.242131
79.983984
69.880826
59.008087
48.027549
35.088062
20.768813
5.893196
-8.383649
-22.305761
-36.130462
-49.466916
-60.407604
-70.136615
-79.437324
-87.042536
-91.848203
-94.108582
-92.841046
-89.606558
-85.210460
-79.139812
-70.890869
-60.825007
-49.568415
-37.732465
-24.466685
-9.824378
4.960639
19.657952
33.752067
46.117135
56.577069
64.950671
72.067465
78.203338
84.453821
90.201071
92.696973
90.778215
87.541512
83.648477
75.635910
64.786502
54.271902
42.620046
29.099328
14.631578
-0.095197
-14.084748
-27.648211
-41.221210
-53.763219
-63.946588
-73.551621
-82.242659
-88.645390
-92.483078
-93.241249
-90.731212
-87.093626
-82.167387
-75.340612
-66.182784
-55.579288
-44.236524
-32.093184
-18.158129
-3.507989
11.118310
25.460550
38.889987
50.308193
59.857028
67.458323
74.042252
80.075775
86.283173
90.850762
91.459751
88.669062
85.647958
80.173186
70.506164
59.868097
49.202783
36.476510
22.469589
7.833924
-6.217275
-19.923278
-33.434289
-46.758141
-58.043173
-67.829745
-77.215774
-84.980726
-90.169225
-92.719282
-91.866255
-88.674682
-84.623269
-78.870739
-71.138314
-61.420032
-50.321988
-38.711173
-25.895834
-11.500120
3.137759
17.726081
31.660625
44.014284
54.744652
63.256707
70.322241
76.397487
82.483632
88.167531
91.164964
89.700563
86.364065
82.717112
75.329202
64.786502
54.373911
43.256283
30.026095
15.688964
0.981263
-12.732404
-26.232345
-39.762429
-52.401679
-62.629495
-72.061334
-80.717632
-87.457384
-91.399465
-92.543193
-90.294395
-86.884328
-82.174880
-75.347083
-66.506181
-56.181635
-44.769560
-32.900742
-19.184181
-4.574571
9.902886
24.377448
37.799392
49.444778
58.992931
66.771507
73.435647
79.316412
85.243327
90.104852
91.259650
88.362523
84.973233
79.988752
70.913689
60.137170
49.690689
37.592139
23.850884
9.163277
-5.120039
-18.783297
-32.250541
-45.433385
-57.052885
-66.893101
-76.193810
-84.115097
-89.579991
-92.533316
-92.055457
-88.905266
-84.966421
-79.286950
-71.657896
-62.062229
-51.015786
-39.643220
-27.170862
-12.825046
1.801082
16.362837
30.424765
43.139458
53.958893
62.683310
69.856984
75.791223
81.811803
87.702445
91.182845
90.294736
86.884839
83.206722
76.277597
65.786328
55.127655
44.183901
31.272003
17.008611
2.298866
-11.507613
-24.801493
-38.337537
-51.217931
-61.641591
-71.153470
-80.053977
-86.890800
-91.078111
-92.552049
-90.619496
-87.147951
-82.570655
-76.099464
-67.543643
-57.332345
-46.047313
-34.117869
-20.606688
-6.081717
8.412770
22.982700
36.516700
48.331022
58.226926
66.094909
72.812864
78.648329
84.643534
89.646237
91.226442
88.683196
85.275854
80.675568
71.782214
61.022214
50.588506
38.633857
25.013345
10.441542
-4.008668
-17.625775
-30.886446
-44.203486
-55.949518
-65.861600
-75.194665
-83.301067
-88.976111
-92.224904
-92.056479
-88.986158
-85.047143
-79.755102
-72.372811
-62.871320
-51.974399
-40.472065
-28.033427
-13.877835
0.666550
15.034335
29.210533
42.165688
53.183181
62.203748
69.340297
75.434957
81.261056
87.141650
90.748242
90.225594
86.947169
83.547149
76.996088
66.736255
56.095464
45.147623
32.219716
18.035684
3.377710
-10.553598
-23.941823
-37.384885
-50.265448
-60.925143
-70.474659
-79.521963
-86.756434
-91.143506
-92.906952
-91.208220
-87.599414
-82.982438
-76.762438
-68.434307
-58.302198
-46.955347
-35.147667
-21.812235
-7.263422
7.283517
21.817684
35.597597
47.540665
57.631731
65.657752
72.355781
78.223263
84.347384
89.686598
91.633286
89.260680
85.880927
81.412452
72.784935
62.025956
51.412753
39.641006
26.176998
11.688301
-2.955198
-16.683510
-30.137471
-43.427604
-55.555786
-65.384081
-74.755635
-83.014284
-89.046785
-92.398609
-92.632260
-89.768001
-85.841247
-80.733470
-73.512111
-64.108372
-53.289958
-41.770424
-29.363121
-15.197652
-0.505447
14.029571
28.355462
41.499138
52.809034
62.009948
69.265706
75.480768
81.361532
87.378195
91.435739
91.263056
88.069950
84.752696
78.558581
68.247318
57.418346
46.599933
33.751726
19.665275
5.058391
-8.942229
-22.569384
-36.012275
-49.149309
-60.102599
-69.783585
-79.112053
-86.511714
-91.222354
-93.270029
-91.828278
-88.360820
-83.909205
-77.939885
-69.854600
-59.773922
-48.432010
-36.720378
-23.488828
-9.014266
5.727495
20.290102
34.257174
46.510015
56.804078
65.154689
72.008882
78.042405
84.137576
89.800528
92.141458
90.071133
86.767844
82.713876
74.502911
63.596794
53.061928
41.407347
27.918134
13.415303
-1.282011
-15.195268
-28.662341
-42.068107
-54.361480
-64.403500
-73.799235
-82.443271
-88.785887
-92.514924
-92.975923
-90.400151
-86.667027
-81.632308
-74.580908
-65.475362
-54.822990
-43.319123
-31.163522
-17.099380
-2.406325
12.118305
26.493243
39.847238
51.279749
60.697453
68.138157
74.734858
80.691576
86.693934
91.114896
91.547796
88.424001
85.198709
79.319477
69.444861
58.712959
48.198019
35.713741
21.742412
7.020746
-7.141658
-20.883594
-34.487418
-47.651529
-58.779376
-68.444695
-77.644757
-85.292033
-90.402024
-92.865229
-91.839177
-88.549852
-84.389618
-78.586170
-70.746626
-60.786009
-49.529416
-37.877389
-24.927684
-10.448865
4.149505
18.688611
32.581772
45.086827
55.768149
64.228433
71.196556
77.294111
83.199569
88.865416
91.665302
90.005398
86.560079
82.823549
75.125865
64.266579
53.662402
42.528255
29.299429
14.967748
0.268732
-13.539110
-27.060849
-40.618692
-53.085770
-63.293321
-72.699956
-81.459284
-88.008302
-91.933523
-92.899799
-90.522936
-86.916685
-82.013607
-75.231280
-66.307783
-55.866582
-44.372422
-32.240834
-18.514395
-3.933566
10.710444
24.998188
38.421495
50.146409
59.836251
67.577703
74.168614
79.992839
86.013760
90.743814
91.667346
88.750805
85.373095
80.317089
70.841653
59.828588
49.088853
36.802122
22.853783
8.144379
-6.229877
-19.902502
-33.255645
-46.550887
-58.011157
-67.741360
-77.018057
-84.928444
-90.292522
-93.168872
-92.563118
-89.321647
-85.127865
-79.528775
-71.710859
-62.087434
-51.013912
-39.319141
-26.577200
-12.048994
2.680506
17.196621
31.417608
44.160570
55.203949
63.962426
71.018253
77.271632
83.166020
88.972024
92.249257
91.242450
87.758643
84.083421
76.980761
66.240004
55.433682
44.337341
31.261274
16.884804
2.034221
-11.962482
-25.445904
-39.116314
-51.948343
-62.425988
-72.257859
-81.070321
-87.719815
-92.014074
-93.561241
-91.610125
-88.088853
-83.409037
-76.899018
-68.221944
-57.867936
-46.294928
-34.257514
-20.654883
-6.047147

