-77.542407
-76.130799
-71.813549
-65.529857
-57.585069
-49.016646
-39.428302
-29.772009
-20.056793
-9.348222
2.516168
14.154570
25.908266
37.874835
48.183543
57.008266
64.702204
71.199451
76.508181
78.522818
77.256475
73.946544
69.605453
64.340489
58.434350
51.910366
44.584615
35.149711
24.032082
11.405604
-1.706226
-15.361650
-28.134414
-39.266178
-47.897100
-54.883276
-60.608898
-65.771512
-70.911816
-75.104747
-77.367170
-77.285596
-74.439730
-69.260597
-62.117747
-53.891114
-44.883319
-35.207442
-25.618587
-15.930959
-4.615954
7.286753
18.777336
30.803851
42.356423
51.892485
60.255187
67.236594
73.377575
77.697039
78.219005
75.898852
72.038344
67.316294
61.737640
55.461611
48.524993
40.355580
30.168125
18.399443
5.608967
-7.448537
-20.870822
-32.966137
-43.065207
-50.824199
-57.398762
-62.754665
-68.155868
-72.873490
-76.154300
-77.264139
-76.290199
-72.201831
-66.380841
-58.617081
-50.201927
-40.844509
-30.977726
-21.425826
-11.074202
0.649009
12.338843
24.054561
36.022663
46.552079
55.271728
63.222136
69.910458
75.562171
78.300919
77.431372
74.448245
70.196050
65.011467
59.241056
52.751814
45.375143
36.343336
25.581803
13.114725
0.206062
-13.266461
-26.257890
-37.604570
-46.489239
-53.695440
-59.563773
-64.801489
-70.055212
-74.478218
-76.991831
-77.246087
-74.809279
-70.035287
-63.145842
-54.945435
-46.128035
-36.539010
-26.946068
-17.282111
-6.339550
5.623102
17.078945
29.001406
40.615967
50.460952
58.900118
66.067832
72.345904
77.038492
77.787978
75.825623
72.187185
67.646163
62.186377
56.027004
49.292871
41.503055
31.799929
20.321608
7.639783
-5.511216
-19.065312
-31.469890
-41.932889
-49.888917
-56.470292
-61.966011
-67.145484
-72.053841
-75.700624
-77.244554
-76.616492
-72.922366
-67.292282
-59.607710
-51.175697
-41.975124
-32.111747
-22.640909
-12.609448
-1.026222
10.844299
22.400958
34.255130
45.162269
54.308687
62.388182
69.070884
74.813196
78.060457
77.603885
74.703012
70.682934
65.511465
59.620312
52.954640
45.994180
37.322385
26.954583
14.828614
1.956224
-11.307171
-24.462427
-36.200796
-45.658180
-53.116253
-59.179749
-64.298085
-69.311346
-73.899882
-76.624325
-77.238083
-75.390339
-70.996114
-64.545189
-56.210586
-47.357934
-37.877730
-27.969735
-18.341371
-7.614238
4.304137
15.871014
27.558293
39.228201
49.447843
58.150291
65.725190
72.046007
77.128240
78.633002
77.048710
73.663167
69.117546
63.528674
57.453087
50.635849
42.928457
33.290046
22.182635
9.525333
-3.513438
-17.084054
-29.756853
-40.725299
-49.225603
-56.150981
-61.757224
-66.826173
-71.739299
-75.621264
-77.619553
-77.296666
-74.060644
-68.657569
-61.345782
-52.792685
-43.665341
-33.840622
-24.132899
-14.184884
-2.609662
9.302923
20.854473
32.778978
44.098241
53.524290
61.853273
68.673406
74.750696
78.640665
78.559944
75.986045
72.152615
67.217009
61.444725
54.945775
48.040152
39.643560
29.322590
17.256566
4.177434
-9.078469
-22.560528
-34.528460
-44.600282
-52.330153
-58.687585
-63.995293
-69.194181
-73.890516
-77.150379
-78.263112
-76.838561
-72.536639
-66.238642
-58.301347
-49.739906
-40.356772
-30.348982
-20.447118
-9.849753
2.024855
13.713496
25.571414
37.503753
48.064334
57.052374
64.891406
71.429014
76.956749
79.156501
78.117166
75.091124
70.659774
65.208673
59.194735
52.494322
45.054640
35.746438
24.819204
12.268679
-0.859669
-14.396054
-27.470929
-38.920471
-47.884328
-55.082355
-61.038562
-66.254990
-71.321896
-75.665542
-78.173365
-78.245401
-75.658390
-70.577860
-63.645499
-55.243117
-46.327455
-36.511081
-26.728255
-16.726426
-5.446502
6.719487
18.310206
30.347960
42.075259
51.896913
60.336760
67.605121
73.918785
78.440734
79.062837
76.926606
73.332787
68.611588
62.997001
56.577921
49.776350
41.712012
31.656027
19.833531
7.055828
-6.028414
-19.611972
-32.178504
-42.808567
-50.900153
-57.715518
-63.230480
-68.524224
-73.486907
-77.134371
-78.681026
-77.947038
-74.184622
-68.354266
-60.616732
-52.151680
-42.768376
-32.770293
-22.993769
-12.723548
-0.904799
11.195115
22.955963
35.084486
46.021427
55.195945
63.316481
70.104769
76.067448
79.273326
78.759875
75.847421
71.726527
66.711051
60.906751
54.369143
47.210625
38.177797
27.452026
15.278714
2.238410
-11.153902
-24.430582
-36.293439
-45.921462
-53.537914
-59.871503
-65.243414
-70.516552
-75.063876
-78.042575
-78.627552
-76.593331
-72.038514
-65.551826
-57.405404
-48.821654
-39.318119
-29.459681
-19.663061
-8.582728
3.526551
15.299491
27.237960
39.261409
49.658843
58.287893
65.770320
72.315420
77.643054
79.447031
77.957085
74.635744
70.066963
64.663546
58.719771
51.938977
44.175386
34.479584
23.131030
10.502338
-2.487898
-16.123567
-28.916938
-39.933750
-48.436948
-55.491073
-61.395339
-66.864150
-71.920667
-76.040711
-78.097241
-77.949422
-74.845382
-69.588423
-62.294517
-53.998402
-45.025860
-35.219874
-25.524242
-15.455144
-3.841094
8.164815
19.909314
31.873158
43.168749
52.606889
61.046907
67.993573
74.253253
78.192609
78.256130
75.824601
71.988617
67.172391
61.688593
55.360964
48.598732
40.225642
29.948609
18.110446
5.266326
-8.010353
-21.342380
-33.236401
-43.292727
-51.077434
-57.612828
-63.101905
-68.429879
-73.270968
-76.556717
-77.654975
-76.261929
-72.189059
-66.186871
-58.196102
-49.734286
-40.469340
-30.833142
-21.305765
-10.739395
1.103367
12.741940
24.539062
36.368029
46.891826
55.669206
63.490868
70.046527
75.720549
77.946186
76.819829
73.774372
69.611413
64.369440
58.469602
52.076408
44.861010
35.559280
24.660655
12.355702
-0.370060
-13.836793
-26.692493
-37.903786
-46.655451
-53.820780
-59.655224
-64.912864
-70.103237
-74.365991
-76.770953
-76.965264
-74.397666
-69.325311
-62.450000
-54.263217
-45.476471
-35.907882
-26.414735
-16.734259
-5.494356
6.478344
17.994642
29.734543
41.184596
50.649302
59.021711
66.076006
72.320018
76.782193
77.394417
75.299229
71.618387
66.957133
61.440127
55.172103
48.455000
40.439708
30.338083
18.711260
6.052085
-6.758996
-19.948823
-32.032898
-42.179993
-50.043719
-56.586776
-61.919349
-67.244768
-71.986232
-75.431892
-76.734679
-75.879778
-72.120769
-66.152981
-58.429411
-50.147431
-40.915864
-31.267405
-21.689279
-11.408159
0.312158
12.118646
23.697955
35.459484
45.870543
54.746866
62.679563
69.133214
74.841125
77.739784
77.139139
74.130808
69.867032
64.739329
59.000594
52.476270
45.312813
36.372287
25.716169
13.462475
0.687156
-12.658664
-25.583676
-36.829029
-45.968635
-53.318228
-59.220280
-64.321416
-69.439922
-73.835339
-76.399531
-76.729400
-74.545315
-69.651433
-62.851054
-54.666655
-45.874800
-36.456074
-27.013506
-17.355170
-6.337677
5.529267
16.976765
28.796877
40.355580
50.133296
58.604479
65.613985
71.912152
76.658555
77.623980
75.739111
72.117363
67.442996
62.036685
55.925676
49.198185
41.532006
31.804868
20.215171
7.444961
-5.510024
-18.715518
-31.065430
-41.497094
-49.395732
-56.013380
-61.464480
-66.628967
-71.495601
-75.217315
-76.790197
-76.134205
-72.562354
-66.783769
-59.161186
-50.862176
-41.832754
-32.111747
-22.638014
-12.608426
-1.028436
10.900668
22.488832
34.318822
45.089892
54.032803
62.028340
68.589790
74.427468
77.516181
77.086006
74.417250
70.213590
65.162012
59.340170
52.881752
45.900004
37.167583
26.708671
14.646735
1.779624
-11.410032
-24.339642
-35.882337
-45.215062
-52.677734
-58.703593
-63.820907
-68.850688
-73.394946
-76.094185
-76.584986
-74.547018
-70.067304
-63.562053
-55.406604
-46.756097
-37.243537
-27.571406
-18.010650
-7.188490
4.548686
16.079971
27.841840
39.500509
49.374444
57.724033
65.026964
71.306569
76.284749
77.430350
75.826475
72.330066
67.709344
62.206132
56.199006
49.622229
41.953496
32.288517
20.972320
8.441891
-4.464218
-17.813104
-30.306748
-40.862390
-49.075569
-55.837120
-61.355318
-66.544158
-71.384907
-75.202329
-76.989106
-76.434272
-73.002407
-67.485230
-60.029541
-51.651852
-42.540346
-32.773529
-23.300477
-13.375793
-1.910925
9.954657
21.620819
33.460685
44.453825
53.570611
61.577899
68.150078
74.083294
77.520779
77.259881
74.635574
70.616347
65.540756
59.762171
53.454467
46.312128
37.724631
27.350698
15.414442
2.549035
-10.624783
-23.644141
-35.165208
-44.770581
-52.194425
-58.457000
-63.676834
-68.971089
-73.521989
-76.459987
-77.122450
-75.259379
-70.909262
-64.494780
-56.329284
-47.751665
-38.329874
-28.599330
-18.952063
-8.187294
3.723417
15.399115
27.260610
39.021628
49.177579
57.717391
65.128974
71.436167
76.602186
78.168256
76.553651
73.208468
68.733692
63.322272
57.235105
50.664970
43.218306
33.624343
22.413390
9.852477
-3.089905
-16.698156
-29.306241
-40.085486
-48.375641
-55.207355
-60.964652
-66.159453
-71.221590
-75.313704
-77.343498
-77.045645
-73.839767
-68.539551
-61.271361
-52.797283
-43.673175
-34.078700
-24.567161
-14.850923
-3.330878
8.593627
20.350899
32.407897
43.627194
53.034851
61.194556
67.943164
73.916912
77.792917
77.797685
75.295653
71.456092
66.593885
60.881376
54.396561
47.547306
39.109673
28.891053
17.071792
4.222734
-8.983953
-22.186552
-34.051623
-43.916873
-51.576069
-57.909829
-63.335214
-68.551643
-73.268073
-76.335158
-77.395950
-75.957264
-71.786983
-65.609217
-57.648761
-49.119677
-39.730072
-30.056238
-20.417486
-9.849753
1.951797
13.667856
25.481667
37.384885
47.750132
56.455135
64.221280
70.600680
75.912646
77.982971
76.938697
73.823418
69.652455
64.270837
58.314800
51.770891
44.392858
35.027436
23.919174
11.323861
-1.472916
-14.866250
-27.570724
-38.419962
-47.019550
-54.109267
-60.003144
-65.361943
-70.597615
-74.770791
-76.926606
-76.845203
-74.059452
-68.970237
-62.070233
-53.835426
-44.952631
-35.376038
-25.785140
-15.897921
-4.524844
7.479191
18.985612
30.904497
42.350122
51.734618
59.993437
66.923925
72.971412
77.167749
77.559948
75.312001
71.571044
66.851207
61.288561
54.959570
48.157147
40.166548
30.032056
18.336943
5.466427
-7.558720
-20.872525
-32.919816
-42.854377
-50.582545
-57.041645
-62.512841
-67.788873
-72.603226
-75.972251
-77.181203
-76.057741
-72.045667
-66.036156
-58.224372
-49.884319
-40.596042
-30.810492
-21.315472
-11.014257
0.912973
12.605361
24.292639
36.228044
46.772276
55.590187
63.452550
69.842168
75.417587
77.903271
76.996088
73.960679
69.611243
64.434835
58.495487
51.921436
44.684921
35.724129
24.911846
12.606212
-0.299897
-13.690846
-26.568856
-37.859508
-46.837160
-54.013388
-59.891939
-65.023899
-70.088761
-74.483497
-76.951640
-77.260733
-74.856792
-70.015873
-63.011646
-54.795912
-46.016489
-36.318813
-26.608024
-16.821793
-5.719321
6.171976
17.812252
29.673406
41.381121
51.156112
59.588466
66.832474
72.904825
77.445677
78.167745
76.239279
72.613614
67.928348
62.441826
56.145021
49.322844
41.438001
31.491688
19.834382
6.962674
-6.072862
-19.310032
-31.670673
-42.002201
-49.954653
-56.986638
-62.495470
-67.553861
-72.522334
-76.238939
-77.731950
-76.932396
-73.227031
-67.456790
-59.809855
-51.468951
-42.260204
-32.479593
-22.855146
-12.694086

