20.388535
29.332297
38.775035
47.395059
54.395199
59.560367
63.790083
67.019122
68.985224
68.745102
65.946920
60.376610
54.178408
47.981909
39.767538
31.574283
23.667131
14.337982
2.965416
-9.688139
-20.803043
-30.601876
-40.222917
-49.103669
-55.145877
-59.109756
-61.948981
-65.107686
-67.323276
-67.725692
-65.925973
-62.427350
-56.682655
-49.625295
-41.800908
-33.228057
-23.640565
-14.107398
-4.596881
5.410910
15.113354
24.307115
33.568655
42.819466
50.841229
56.990044
61.850207
65.688406
68.486077
69.304194
68.057775
63.981499
57.654551
51.686764
44.761215
36.204372
28.401784
19.917318
9.745870
-2.320324
-14.680965
-25.209359
-34.790720
-44.175216
-51.833221
-56.861469
-60.399260
-63.345773
-66.322940
-67.837749
-67.420176
-64.636299
-60.111114
-53.666149
-46.327966
-38.071530
-29.077189
-19.426005
-10.290146
-0.334467
9.693078
19.278356
28.265204
37.824937
46.492815
53.794725
59.198482
63.532761
67.082644
69.176299
69.155863
66.817147
61.538049
55.260488
49.144711
41.154282
32.529320
24.672236
15.612500
4.587003
-7.933889
-19.460576
-29.361589
-39.033890
-48.150676
-54.562603
-58.828933
-62.043667
-65.016576
-67.322254
-68.038191
-66.487278
-63.198635
-57.820422
-50.855364
-43.035746
-34.550428
-25.025947
-15.397753
-5.918571
4.001515
13.790301
23.106677
32.323599
41.618688
49.970831
56.519338
61.485427
65.457140
68.390880
69.666590
68.630491
65.073456
58.920894
52.903550
46.231065
37.685122
29.594728
21.327904
11.461973
-0.445672
-13.122048
-23.865529
-33.640521
-43.167898
-51.292692
-56.709903
-60.391596
-63.321420
-66.287858
-68.070037
-67.831618
-65.406391
-61.267614
-55.056981
-47.805309
-39.646455
-30.750547
-21.106345
-11.683192
-1.873800
8.208070
17.869302
26.948282
36.441599
45.384339
53.045239
58.775118
63.305242
67.067146
69.440603
69.754294
67.782232
63.000066
56.535516
50.336804
42.739936
34.229415
26.475021
17.567532
6.704330
-5.897113
-17.725059
-27.876241
-37.398849
-46.748945
-53.716387
-58.469261
-61.745814
-64.884424
-67.428521
-68.437202
-67.374025
-64.206634
-59.054409
-52.268164
-44.717278
-36.408561
-27.043479
-17.352274
-7.804973
2.141510
12.211629
21.624565
30.782052
40.071011
48.538276
55.604662
60.828584
64.802510
68.175622
69.887979
69.422041
66.372326
60.471807
54.165295
47.670262
39.352689
31.091486
23.135969
13.609103
2.036435
-10.827609
-22.018296
-31.842504
-41.464397
-50.251484
-56.044885
-59.918676
-62.794856
-65.875224
-67.900419
-68.220752
-66.191469
-62.421731
-56.580816
-49.435411
-41.451795
-32.735382
-23.108721
-13.530254
-3.824064
6.277561
15.923807
25.102241
34.565926
43.815545
51.773787
57.933841
62.602588
66.401788
69.125380
69.906541
68.588597
64.301150
57.953426
51.826068
44.643709
35.953011
28.104612
19.349882
8.965220
-3.314529
-15.691178
-26.179382
-35.748822
-45.246226
-52.848373
-57.871171
-61.278684
-64.271859
-67.050116
-68.435499
-67.937204
-65.047571
-60.378994
-53.740399
-46.412945
-38.156339
-28.965303
-19.220284
-9.826592
0.154802
10.123253
19.664764
28.837068
38.433245
47.377007
54.583209
59.825352
64.065116
67.691803
69.931575
69.865840
67.391225
61.932462
55.646726
49.389941
41.256462
32.843351
24.998358
15.658821
4.450934
-8.372409
-19.909143
-29.910803
-39.650031
-48.745700
-55.098363
-59.296404
-62.413556
-65.635272
-67.981482
-68.588938
-67.059313
-63.560860
-58.061736
-51.079307
-43.311971
-34.761940
-25.192499
-15.550511
-5.885874
4.129750
13.907807
23.314612
32.602719
42.038134
50.257444
56.841373
61.728273
65.738644
68.725177
70.068836
69.132192
65.585205
59.370824
53.232057
46.407325
37.939719
29.904842
21.504164
11.489902
-0.529630
-13.155256
-23.985420
-33.696379
-43.292046
-51.454135
-56.946107
-60.536691
-63.623871
-66.698108
-68.534272
-68.238633
-65.678358
-61.396531
-55.230686
-48.069443
-39.958273
-31.069177
-21.375247
-11.970316
-2.108472
7.987363
17.617089
26.740858
36.318983
45.357261
52.993468
58.714492
63.246489
66.964967
69.475174
69.850683
67.920855
63.169854
56.748220
50.652879
42.983464
34.426451
26.619264
17.634119
6.911584
-5.706378
-17.646551
-27.816636
-37.483488
-46.802419
-53.750277
-58.309862
-61.623199
-64.923593
-67.588261
-68.374702
-67.249196
-64.084530
-58.980669
-52.266291
-44.803619
-36.539861
-27.194364
-17.543009
-8.060251
2.013104
11.845146
21.301338
30.610561
40.036270
48.504216
55.410351
60.441664
64.466340
67.779507
69.483008
69.119590
66.089119
60.252462
54.042169
47.665153
39.474794
31.115838
22.893803
13.256924
1.772472
-10.723897
-21.833522
-31.620434
-41.468314
-50.104686
-55.751971
-59.687410
-62.763180
-65.928698
-67.954234
-68.031890
-65.855299
-62.014546
-56.122712
-49.058540
-41.095359
-32.335179
-22.798436
-13.484614
-3.729548
6.267173
15.918698
25.054046
34.515517
43.633665
51.571642
57.598182
62.231507
66.073792
68.781716
69.553511
68.154165
63.891241
57.728631
51.652874
44.321844
35.672018
27.941465
19.204276
8.848224
-3.489937
-15.737500
-26.070901
-35.753420
-45.278924
-52.720819
-57.680607
-61.077731
-64.189093
-67.005157
-68.180220
-67.422220
-64.579419
-59.761490
-53.164789
-45.949732
-37.724291
-28.587920
-18.972669
-9.543385
0.371422
10.358606
19.902672
29.087067
38.501705
47.207900
54.524796
59.863670
64.092875
67.542791
69.528988
69.368567
66.808973
61.308146
55.112839
48.758132
40.633678
32.247305
24.418661
15.100241
3.962857
-8.834771
-20.356008
-30.225175
-39.781332
-48.771586
-55.068050
-59.187072
-62.316486
-65.596104
-67.777123
-68.223136
-66.417285
-62.841688
-57.175159
-50.283500
-42.558738
-34.008878
-24.505172
-14.979839
-5.308901
4.754577
14.497553
23.714134
32.956770
42.288474
50.390618
56.799820
61.677183
65.652302
68.587576
69.649390
68.577017
64.859901
58.727775
52.561249
45.753207
37.157365
29.236930
20.804065
10.821138
-1.165015
-13.669218
-24.264370
-33.909764
-43.419770
-51.335607
-56.626116
-60.291801
-63.413211
-66.465480
-68.002428
-67.684480
-64.984219
-60.520683
-54.177557
-47.039815
-39.003577
-30.058622
-20.405224
-11.178255
-1.232113
8.755241
18.300159
27.281216
36.647149
45.651538
53.188460
58.680432
63.125917
66.690104
69.079229
69.324630
67.163536
62.173605
55.905070
49.824715
41.868346
33.429520
25.771345
16.713142
5.833251
-6.721360
-18.331664
-28.400591
-38.113083
-47.291177
-53.833723
-58.229991
-61.386653
-64.604112
-67.081281
-67.874704
-66.463436
-63.213110
-57.940483
-51.004205
-43.532167
-35.299403
-25.885105
-16.317538
-6.879738
3.035069
12.803248
22.055592
31.175103
40.633168
48.995359
55.650302
60.715505
64.702885
67.716326
69.149903
68.421023
65.041610
59.069054
53.080661
46.441044
38.062334
30.247995
21.961927
12.268169
0.478200
-12.146916
-22.886140
-32.507522
-42.081901
-50.219638
-55.704287
-59.505871
-62.528678
-65.705606
-67.631177
-67.534106
-65.151112
-60.856172
-54.763045
-47.684056
-39.714745
-30.956609
-21.379845
-12.071984
-2.363750
7.574047
17.074006
26.067155
35.420997
44.485671
52.106721
57.805947
62.268121
65.994774
68.473816
68.862609
66.974674
62.371492
56.207691
50.203289
42.701619
34.271990
26.601212
17.686060
7.072517
-5.421128
-17.230681
-27.203049
-36.853722
-46.076434
-52.993979
-57.499749
-60.754333
-63.966342
-66.636630
-67.612273
-66.512823
-63.344070
-58.131048
-51.449537
-43.988398
-35.914523
-26.723828
-17.115389
-7.735320
2.034903
11.913095
21.249737
30.370099
39.626530
48.035724
54.819584
59.885638
64.015559
67.243576
68.863971
68.389859
65.146003
59.334210
53.328446
46.973569
38.650036
30.468021
22.467034
12.935911
1.560960
-11.076587
-21.864857
-31.554018
-41.166033
-49.650839
-55.245331
-58.932815
-61.921222
-65.065622
-67.068509
-67.195552
-65.050125
-61.008930
-55.077417
-48.007795
-40.173020
-31.513146
-22.006546
-12.781450
-3.067255
6.834439
16.302041
25.386299
34.759556
43.772629
51.492282
57.376283
61.959199
65.708331
68.279334
68.816968
67.105464
62.620470
56.489706
50.524473
43.215752
34.740652
26.977743
18.152339
7.775000
-4.504408
-16.459227
-26.602745
-36.132847
-45.495374
-52.591222
-57.139056
-60.550656
-63.692331
-66.404172
-67.466327
-66.586903
-63.547066
-58.567694
-51.750626
-44.406993
-36.231279
-27.138846
-17.525809
-8.357763
1.467807
11.275326
20.622015
29.754128
38.971731
47.473397
54.420914
59.510129
63.607863
66.903830
68.713256
68.349327
65.405369
59.751953
53.772586
47.491959
39.238930
30.973979
23.047073
13.550179
2.135379
-10.506255
-21.582842
-31.268256
-40.775537
-49.340895
-55.171081
-58.936392
-61.881202
-65.099171
-67.216328
-67.381348
-65.329586
-61.575174
-55.652687
-48.552070
-40.677275
-32.084669
-22.717203
-13.360466
-3.792388
6.137575
15.749931
24.838958
34.195355
43.266501
51.053252
57.156767
61.855146
65.584694
68.251576
68.860565
67.472628
63.142266
56.998049
51.062277
43.940885
35.466296
27.676480
18.977778
8.585453
-3.589903
-15.839679
-26.167120
-35.599470
-44.899668
-52.322830
-57.218926
-60.573476
-63.701868
-66.508566
-67.710195
-66.974844
-64.105136
-59.262174
-52.622216
-45.271942
-37.128755
-28.013332
-18.485955
-9.188482
0.651734
10.712828
20.112310
29.133558
38.462707
47.131266
54.194076
59.437581
63.689096
67.047221
69.039890
68.871464
66.241367
60.804401
54.633958
48.442398
40.299211
31.895808
24.081469
14.640433
3.371579
-9.251492
-20.445074
-30.266387
-39.727858
-48.684222
-54.856368
-58.971984
-62.113830
-65.316302
-67.462070
-67.851543
-66.040925
-62.441996
-56.774787
-49.606732
-41.820151
-33.337559
-23.829596
-14.444760
-4.994018
4.999808
14.709915
23.885454
33.175775
42.395762
50.369671
56.719099
61.527320
65.314089
68.191630
69.269793
68.175963
64.344066
58.158466
52.151169
45.274496
36.630630
28.728076
20.226581
10.006257
-2.067600
-14.442546
-24.957487
-34.542765
-44.002533
-51.827601
-56.951897
-60.472148
-63.464301
-66.494090
-67.949125
-67.463602
-64.744949
-60.221638
-53.764582
-46.350786
-38.260221
-29.230629
-19.707680
-10.433367
-0.608649
9.394714
18.907785
27.932440
37.401744
46.262911
53.665468
59.037549
63.363484
66.942487
69.097791
69.139004
66.979783
61.720950
55.467401
49.382108
41.480235
32.984018
25.217874
15.988180
4.955360
-7.701090
-19.208704
-29.099839
-38.801091
-47.862530
-54.445778
-58.764900
-61.911515
-64.996651
-67.467349
-68.066972
-66.557101
-63.197953
-57.685546
-50.700222
-43.003219
-34.574611
-25.097132
-15.505212
-6.013427
3.887245
13.673306
22.879839
32.118559
41.388273
49.793039
56.273086
61.159134
65.124375
68.141903
69.493907
68.625552
65.031733
59.029886
52.950723
46.427250
37.858827
29.690266
21.500417
11.491776
-0.413656
-13.117961
-23.772206
-33.396312
-43.021611
-51.186085
-56.632076
-60.315643
-63.332149
-66.390038
-68.138497
-67.955937
-65.583161
-61.263527
-55.007594
-47.663450
-39.547682
-30.978237
-21.251951
-11.663948
-1.977852
7.984638
17.554079
26.661669
36.171845
45.261383
52.888904
58.570760
63.088111
66.741535
69.204569
69.457803

