-0.981263
10.888577
22.565978
34.536804
45.598234
54.856879
62.780210
69.385256
75.211866
78.341791
77.900376
75.091975
70.906026
65.719911
59.894323
53.444760
46.345506
37.655319
27.101380
14.846155
1.806872
-11.515617
-24.594409
-36.419289
-45.873097
-53.117956
-59.260641
-64.484903
-69.775922
-74.450459
-77.314036
-77.861377
-75.895957
-71.280513
-64.682279
-56.388548
-47.765459
-38.364444
-28.520993
-18.771546
-7.976123
4.018545
15.799318
27.752944
39.616483
49.762385
58.400801
65.926824
72.234528
77.414853
78.913484
77.415705
74.017559
69.520814
64.031397
57.996511
51.255907
43.505771
33.889839
22.550651
9.799004
-3.218821
-16.821963
-29.590130
-40.490968
-48.829147
-55.684022
-61.349869
-66.602911
-71.654149
-75.799397
-77.917235
-77.615806
-74.405500
-69.078888
-61.819553
-53.345476
-44.318438
-34.462554
-24.775778
-14.844111
-3.311804
8.737189
20.530905
32.525744
43.931689
53.359951
61.732020
68.581615
74.630124
78.551769
78.543425
75.997284
72.118214
67.123345
61.410836
54.983752
48.006262
39.740290
29.493230
17.644167
4.735163
-8.506264
-21.901642
-34.031357
-44.147287
-51.879202
-58.188268
-63.538722
-68.792445
-73.543276
-76.811484
-77.930859
-76.619898
-72.571720
-66.444533
-58.510814
-49.992970
-40.554319
-30.641556
-20.823649
-10.342087
1.566240
13.316699
25.112970
37.036283
47.577790
56.572642
64.599344
71.233170
76.678140
78.928300
77.785254
74.692283
70.336546
64.921720
58.994123
52.385500
45.032842
35.920824
25.008917
12.621369
-0.444310
-14.081342
-27.194023
-38.598435
-47.683205
-54.750102
-60.592038
-65.741880
-70.844889
-75.390850
-77.880962
-78.136410
-75.573921
-70.640871
-63.655887
-55.257933
-46.256270
-36.678314
-27.029514
-17.207520
-6.052085
6.029436
17.734425
29.822929
41.614430
51.567725
60.126271
67.347118
73.667083
78.174387
78.858989
76.942103
73.216472
68.518945
62.884433
56.546756
49.816881
41.840928
31.882865
20.353964
7.532665
-5.622932
-19.094944
-31.662839
-42.230572
-50.386020
-57.101420
-62.642949
-67.873853
-72.807414
-76.545136
-78.176601
-77.620234
-73.970045
-68.164383
-60.441494
-51.924501
-42.731251
-32.879114
-23.112808
-12.934378
-1.163312
10.904244
22.626604
34.715618
45.961652
55.241585
63.429049
70.120437
75.907707
79.166889
78.653778
75.783730
71.548564
66.524574
60.743264
54.220472
47.070639
38.312163
27.645997
15.464681
2.423865
-11.029754
-24.305412
-36.133528
-45.731749
-53.411552
-59.651136
-64.946072
-70.204224
-74.879612
-77.891861
-78.603540
-76.890332
-72.358506
-65.887996
-57.569913
-48.871551
-39.394753
-29.618229
-19.773756
-8.871726
3.255435
15.028545
26.933295
38.979735
49.319948
58.155060
65.956116
72.450808
77.907698
79.717125
78.409910
74.990307
70.501566
64.869608
58.737482
51.997049
44.381448
34.820182
23.608889
10.935749
-2.215249
-15.738692
-28.639521
-39.843661
-48.652036
-55.683681
-61.460563
-66.495453
-71.494239
-75.720038
-77.962024
-78.079019
-75.322049
-70.064408
-62.893118
-54.579122
-45.418739
-35.551616
-25.745801
-15.820776
-4.398823
7.708754
19.528355
31.496286
43.005432
52.764416
61.252117
68.393775
74.716296
78.939710
79.398496
77.191762
73.210001
68.453380
62.738146
56.232384
49.230201
40.857622
30.597959
18.882411
5.965403
-7.197005
-20.602771
-32.904148
-43.317420
-51.474742
-58.111804
-63.480990
-68.670852
-73.480265
-77.011926
-78.339236
-77.332258
-73.530674
-67.669494
-59.823479
-51.325389
-41.972739
-32.001904
-22.168330
-11.733600
0.154291
12.132781
23.934671
35.985708
46.874966
55.833033
63.937732
70.788690
76.615299
79.277754
78.428302
75.452668
71.177823
65.874543
60.032606
53.587130
46.319280
37.256990
26.368754
14.045579
1.084464
-12.441363
-25.530032
-37.146636
-46.365772
-53.915807
-60.112817
-65.261807
-70.494073
-74.977875
-77.697209
-78.215258
-75.979914
-71.279662
-64.705270
-56.524277
-47.779935
-38.056374
-28.321232
-18.443721
-7.419246
4.742997
16.432490
28.298242
40.129423
50.217594
58.904205
66.429206
72.933435
77.982630
79.138960
77.249323
73.629447
68.966491
63.446420
57.295901
50.702095
43.056692
33.231122
21.710736
8.837496
-4.225629
-17.894506
-30.464445
-41.162627
-49.412251
-56.211267
-61.770167
-67.062719
-72.207281
-76.224804
-78.065395
-77.674729
-74.291400
-68.738971
-61.237301
-52.809545
-43.729714
-33.938374
-24.286338
-14.205830
-2.503225
9.559734
21.491051
33.560651
44.677768
53.728478
61.822959
68.786144
74.858665
78.480073
78.282016
75.728553
71.670328
66.660132
61.026641
54.632085
47.428097
38.728373
28.329066
16.545228
3.841434
-9.627342
-23.112127
-34.919126
-44.689519
-52.248410
-58.630364
-64.000913
-69.112267
-73.853561
-77.044964
-77.977862
-76.425076
-72.143248
-65.895319
-57.774612
-49.048832
-39.581231
-29.965639
-20.337275
-9.657315
2.308403
14.006921
25.873355
37.944147
48.420770
57.195255
64.924615
71.438381
76.901742
78.771114
77.265160
74.017388
69.574799
64.195565
58.170898
51.637036
44.182880
34.776415
23.624386
11.207547
-1.714911
-15.284334
-28.030872
-39.018052
-47.717605
-54.817200
-60.613326
-65.901109
-70.825304
-75.007847
-77.204704
-77.336005
-74.546507
-69.414888
-62.333005
-54.098027
-45.089722
-35.504614
-25.889874
-16.081674
-4.739080
7.183722
18.886498
30.927147
42.401382
51.905598
60.400622
67.444869
73.717492
77.954531
78.294788
75.982128
72.137969
67.472969
61.831645
55.439813
48.586471
40.213551
30.075823
18.354825
5.542721
-7.594994
-20.784140
-32.669987
-42.603016
-50.508295
-57.101931
-62.614339
-67.904506
-72.745766
-76.040370
-77.231271
-76.070172
-72.165217
-66.308635
-58.570249
-50.076417
-40.936981
-31.268426
-21.647555
-11.223555
0.676257
12.306656
24.001258
35.855089
46.422311
55.110114
63.026292
69.680895
75.461354
77.863591
76.844181
73.931898
69.718872
64.535141
58.672258
52.266632
45.105049
35.911117
25.082827
12.766634
-0.073910
-13.423307
-26.281731
-37.424394
-46.276365
-53.474222
-59.353283
-64.542294
-69.501230
-73.755639
-76.191085
-76.523508
-74.095385
-69.281033
-62.433141
-54.300853
-45.576436
-35.939898
-26.503120
-16.970805
-5.956718
5.985328
17.452070
29.217516
40.726321
50.421953
58.852775
65.880333
72.030340
76.607806
77.293430
75.207267
71.465969
66.932270
61.416285
55.232559
48.351458
40.365117
30.518600
18.923112
6.276539
-6.584781
-19.631386
-31.666415
-41.811977
-49.643346
-56.339673
-61.763014
-67.010096
-71.739980
-75.076818
-76.391697
-75.396129
-71.852207
-66.189936
-58.428049
-50.144536
-41.119882
-31.382697
-21.748543
-11.461462
0.139305
11.744329
23.321935
35.078015
45.674699
54.493461
62.391928
69.043466
74.795314
77.546665
76.684271
73.868036
69.566965
64.363480
58.602606
52.146571
45.034545
36.108153
25.421211
13.140951
0.225646
-13.116939
-25.867735
-37.177801
-45.914650
-52.967242
-58.986289
-64.203399
-69.287164
-73.711702
-76.369899
-76.722247
-74.318477
-69.490501
-62.817505
-54.635491
-45.944112
-36.488942
-27.022191
-17.350742
-6.410735
5.456209
17.015764
28.830426
40.285928
50.150156
58.515412
65.574987
71.754115
76.512609
77.548027
75.522832
71.939741
67.247834
61.749560
55.547101
48.818077
41.001354
31.301124
19.853626
7.061277
-5.870717
-19.020694
-31.273365
-41.772127
-49.642154
-56.279557
-61.691318
-66.899913
-71.705580
-75.228385
-76.685974
-75.918947
-72.355611
-66.676310
-59.041125
-50.740753
-41.659730
-31.928676
-22.419180
-12.363025
-0.789676
10.976621
22.577047
34.564052
45.396600
54.414954
62.284981
68.914720
74.561664
77.749831
77.377558
74.480772
70.309639
65.225703
59.380191
52.846330
45.819793
36.870411
26.210717
14.015777
1.244204
-12.012890
-24.873189
-36.176784
-45.278924
-52.639076
-58.689288
-63.995974
-69.046361
-73.615653
-76.238598
-76.657193
-74.513640
-69.860220
-63.501256
-55.423294
-46.846696
-37.313359
-27.685165
-18.022571
-7.098913
4.861185
16.370671
28.112616
39.774350
49.667869
58.064631
65.464292
71.726867
76.713221
78.024183
76.132672
72.461878
68.021842
62.724352
56.588139
49.877507
42.123284
32.455751
21.082674
8.426905
-4.632984
-18.174137
-30.571563
-41.067089
-49.024139
-55.725064
-61.245305
-66.493409
-71.348633
-75.154305
-76.856102
-76.345546
-72.835343
-67.238808
-59.821776
-51.638058
-42.622941
-32.964264
-23.566825
-13.581174
-2.073560
9.778908
21.470274
33.516373
44.332402
53.532634
61.609234
68.160125
74.118546
77.506985
77.046156
74.496610
70.445708
65.327883
59.472493
53.028720
46.055147
37.532364
27.420521
15.437433
2.652747
-10.605369
-23.649079
-35.518919
-45.028244
-52.380051
-58.555092
-63.645840
-68.572078
-73.222773
-76.110704
-76.709134
-74.949265
-70.555210
-64.129148
-56.057487
-47.520399
-38.092988
-28.528486
-18.976416
-8.392164
3.467287
14.989717
26.830435
38.733993
48.823186
57.372195
64.915930
71.258375
76.226337
77.756303
76.261248
72.995595
68.538019
63.190631
57.023082
50.359624
42.785917
33.280849
22.016934
9.480715
-3.378391
-16.818728
-29.389347
-40.091106
-48.375641
-55.232559
-60.930422
-66.031728
-70.984704
-75.002228
-76.812165
-76.461349
-73.322909
-67.953723
-60.694047
-52.476440
-43.484483
-33.687183
-24.289744
-14.447485
-2.899170
9.018353
20.601068
32.455240
43.563843
52.914960
61.057976
67.908594
73.974984
77.753578
77.644927
75.077840
71.240493
66.362960
60.638189
54.017987
47.037261
38.705383
28.578384
16.717059
3.861359
-9.360484
-22.527831
-34.517390
-44.268029
-51.868302
-58.245318
-63.415936
-68.478244
-73.155335
-76.213053
-77.032362
-75.492859
-71.279832
-65.111092
-57.098184
-48.594304
-39.331913
-29.615675
-19.900799
-9.402207
2.513443
14.292513
25.969914
37.762267
47.903061
56.602955
64.351218
70.854936
76.250178
78.344345
76.989617
73.796340
69.453546
64.079932
57.953085
51.279238
43.721540
34.337725
23.538726
10.940007
-1.947028
-15.383618
-28.107166
-39.270265
-47.817911
-54.812091
-60.602427
-65.660136
-70.513487
-74.690580
-77.028104
-76.932567
-74.110372
-68.986416
-61.875922
-53.438459
-44.632980
-34.937518
-25.257553
-15.562773
-4.190717
7.765974
19.275291
31.118734
42.598588
52.235978
60.707160
67.606143
73.831592
78.002896
78.221560
75.898000
72.242873
67.359550
61.741216
55.457524
48.409871
40.168592
30.084678
18.285683
5.426918
-7.790497
-21.092040
-33.089093
-43.293067
-51.055976
-57.515417
-62.743085
-67.942142
-72.635583
-76.138462
-77.397823
-76.231786
-72.303159
-66.306421
-58.425835
-49.944265
-40.781328
-31.050955
-21.336590
-10.970490
0.788314
12.596335
24.340153
36.241157
46.841758
55.930444
63.829763
70.390020
76.037986
78.432901
77.434608
74.423892
70.260763
64.935173
59.087958
52.653721
45.409203
36.333288
25.421381
12.842076
-0.167063
-13.580322
-26.465825
-37.909746
-46.992643
-54.231541
-60.143982
-65.325499
-70.411137
-74.774538
-77.306373
-77.585152
-75.208289
-70.130995
-63.405718
-55.168867
-46.490601
-36.866154
-27.241026
-17.378330
-6.278753
5.847216
17.478296
29.483863
41.229384
51.186936
59.687410
67.028829
73.447738
78.127725

