8.542538
23.008415
36.666564
48.722199
58.987141
67.154850
73.812349
79.689537
85.737194
90.845994
92.556987
90.027196
86.636373
81.958260
72.998490
61.959028
51.220145
39.174046
25.439262
10.687283
-3.898655
-17.616919
-31.028816
-44.678961
-56.720802
-66.575323
-76.009887
-84.281479
-90.174164
-93.517133
-93.459402
-90.400491
-86.470842
-81.110171
-73.734862
-64.175810
-53.258623
-41.690724
-29.006004
-14.602627
0.073910
14.681986
29.043981
42.174033
53.482907
62.705789
70.172037
76.540538
82.477331
88.513919
92.435564
92.220136
88.868141
85.502863
79.159566
68.903821
57.897568
46.787262
33.876044
19.632578
4.760027
-9.340899
-22.970097
-36.519766
-49.697161
-60.580799
-70.229428
-79.458611
-86.951596
-91.743299
-93.959570
-92.592921
-89.089870
-84.588187
-78.552280
-70.417438
-60.284819
-48.934732
-36.993708
-23.684331
-9.014606
5.729028
20.388194
34.479243
46.830177
57.404722
65.852915
72.843518
78.802620
84.860495
90.492453
92.959234
90.923650
87.588685
83.542722
75.463567
64.542804
53.739888
42.160409
28.586728
13.955832
-0.888961
-14.815501
-28.403146
-41.997944
-54.541997
-64.638002
-73.986905
-82.671983
-89.205163
-93.080827
-93.911375
-91.452428
-87.629216
-82.604204
-75.538329
-66.400255
-55.740901
-44.174194
-31.989813
-17.959561
-3.262418
11.384657
25.896004
39.554494
51.348039
61.029366
68.818160
75.397662
81.285409
87.152719
91.769355
92.553582
89.713165
86.538110
81.259012
71.627242
60.375929
49.299683
36.671502
22.515399
7.738726
-6.639787
-20.314625
-33.749342
-47.067404
-58.713300
-68.500893
-77.960151
-85.903747
-91.202940
-94.090700
-93.358585
-90.045248
-85.789987
-80.186299
-72.465965
-62.728098
-51.429442
-39.769411
-26.901790
-12.263571
2.587182
17.307486
31.443494
44.287954
55.256912
64.167465
71.451664
77.709981
83.859478
89.698178
93.044894
92.147589
88.660887
85.100276
78.056540
67.304202
56.457009
45.007978
31.656027
17.195089
2.256972
-11.911052
-25.495631
-39.105245
-52.013227
-62.578065
-72.152615
-81.192255
-88.256257
-92.611994
-94.189474
-92.249598
-88.736500
-84.025179
-77.513116
-68.920851
-58.539765
-47.024999
-34.980944
-21.257911
-6.432363
8.412600
23.117576
36.883354
48.915829
59.144156
67.328896
74.214765
80.219848
86.321150
91.715881
93.652691
91.141633
87.601798
83.170107
74.411971
63.213110
52.281107
40.208272
26.368754
11.604173
-3.162963
-17.150130
-30.817986
-44.475453
-56.705305
-66.860063
-76.260907
-84.607090
-90.623072
-94.078950
-94.391108
-91.521740
-87.656464
-82.304648
-74.988774
-65.396002
-54.400137
-42.706898
-30.288526
-15.925680
-1.027754
13.801881
28.191805
41.567087
53.151505
62.625068
70.232494
76.725142
82.704340
88.776350
92.935051
93.089172
89.866774
86.532661
80.452476
70.374012
59.330634
48.197338
35.290207
20.963464
5.990607
-8.444275
-22.103957
-35.699606
-49.001489
-60.274431
-69.994756
-79.344341
-86.899826
-91.898271
-94.389915
-93.337468
-90.077605
-85.707222
-79.605068
-71.441105
-61.534813
-50.101280
-38.322381
-25.169338
-10.525499
4.318101
19.158466
33.442804
46.012402
56.775297
65.489837
72.583130
78.744037
84.894896
90.548652
93.388557
91.812270
88.210106
84.527050
76.934440
66.097464
55.328778
43.715579
30.223983
15.621526
0.505107
-13.617277
-27.275256
-40.918589
-53.642307
-64.038379
-73.537486
-82.290173
-89.065688
-93.215023
-94.489370
-92.276335
-88.588340
-83.678109
-76.893057
-67.919152
-57.359253
-45.813322
-33.657891
-19.756726
-4.972219
9.769712
24.523905
38.275208
50.147261
60.134445
67.980460
74.778284
80.895083
87.064505
92.006070
93.174321
90.376309
87.091752
82.052605
72.839430
61.954260
51.156964
38.777590
24.690969
9.839364
-4.743508
-18.706662
-32.356637
-45.931339
-57.650294
-67.558629
-77.042580
-85.106577
-90.821130
-93.960932
-93.771560
-90.825387
-86.725099
-81.151213
-73.663167
-64.024244
-52.943911
-41.209289
-28.631006
-14.146055
0.535079
15.370505
29.747146
42.756796
54.023606
63.183819
70.547376
76.907533
82.966600
89.052234
92.842579
92.203106
88.955334
85.613728
78.995739
68.486759
57.647909
46.405963
33.155850
18.690314
3.722055
-10.272605
-23.965154
-37.513631
-50.634997
-61.509780
-71.212905
-80.332415
-87.523290
-92.129026
-93.952077
-92.259305
-88.892324
-84.442581
-78.264986
-69.868224
-59.623207
-48.188312
-36.220551
-22.692510
-7.983787
6.722382
21.339144
35.360200
47.552415
57.824680
65.956116
72.888136
79.154628
85.326263
90.780599
92.763390
90.545927
87.177924
82.972901
74.657713
63.805921
52.969967
40.885040
27.213778
12.759141
-1.806702
-15.856709
-29.638495
-43.107782
-55.311918
-65.332481
-74.891874
-83.463703
-89.503016
-93.099901
-93.603815
-90.900489
-87.123769
-82.037960
-74.990988
-65.712418
-54.894856
-43.354205
-31.124864
-16.946111
-2.127716
12.609277
27.052164
40.347236
51.817383
61.207839
68.671533
75.228385
81.288985
87.493999
91.892992
92.100757
89.068242
85.807358
79.933235
70.002420
59.241397
48.354353
35.467999
21.196093
6.510700
-7.726124
-21.495308
-35.007341
-48.199041
-59.358563
-69.091661
-78.392540
-86.100101
-90.968098
-93.383108
-92.238699
-89.090722
-84.855897
-78.920977
-70.980787
-61.137336
-49.877167
-38.278103
-25.186879
-10.659524
4.002537
18.616404
32.729421
45.193774
55.803401
64.191137
71.309294
77.440568
83.622762
89.401177
92.197997
90.469803
87.030104
83.329848
75.550761
64.841679
54.393496
42.966945
29.678174
15.202761
0.417233
-13.607740
-27.213097
-40.682043
-53.120170
-63.378470
-72.852203
-81.556014
-88.027886
-92.000961
-92.921938
-90.629033
-87.112529
-82.304307
-75.618880
-66.667795
-56.027344
-44.720513
-32.656193
-18.816675
-4.248619
10.381767
24.722133
38.182225
49.850770
59.593746
67.134414
73.753425
79.725300
85.818597
90.410709
91.052566
88.157313
84.982089
79.767023
70.311342
59.656416
49.208743
36.812850
22.922243
8.260182
-6.019899
-19.634281
-33.137117
-46.243668
-57.468755
-67.208494
-76.524019
-84.409373
-89.620522
-92.313630
-91.581004
-88.453463
-84.383999
-78.771285
-71.029663
-61.461074
-50.507103
-38.939204
-26.323455
-12.109620
2.411434
17.057828
31.069006
43.590920
54.236480
62.901633
69.951160
75.979914
81.958090
87.868997
91.052396
89.701755
86.183378
82.660573
75.307233
64.819200
54.304770
43.296984
30.368737
16.056640
1.379933
-12.555804
-26.049614
-39.529119
-52.148274
-62.241895
-71.635757
-80.243008
-86.922475
-91.002498
-92.160872
-90.001481
-86.471183
-81.982272
-75.441939
-66.505671
-56.092739
-44.842958
-32.917091
-19.272396
-4.819461
9.524993
23.776123
37.373475
49.138580
58.948994
66.677843
73.199783
79.074757
85.003035
89.895214
90.939147
88.271414
84.966081
79.979215
70.715461
59.727941
49.146414
37.040370
23.375750
8.869341
-5.356244
-18.965857
-32.283408
-45.684746
-57.148593
-66.869940
-76.235703
-84.098067
-89.347363
-92.137711
-91.681651
-88.573865
-84.580864
-79.103368
-71.746452
-62.192508
-51.204647
-39.616483
-26.989494
-12.564319
1.955203
16.401325
30.377933
43.009860
53.778887
62.734910
69.915227
76.046671
82.006795
87.880748
91.298308
90.069771
86.650508
83.106586
76.206071
65.731491
55.127825
44.124637
31.253610
16.998734
2.029453
-11.935915
-25.313241
-38.808925
-51.676376
-61.930418
-71.413858
-80.234664
-87.167365
-91.389758
-92.737675
-90.642827
-87.066037
-82.473074
-76.015166
-67.414045
-57.146549
-45.829160
-33.931392
-20.384448
-5.843299
8.661577
23.102420
36.660433
48.545088
58.416639
66.304888
72.926113
78.961168
84.964037
90.224402
91.908489
89.117799
85.533346
80.688681
71.626050
60.703073
50.369161
38.388968
24.866717
10.288443
-4.096372
-17.917837
-31.478405
-44.912440
-56.612151
-66.404343
-75.564214
-83.576781
-89.081356
-92.358589
-92.234441
-89.187452
-85.252694
-79.827649
-72.580406
-62.993254
-52.041667
-40.427957
-27.957303
-13.760158
0.790868
15.266623
29.407058
42.334965
53.498745
62.502793
69.602047
75.828348
81.671987
87.567398
91.353655
90.601444
87.174518
83.957740
77.414513
66.910131
56.011506
44.903925
32.039200
17.777852
3.200769
-10.589361
-24.112804
-37.502561
-50.397771
-60.969251
-70.614304
-79.652071
-86.776018
-91.076068
-92.763560
-90.934379
-87.517330
-83.014795
-76.747622
-68.465301
-58.442695
-47.055994
-35.167592
-21.809850
-7.199900
7.295949
21.722657
35.455738
47.492811
57.440656
65.639189
72.461026
78.370571
84.416015
89.755229
91.580663
89.358091
86.079836
81.789494
73.180199
62.208857
51.429783
39.502553
26.028156
11.311940
-3.240619
-16.852788
-30.086892
-43.621063
-55.511849
-65.354449
-74.896642
-83.196504
-88.953802
-92.326232
-92.394011
-89.303766
-85.414818
-80.277068
-73.150226
-63.916445
-53.229673
-41.764975
-29.464109
-15.224729
-0.562327
14.049155
28.227227
41.200774
52.449192
61.482532
68.725177
75.174400
81.216948
87.176391
91.237341
91.033663
87.778398
84.369012
78.174216
67.923069
57.128498
46.320472
33.656018
19.501959
4.738910
-9.278059
-22.941828
-36.505120
-49.505404
-60.233900
-69.728238
-78.851836
-86.118153
-90.827601
-92.993634
-91.453109
-87.965897
-83.540508
-77.436481
-69.301810
-59.394836
-48.108271
-36.236048
-23.217372
-8.716754
6.009681
20.646197
34.505129
46.657835
56.984425
65.245288
72.035960
78.042575
84.144729
89.704139
92.014926
89.936256
86.574554
82.539831
74.354070
63.292810
52.630901
41.037457
27.648721
13.103145
-1.663480
-15.520879
-28.932095
-42.488405
-54.710593
-64.721107
-74.136087
-82.559075
-88.696820
-92.352288
-92.856714
-90.120179
-86.291688
-81.244367
-74.188028
-64.979451
-54.257086
-42.913130
-30.729941
-16.650813
-2.097573
12.472868
26.953902
40.127380
51.609278
60.962268
68.513155
74.976172
80.939872
86.934396
91.317041
91.448852
88.341577
85.107258
79.398496
69.485562
58.525971
47.536067
34.952334
21.146876
6.255933
-7.959775
-21.588802
-34.986734
-48.226288
-59.218577
-68.878617
-78.220027
-85.820641
-90.691703
-93.130725
-92.097010
-88.581698
-84.234135
-78.334468
-70.448262
-60.523408
-49.506085
-37.872280
-24.841854
-10.323524
4.497596
19.136497
33.098970
45.473065
56.098870
64.597641
71.671861
77.589239
83.702632
89.409011
92.187268
90.523107
87.174858
83.309582
75.634377
64.821414
53.962469
42.492492
29.193674
14.761516
0.045640
-13.908148
-27.313062
-40.744032
-53.426027
-63.588790
-73.030506
-81.652233
-88.292531
-92.128345
-93.222346
-90.878521
-87.087836
-82.161256
-75.404644
-66.490514
-56.002651
-44.693266
-32.674755
-18.757922
-4.035916
10.564838
25.083167
38.609334
50.303085
59.944051
67.801135
74.354240
80.235686
86.380414
91.198683
92.239891
89.407478
86.177247
80.968482
71.506160
60.501950
49.641643
37.188019
23.225376
8.388758
-6.073373
-19.675664
-33.003943
-46.537093
-58.227437
-68.040916
-77.348607
-85.281645
-90.635674
-93.467576
-92.916148
-89.712824
-85.631779
-79.805681
-72.252410
-62.514203
-51.468781
-39.787463
-27.125904
-12.612173
2.053295
16.768490
30.895472
43.814863
54.866927
63.880171
71.079731
77.309098
83.408696
89.256763

