13.022593
9.273631
4.649503
0.147649
-4.457235
-8.910213
-13.041837
-17.288923
-21.445411
-25.083167
-28.237786
-30.544485
-32.229594
-33.978905
-36.051273
-37.198748
-37.008183
-36.735875
-35.757678
-34.203700
-32.043798
-28.784105
-25.631871
-22.133078
-18.509115
-14.839683
-10.585955
-6.160566
-1.633338
2.917222
7.771935
12.686934
16.786030
20.021711
23.363318
26.263680
28.172561
29.771158
31.313726
33.341816
35.211699
36.091634
36.432573
36.005804
34.618207
32.110555
29.087748
26.011808
22.943701
19.736120
16.375780
13.227122
9.602649
4.986354
0.549044
-4.041706
-8.444275
-12.637888
-16.744137
-20.707164
-24.432284
-27.828898
-30.131170
-31.845229
-33.449105
-35.476855
-36.827156
-36.543267
-36.324263
-35.517045
-34.006834
-31.841142
-28.838090
-25.555917
-22.302014
-18.846818
-15.186412
-11.152710
-6.629910
-2.337694
2.213717
6.878206
11.857918
16.057151
19.378662
22.692510
25.745630
27.805567
29.319865
30.967849
32.979761
34.823588
35.894428
36.222254
35.922698
34.519604
31.930208
28.985228
25.992904
22.961923
19.846473
16.508613
13.336114
9.914296
5.427429
1.017196
-3.415006
-7.850783
-11.898790
-16.100747
-19.991738
-23.788554
-27.225869
-29.530014
-31.324966
-33.032383
-35.192626
-36.665712
-36.685978
-36.502225
-35.798720
-34.432411
-32.405002
-29.340472
-26.247672
-23.016419
-19.440992
-15.766961
-11.721339
-7.435083
-3.059932
1.477003
6.224258
11.194433
15.495164
18.908296
22.249052
25.311198
27.522189
29.184989
30.869927
32.796519
34.861394
35.984857
36.386762
36.245755
35.000188
32.574790
29.761962
26.725701
23.624216
20.549979
17.180102
14.085770
10.631084
6.257296
1.681362
-2.837351
-7.397958
-11.618819
-15.802724
-19.975901
-23.779869
-27.410984
-29.882022
-31.682934
-33.309460
-35.336358
-36.951644
-36.925248
-36.656346
-36.084311
-34.776926
-32.703876
-29.734884
-26.348148
-23.261479
-19.526993
-15.917335
-11.917523
-7.550546
-3.037282
1.511574
6.064687
11.114223
15.529564
19.106013
22.343738
25.409971
27.816636
29.197420
30.960866
32.700641
34.684624
35.936832
36.270448
36.010912
34.903628
32.510587
29.535975
26.457650
23.434673
20.340681
16.893489
13.622556
10.255405
5.999633
1.523835
-2.773830
-7.222891
-11.406626
-15.413421
-19.487994
-23.314442
-26.827199
-29.358012
-31.136445
-32.674244
-34.622465
-36.401408
-36.521128
-36.207097
-35.662821
-34.446716
-32.687187
-29.643604
-26.589632
-23.305586
-19.748381
-16.157287
-12.226786
-8.006607
-3.605230
0.894921
5.348921
10.336467
14.762368
18.160173
21.479300
24.552516
26.880673
28.564078
30.185836
32.116686
34.154483
35.620247
36.193814
36.060129
35.199949
33.191953
30.487435
27.432612
24.473327
21.386317
17.960412
14.907292
11.595317
7.257462
2.726146
-1.623120
-6.237882
-10.484457
-14.573165
-18.734762
-22.813933
-26.518617
-29.246467
-31.160968
-32.725334
-34.719535
-36.579881
-36.917244
-36.622116
-36.338227
-35.082953
-33.275059
-30.360392
-27.093717
-23.892096
-20.325865
-16.783306
-12.952260
-8.575235
-4.135030
0.394753
5.024331
9.851626
14.606714
18.221481
21.614688
24.741037
27.309826
29.080766
30.624185
32.437529
34.415381
36.105939
36.677292
36.623137
35.573925
33.511945
30.565432
27.504138
24.447952
21.393980
18.124751
14.708894
11.469807
7.260527
2.717631
-1.725129
-6.288801
-10.453122
-14.511006
-18.531254
-22.408792
-26.113306
-28.889009
-30.848299
-32.453367
-34.431900
-36.317110
-36.824090
-36.527429
-36.171334
-34.964766
-33.329385
-30.671869
-27.480125
-24.413892
-20.697287
-17.127139
-13.143335
-9.130580
-4.733631
-0.179836
4.309756
9.154592
13.883454
17.590012
20.856346
24.101564
26.588610
28.392587
29.842002
31.754289
33.693143
35.313708
35.953011
36.014659
35.310473
33.399207
30.681235
27.653149
24.647713
21.639551
18.402508
15.218769
12.092420
7.971355
3.507137
-0.888450
-5.559410
-9.743316
-13.741425
-17.762354
-21.597488
-25.509426
-28.439590
-30.588082
-32.296862
-34.147501
-36.150728
-36.790882
-36.411285
-36.158221
-35.128423
-33.475842
-30.969381
-27.879306
-24.878979
-21.226236
-17.695086
-13.854844
-9.693759
-5.358117
-0.635726
3.820487
8.395059
13.250794
17.130716
20.470619
23.774760
26.562895
28.517927
29.969726
31.679698
33.697571
35.462720
36.282369
36.352532
35.668952
33.881494
31.095232
28.052500
24.877446
21.870477
18.626281
15.320267
12.075731
8.195809
3.835133
-0.454698
-5.019222
-9.425368
-13.425350
-17.576218
-21.482706
-25.456122
-28.463091
-30.449969
-32.154662
-33.905336
-36.184958
-36.968844
-36.637272
-36.206245
-35.275391
-33.731801
-31.488282
-28.336559
-25.150776
-21.456139
-17.824343
-14.257942
-10.063478
-5.621229
-1.066072
3.440721
8.086647
12.950216
17.001118
20.202228
23.405552
26.239668
28.240510
29.759237
31.371287
33.382348
35.244056
36.225660
36.362239
35.847766
34.323590
31.747307
28.679030
25.576353
22.639036
19.337279
15.953439
12.819086
9.089538
4.555498
0.304495
-4.374300
-8.758477
-12.779576
-17.007589
-21.053893
-24.877957
-28.218712
-30.353069
-32.033750
-33.809117
-35.820689
-36.857128
-36.615985
-36.448921
-35.585165
-34.097092
-31.813724
-28.485571
-25.379317
-21.760804
-18.252986
-14.625617
-10.601452
-6.127357
-1.651389
2.946002
7.446664
12.491431
16.632761
19.961085
23.230995
26.093040
28.113638
29.668127
31.264850
33.343349
35.373143
36.383186
36.599466
36.088569
34.600496
32.124690
29.040064
25.943858
22.923265
19.876787
16.357899
13.059037
9.391138
5.012069
0.527927
-4.104546
-8.426564
-12.442895
-16.531774
-20.547254
-24.373872
-27.690274
-29.997144
-31.657049
-33.402443
-35.548721
-36.709309
-36.680017
-36.407369
-35.679511
-34.128087
-32.065936
-29.027803
-25.750910
-22.306783
-18.633774
-15.012707
-10.859626
-6.632805
-2.173867
2.291543
6.800209
11.743648
16.022750
19.374234
22.509609
25.500911
27.736936
29.121637
30.684982
32.602378
34.743718
35.833631
36.187683
35.964932
34.639665
32.394784
29.344048
26.347637
23.271867
20.268815
16.940492
13.806820
10.294403
6.069967
1.626526
-3.012589
-7.533005
-11.488710
-15.615055
-19.619124
-23.490191
-26.887826
-29.440096
-31.172548
-32.967329
-34.924916
-36.470379
-36.536115
-36.294801
-35.820348
-34.390858
-32.488619
-29.666594
-26.578052
-23.275784
-19.694907
-16.111476
-12.131078
-7.745368
-3.379413
1.201119
5.765302
10.622569
15.048640
18.641949
21.989005
25.162186
27.561869
29.202529
30.758381
32.703195
34.813200
36.230258
36.642041
36.357130
35.102367
32.932758
29.890537
26.865176
23.737294
20.709378
17.287220
13.989721
10.661568
6.406478
1.946347
-2.564532
-7.086141
-11.111157
-15.286377
-19.484418
-23.413726
-26.875223
-29.416595
-31.242711
-32.891887
-35.024030
-36.771979
-36.955731
-36.704200
-36.224808
-34.697226
-33.013139
-30.195543
-26.976381
-23.694209
-19.989184
-16.430957
-12.527364
-8.257117
-3.790004
0.751359
5.304132
10.352135
14.998232
18.472331
21.637678
24.651459
27.170181
28.918130
30.350515
32.283068
34.384898
35.843849
36.226511
36.168439
35.145964
33.151933
30.281033
27.238641
24.181434
21.149431
17.771891
14.431136
11.080844
7.022279
2.467121
-1.961504
-6.582907
-10.673829
-14.741591
-18.920217
-22.732019
-26.480300
-29.245785
-31.230790
-32.747984
-34.622124
-36.448751
-36.803143
-36.526408
-36.184447
-35.005808
-33.067635
-30.342170
-27.159452
-23.880175
-20.220791
-16.657795
-12.924501
-8.559738
-4.208939
0.353881
4.962683
9.822164
14.475925
18.168518
21.391937
24.607863
27.125904
28.789895
30.196054
31.970058
34.114122
35.721064
36.197390
36.193132
35.362414
33.246619
30.285801
27.184827
24.132899
21.100555
17.879180
14.456851
11.296783
7.167033
2.684763
-1.754590
-6.220000
-10.264771
-14.301879
-18.374579
-22.143126
-25.822435
-28.683458
-30.688047
-32.238620
-34.115655
-36.075115
-36.675419
-36.462716
-36.073583
-34.847770
-33.332109
-30.802148
-27.528320
-24.406399
-20.741905
-17.168522
-13.335943
-9.114572
-4.870210
-0.399521
4.042046
9.054286
13.740744
17.529385
20.802702
23.941313
26.626587
28.306246
29.832636
31.559467
33.802646
35.529477
36.215952
36.475658
35.820859
34.011773
31.217677
28.309141
25.243078
22.270509
19.012179
15.645027
12.668541
8.697510
4.184246
-0.407185
-5.012410
-9.389775
-13.445105
-17.617941
-21.543162
-25.394303
-28.429031
-30.698776
-32.394273
-34.305198
-36.337205
-37.196875
-36.817108
-36.523683
-35.537481
-34.084831
-31.665734
-28.492723
-25.266920
-21.753141
-18.099206
-14.287233
-9.987354
-5.613395
-1.206909
3.370217
8.110489
13.048819
16.997201
20.356859
23.754495
26.689598
28.604610
30.102900
31.852041
33.843688
35.781860
36.604745
36.828688
36.283731
34.489802
31.676633
28.611422
25.401626
22.315638
19.093582
15.599898
12.427398
8.703130
4.133838
-0.410250
-4.937138
-9.290831
-13.295923
-17.447812
-21.333184
-25.014026
-28.104442
-30.315774
-31.906026
-33.690419
-35.801445
-36.941767
-36.657708
-36.210162
-35.248654
-33.663682
-31.504290
-28.411831
-25.264536
-21.868604
-18.243279
-14.539276
-10.313477
-6.026881
-1.550061
3.017528
7.686445
12.478488
16.433001
19.599880
22.772551
25.594064
27.736425
29.121808
30.808449
32.787493
34.666572
35.493374
35.646813
35.272326
33.832959
31.353576
28.439590
25.447437
22.407259
19.179923
15.831505
12.790135
9.270736
4.945142
0.537464
-3.981420
-8.318254
-12.307848
-16.339166
-20.355667
-24.091857
-27.428355
-29.752254
-31.410285
-33.041920
-35.210678
-36.560127
-36.422355
-36.329712
-35.526923
-34.036636
-31.851871
-28.816632
-25.687218
-22.285836
-18.759625
-15.136855
-11.089359
-6.719998
-2.337524
2.293587
7.125480
11.918715
15.990734
19.412211
22.838456
25.830269
28.098992
29.608692
31.310490
33.439057
35.433940
36.367859
36.672183
36.489112
34.836020
32.329048
29.267073
26.183810
23.110253
19.846984
16.341720
13.081857
9.424005
4.937649
0.448397
-3.893205
-8.484295
-12.512888
-16.712972
-20.753826
-24.547407
-27.994428
-30.333655
-31.942640
-33.449956
-35.598448
-37.033388
-36.898170
-36.764485
-35.867350
-34.322057
-32.192980
-28.964451
-25.726557
-22.257737
-18.487488
-14.846325
-10.661568
-6.448712
-2.022130
2.524512
7.216419
12.224061
16.351257
19.721133
22.835902
25.676489
27.669668
29.084001
30.752420
32.725164
34.699610
35.735028
36.039693
35.722937
34.300429
31.856809
28.974840
25.904519
22.853272
19.870145
16.505037
13.367449
9.912423
5.457401
0.951460
-3.490959
-8.087669
-12.175185
-16.080652
-20.009279
-23.852757
-27.267933
-29.841151
-31.569004
-33.150400
-35.274029
-36.723103
-36.630971
-36.341463
-35.848618
-34.564393
-32.486064
-29.469218
-26.337590
-23.118768
-19.381387
-15.789952
-11.650494
-7.549865
-3.082923
1.321690
5.949906
10.969639
15.254532
18.736976
22.065469
25.238820
27.445044
29.085193
30.717169
32.713584
34.769773
36.150387
36.667245
36.460161
35.371440
32.986403
29.906034
26.989324
23.762669
20.673616
17.291818
14.139073
10.630233

