7.549865
4.334790
0.270605
-3.434249
-6.237200
-8.281299
-10.778734
-13.683523
-16.214337
-18.659319
-20.872184
-23.155723
-25.509085
-26.954923
-27.943850
-27.723653
-26.204756
-24.924619
-23.169177
-21.884271
-21.532604
-20.805086
-19.236462
-16.422442
-13.551542
-10.744333
-6.414652
-1.461165
2.834627
6.298849
8.934396
11.043378
13.088499
15.616928
18.453939
20.853111
22.851740
24.956635
26.926313
28.132541
28.029510
26.501077
24.326018
22.365366
20.970787
19.497190
18.277679
17.110109
15.457698
13.220310
10.510172
7.856573
4.794598
0.681366
-3.079346
-6.082569
-8.123943
-10.636875
-13.475248
-15.799999
-18.232891
-20.643643
-22.785664
-25.131192
-26.581117
-27.574301
-27.560336
-25.994267
-24.729116
-23.090499
-21.662712
-21.160671
-20.694222
-19.122873
-16.607216
-13.882262
-11.111668
-7.030964
-1.940046
2.278771
5.842788
8.367811
10.546105
12.575729
15.062264
17.941679
20.494802
22.655896
24.644988
26.789733
28.078215
28.057780
26.791947
24.577379
22.631543
21.109751
19.502129
18.277679
17.139230
15.528883
13.363702
10.650499
7.918733
4.957233
1.006467
-2.796650
-5.754573
-7.875647
-10.164125
-13.062784
-15.300172
-17.752647
-20.134960
-22.181954
-24.617740
-26.289395
-27.444192
-27.570895
-26.185342
-24.892943
-23.288386
-21.892616
-21.398408
-20.942858
-19.734757
-17.232214
-14.314481
-11.542695
-7.572515
-2.673183
1.720020
5.341598
8.048671
10.200739
12.199197
14.646905
17.572130
20.096132
22.303717
24.395330
26.566642
27.970076
28.144802
26.983193
24.832487
22.860084
21.383592
19.871848
18.738849
17.635482
16.011170
13.947487
11.255060
8.590562
5.664144
1.797506
-2.214057
-5.347218
-7.602658
-9.919746
-12.820278
-15.373400
-17.761162
-20.344257
-22.451026
-24.849176
-26.578052
-27.657407
-27.987106
-26.549782
-25.159121
-23.661341
-22.198643
-21.479470
-21.011659
-19.672258
-17.380374
-14.363527
-11.709588
-7.928099
-3.011056
1.582078
5.308390
7.982765
10.252169
12.286561
14.783655
17.624072
20.145689
22.517443
24.359737
26.659284
28.027977
28.295006
27.290753
25.051321
22.836924
21.252802
19.637517
18.245322
17.147235
15.724216
13.721160
11.032139
8.245877
5.393539
1.640320
-2.315726
-5.445651
-7.659537
-9.865420
-12.586798
-15.034335
-17.374924
-19.753150
-21.812235
-24.226393
-26.062216
-27.183805
-27.755839
-26.462759
-24.944033
-23.438420
-21.907772
-21.327734
-20.790100
-19.887686
-17.574344
-14.676877
-12.023108
-8.401700
-3.579514
1.067093
4.882302
7.642678
9.917191
11.858259
14.041151
16.914265
19.448655
21.636145
23.714645
25.888171
27.588606
27.998005
27.221952
25.233882
22.996323
21.515574
20.165103
19.015755
17.865215
16.512190
14.547961
11.908667
9.375640
6.532158
2.719334
-1.318284
-4.601649
-7.076774
-9.244170
-12.042693
-14.637879
-17.155068
-19.725391
-21.884782
-24.324485
-26.256527
-27.486086
-28.093031
-26.962246
-25.398050
-24.074657
-22.369623
-21.559681
-21.059002
-20.123720
-18.016270
-15.116249
-12.462309
-9.021078
-4.139117
0.614268
4.543577
7.492815
9.567056
11.700051
13.932671
16.854661
19.510303
21.888358
24.050304
26.164225
27.883223
28.320892
27.790751
25.826693
23.556267
21.793161
20.311730
18.789428
17.666136
16.248737
14.357907
11.841570
8.986677
6.265470
2.690724
-1.271623
-4.664830
-7.114070
-9.141990
-11.909178
-14.483588
-16.829457
-19.349882
-21.422761
-23.779018
-25.792292
-27.066810
-27.788367
-26.907240
-25.406224
-24.061033
-22.328070
-21.475043
-21.097490
-20.238161
-18.326385
-15.274797
-12.599741
-9.191036
-4.718304
0.066417
4.174880
7.162605
9.400163
11.462484
13.590029
16.327926
19.011838
21.256719
23.422752
25.518962
27.503627
28.049605
27.500221
25.580951
23.298945
21.672249
20.221983
18.928902
17.822640
16.545228
14.709405
12.240580
9.566886
6.885188
3.299373
-0.621421
-4.089049
-6.768703
-8.775677
-11.480876
-14.111996
-16.399452
-19.107716
-21.176338
-23.505517
-25.679725
-26.911327
-27.805396
-27.103765
-25.535311
-24.318184
-22.638355
-21.542481
-21.096979
-20.358052
-18.616744
-15.610116
-13.011013
-9.911231
-5.440201
-0.638451
3.742661
6.921973
9.097201
11.224576
13.384478
16.100066
18.808161
21.175657
23.397037
25.479964
27.433634
28.320381
28.007882
26.330607
23.924283
22.025449
20.508596
19.022056
17.917667
16.598531
14.902524
12.509823
9.707383
6.822688
3.373623
-0.530992
-3.998620
-6.671463
-8.677244
-11.177914
-13.912576
-16.189132
-18.949849
-21.121332
-23.256200
-25.553022
-26.871817
-27.979442
-27.380160
-25.781393
-24.364335
-22.720098
-21.655049
-21.365711
-20.723854
-18.907785
-15.804257
-13.020039
-10.214533
-5.824055
-0.902074
3.334454
6.620543
8.930819
11.043208
13.244833
15.798296
18.507242
20.875760
23.085049
25.146859
27.084010
28.096778
27.926479
26.491710
24.119105
22.255353
20.836421
19.394159
18.161876
16.902004
15.345301
12.999092
10.276522
7.607596
4.390989
0.339917
-3.280980
-6.308556
-8.380413
-10.826077
-13.673306
-16.015938
-18.552371
-20.908628
-23.071085
-25.438922
-26.976040
-27.928863
-27.601889
-25.991712
-24.693183
-23.010458
-21.746669
-21.312918
-20.640578
-19.195761
-16.294207
-13.545752
-10.749102
-6.535053
-1.474960
2.860512
6.330524
8.563995
10.760171
12.843609
15.429940
18.289941
20.753826
22.985595
25.043828
26.996817
28.192316
28.217009
26.809658
24.484566
22.423267
20.979302
19.566332
18.272741
17.063107
15.421254
13.299159
10.411228
7.654939
4.560947
0.761407
-3.022977
-6.057365
-8.112362
-10.491099
-13.345821
-15.758787
-18.227952
-20.448821
-22.553887
-24.851050
-26.532241
-27.737617
-27.655704
-26.309831
-24.992398
-23.353951
-21.790266
-21.327393
-20.818881
-19.370658
-16.741071
-13.828959
-11.129720
-6.995712
-2.127886
2.391168
5.976983
8.437804
10.579824
12.585265
14.968429
17.631905
20.118952
22.433145
24.409124
26.505504
27.800288
28.047051
26.765381
24.507386
22.495644
20.994459
19.674131
18.392461
17.352445
15.724046
13.699361
10.990245
8.304289
5.309752
1.598426
-2.208097
-5.473069
-7.683550
-9.795427
-12.709754
-15.126807
-17.594269
-19.932304
-22.122519
-24.475370
-26.279518
-27.313743
-27.586392
-26.256527
-24.915763
-23.506539
-21.889380
-21.320752
-20.985433
-19.814457
-17.307486
-14.427900
-11.822837
-8.085626
-3.173862
1.266003
5.050387
7.725613
9.836299
11.926549
14.472348
17.371007
19.939797
22.245135
24.259942
26.330778
27.910130
28.301988
27.457646
25.318520
23.109743
21.441494
20.022222
18.598693
17.549310
15.995843
14.045238
11.368479
8.515801
5.631617
1.844508
-2.128908
-5.401714
-7.618836
-9.592090
-12.413093
-14.966556
-17.400129
-19.783633
-21.873542
-24.301495
-26.155199
-27.409622
-27.875730
-26.603767
-25.209188
-23.780210
-22.048099
-21.586418
-21.255187
-20.189285
-17.789773
-14.668362
-11.974743
-8.405447
-3.604719
0.992673
4.797322
7.561445
9.891135
12.042693
14.314992
17.085757
19.547769
21.945068
24.037531
25.985752
27.693851
28.179884
27.421032
25.271688
23.157597
21.571262
20.239353
18.850054
17.687253
16.210420
14.320271
11.704479
8.892332
6.091595
2.573899
-1.504081
-4.888943
-7.393701
-9.464536
-12.237344
-14.873402
-17.124925
-19.664594
-21.779707
-24.267265
-26.175295
-27.371645
-28.007371
-26.923588
-25.443179
-24.058138
-22.367409
-21.372012
-21.019663
-20.149776
-17.976591
-14.969962
-12.323516
-9.042195
-4.140479
0.566414
4.572528
7.580348
9.754556
11.745691
14.017309
16.773939
19.463812
21.849871
23.890563
25.882040
27.637993
28.290578
27.671371
25.597811
23.353951
21.742923
20.184687
18.686908
17.548118
16.175508
14.336450
11.857918
8.974586
6.295443
2.726316
-1.210315
-4.695143
-7.119349
-9.028401
-11.778559
-14.404740
-16.599553
-19.081320
-21.185194
-23.533106
-25.566135
-26.869093
-27.749028
-26.998179
-25.545529
-24.143457
-22.288220
-21.452052
-21.140065
-20.257235
-18.379518
-15.369313
-12.707370
-9.448358
-4.795109
-0.103031
3.943443
6.922313
9.352139
11.260509
13.359104
16.086102
18.706492
21.085909
23.155042
25.270666
27.101210
28.046370
27.629989
25.764193
23.664406
22.015061
20.631381
19.207682
18.235445
16.879865
15.120336
12.641975
9.784358
7.258654
3.850119
-0.095708
-3.793750
-6.487880
-8.621046
-11.258125
-14.030593
-16.354833
-18.938950
-21.111284
-23.503474
-25.720767
-27.088778
-28.006860
-27.477230
-25.857687
-24.535656
-22.801161
-21.753652
-21.373544
-20.682301
-18.852268
-16.064474
-13.361318
-10.323524
-5.750145
-0.855923
3.323555
6.682702
9.048666
11.171613
13.256073
15.912226
18.724884
21.236454
23.400954
25.504827
27.566637
28.456279
28.285810
26.602404
24.302346
22.408792
20.817348
19.233227
18.144846
16.846827
15.125275
12.849399
9.883983
7.133654
3.902231
-0.197887
-3.955024
-6.633997
-8.600610
-11.052064
-13.863870
-16.230856
-18.729653
-20.955971
-23.230485
-25.401626
-26.731661
-27.680397
-27.419158
-25.874376
-24.469580
-22.829260
-21.620308
-21.355152
-20.735775
-18.944911
-16.070604
-13.155937
-10.272435
-5.909886
-1.204525
2.971377
6.350619
8.791855
10.860988
12.992280
15.495334
18.172945
20.485265
22.710562
24.561371
26.610919
27.722120
27.698449
26.181255
23.915427
22.070578
20.639896
19.191163
18.044370
16.889061
15.246868
12.992450
10.303940
7.664476
4.599946
0.662804
-3.194809
-6.093127
-8.137396
-10.468790
-13.124602
-15.439817
-17.879520
-20.274094
-22.638185
-25.024414
-26.418141
-27.480636
-27.394124
-25.795017
-24.557454
-22.932632
-21.675995
-21.338463
-20.879166
-19.460406
-16.700540
-13.880900
-11.071478
-6.902048
-1.996245
2.219166
5.718981
8.294071
10.291679
12.327944
15.055622
18.079111
20.585571
22.946596
24.907078
26.956797
28.241192
28.279849
26.910475
24.747508
23.001603
21.310534
19.809008
18.502304
17.309189
15.683515
13.489553
10.713679
7.977315
4.890135
0.848259
-3.128222
-6.060430
-8.343288
-10.681493
-13.554267
-15.878507
-18.269335
-20.669699
-22.899934
-25.305067
-26.810169
-27.986765
-28.072936
-26.466846
-25.148392
-23.293155
-21.811213
-21.388531
-20.814964
-19.453253
-16.785179
-13.706854
-10.868822
-6.625652
-1.770258
2.655983
6.160906
8.704322
10.864905
12.746368
15.298809
18.082176
20.507063
22.619111
24.552175
26.588951
27.838945
27.847120
26.527643
24.316141
22.315468
20.837103
19.404548
18.258606
17.031431
15.366248
13.285535
10.554280
7.933038
5.084106
1.252549
-2.544437
-5.521774
-7.846696
-10.201420
-12.937614
-15.297617
-17.763036
-20.134279
-22.364174
-24.690969
-26.260444
-27.410984
-27.635268
-26.201010
-24.824142
-23.405211
-21.994795
-21.358728
-20.864691
-19.676515
-17.356702
-14.387199
-11.758804
-7.774489
-3.022637
1.577479
5.215236
7.937976
10.145903
12.054273
14.453105
17.323324
19.921746
22.173779
24.305582
26.525770
28.082303
28.313739
27.308294
25.183814
23.022209
21.607706
20.058496
18.707684
17.762354
16.079119
14.005389
11.262723
8.506434
5.475623

