28.449127
28.710536
27.960879
26.914392
24.971110
22.941147
21.605151
20.276989
18.416132
16.399792
14.219454
11.448179
8.337838
5.180495
1.231262
-3.237724
-7.003886
-10.028226
-12.573855
-15.376977
-18.004349
-19.988503
-22.316320
-24.532080
-26.749202
-28.866700
-30.078888
-30.685493
-30.202525
-28.864826
-26.708671
-24.257047
-22.542817
-21.223511
-19.397054
-16.734430
-13.749770
-11.044059
-7.417032
-2.287626
2.970695
7.090398
10.367632
13.363191
16.071967
18.002306
19.982202
21.751608
23.117576
24.812222
26.788371
28.511115
28.956447
28.201171
27.228083
25.364331
23.340668
21.906410
20.752805
19.140584
17.070941
14.744997
12.080159
8.919409
5.788803
1.952648
-2.581051
-6.391662
-9.509666
-12.184892
-14.993463
-17.646211
-19.882747
-22.088630
-24.508749
-26.840312
-28.886284
-30.290229
-30.856303
-30.601025
-29.334341
-27.442319
-24.882555
-23.099354
-21.650451
-19.799811
-17.068727
-13.961281
-11.301552
-7.744176
-2.673694
2.627032
7.039819
10.388068
13.450214
16.146047
18.021549
20.002127
21.797759
23.102079
24.693183
26.594741
28.337411
28.968368
28.313398
27.399233
25.663546
23.495299
22.003140
20.696436
19.153867
17.040116
14.797109
12.286731
9.144715
5.918230
2.043588
-2.481256
-6.513255
-9.641988
-12.243135
-14.974730
-17.622880
-19.710915
-22.035667
-24.346284
-26.527643
-28.578894
-29.921702
-30.665738
-30.355453
-29.108354
-27.150086
-24.666275
-22.832496
-21.477086
-19.699505
-17.224891
-14.133283
-11.409691
-7.986852
-3.151212
2.088717
6.494863
9.747573
12.767996
15.497037
17.441000
19.520010
21.378994
22.623369
24.251257
26.143278
28.025082
28.788873
28.312887
27.393954
25.781223
23.655551
22.132397
20.987477
19.398246
17.395020
15.072312
12.579986
9.564672
6.489754
2.829858
-1.600640
-5.602155
-8.847373
-11.571475
-14.430625
-17.069408
-19.249065
-21.417822
-23.969923
-26.141235
-28.414897
-30.004808
-30.912842
-30.749866
-29.651948
-27.989660
-25.483710
-23.524080
-22.048610
-20.425831
-18.012183
-14.754704
-12.149811
-8.660725
-3.901209
1.469680
6.186281
9.681157
12.691702
15.543018
17.606701
19.527844
21.514722
22.989001
24.576357
26.428018
28.237104
29.111079
28.635434
27.760608
26.227917
24.027995
22.335563
21.227939
19.657782
17.579624
15.349558
12.817553
9.681157
6.488391
2.826282
-1.728535
-5.844661
-9.102481
-11.783668
-14.548813
-17.363685
-19.439629
-21.768979
-24.004323
-26.157413
-28.309311
-29.814243
-30.672380
-30.547040
-29.417958
-27.770996
-25.173085
-23.101568
-21.733046
-20.033973
-17.753499
-14.711278
-11.905432
-8.833408
-4.160575
1.020942
5.777052
9.338345
12.226105
15.129192
17.293692
19.268479
21.103450
22.426503
23.802519
25.540761
27.588606
28.618574
28.156212
27.365685
25.961229
23.762669
22.053719
20.934684
19.516604
17.492771
15.316691
12.991088
10.107415
7.104022
3.655468
-0.693798
-4.934754
-8.194106
-10.989734
-13.616766
-16.304255
-18.488339
-20.697628
-23.172753
-25.473833
-27.823618
-29.573781
-30.535800
-30.632360
-29.654503
-28.073277
-25.890214
-23.708173
-22.381374
-20.806789
-18.659489
-15.551874
-12.588160
-9.574209
-5.090577
0.217983
5.307538
8.941548
12.021746
14.853988
17.134121
19.038234
21.124227
22.539411
24.046728
25.925296
27.755499
28.950487
28.668812
27.946234
26.625565
24.489846
22.724867
21.494968
20.097494
18.114533
15.809366
13.493640
10.501487
7.371051
3.831387
-0.514133
-4.935946
-8.434057
-11.310407
-13.955150
-16.773599
-19.096988
-21.216188
-23.625578
-25.681768
-27.922392
-29.487610
-30.736242
-30.842849
-29.769455
-28.200831
-25.814431
-23.474353
-21.970613
-20.446266
-18.319402
-15.422957
-12.412412
-9.574379
-5.116803
0.072377
4.974604
8.754901
11.740071
14.693567
16.928911
18.856525
20.794698
22.233895
23.612976
25.381190
27.330773
28.654337
28.379474
27.715990
26.462589
24.242231
22.417988
21.257571
19.999743
18.174989
15.871184
13.649634
10.727133
7.590566
4.320145
0.130619
-4.125323
-7.592099
-10.483095
-13.148444
-15.899284
-18.258606
-20.474877
-22.965840
-25.061880
-27.395827
-29.233524
-30.500719
-30.886105
-29.882533
-28.528997
-26.477235
-24.094071
-22.554738
-21.053382
-19.046579
-16.131742
-13.075556
-10.365418
-6.215572
-0.959975
4.268885
8.235148
11.271749
14.194761
16.630036
18.449681
20.529372
22.086246
23.566314
25.361095
27.324132
28.693506
28.699296
28.104442
27.044671
24.981158
23.014205
21.820239
20.518984
18.726076
16.296932
13.993638
11.226620
7.986682
4.644053
0.400884
-3.945487
-7.568427
-10.367291
-13.075215
-15.958718
-18.533639
-20.729474
-23.017270
-24.963106
-27.210712
-29.252257
-30.473982
-30.856473
-30.087403
-28.703724
-26.655538
-24.190971
-22.440127
-21.070583
-19.189630
-16.366073
-13.247388
-10.537420
-6.665162
-1.450096
3.710815
7.949727
11.039632
14.015096
16.629526
18.545730
20.477091
22.037881
23.433651
25.074141
27.001585
28.599671
28.851032
28.149571
27.191128
25.060347
22.995302
21.701540
20.408290
18.658808
16.496011
14.137881
11.471851
8.333751
5.033016
1.124654
-3.302949
-7.037776
-10.050195
-12.600252
-15.362842
-17.843076
-19.870826
-22.242069
-24.383409
-26.772363
-28.871809
-30.249017
-30.741010
-30.170509
-28.785978
-26.994944
-24.441481
-22.745643
-21.359921
-19.590514
-16.946282
-13.787576
-11.099236
-7.528748
-2.376522
3.059251
7.263763
10.388238
13.246707
15.886000
17.945426
19.928728
21.709033
23.067168
24.862971
26.657241
28.299264
28.716837
28.224502
27.292456
25.378466
23.384775
22.084372
20.890917
19.204276
17.108236
14.891795
12.271915
9.226458
5.919252
1.976149
-2.449921
-6.532669
-9.683030
-12.369156
-15.066692
-17.743281
-19.875084
-22.130013
-24.363995
-26.538372
-28.723989
-30.063561
-30.902113
-30.478069
-29.204403
-27.352401
-24.757045
-22.871494
-21.484579
-19.900628
-17.309870
-14.121703
-11.474746
-8.055823
-3.092800
2.530813
6.866285
10.139772
13.157640
15.854495
17.935549
19.851923
21.705117
22.947618
24.634940
26.473999
28.181076
28.723819
28.251750
27.356488
25.448459
23.283958
21.903174
20.728963
19.177539
17.050334
14.910187
12.322664
9.304796
6.076949
2.487728
-1.905986
-5.906139
-9.113380
-11.819260
-14.453786
-17.119816
-19.363335
-21.646874
-23.901292
-26.132209
-28.314761
-29.881852
-30.650752
-30.543293
-29.322250
-27.606998
-25.226900
-23.265907
-21.793842
-20.132576
-17.699344
-14.546258
-11.805977
-8.642163
-3.818274
1.614945
6.342275
9.770053
12.660197
15.360628
17.462288
19.336258
21.333184
22.680078
24.369955
26.280710
28.040750
28.902973
28.460537
27.623177
25.996821
23.930924
22.472313
21.282434
19.734246
17.645359
15.471663
12.979337
9.879044
6.692580
2.971036
-1.469510
-5.621399
-8.968285
-11.709418
-14.295748
-17.276662
-19.552878
-21.810702
-24.045535
-26.076181
-28.311014
-29.881682
-30.839784
-30.778476
-29.683624
-28.025252
-25.461231
-23.234061
-21.829435
-20.277670
-18.084220
-14.873743
-12.035540
-9.056841
-4.359484
0.987053
5.824396
9.299006
12.346166
15.196460
17.452410
19.358056
21.267448
22.565297
24.074997
25.892087
27.741023
28.759922
28.513159
27.636460
26.131868
23.846967
22.208350
21.065133
19.590855
17.756735
15.526329
13.120174
10.050706
7.027899
3.597736
-0.713553
-4.989760
-8.331537
-11.091573
-13.750451
-16.357388
-18.671751
-20.910161
-23.252623
-25.357349
-27.641739
-29.448271
-30.387981
-30.558109
-29.570545
-28.045518
-25.804724
-23.666791
-22.205285
-20.726068
-18.556970
-15.464170
-12.633971
-9.805816
-5.367313
-0.002214
4.942077
8.568593
11.604173
14.615570
16.821282
18.612828
20.585401
22.093739
23.560694
25.475025
27.352231
28.684991
28.500898
27.832304
26.458672
24.414233
22.710562
21.490710
20.137685
18.340690
16.161885
13.863019
10.910204
7.779769
4.331895
-0.021798
-4.518032
-8.092267
-10.900668
-13.417687
-16.332184
-18.748726
-20.879337
-23.303883
-25.439944
-27.750049
-29.481820
-30.538184
-30.854600
-29.956273
-28.482505
-26.001079
-23.778507
-22.271361
-20.781755
-18.809523
-15.755892
-12.836967
-9.976625
-5.864756
-0.329869
4.715238
8.386544
11.558192
14.504024
16.912222
18.768992
20.899432
22.369453
23.749726
25.444031
27.256863
28.724500
28.641394
27.948448
26.604107
24.483885
22.510971
21.278347
19.973857
18.127816
15.940496
13.708557
10.788611
7.730212
4.479034
0.371252
-4.061631
-7.582733
-10.451930
-13.051033
-15.868459
-18.226930
-20.309857
-22.542477
-24.729797
-27.014869
-28.928348
-30.125720
-30.629294
-29.951334
-28.503452
-26.356663
-23.936204
-22.408451
-20.976237
-19.091197
-16.197647
-13.264588
-10.594811
-6.668227
-1.400369
3.897803
7.876158
10.977643
13.910532
16.273090
18.066849
20.096983
21.728788
23.142440
25.006703
26.835373
28.381177
28.575829
27.843884
26.726723
24.882214
23.004838
21.884612
20.701034
18.988167
16.860110
14.595985
11.757612
8.672135
5.406652
1.354728
-3.228017
-6.987197
-9.885005
-12.601273
-15.448502
-18.184866
-20.399094
-22.696597
-24.916615
-27.072600
-29.063906
-30.291591
-30.940941
-30.365842
-28.973648
-26.894978
-24.409124
-22.693532
-21.312748
-19.467728
-16.705820
-13.526678
-10.966573
-7.135187
-1.926763
3.343480
7.534027
10.719299
13.788939
16.411373
18.323319
20.348004
22.037029
23.285491
24.924449
26.893105
28.568847
28.909275
28.286151
27.093547
25.052513
22.967543
21.632739
20.466873
18.750089
16.646045
14.341559
11.494500
8.354868
5.228519
1.239777
-3.339052
-7.038457
-10.054622
-12.633630
-15.378169
-17.889227
-19.995485
-22.275618
-24.454083
-26.672738
-28.681074
-29.980966
-30.610902
-30.173063
-28.776101
-26.763848
-24.444205
-22.791624
-21.351235
-19.469431
-16.778878
-13.558865
-10.980538
-7.387229
-2.297504
2.996070
7.151536
10.344982
13.458048
15.895537
17.859255
19.767284
21.531582
22.868088
24.511814
26.391063
28.118576
28.614828
28.024912
27.050972
25.436878
23.236956
21.924291
20.747525
19.127471
17.101254
14.840364
12.173142
9.134497
6.052256
2.069644
-2.574069
-6.502696
-9.687628
-12.225764
-14.977796
-17.659153
-19.759451
-22.130183
-24.408783
-26.591335
-28.678008
-29.936518
-30.785118
-30.399561
-29.101712
-27.180910
-24.657590
-22.930929
-21.502801
-19.856351
-17.302207
-14.235122
-11.511360
-8.031130
-2.978189
2.344506
6.719657
9.997402
12.987001
15.702929
17.739023
19.830125
21.638530
22.939614
24.586405
26.462930
28.291770
28.980970
28.383902
27.480636
25.715317
23.415429
21.918161
20.799637
19.266776
17.151151
14.977966
12.329136
9.303774
6.234986
2.425228
-2.059255
-6.069626
-9.234633
-12.000288
-14.781611
-17.333201
-19.424813
-21.706990
-24.133921
-26.263339
-28.540918
-29.954399
-30.929531
-30.616692
-29.482160
-27.600016
-25.065456
-23.222481
-21.827732
-20.156758
-17.656258
-14.561926
-11.802060
-8.350440
-3.383160
1.943622
6.619351
9.998083
12.948683
15.782969
17.750263
19.627639
21.661520
22.871494
24.457829
26.310512
28.117044
28.730461

