-0.820501
-5.280461
-9.653739
-13.672624
-17.928566
-21.776983
-25.429896
-28.306246
-30.236074
-31.847613
-33.745936
-35.865137
-36.653791
-36.469187
-36.246777
-35.317455
-33.761433
-31.287670
-28.146165
-24.968215
-21.504845
-17.865556
-14.175347
-9.919916
-5.507639
-0.849281
3.577811
8.329494
13.244663
17.203263
20.635639
23.898567
26.598317
28.468541
29.837063
31.746456
33.879961
35.792078
36.443642
36.560467
35.976853
34.227542
31.618731
28.558288
25.427512
22.337777
18.968752
15.523434
12.318236
8.289984
3.729718
-0.669105
-5.305324
-9.635006
-13.597693
-17.772402
-21.553721
-25.498356
-28.646673
-30.660970
-32.401085
-34.257174
-36.170994
-36.972421
-36.760398
-36.448581
-35.570008
-34.096752
-31.623500
-28.291600
-25.276286
-21.551677
-17.976080
-14.354501
-10.178430
-5.962508
-1.317433
3.147466
7.864067
12.755905
16.689301
20.122869
23.347480
26.109900
28.326341
29.752595
31.288181
33.441101
35.242013
36.146811
36.255973
35.883018
34.367187
31.766721
28.728247
25.677170
22.645167
19.468921
16.109092
13.061932
9.369680
4.866975
0.458275
-4.147632
-8.523464
-12.519189
-16.520705
-20.576545
-24.448293
-27.659791
-29.815265
-31.555210
-33.363444
-35.507168
-36.665371
-36.666904
-36.511421
-35.681214
-34.192290
-32.015017
-29.027973
-25.909288
-22.484064
-18.770524
-15.103136
-10.957377
-6.659882
-2.131632
2.319642
6.913287
11.879035
16.060727
19.352266
22.726740
25.670358
27.714457
29.318844
30.895812
32.988446
34.898860
35.851002
36.364623
35.961866
34.526416
32.221590
29.323101
26.257719
23.246152
20.153012
16.639914
13.459580
9.970154
5.591427
1.085997
-3.521272
-8.031641
-12.083905
-16.271557
-20.308495
-24.154357
-27.554205
-29.881682
-31.706435
-33.334664
-35.410949
-36.745071
-36.540713
-36.402089
-35.646984
-34.246956
-32.362597
-29.191630
-26.140383
-22.770337
-19.224031
-15.647582
-11.707544
-7.334777
-2.870389
1.625163
6.162609
10.989734
15.360117
18.713815
22.015912
25.030545
27.335712
28.950487
30.513661
32.405002
34.527949
35.782542
36.312682
36.105088
34.958124
32.663856
29.777799
26.611430
23.679563
20.611627
17.091887
13.953107
10.591575
6.143536
1.773834
-2.725465
-7.457563
-11.518172
-15.536376
-19.628661
-23.368767
-26.965993
-29.210193
-31.035798
-32.717500
-34.909419
-36.630630
-36.827837
-36.530324
-35.956247
-34.558943
-32.771485
-29.758045
-26.757547
-23.550647
-19.828081
-16.296421
-12.303931
-7.896423
-3.402403
1.161780
5.710295
10.632447
15.204464
18.562249
21.903174
25.049959
27.447087
28.945208
30.549765
32.449620
34.382003
35.822732
36.252056
36.041396
35.049234
33.008882
30.117886
27.021851
24.063587
20.945753
17.510993
14.112166
11.084250
6.742818
2.276387
-2.140147
-6.742648
-11.002677
-14.879022
-18.918174
-22.740705
-26.381697
-28.999533
-30.828885
-32.348292
-34.180198
-36.057745
-36.374671
-36.221402
-35.792078
-34.559965
-32.781703
-30.105114
-26.991367
-23.746320
-20.245143
-16.841378
-13.087136
-9.057862
-4.767179
-0.161103
4.344497
9.116445
13.803244
17.340013
20.621845
23.898738
26.347807
28.107166
29.696226
31.615325
33.747980
35.322223
36.049230
36.058937
35.326821
33.438206
30.622993
27.679375
24.785485
21.893808
18.604994
15.236650
12.140444
8.053269
3.517866
-0.874826
-5.478007
-9.664127
-13.591392
-17.753158
-21.754333
-25.556258
-28.523888
-30.532564
-32.150916
-34.086193
-36.026580
-36.717653
-36.691427
-36.488601
-35.412822
-34.008878
-31.522853
-28.259414
-25.184665
-21.429232
-17.857041
-14.038937
-9.814501
-5.513770
-1.040186
3.543581
8.391993
13.438974
17.324345
20.628146
23.935863
26.610238
28.463261
29.700654
31.611579
33.733334
35.502740
36.338397
36.365305
35.752569
33.981800
31.249183
28.165238
25.224345
22.170033
18.918344
15.501976
12.404919
8.753708
3.940548
-0.469855
-5.031313
-9.384496
-13.509308
-17.624242
-21.476746
-25.210381
-28.389522
-30.674253
-32.301290
-33.995083
-35.964932
-36.880800
-36.606278
-36.235196
-35.150392
-33.600501
-31.335013
-28.111083
-25.099005
-21.525792
-17.979486
-14.338493
-10.066032
-5.791358
-1.210826
3.191573
7.844993
12.690340
16.646896
19.850390
23.325682
26.178530
28.006009
29.507705
31.221254
33.140864
34.939221
35.956247
36.132506
35.769088
34.235546
31.516893
28.505836
25.436878
22.449323
19.332511
15.886000
12.820618
9.180478
4.793406
0.275373
-4.274845
-8.614915
-12.729168
-16.878843
-20.791122
-24.554900
-27.845757
-29.944352
-31.803846
-33.600501
-35.680192
-36.920820
-36.899533
-36.573921
-35.683598
-34.167085
-31.953199
-28.754813
-25.644643
-22.422927
-18.853460
-15.191010
-10.962827
-6.460803
-2.201966
2.339738
6.979363
12.099402
16.202245
19.615548
22.847142
25.905541
28.023379
29.503959
31.175954
33.126559
35.172531
36.190237
36.556721
36.221402
34.914698
32.492365
29.642412
26.423931
23.485763
20.344598
16.797270
13.626644
10.261025
5.627019
1.149518
-3.359999
-7.893699
-12.192045
-16.340528
-20.252637
-24.194036
-27.524403
-29.951504
-31.534604
-33.188888
-35.171338
-36.522491
-36.529813
-36.176443
-35.571201
-34.385749
-32.354593
-29.200656
-26.029689
-22.544009
-19.115210
-15.535866
-11.609963
-7.216249
-2.744538
1.759699
6.449563
11.357410
15.483413
19.009624
22.261313
25.302512
27.407748
28.945718
30.711038
32.595055
34.605435
35.823073
36.172867
35.975150
34.753425
32.303844
29.416255
26.388679
23.399081
20.237310
16.836779
13.731548
10.287762
5.923169
1.480068
-2.964394
-7.399491
-11.508295
-15.631914
-19.488335
-23.399762
-26.838439
-29.281548
-31.119755
-32.814401
-34.917593
-36.580052
-36.629779
-36.531006
-35.923719
-34.602540
-32.865661
-29.818671
-26.791777
-23.491383
-19.930431
-16.233410
-12.202263
-7.885013
-3.585645
1.046828
5.651883
10.608946
15.059369
18.483230
22.017275
25.237458
27.604444
29.095582
30.649730
32.646486
34.676279
36.008188
36.500522
36.427464
35.318647
33.021314
30.112437
27.097634
23.980481
20.901987
17.452070
14.141628
10.891982
6.556852
2.058404
-2.380950
-7.042715
-11.223384
-15.482392
-19.416128
-23.283958
-26.756695
-29.407399
-31.246969
-32.786812
-34.702846
-36.475999
-36.575454
-36.319324
-35.852875
-34.333127
-32.672541
-29.690606
-26.389871
-23.279531
-19.783633
-16.210249
-12.227467
-8.062976
-3.591946
1.062836
5.632639
10.551895
14.898777
18.369641
21.569388
24.690628
27.150086
28.734037
30.280181
32.260929
34.235716
35.626377
36.023174
35.872289
34.780673
32.633543
29.848303
26.817151
23.855312
20.787546
17.365388
14.193228
10.850259
6.719146
2.270085
-2.131803
-6.727491
-10.883808
-14.935221
-18.887520
-22.733893
-26.475191
-29.076849
-30.899559
-32.554013
-34.660101
-36.595208
-36.881140
-36.741495
-36.288159
-35.101686
-33.283063
-30.528648
-27.448280
-24.165596
-20.676851
-17.060382
-13.128008
-8.890969
-4.497085
-0.009707
4.739932
9.571995
14.344284
17.827579
21.235091
24.366379
27.002607
28.773887
30.297722
32.265527
34.476519
36.008188
36.631312
36.609343
35.746779
33.693995
30.858857
27.886289
24.876935
21.768468
18.390077
15.034165
11.747394
7.447856
2.932038
-1.755953
-6.337336
-10.721343
-14.916148
-19.026995
-23.059845
-26.672908
-29.454402
-31.337908
-32.922711
-34.986394
-36.711182
-37.031344
-36.682742
-36.270789
-34.952334
-33.111232
-30.236074
-26.934147
-23.867914
-20.114183
-16.490732
-12.530429
-8.393185
-4.019567
0.614268
5.214044
9.975944
14.595985
18.059867
21.497181
24.492059
27.171203
28.666769
30.087914
31.940767
33.909593
35.406351
36.174229
36.012445
35.129786
32.884393
30.041252
27.050461
24.035999
21.021877
17.727273
14.395884
11.160374
7.012572
2.711330
-1.592125
-6.135021
-10.393347
-14.416320
-18.271719
-22.249392
-25.968381
-28.650079
-30.531202
-32.097272
-33.978394
-35.916397
-36.292928
-36.133187
-35.767726
-34.748997
-33.059801
-30.521836
-27.456624
-24.489164
-20.940134
-17.248903
-13.395548
-9.286063
-4.980905
-0.475134
4.083770
8.948530
13.667004
17.323153
20.697628
23.955958
26.456799
28.314761
29.963936
31.779834
33.807755
35.599640
36.352873
36.358833
35.666909
33.775227
31.104258
28.168644
25.110415
22.105319
18.790620
15.445777
12.243816
8.252859
3.768546
-0.723600
-5.472217
-9.851285
-14.010157
-18.238510
-22.197621
-26.125397
-29.097966
-30.989136
-32.647167
-34.541232
-36.525726
-37.092652
-36.852700
-36.600658
-35.448415
-33.745766
-31.165055
-27.916942
-24.722644
-21.205119
-17.503500
-13.673987
-9.601968
-5.113057
-0.469514
4.151378
8.993149
13.904401
17.708029
21.096298
24.255174
26.984726
28.708833
30.275413
32.089949
33.999511
35.729408
36.420992
36.592143
35.648687
33.728906
30.841657
27.789218
24.697951
21.671908
18.390417
14.963150
11.773961
7.740600
3.332751
-1.047850
-5.701780
-10.027375
-13.930287
-18.028191
-21.825859
-25.585379
-28.530530
-30.473130
-32.083648
-33.895458
-35.987411
-36.533560
-36.398002
-36.176784
-35.134554
-33.385754
-30.962058
-27.778319
-24.770669
-21.229642
-17.546075
-13.805968
-9.592772
-5.270072
-0.806195
3.651721
8.380924
13.235978
17.141615
20.321778
23.531403
26.200329
28.204748
29.661145
31.294141
33.419303
35.192285
35.948924
36.084141
35.460847
33.734015
31.133379
28.152806
25.235074
22.366047
19.147737
15.750953
12.590204
8.934225
4.394054
-0.053985
-4.673515
-9.058544
-13.195617
-17.321450
-21.408115
-25.194543
-28.380156
-30.378955
-32.161304
-34.004790
-36.107302
-36.973783
-36.705562
-36.544459
-35.537652
-33.957618
-31.582628
-28.439590
-25.358370
-21.917650
-18.235956
-14.623744
-10.493313
-6.059919
-1.503740
2.984319
7.682358
12.608596
16.546079
19.812754
23.085730
25.846958
28.134074
29.647180
31.315769
33.434629
35.270623
36.196538
36.494051
35.867180
34.220559
31.621116
28.599330
25.622674
22.740023
19.376789
16.087464
12.836456
9.119851
4.614762
0.254086
-4.353353
-8.689676
-12.702601
-16.864027
-20.745141
-24.757215
-28.118917
-30.124698
-31.881673
-33.577681
-35.746098
-36.902087
-36.749669
-36.589248
-35.797358
-34.206595
-31.971080
-28.854098
-25.752272
-22.319896
-18.752643
-15.006747
-10.922466
-6.630250
-2.225467
2.346890
7.065024
11.980534
16.299316
19.637857
22.864512
25.706972
27.717182
29.275077
30.961718
33.005135
35.066775
36.054509
36.333799
35.894598
34.436669
31.961714
29.003450
26.034628
23.045199
20.003319
16.565153
13.413940
9.715217
5.250999
0.906161
-3.851482
-8.318084
-12.439319
-16.594614
-20.603793
-24.455445
-27.782236
-30.103241
-31.805890
-33.621788
-35.642045
-36.859853
-36.582095
-36.325455
-35.605771
-34.028973
-31.892061
-28.797899
-25.743076
-22.317852
-18.754687
-15.211276
-10.963167
-6.730386
-2.177273
2.247436
6.877354
11.858259
16.139575
19.525800
22.835732
25.848661
28.082984
29.569694
31.221254
33.215966
35.123995
36.260060
36.578689
36.108664
34.729072
32.239131
29.127768
26.070050
23.012502
19.921235
16.426018
13.263055
9.626491
5.162273
0.870739
-3.794261

