-8.320808
-12.315001
-16.455139
-20.544018
-24.302006
-27.639014
-29.934134
-31.631333
-33.333472
-35.278286
-36.738941
-36.714758
-36.587375
-35.824946
-34.339428
-32.317128
-29.369082
-26.303019
-22.884778
-19.227437
-15.676022
-11.563812
-7.185595
-2.670629
1.740796
6.343978
11.343445
15.788419
19.206320
22.449834
25.519644
27.822426
29.288871
30.889171
32.901423
34.860032
36.008188
36.439896
36.164863
34.898860
32.692296
29.700654
26.676995
23.664066
20.563943
17.179762
13.981547
10.556493
6.261383
1.777921
-2.641337
-7.359811
-11.486156
-15.718085
-19.775459
-23.629495
-27.095761
-29.585532
-31.339100
-33.058269
-35.060985
-36.617688
-36.726509
-36.465270
-36.040204
-34.504448
-32.552992
-29.633726
-26.413373
-23.232358
-19.691331
-16.043016
-12.158837
-7.832391
-3.444638
1.121078
5.642346
10.551214
15.059710
18.480505
21.625246
24.800982
27.190106
28.844220
30.416761
32.297203
34.373317
35.745757
36.203180
35.968678
34.862927
32.653468
29.754639
26.800292
23.862464
21.002974
17.513207
14.223882
10.895559
6.566048
2.188001
-2.096891
-6.605557
-10.644197
-14.747552
-18.955299
-22.719417
-26.407412
-29.038191
-30.979940
-32.639163
-34.604413
-36.429507
-36.683934
-36.529643
-36.147322
-34.845216
-33.093861
-30.301469
-27.100359
-23.918663
-20.390408
-16.869477
-12.840884
-8.574043
-4.231589
0.244209
4.748617
9.739910
14.405251
18.002135
21.261658
24.347476
26.834522
28.527464
30.088425
32.022340
34.195696
35.771302
36.335502
36.289692
35.470554
33.465454
30.551127
27.650424
24.583680
21.694558
18.390417
14.985629
11.825221
7.620028
3.046479
-1.335825
-6.004402
-10.255575
-14.370169
-18.535001
-22.540944
-26.369435
-29.097285
-31.061683
-32.766887
-34.710509
-36.523853
-36.966460
-36.635229
-36.275217
-35.060814
-33.304862
-30.615670
-27.218206
-24.167640
-20.490885
-16.934701
-13.028213
-8.830854
-4.439184
0.110013
4.666192
9.508303
14.254366
17.923117
21.159649
24.377959
27.000734
28.729098
30.224323
32.028130
34.046514
35.525901
36.278793
36.232642
35.376208
33.374173
30.492714
27.437210
24.328062
21.292142
17.960923
14.680965
11.526346
7.487025
2.977848
-1.372780
-5.967447
-10.280439
-14.201062
-18.211603
-22.015061
-25.531054
-28.500387
-30.425617
-32.016039
-33.891201
-35.845722
-36.511421
-36.119393
-35.975320
-34.658909
-33.136095
-30.682087
-27.477912
-24.508068
-20.983049
-17.568384
-13.735124
-9.587152
-5.187307
-0.777926
3.656149
8.355379
13.265610
16.991241
20.234415
23.631368
26.185002
27.989830
29.752936
31.539713
33.700466
35.410268
36.033562
36.191770
35.488435
33.893074
31.216485
28.157915
25.316988
22.344249
19.147396
15.627827
12.519189
8.773804
4.110677
-0.229563
-4.851307
-9.232930
-13.442891
-17.649957
-21.648577
-25.477409
-28.577191
-30.696051
-32.397849
-34.272500
-36.277430
-37.135567
-36.858320
-36.566257
-35.615138
-34.112760
-31.749691
-28.405700
-25.195224
-21.756717
-18.092224
-14.344454
-10.042361
-5.616461
-1.192604
3.402403
8.259671
13.165815
17.103468
20.491225
23.832151
26.706117
28.609037
30.130148
31.920161
33.987761
35.740307
36.570856
36.776577
36.195687
34.463406
31.554529
28.380326
25.398220
22.314276
19.038234
15.578781
12.354340
8.590392
4.072019
-0.269243
-4.742146
-9.057522
-13.109105
-17.205306
-21.071775
-24.879490
-28.116703
-30.263662
-31.794310
-33.523015
-35.540717
-36.632674
-36.435468
-36.149366
-35.223620
-33.815929
-31.622648
-28.273719
-25.256191
-21.808829
-18.236467
-14.584575
-10.432346
-6.296635
-1.859835
2.640315
7.176570
12.170928
16.245672
19.524268
22.875922
25.616714
27.571917
29.025759
30.796187
32.863276
34.721238
35.819667
36.134379
35.721745
34.316778
31.888655
28.966836
25.988477
22.952727
19.811392
16.528198
13.374942
9.915999
5.363737
0.925064
-3.628390
-8.136375
-12.246541
-16.483068
-20.295041
-24.097988
-27.530875
-29.864141
-31.548398
-33.415726
-35.570179
-36.936147
-36.711352
-36.422695
-35.613946
-34.198080
-32.153130
-28.914213
-25.706461
-22.463117
-18.762520
-15.129532
-11.005061
-6.660053
-2.320324
2.351829
6.937299
11.964355
16.071626
19.415617
22.793838
25.735583
27.859552
29.453209
31.141554
33.127410
35.070181
36.141191
36.575794
36.174570
34.815584
32.293626
29.344218
26.207141
23.122515
19.927536
16.570091
13.402190
9.933199
5.369868
0.953163
-3.485680
-8.002009
-12.183019
-16.437258
-20.344428
-24.081809
-27.518783
-29.899223
-31.574794
-33.198595
-35.535778
-37.097931
-37.034580
-36.798716
-36.137956
-34.751892
-32.846928
-29.585872
-26.203224
-23.015567
-19.514390
-15.911034
-11.901515
-7.552249
-2.988407
1.676594
6.083420
10.943753
15.469960
18.886498
22.192172
25.264195
27.425800
29.060841
30.710357
32.766887
34.754447
35.977874
36.550590
36.246947
35.045317
32.695191
29.744591
26.773385
23.804052
20.662035
17.260143
14.002323
10.588169
6.037951
1.655476
-2.855233
-7.355724
-11.523451
-15.726771
-19.600902
-23.599863
-27.086394
-29.658760
-31.540564
-32.995939
-34.931898
-36.514657
-36.546332
-36.322560
-35.753250
-34.429516
-32.713584
-29.572930
-26.412010
-23.146016
-19.578934
-15.863861
-11.975254
-7.755245
-3.386225
1.203844
5.777052
10.532141
14.983927
18.462454
21.831649
24.897030
27.204582
28.795344
30.410460
32.332965
34.418958
35.718850
36.251375
36.092997
34.944671
32.767739
29.872315
26.866708
23.881538
20.689794
17.391614
14.129536
10.796785
6.386042
1.924719
-2.472571
-7.034029
-11.249610
-15.179941
-19.178731
-22.957325
-26.663712
-29.296705
-31.040907
-32.656704
-34.662826
-36.440577
-36.672524
-36.394085
-35.988263
-34.756150
-33.048391
-30.182259
-27.202538
-24.124043
-20.342725
-16.534669
-12.595143
-8.213179
-3.856931
0.695671
5.287783
10.255235
14.870678
18.335581
21.520172
24.686711
26.990175
28.832640
30.285801
32.252925
34.219367
35.554341
36.337546
36.263806
35.369056
33.277273
30.513661
27.547564
24.544341
21.396535
18.055950
14.790637
11.591741
7.416691
2.944129
-1.608985
-6.168229
-10.598387
-14.859438
-18.832854
-22.763695
-26.458161
-29.216153
-30.998502
-32.562017
-34.680707
-36.619220
-37.093844
-36.750351
-36.315066
-35.208634
-33.634390
-30.660118
-27.403661
-24.237292
-20.656926
-17.075709
-13.228485
-8.950233
-4.566056
0.044448
4.707234
9.568248
14.216048
17.903703
21.312918
24.424791
26.925291
28.791257
30.391046
32.174417
34.311499
35.858325
36.675589
36.584820
35.551786
33.615487
30.762468
27.776616
24.789912
21.807637
18.544708
15.208551
11.857748
7.622753
3.047841
-1.443965
-6.044762
-10.333572
-14.477628
-18.615893
-22.547075
-26.329245
-29.120956
-30.984027
-32.533578
-34.386601
-36.335162
-36.863259
-36.587375
-36.300080
-35.118376
-33.476012
-30.861071
-27.560166
-24.438756
-20.810536
-17.091036
-13.296774
-9.005070
-4.529442
-0.053304
4.510880
9.190185
13.953447
17.742089
20.924125
24.154527
26.742561
28.322765
29.845578
31.621967
33.727203
35.358667
36.007336
36.157199
35.357475
33.496789
30.741181
27.830601
24.820396
21.939448
18.704278
15.392474
12.158837
8.107253
3.572532
-0.756979
-5.584615
-9.812798
-13.895716
-17.973525
-21.905048
-25.754316
-28.772014
-30.581100
-32.372134
-34.168618
-36.165374
-36.768913
-36.523342
-36.357130
-35.353729
-33.726352
-31.377758
-28.113638
-25.156907
-21.570751
-18.017803
-14.314481
-10.113376
-5.776031
-1.176425
3.336838
8.156640
13.058186
16.825199
20.208359
23.501941
26.351213
28.272016
29.870953
31.655686
33.805541
35.621950
36.441258
36.589418
35.976001
34.384557
31.626565
28.524229
25.451183
22.397893
19.050326
15.623569
12.380566
8.511032
3.955705
-0.532866
-5.338873
-9.687117
-13.771568
-17.881734
-21.862643
-25.593042
-28.717858
-30.623674
-32.255139
-34.146990
-36.180360
-36.947898
-36.720719
-36.468506
-35.360541
-33.796004
-31.398194
-28.111764
-25.074141
-21.414246
-17.793689
-13.961281
-9.779249
-5.315372
-0.841107
3.687143
8.315189
13.270719
17.197473
20.592553
23.800816
26.537861
28.353759
29.781205
31.371287
33.409595
35.187006
36.016021
36.260230
35.710335
34.089429
31.412329
28.313228
25.330101
22.175142
19.054753
15.739373
12.513229
8.916855
4.345008
0.017200
-4.687990
-9.083578
-13.222524
-17.175845
-21.277666
-24.998529
-28.187547
-30.291591
-32.093866
-33.805370
-35.835334
-36.840269
-36.393915
-36.226852
-35.295486
-33.861569
-31.696558
-28.554371
-25.460550
-21.969761
-18.222502
-14.722177
-10.477815
-6.246567
-1.726151
2.802440
7.437638
12.320961
16.372204
19.774607
23.122174
26.111262
28.182779
29.627085
31.253099
33.220904
35.085167
36.102704
36.368029
35.995926
34.573419
32.167775
29.011794
25.945732
22.886821
19.803388
16.358750
13.220481
9.787083
5.341087
1.023667
-3.635032
-8.113384
-12.115921
-16.342912
-20.419359
-24.155378
-27.436018
-29.730797
-31.562873
-33.325638
-35.578694
-36.952666
-36.881651
-36.750521
-35.914523
-34.403801
-32.509736
-29.470239
-26.377950
-23.127454
-19.576209
-15.855517
-11.781454
-7.322686
-2.805335
1.881633
6.446498
11.388063
15.607391
18.958194
22.379671
25.420189
27.748517
29.429538
30.964783
33.076491
35.169976
36.301443
36.616496
36.354065
35.108158
32.873154
29.835701
26.910305
23.932798
20.745482
17.258780
13.941526
10.437795
6.080866
1.599789
-2.996411
-7.589204
-11.696815
-15.922955
-20.169871
-24.091346
-27.689423
-30.027458
-31.805549
-33.477885
-35.506657
-37.016869
-37.047352
-36.743879
-36.115476
-34.613609
-32.706090
-29.610736
-26.349000
-23.001943
-19.389902
-15.850748
-11.800187
-7.618666
-3.168072
1.356261
5.968469
10.884489
15.280928
18.541643
21.756377
24.900777
27.246135
28.860569
30.233179
32.202516
34.314564
35.562515
35.910266
35.684279
34.613098
32.285622
29.343196
26.397535
23.443358
20.519836
17.066172
13.884817
10.625975
6.304298
1.855407
-2.509696
-7.000480
-11.173487
-15.114546
-19.235100
-23.073980
-26.653835
-29.163361
-30.895472
-32.384396
-34.414360
-36.198412
-36.402600
-36.297015
-35.752058
-34.400906
-32.608679
-29.800619
-26.708160
-23.628303
-19.948312
-16.487156
-12.569938
-8.292368
-3.933396
0.657524
5.110843
10.139091
14.774629
18.348183
21.535839
24.732181
27.153492
28.713771
30.359881
32.367366
34.348113
35.765852
36.258357
36.256824
35.097769
33.079215
30.036143
27.016401
24.031230
20.883083
17.537730
14.188460
10.954993
6.728513
2.138104
-2.342463
-7.015978
-11.224236
-15.216385
-19.393819
-23.177351
-26.768957
-29.429538
-31.269959
-32.869237
-34.684624
-36.587885
-36.717313
-36.334481
-35.777433
-34.500190
-32.739639
-29.973303
-26.718037
-23.453406
-19.782271
-16.261680
-12.387718
-8.074386
-3.637757
0.722408
5.256448
10.133130
14.824527
18.266439
21.452393
24.691820
27.366195
28.932435
30.434983
32.293286
34.407037
35.775219
36.319665
36.362750
35.412822
33.404487
30.496631
27.478593
24.407761
21.483217
17.944574
14.564310
11.482239
7.363728
2.835819
-1.597745
-6.151710
-10.335105

