-8.106743
-10.330507
-13.150147
-15.588318
-18.037558
-20.396028
-22.468056
-24.875062
-26.541437
-27.486937
-27.607509
-26.205778
-24.995123
-23.361785
-21.863154
-21.417482
-21.011829
-19.788401
-17.125096
-14.180456
-11.524984
-7.539647
-2.592972
1.939876
5.461829
8.095673
10.323354
12.547800
15.052387
17.837967
20.315817
22.580113
24.477584
26.532752
27.974844
28.108018
26.973145
24.794170
22.696768
21.156584
19.814287
18.483741
17.384120
15.884297
13.840369
11.177744
8.400508
5.487544
1.691750
-2.272129
-5.332572
-7.695471
-9.903567
-12.795755
-15.153374
-17.588309
-20.001275
-22.171565
-24.594069
-26.418992
-27.498177
-27.734041
-26.385273
-24.985586
-23.613828
-21.924973
-21.362305
-20.966360
-19.724369
-17.368283
-14.441865
-11.685235
-8.015633
-3.137078
1.333441
5.098070
7.699558
9.834085
11.957373
14.313289
17.096656
19.720452
22.041968
24.106332
26.143278
27.687379
28.056587
27.167797
25.112799
22.939103
21.372012
19.911017
18.531595
17.431634
16.010148
14.203957
11.439834
8.681161
5.883149
2.087355
-1.798017
-4.995210
-7.368326
-9.501662
-12.324708
-14.925514
-17.115559
-19.600221
-21.612474
-24.070399
-25.989669
-27.136292
-27.717011
-26.549101
-25.200844
-23.772546
-22.045544
-21.363497
-21.029711
-20.046915
-17.885310
-15.011685
-12.394020
-8.693423
-3.840242
0.742163
4.557541
7.331031
9.564672
11.658328
13.974905
16.818217
19.388029
21.765913
23.807458
25.900432
27.588776
28.064081
27.302844
25.274072
23.099525
21.605662
20.253488
18.862826
17.900297
16.440153
14.692545
12.128013
9.235144
6.631442
3.000157
-1.067945
-4.435437
-6.968975
-9.139776
-11.959417
-14.606033
-17.018829
-19.662040
-21.673271
-24.074657
-26.192154
-27.379990
-27.993577
-27.007546
-25.492736
-24.158103
-22.436891
-21.573646
-21.200861
-20.133768
-18.172264
-15.139580
-12.508971
-9.141990
-4.464388
0.264815
4.265479
7.271767
9.518181
11.647429
13.891288
16.695602
19.397054
21.778345
23.862634
25.947605
27.731146
28.297731
27.601378
25.828396
23.531233
21.852255
20.375592
18.906082
17.712627
16.309193
14.400652
11.824369
9.018012
6.324564
2.821854
-1.177447
-4.577466
-7.103852
-9.215559
-11.812789
-14.371531
-16.648769
-19.036021
-21.241392
-23.456471
-25.526626
-26.753630
-27.465309
-26.711226
-25.104965
-24.003812
-22.135462
-21.358728
-21.056959
-20.193202
-18.424477
-15.463148
-12.843609
-9.663616
-5.160400
-0.414848
3.524848
6.544931
8.775507
11.023283
13.165304
15.934535
18.779891
20.897729
22.900275
25.140728
27.052505
28.026615
27.654852
25.907244
23.732696
21.941662
20.648752
19.223690
17.998048
16.884974
15.216385
12.895891
9.997743
7.378714
4.156658
-0.064032
-3.648656
-6.401879
-8.510351
-11.269195
-13.990062
-16.304595
-18.839666
-21.072286
-23.389884
-25.718382
-27.140209
-28.027466
-27.472462
-25.918484
-24.595431
-22.904873
-21.902493
-21.593060
-20.718745
-18.952233
-16.165631
-13.351781
-10.322503
-5.757979
-0.879083
3.231764
6.513596
8.888926
10.996887
13.118642
15.936409
18.846478
21.369968
23.513351
25.552852
27.557441
28.463602
28.125218
26.507037
24.274588
22.434677
20.973853
19.322974
17.998559
16.806296
15.056133
12.653725
9.817736
7.111175
3.885371
-0.151566
-3.782511
-6.549018
-8.594990
-11.142663
-13.860634
-16.071796
-18.563781
-20.826203
-22.973333
-25.168998
-26.549441
-27.525936
-27.251414
-25.678703
-24.302006
-22.564786
-21.429232
-21.154199
-20.397902
-19.002812
-16.247204
-13.446467
-10.543210
-6.147453
-1.399347
2.928972
6.312472
8.578471
10.706357
12.744665
15.265771
18.137012
20.483562
22.605147
24.577550
26.709863
27.859892
27.665922
26.292801
24.029016
22.117410
20.735094
19.371510
18.283299
17.161540
15.510661
13.263736
10.570628
7.898637
4.972560
0.975473
-2.749307
-5.690541
-7.843801
-10.332039
-13.310569
-15.552895
-18.073831
-20.536184
-22.726229
-25.084189
-26.751246
-27.820894
-27.820723
-26.221446
-24.917296
-23.250580
-21.944727
-21.585737
-20.839487
-19.359078
-16.807829
-13.857228
-11.099407
-6.951775
-2.042566
2.245903
5.910397
8.399997
10.630914
12.588671
15.117271
18.070425
20.497186
22.686890
24.735076
26.866027
28.172221
28.191294
26.943343
24.845260
22.801672
21.284308
19.707169
18.440315
17.210926
15.536376
13.351951
10.689497
7.989917
5.054133
0.957932
-2.863748
-5.823033
-7.976634
-10.394369
-13.248920
-15.454292
-17.800672
-20.219428
-22.370475
-24.770158
-26.416097
-27.790751
-27.969224
-26.432616
-25.064434
-23.454087
-22.047418
-21.662712
-21.037204
-19.642455
-17.248733
-14.436245
-11.667354
-7.724762
-2.746241
1.852342
5.582571
7.938487
9.982756
12.234449
14.700379
17.633268
20.184176
22.365706
24.411678
26.465484
27.923584
28.042112
26.962757
24.982180
22.900105
21.441153
19.999061
18.703427
17.596654
16.084399
13.966390
11.272771
8.546795
5.724430
1.755953
-2.115624
-5.356244
-7.638420
-10.011196
-12.955836
-15.222004
-17.739534
-20.079442
-22.267955
-24.739334
-26.391234
-27.481828
-27.808121
-26.454244
-25.056430
-23.512670
-21.925824
-21.465506
-20.828247
-19.753150
-17.435040
-14.511517
-11.722701
-8.055142
-3.232615
1.285076
5.151885
7.845674
9.863717
11.870861
14.211961
17.223869
19.768987
22.006035
24.027314
26.148558
27.752434
28.094053
27.153662
25.142261
23.058483
21.421058
20.018646
18.655913
17.566681
16.091551
13.975586
11.392832
8.666856
5.893537
2.076115
-1.853364
-5.091088
-7.475274
-9.745019
-12.450559
-14.910698
-17.161369
-19.729308
-21.762167
-24.063076
-25.988477
-27.188233
-27.781895
-26.635783
-25.190796
-23.807968
-22.189447
-21.508081
-21.091700
-20.314114
-18.227782
-15.093429
-12.242794
-8.693593
-3.757307
0.845364
4.772288
7.658686
9.901694
11.967761
14.168194
16.885826
19.496339
21.651472
23.870128
25.866713
27.662175
28.022528
27.086564
25.268282
23.021017
21.474191
20.029204
18.752643
17.767293
16.393832
14.411381
11.858940
9.079150
6.385360
2.744538
-1.222406
-4.652228
-7.021768
-9.315695
-12.211970
-14.581680
-16.971486
-19.566672
-21.740198
-24.080276
-26.049444
-27.398382
-28.031554
-26.962587
-25.367567
-23.915768
-22.408451
-21.853617
-21.367925
-20.420551
-18.324000
-15.287740
-12.525490
-9.065526
-4.289831
0.365632
4.314525
7.277557
9.394373
11.410883
13.759647
16.783476
19.431455
21.727596
23.907764
25.946924
27.585881
28.149400
27.525936
25.889192
23.665939
21.920545
20.573480
19.127471
17.916475
16.507251
14.617954
12.135506
9.371723
6.592444
2.998114
-1.057216
-4.563672
-7.096359
-9.284530
-12.083735
-14.662402
-16.969442
-19.490719
-21.513019
-23.738146
-25.796720
-27.082137
-27.902978
-27.042627
-25.522198
-24.219581
-22.420032
-21.528687
-21.178893
-20.285845
-18.413578
-15.434367
-12.654747
-9.428603
-4.644735
0.201975
4.229035
7.297141
9.370361
11.488540
13.720989
16.446454
19.170897
21.525962
23.429564
25.463104
27.251244
27.936016
27.377776
25.540420
23.358549
21.688938
20.317691
18.911362
17.864193
16.514233
14.809029
12.385505
9.614740
6.916012
3.489937
-0.505788
-3.977333
-6.813322
-8.857421
-11.567729
-14.167683
-16.462122
-19.091538
-21.265405
-23.354633
-25.719915
-26.941810
-27.769974
-27.014358
-25.486776
-24.275099
-22.591182
-21.577052
-21.373204
-20.517451
-18.807139
-15.831164
-13.134820
-10.072163
-5.524499
-0.776734
3.400190
6.518534
8.800030
10.972875
13.022593
15.868119
18.642630
21.128144
23.331812
25.441647
27.388845
28.299945
27.967691
26.286670
24.050474
22.281408
20.973853
19.483566
18.304757
16.978128
15.208891
12.734107
9.895052
7.130589
3.805331
-0.243868
-3.870555
-6.765127
-8.820125
-11.430808
-14.127493
-16.486645
-18.996000
-21.211760
-23.298434
-25.547743
-26.997158
-27.931758
-27.359894
-25.861093
-24.574144
-22.744111
-21.614517
-21.245139
-20.501273
-18.926007
-15.982900
-13.241768
-10.198695
-5.762407
-0.747272
3.493854
6.805829
9.062290
11.239733
13.277531
16.015087
18.744639
21.077905
23.191656
25.209188
27.156217
28.145143
27.823108
26.148047
23.853438
21.956818
20.548957
19.111463
17.944063
16.841888
15.020030
12.805462
10.019711
7.273981
4.202979
0.164509
-3.406320
-6.325245
-8.411578
-11.040824
-13.692720
-16.142130
-18.590008
-20.809514
-22.859403
-25.271518
-26.702200
-27.647700
-27.376413
-25.692327
-24.518115
-22.826024
-21.591868
-21.194901
-20.579440
-19.061395
-16.265256
-13.377156
-10.765110
-6.468126
-1.643385
2.748626
6.232091
8.686781
10.733094
12.780087
15.368632
18.177884
20.682641
22.914580
24.933985
26.981490
28.156894
28.028148
26.615688
24.305582
22.344419
20.880188
19.561563
18.253326
17.111983
15.481710
13.343436
10.462488
7.668734
4.671301
0.667231
-3.005266
-6.011384
-8.085285
-10.306665
-13.228314
-15.674489
-18.105677
-20.417145
-22.531918
-24.913209
-26.410648
-27.494601
-27.456454
-26.003122
-24.847473
-23.226397
-21.890061
-21.670546
-21.117755
-19.712108
-17.076220
-14.173133
-11.361156
-7.398129
-2.489260
1.903602
5.561624
8.015803
10.281631
12.423652
14.965364
17.917837
20.338297
22.590671
24.571759
26.495286
27.959858
28.215647
27.111598
24.938754
22.945915
21.493946
20.097154
18.697807
17.603976
16.069242
13.965368
11.248929
8.488212
5.588021
1.743691
-2.238750
-5.515644
-7.883651
-10.176046
-13.097014
-15.641791
-18.079962
-20.590339
-22.621325
-25.065116
-26.811872
-27.857338
-28.016908
-26.573113
-25.066648
-23.450851
-21.861110
-21.402495
-20.943029
-19.668511
-17.130716
-14.175347
-11.510849
-7.551057
-2.697706
1.813344
5.442585
8.064338
10.174853
12.195792
14.457873
17.314638
19.958700
22.277662
24.291618
26.137148
27.574301
27.878625
26.857001
24.706806
22.669009
21.270514
19.759791
18.388544
17.273256
15.716212
13.774463
10.991778
8.350781
5.624124
1.876184
-2.020938
-5.162614
-7.379736
-9.636368
-12.332712
-14.816182
-17.144850
-19.609758
-21.666629
-24.038383
-25.807960
-26.986940
-27.553013
-26.354960
-25.049618
-23.519823
-21.845273
-21.301508
-21.008083
-20.042828
-17.882075
-14.838491
-12.221507
-8.542367
-3.634862
0.927278
4.779782
7.401364
9.623425
11.774302
14.151505
16.950709
19.674812
22.030728
24.026462
26.178701
27.868237
28.133392
27.248859
25.174618
23.116895
21.456139
20.183325
18.755198
17.672947
16.257933
14.164277
11.499439
8.660214
5.978857
2.338886
-1.691920
-4.986865
-7.440022
-9.654931
-12.418202
-15.122039
-17.434699
-19.926684
-22.033964
-24.363143
-26.253802
-27.319193
-27.984721
-26.740858
-25.203569
-23.694720
-22.008589
-21.250759
-20.859752
-19.793170
-17.556122
-14.532634
-11.961971
-8.522272
-3.753560
0.920977
4.700422
7.624796
9.832723
11.945111
14.071124
16.824518
19.507919
21.964312
23.886987
25.909628
27.666092
28.267588
27.443852
25.495120
23.399591
21.724531
20.264728
18.749918
17.577410
16.146558
14.386177
11.673314
8.896930
6.344148
2.802440
-1.238925
-4.662275
-7.145745
-9.208066

