-20.903860
-24.784803
-28.123515
-30.261448
-31.876394
-33.617701
-35.638469
-37.058592
-36.784070
-36.662987
-35.819156
-34.411124
-32.060317
-28.963430
-25.714295
-22.347484
-18.733740
-15.031951
-10.817562
-6.430149
-1.908541
2.631119
7.298163
12.272256
16.394854
19.744635
22.989171
25.810174
27.870962
29.338769
31.065430
33.090625
34.978049
36.004952
36.213057
35.818475
34.338747
31.850679
28.848818
25.891747
22.866896
19.743783
16.333546
13.065168
9.493828
5.088704
0.687838
-3.712858
-8.066211
-12.268169
-16.405582
-20.305259
-24.201529
-27.660302
-29.935326
-31.604597
-33.237764
-35.244567
-36.607470
-36.306552
-36.057574
-35.509382
-34.026929
-32.024213
-28.898886
-25.782245
-22.448812
-18.727609
-15.182836
-11.219297
-6.925719
-2.637420
1.819645
6.415844
11.252846
15.611308
18.931627
22.318704
25.250741
27.329922
28.833151
30.527966
32.525914
34.450293
35.791397
36.297526
36.181382
34.775053
32.451493
29.533761
26.411329
23.424114
20.267453
16.891616
13.800349
10.398115
5.934579
1.398495
-3.015825
-7.562297
-11.719125
-15.843085
-19.859586
-23.800135
-27.326686
-29.747997
-31.565428
-33.268418
-35.443136
-37.004777
-36.849976
-36.724465
-36.128759
-34.771817
-32.706601
-29.755490
-26.632888
-23.268461
-19.657271
-15.792336
-11.757272
-7.386718
-2.841949
1.786436
6.390980
11.323180
15.762193
19.259964
22.648743
25.686026
27.980975
29.522181
31.098127
33.090115
35.011087
36.140680
36.531516
36.274195
34.999337
32.610212
29.632023
26.468720
23.341690
20.203761
16.659158
13.386522
9.832212
5.430153
1.067093
-3.423010
-7.944618
-12.177910
-16.308171
-20.332507
-24.158103
-27.646337
-29.941968
-31.618731
-33.203193
-35.414355
-36.733150
-36.729574
-36.453009
-35.740989
-34.364973
-32.322918
-29.176814
-26.180574
-22.870472
-19.049474
-15.391622
-11.450223
-7.374287
-2.860171
1.727683
6.190538
10.972364
15.390771
18.870831
22.174461
25.301150
27.462244
29.198953
30.957460
32.475676
34.507002
35.724299
36.318643
36.094700
34.830570
32.633884
29.674939
26.551315
23.421560
20.340511
16.989197
13.637032
10.251829
5.949906
1.558747
-2.899170
-7.362536
-11.418377
-15.624080
-19.694226
-23.665939
-27.158771
-29.500893
-31.265702
-32.837221
-34.857477
-36.477191
-36.605597
-36.506483
-35.988263
-34.726007
-32.821212
-29.810326
-26.725190
-23.358890
-19.764389
-16.157627
-12.206520
-7.869005
-3.449065
1.292740
6.183045
11.001825
15.333210
18.961600
22.233895
25.272540
27.646508
29.342856
30.943155
32.954557
34.984350
36.375523
36.685637
36.455904
35.168103
32.822064
29.910122
26.889018
23.897716
20.743779
17.317363
14.020886
10.726963
6.315878
1.707929
-2.766337
-7.278749
-11.383976
-15.524455
-19.674301
-23.500238
-27.177845
-29.796703
-31.621626
-33.273186
-35.334996
-36.943640
-36.895616
-36.614793
-35.996778
-34.752062
-32.782895
-29.766049
-26.589462
-23.244619
-19.526652
-15.943902
-11.966569
-7.792200
-3.315210
1.332249
5.815710
10.740246
15.105009
18.609932
21.811213
24.962425
27.324302
28.905358
30.384404
32.399723
34.440415
35.682065
36.154134
36.119393
34.992014
32.791751
29.876062
26.879481
23.826701
20.822457
17.263038
14.134986
10.787589
6.520237
2.014296
-2.448048
-6.942068
-11.133126
-15.113183
-19.152675
-22.924968
-26.620286
-29.304879
-30.988795
-32.596248
-34.586361
-36.244733
-36.416565
-36.250864
-35.865477
-34.582615
-32.789367
-29.938562
-26.783603
-23.571423
-19.927025
-16.219786
-12.353999
-8.175032
-3.759350
0.805514
5.289997
10.094813
14.762708
18.323660
21.542992
24.734735
27.089630
28.630836
30.195202
32.063893
34.199612
35.811833
36.389317
36.243200
35.166911
33.064570
30.262300
27.233192
24.132047
21.207503
17.951727
14.525993
11.299678
7.011209
2.464056
-2.014807
-6.612710
-10.770389
-14.864547
-18.898930
-22.950513
-26.637486
-29.335873
-31.198093
-32.995088
-34.967320
-36.689213
-37.013803
-36.571196
-36.346061
-34.886428
-33.137628
-30.320712
-27.145999
-24.014030
-20.120655
-16.538756
-12.592418
-8.397613
-4.145588
0.455550
4.974093
9.762049
14.502321
18.177714
21.398238
24.693183
27.279854
28.881516
30.551638
32.257012
34.353052
36.035776
36.556721
36.523853
35.449948
33.518757
30.561856
27.429547
24.241890
21.154029
17.933675
14.532634
11.248929
7.139274
2.658027
-1.934256
-6.530966
-10.659524
-14.648778
-18.582174
-22.448301
-26.225703
-29.051304
-30.842168
-32.396827
-34.373999
-36.241327
-36.685126
-36.434105
-36.240135
-34.941946
-33.258200
-30.589785
-27.420010
-24.246829
-20.677362
-17.057998
-13.071299
-8.705684
-4.570995
-0.133344
4.390819
9.054967
14.079298
17.763376
21.029030
24.117742
26.799781
28.499024
29.934474
31.709160
33.766202
35.359008
36.007507
35.925082
35.074949
33.202682
30.493566
27.497666
24.551834
21.464143
18.245833
14.884472
11.672463
7.675886
3.387758
-1.061814
-5.682537
-9.885515
-13.864722
-18.002646
-21.929400
-25.610583
-28.560162
-30.444179
-32.107830
-34.055369
-36.034243
-36.556210
-36.347083
-36.046335
-34.874337
-33.315420
-30.788354
-27.745622
-24.530547
-20.915270
-17.391614
-13.650485
-9.365763
-5.046129
-0.583274
3.958770
8.784362
13.511862
17.434018
20.526648
23.736102
26.555402
28.484038
29.930898
31.711715
33.752067
35.636425
36.346912
36.451476
35.743543
33.993040
31.255995
28.256689
25.059496
22.055422
18.786192
15.337467
12.115240
8.156300
3.684929
-0.888280
-5.483627
-9.776524
-13.732740
-17.830985
-21.738495
-25.653499
-28.812885
-30.860901
-32.408578
-34.175771
-36.222935
-36.981957
-36.828688
-36.566939
-35.482986
-33.947740
-31.498160
-28.388500
-25.151968
-21.519150
-17.813444
-14.051199
-9.803942
-5.451952
-0.863756
3.593649
8.307355
13.078621
17.039776
20.306792
23.600885
26.395151
28.419495
29.727561
31.296015
33.217669
35.124506
36.028624
36.139318
35.590104
33.915894
31.226703
28.113297
25.109393
22.094420
18.973351
15.521731
12.405089
8.558205
4.262073
-0.091110
-4.846198
-9.072678
-13.082198
-17.193726
-21.091529
-24.835893
-27.963945
-30.135938
-31.956264
-33.698933
-35.801956
-36.683253
-36.360366
-36.269937
-35.261427
-33.875874
-31.502077
-28.235572
-25.315114
-21.692514
-17.961945
-14.369658
-10.313817
-5.947011
-1.582588
2.887590
7.544075
12.471335
16.517639
19.695418
22.885799
25.741373
27.837242
29.308966
30.952862
33.020633
34.999166
35.999843
36.253589
35.891192
34.355436
31.945024
28.870106
25.836059
22.807462
19.636324
16.181299
12.965032
9.467431
4.973071
0.597239
-3.983293
-8.367130
-12.381758
-16.414949
-20.281076
-24.080787
-27.468204
-29.784271
-31.575986
-33.163854
-35.265684
-36.493029
-36.520447
-36.203180
-35.493544
-34.115996
-32.103232
-29.078381
-25.956801
-22.584030
-18.994127
-15.360798
-11.229345
-6.769725
-2.425398
1.959290
6.589208
11.586462
15.740905
19.139392
22.511142
25.504998
27.686528
29.070888
30.723470
32.729081
34.774372
35.968508
36.330223
36.072731
34.681899
32.350166
29.371466
26.311363
23.384605
20.196778
16.707352
13.483422
10.066032
5.613565
1.141514
-3.327642
-7.797991
-11.781284
-15.833548
-19.935029
-23.766926
-27.214118
-29.746635
-31.535966
-33.163513
-35.315071
-36.705392
-36.695514
-36.455223
-35.714592
-34.231969
-32.448769
-29.554197
-26.398727
-22.956303
-19.320420
-15.609946
-11.541333
-7.341589
-3.047160
1.646280
6.089211
11.058194
15.420403
18.720967
22.012677
25.083678
27.437040
28.995786
30.599492
32.470907
34.453699
35.729579
36.022152
35.952670
34.906524
32.731806
29.563904
26.651110
23.499898
20.404203
16.994136
13.771227
10.473217
6.319284
1.815387
-2.570323
-6.917204
-10.970661
-14.928068
-18.914427
-22.716522
-26.178019
-28.762306
-30.681576
-32.103573
-34.018244
-36.017554
-36.115135
-35.928317
-35.420656
-34.207446
-32.576152
-29.679877
-26.522875
-23.464305
-20.012174
-16.492265
-12.541328
-8.297477
-3.968818
0.501701
4.918916
9.942566
14.345305
17.694235
21.103280
24.230991
26.659455
28.375217
29.978241
31.835863
33.938204
35.353558
35.952670
36.020790
35.053321
33.025571
30.353751
27.466502
24.658782
21.580969
18.221821
14.855351
11.716230
7.489238
3.049033
-1.302617
-5.847556
-10.178600
-14.276505
-18.524953
-22.402491
-26.182788
-29.002258
-31.104258
-32.765354
-34.642730
-36.593676
-36.977870
-36.719356
-36.285945
-35.128593
-33.452170
-30.817815
-27.454581
-24.187565
-20.498378
-16.756398
-12.786729
-8.724928
-4.418918
0.141348
4.653590
9.539127
14.278378
17.905235
21.081141
24.435350
26.930060
28.545346
30.167784
32.019104
34.079552
35.609347
36.391360
36.332778
35.493714
33.485208
30.660800
27.592863
24.643626
21.550655
18.256903
14.883110
11.756250
7.697344
3.175735
-1.263618
-5.855731
-10.023969
-13.961451
-17.922946
-21.782943
-25.495461
-28.530870
-30.524901
-32.122135
-33.700636
-35.767044
-36.511932
-36.209481
-35.986219
-34.896306
-33.464943
-30.942985
-27.728592
-24.595601
-21.174465
-17.645018
-13.724566
-9.589195
-5.339384
-0.877040
3.589732
8.393185
13.168880
16.830819
20.079783
23.355314
26.112114
27.964967
29.452358
31.178338
33.201150
35.045828
36.031348
36.166566
35.463401
33.734696
31.044143
28.233017
25.306259
22.373540
19.135475
15.702929
12.604168
8.835111
4.246746
-0.034060
-4.567419
-8.902209
-12.936592
-17.058168
-20.982197
-24.796724
-27.969054
-30.132702
-31.850679
-33.560140
-35.661629
-36.604064
-36.364283
-36.106791
-35.215446
-33.797196
-31.539372
-28.351716
-25.231668
-21.853277
-18.141440
-14.367444
-10.170426
-6.088359
-1.657861
2.940382
7.555825
12.554611
16.634124
19.957849
23.195233
26.000227
28.016908
29.559476
31.267405
33.295155
35.166570
36.109516
36.474466
36.047697
34.376213
31.736238
28.634412
25.639023
22.601060
19.296237
15.880721
12.867791
9.120022
4.612548
0.138112
-4.433734
-8.912768
-12.967246
-17.002140
-20.917484
-24.697781
-27.970927
-30.275924
-31.877926
-33.524377
-35.609177
-36.793947
-36.594357
-36.328520
-35.596234
-34.084661
-31.841142
-28.794663
-25.620461
-22.266763
-18.689803
-14.861482
-10.634150
-6.356580
-1.860687
2.718823
7.381439
12.318918
16.395024
19.721474
23.017781
25.995289
27.996642
29.463257
30.994415
32.972779
34.796340
35.900559
36.133698
35.730941
34.221070
31.747988
28.774568
25.752272
22.781917
19.658293
16.214848
12.955495
9.389605
5.058391
0.744036
-3.803117
-8.216245
-12.278897
-16.395705
-20.266601
-24.008751
-27.462244
-29.785803
-31.372820
-32.997983
-35.165208
-36.532538
-36.324092
-36.178657
-35.418102
-34.050431
-31.965801
-28.941631
-25.840487
-22.555590
-18.920898
-15.222515
-11.218786
-7.057360
-2.693449
1.818623
6.350790
11.221000
15.471833
18.832513
22.106511
25.006362
27.307783
28.867722
30.556236
32.509736
34.495933
35.807065
36.222764
36.110708
34.824269
32.658577
29.714789
26.632718
23.696933
20.589658
17.103979
13.921431
10.476964
6.156308
1.711335
-2.917051
-7.337161
-11.630229
-15.747377
-19.657782
-23.583344

