18.989870
16.853469
14.637027
12.113878
9.103673
5.909204
2.054487
-2.656324
-6.435769
-9.633814
-12.288775
-15.211616
-17.687423
-19.885302
-22.186892
-24.619102
-26.935509
-28.974840
-30.299255
-30.939238
-30.446223
-29.152461
-27.251925
-24.797576
-23.101909
-21.698305
-19.914934
-17.291478
-14.112507
-11.368479
-7.659197
-2.502203
2.913645
7.178443
10.355711
13.413429
16.097512
18.146890
20.242929
22.118432
23.479973
25.143453
27.038370
28.687375
29.199123
28.599501
27.644464
25.863647
23.698126
22.062574
20.705632
19.020864
16.775302
14.373575
11.795759
8.682183
5.463702
1.610518
-2.990280
-6.830352
-9.968281
-12.749604
-15.423298
-18.024615
-19.952570
-22.187574
-24.420704
-26.498352
-28.623683
-30.044488
-30.723810
-30.356475
-28.989485
-27.034453
-24.525779
-22.543669
-21.163055
-19.338982
-16.875097
-13.787576
-11.116607
-7.596186
-2.642870
2.671991
7.072176
10.333913
13.383968
15.865735
17.845631
19.757918
21.467890
22.770337
24.285146
26.149239
27.877944
28.460026
27.798244
26.786327
25.187390
23.092542
21.629844
20.570244
19.036361
16.920567
14.736993
12.267998
9.220839
6.153243
2.420289
-2.058744
-5.931854
-9.145737
-11.824710
-14.617954
-17.176696
-19.352947
-21.672419
-23.908104
-26.194538
-28.193338
-29.785803
-30.643770
-30.320031
-29.117891
-27.396168
-24.980136
-23.071085
-21.677698
-19.965172
-17.583200
-14.496361
-11.862857
-8.524486
-3.526381
1.723426
6.220341
9.647438
12.719972
15.482051
17.552716
19.622360
21.483558
22.863490
24.608544
26.459524
28.342860
28.994254
28.515884
27.729784
26.061535
23.908956
22.285836
21.104302
19.541809
17.405578
15.113694
12.615579
9.539127
6.328310
2.376352
-2.043418
-6.122589
-9.374789
-12.083224
-14.900139
-17.610107
-19.715003
-22.156409
-24.528333
-26.543822
-28.634753
-30.221769
-31.238113
-30.870438
-29.578209
-27.824129
-25.335210
-23.279871
-21.743945
-19.957508
-17.379182
-14.310735
-11.385850
-7.924693
-3.465584
2.009017
6.543739
10.102476
13.101271
15.833208
17.965181
19.917488
21.633080
22.804567
24.407251
26.306425
27.935164
28.691462
28.201682
27.354104
25.648049
23.513181
21.978276
20.690816
19.156422
16.956840
14.680113
12.284177
9.288618
6.200245
2.553122
-1.901899
-6.001166
-9.254898
-11.980363
-14.751639
-17.445428
-19.551345
-21.853958
-24.061373
-26.206630
-28.301307
-29.813392
-30.596937
-30.389513
-29.015882
-27.060679
-24.753809
-22.903340
-21.410670
-19.784825
-17.441681
-14.243807
-11.492797
-8.259841
-3.452982
1.768214
6.444284
9.774821
12.705667
15.417337
17.411539
19.400120
21.306617
22.623880
24.165596
25.978088
27.805737
28.791087
28.261287
27.372667
25.834697
23.648739
22.139038
20.938941
19.345624
17.393998
15.079124
12.608256
9.634835
6.475619
2.776384
-1.666716
-5.667721
-8.887904
-11.521237
-14.359270
-17.062596
-19.166470
-21.464654
-23.747853
-25.883062
-28.105634
-29.683113
-30.689069
-30.515364
-29.283932
-27.664389
-25.232009
-23.343563
-21.920715
-20.365545
-17.970800
-14.795916
-12.049334
-8.943592
-4.009860
1.300914
5.905117
9.431328
12.499946
15.370335
17.485789
19.415106
21.353960
22.640228
24.294342
26.050806
28.035470
28.947932
28.536320
27.714287
26.123694
23.951871
22.273064
21.185705
19.661018
17.664943
15.342406
12.815510
9.887218
6.704330
3.081390
-1.362222
-5.601474
-9.020226
-11.862346
-14.531783
-17.295224
-19.471475
-21.682126
-24.013008
-26.159116
-28.229782
-29.817309
-30.754634
-30.603579
-29.379640
-27.692148
-25.325162
-23.115362
-21.651472
-20.056452
-17.695427
-14.608758
-11.868647
-8.802244
-4.222052
1.246248
6.063325
9.598562
12.516975
15.264920
17.432996
19.384963
21.283967
22.520849
24.132899
25.990691
27.715649
28.728247
28.271845
27.428865
25.880166
23.625238
21.954945
20.788057
19.399268
17.276491
15.101092
12.792689
9.856224
6.611517
3.087180
-1.238074
-5.454847
-8.607592
-11.483090
-13.904401
-16.655070
-18.825872
-21.018812
-23.437228
-25.382893
-27.607850
-29.216664
-30.301639
-30.444860
-29.302154
-27.773040
-25.504146
-23.311547
-21.913903
-20.484584
-18.202237
-15.077932
-12.309551
-9.270055
-4.879236
0.448397
5.362374
8.917536
11.922462
14.741250
17.064469
18.895354
20.862988
22.176504
23.664577
25.618247
27.464969
28.625556
28.387819
27.691126
26.199477
24.073124
22.425992
21.340677
20.088639
18.129860
15.804938
13.388395
10.560921
7.495199
3.994874
-0.345707
-4.687139
-8.213009
-11.222022
-13.837133
-16.698326
-19.049304
-21.268129
-23.627792
-25.814772
-28.040409
-29.600518
-30.534778
-30.852386
-29.876743
-28.318167
-26.134593
-23.519482
-22.045033
-20.481518
-18.436057
-15.251807
-12.389762
-9.520224
-5.093302
0.238929
5.274160
9.014266
11.988367
14.869996
17.209905
19.124576
21.127462
22.644997
23.994276
25.779179
27.596269
28.769800
28.550114
27.890035
26.516914
24.269308
22.367580
21.213123
19.805942
17.818894
15.561921
13.179949
10.391474
7.201093
3.770590
-0.401224
-4.622425
-8.157321
-10.915143
-13.418198
-16.224384
-18.562078
-20.742927
-23.000922
-25.009087
-27.246305
-29.048409
-30.033588
-30.373505
-29.494422
-28.004306
-25.753464
-23.466008
-21.903345
-20.628827
-18.681628
-15.653372
-12.657983
-10.042872
-5.940369
-0.741311
4.382474
8.179120
11.202778
14.147077
16.626460
18.492767
20.503487
21.887336
23.267439
25.017772
26.927846
28.343712
28.397526
27.811016
26.560511
24.493422
22.655385
21.534818
20.271029
18.492596
16.219275
13.900314
11.181831
8.180823
4.909890
0.710487
-3.690379
-7.484811
-10.469982
-13.062273
-15.944242
-18.378156
-20.576205
-22.869280
-24.977071
-27.222633
-29.205765
-30.318499
-30.714955
-29.881171
-28.485400
-26.310342
-24.002109
-22.368942
-20.965338
-19.039767
-16.123056
-12.915134
-10.327271
-6.440537
-1.296827
3.921815
8.018017
11.068923
14.005389
16.506399
18.386330
20.333358
22.005865
23.359912
25.111437
26.917798
28.463091
28.544664
28.062548
27.001074
24.824994
22.928204
21.562406
20.213808
18.396888
16.229834
14.008624
11.308023
8.061102
4.867996
0.858818
-3.514120
-7.187298
-10.304792
-12.849399
-15.706335
-18.051863
-19.967386
-22.493601
-24.532591
-26.642084
-28.737613
-30.059304
-30.593872
-30.075993
-28.714963
-26.665245
-24.124725
-22.415774
-21.122353
-19.394841
-16.677891
-13.522932
-10.815178
-7.166181
-1.958949
3.442935
7.564851
10.661568
13.677563
16.164439
18.141440
20.051173
21.809850
23.112638
24.745464
26.586737
28.197936
28.637137
27.974844
26.966674
25.018113
23.025615
21.678720
20.542485
18.951893
16.790628
14.504875
11.861324
8.699383
5.624635
1.786096
-2.631290
-6.658690
-9.669576
-12.355362
-15.138388
-17.805781
-19.926173
-22.219419
-24.401120
-26.578733
-28.638669
-29.904161
-30.499016
-30.140025
-28.948443
-27.095420
-24.529866
-22.766931
-21.300146
-19.490378
-16.951902
-13.872385
-11.390959
-7.929632
-2.992494
2.328328
6.808724
10.052068
13.056312
15.675170
17.737661
19.686222
21.496330
22.888694
24.443013
26.273557
28.034960
28.731993
28.154680
27.252436
25.507041
23.378134
21.971975
20.851067
19.285509
17.240729
15.027693
12.486151
9.362187
6.219489
2.388103
-1.938002
-6.046636
-9.244680
-11.779751
-14.435393
-17.312935
-19.577060
-21.851233
-24.016074
-26.240689
-28.334856
-29.775585
-30.739478
-30.685493
-29.397011
-27.767590
-25.220939
-23.242746
-21.922759
-20.197119
-17.723015
-14.499766
-11.730535
-8.516141
-3.758328
1.624823
6.275177
9.641307
12.803759
15.700715
17.858573
19.563266
21.580628
22.806610
24.260793
26.061024
27.899572
28.831448
28.443677
27.508225
25.819881
23.701191
22.018126
20.835570
19.372702
17.380204
15.211616
12.774638
9.646586
6.677934
3.097057
-1.516512
-5.603858
-8.950233
-11.552232
-14.212642
-17.023597
-19.119808
-21.247183
-23.631368
-25.882380
-28.048924
-29.532228
-30.392068
-30.338594
-29.203551
-27.618749
-25.037016
-23.061037
-21.800143
-20.078421
-17.850569
-14.825038
-12.040309
-9.125131
-4.724264
0.579527
5.242143
8.786065
11.861324
14.670747
16.878332
18.853290
20.916973
22.452218
23.789917
25.533608
27.334520
28.552839
28.226205
27.556419
26.266405
24.173089
22.313935
21.161352
19.669362
17.797777
15.591213
13.306992
10.318075
7.256951
3.855910
-0.480243
-4.753215
-8.223397
-10.955845
-13.633966
-16.449520
-18.770865
-20.840168
-23.171391
-25.292635
-27.503967
-29.200145
-30.476025
-30.751228
-29.779673
-28.288024
-25.918484
-23.662874
-22.272042
-20.848172
-18.635137
-15.699693
-12.856722
-9.864058
-5.359650
-0.047343
4.857097
8.800200
11.717933
14.695270
16.953434
18.841199
20.795209
22.405216
23.689951
25.484562
27.305058
28.656721
28.487785
27.719225
26.452541
24.305071
22.471632
21.232877
19.993952
18.075875
15.850748
13.417857
10.562795
7.472038
4.357781
0.105415
-4.392351
-7.955176
-10.826247
-13.450725
-16.320433
-18.613849
-20.613841
-22.947788
-25.147540
-27.345249
-28.995275
-30.146326
-30.506168
-29.657228
-28.120279
-25.820221
-23.450511
-22.039413
-20.595278
-18.583196
-15.683174
-12.780258
-10.098900
-6.127017
-0.940221
4.256623
8.184058
11.154073
14.026506
16.332354
18.183674
20.279714
21.923440
23.330620
25.053195
26.875734
28.329917
28.429372
27.656555
26.668821
24.630513
22.662027
21.432127
20.193202
18.434184
16.277007
13.958386
11.226620
8.112533
4.967962
0.899690
-3.544603
-7.216079
-10.154758
-12.786388
-15.685729
-18.179246
-20.180770
-22.526979
-24.769136
-26.945898
-28.865167
-30.086211
-30.862093
-30.241183
-28.727736
-26.714631
-24.134602
-22.458690
-21.110262
-19.276483
-16.615050
-13.509648
-10.812964
-6.882974
-1.703330
3.482444
7.672991
10.929108
13.968434
16.408478
18.300840
20.256042
22.001266
23.325341
24.942500
26.782410
28.506347
28.702021
27.968543
26.866538
24.960041
22.924628
21.633761
20.521368
18.895183
16.709055
14.375448
11.636359
8.589200
5.489588
1.571008
-2.925737
-6.738561
-9.813990
-12.572663
-15.407801
-17.941509
-20.097494
-22.373710
-24.641071
-26.839120
-28.756005
-30.014345
-30.731133
-30.252423
-28.900760
-26.899917
-24.358886
-22.629499
-21.264383
-19.425154
-16.786882
-13.783489
-11.165142
-7.628543
-2.574239
2.761739
7.133314
10.334083
13.305630
15.864883
17.815147
19.764049
21.597317
23.014205
24.729627
26.649918
28.342860
28.789384
28.246982
27.361768
25.467362
23.324660
21.910838
20.700523
19.095625
17.012528
14.616421
11.979682
8.966412
5.777904
1.947539
-2.499989
-6.318092
-9.447336
-12.063469
-14.896904
-17.508779
-19.696099
-22.012847
-24.316311
-26.385273
-28.384413
-29.794489
-30.626569
-30.336210
-29.087407
-27.318512
-24.842875
-22.980997
-21.530901
-19.798279
-17.330987
-14.085770
-11.402879
-8.003882
-3.134864
2.187320
6.753547
10.114057
13.199534
15.854325
17.953089
19.830125
21.526643
22.851399
24.426494
26.222467
28.051479
28.748683
28.246471
27.300290
25.462593
23.330450
21.665096
20.539590
19.170216
17.087630

