23.001943
21.011148
18.618618
16.139916
13.487850
10.539804
7.217101
3.518547
-0.147138
-4.620211
-8.233786
-11.309215
-14.120170
-16.962971
-19.616059
-21.814108
-23.597649
-25.502614
-26.871477
-27.855805
-28.419324
-28.723478
-28.514181
-27.299609
-25.630338
-23.468563
-21.401133
-19.560201
-16.896895
-13.989380
-10.761704
-7.515635
-4.096031
-0.765324
2.123117
5.360842
8.918217
12.006249
14.524460
16.579969
18.507072
20.655394
22.298438
23.643119
25.014877
26.396002
27.617386
27.855635
27.359213
26.200329
24.512495
22.934335
20.950351
18.455471
15.945605
13.187783
10.165146
6.695986
3.081730
-0.498465
-4.825762
-8.559908
-11.384487
-14.293705
-16.908816
-19.686052
-21.862813
-23.481846
-25.407927
-26.762656
-27.602741
-28.145824
-28.303521
-28.156383
-27.078560
-25.369780
-23.323638
-21.159989
-19.288574
-16.613858
-13.641460
-10.426044
-7.268020
-4.116808
-0.842128
2.018554
5.160570
8.473056
11.626141
14.097861
16.008445
17.859425
19.805772
21.391256
22.734233
24.079255
25.430237
26.741028
27.193853
26.820387
25.920527
24.408613
22.814444
20.919698
18.660171
16.338825
13.758285
10.992459
7.663284
4.136562
0.556878
-3.868682
-7.636547
-10.655437
-13.432332
-16.216551
-19.023589
-21.211249
-23.047754
-24.804388
-26.400260
-27.460030
-27.974333
-28.210708
-28.222118
-27.266230
-25.703056
-23.714134
-21.680934
-19.956657
-17.396552
-14.507430
-11.339869
-8.094311
-4.786764
-1.560450
1.299211
4.431350
7.914645
11.157819
13.852630
15.994651
17.997026
20.251274
21.871158
23.272038
24.536337
25.955779
27.430739
27.892930
27.523552
26.604618
25.061539
23.444550
21.496160
19.096136
16.613347
13.899973
11.001144
7.407495
3.952810
0.259365
-4.165343
-8.000817
-11.065858
-13.968093
-16.655752
-19.622019
-21.937064
-23.435865
-25.260448
-26.853085
-28.013161
-28.465135
-28.566974
-28.527464
-27.505841
-25.893790
-23.777655
-21.662882
-19.762175
-17.238004
-14.021226
-10.647093
-7.784707
-4.435437
-1.181534
1.891681
4.865442
8.275849
11.563301
14.142990
16.162395
17.943382
20.101922
21.773747
22.878647
24.161509
25.442157
26.889699
27.307442
27.020488
26.331799
24.721112
23.129668
21.127462
18.711090
16.284670
13.593265
10.798148
7.528067
4.043579
0.427450
-3.926584
-7.806846
-10.845831
-13.736146
-16.430446
-19.188268
-21.337611
-22.976909
-24.793148
-26.367903
-27.387483
-28.067316
-28.179373
-27.957814
-27.098315
-25.647538
-23.480824
-21.400963
-19.651140
-17.075879
-14.120340
-11.060578
-7.856062
-4.570654
-1.182556
1.618692
4.542725
7.920606
11.022942
13.649634
15.794379
17.667498
19.797768
21.506718
22.860425
24.393286
25.643962
26.987280
27.523892
27.123349
26.378972
24.833509
23.147208
21.411862
19.012179
16.576222
13.980355
11.160885
7.862023
4.390138
0.908545
-3.374645
-7.184744
-10.335445
-13.274465
-15.941688
-18.713985
-20.942518
-22.621155
-24.559328
-26.200158
-27.438743
-28.086390
-28.332302
-28.423412
-27.496474
-26.040588
-23.982695
-21.963630
-20.137685
-17.677375
-14.762708
-11.806658
-8.465222
-5.083084
-1.790183
1.204014
4.306350
7.842779
11.107581
13.689825
15.834400
17.678227
19.908803
21.519661
22.991555
24.393627
25.706632
27.056762
27.562891
27.221612
26.462078
25.062561
23.435014
21.714313
19.340175
16.758783
14.172963
11.301381
7.989917
4.480737
0.866992
-3.461497
-7.508142
-10.492120
-13.411215
-16.210249
-19.006899
-21.404028
-23.111105
-24.851220
-26.450327
-27.478252
-28.049265
-28.224502
-28.267929
-27.457646
-25.810514
-23.802519
-21.649429
-19.772393
-17.348187
-14.499766
-11.415822
-8.290836
-4.975625
-1.529796
1.379251
4.256623
7.625307
10.934728
13.621364
15.720129
17.452921
19.635132
21.436896
22.610767
24.003472
25.269474
26.644128
27.255671
26.941129
26.231493
24.791786
23.183312
21.252462
19.013030
16.684873
14.140606
11.254549
8.055483
4.636049
1.124654
-2.946854
-7.165841
-10.036571
-12.936422
-15.633106
-18.449341
-20.903690
-22.393635
-24.297578
-25.896175
-27.091844
-27.888843
-28.087923
-28.198276
-27.518783
-25.976045
-24.106162
-22.132397
-20.281247
-17.952578
-15.126978
-11.986494
-8.969307
-5.631617
-2.178805
0.749145
3.653935
6.996053
10.431324
13.092927
15.305621
17.121179
19.252811
21.235773
22.567340
23.944718
25.301320
26.818514
27.440786
27.187041
26.685510
25.386640
23.897546
22.137506
19.780227
17.314468
14.817885
12.185233
8.997236
5.483287
1.925571
-2.354213
-6.734473
-9.851115
-12.853146
-15.763044
-18.548625
-21.004166
-22.715330
-24.533612
-26.097809
-27.138165
-28.084687
-28.421027
-28.527464
-28.008223
-26.148728
-24.266584
-22.094250
-20.388194
-18.013375
-15.140261
-12.164286
-8.928095
-5.661590
-2.172504
0.903266
3.675052
6.977660
10.360309
13.122559
15.390430
17.329965
19.364016
21.330288
22.653341
23.960727
25.218896
26.767935
27.551310
27.227231
26.618923
25.324481
23.641246
21.853277
19.615889
17.103808
14.633962
11.820623
8.657319
5.260706
1.907178
-2.241305
-6.383487
-9.552411
-12.476444
-15.259641
-18.032960
-20.437411
-22.068024
-23.852927
-25.584187
-26.694877
-27.587754
-27.958666
-28.103420
-27.538027
-26.140554
-24.279526
-22.316320
-20.560707
-18.351759
-15.446459
-12.590545
-9.418215
-6.276199
-2.763953
0.221048
3.028257
6.321328
9.781803
12.554441
14.854159
16.619648
18.708876
20.733561
22.169011
23.511478
24.837937
26.357174
27.228764
27.137824
26.702200
25.697606
24.171727
22.596972
20.386321
17.952408
15.413250
12.752329
9.741953
6.210293
2.769402
-1.344170
-5.667721
-8.937461
-11.942898
-14.823505
-17.619814
-20.202909
-22.013017
-23.811034
-25.707143
-26.951347
-27.824981
-28.215476
-28.500557
-28.036152
-26.769808
-24.948120
-22.737810
-20.867416
-18.764223
-15.805279
-12.986660
-9.950570
-6.782668
-3.249986
-0.022990
2.753735
6.022453
9.508474
12.416669
14.685392
16.700540
18.740552
20.822627
22.255863
23.597990
24.788039
26.325328
27.406216
27.205093
26.846613
25.718212
24.019650
22.377116
20.317350
17.947299
15.363012
12.453624
9.422643
5.974940
2.669777
-1.031671
-5.457231
-8.819784
-11.837823
-14.552559
-17.146553
-20.101752
-21.892445
-23.502282
-25.373868
-26.745285
-27.559825
-28.116362
-28.384413
-28.072596
-26.743242
-25.042636
-23.002625
-21.083866
-19.088813
-16.278369
-13.345139
-10.250637
-7.036584
-3.643036
-0.485863
2.324581
5.553280
8.988380
12.114218
14.449699
16.427040
18.334048
20.338978
21.849871
23.152488
24.592025
25.967530
27.211223
27.310337
26.936701
25.979621
24.427176
22.857530
20.880188
18.480335
15.947478
13.226441
10.428088
7.065194
3.626687
-0.279120
-4.570825
-8.302416
-11.257614
-14.191866
-16.918693
-19.627299
-21.697112
-23.385627
-25.255169
-26.591846
-27.433293
-27.967521
-28.248855
-28.100525
-26.885612
-25.352921
-23.237297
-21.194390
-19.376959
-16.804763
-14.000450
-10.860647
-7.630246
-4.247597
-0.944138
1.848425
4.871062
8.253029
11.434555
13.947146
16.009637
18.048797
20.078761
21.631547
22.981507
24.365527
25.713103
27.092525
27.456454
27.071578
26.319027
24.781908
23.071766
21.150964
18.822125
16.332694
13.686929
10.916676
7.544756
4.189014
0.456231
-3.968307
-7.677419
-10.598387
-13.715199
-16.529730
-19.188438
-21.276474
-23.003306
-24.870464
-26.440791
-27.598994
-28.350524
-28.430223
-28.451341
-27.329751
-25.752442
-23.872001
-21.755866
-19.961085
-17.399958
-14.457532
-11.197839
-7.943256
-4.620211
-1.217638
1.517875
4.641499
8.078303
11.323690
13.718775
15.994310
17.794882
19.892284
21.593571
22.875071
24.180753
25.496142
26.795524
27.243921
27.026619
26.341166
24.920872
23.287194
21.457842
19.134794
16.614028
13.806820
11.260509
8.111000
4.459620
1.023667
-3.298351
-7.239069
-10.356392
-13.417857
-16.077927
-18.633093
-20.987647
-22.683995
-24.475881
-25.991712
-27.040073
-27.792454
-28.054885
-28.137820
-27.055570
-25.628294
-23.844923
-21.539586
-19.815990
-17.623901
-14.800685
-11.826583
-8.695636
-5.446843
-2.159221
0.831229
3.773655
7.021257
10.266815
12.941190
15.201228
17.229489
19.271374
21.136999
22.450345
23.888690
25.115013
26.559830
27.343375
27.086564
26.412010
25.088617
23.460388
21.903515
19.699676
17.326730
14.582361
11.814322
8.673327
5.147287
1.688344
-2.446515
-6.470340
-9.615081
-12.583903
-15.509810
-18.260820
-20.767110
-22.480658
-24.256536
-25.853770
-27.190958
-28.001581
-28.351034
-28.550795
-27.859722
-26.430062
-24.674620
-22.544180
-20.546402
-18.407788
-15.611989
-12.462820
-9.201254
-5.980560
-2.620561
0.611884
3.469672
6.953478
10.339362
13.114555
15.246868
17.242261
19.198826
21.124738
22.479636
23.937566
25.156055
26.574135
27.461393
27.148553
26.612793
25.361265
23.828234
22.160666
20.022392
17.457349
14.800685
12.042182
9.130750
5.530460
1.968656
-2.011231
-6.226471
-9.390627
-12.364217
-15.141112
-17.790454
-20.392622
-22.291115
-24.059330
-25.597981
-26.803698
-27.652979
-28.020314
-28.161321
-27.565275
-26.196752
-24.552005
-22.357532
-20.426682
-18.291303
-15.548638
-12.628692
-9.596688
-6.515128
-3.165518
0.057561
2.821003
6.076268
9.412766
12.222699
14.600583
16.504356
18.526486
20.503146
21.914073
23.319551
24.756363
26.157073
27.365855
27.249541
26.672227
25.514875
23.870298
22.294351
20.282950
17.901318
15.391622
12.633630
9.722880
6.221192
2.721378
-1.159055
-5.385195
-8.680820
-11.653730
-14.548983
-17.185381
-19.903694
-21.969931
-23.722138
-25.488479
-26.714802
-27.780363
-28.243746
-28.319699
-28.068508
-26.718889
-25.048767
-23.001603
-21.103280
-19.171579
-16.297102
-13.239384
-10.068587
-6.872416
-3.555332
-0.427961
2.517700
5.808217
9.257793
12.260165
14.674493
16.666480
18.589837
20.497526
21.935190
23.386308
24.685689
26.069198
27.257374
27.342524
26.906899
25.885275
24.342878
22.830452
20.820073
18.461943
15.894175
13.258457
10.367121
6.876843
3.305503
-0.530992
-4.912955
-8.499111
-11.437110
-14.218773
-16.986302
-19.676515
-21.829435
-23.603439
-25.391749
-26.685510
-27.665581
-28.152296
-28.312377
-28.095416
-26.869774
-25.281906
-23.238829
-21.203245
-19.272566
-16.611133
-13.686929
-10.591234
-7.385015
-4.102162
-0.771965
2.004760
5.104201
8.588859
11.666502
14.175177
16.265256
18.256221
20.354305
21.885974
23.177011
24.469410
25.974342
27.344567
27.545009
27.125904
26.181596
24.565799
22.985254
21.089145
18.633093
16.121183
13.519696
10.625465
7.159710
3.630263
-0.039680
-4.484653
-8.135353
-11.092935
-13.922623
-16.607046
-19.327402
-21.508081
-23.173775
-25.002786
-26.472637
-27.557441
-28.142418
-28.277295
-28.179543
-27.078220
-25.524923
-23.480824
-21.501950
-19.770009
-17.044374
-14.066015
-10.857582
-7.659367
-4.375832
-1.009192
1.863752
4.943098
8.315189
11.566537
14.052050
16.041143
18.007926
20.103284
21.648407
22.965670
24.298770
25.671380
27.001756
27.295521
27.010611
26.139872
24.648735
23.227249
21.255187

