18.719775
16.273090
13.523102
10.881594
7.533687
4.096201
0.463894
-3.868682
-7.755927
-10.743311
-13.669389
-16.482217
-19.186905
-21.396024
-23.025785
-24.905886
-26.316813
-27.360065
-27.914728
-28.112105
-28.190272
-27.150086
-25.605985
-23.599012
-21.420717
-19.689969
-17.246349
-14.441184
-11.327778
-8.209092
-4.927601
-1.607282
1.410246
4.365444
7.819618
11.114734
13.625281
15.771389
17.681462
19.924811
21.637508
22.913047
24.172238
25.589977
27.077709
27.580942
27.220930
26.385103
24.991206
23.318189
21.600383
19.192355
16.747713
14.120511
11.376143
8.037942
4.643883
1.075438
-3.241471
-7.360833
-10.354689
-13.219970
-15.936749
-18.721649
-21.097149
-22.715330
-24.601732
-26.188408
-27.301311
-27.964285
-28.281552
-28.255326
-27.473824
-25.778157
-24.001939
-21.946771
-20.208188
-17.807995
-14.799833
-11.633464
-8.486680
-5.161592
-1.804658
1.167570
4.113231
7.475274
10.807344
13.451917
15.583890
17.431974
19.532612
21.420888
22.632395
23.958002
25.213787
26.741539
27.308634
26.939256
26.373693
25.147200
23.546900
21.838461
19.465344
17.004354
14.454978
11.666332
8.496727
5.104542
1.519918
-2.759525
-6.990262
-10.100263
-13.015100
-15.745163
-18.573489
-20.930767
-22.646189
-24.499893
-26.206970
-27.300460
-28.061696
-28.327703
-28.448616
-27.697427
-26.143960
-24.250575
-22.022043
-20.321267
-18.090180
-15.330144
-12.280771
-9.207555
-5.805322
-2.451113
0.627381
3.646442
6.824221
10.156291
12.935230
15.061753
17.023257
19.219603
21.190643
22.525106
23.836749
25.137663
26.666267
27.603592
27.323791
26.701008
25.423765
23.812737
22.081648
19.887175
17.491579
14.914785
12.087481
8.891991
5.414145
2.013615
-2.014126
-6.223236
-9.386880
-12.311765
-15.203953
-17.902000
-20.415102
-22.184849
-24.067334
-25.711741
-26.962246
-27.783598
-28.084006
-28.401613
-27.751582
-26.317324
-24.477414
-22.394998
-20.639556
-18.491234
-15.665804
-12.644359
-9.536913
-6.186111
-2.852678
0.230585
3.113406
6.489754
9.828465
12.723378
14.980691
16.752652
18.932819
20.878656
22.283792
23.635456
25.010450
26.376247
27.425289
27.267592
26.674952
25.608540
23.953233
22.381204
20.209551
17.881053
15.300342
12.575899
9.635687
6.130934
2.677100
-1.455886
-5.754573
-9.105716
-11.985472
-14.889581
-17.617089
-20.335402
-22.271531
-24.012327
-25.706291
-27.070045
-27.933461
-28.076683
-28.279679
-27.910130
-26.494094
-24.780887
-22.594418
-20.763193
-18.713134
-15.852792
-12.963670
-9.886026
-6.710291
-3.208944
-0.145095
2.714906
5.900860
9.447506
12.380055
14.741421
16.721317
18.750940
20.807471
22.209202
23.445061
24.782249
26.331288
27.480807
27.463266
27.016231
25.942326
24.364335
22.522381
20.445074
18.030746
15.539442
12.823684
9.734971
6.336485
2.906152
-0.921147
-5.327293
-8.774996
-11.665821
-14.546769
-17.313106
-19.884109
-21.794524
-23.500408
-25.404011
-26.696750
-27.546201
-28.117044
-28.450659
-28.075831
-26.823112
-25.102411
-22.997686
-21.082333
-19.110782
-16.342912
-13.440677
-10.285718
-7.061447
-3.638268
-0.434944
2.379928
5.651202
9.159020
12.136527
14.438118
16.382762
18.380199
20.486968
21.981171
23.218564
24.567502
25.993586
27.198962
27.278662
26.842526
26.035309
24.476392
22.918327
20.977088
18.598182
16.089848
13.346502
10.412761
7.053443
3.634351
-0.229393
-4.713365
-8.309058
-11.207376
-14.180456
-16.801868
-19.645350
-21.706649
-23.356506
-25.386299
-26.665074
-27.642080
-28.197595
-28.408766
-28.309822
-27.059998
-25.382893
-23.303032
-21.246331
-19.362484
-16.680956
-13.738530
-10.751145
-7.467951
-4.280976
-0.929832
1.913990
5.048003
8.692401
11.676380
14.202424
16.277347
18.201556
20.556109
22.076198
23.254837
24.597304
25.941985
27.323450
27.513163
27.160985
26.215485
24.489846
22.883245
21.009105
18.684183
16.053915
13.349397
10.478837
7.195132
3.691571
0.006982
-4.332236
-8.076600
-10.929448
-13.861316
-16.681978
-19.387858
-21.424804
-23.100036
-24.958849
-26.343550
-27.329922
-27.928352
-28.184993
-28.135777
-27.078220
-25.495972
-23.466349
-21.497522
-19.652503
-17.067875
-14.117786
-10.984795
-7.861853
-4.513093
-1.265492
1.506124
4.617487
8.181504
11.340209
13.807671
15.872547
17.687934
19.813435
21.529368
22.745984
24.125065
25.517941
26.832478
27.270998
27.042287
26.268789
24.834020
23.295028
21.567345
19.309010
16.760145
14.128174
11.316197
8.088010
4.653590
0.944138
-3.488234
-7.385697
-10.528224
-13.528892
-16.263894
-18.959556
-21.177190
-22.981507
-24.992909
-26.451520
-27.283941
-27.843884
-28.265374
-28.328725
-27.492728
-25.754997
-23.615360
-21.552869
-19.883428
-17.556122
-14.635154
-11.562790
-8.244685
-5.026204
-1.540354
1.102345
4.319123
7.635014
10.970150
13.552564
15.719278
17.688445
19.862141
21.694047
23.048776
24.363824
25.617225
27.024405
27.605636
27.308464
26.606832
25.042295
23.423774
21.599701
19.279378
16.812597
14.070272
11.261702
7.987533
4.568951
0.958272
-3.168924
-7.165670
-10.182176
-13.181823
-15.864543
-18.558843
-20.937920
-22.610426
-24.481501
-26.100874
-27.223825
-27.721098
-28.244427
-28.297050
-27.530193
-25.901284
-23.964133
-21.837439
-20.052195
-17.642294
-14.795406
-11.824199
-8.553777
-5.275522
-2.040693
0.926426
3.980058
7.391146
10.761533
13.444594
15.585082
17.309019
19.440481
21.236965
22.521360
23.938077
25.204590
26.546035
27.369601
27.068683
26.530709
25.084700
23.488658
21.954264
19.671236
17.281260
14.663424
11.920929
8.836814
5.208765
1.785755
-2.400364
-6.589719
-9.682519
-12.615408
-15.513045
-18.141440
-20.728282
-22.528682
-24.417639
-26.027134
-27.056932
-27.772869
-28.131689
-28.259073
-27.650254
-26.201180
-24.429219
-22.204603
-20.476580
-18.167836
-15.512024
-12.539455
-9.384666
-6.079163
-2.801759
0.281675
3.164496
6.545441
9.943247
12.716396
15.118633
17.102957
19.171749
21.154370
22.586243
23.972818
25.175129
26.695728
27.595248
27.414220
26.902642
25.580611
23.940291
22.327048
20.087276
17.650809
15.084573
12.290137
9.099926
5.582401
2.028602
-1.982961
-6.180661
-9.493317
-12.520892
-15.339340
-18.061059
-20.577567
-22.460733
-24.222817
-26.026283
-27.135611
-27.978591
-28.339795
-28.457301
-27.912685
-26.515211
-24.712937
-22.479636
-20.577737
-18.476248
-15.549660
-12.495688
-9.292875
-5.976643
-2.699239
0.342642
3.246239
6.570475
10.046789
12.824365
15.134641
16.923462
18.965857
20.861626
22.241558
23.462432
24.702208
26.108878
27.088097
27.100018
26.587929
25.367907
23.760966
22.149427
20.115205
17.623731
15.017305
12.372562
9.527547
6.064517
2.677100
-1.259702
-5.575589
-9.079320
-11.946474
-14.725924
-17.456497
-20.016091
-22.006035
-23.663895
-25.484392
-26.711907
-27.564934
-27.942998
-28.069701
-27.757372
-26.388679
-24.789401
-22.597654
-20.693370
-18.799475
-16.141619
-13.268675
-10.201080
-6.996734
-3.653594
-0.540188
2.380950
5.586658
8.999109
11.938470
14.394011
16.433852
18.382754
20.486968
22.006716
23.410320
24.785314
26.205438
27.512142
27.423075
27.033431
26.085206
24.488313
22.894996
20.953417
18.439804
15.984774
13.163090
10.373933
6.871564
3.166369
-0.749316
-5.078145
-8.597885
-11.602470
-14.546599
-17.250947
-20.052195
-22.151300
-23.784127
-25.694370
-26.871647
-28.057950
-28.402635
-28.623853
-28.323105
-27.068172
-25.427171
-23.214136
-21.346467
-19.396714
-16.664777
-13.608251
-10.233947
-7.053443
-3.700086
-0.451974
2.455030
5.625657
9.283849
12.342419
14.854499
16.777686
18.643652
20.651306
22.261483
23.475204
24.643285
25.896515
27.167627
27.352061
26.843037
25.887660
24.335044
22.838286
20.788567
18.313612
15.875782
13.106380
10.261365
7.007463
3.418071
-0.264304
-4.810435
-8.430311
-11.176722
-13.968093
-16.741242
-19.458873
-21.508421
-23.339646
-25.023903
-26.295355
-27.116026
-27.602741
-27.860744
-27.741023
-26.720592
-25.174107
-23.129327
-21.003825
-19.342899
-16.777856
-13.968263
-10.868822
-7.707562
-4.377365
-1.176085
1.652241
4.597221
8.075067
11.214529
13.740744
15.891961
17.741578
20.039933
21.637678
23.014375
24.182796
25.593553
27.094739
27.548926
27.183294
26.371479
24.840832
23.242916
21.321263
18.924645
16.399452
13.780594
10.997057
7.652555
4.194123
0.656503
-3.643717
-7.480383
-10.536569
-13.443572
-16.243798
-18.995319
-21.341699
-22.907087
-24.770669
-26.193687
-27.513504
-28.175626
-28.454576
-28.382199
-27.474506
-25.860071
-23.806265
-21.685532
-19.983053
-17.488173
-14.444760
-11.368309
-8.153405
-4.805156
-1.380444
1.427105
4.462344
7.981062
11.259317
13.794899
15.876634
17.759459
19.880193
21.638189
22.954430
24.223839
25.546721
26.913881
27.417115
26.997498
26.332140
24.850368
23.242065
21.464654
19.099372
16.649791
13.973202
11.243139
7.926737
4.453659
0.875677
-3.326109
-7.551738
-10.582549
-13.567039
-16.323498
-19.041640
-21.434341
-23.034130
-24.881022
-26.472466
-27.479444
-27.958836
-28.224673
-28.256008
-27.400766
-25.791611
-23.845604
-21.558149
-19.852774
-17.480850
-14.648948
-11.632272
-8.496216
-5.208424
-1.861198
1.161269
4.104206
7.526875
10.767324
13.321298
15.568393
17.381225
19.490378
21.328926
22.630010
23.993254
25.208337
26.671886
27.365174
27.110577
26.320389
25.060858
23.477077
21.667480
19.416298
17.039435
14.472859
11.633635
8.347375
4.887751
1.482112
-2.584287
-6.705012
-9.808881
-12.713330
-15.480518
-18.390077
-20.879166
-22.478955
-24.328913
-26.037182
-27.196918
-27.840989
-28.108869
-28.266736
-27.683462
-26.204416
-24.383920
-22.094931
-20.453249
-18.098695
-15.208551
-12.100765
-8.969307
-5.748613
-2.318450
0.592300
3.583431
7.004738
10.472877
13.219459
15.416316
17.157112
19.239017
21.156243
22.451367
23.876769
25.206123
26.716675
27.570554
27.202368
26.673249
25.367226
23.708173
21.949155
19.711767
17.248562
14.804772
12.003354
8.843967
5.314010
1.814025
-2.412626
-6.668227
-9.804283
-12.796095
-15.577759
-18.439634
-20.930256
-22.557463
-24.422748
-26.217018
-27.267763
-27.936186
-28.192827
-28.431586
-27.785642
-26.304381
-24.485077
-22.146532
-20.398412
-18.217223
-15.290805
-12.445109
-9.225948
-6.099258
-2.666031
0.327144
3.263099
6.558555
9.928261
12.900829
15.122039
17.008952
19.041640
21.018471
22.382055
23.717199
24.955954
26.335887
27.410303
27.205433
26.709182
25.478261
23.829767
22.166456
19.920383
17.573663
15.050003
12.416840
9.236506
5.797999
2.364431
-1.620565
-5.906650
-9.244680
-12.011869
-14.901502
-17.581327
-20.236799
-21.839993
-23.623024
-25.575161
-26.749372
-27.568511
-27.955941
-28.197595
-27.860062
-26.446070
-24.756363
-22.538730
-20.715509
-18.773930
-15.932151
-13.013227
-9.859800
-6.565537
-3.071172
0.154631
2.878564
6.129571
9.670768
12.582881
14.865398
16.721487
18.753154
20.778860
22.126607
23.401976
24.743591
26.062557
27.210883
27.070556
26.659284
25.680406
23.982865
22.388356
20.326376
17.921925

