-20.170893
-22.295373
-24.826697
-26.461227
-27.657407
-27.952024
-26.593719
-25.250741
-23.783786
-22.234917
-21.705117
-21.301338
-20.093918
-17.593588
-14.549664
-11.811938
-7.885013
-2.938509
1.703501
5.498103
8.100612
10.340043
12.452432
14.877660
17.881223
20.425149
22.672415
24.516412
26.610238
27.967351
28.161321
27.125904
25.034121
22.861276
21.248204
19.877808
18.386500
17.211948
15.695606
13.718605
10.994843
8.158173
5.252191
1.612050
-2.230406
-5.475794
-7.773638
-10.098219
-12.807846
-15.299491
-17.510993
-20.057304
-22.023576
-24.329765
-26.050295
-27.197940
-27.475187
-26.191303
-24.760621
-23.371322
-21.647896
-20.925317
-20.540612
-19.559349
-17.304080
-14.303923
-11.702265
-8.173840
-3.426075
1.129763
4.817247
7.577453
9.611845
11.773109
13.920920
16.639403
19.137008
21.396705
23.502282
25.601046
27.221612
27.705601
26.935169
25.010450
22.932291
21.360602
20.024436
18.725736
17.707518
16.271046
14.383282
11.941365
9.078469
6.328991
2.698217
-1.161609
-4.597902
-7.126161
-9.187290
-11.852809
-14.351436
-16.651835
-19.262859
-21.380356
-23.714645
-25.744438
-27.032069
-27.657577
-26.727574
-25.439944
-24.206979
-22.546053
-21.793842
-21.434341
-20.677532
-18.553904
-15.546935
-12.854849
-9.493658
-4.696505
0.035763
4.099097
7.057701
9.360484
11.511871
13.853822
16.826732
19.457681
21.845102
23.825680
25.929553
27.619089
28.302670
27.701174
25.862285
23.821081
22.010292
20.539250
19.142457
17.856530
16.487837
14.672961
12.150492
9.282487
6.485667
2.950260
-0.961508
-4.363230
-7.044758
-9.272099
-12.039457
-14.675685
-16.991581
-19.467558
-21.465846
-23.705619
-25.871992
-27.250392
-28.071063
-27.187041
-25.592702
-24.240868
-22.364344
-21.339144
-21.028008
-20.187753
-18.221821
-15.281439
-12.680633
-9.402377
-4.812309
0.004428
4.118681
7.021257
9.344987
11.393343
13.552393
16.190665
18.819911
21.225895
23.297923
25.354453
27.181251
28.033767
27.522700
25.709867
23.479121
21.853106
20.322800
19.033125
17.917837
16.499077
14.813457
12.369667
9.504216
6.798676
3.562484
-0.497273
-3.963198
-6.584099
-8.666686
-11.191879
-13.857569
-16.157287
-18.747704
-20.853622
-23.122004
-25.323459
-26.538713
-27.489492
-26.932614
-25.614500
-24.410316
-22.787026
-21.686895
-21.419695
-20.707505
-19.016777
-16.186748
-13.440336
-10.297809
-5.948373
-1.127550
3.347737
6.572519
8.894886
11.118991
13.228825
15.940155
18.675838
21.094424
23.316145
25.273051
27.109214
28.087923
27.905873
26.273898
24.033104
22.160326
20.761149
19.326891
18.139907
16.952072
15.247379
12.966054
10.099241
7.287094
4.081896
0.107629
-3.542730
-6.405967
-8.452109
-11.014768
-13.732399
-16.247545
-18.762520
-20.978621
-23.095097
-25.383064
-26.853595
-27.821915
-27.417966
-25.792803
-24.535315
-22.813763
-21.521194
-21.140916
-20.548786
-18.869128
-16.049317
-13.226782
-10.389941
-6.078482
-1.167570
2.996240
6.209442
8.636883
10.659354
12.755053
15.334232
18.085071
20.546743
22.740194
24.659293
26.659625
27.771337
27.670349
26.309661
24.070910
22.351571
20.972661
19.564799
18.182823
16.967058
15.370505
13.157129
10.360139
7.592610
4.542385
0.662122
-3.056015
-6.078652
-8.292709
-10.583060
-13.357741
-15.661887
-18.086944
-20.417997
-22.512334
-24.952718
-26.525429
-27.564423
-27.482510
-26.108197
-24.935859
-23.289578
-21.880014
-21.528006
-20.866053
-19.575868
-16.919204
-13.961111
-11.278050
-7.001162
-2.020597
2.342803
5.904096
8.357934
10.516644
12.639080
15.149457
18.079962
20.593234
22.857870
24.865525
26.796716
28.140204
28.024912
26.868922
24.540595
22.638866
21.310534
19.717046
18.502304
17.293521
15.634639
13.679607
10.820798
7.960115
4.970687
1.091957
-2.668074
-5.791017
-7.944277
-10.362353
-13.353314
-15.744652
-18.123899
-20.404543
-22.582156
-24.971962
-26.601212
-27.646167
-27.773551
-26.317665
-25.009428
-23.373195
-21.735941
-21.323306
-20.927872
-19.663402
-16.993965
-14.058011
-11.325223
-7.309232
-2.407857
2.043928
5.655289
8.187635
10.270221
12.328965
14.761516
17.498561
20.041295
22.345441
24.349008
26.450157
27.836221
28.030872
26.912008
24.659123
22.708518
21.312748
19.854988
18.521377
17.403705
15.776157
13.730015
11.060068
8.208581
5.335467
1.586165
-2.385378
-5.561284
-7.701772
-9.983437
-12.770721
-15.131746
-17.382417
-19.751957
-21.902834
-24.258239
-26.037523
-27.141741
-27.403661
-26.196582
-24.988992
-23.459537
-22.008930
-21.543333
-21.094935
-19.975560
-17.506225
-14.663594
-12.130226
-8.333581
-3.193617
1.414674
5.024161
7.678270
9.725605
11.913606
14.440162
17.277854
19.778354
21.916458
23.959705
25.984560
27.645997
27.887991
27.140038
24.838107
22.951875
21.356344
19.989184
18.666983
17.557144
16.194241
14.279229
11.719125
8.992979
6.168910
2.463545
-1.472235
-4.738740
-7.097891
-9.289980
-12.204988
-14.708042
-17.100402
-19.652503
-21.774258
-24.261475
-26.190451
-27.473484
-27.944531
-26.835714
-25.362458
-23.921047
-22.216695
-21.665437
-21.183320
-20.165443
-17.934186
-14.913763
-12.231895
-8.682353
-3.873621
0.948736
4.614421
7.476296
9.620871
11.831352
14.139073
16.989367
19.646032
22.062234
24.084534
26.090656
27.811187
28.305224
27.447428
25.394644
23.386478
21.781410
20.415783
19.004345
17.830133
16.196285
14.259304
11.655092
8.744172
6.103686
2.486365
-1.607452
-4.940033
-7.442577
-9.473222
-12.369496
-14.910017
-17.033475
-19.555773
-21.612644
-23.930413
-25.905882
-27.010271
-27.756691
-26.604959
-25.129489
-23.777315
-22.044182
-21.183150
-20.939112
-19.979477
-18.043348
-15.118974
-12.488706
-9.107079
-4.300049
0.434603
4.332747
7.321324
9.444271
11.516299
13.640778
16.522578
19.121851
21.531412
23.381369
25.333507
27.102232
27.791943
27.114153
25.301661
23.130349
21.492243
20.100900
18.717391
17.772572
16.526835
14.689990
12.274810
9.534018
6.878717
3.342458
-0.569991
-4.033191
-6.673336
-8.745534
-11.517491
-14.219625
-16.469615
-18.986293
-21.110092
-23.347991
-25.543996
-26.928697
-27.794838
-27.097634
-25.506530
-24.159636
-22.466012
-21.583182
-21.227939
-20.465340
-18.556118
-15.719618
-13.029405
-9.965897
-5.338192
-0.548874
3.552777
6.709269
8.972372
11.003699
13.155597
16.020707
18.778528
21.177701
23.386989
25.478942
27.422053
28.331791
27.861084
26.135615
23.928029
22.283622
20.952054
19.477606
18.343074
16.953945
15.213319
12.763398
9.973901
7.175207
3.800392
-0.222751
-3.910576
-6.545612
-8.613552
-11.308193
-14.014244
-16.322306
-18.766437
-21.084547
-23.413897
-25.631530
-26.858534
-27.868577
-27.350017
-25.804213
-24.546725
-23.018292
-21.877459
-21.445070
-20.830120
-19.069740
-16.331843
-13.431822
-10.453633
-5.994013
-1.061814
3.224611
6.563153
8.887393
11.049850
13.105018
15.889066
18.784489
21.127633
23.239170
25.215319
27.102062
28.077023
27.817999
26.197604
24.063417
22.257396
20.790441
19.335747
18.177714
16.966207
15.168531
12.859447
10.101114
7.458585
4.314354
0.330039
-3.284046
-6.335122
-8.411237
-10.854006
-13.669218
-15.947989
-18.360955
-20.717893
-22.820575
-25.284631
-26.558638
-27.637311
-27.581283
-26.063749
-24.656909
-22.863150
-21.595444
-21.228279
-20.624569
-19.206490
-16.528879
-13.604505
-10.795423
-6.353004
-1.684427
2.753224
6.130934
8.569104
10.623591
12.581859
15.298809
17.992769
20.397731
22.619111
24.601391
26.790415
27.826684
27.661324
26.247501
24.015393
22.105319
20.848853
19.491230
18.368789
17.119987
15.412739
13.147933
10.496037
7.743325
4.647800
0.727688
-3.032684
-5.913803
-8.057015
-10.407482
-13.150147
-15.334572
-17.882926
-20.318202
-22.326878
-24.761643
-26.287011
-27.249711
-27.403831
-25.968211
-24.920191
-23.373025
-21.851063
-21.348681
-20.960229
-19.662551
-17.016275
-14.330319
-11.426721
-7.253715
-2.229043
2.295119
5.848748
8.396591
10.458061
12.490238
15.011856
18.034663
20.383767
22.615876
24.521351
26.627949
28.053522
28.179373
27.005332
24.828570
22.714649
21.227258
19.829444
18.550328
17.480850
15.809877
13.834579
10.971512
8.268867
5.113908
1.223428
-2.567257
-5.607775
-7.841587
-10.206018
-13.068404
-15.515430
-18.023934
-20.467724
-22.579432
-24.929387
-26.546206
-27.679205
-27.819361
-26.241711
-24.787528
-23.234742
-21.728277
-21.116223
-20.664419
-19.448655
-17.055273
-13.971158
-11.192220
-7.248436
-2.650023
1.831395
5.426066
8.080517
10.094302
12.126139
14.587981
17.437424
19.845111
22.039584
24.105992
26.031392
27.492557
27.735063
26.777812
24.579253
22.567000
21.154710
19.804239
18.480335
17.324005
15.833548
13.845648
11.266300
8.554799
5.714042
1.999480
-1.902580
-5.062137
-7.428101
-9.552070
-12.380055
-14.846836
-17.166478
-19.620487
-21.660839
-24.052858
-25.813920
-27.090652
-27.563402
-26.380335
-24.909803
-23.723330
-22.146021
-21.570921
-21.268640
-20.188945
-17.993791
-15.040977
-12.415988
-8.812291
-3.940719
0.850473
4.699741
7.477318
9.638752
11.754547
14.100245
17.153365
19.749573
22.081477
24.152654
26.299953
27.905021
28.314931
27.482510
25.473833
23.344415
21.803379
20.421914
19.032444
17.950194
16.419547
14.464855
11.806318
8.888756
6.091084
2.317939
-1.615286
-4.885367
-7.298674
-9.644883
-12.432167
-15.017135
-17.462628
-19.968237
-21.945919
-24.178880
-26.155029
-27.451685
-28.057269
-26.828562
-25.293997
-23.903166
-22.198813
-21.376440
-20.947627
-20.074504
-17.937762
-14.834574
-12.179613
-8.773633
-4.034383
0.771625
4.767179
7.612365
9.679794
11.695113
13.901676
16.812427
19.296408
21.670205
23.725203
25.773389
27.470589
27.995961
27.325664
25.318691
23.167644
21.530390
20.191159
18.862997
17.743111
16.238349
14.340878
11.861495
8.997406
6.295783
2.767188
-1.149859
-4.472222
-7.052932
-8.999450
-11.667013
-14.261518
-16.644001
-19.198656
-21.371160
-23.531743
-25.627272
-26.849338
-27.583327
-26.699475
-25.328909
-24.135624
-22.407770
-21.673952
-21.290609
-20.578248
-18.559694
-15.482221
-12.867621
-9.729011
-4.960809
-0.130790
3.986699
6.895236
9.222201
11.327607
13.553926
16.512360
19.137689
21.479300
23.644992
25.527307
27.407237
28.044667
27.622495
25.792292
23.632560
21.889891
20.466873
19.221476
18.061399
16.682148
14.866080
12.422970
9.566375
6.844827
3.358296
-0.683069
-4.116808
-6.825583
-8.895227
-11.591060
-14.328957
-16.676698
-19.285509
-21.331140
-23.501260
-25.554385
-26.959521
-27.797903
-27.093376
-25.534970
-24.243764
-22.543158
-21.367925
-21.082674
-20.332507
-18.561057
-15.427044
-12.721845
-9.779760
-5.230904
-0.365121
3.771271
6.869861
9.005751
11.097193
13.167347
15.937771
18.647228
20.887852
23.029191
24.995123
26.921374
27.792454
27.606828
26.035990
23.717199
21.941321
20.639556
19.312416
18.135820
16.821793
15.128340
12.826749
9.918213
7.193770
4.010882
-0.010559
-3.612723
-6.443773
-8.430311
-10.908501
-13.768162
-16.089167
-18.571786
-20.826714

