3.823212
9.400845
14.631408
18.990040
15.525137
11.716400
9.581021
1.781668
-5.785057
-9.195975
-14.224223
-18.232891
-16.255208
-12.604168
-10.315350
-0.112397
8.111170
12.307848
18.395185
17.604658
12.974909
10.840382
5.326271
-3.670624
-7.962329
-12.376819
-17.566340
-17.834561
-13.677052
-11.906964
-4.600286
5.965403
10.311433
16.367265
18.619810
14.082364
11.261702
8.065360
-0.952142
-6.870372
-10.252680
-15.581506
-18.177373
-14.843260
-12.268679
-8.156300
2.989939
8.995022
14.002153
18.926178
15.972172
11.970997
9.922130
2.483811
-5.453995
-8.869171
-13.828107
-18.093075
-16.425167
-12.513399
-10.366951
-0.582252
8.144038
12.170758
18.031427
17.657110
12.948172
10.904585
5.794934
-3.188338
-7.639783
-11.911392
-17.260313
-17.979656
-13.777188
-11.927571
-5.143881
5.668231
10.190010
16.096660
18.833365
14.558179
11.503867
8.423669
-0.221900
-6.654773
-10.198525
-15.499932
-18.395356
-15.321289
-12.452432
-8.718797
2.361195
8.787257
13.717243
18.788746
16.323669
12.179613
10.022095
3.078324
-4.979542
-8.440188
-13.189827
-17.620325
-16.522067
-12.605871
-10.863032
-1.564537
7.568598
11.546271
17.694235
17.931632
13.278723
11.048487
6.247589
-2.996581
-7.720164
-11.596680
-16.726766
-17.811060
-13.789960
-11.785371
-5.605050
5.164146
9.858779
15.574694
18.745320
14.693226
11.486667
8.677925
0.105585
-6.644726
-10.155269
-15.410866
-18.543005
-15.546083
-12.374776
-8.971861
2.063853
8.902890
13.350248
18.593413
16.530582
12.326922
10.412080
3.605400
-4.763092
-8.495535
-13.291325
-18.018314
-17.096315
-13.053417
-11.096512
-2.300910
7.138252
11.292355
17.609937
18.282958
13.527700
11.270046
6.964207
-2.247265
-7.278919
-11.070286
-16.357047
-17.780066
-13.955491
-11.923313
-6.254911
4.927090
9.844984
15.456336
19.086599
15.132598
11.558703
9.171963
0.936304
-6.037780
-9.458917
-14.780590
-18.293006
-15.820946
-12.503862
-9.443760
1.166207
8.394888
12.893506
18.420390
16.601256
12.045077
10.202782
3.935439
-4.735504
-8.429629
-12.942382
-17.960412
-17.556293
-13.407298
-11.544398
-3.201791
6.698881
10.834592
17.005546
18.234594
13.472693
10.985817
7.208926
-1.947539
-7.336480
-11.061600
-16.478981
-18.418006
-14.676367
-12.417521
-7.290329
3.957748
9.328808
14.858586
19.090346
15.527010
11.797462
9.482929
1.555170
-5.755765
-9.074722
-14.170408
-18.056461
-15.689135
-12.297630
-9.922811
0.487055
8.402722
12.694427
18.723692
17.480339
12.786388
10.937112
5.069971
-3.810951
-7.815702
-11.988538
-17.048120
-17.189128
-13.079984
-11.294399
-3.670284
6.540843
10.638748
16.742604
18.624919
13.988359
11.272941
7.625307
-1.482112
-7.268701
-10.803427
-16.184364
-18.451725
-14.805623
-12.400831
-7.972547
3.316232
9.032488
14.007602
18.575873
15.520368
11.752163
9.630748
1.912287
-5.946841
-9.466069
-14.443398
-18.564803
-16.584226
-12.632949
-10.445969
-0.376701
7.968119
12.043033
18.056290
17.326219
12.641123
10.770389
5.541870
-3.398997
-7.730382
-11.879206
-17.068727
-17.844609
-13.672965
-11.762721
-4.670620
6.129231
10.457720
16.348362
18.812248
14.293534
11.238030
8.123091
-0.598601
-6.691388
-10.144540
-15.456336
-18.228122
-15.022755
-12.319939
-8.352825
2.981424
9.321996
14.168705
19.036191
16.110965
12.073176
10.123593
2.747604
-5.227668
-8.590732
-13.420241
-17.710413
-16.383103
-12.367623
-10.406290
-1.074416
7.694789
11.852298
17.992939
18.011161
13.334240
11.031798
6.027222
-3.096036
-7.896594
-11.968272
-17.137357
-18.009118
-13.949020
-12.044566
-5.576100
5.298001
9.842089
15.762704
18.681628
14.661721
11.542014
8.398124
-0.264985
-6.776197
-10.167531
-15.600920
-18.521718
-15.482903
-12.459755
-9.001493
2.054657
8.685589
13.477291
18.765586
16.372034
12.215716
10.349240
3.568786
-4.742997
-8.410386
-13.187102
-17.649617
-16.774109
-12.765612
-10.685750
-1.583440
7.758481
11.735814
17.789602
18.216712
13.275146
10.991948
6.573711
-2.455711
-7.292884
-11.125292
-16.459056
-17.890590
-13.992276
-12.060063
-6.219319
4.792895
9.747914
15.645368
19.178050
15.039444
11.624949
8.924178
0.368016
-6.506443
-9.783677
-14.992612
-18.323660
-15.510832
-12.357065
-9.248086
1.356602
8.390972
13.022763
18.694912
16.670908
12.324197
10.573183
4.030125
-4.616465
-8.406299
-13.000114
-17.808335
-17.045566
-13.172626
-11.586462
-2.951792
6.805999
10.741438
16.900982
18.103293
13.422625
11.138575
7.223913
-2.028602
-7.445301
-11.197329
-16.706160
-18.162046
-14.017309
-11.909008
-6.609474
4.647119
9.804623
15.165976
19.028698
15.131065
11.576074
9.458235
1.338380
-5.886214
-9.157317
-14.345476
-18.290792
-15.961613
-12.404408
-9.731906
0.967639
8.562633
12.944766
18.783978
17.403534
12.644529
10.646071
4.637071
-4.240956
-8.168221
-12.513059
-17.501627
-17.309189
-13.153383
-11.585099
-3.597736
6.619011
10.761193
16.902174
18.545049
13.919217
11.252165
7.453987
-1.673188
-7.140126
-10.580846
-15.951225
-18.094437
-14.333044
-12.038435
-7.500478
3.732783
9.341581
14.660018
19.125087
15.858241
12.034007
9.719644
1.735006
-5.799362
-9.323188
-14.381749
-18.289089
-16.086612
-12.359789
-9.889773
0.282696
8.219991
12.355021
18.161535
17.354659
12.752329
10.740416
5.127021
-3.618683
-7.974761
-12.343952
-17.413412
-17.710754
-13.578619
-11.699370
-4.165002
6.399325
10.704654
16.734089
18.865040
14.340196
11.587484
8.139270
-0.855923
-6.818431
-10.391985
-15.700545
-18.279552
-14.872892
-12.213843
-7.969822
3.290858
9.320463
14.367274
18.970796
15.878337
11.897939
9.925876
2.425398
-5.434411
-8.830002
-13.786725
-18.015930
-16.531263
-12.755735
-10.668380
-0.890153
7.695981
11.744329
17.784664
17.449345
12.767996
10.587828
5.439860
-3.575597
-7.962499
-12.050016
-17.177718
-17.803567
-13.470309
-11.577947
-4.563161
6.060941
10.524648
16.337633
18.794537
14.451231
11.631761
8.458240
-0.455890
-6.574052
-10.097538
-15.416145
-18.231869
-14.933859
-12.065172
-8.171456
2.943618
9.130580
14.072827
19.084045
16.451904
12.353829
10.279758
3.037112
-5.092280
-8.814335
-13.864211
-18.297434
-16.890083
-13.044732
-10.958229
-1.412460
7.693597
11.575733
17.739194
17.739705
12.890611
10.818073
6.054980
-2.894912
-7.369518
-11.280264
-16.654049
-17.785175
-13.780253
-11.797803
-5.432878
5.530630
10.195630
16.041824
19.074168
14.675856
11.526857
8.641311
-0.034911
-6.592785
-9.849753
-15.142645
-18.239532
-15.281439
-12.261186
-8.770227
2.133846
8.720500
13.284513
18.594776
16.269343
11.875459
10.007620
3.207070
-5.188159
-8.833919
-13.584069
-18.288238
-17.197643
-13.129711
-11.317560
-2.135549
7.278749
11.402198
17.567532
18.279723
13.625622
11.316878
6.814684
-2.508163
-7.254056
-11.270387
-16.612836
-18.063954
-13.895205
-11.710610
-6.000314
5.061456
9.997743
15.621185
19.048452
15.141964
11.832714
9.328978
0.975473
-5.988564
-9.417874
-14.630045
-18.121174
-15.492099
-12.358597
-9.322166
1.598937
8.738722
13.036047
18.570423
16.746521
12.282303
10.230712
3.929138
-4.613400
-8.447170
-12.966054
-17.805099
-17.131397
-13.014078
-11.330843
-2.901724
6.885699
10.962657
17.052208
18.167836
13.542005
11.168207
7.127013
-2.060958
-7.455519
-11.200735
-16.552721
-18.365213
-14.256580
-11.739561
-6.564856
4.639455
9.810584
15.081167
18.961770
15.294892
11.586291
9.305307
1.206057
-6.109987
-9.561777
-14.634643
-18.430267
-16.061919
-12.660197
-9.907825
0.811475
8.447170
12.713160
18.466200
17.187255
12.556314
10.565690
4.709789
-3.985507
-7.783345
-12.233598
-17.201049
-17.019340
-12.939147
-11.167356
-3.216948
6.998948
11.242117
17.315149
18.712282
13.978652
11.374610
7.702793
-1.404796
-7.135868
-10.738373
-16.026837
-18.203599
-14.577763
-11.990241
-7.171971
3.831727
9.267671
14.400823
18.712282
15.360798
11.583737
9.315865
1.429830
-6.067923
-9.565524
-14.736141
-18.575362
-16.431808
-12.732574
-10.164125
-0.002554
8.053609
12.327092
18.084390
17.276151
12.788262
10.953971
5.231925
-3.732443
-7.913283
-12.289286
-17.313276
-17.593248
-13.358082
-11.403731
-3.984826
6.470680
10.819776
16.828605
18.878835
14.273780
11.510508
8.120196
-0.778437
-6.643874
-10.225773
-15.708038
-18.151828
-14.785869
-12.237685
-7.976464
3.291028
9.150675
14.138051
18.873726
15.738692
11.726618
9.474584
2.032859
-5.669764
-9.197337
-14.162745
-18.267802
-16.604832
-12.767485
-10.553939
-0.678982
7.897275
11.941876
18.059356
17.665454
13.028554
11.070456
5.754743
-3.305503
-7.794244
-11.887550
-17.025811
-17.665114
-13.418368
-11.559044
-4.610675
5.888769
10.378701
16.271217
18.889393
14.555625
11.732238
8.601631
-0.325101
-6.685938
-10.290657
-15.675511
-18.506220
-15.079975
-12.335266
-8.446830
2.744028
9.013925
13.749259
18.758774
16.077927
11.891297
9.855373
2.823557
-5.260365
-8.665323
-13.588497
-18.105166
-16.777856
-12.907641
-10.978665
-1.594509
7.418564
11.567729
17.820937
17.951046
13.110638
10.968958
6.427595
-2.751180
-7.451262
-11.329651
-16.672611
-17.863853
-13.849735
-11.845827
-5.501168
5.559240
10.065011
15.910353
19.068377
14.852115
11.567048
8.755582
0.133514
-6.374461
-9.725775
-15.021563
-18.265247
-15.216555
-12.219633
-9.086302
1.897642
8.658000
13.211625
18.635818
16.540970
12.180976
10.250637
3.412451
-5.096708
-8.766992
-13.373409
-18.133436
-17.232554
-12.992961
-11.034863
-2.190556
7.153239
11.194774
17.388378
18.059356
13.383627
11.038440
6.749630
-2.412115
-7.392338
-11.256252
-16.626120
-18.116065
-14.092922
-11.972530
-6.267343
4.976988
9.945290
15.370165
19.022056
15.240226
11.840718
9.215900
0.948565
-5.958080
-9.511880
-14.853477
-18.428564
-15.692541
-12.280430
-9.311267
1.534905
8.897270
13.163090
18.629347
16.797951
12.394360
10.432175
4.211664
-4.391159
-8.190530
-12.778895
-17.578432
-17.285177
-13.242960
-11.357239
-3.085307
6.766660
10.967084
17.352104
18.682820
13.967412
11.421272
7.432699
-1.714059
-7.155623
-10.988372
-16.308512
-18.128497
-14.271566
-11.866944
-6.855897
4.307372
9.602819
14.857394
18.822806
15.417337
11.852809
9.481055
1.439026
-5.795274
-9.162596
-14.366763
-18.217223
-16.144003
-12.675353
-10.062286
0.445332
8.198023
12.637888
18.489701
17.207009
12.555293
10.759490
4.943609
-3.988232
-8.072683
-12.460096
-17.404897
-17.382247
-13.238362
-11.347532
-3.432035
6.699903
10.780096
16.913244
18.680607
13.979333
11.383125
7.925204
-0.917741
-6.593466
-10.255064
-15.805108
-18.208708
-14.668533
-12.206009
-7.694960
3.571681
9.285382
14.516456
18.977949
15.664952
11.742967
9.605885
1.848425
-5.934238
-9.297814
-14.382260
-18.418346
-16.529730
-12.815850
-10.659013
-0.583615
7.759333
11.880568
18.011842
17.405237
12.656110
10.574545
5.292552
-3.665175
-7.882289
-12.106555

