5.061286
5.525180
6.830352
0.797510
-3.297159
-3.567934
-9.642158
-11.454310
-7.378714
-6.317922
-2.818959
4.032680
4.074914
3.125838
8.091075
6.536927
4.764625
7.572174
3.977162
-2.270767
-2.755267
-7.062980
-12.163605
-8.952788
-6.971530
-5.376339
1.215764
4.365104
1.846382
5.866800
7.593461
4.182202
6.266151
5.592278
-0.991140
-3.056356
-4.692589
-11.149134
-10.194949
-6.638084
-6.008829
-0.771965
4.734482
2.657005
3.962176
8.283854
5.092961
5.295106
7.200582
1.618862
-2.993516
-3.291028
-9.021929
-11.528390
-7.312809
-6.107262
-2.974612
3.860167
4.276378
2.838543
7.676567
6.554467
4.204512
7.168906
4.209961
-2.340589
-3.132480
-6.728513
-12.295246
-9.297984
-6.816387
-5.451100
1.006467
4.701274
2.231938
5.931003
8.028064
4.321677
6.190538
5.962678
-0.548022
-3.041199
-4.261732
-10.934046
-10.693754
-6.999799
-6.228345
-1.536267
4.652228
3.227847
4.050050
8.590392
5.624294
5.322014
7.367815
2.070665
-2.934933
-3.063849
-8.478165
-11.565856
-7.388592
-6.204162
-3.571340
3.226655
4.015480
2.185277
7.124117
6.805999
4.056011
6.806340
4.421473
-2.235855
-3.224952
-6.426913
-12.172120
-9.506260
-6.925549
-5.662952
0.625338
4.665511
2.140147
5.305495
7.925374
4.170282
5.702462
6.023135
-0.346048
-3.448725
-4.238061
-10.588850
-10.901349
-7.006441
-6.203481
-1.828671
4.400696
3.287452
3.726823
8.555480
5.893707
5.122423
7.516657
2.710649
-2.801589
-2.985512
-7.944618
-11.907986
-8.093289
-6.556852
-4.072019
2.775192
4.378046
2.212695
6.735155
6.990773
4.208088
6.798335
4.718815
-1.915864
-3.185443
-6.109817
-12.236834
-9.929112
-6.830011
-5.909204
0.004087
4.689693
2.233812
4.795449
8.091586
4.465750
5.658695
6.579331
0.384705
-3.030130
-3.730399
-10.022436
-10.877337
-6.836653
-6.015471
-1.982110
4.483972
3.556694
3.408023
8.330345
6.077290
4.754577
7.468292
3.215926
-2.543926
-2.871071
-7.717609
-12.033667
-8.287089
-6.615434
-4.617998
2.241816
4.348414
2.004249
6.621395
7.292373
4.067080
6.548166
5.106245
-1.676934
-3.371239
-5.673000
-12.100765
-10.407482
-7.188320
-6.245204
-0.539507
4.630940
2.547162
4.601989
8.297818
4.889965
5.749975
6.972722
0.957761
-2.899511
-3.379072
-9.632792
-11.238371
-7.078818
-6.193944
-2.584287
4.067251
3.734827
3.004926
8.264269
6.524495
4.635709
7.358960
3.563336
-2.502033
-3.000498
-7.380077
-12.097529
-8.560249
-6.595509
-4.817758
1.849617
4.568951
2.080202
6.274496
7.393190
3.849779
6.191560
5.301748
-1.590763
-3.463881
-5.065543
-11.574371
-10.407822
-7.006611
-6.148645
-0.835657
4.538809
2.436297
4.165343
8.379562
4.991463
5.371400
7.260697
1.627207
-2.955198
-3.240619
-9.152889
-11.572497
-7.414137
-6.269217
-2.862556
3.845010
3.980568
2.812828
7.959434
6.603513
4.383496
7.186106
3.825426
-2.502544
-2.973420
-6.953648
-12.425184
-9.214878
-6.716592
-5.312988
1.057557
4.498107
1.989944
5.596195
7.499286
4.039492
6.134680
5.883660
-0.909567
-3.354039
-4.653931
-11.233432
-10.778734
-7.025344
-6.162439
-1.190560
4.574742
2.973931
4.102673
8.662769
5.507469
5.185263
7.217782
1.879420
-3.003052
-3.237384
-8.790152
-11.628185
-7.447175
-6.281819
-3.365449
3.484828
4.237379
2.534049
7.535049
6.876332
4.293578
6.960630
4.383836
-2.140999
-3.038985
-6.490776
-12.313468
-9.462152
-6.866625
-5.552258
0.684772
4.571847
1.972914
5.293914
7.641315
4.023143
5.843128
6.117650
-0.429835
-3.227336
-4.270077
-10.737692
-10.822671
-6.932872
-6.357431
-1.708950
4.684925
3.121751
3.584283
8.341585
5.604199
4.931518
7.340057
2.462353
-2.738578
-2.988066
-8.167880
-11.560065
-7.664646
-6.338358
-3.809929
3.074237
4.416704
2.541883
7.238558
7.057020
4.077809
6.625652
4.426752
-2.217633
-3.304822
-6.052767
-12.030091
-9.669576
-7.007633
-5.911418
0.095708
4.445314
1.910925
4.792213
8.059229
4.409552
5.754573
6.433044
0.051430
-3.407172
-4.230738
-10.623080
-11.263405
-7.321324
-6.446838
-2.158369
4.396779
3.309931
3.225633
8.214372
5.838871
4.780122
7.283517
2.749307
-2.761228
-3.062316
-7.934059
-11.937448
-7.937295
-6.267173
-4.256623
2.453157
4.367658
1.844508
6.158522
6.700584
3.691401
6.418569
4.958936
-1.748630
-3.304652
-5.780799
-12.053251
-10.161570
-7.242135
-6.155116
-0.339406
4.804986
2.709797
5.118847
8.544922
4.821505
5.605391
6.725618
0.509364
-3.237384
-3.721884
-10.007279
-11.203800
-7.065705
-6.298338
-2.478191
4.185268
3.502710
2.949408
8.192573
6.376675
4.810095
7.533687
3.419604
-2.426931
-2.708946
-7.380928
-12.176207
-8.609806
-6.696667
-4.812990
1.858643
4.332406
1.955884
6.014449
6.963525
3.582580
6.104197
5.219494
-1.539503
-3.376859
-5.095857
-11.657987
-10.459423
-7.040501
-6.267684
-0.901052
4.377025
2.233641
4.081726
8.049182
4.565545
5.074910
6.544079
0.895091
-3.351314
-3.668070
-9.665659
-11.653049
-7.341930
-6.330184
-2.807379
3.956386
4.028252
3.152915
8.069277
6.531647
4.596710
7.179976
3.619024
-2.457414
-2.863407
-6.825583
-11.984280
-8.678607
-6.619692
-5.102498
1.382317
4.645756
2.052614
6.028414
7.752350
4.303796
6.513255
5.877869
-0.875166
-3.298180
-4.902737
-11.400836
-10.613373
-7.142510
-6.269727
-1.156671
4.497596
2.602509
3.944124
8.225952
5.089896
4.927942
6.958246
1.557555
-3.000838
-3.286260
-8.900676
-11.432001
-7.346187
-6.209612
-3.294945
3.346716
3.685781
2.301080
7.538455
6.817920
4.407678
7.111175
4.054138
-2.511229
-3.457580
-7.022790
-12.399129
-9.309394
-6.647451
-5.106415
1.402923
4.775013
2.117838
5.493675
7.546118
3.771952
5.686624
5.803449
-0.817095
-3.471545
-4.567248
-11.025156
-10.752337
-7.216419
-6.506613
-1.639639
4.518884
3.161430
3.975289
8.612531
5.686113
5.329336
7.353680
2.215590
-2.802781
-3.028086
-8.544752
-11.741264
-7.738897
-6.302765
-3.563166
3.073556
4.103524
2.506631
7.425547
7.079329
4.472733
7.252182
4.679816
-1.915012
-2.903427
-6.470169
-12.400491
-9.573698
-6.743840
-5.545957
0.657184
4.798515
2.155304
4.966770
7.522787
3.841434
5.355733
5.832911
-0.542573
-3.336327
-4.090752
-10.463681
-10.782480
-7.059063
-6.481579
-2.060107
4.265479
2.887249
3.337349
8.542367
5.997079
4.979542
7.216249
2.346550
-3.036090
-3.263780
-8.317232
-11.934383
-7.886035
-6.344829
-3.857102
2.988066
4.490784
2.469846
7.231065
7.196665
4.225969
6.925379
4.843473
-1.851320
-3.048522
-5.813667
-12.057168
-9.750979
-6.745202
-5.590234
0.272138
4.626683
2.167565
4.742316
7.968460
4.519565
5.861521
6.555149
0.294958
-3.104210
-3.951447
-10.584423
-11.318752
-7.107088
-6.333930
-2.341952
4.196508
3.491470
3.118856
8.043051
5.864586
4.763774
7.447004
3.034558
-2.617666
-2.715588
-7.647787
-11.859110
-8.034025
-6.460462
-4.222052
2.641678
4.416704
2.169779
6.808043
7.381439
3.917388
6.334441
5.056347
-1.693623
-3.179141
-5.570820
-11.899812
-10.074377
-6.802423
-5.910056
-0.120061
4.862717
2.608129
4.908017
8.413621
4.711321
5.400181
6.555149
0.432559
-3.421647
-3.800903
-10.072333
-11.607068
-7.381269
-6.338017
-2.626351
3.991979
3.729718
3.276382
8.306163
6.322350
4.894052
7.654428
3.503731
-2.505779
-2.841779
-7.362536
-12.080840
-8.356401
-6.491627
-4.727840
1.848936
4.350628
1.949072
6.315197
7.584095
4.208429
6.630421
5.696160
-1.043252
-3.015995
-5.172491
-11.594296
-10.150160
-6.784712
-6.009851
-0.420979
4.810435
2.507823
4.341943
8.277893
4.626002
5.107777
6.865774
1.156330
-3.137759
-3.497771
-9.294067
-11.468785
-7.403408
-6.357942
-2.880096
3.923859
3.816060
2.929483
8.159876
6.583248
4.496745
7.253034
3.792048
-2.509526
-3.073726
-7.103682
-12.153557
-8.931330
-6.854534
-4.936797
1.622438
4.722391
2.199071
6.205354
7.824727
4.323040
6.335974
5.670956
-0.992843
-3.191233
-4.905122
-11.365584
-10.467768
-6.764105
-6.084442
-1.045806
4.644905
2.735683
3.981590
8.175884
5.066565
5.255938
7.076434
1.357453
-3.098931
-3.269911
-9.130750
-11.547634
-7.382461
-6.432704
-3.173011
3.668751
3.910576
2.597741
7.537603
6.586824
4.250322
7.067748
4.084451
-2.171823
-2.968311
-6.637062
-11.919737
-8.971180
-6.744691
-5.306346
1.190220
4.557882
2.005952
5.636215
7.749285
4.017523
5.927937
5.789314
-0.832762
-3.367833
-4.705361
-11.358091
-10.828972
-7.016318
-6.111860
-1.245396
4.538127
2.908877
3.910576
8.323874
5.073377
5.039317
7.040330
1.717295
-3.215245
-3.322874
-8.989402
-11.906113
-7.824046
-6.570475
-3.633159
3.345694
4.367828
2.657005
7.518530
6.930487
4.408870
7.085289
4.343135
-2.201285
-3.026894
-6.301914
-12.025493
-9.203809
-6.784030
-5.685432
0.574929
4.551411
2.140658
5.442074
8.206197
4.597732
6.148815
6.322690
-0.379596
-3.252029
-4.344157
-10.890109
-10.921104
-7.038457
-6.322520
-1.673188
4.321166
2.875669
3.530468
8.191381
5.292211
4.582064
6.959438
2.245052
-3.021785
-3.146614
-8.368152
-11.837312
-7.845163
-6.400347
-3.850460
3.040177
4.309246
2.359833
7.363047
7.231576
4.395247
6.999459
4.566056
-2.120733
-3.285067
-6.073713
-12.197495
-9.621893
-6.530796
-5.393028
0.645774
5.094494
2.482789
5.207573
7.991620
4.449912
5.976813
6.583759
0.173875
-3.059932
-4.066059
-10.698182
-11.291845
-7.367986
-6.630250
-2.231428
4.320826
3.471545
3.596033
8.457899
5.985328
4.860333
7.203477
2.592121
-2.808401
-3.205027
-8.145060
-11.891808
-8.031470
-6.695645
-4.327978
2.448559
4.140990
2.177783
7.049697
7.442406
4.175561
6.577117
5.012410
-1.637765
-2.936465
-5.518539
-11.642490
-9.566035
-6.539311
-5.530800
0.133174
4.499810
1.929828
4.699571
8.198363
4.602330
5.775690
6.779773
0.420979
-3.428459
-4.045793
-10.400670
-11.522089
-7.201603
-6.171295
-2.039160
4.351650
3.471545
3.104550
7.909877
5.670275
4.392862
7.057190
2.757822
-3.000328
-3.326109
-8.176906
-12.522084
-8.593287
-6.451607
-4.391159
2.382142
4.817758
2.686296
7.007463
7.591077
4.387924
6.777729
5.239248
-1.401220
-2.999476
-5.563498
-11.855534
-10.100263
-7.115092
-6.180831
-0.414678
4.776716
2.591951
4.716771
8.328302
4.955530
5.794593
6.915842
0.994716
-2.934252
-3.449917
-9.575571
-10.856390
-7.217101
-6.567751
-2.625499
4.101992
3.472567
2.641848
7.768699
6.123952
4.271609
6.861516
3.197874
-2.750499
-2.980573
-7.266998
-11.925186
-8.284535
-6.230899
-4.543066

