-4.132645
-3.187656
-6.606409
-8.668389
-5.973918
-7.322856
-6.422997
1.694986
5.175556
5.657332
11.317900
8.967774
2.510377
4.246065
1.077652
-4.052435
-3.589392
-5.418062
-9.371894
-7.582733
-6.931339
-8.021252
-1.347065
5.076102
5.420106
9.791510
11.529241
4.003048
3.385374
3.079176
-2.879245
-3.832919
-3.625325
-8.023977
-8.327791
-6.130763
-8.152212
-4.565205
3.787960
5.685602
7.740429
12.871878
7.287264
3.237554
4.560607
-0.733989
-4.091263
-3.050395
-6.376164
-9.162767
-6.612028
-7.503033
-6.987708
0.914676
5.261557
5.632980
11.162417
9.599243
2.794436
4.202127
1.697711
-3.445659
-3.190551
-4.786764
-9.199211
-7.914475
-6.981577
-8.425031
-2.284391
4.821335
5.197866
9.114742
11.861154
4.395587
2.948216
2.996751
-2.713033
-3.957919
-3.490789
-7.566725
-8.221694
-6.020921
-8.006777
-5.174024
3.041710
5.221367
7.133995
12.351104
7.436105
2.744538
4.126344
-0.823906
-4.575593
-3.504753
-6.333079
-9.282316
-6.700584
-7.220336
-7.002354
0.550747
5.315372
5.648988
10.992459
10.292019
3.346034
4.357781
2.064705
-3.334624
-3.374985
-4.648992
-8.855377
-7.775170
-6.668057
-8.385011
-2.473933
4.984311
5.477156
8.962325
12.237855
5.227498
3.582920
4.037448
-1.647813
-3.251689
-2.785070
-7.234641
-8.484977
-6.133318
-8.014951
-5.803279
2.570323
5.212682
6.607090
12.130226
7.894550
2.653939
4.282338
-0.135558
-4.087176
-3.326450
-5.864416
-8.856058
-6.539311
-7.046631
-7.418394
-0.033038
5.051749
5.062478
10.515962
10.589191
3.268038
4.102503
2.370902
-3.403766
-3.647123
-4.466942
-8.830854
-8.035728
-6.461654
-8.140632
-2.887930
4.771607
5.543573
8.467776
12.176037
5.351816
3.095525
3.943103
-1.743180
-3.733805
-2.851997
-7.002013
-8.812291
-6.307704
-7.964202
-6.099088
2.269064
5.419425
6.582056
12.290478
8.553607
2.684253
4.622596
0.577654
-3.934077
-3.031322
-5.443607
-9.374448
-7.216760
-7.186447
-7.947854
-0.683410
5.056007
5.095686
10.022266
11.055810
3.472737
3.597225
2.468143
-3.478357
-3.613063
-3.963879
-8.479697
-7.937465
-6.113393
-8.195468
-3.792388
4.271609
5.558729
8.207049
12.476274
5.987712
2.996922
4.101821
-1.554489
-4.168408
-3.106253
-6.684065
-8.760861
-6.226642
-7.540669
-6.183045
1.978874
5.683729
6.591933
12.206861
9.352309
2.976145
4.447017
0.887769
-4.107271
-3.445319
-5.432027
-9.370702
-7.388251
-7.027899
-8.082049
-1.277413
4.959788
4.989590
9.546621
11.309556
3.976992
3.684759
3.213031
-2.686466
-3.407683
-3.541197
-8.196831
-8.455004
-6.413460
-8.499622
-4.753045
3.545284
5.142008
7.474422
12.312106
6.634508
2.930846
4.311119
-0.852517
-3.943614
-3.140143
-6.479195
-8.841753
-6.347554
-7.419075
-6.676572
1.396111
5.460126
5.709784
11.402028
9.581702
2.855914
4.128558
1.293932
-3.657000
-3.247602
-4.873787
-8.937120
-7.337332
-6.603343
-7.996389
-1.625844
5.220686
5.697182
9.782144
12.002162
4.521949
3.520591
3.314359
-2.552782
-3.791026
-3.465755
-7.672650
-8.470842
-6.351130
-8.056164
-4.820653
3.347397
5.480732
7.439171
12.517657
7.192237
2.918754
4.364422
-0.580038
-4.019397
-2.981595
-6.028073
-8.898973
-6.513596
-7.365091
-7.212332
0.482798
5.068779
5.288805
10.876656
9.830168
3.011397
4.192591
1.765830
-3.612552
-3.313337
-4.718304
-8.830854
-7.462842
-6.305320
-7.847377
-2.154112
4.993507
5.289486
9.064674
11.958735
4.737547
3.372090
3.758669
-2.070495
-3.352846
-3.084626
-7.563829
-8.660895
-6.341934
-8.155789
-5.345174
3.128903
5.709273
7.146256
12.491941
7.793222
2.409220
4.026209
-0.549555
-4.279954
-3.181015
-5.822011
-8.969818
-6.689685
-7.529770
-7.845334
-0.192438
4.966429
5.364588
10.950225
10.739395
3.461327
4.327297
2.173356
-3.542219
-3.452301
-4.242148
-8.545773
-7.526704
-6.066731
-8.010694
-3.019571
4.429987
5.120039
8.691720
12.505565
5.713701
3.731762
4.433734
-1.569816
-3.889629
-3.364767
-7.470165
-8.747237
-6.071329
-7.574729
-5.375317
2.960818
5.530289
6.487370
11.919396
8.008991
2.420119
4.323891
0.403949
-3.845010
-2.885376
-5.484479
-9.294748
-7.026025
-7.274832
-7.896423
-0.433752
5.480903
5.676406
10.730028
11.069945
3.466606
3.817252
2.533538
-3.397635
-3.581047
-3.969840
-8.525167
-8.163112
-6.384679
-7.952452
-3.177098
4.539149
5.431005
8.521591
12.775149
6.224769
3.346375
4.337856
-1.467296
-3.981079
-2.959796
-6.598234
-8.604356
-6.092616
-7.648809
-6.455524
1.719679
5.025353
5.696501
11.395046
8.560760
2.625670
4.426752
0.689030
-4.155976
-3.465073
-5.560943
-9.461471
-7.230214
-6.805147
-7.747582
-0.724282
5.428450
5.414656
9.974412
11.328459
3.907170
3.984145
3.408194
-2.238410
-2.859661
-3.081390
-7.806676
-7.972036
-6.175041
-8.146933
-4.017012
4.375832
6.045955
8.595501
13.304438
6.962333
3.075429
4.259859
-0.950439
-3.935439
-2.993856
-6.303106
-8.443594
-6.184748
-7.499116
-6.698540
1.131126
4.926068
5.501509
11.377164
9.159361
2.710308
4.348244
1.162120
-3.902061
-3.453153
-5.242314
-9.286233
-7.521084
-6.937640
-8.036069
-1.576798
4.926750
5.258322
9.679624
11.607409
4.293237
3.635202
3.302438
-2.659730
-3.821169
-3.696510
-7.958753
-8.113555
-6.095171
-7.890293
-4.201957
3.964390
5.559240
7.568257
12.413093
6.872586
2.884354
4.429136
-0.621762
-3.640141
-2.912794
-6.256444
-9.073530
-6.520918
-7.669074
-7.252863
0.793082
5.411080
6.073373
11.616605
10.152204
3.351314
4.463877
1.294613
-4.096883
-3.583772
-4.958766
-9.043046
-7.386889
-6.350109
-7.667201
-1.770939
4.877022
5.101136
8.976119
11.716740
4.471030
3.814697
4.147632
-1.649686
-3.023829
-3.007821
-7.625307
-8.527381
-6.341423
-8.273295
-5.139283
3.593309
5.798680
7.386037
12.610980
7.334948
2.541031
4.128218
-0.566074
-4.109315
-3.110170
-5.947522
-8.820636
-6.438494
-7.315874
-7.430315
0.258344
4.916702
5.301237
11.014087
10.255575
3.104721
4.211324
1.729556
-4.015480
-3.932033
-4.910231
-9.137903
-7.895572
-6.347895
-7.719653
-2.044950
5.096027
5.546808
9.146588
12.272937
4.949399
3.282172
4.073041
-1.489776
-3.093822
-2.516508
-6.889105
-8.483444
-6.240436
-8.346183
-5.984988
2.612727
5.678279
7.297482
12.872560
8.612531
3.093651
4.620722
-0.076124
-4.392011
-3.314529
-5.795615
-9.101970
-6.497928
-6.748608
-7.422652
-0.357968
4.817758
4.820994
10.022436
10.172810
2.917562
3.798689
2.372605
-3.338712
-3.705706
-4.427263
-8.624962
-7.678611
-6.177425
-7.874455
-2.746241
4.796471
5.112376
8.121729
12.149640
5.248444
3.035069
4.135881
-1.360008
-3.669943
-3.155640
-7.216079
-8.955513
-6.506784
-7.776192
-5.460467
3.048011
6.234305
7.408346
12.620006
8.477654
2.615111
4.207918
0.121934
-4.263265
-3.150872
-5.387579
-9.310246
-7.355383
-7.507290
-8.402041
-1.116310
4.938160
5.354711
10.473728
11.194944
3.701619
4.129239
2.842801
-3.147466
-3.578833
-3.861529
-8.268016
-7.952452
-6.155287
-8.123772
-3.644398
4.172495
5.276544
8.052417
12.596846
6.236689
3.291198
4.244532
-1.257999
-3.659725
-3.011738
-6.695986
-8.462667
-5.762407
-7.150173
-5.881275
2.162457
5.384173
6.031820
11.592252
8.624622
2.602168
4.313503
0.823566
-3.986870
-3.451790
-5.622251
-9.433201
-7.492815
-7.279090
-7.937125
-0.806706
5.449908
5.670105
10.338681
11.450733
3.757817
3.439529
2.578838
-3.199407
-3.810269
-3.994022
-8.457729
-8.396421
-6.452799
-8.435420
-4.219157
3.991127
5.593981
8.145400
12.812614
6.805999
3.461327
4.652057
-0.680515
-3.386736
-2.527407
-6.502186
-8.986167
-6.306001
-7.555144
-6.805829
1.194136
5.294595
6.098236
11.767660
9.431839
3.037623
4.493168
0.994035
-3.994874
-3.179652
-5.031994
-8.904764
-7.004397
-6.564515
-8.031981
-1.553808
4.890817
4.849774
9.363038
11.363029
3.949404
3.352506
2.879926
-2.907004
-3.670795
-3.773826
-8.015462
-8.109808
-6.015641
-7.906471
-4.179818
3.928287
5.629574
7.866962
12.855019
6.967102
2.977167
4.635198
-0.542232
-4.018034
-3.128903
-6.277221
-9.136030
-6.632124
-7.414307
-6.733452
1.178299
5.443948
5.902222
11.682681
9.894882
2.919606
4.530804
1.804999
-3.549031
-3.275871
-4.803113
-9.200232
-7.683890
-6.998777
-8.557524
-2.236026
4.823378
5.250829
9.279081
11.929103
4.652568
3.637075
3.476483
-2.486535
-3.623792
-3.212009
-7.506779
-8.090905
-5.764791
-7.758311
-4.953146
3.386395
5.333935
7.110323
12.475422
7.437638
2.996581
4.658188
-0.209979
-4.073722
-3.014122
-6.017174
-8.891821
-6.443092
-6.946155
-6.718465
1.135043
5.895240
6.212677
11.486496
10.169915
2.871071
3.875153
1.595701
-3.778083
-3.500325
-4.685777
-8.860826
-7.632460
-6.699562
-8.393526
-2.699409
4.622766
5.370378
9.229013
12.582541
5.594492
4.036256
4.052775
-2.049719
-4.072700
-3.725631
-7.778747
-8.785554
-6.113052
-7.634163
-4.871913
3.284386
5.561965
6.873608
12.206691
7.708584
2.978529
4.898139
0.562838
-3.226995
-2.480405
-5.644049
-9.009668
-6.779943
-7.403408
-7.689510
0.106267
5.301918
5.502871
10.778904
10.382618
3.067596
3.684759
1.781327
-3.696680
-3.593479
-4.337856
-8.578811
-7.618495
-6.378548
-8.043902
-2.980913
4.454170
5.254064
8.660044
12.079477
5.031143
2.986533
3.623111
-2.028772
-3.914492
-3.288303
-7.230214
-8.609465
-6.229367
-7.760354
-5.361012
2.995729
5.912270
7.306167
12.893336
8.576257
2.990450
4.532848
0.145435
-4.045452
-3.184761
-5.732434
-9.086813
-6.649664
-7.054125
-7.547140
-0.344685
5.055325
5.259514
10.529416
10.855368
3.705706
4.230056
2.297333
-3.518547
-3.826618
-4.720347
-8.983782
-8.045605
-6.344659
-8.251497
-3.338030
4.339899
5.108629
8.153064
12.123755
5.681515
3.525019
4.363571
-1.517705
-3.667559
-3.050055
-7.249628
-8.864573
-6.181002
-7.563489
-5.590405
2.869538
5.895070
6.552935
12.138741
8.276360
2.323559
4.260881
0.548533
-3.599610
-2.710308
-5.037785
-8.869171
-6.994690
-7.149322
-7.976975
-0.713553
5.170618
5.366632
10.279417
10.912759
3.203324
3.446000
2.178124
-3.660917
-3.784554
-4.073041
-8.512906
-8.242982
-6.467445
-8.335454
-3.837688
3.982612
5.417722
8.610998
12.825387
6.091424
3.092459
4.183395
-1.741307
-4.386902
-3.213882
-6.943090
-8.746045
-6.035737
-7.526193
-6.261723
2.129929
5.326782
6.157841
12.113878
9.295600
3.233978
4.910231
1.222406
-3.585645
-2.942085
-5.210638
-9.276015
-7.263422
-6.916523
-8.070128
-1.216446
5.059583
5.299704
9.921278

