11.296613
3.713369
3.528425
2.911091
-2.979892
-3.578493
-3.612893
-8.049011
-8.079154
-6.113904
-8.154426
-4.210813
3.879241
4.964897
7.322005
12.411220
6.500312
3.037453
4.575253
-0.606605
-3.631115
-3.048182
-6.767852
-9.343965
-6.700414
-7.799353
-6.503548
2.038479
6.067242
6.603003
11.993136
9.351117
2.523490
3.912279
0.790187
-4.086665
-3.209966
-4.631111
-8.550201
-6.948539
-6.596872
-8.280107
-2.110175
4.351139
4.760708
9.515285
11.645385
4.405635
3.770590
3.198726
-3.004755
-4.150357
-3.998109
-8.247239
-8.587497
-6.225450
-7.964713
-4.491636
3.635713
5.226816
7.394041
12.298141
6.613391
2.692427
4.277400
-0.628403
-3.738914
-2.861874
-6.129060
-8.827448
-6.229707
-7.091761
-6.659542
1.313516
5.499806
5.741630
11.206014
9.814160
3.245047
4.587344
1.774686
-3.437826
-3.245047
-4.975966
-9.305647
-7.827963
-6.807191
-8.024829
-1.674720
5.144392
5.316564
9.243659
11.495011
3.843818
2.966268
3.171989
-2.515316
-3.636565
-3.347397
-7.780790
-8.560930
-6.444114
-8.498601
-5.279950
3.141676
5.352157
7.393360
12.720312
7.369689
2.667563
4.150186
-0.730583
-4.079342
-2.824749
-5.643027
-8.602994
-6.269387
-7.197687
-7.364409
0.455550
5.249466
5.786760
11.581182
10.728666
3.650529
4.651206
1.904794
-3.838199
-3.656830
-4.806348
-9.045431
-7.640634
-6.336144
-7.954325
-2.380950
4.568611
4.720177
8.405447
11.643682
4.543747
3.277404
3.830365
-2.003738
-3.700427
-3.510373
-7.973739
-9.122065
-6.590400
-8.332389
-5.590916
2.913645
5.487885
6.842784
12.120008
7.478169
2.438171
4.303455
-0.062159
-3.823723
-2.755438
-5.556856
-8.874791
-6.426573
-7.026196
-7.512569
0.115122
5.475112
5.843469
11.326756
10.910034
3.508159
4.178286
2.076626
-3.773826
-3.866298
-4.566908
-8.740255
-7.752861
-6.380933
-8.140632
-2.968993
4.377025
4.974433
8.268356
11.984280
4.921130
2.921820
3.837517
-1.919099
-3.939356
-3.348759
-7.657153
-9.265797
-6.640809
-8.306844
-6.281989
2.418416
5.592789
6.818942
12.410028
8.421796
2.790179
4.702125
0.461851
-3.946168
-3.024851
-5.343471
-8.929627
-6.647280
-6.882463
-7.665157
-0.442437
5.010026
5.101987
10.429961
11.134829
3.634010
4.101310
2.739600
-3.067936
-3.495898
-4.130091
-8.612531
-8.035898
-6.360497
-8.179120
-3.361702
4.270928
4.888432
7.787091
11.949539
5.529097
2.865791
3.939526
-1.666376
-4.064696
-3.316573
-7.318088
-9.246213
-6.649835
-8.017676
-6.136043
2.534730
6.033182
6.903580
12.370178
8.698872
2.321005
4.046134
0.599963
-3.948041
-2.954006
-4.828147
-8.817400
-7.136720
-7.109472
-8.309398
-1.413482
4.826614
5.325760
10.535887
11.914117
4.491636
4.254920
2.950260
-3.259863
-3.893886
-4.179989
-8.486850
-8.154937
-6.160395
-8.136886
-4.024846
3.870555
4.901205
7.414477
12.223721
6.148475
3.093651
4.323551
-1.139300
-3.941570
-3.097398
-6.813662
-9.124109
-6.161758
-7.404600
-6.370885
1.791886
5.530630
5.918060
11.396238
8.789812
2.476488
4.133156
1.036951
-3.654957
-3.083604
-5.055836
-8.997577
-7.286583
-6.898642
-7.921628
-1.058919
5.468130
5.761555
10.304110
11.717251
3.890480
3.211158
2.656834
-3.167391
-3.785236
-3.605400
-7.925885
-8.276190
-6.318603
-8.303949
-4.699060
3.303800
5.017349
7.522958
12.551205
6.797995
3.120559
4.471370
-1.016344
-4.208258
-3.286430
-6.708758
-9.457214
-6.680999
-7.528578
-6.887572
1.101494
5.241632
5.653415
11.301892
9.563650
2.958434
4.542044
1.504421
-3.715072
-3.113236
-4.612378
-8.887904
-7.304294
-6.608112
-8.264269
-1.981429
5.021095
5.332402
9.412084
11.996542
4.587514
3.612041
3.411089
-2.528599
-3.687484
-3.529617
-7.910047
-8.414984
-6.018877
-7.955687
-4.832915
3.498793
5.272797
7.061788
12.296438
7.029942
2.587182
4.380430
-0.523329
-4.200084
-3.136226
-6.222725
-9.456021
-6.885188
-7.467610
-7.024493
0.942605
5.641494
5.877529
11.384317
10.123253
2.867835
4.013436
1.767703
-3.523656
-3.083774
-4.318612
-8.812291
-7.705518
-6.687811
-8.611338
-2.888441
4.642180
5.566052
9.415831
12.520552
5.257981
3.438847
3.644058
-2.525193
-4.205023
-3.558738
-7.572515
-8.583920
-5.975962
-7.852486
-5.906480
2.137933
4.640818
6.144728
11.786904
7.574899
2.653939
4.394565
-0.356265
-4.509858
-3.445659
-5.874974
-9.054286
-6.646088
-7.224083
-7.510866
0.100136
5.534206
5.304813
10.495356
10.617290
3.398316
4.417385
2.957923
-2.660240
-2.974272
-4.169089
-8.858272
-8.047989
-6.451436
-8.119856
-2.736534
5.129235
5.845853
8.839709
12.333734
5.130087
2.922841
3.830876
-1.729556
-3.748451
-3.039156
-7.068089
-8.962154
-6.608963
-8.436101
-6.420953
2.008677
5.221878
6.556170
12.198346
8.378880
2.616303
4.192420
0.080381
-4.258496
-3.328494
-5.377190
-8.823872
-6.682532
-6.906135
-7.692746
-0.657013
5.065373
5.152225
10.362182
11.282478
3.968137
4.152230
2.667052
-3.110341
-3.280129
-3.840923
-8.319616
-7.825749
-6.024497
-8.054461
-3.666197
4.292386
5.179303
7.898126
12.189661
5.962167
3.160749
4.139628
-1.682554
-4.309586
-3.597566
-7.310254
-9.247746
-6.610155
-7.969482
-6.416695
1.889638
5.205699
5.810261
11.420080
8.400168
2.474104
4.342454
0.913484
-3.707579
-3.014633
-5.374977
-9.421280
-7.279090
-6.919248
-7.813488
-0.649691
5.723408
5.750145
10.336297
11.645215
3.850801
3.638438
2.905301
-2.915348
-3.226825
-3.116982
-7.521425
-7.635866
-5.915506
-8.138588
-4.296814
3.677947
5.107607
7.747752
12.646743
6.626334
3.285749
4.510539
-1.047850
-4.055500
-3.122262
-6.688663
-9.297814
-6.619862
-7.763760
-6.841591
1.360519
5.338703
5.830867
11.611325
9.385007
2.668415
4.162959
1.190049
-3.946679
-3.308569
-4.799366
-8.889777
-7.187469
-6.468807
-7.929121
-1.669271
4.989931
5.208424
9.544407
11.784349
4.473925
3.833600
3.615958
-2.604382
-3.558057
-3.504753
-7.991961
-8.482252
-6.169932
-7.969652
-4.555668
3.569807
5.406652
7.370370
12.474571
7.003375
2.713374
4.389967
-0.799554
-4.305329
-3.323555
-6.364925
-9.348052
-6.740774
-7.452454
-7.185425
0.769922
5.418403
5.595343
11.056662
9.793895
2.898318
4.310949
1.919440
-3.398316
-2.944810
-4.297665
-9.023803
-7.805484
-6.602492
-8.326939
-2.449070
5.068779
5.811112
9.657145
12.421438
4.882983
3.360340
3.563677
-2.308403
-3.782851
-2.976486
-7.062469
-8.218970
-6.024667
-8.052077
-5.461148
2.842460
5.302940
6.940876
12.446983
7.853338
2.808401
4.440376
-0.211171
-4.363401
-3.503050
-6.093298
-9.111336
-6.543057
-6.952626
-7.317747
0.180176
5.041531
5.012580
10.328804
10.140453
3.003904
4.011052
2.088887
-3.419433
-3.544603
-4.673345
-9.118829
-8.085626
-6.523303
-8.014951
-2.643892
4.889624
5.613055
8.969137
12.272937
5.101476
3.147977
3.841605
-1.941068
-3.874132
-3.099271
-7.247925
-8.837155
-6.418739
-7.945640
-5.697182
2.731766
5.633661
6.754228
12.183019
8.270570
2.802100
4.274675
0.042404
-3.989424
-2.955369
-5.455017
-9.136881
-7.016829
-7.263763
-7.873433
-0.615461
5.131960
5.411250
10.572331
10.838168
3.604548
4.160234
2.583947
-3.287111
-3.365108
-3.952980
-8.272103
-7.540839
-5.885533
-7.564681
-2.905982
4.654442
5.401714
8.391993
12.425865
5.731242
3.157003
4.104887
-1.347746
-3.585986
-2.975464
-6.988900
-8.879559
-6.341083
-7.963691
-6.286587
2.130781
5.652905
6.689004
12.352807
9.182181
3.309931
4.607269
0.609670
-4.090922
-3.182888
-5.461148
-9.461471
-7.237196
-7.124628
-8.212839
-1.214743
5.117825
5.426577
10.329144
11.405775
3.867831
3.916195
2.976315
-2.990280
-3.549031
-3.656319
-8.037771
-7.986682
-6.145239
-8.249794
-4.161767
3.863403
5.102839
7.837330
12.743473
6.565026
3.324236
4.585811
-0.995568
-3.934247
-3.157854
-6.809235
-8.977652
-6.117310
-7.281474
-6.403923
1.739264
5.299875
5.708933
11.260509
8.913789
2.708946
4.525866
1.200097
-3.729888
-3.111533
-5.154269
-9.451594
-7.667712
-7.015807
-8.082730
-1.380444
5.300726
5.653075
10.075399
11.857067
3.981761
3.315551
2.967800
-2.829347
-3.534385
-3.189019
-7.474593
-7.802759
-5.729369
-7.863556
-4.403251
3.765140
5.418062
7.566895
12.779917
7.245030
3.195660
4.748447
-0.337533
-3.712688
-2.889122
-6.365606
-9.143012
-6.656136
-7.647787
-7.187298
0.922169
5.290679
5.814859
11.411054
9.733949
2.873114
4.107441
1.353707
-3.915003
-3.640992
-4.799025
-8.822850
-7.543394
-6.546463
-7.997411
-2.075263
4.719155
4.944120
9.063653
11.939321
4.664319
3.542389
3.763608
-2.113751
-3.616469
-3.313678
-7.515635
-8.309398
-5.979368
-7.929632
-4.928453
3.430843
5.643538
7.266147
12.556996
7.517849
2.781493
4.447869
-0.327485
-4.143374
-3.332240
-6.288631
-9.289810
-6.766830
-7.323197
-7.311446
0.411442
5.232947
5.449738
10.722024
10.010515
2.979210
4.028422
1.831225
-3.517866
-3.255095
-4.379409
-9.037256
-8.089542
-6.906986
-8.550712
-2.785240
4.839897
5.449227
9.123938
12.459925
5.254405
3.443616
3.893035
-1.862390
-3.596715
-2.978870
-7.026877
-8.213009
-5.847045
-7.803440
-5.684921
2.683401
5.369357
6.701946
12.142999
8.193936
3.178460
4.599605
-0.039850
-4.126685
-3.259352
-6.072181
-9.360143
-6.893873
-7.284539
-7.676227
-0.329529
4.818439
4.866975
10.177408
10.389941
3.045286
3.855399
2.341781
-3.291539
-3.448725
-4.269566
-8.610998
-7.946662
-6.379059
-8.259160
-3.068788
4.718133
5.473920
8.612020
12.507268
5.611692
3.164836
4.160064
-1.417398
-3.509692
-2.751350
-6.978171
-8.809737
-6.091424
-7.718801
-6.013427
2.437489
5.595003
6.546804
12.252842
8.620535
2.841098
4.427263
0.477518
-4.027912
-3.034047
-5.296980
-9.084770
-7.085970
-7.235834
-8.117642
-1.083612
4.754577
4.856927
10.017157
11.166164
3.595012
3.827299
2.791030
-3.055504
-3.517015
-3.850290
-8.439847
-8.008650
-6.043059
-8.149317
-3.777572
4.120214
5.308390
7.989747
12.628521
6.247589
3.000838
4.304988
-1.320669
-4.076277
-3.014122
-6.585632
-8.695636
-6.060260
-7.197857
-6.030798
2.111026
5.601134
6.146431
11.677742
9.013414
2.659900
4.236528
0.972067
-3.995384
-3.299713
-5.387238
-9.754385
-7.881096
-7.390124
-8.524486
-1.589400
5.185604
5.627700
10.105882
11.862516
4.221542
3.686973
3.129244
-2.904960
-3.494365
-3.373453
-7.677759
-7.942915
-5.916357
-8.179120
-4.708426
3.518547
5.344493
7.576772
12.713671
7.271767
3.411940
4.914148
-0.351497
-3.670795
-2.767359
-6.176233
-8.862700
-6.204162
-7.276365

