9.747062
2.156326
-5.739587
-9.154252
-14.271566
-18.508605
-16.608579
-12.785026
-10.549682
-0.527416
8.013930
12.143169
18.038068
17.417158
12.675353
10.777712
5.518198
-3.545114
-7.695981
-11.706523
-17.025471
-17.888376
-13.702597
-11.940173
-4.850285
5.997419
10.459253
16.517809
19.065312
14.608588
11.479344
8.282151
-0.538826
-6.738220
-10.257448
-15.576567
-18.268824
-14.858076
-12.151343
-8.287941
2.998114
9.049177
13.790812
18.626451
15.927213
11.844635
9.677070
2.600806
-5.437647
-8.965901
-13.822317
-18.298285
-16.880376
-12.836116
-10.779926
-1.231602
7.604190
11.633124
17.898764
17.699174
13.044902
10.950054
6.027903
-3.154108
-7.886376
-11.847360
-16.987324
-17.947129
-13.615574
-11.550699
-5.019903
5.920444
10.465724
16.178063
18.948998
14.687606
11.499950
8.719819
0.137091
-6.252357
-9.745530
-15.193905
-18.441336
-15.470300
-12.503011
-8.893013
2.327987
8.889948
13.737849
18.855844
16.193049
11.880227
9.854521
2.928291
-5.110843
-8.627176
-13.524294
-18.116236
-16.970294
-12.994664
-11.064666
-1.911606
7.404259
11.525835
17.710243
18.089839
13.308355
10.987180
6.344148
-2.782004
-7.616282
-11.445795
-16.549315
-17.759119
-13.678074
-11.747224
-5.809580
5.264963
9.931496
15.696798
19.198656
15.242270
11.921270
9.215219
0.557218
-6.317241
-9.825570
-15.132768
-18.415451
-15.486819
-12.327433
-9.275675
1.549380
8.428267
13.045754
18.538066
16.417844
12.130567
10.276522
3.677947
-4.852329
-8.560419
-13.212476
-18.070255
-17.406770
-13.178076
-11.248418
-2.450773
7.181508
11.131082
17.263208
18.072639
13.306311
10.994673
6.986516
-2.047845
-7.132632
-10.944775
-16.365392
-18.044710
-14.051880
-11.892319
-6.253208
5.088534
10.076250
15.384981
18.979481
15.152522
11.732578
9.177583
1.006126
-6.060600
-9.474073
-14.721155
-18.469266
-15.925850
-12.581519
-9.797130
1.011917
8.489064
12.973888
18.704789
16.954115
12.268169
10.384321
4.087176
-4.700763
-8.500985
-12.953452
-17.803226
-17.321450
-13.125794
-11.495522
-3.389972
6.612710
10.588169
16.886847
18.478802
13.850076
11.267321
7.426909
-1.727513
-7.064002
-10.804960
-16.256571
-18.279212
-14.306477
-11.970997
-6.958076
4.306861
9.625639
14.863866
18.905061
15.353816
11.677742
9.461641
1.452991
-5.914995
-9.235314
-14.367104
-18.347502
-16.048636
-12.494837
-9.938649
0.516517
8.325066
12.493815
18.319232
17.057998
12.405600
10.409015
4.675899
-4.239934
-8.307014
-12.601103
-17.643997
-17.689637
-13.521739
-11.758634
-3.961665
6.522792
10.714020
16.901663
18.829959
14.175347
11.321987
7.695811
-1.400879
-7.099424
-10.566030
-15.970979
-18.318721
-14.513220
-12.067556
-7.779428
3.640652
9.438992
14.557668
19.009965
15.825714
11.994498
9.808200
2.145086
-5.594492
-8.871555
-13.781786
-18.103974
-16.452074
-12.654407
-10.402714
-0.410250
7.863726
12.110983
18.152850
17.397744
12.668031
10.695287
5.209446
-3.775869
-8.121559
-12.343270
-17.500435
-17.790794
-13.386522
-11.694431
-4.443611
6.215743
10.398456
16.188451
18.512011
14.072657
11.234283
7.976634
-0.796318
-6.829841
-10.296617
-15.712295
-18.447467
-14.938116
-12.084416
-8.035387
3.309250
9.474754
14.454637
19.273417
16.404390
12.334926
10.071312
2.744538
-5.300215
-8.807012
-13.735465
-18.070766
-16.682829
-12.920243
-10.723046
-0.966617
7.732085
11.848892
17.912047
17.668349
12.918030
10.700396
5.674192
-3.242152
-7.712841
-11.766638
-16.970464
-17.897061
-13.858931
-12.188298
-5.428791
5.447694
9.979521
16.002485
18.909829
14.566864
11.528560
8.502177
-0.284059
-6.558725
-9.899650
-15.239034
-18.276146
-14.959914
-11.948347
-8.379562
2.756459
9.057522
13.701916
18.921920
16.290120
12.090036
10.332380
3.362553
-4.995040
-8.694104
-13.504199
-18.137012
-17.106533
-13.084752
-11.087486
-1.710994
7.579327
11.539970
17.641612
17.810379
12.992450
10.723386
6.065028
-3.055675
-7.698366
-11.573860
-17.035348
-18.220118
-14.089857
-12.318747
-6.163801
5.077294
10.057177
15.818221
19.145523
14.943566
11.625460
8.865425
0.411613
-6.299530
-9.656293
-14.842238
-18.193892
-15.413250
-12.339183
-9.230375
1.636914
8.510692
13.255392
18.914938
16.904048
12.353659
10.396412
3.909043
-4.768201
-8.481060
-13.107232
-17.947810
-17.183168
-12.876306
-11.109625
-2.466270
7.196495
10.926213
16.962460
17.872197
13.175692
10.907820
6.796462
-2.418416
-7.536922
-11.314324
-16.757761
-18.378666
-14.142479
-11.852809
-6.530455
4.613740
9.704488
15.066351
19.174133
15.243803
11.626823
9.342262
1.042059
-6.154435
-9.426389
-14.637709
-18.369300
-15.886171
-12.475933
-9.772607
1.058578
8.647442
12.876817
18.613168
17.010484
12.398447
10.506255
4.503386
-4.043239
-8.011886
-12.590374
-17.708881
-17.507928
-13.298988
-11.650835
-3.450428
6.718465
10.914462
16.978979
18.387352
13.676882
10.996205
7.235152
-1.770939
-7.204499
-10.743993
-15.990394
-18.256732
-14.475584
-12.050867
-7.338864
3.786257
9.328978
14.697313
19.036021
15.476601
11.728832
9.450231
1.532861
-6.085805
-9.481566
-14.346668
-18.081154
-15.985114
-12.363877
-9.921108
0.276395
8.228677
12.417350
18.512181
17.478466
12.927396
10.904755
5.199569
-3.805671
-7.895572
-12.302569
-17.525298
-17.748901
-13.434717
-11.626652
-3.985677
6.483793
10.775839
16.664437
18.469947
13.848373
11.266811
7.913794
-1.023837
-6.788628
-10.293892
-15.888044
-18.565995
-15.126637
-12.581859
-8.040326
3.343991
9.228502
14.454637
19.136156
15.772581
11.671271
9.688990
2.161946
-5.540337
-8.848054
-13.836282
-18.119812
-16.448498
-12.770380
-10.585274
-0.584466
8.043902
12.133803
18.114022
17.571620
12.801375
10.743482
5.382129
-3.478357
-7.768699
-11.855534
-17.076390
-17.763206
-13.721500
-12.053932
-5.084957
5.619356
10.031121
16.196285
18.968752
14.552559
11.578628
8.278404
-0.674554
-6.956884
-10.284867
-15.692711
-18.439974
-15.019178
-12.307337
-8.572170
2.762079
8.946146
13.748407
18.885136
16.184023
12.176207
10.195460
3.133161
-5.018541
-8.495024
-13.605186
-18.019676
-16.801698
-12.901000
-10.898624
-1.376867
7.750307
11.762551
17.919711
17.908982
13.070788
11.001485
6.289482
-2.857787
-7.419416
-11.477641
-16.855001
-18.112659
-13.920409
-12.032134
-5.685261
5.384002
9.955508
15.701056
18.859591
14.475243
11.246715
8.583580
0.108991
-6.481239
-9.851626
-15.109607
-18.352440
-15.496867
-12.642315
-9.315865
1.823562
8.620705
13.318062
18.854312
16.712802
12.254545
10.182687
3.412962
-5.031994
-8.651018
-13.152020
-17.891100
-16.920737
-12.798991
-11.182342
-2.447026
7.193089
11.425018
17.524276
18.271038
13.586283
11.301722
6.972211
-2.280133
-7.369859
-11.116777
-16.585759
-18.122877
-14.006240
-11.881930
-6.327288
4.834618
9.569951
15.136685
18.842731
14.939138
11.413949
8.998598
0.780821
-6.262064
-9.822505
-14.952081
-18.489531
-15.846150
-12.404408
-9.477479
1.330376
8.724247
13.026680
18.530914
16.860110
12.491771
10.541677
4.274675
-4.334620
-8.215564
-12.679611
-17.645870
-17.275129
-13.085093
-11.325564
-3.038134
7.183892
11.361837
17.497369
18.737316
13.853822
11.170421
7.303442
-1.807383
-7.192918
-10.775839
-16.066687
-18.241235
-14.558179
-12.290307
-7.308892
3.948382
9.366274
14.798471
18.936055
15.285015
11.545420
9.005921
1.096896
-6.097555
-9.414298
-14.616592
-18.441847
-16.279391
-12.878690
-10.308538
0.121593
8.123943
12.494666
18.436909
17.181635
12.610810
10.616779
4.713876
-4.093988
-8.151702
-12.382439
-17.334223
-17.378160
-13.133969
-11.306320
-3.579344
6.543739
10.749613
16.874926
18.749067
14.147758
11.533839
8.068085
-0.935452
-6.795951
-10.422128
-15.950714
-18.257754
-14.677899
-12.309722
-7.728679
3.528084
9.111166
14.281103
18.926007
15.588999
11.771577
9.624107
1.917737
-5.841596
-9.176731
-14.234781
-18.437079
-16.483239
-12.669052
-10.540826
-0.535761
7.869346
12.009995
18.081665
17.405748
12.736661
10.869673
5.502190
-3.471545
-7.728679
-11.890275
-17.090866
-17.625264
-13.455323
-11.612347
-4.391159
6.375313
10.524818
16.532455
18.869638
14.320442
11.383806
8.273465
-0.643219
-6.783690
-10.319608
-15.649796
-18.412045
-15.054090
-12.340716
-8.447341
2.814361
8.893694
13.683353
18.583196
15.806641
11.738539
9.764433
2.413648
-5.646603
-9.128877
-14.109271
-18.587112
-16.986132
-12.910877
-10.812283
-1.220533
7.676227
11.877503
17.970800
17.801694
13.009991
10.928767
6.025519
-3.090416
-7.466589
-11.350087
-16.609090
-17.607212
-13.641970
-11.831692
-5.335638
5.564519
10.127681
16.060386
19.059011
14.850582
11.624098
8.645228
0.023331
-6.508146
-9.980372
-15.199014
-18.483911
-15.414783
-12.451921
-9.069613
2.113921
8.751665
13.368641
18.602950
16.193901
11.898109
9.989057
3.182547
-5.145243
-8.737530
-13.400827
-18.087796
-17.145702
-12.994494
-10.974577
-1.789672
7.498094
11.447838
17.584903
18.088477
13.246877
10.996887
6.715400
-2.330031
-7.321153
-11.341572
-16.693899
-18.077918
-14.024803
-11.958565
-6.059408
5.263260
10.108948
15.674148
19.121340
15.134811
11.696305
9.023292
0.507491
-6.324393
-9.621211
-14.826230
-18.452747
-15.778201
-12.650149
-9.710959
1.184259
8.429119
12.940850
18.513373
16.515085
12.212311
10.347026
3.935950
-4.555498
-8.312804
-12.886184
-17.730509
-17.218930
-13.129881
-11.307853
-2.774170
7.189853
11.170932
17.257759
18.248899
13.556991
11.091913
7.182019
-1.834461
-7.083927
-10.801554
-16.238689
-18.104485
-14.297962
-11.998415
-6.685598
4.466772
9.608950
14.997210
18.879856
15.167679
11.643682
9.299176
1.114266
-6.097555
-9.404080
-14.627491
-18.440144
-16.119821
-12.632779
-10.040147
0.641516
8.310761
12.635503
18.452406
17.023768
12.465715
10.531800
4.598243
-4.201957
-8.150680
-12.545245
-17.514399
-17.362663
-13.353995
-11.593955
-3.552607
6.637914
10.809387
17.066342
18.742595
14.029912
11.365414
7.595505
-1.267706
-6.857259
-10.343620
-15.783310
-18.055950
-14.472348
-12.127331
-7.554633
3.677947
9.281635
14.521565
18.892969
15.476091
11.701584
9.592261
1.736709
-5.887406
-9.207215
-14.203276
-18.365383
-16.361645
-12.723548
-10.262047
-0.148160
7.847037
12.053592
18.075023
17.382077
12.678419
10.747739
5.265985
-3.772633
-7.976464
-12.212651
-17.329625
-17.625264
-13.392482
-11.550869
-4.278421
6.478514
10.770389
16.846316
19.127471
14.487505
11.459419
8.261885
-0.655481
-6.747927
-10.142497
-15.648774
-18.361637
-14.941692
-12.448686
-8.419582
2.775533
8.827107
14.023781
18.964836
15.977621
11.859110
9.942906
2.520084
-5.534206
-8.972713
-13.925689
-18.257584
-16.928741
-12.945618
-10.891642
-1.272815
7.484300
11.645726
17.734425
17.650127
12.907130
10.867289
5.956207
-3.166028
-7.584946
-11.610304
-16.884804
-17.708710
-13.460091
-11.690855
-5.182709
5.643879

