-14.436756
-16.547782
-12.382950
-8.905275
-7.692746
-2.117668
4.420280
8.413281
15.308516
18.364532
14.316354
10.763918
5.428791
-4.203490
-9.750468
-12.534176
-16.219786
-13.953277
-9.527717
-8.159195
-4.452637
2.681017
7.190364
13.177395
18.887179
16.403369
12.065683
7.910047
-1.144920
-8.960451
-11.871713
-15.567371
-15.336445
-10.333232
-8.081709
-6.269727
0.213725
5.467279
10.082551
17.099891
17.708540
13.306822
9.909187
2.660922
-6.698881
-10.804279
-14.559201
-16.880376
-12.827090
-9.050540
-7.719823
-2.353021
4.394225
8.454323
15.002659
18.363169
14.499085
10.936431
5.855560
-3.632307
-9.353501
-12.353829
-16.257252
-14.399120
-9.752171
-8.172137
-4.703658
2.426079
6.974425
12.524639
18.372876
16.423804
12.199368
8.401190
-0.095027
-8.067574
-11.228834
-15.137536
-15.529054
-10.909523
-8.561441
-6.639106
-0.111376
5.639281
10.204656
17.186914
17.959561
13.246536
9.744338
2.731596
-6.696497
-10.710614
-13.978311
-16.500609
-12.499775
-8.805990
-7.879904
-3.110000
3.616980
7.780279
14.805113
18.891096
15.305792
11.504548
6.200416
-3.553629
-9.941714
-12.724910
-16.329288
-14.395714
-9.536062
-7.916519
-4.854713
2.034221
6.487199
11.936937
18.134287
16.817876
12.760844
9.222371
0.717129
-7.717099
-11.215210
-15.416827
-16.277347
-11.335952
-8.493151
-6.647280
-0.184434
5.639110
9.639774
16.366073
17.589842
13.159343
9.960277
3.586156
-5.792209
-10.188818
-13.535704
-16.516617
-13.118642
-9.267671
-8.094992
-3.386736
3.508329
7.699047
14.262540
18.640586
15.061072
11.119332
6.351301
-2.970014
-9.518351
-12.304613
-16.072137
-14.688628
-9.824719
-8.159706
-5.360671
1.668249
6.440367
11.792864
18.360785
17.279216
12.797458
9.087494
0.887939
-7.703475
-11.063644
-15.064308
-16.150985
-11.431319
-8.480379
-6.883996
-0.755957
5.284888
9.492295
16.356536
17.978634
13.568912
10.209765
4.006284
-5.527735
-10.266304
-13.345821
-16.668694
-13.578108
-9.352991
-8.248772
-3.873280
3.235681
7.403237
13.882092
18.811566
15.701566
11.611496
7.084267
-2.216441
-9.311267
-12.259483
-16.045911
-14.961277
-9.827614
-7.976634
-5.552598
1.274177
6.225961
11.114223
17.829963
17.208542
12.838670
9.409700
1.516512
-7.356916
-10.761704
-14.559541
-16.328267
-11.898790
-8.694274
-7.267169
-1.401561
4.960809
9.117978
16.112668
18.399443
14.020886
10.437625
4.452467
-5.288294
-10.285207
-13.210433
-16.412394
-13.579471
-9.477309
-8.421115
-4.398652
2.865110
7.277897
13.637032
18.979141
16.045741
11.759486
7.405451
-1.790013
-9.087494
-11.839867
-15.662057
-15.063626
-10.051727
-8.053439
-6.107603
0.541210
5.722557
10.601623
17.499413
17.661537
13.374090
9.798322
2.064364
-7.129397
-10.981049
-14.762708
-16.555786
-12.092590
-8.509840
-7.168225
-1.520259
4.726308
8.660895
15.424660
18.240213
14.097180
10.679109
5.293744
-4.350628
-9.869848
-12.796947
-16.421420
-13.936928
-9.616443
-8.246558
-4.379238
2.934933
7.380077
13.159343
18.732888
16.105175
11.726788
7.528918
-1.174722
-8.691720
-11.519023
-15.456676
-15.348877
-10.586466
-8.452960
-6.436450
0.165701
5.625997
10.541848
17.582178
17.814977
13.308525
9.820802
2.426420
-6.785733
-10.636364
-14.198848
-16.299146
-12.189661
-8.572170
-7.348912
-2.152239
4.260199
8.178609
14.928750
18.348013
14.593942
11.057002
5.750997
-3.872088
-9.723731
-12.807505
-16.528538
-14.233078
-9.541001
-8.135864
-4.580021
2.551930
6.950923
12.488535
18.288578
16.210590
11.952264
8.042370
-0.697715
-8.618832
-11.527027
-15.506063
-15.814815
-10.922466
-8.671284
-6.793227
-0.139305
5.679131
10.319948
17.403364
18.133095
13.400657
10.004044
3.146614
-6.286076
-10.565690
-13.890096
-16.425167
-12.637036
-8.953639
-7.735661
-2.622093
4.097394
8.086136
14.838151
18.710409
14.891454
11.184897
6.250143
-3.342969
-9.420599
-12.237174
-16.162736
-14.571462
-9.871721
-8.393185
-5.386046
1.949583
6.747927
12.134314
18.272059
16.593593
12.287242
8.447681
-0.148841
-8.372409
-11.239563
-15.061413
-15.641451
-10.866097
-8.343288
-6.797654
-0.558751
5.100625
9.495361
16.755206
18.322979
13.879708
10.530949
3.866468
-5.797148
-10.563816
-14.011860
-16.742774
-13.054269
-8.777891
-7.526193
-2.919436
3.904615
7.838692
14.084748
18.494129
15.236991
11.157990
6.335974
-2.933741
-9.550197
-12.564489
-16.646896
-15.380553
-10.495186
-8.807864
-5.783694
1.598256
6.606238
11.712824
17.881564
16.420058
12.111494
8.822169
1.367841
-7.138252
-10.471174
-14.431477
-16.023432
-11.640106
-8.771930
-7.147959
-0.956569
5.315713
9.641477
16.724212
18.600225
14.014585
10.318926
4.184757
-5.370889
-10.234969
-13.172286
-16.140427
-12.828452
-8.648123
-7.644211
-3.658192
3.171819
7.228681
13.532639
18.601588
15.552555
11.693069
7.079159
-2.358982
-9.487356
-12.453794
-16.372034
-15.376636
-10.266985
-8.193595
-5.696501
1.078674
6.142003
11.083909
17.738172
17.221825
12.909004
9.425197
1.742329
-7.285901
-10.912078
-14.593090
-16.166483
-11.814151
-8.675711
-7.067238
-1.125165
5.098922
9.117297
15.945775
18.412726
14.193058
10.680982
5.148479
-4.502024
-9.786061
-13.002668
-16.564642
-13.966049
-9.627683
-8.485828
-4.432201
2.876350
7.289989
13.320957
18.390587
15.453952
11.289801
7.139104
-1.734325
-8.931330
-11.659179
-15.632084
-15.299150
-10.559899
-8.555991
-6.413119
0.441074
5.778926
10.721684
17.888546
17.789262
13.074875
9.610483
2.059937
-7.154601
-10.738543
-14.059544
-15.930108
-11.664288
-8.328131
-7.270064
-1.912628
4.519224
8.576257
15.571288
18.754857
14.826400
11.258466
5.703143
-4.036427
-9.744678
-12.826409
-16.602789
-14.107568
-9.608439
-8.329494
-4.638093
2.598081
6.961652
12.692383
18.431629
16.085761
11.996712
8.140291
-0.709636
-8.585453
-11.502334
-15.598195
-15.757935
-10.949033
-8.554799
-6.623098
-0.018903
5.489077
10.049684
17.070600
17.669031
13.184547
9.905951
2.947365
-6.318944
-10.312114
-13.817038
-16.257933
-12.297630
-8.643525
-7.682698
-2.358982
4.305158
8.278574
15.004022
18.569401
14.730692
11.015279
5.831037
-3.756114
-9.679965
-12.439660
-16.270706
-14.419896
-9.639944
-8.303779
-5.047832
2.135038
6.839378
12.396915
18.413237
16.476257
11.977639
8.150169
-0.315394
-8.484466
-11.452947
-15.263557
-15.827928
-11.075394
-8.577619
-6.916523
-0.450781
5.403927
9.733609
16.978809
18.461772
13.980014
10.441371
3.702641
-5.765983
-10.308879
-13.760499
-16.519342
-12.767145
-8.792026
-7.596867
-2.949578
3.962176
7.928099
14.270203
18.493618
15.162740
11.586121
6.863390
-2.650704
-9.329319
-12.375116
-16.288928
-14.895371
-9.912082
-7.993494
-5.096367
1.868010
6.472724
11.550188
17.732041
16.381911
11.965547
8.557694
0.557729
-7.880586
-11.136532
-15.069076
-16.309193
-11.694942
-8.957045
-7.222039
-0.898327
5.280972
9.693759
16.794716
18.488850
13.988699
10.209424
3.709112
-5.728517
-10.243995
-13.395548
-16.395705
-13.023104
-8.969988
-7.898297
-3.731080
3.395932
7.612876
14.039108
18.836430
15.770708
11.814492
7.173164
-2.311298
-9.284871
-12.088163
-15.914100
-14.888048
-10.172810
-8.469309
-5.915506
0.974110
5.934409
11.045422
17.741408
17.134632
12.713330
9.159020
1.353536
-7.467781
-10.990926
-14.867953
-16.101428
-11.435236
-8.389779
-7.041182
-1.166037
4.933562
9.046282
16.076394
18.311739
14.196464
10.699545
4.751342
-4.902227
-9.832042
-12.861320
-16.250270
-13.317210
-9.164980
-7.920265
-3.850460
3.129414
7.415329
13.754198
18.966028
16.037566
11.921610
7.474422
-1.820666
-9.187801
-12.089525
-15.996013
-15.304429
-10.506936
-8.513246
-6.242650
0.800405
5.932365
10.684899
17.622880
17.440149
12.938465
9.475776
2.005441
-7.050208
-10.786397
-14.639412
-16.563450
-12.172971
-8.733102
-7.469313
-1.927614
4.538298
8.572170
15.463488
18.358571
14.347008
11.008297
5.569117
-4.139117
-9.682689
-12.682676
-16.390426
-13.856377
-9.242126
-7.848569
-4.025527
3.035239
7.200241
12.961115
18.424817
15.849045
11.623076
7.744176
-1.085656
-8.626154
-11.567899
-15.555790
-15.580654
-10.789973
-8.824893
-6.704841
0.163146
5.786419
10.541167
17.581667
17.911877
13.232572
9.542874
2.120222
-7.104874
-10.894367
-14.219284
-16.368457
-12.152365
-8.518696
-7.374457
-2.210140
4.353694
8.363383
15.263047
18.797943
15.003681
11.493649
6.320306
-3.334624
-9.400845
-12.354340
-16.191346
-14.243637
-9.660891
-8.205005
-4.855905
2.284220
6.720168
12.481383
18.495492
16.493457
12.107747
8.230039
-0.535590
-8.585623
-11.599575
-15.554939
-15.814645
-10.942391
-8.400679
-6.547826
-0.332253
5.279098
9.744508
16.607046
17.608234
13.264418
10.041680
3.250326
-6.204673
-10.379383
-13.773101
-16.480684
-12.872900
-8.958919
-7.670266
-2.711330
4.222563
8.412770
15.007087
18.964325
15.117952
11.300700
6.451266
-2.987896
-9.339026
-12.224231
-16.139746
-14.592069
-9.863547
-8.288111
-5.267007
1.814195
6.549018
11.880568
18.092564
16.634635
12.191534
8.416346
0.181198
-8.032322
-11.229685
-15.177897
-16.105175
-11.528901
-8.932522
-7.266658
-0.967128
5.162954
9.508644
16.572475
18.176862
13.779913
10.377169
3.955705
-5.756276
-10.301045
-13.423136
-16.297272
-12.790646
-8.664642
-7.461309
-3.036942
3.728696
7.742643
14.214686
18.737657
15.513556
11.605195
7.093634
-2.234152
-9.078979
-12.190512
-16.132423
-14.899629
-10.122061
-8.396762
-5.582230
1.513447
6.321158
11.434044
17.923117
16.769000
12.198005
8.647272
0.673362
-7.924352
-11.096171
-14.832701
-16.299146
-11.830841
-8.872747
-7.423162
-1.423018
4.801750
9.249449
16.353471
18.497195
14.096158
10.755062
4.734312
-4.976647
-9.897096
-12.976101
-16.279561
-13.292687
-9.050880
-7.861853
-3.689528
3.367492
7.417713
13.754368
18.963133
15.934195
11.872905
7.473401
-1.839059
-9.067399
-11.862857
-15.838317
-14.928409
-10.134493
-8.259501
-6.015982
0.808409
5.779948
10.691370
17.512356
17.152684
12.809208
9.399993
1.630442
-7.397618
-10.961635
-14.673642
-16.532285
-12.102638
-8.784873
-7.377863
-1.718317
4.677602
8.719308
15.834570
18.664258
14.354672
10.907650
5.184412
-4.593815
-9.928090
-12.886694
-16.366073
-13.673135
-9.183543
-7.948705
-4.085984
3.088883
7.323708
13.306992
18.650804
16.127654
11.987856
7.968460
-1.009192
-8.554970
-11.497906
-15.594448
-15.522071
-10.862180
-8.758307
-6.824391
0.046321
5.530970
10.247401
17.388037
17.638206
12.985979
9.581532
2.183574
-7.132121
-10.943583
-14.300006
-16.382081
-12.070792
-8.500133
-7.513080
-2.164330
4.230738
8.249283
15.167509
18.730674
14.925855
11.414460
6.200245
-3.364086
-9.427411
-12.524979
-16.280413
-14.160531
-9.492806
-8.092437
-4.597051
2.643381
6.986346
12.620687
18.574510
16.421761

