5.448546
6.783860
0.686475
-3.187486
-3.891672
-10.107926
-11.631421
-7.513591
-6.470680
-2.787965
3.862381
3.478697
2.660751
7.763760
6.075076
4.343305
7.210970
3.627368
-2.447367
-3.004585
-7.402045
-12.173142
-8.747578
-6.644896
-4.708426
1.982450
4.712003
2.210651
6.249802
7.454157
3.995895
6.183045
5.335978
-1.312835
-3.373793
-4.918235
-11.131423
-10.182176
-6.711994
-5.737884
-0.574759
4.775184
2.841098
4.522971
8.413451
5.004917
5.269561
6.811789
1.019069
-3.364597
-3.746237
-9.679454
-11.873416
-7.761036
-6.566729
-3.376518
3.491981
3.842456
2.736705
7.872922
6.673166
4.691396
7.200752
3.682886
-2.411774
-3.108638
-7.297141
-12.526172
-9.191207
-6.774153
-5.139623
1.251698
4.549537
2.105577
5.856752
7.651704
4.208769
6.501164
6.219149
-0.347580
-2.972228
-4.620722
-11.138916
-10.577440
-7.075412
-6.056343
-0.848600
4.823548
2.990961
3.896611
8.194957
4.958936
4.747084
6.807191
1.620054
-2.995389
-3.293242
-8.887563
-11.542184
-7.618836
-6.573030
-3.598588
3.325428
4.133327
2.799204
7.733277
6.840229
4.426071
7.018191
3.945998
-2.510377
-3.412621
-6.890638
-12.364898
-9.492465
-6.740093
-5.203485
1.044784
4.878385
2.593313
6.100961
8.208241
4.537616
6.284033
6.195307
-0.444140
-3.033536
-4.258496
-10.722535
-10.619504
-7.089376
-6.429979
-1.725129
4.361016
2.911091
3.583261
8.321319
5.845002
5.429472
7.341249
2.101660
-2.935103
-3.519569
-9.019886
-11.947836
-7.806846
-6.426573
-3.571851
3.162112
4.059587
2.057382
6.547826
6.186111
3.611360
6.564174
4.468816
-1.893895
-2.903768
-6.106922
-12.039968
-9.612015
-6.906305
-5.627871
0.576121
4.770075
2.446004
5.649839
8.222716
4.428795
5.794593
5.959783
-0.580038
-3.599099
-4.350798
-10.640791
-10.992799
-7.008825
-6.041867
-1.692942
4.518032
3.321682
3.496238
8.308717
5.725282
4.994869
7.172142
2.369540
-2.808060
-3.004585
-8.442402
-12.290137
-8.285386
-6.679637
-4.436799
2.375671
4.284893
2.405473
6.993839
7.198879
4.317079
7.020065
4.920449
-1.844168
-3.145082
-5.931173
-12.049334
-9.785209
-6.672485
-5.641324
0.326293
4.748957
2.178635
4.788807
7.968119
4.233633
5.514451
6.640298
0.346218
-3.078495
-3.909724
-10.114908
-11.067050
-7.022619
-6.213529
-2.236537
4.355226
3.602505
3.335306
8.161919
5.929640
4.691056
7.123777
2.663817
-2.954858
-3.160068
-7.839714
-12.126310
-8.401700
-6.589890
-4.378217
2.375501
4.527739
2.416543
6.979704
7.613557
4.279613
6.655795
5.082573
-1.654966
-3.333773
-5.737032
-11.926889
-10.168212
-7.046802
-5.915846
-0.219686
4.773821
2.482108
4.710129
8.222035
4.626513
5.529778
6.806510
0.791209
-3.032003
-3.754922
-10.188307
-11.582545
-7.414988
-6.403753
-2.642700
3.860678
3.415857
2.810104
7.851805
6.010192
4.427603
7.165500
3.333262
-2.580711
-2.910069
-7.381269
-11.951583
-8.638416
-6.783690
-4.823208
1.865114
4.549537
2.210651
6.497247
7.659708
4.195486
6.317581
5.130087
-1.510382
-3.347397
-5.378383
-11.526176
-10.006768
-6.680659
-5.911248
-0.504426
4.857097
2.782685
4.310949
8.090053
4.752534
5.203315
6.765468
1.097407
-3.120048
-3.613915
-9.823867
-11.804785
-7.632801
-6.529433
-3.077473
3.763097
4.097904
3.048182
8.085285
6.552594
4.549197
7.333926
3.822361
-2.496072
-3.139291
-7.122755
-12.066194
-8.831194
-6.748268
-4.920278
1.617670
4.597051
2.065897
6.127017
7.793052
4.255261
6.452458
5.820990
-0.809772
-3.084455
-4.918575
-11.357239
-10.378361
-6.805147
-6.073032
-1.209123
4.269906
2.750499
4.007816
7.873433
4.741635
4.869189
6.575414
1.089062
-3.383330
-3.590754
-9.354864
-11.740753
-7.653918
-6.379911
-3.258330
3.515482
4.208429
2.805335
7.701090
6.685768
4.312311
7.107769
4.088708
-2.324751
-3.059762
-6.673847
-12.084586
-9.081534
-6.706204
-5.223410
1.235008
4.919256
2.279793
5.813156
8.093289
4.571676
6.407329
6.034034
-0.713212
-3.280299
-4.688672
-11.357921
-11.036737
-7.083416
-6.307704
-1.582248
4.284722
2.669096
3.622430
8.272103
5.297320
4.775354
7.062129
1.772302
-3.188848
-3.355912
-8.668218
-11.784179
-7.614919
-6.234135
-3.616980
3.177438
4.055841
2.497605
7.314341
6.833417
4.337515
6.961141
4.258496
-2.176251
-3.098590
-6.179980
-11.808872
-8.899314
-6.243842
-5.096538
0.966447
4.930667
2.353362
5.766494
8.397273
4.489762
6.011043
6.239414
-0.166042
-3.105402
-4.147291
-10.820798
-11.084931
-7.157837
-6.285395
-1.925571
4.322359
3.096206
3.473248
8.254562
5.523818
4.855054
7.283347
2.474615
-2.993856
-3.287452
-8.429459
-12.043885
-8.089031
-6.490605
-3.820828
3.149339
4.425730
2.220699
7.065875
7.091079
4.238742
6.848063
4.885708
-1.589230
-2.802100
-5.693776
-11.689493
-9.532656
-6.671803
-5.651372
0.221729
4.805667
2.471209
5.061626
7.991961
4.448891
5.574908
6.171976
-0.173705
-3.471885
-4.195145
-10.350091
-11.163269
-7.324900
-6.482601
-2.362388
4.045452
3.232956
3.114258
8.153575
5.839212
4.638944
7.266147
2.734661
-2.908707
-3.383330
-8.074897
-12.084075
-8.180652
-6.281648
-4.016842
2.769402
4.906484
2.703837
7.073709
7.527726
4.471540
7.106236
5.514622
-1.188687
-2.784559
-5.390474
-11.842251
-10.040147
-6.928274
-5.853006
-0.220707
4.604885
2.346890
4.654101
8.156129
4.658869
5.537101
6.553786
0.501190
-3.324406
-3.935099
-10.108096
-11.529922
-7.580859
-6.582907
-2.750499
3.720181
3.191573
2.697706
7.678270
5.729028
4.256623
6.915161
3.087010
-2.651555
-2.988577
-7.287945
-11.738709
-8.342607
-6.616626
-4.685436
2.146619
4.668236
2.474955
6.853172
7.977656
4.534040
6.839037
5.416019
-1.400198
-3.285919
-5.328315
-11.832544
-10.389430
-6.666013
-5.523818
-0.332935
4.616976
2.571685
4.347563
8.051736
4.671131
5.263771
6.882463
1.104048
-3.088542
-3.570489
-9.728500
-11.883293
-7.863385
-6.827968
-3.262077
3.494876
3.650699
2.693108
7.679462
6.357772
4.543407
7.250820
3.656830
-2.545629
-3.020593
-7.004227
-12.009655
-8.554799
-6.235838
-4.620893
1.741648
4.882813
2.408539
6.217786
7.717950
4.259689
6.393194
5.838530
-0.812156
-2.977678
-4.674537
-11.221341
-10.422979
-6.971870
-6.152221
-1.154968
4.515988
2.664839
4.076106
8.448873
5.204678
5.125999
6.821326
1.329184
-3.246580
-3.518377
-9.116275
-11.889253
-7.842268
-6.598064
-3.441572
3.195660
3.502369
2.117668
7.237366
6.493160
4.331725
7.153409
4.331725
-2.090079
-3.014803
-6.652560
-12.110983
-9.234973
-6.665843
-5.106074
1.291037
4.850967
2.308743
5.622421
7.618495
3.889799
5.836317
5.938326
-0.574078
-3.309420
-4.320485
-10.729517
-10.801213
-7.041863
-6.152902
-1.620735
4.443611
3.206219
3.989254
8.628879
5.681174
5.149330
7.022279
1.919951
-3.015654
-3.466266
-8.967263
-12.069600
-7.922820
-6.485496
-3.925903
3.026724
4.322869
2.514975
7.261378
7.092272
4.522460
7.066727
4.483632
-2.073731
-2.906663
-6.079503
-12.051378
-9.423494
-6.707396
-5.506277
0.506299
4.698549
2.214398
5.202123
7.969311
4.444974
6.026200
6.353515
-0.097070
-3.331048
-4.500151
-10.937623
-11.174338
-7.302931
-6.494011
-1.905986
4.350628
3.059932
3.228869
8.090905
5.496740
4.560777
7.025174
2.436638
-2.949408
-3.276723
-8.307866
-11.938299
-8.067063
-6.507635
-4.097053
2.777917
4.463877
2.473593
7.136720
7.226467
4.405635
7.085800
4.982437
-1.637254
-2.819300
-5.682877
-11.863538
-9.836129
-6.731578
-5.624635
0.202996
4.900524
2.685785
5.276714
8.275509
4.583597
5.772114
6.660904
0.309774
-3.241982
-3.999983
-10.369335
-11.302914
-7.402216
-6.796632
-2.945151
3.623281
3.178801
2.715928
7.730722
5.803108
4.621063
7.177591
2.900192
-2.818108
-3.221886
-8.008991
-12.224572
-8.326088
-6.350790
-4.240956
2.400194
4.464218
2.105917
6.710291
7.432018
4.051072
6.559236
5.249296
-1.525538
-3.188848
-5.272116
-11.550188
-9.998424
-6.633145
-5.587510
-0.041212
4.948889
2.672843
4.735504
8.422647
4.920619
5.514962
6.559576
0.500168
-3.457240
-3.881965
-9.969813
-11.632953
-7.506950
-6.515128
-2.873284
3.882476
3.697702
2.909047
7.913453
6.387915
4.766669
7.403067
3.531490
-2.468313
-2.917392
-7.467781
-12.456860
-8.874961
-6.583588
-4.680838
1.842976
4.766158
2.557039
6.538630
7.761206
4.478182
6.803615
5.987201
-0.769411
-2.966268
-4.916532
-11.431319
-10.466916
-7.041522
-6.220852
-0.930173
4.443441
2.298185
3.903253
8.027213
4.533018
4.807029
6.476470
1.057557
-3.294774
-3.746748
-9.399482
-11.761359
-7.620028
-6.263426
-3.234829
3.396613
3.715924
2.605745
7.649320
6.423507
4.461493
7.192578
3.960133
-2.281325
-2.868516
-6.634338
-11.714697
-8.661236
-6.537097
-4.904611
1.478365
4.787786
2.324751
6.220341
7.958923
4.366977
6.277050
6.025178
-0.669105
-3.330878
-4.996402
-11.546271
-10.968617
-7.223402
-6.184237
-1.363584
4.282849
2.565384
3.585645
8.091927
5.020755
4.977669
6.958076
1.693964
-3.056015
-3.437996
-9.152719
-12.071984
-7.990258
-6.762743
-3.746407
3.097228
3.926584
2.242497
7.209948
6.609644
4.260540
7.206712
4.568441
-1.832076
-2.581051
-5.903074
-11.426721
-8.851630
-6.452969
-5.148479
1.140152
4.950081
2.368007
5.570139
7.918903
4.259859
5.836487
5.998441
-0.422682
-3.276723
-4.395757
-10.809728
-10.826928
-7.102830
-6.365435
-1.824243
4.470008
3.134693
3.409215
7.913794
5.215066
4.540171
6.819453
1.841954
-3.303119
-3.236362
-8.300202
-11.795930
-8.028405
-6.406307
-3.650018
2.978189
4.281657
2.535411
7.339035
7.095167
4.609994
7.273640
4.917383
-1.832587
-3.099101
-5.982433
-11.984110
-9.523971
-6.564685
-5.267007
0.607456
4.783528
2.210992
5.032165
7.954495
4.466772
5.823203
6.360667
0.091451
-3.246069
-4.191228
-10.727814
-11.294399
-7.232257
-6.518364
-2.448899
3.965582
3.222057
3.122772
7.912772
5.610330
4.802602
7.189512
2.637250
-2.820492
-3.075259
-7.984298
-12.046099
-8.112022
-6.359134
-3.976822
2.913475
4.766839
2.558913
7.067408
7.436275
4.152911
6.826775
5.234310
-1.359156
-2.799545
-5.152566
-11.430638
-9.633643
-6.661075
-5.792890
-0.147649
4.656315
2.319302
4.826614
8.219140
4.573890
5.533014
6.545782
0.372274
-3.501858
-4.135711
-10.308879
-11.593444
-7.443598
-6.400006
-2.583095
3.850801
3.357955
2.957582
7.851635
5.960464
4.704169
7.275343
3.174373
-2.685104
-3.112044
-7.505587
-12.184381
-8.547306
-6.450415
-4.381963
2.151728

