-11.677061
-7.562808
-6.464209
-3.003563
3.693615
3.721714
2.816916
7.861853
6.314857
4.523311
7.193429
3.656660
-2.300058
-2.814531
-6.786415
-11.798654
-8.541005
-6.439345
-4.824400
1.701457
4.876171
2.393723
6.405456
7.948875
4.385199
6.493160
5.822522
-0.916038
-3.226485
-4.920959
-11.274133
-10.282142
-6.895576
-6.092957
-0.738927
4.725116
2.621923
3.904615
7.976123
4.703828
4.895755
6.730556
1.177617
-3.228017
-3.538472
-9.421962
-11.788266
-7.549013
-6.507635
-3.319979
3.517015
3.981079
2.662625
7.686785
6.667546
4.591601
7.368326
4.233803
-2.044269
-2.804995
-6.755250
-12.104852
-8.961303
-6.617989
-5.063329
1.478195
4.869699
2.253396
5.997930
7.946662
4.170282
6.047487
5.990607
-0.556367
-3.132820
-4.402399
-10.871547
-10.431835
-7.002354
-6.385190
-1.539162
4.339218
2.524512
3.583942
8.163622
5.204507
4.857949
6.776878
1.597575
-3.270422
-3.424883
-9.066548
-11.884485
-7.804462
-6.574392
-3.548861
3.429651
4.422665
2.818619
7.600444
6.732941
4.137414
6.947006
4.175220
-2.303805
-3.007310
-6.142855
-11.890616
-9.043046
-6.369182
-5.286080
0.832421
4.645927
2.026728
5.485501
8.289644
4.769053
6.354025
6.424700
-0.295298
-3.317084
-4.642010
-11.198521
-11.202097
-7.184063
-6.349938
-1.694645
4.527569
3.032855
3.273828
7.933038
5.270754
4.754918
7.106066
2.168076
-2.950941
-2.975294
-8.321490
-11.978660
-7.778066
-6.348235
-3.873450
2.940042
4.380941
2.502033
7.474593
7.233790
4.398142
7.093123
4.953316
-1.707588
-2.932038
-5.834614
-11.809553
-9.420770
-6.751844
-5.516154
0.686816
5.135025
2.588034
5.361523
8.231061
4.476479
5.666869
6.325926
-0.036785
-3.263780
-4.056522
-10.552066
-11.285884
-7.255418
-6.432193
-2.406154
3.926243
3.152915
3.255435
8.114576
5.817073
4.894733
7.364409
2.725465
-2.873795
-3.181015
-8.162090
-12.242794
-8.225271
-6.464549
-4.114934
2.666712
4.284893
2.043418
6.640979
7.237877
4.185438
6.827286
5.202634
-1.489605
-3.005266
-5.427940
-11.569262
-9.734290
-6.859643
-5.862713
-0.077656
4.715068
2.252204
4.489933
7.907663
4.264797
5.138602
6.129742
0.150033
-3.537791
-4.074233
-10.240759
-11.476108
-7.433210
-6.519215
-2.717120
3.875153
3.427437
2.942426
8.044073
6.044762
4.605736
7.212503
3.069980
-2.700431
-3.110341
-7.663454
-12.091398
-8.450065
-6.562642
-4.487549
2.392020
4.861525
2.485514
6.754228
7.744857
4.523311
6.892511
5.593130
-1.271793
-3.131628
-5.267518
-11.564834
-10.091748
-6.860665
-6.123441
-0.632831
4.486697
2.301931
4.186119
8.001157
4.716430
5.318778
6.895236
0.969682
-3.202302
-3.788642
-9.877852
-11.636359
-7.426739
-6.393875
-2.835819
3.809759
3.713029
2.803121
7.791008
6.185770
4.215751
6.964888
3.488915
-2.437319
-2.840076
-6.925549
-11.848211
-8.508308
-6.507465
-4.697868
2.002716
4.984651
2.409220
6.434747
7.998262
4.425219
6.514617
5.667550
-1.054491
-3.224782
-5.153928
-11.702435
-10.710273
-7.046631
-6.153243
-1.070329
4.648481
2.855403
4.155976
8.094311
5.071844
5.368335
7.017340
1.202311
-3.238916
-3.382989
-9.237528
-11.714527
-7.615771
-6.500312
-3.376007
3.311123
3.670454
2.440555
7.629395
6.713697
4.561288
7.327795
4.271609
-1.999480
-2.831561
-6.592614
-11.821304
-8.680820
-6.346703
-4.935094
1.514639
5.035230
2.504928
5.903755
7.832732
4.098415
5.953823
5.604029
-0.989948
-3.366811
-4.521949
-11.067390
-10.677746
-6.901366
-6.071670
-1.229559
4.617827
3.006288
3.848246
8.050544
5.132811
4.793576
6.864752
1.597404
-3.292731
-3.420796
-9.010349
-12.169225
-7.810933
-6.371055
-3.483295
3.416198
4.461152
3.002371
7.795436
7.226637
4.605395
7.333585
4.627534
-1.947709
-2.924715
-6.301233
-12.018170
-9.202787
-6.742307
-5.533014
0.695160
4.803113
2.241475
5.527735
8.210795
4.607780
6.135702
6.300552
-0.282696
-3.286089
-4.254580
-10.718788
-10.890450
-7.081543
-6.356750
-1.822369
4.246405
2.907515
3.270422
8.054631
5.377020
4.655293
6.983621
2.269745
-2.970695
-3.048692
-8.127178
-11.643342
-7.759844
-6.278242
-3.673860
3.292901
4.650525
2.585990
7.250990
7.105214
4.108293
6.601640
4.542725
-2.101319
-3.378391
-6.250824
-12.247222
-9.943587
-6.694964
-5.692584
0.238078
4.637241
2.345698
5.371060
8.244004
4.504068
5.702121
6.465571
-0.123296
-3.284216
-4.088538
-10.686772
-11.503015
-7.584265
-6.570135
-2.383334
4.184927
3.423861
3.292561
8.236681
6.063495
5.052941
7.505417
3.103358
-2.533879
-2.937998
-7.863896
-11.828627
-7.948535
-6.356921
-4.155976
2.695322
4.720347
2.362047
6.734303
7.339546
4.102503
6.567580
5.186966
-1.359156
-2.879756
-5.254064
-11.483431
-9.747233
-6.760189
-5.820819
-0.107629
4.828487
2.475807
4.729884
8.096184
4.365614
5.201953
6.335122
0.054666
-3.664153
-4.037619
-10.223900
-11.640276
-7.422311
-6.423507
-2.580541
3.988232
3.611190
3.042221
8.182696
6.338869
4.865101
7.549695
3.402403
-2.511399
-2.882821
-7.548843
-12.156452
-8.296967
-6.480558
-4.649333
2.084289
4.785742
2.409220
6.652049
7.850102
4.497596
6.884507
5.679982
-1.224790
-3.027405
-5.036933
-11.553253
-10.026353
-6.712334
-5.840574
-0.479221
4.645075
2.541883
4.359143
8.203983
4.551070
5.015475
6.583759
0.783035
-3.432546
-3.750154
-9.802239
-11.623246
-7.377693
-6.431852
-2.861364
3.853866
3.669603
2.478191
7.549695
6.172146
4.223245
7.103511
3.732613
-2.422844
-2.858809
-7.019043
-12.193407
-8.840561
-6.627015
-4.999808
1.725299
5.107777
2.755438
6.519215
8.052758
4.401718
6.480387
5.852154
-1.103367
-3.373793
-4.685606
-11.095319
-10.393177
-6.809746
-6.122930
-1.054151
4.520757
2.509015
3.873791
8.205516
4.973241
5.028248
6.969656
1.498631
-3.350633
-3.572702
-9.297303
-11.774131
-7.615600
-6.456716
-3.551756
3.263950
3.874813
2.453157
7.541691
6.597553
4.358121
6.995201
3.944806
-2.533879
-2.933059
-6.404093
-11.982407
-8.992468
-6.379400
-4.928623
1.417909
4.960980
2.256632
5.821841
7.915156
4.341432
6.194626
6.136724
-0.525032
-3.185443
-4.631281
-11.190857
-10.910375
-6.989752
-6.100280
-1.306704
4.633495
2.994367
3.716605
8.336817
5.352838
4.904270
7.183722
2.013275
-2.957923
-3.346545
-8.981568
-12.217590
-8.058718
-6.748608
-3.962346
3.032344
4.151038
2.436127
7.321835
6.937299
4.279954
6.961823
4.391159
-2.086844
-2.931186
-5.949906
-11.851958
-9.231738
-6.648983
-5.403246
0.651564
4.628045
2.077307
5.294595
8.111170
4.393714
5.965914
6.316900
-0.220026
-3.282343
-4.319463
-10.935749
-11.182342
-7.352999
-6.485326
-1.957587
4.452126
3.296988
3.411259
8.133990
5.378212
4.535232
6.846700
2.204009
-2.969503
-3.155129
-8.354187
-11.930806
-7.928780
-6.631613
-4.295792
2.579178
4.176072
2.229725
7.003886
7.271767
4.458087
7.180146
5.207913
-1.599448
-2.856084
-5.716085
-11.765957
-9.439502
-6.492649
-5.314520
0.621251
4.881791
2.285412
4.944801
8.100612
4.334450
5.441734
6.406648
0.083787
-3.213712
-3.963368
-10.292871
-11.274474
-7.314341
-6.678275
-2.597400
3.942422
3.174543
2.903257
7.908685
5.644390
4.311459
6.839378
2.400364
-3.228869
-3.373112
-7.958242
-12.229851
-8.351122
-6.498780
-4.341602
2.480405
4.735334
2.547162
7.062640
7.467270
4.257986
6.858451
5.390303
-1.332590
-2.751010
-5.076613
-11.394194
-9.641647
-6.375824
-5.580698
0.005960
4.897799
2.647979
4.932540
8.543049
5.008834
5.632980
6.699562
0.402076
-3.460816
-3.999812
-10.272946
-11.649983
-7.432018
-6.435939
-2.799545
3.682545
3.196342
2.520084
7.630587
5.840744
4.261392
6.997926
3.050225
-2.960137
-3.247772
-7.666009
-12.265103
-8.633988
-6.614583
-4.637241
2.009869
4.601989
2.270256
6.669760
7.867983
4.447869
6.941727
6.041356
-0.810453
-2.829858
-4.779100
-11.267492
-10.058710
-6.459951
-5.585807
-0.060116
5.195822
2.850635
4.461493
8.299691
4.735334
5.131108
6.925719
1.286609
-2.953495
-3.451450
-9.644713
-11.865752
-7.873774
-7.013934
-3.528084
3.424202
3.683397
2.705199
7.715225
6.249121
4.222052
6.847041
3.000668
-3.081220
-3.310783
-6.994861
-12.027706
-8.736849
-6.437302
-4.746744
1.599618
4.716941
2.265828
6.332227
8.056504
4.464728
6.565877
6.026711
-0.728539
-3.050566
-4.630770
-11.056662
-10.113376
-6.524324
-5.833251
-0.847237
4.960639
2.927950
4.017353
8.256265
5.062478
5.014283
6.931339
1.366990
-3.218821
-3.496068
-9.192058
-11.903558
-7.866621
-6.690536
-3.553459
3.298351
3.832749
2.373116
7.508653
6.638084
4.295111
6.994350
4.068102
-2.317599
-3.097398
-6.776708
-12.180124
-9.100778
-6.508146
-4.933391
1.672847
5.303281
2.674886
6.021091
8.143527
4.385199
6.249973
6.352833
-0.278609
-3.006629
-4.395417
-10.905436
-10.581017
-6.868328
-6.220852
-1.509019
4.464728
2.916370
3.844159
8.582899
5.597217
5.006620
6.929125
1.457078
-3.431865
-3.633159
-9.110825
-12.267487
-8.063657
-6.619181
-3.815549
2.973761
3.949744
2.186980
7.148811
6.663459
4.047326
7.055828
4.502535
-2.099446
-2.998795
-6.188495
-12.023108
-9.223904
-6.597723
-5.325930
1.044103
5.222900
2.697025
5.758490
8.188827
4.535913
6.153073
6.399325
-0.208276
-3.193957
-4.276208
-10.917698
-10.952609
-6.902558
-6.124633
-1.752887
4.490273
3.220865
3.503050
8.220332
5.449568
4.621744
7.034029
2.156496
-3.262929
-3.415687
-8.526700
-12.149640
-8.183718
-6.534202
-4.035575
2.734831
4.196508
2.222402
7.011550
7.185936
4.190717
6.896428
4.918235
-1.755783
-2.785921
-5.599431
-11.719976
-9.400334
-6.579672
-5.644900
0.395775
5.110162
2.725976
5.420106
8.435590
4.839727
6.029436
6.521600
-0.002725
-3.327812
-3.896952
-10.363545
-11.178425
-7.090398
-6.285225
-2.173015
4.189355
3.374815
3.218481
8.027894
5.698204
4.507984
7.145745
2.723932
-2.982616
-3.293242
-8.088521
-12.231895
-8.373771
-6.762062
-4.467624
2.437830
4.300220
2.076626
6.838696
7.503544
4.198721
6.717103
5.308730
-1.485688
-3.095184
-5.386727
-11.544398
-9.723731
-6.565196
-5.555834
0.160081
5.061967
2.766166
5.119358
8.520399
4.887070
5.730391
6.849255
0.581912
-3.425564
-3.748110
-9.801047
-11.261872
-7.304805
-6.387234
-2.623967
3.924710
3.340755
2.744709
7.972036
6.100621
4.561288
7.276194
3.327302
-2.690724
-3.230912
-7.744176
-12.444428
-8.831365
-6.893873
-4.872254
2.056701
4.782336
2.440214
6.520067
7.439000
4.031488
6.364925

