1.674891
5.308219
5.736862
11.439323
8.953639
2.595186
4.295792
1.177447
-3.711496
-3.053631
-4.886729
-8.924859
-7.160221
-6.775686
-7.905790
-1.437323
5.153758
5.560432
9.890624
11.391980
3.984315
3.490107
2.934592
-3.067766
-3.962346
-3.913641
-8.211306
-8.350611
-6.211485
-7.991791
-4.304647
3.750154
5.261898
7.510696
12.623753
6.858281
2.983979
4.448720
-0.809431
-4.003559
-3.073045
-6.507805
-9.193420
-6.511552
-7.479872
-6.879228
1.195839
5.518879
5.927767
11.596339
9.851967
3.243855
4.594156
1.551253
-3.680331
-3.013270
-4.605225
-8.996895
-7.453816
-6.627696
-8.094822
-1.927785
4.935094
5.317075
9.459938
11.702946
4.052946
3.087180
3.231423
-2.753053
-3.869704
-3.475973
-7.882970
-8.614744
-6.394046
-8.370365
-5.344663
3.009524
5.239589
7.290840
12.643337
7.652385
3.101315
4.550389
-0.596046
-4.083429
-3.110170
-6.298338
-9.019375
-6.219830
-6.898471
-6.897279
0.946692
5.516665
5.477667
11.082717
10.188137
3.172159
4.415001
2.116135
-3.514630
-3.382478
-4.508836
-8.844307
-7.774319
-6.703990
-8.168050
-2.601828
4.503897
5.033187
8.756774
11.919907
4.844666
3.358466
3.696680
-2.386400
-4.099607
-3.629242
-7.745198
-8.743320
-6.317411
-7.968971
-5.048854
3.333603
5.845683
7.180486
12.341227
7.660730
2.675738
4.456043
0.122104
-3.747429
-2.746582
-5.564349
-9.046623
-6.790331
-7.169587
-7.369007
0.184604
5.510535
5.744185
11.014768
10.652031
3.426416
4.041025
1.948220
-3.789663
-3.578493
-4.485335
-8.828640
-7.924863
-6.689004
-8.479016
-3.289836
4.285233
4.994358
8.403233
12.009314
5.038636
2.909558
3.489426
-2.241646
-4.273653
-3.719330
-7.467100
-8.756944
-6.254741
-7.996729
-5.932195
2.354724
5.288976
6.631953
12.302910
8.610998
3.260715
4.763774
0.541210
-3.675904
-3.012589
-5.639451
-9.056500
-6.752184
-6.733792
-7.025514
0.245912
5.634342
5.569458
10.637386
10.833059
3.089053
3.652402
2.424887
-3.086329
-3.371920
-3.986018
-8.559227
-8.289303
-6.846189
-8.447851
-3.525189
4.242488
5.454676
8.552756
12.346676
5.583252
2.849443
3.651721
-1.862730
-3.874813
-2.893891
-6.746905
-8.460113
-5.964381
-7.585798
-6.270238
1.959630
5.553961
6.727491
12.527704
9.528569
3.702641
5.043745
0.812156
-4.147802
-3.511565
-5.647966
-9.116275
-6.776367
-6.577117
-7.425376
-0.539507
5.188840
5.082744
9.806497
10.915143
3.414665
3.753730
2.975634
-2.929143
-3.559589
-3.974097
-8.584261
-8.536577
-6.690707
-8.559397
-4.088197
4.052605
5.474431
8.053780
12.466908
6.001847
2.778939
4.177775
-1.291548
-3.913641
-3.008842
-6.693602
-9.004218
-6.262915
-7.410220
-6.315538
1.928636
5.736521
6.344318
11.960438
9.363890
3.073386
4.780463
1.361711
-3.618513
-2.786602
-4.615273
-8.841242
-7.126672
-6.856067
-8.265802
-1.606430
4.993507
5.174705
9.807519
11.802401
4.191910
3.516163
3.016676
-3.041880
-3.974267
-3.873450
-8.231572
-8.361510
-6.113904
-7.962159
-4.421983
3.535066
5.161081
7.341760
12.289456
6.598915
2.733128
4.379238
-0.774860
-3.907681
-2.794095
-5.958932
-8.730718
-6.357261
-7.416010
-6.777048
1.330205
5.556856
6.007297
11.738709
10.121720
3.279788
4.614762
1.763616
-3.739766
-3.503220
-4.958085
-9.085621
-7.597549
-6.660564
-7.808549
-1.671314
5.034719
5.325249
9.222712
11.485815
3.987891
3.066404
3.209114
-2.339397
-3.622089
-3.343310
-7.682187
-8.456366
-6.283351
-8.189338
-5.276033
3.062827
5.217961
7.021257
12.393849
7.271256
2.812658
4.444974
-0.515665
-4.108974
-3.348419
-6.143706
-8.916344
-6.595680
-7.155452
-6.762402
0.899860
5.539315
5.668402
11.116777
10.131087
2.918073
3.954342
1.708780
-3.429481
-3.252200
-4.374640
-8.556843
-7.463353
-6.556511
-8.264439
-2.560956
4.809243
5.533525
9.328468
12.234620
4.984992
3.228358
3.389290
-2.565043
-4.237379
-3.788131
-7.895231
-8.817400
-6.221363
-7.935762
-5.444459
2.744538
5.232607
6.667205
12.100935
7.596527
2.858809
4.675559
0.067438
-3.918409
-3.006629
-5.913973
-9.153060
-6.823369
-7.234301
-7.525682
0.156675
5.379915
5.490610
10.829142
10.790995
3.420455
4.262073
2.409390
-3.196001
-3.115279
-3.977503
-8.355890
-7.594994
-6.345000
-8.354187
-3.265824
4.128388
4.863909
8.219821
12.061255
5.157845
3.307377
4.315376
-1.724958
-3.827810
-3.398657
-7.471187
-9.088687
-6.190198
-7.699728
-5.675554
2.622945
5.437136
6.703990
12.146916
8.061102
2.368859
4.186971
0.077997
-4.269566
-3.314359
-5.752019
-9.315695
-7.107769
-7.137571
-7.630076
-0.252042
5.390814
5.469322
10.528054
10.929789
3.533193
4.039833
2.684423
-2.976656
-3.093140
-3.546306
-8.255073
-7.925204
-6.306342
-8.502688
-3.926754
4.177434
5.305154
8.389609
12.726954
6.033863
3.077473
4.091433
-1.796484
-4.404272
-3.372601
-6.857259
-8.677244
-5.947351
-7.552079
-6.315197
1.712186
4.954849
5.717107
11.656284
8.630412
2.644914
4.402569
0.853198
-4.041365
-3.370558
-5.543232
-9.440524
-7.186106
-6.798335
-7.695471
-0.673192
5.601985
5.555153
10.195630
11.369841
3.627539
3.475802
2.789668
-2.962010
-3.662109
-3.796475
-8.279766
-8.353336
-6.334100
-8.214882
-4.111017
4.067251
5.238737
7.656131
12.340886
6.071329
2.729212
4.093477
-1.344510
-4.247086
-3.124475
-6.627015
-9.028060
-6.530796
-7.724932
-6.779262
1.441070
5.399670
5.955866
11.795248
9.564332
2.996922
4.470178
1.316922
-3.822701
-3.374304
-5.205018
-9.309735
-7.537944
-6.756101
-8.004904
-1.522303
5.311625
5.721705
9.907143
11.796100
4.262073
3.547328
3.077132
-2.707413
-3.573724
-3.252370
-7.523128
-8.106402
-6.146772
-8.314848
-5.091599
3.085136
4.963364
7.104703
12.373073
6.972381
2.921479
4.482099
-0.715596
-4.182373
-3.413984
-6.616456
-9.116275
-6.531477
-7.212503
-6.584270
1.376867
5.481754
5.656310
11.119843
9.710108
2.934081
4.228183
1.809427
-3.289155
-2.990620
-4.588025
-8.781127
-7.481745
-6.621565
-8.207900
-2.059766
5.040850
5.516495
9.455681
12.042863
4.729543
3.563336
3.503731
-2.579519
-3.772974
-3.354549
-7.648809
-8.523124
-6.305661
-8.137737
-5.065714
2.998795
5.027226
6.885018
12.270042
7.215738
2.681358
4.333598
-0.510386
-4.043409
-3.007821
-6.028754
-9.209088
-6.667716
-7.396085
-7.298504
0.478029
5.347388
5.500828
10.976451
10.145051
2.990450
4.010201
1.630272
-3.698724
-3.341436
-4.413979
-8.827618
-7.637569
-6.463528
-8.119856
-2.604212
4.792384
5.381448
9.090560
12.297630
5.204848
3.557205
3.829343
-2.227000
-3.982612
-3.447703
-7.607426
-8.645058
-6.155797
-7.830007
-5.237716
3.192084
5.636726
6.997415
12.396744
7.951089
2.824579
4.424197
0.013283
-3.986529
-2.934933
-5.803789
-9.257964
-6.888253
-7.340057
-7.793903
-0.291892
5.209105
5.671978
11.061430
11.020388
3.673009
4.454000
2.507823
-3.481592
-3.522294
-4.183054
-8.785384
-8.030278
-6.359475
-8.217948
-3.233297
4.326105
5.069120
8.346694
12.227297
5.425896
3.271273
4.140139
-1.646110
-3.773996
-3.077132
-7.149151
-8.856910
-6.264618
-8.052417
-5.916016
2.534389
5.513430
6.506102
12.238366
8.528403
2.722229
4.396268
0.541721
-3.800392
-3.022466
-5.281823
-8.897270
-6.769725
-6.916353
-7.664306
-0.519242
5.285059
5.412102
10.459253
11.313302
3.801755
3.988402
2.807379
-3.225463
-3.728356
-4.105057
-8.450406
-8.213009
-6.456375
-8.352825
-3.865446
3.822190
5.000830
7.989236
12.555463
6.021942
3.040859
4.278932
-1.181364
-3.944124
-3.289495
-6.711994
-8.764608
-6.133488
-7.409368
-6.076097
2.005611
5.218983
5.945308
11.557511
8.631945
2.736364
4.465750
0.986712
-3.646101
-2.976997
-5.167723
-9.203127
-7.362025
-6.943941
-7.773297
-0.807217
5.370378
5.567244
10.138239
11.248248
3.695488
3.449576
2.670969
-3.073215
-3.728015
-3.944124
-8.348397
-8.325066
-6.480387
-8.446659
-4.244532
3.933055
5.561795
7.933038
12.636014
6.553956
3.088372
4.320315
-1.120227
-3.875324
-2.987725
-6.793737
-9.221009
-6.469488
-7.859468
-7.054465
1.269920
5.367483
6.049701
11.859451
9.410381
2.774511
4.196337
0.832592
-4.056352
-3.168413
-4.644564
-8.865254
-7.083757
-6.487540
-7.947854
-1.710824
4.607950
4.764455
9.411403
11.630739
4.395587
3.856080
3.283364
-2.785580
-3.847906
-3.862381
-8.106743
-8.272443
-5.975962
-7.645914
-3.967455
4.197529
5.631958
7.408006
12.213162
6.687130
2.789157
4.438843
-0.544957
-3.626857
-2.831561
-6.479195
-9.416342
-6.817750
-7.879564
-7.276194
0.897476
5.623102
6.264618
12.017148
10.140623
2.949749
4.187993
1.247610
-4.242659
-3.551585
-4.699060
-8.891310
-7.388421
-6.582396
-8.328472
-2.357108
4.485335
4.886048
9.133475
12.065683
4.742146
3.699064
3.667048
-2.315726
-3.607103
-3.264802
-7.695981
-8.456877
-5.932876
-7.847377
-4.980053
3.354720
5.470003
7.100616
12.442214
7.497413
3.060954
4.649843
-0.456912
-4.068102
-3.019912
-6.063325
-9.192739
-6.402731
-6.959268
-6.864241
0.824077
5.445140
5.405460
10.813645
9.859119
2.628565
3.991127
2.181530
-3.315721
-3.239938
-4.333428
-8.945976
-8.024318
-6.997415
-8.451768
-2.564532
4.993166
5.625827
9.436948
12.603998
5.001681
3.097228
3.552437
-2.393552
-3.960473
-3.095014
-7.217441
-8.393356
-5.924361
-7.820129
-5.668061
2.794606
5.365610
6.807872
12.441363
8.126838
2.919265
4.515648
0.058583
-3.892524
-2.908877
-5.464043
-8.894716
-6.699392
-7.093123
-7.603509
-0.248296
4.869018
5.088363
10.443415
10.468619
3.327302
4.182713
2.374990
-3.347227
-3.631115
-4.430839
-8.805990
-8.033173
-6.444795
-8.026872
-2.738919
4.822697
5.494186
8.525678
12.179613
5.172321
2.726827
3.559078
-1.872437
-3.893716
-3.163644
-6.971870
-8.546455
-6.122249
-7.760014
-5.814348
2.552782
5.652905
6.909030
12.528385
8.604867
3.004415
4.613570
0.363588
-4.182032
-3.426245
-5.640132
-9.230375
-7.029602
-7.117816
-7.750647
-0.660249
5.077294
5.199909
10.256597
10.952779
3.570148
3.886734
2.410242
-3.334795
-3.594841
-4.283019
-8.821658
-8.249623
-6.575074
-8.583069
-3.834963
4.103865
5.156994
8.053439
12.308359
5.792550
3.036601
3.963879
-1.612220
-3.785746
-2.894402
-6.616967
-8.510521
-5.915506
-7.371392
-6.075416
2.128567
5.430153
6.314516
12.071133
8.993319
3.120388
4.780633
0.889982
-4.135370
-3.572192
-5.784205
-9.581872
-7.451091
-7.096699
-7.672650
-0.645603
5.412953
5.309752
9.999616
11.143855
3.388269
3.315551
2.551590
-3.076621
-3.575768
-3.789152

