-40.907519
-39.165190
-37.047182
-34.501212
-31.710523
-28.725692
-25.352240
-21.114179
-16.743967
-12.211800
-7.493496
-2.824238
1.466955
5.662101
9.207896
12.648957
16.677720
21.133082
25.187901
28.983014
32.534429
35.609688
38.404465
40.942430
42.422499
43.299539
44.067587
44.127703
43.610334
42.695148
40.940557
38.700104
36.635399
34.286806
31.512465
28.551817
25.441817
22.302185
18.861805
14.468431
9.869507
5.697863
1.138619
-3.221546
-7.188831
-11.194433
-15.387705
-19.382920
-23.302351
-26.995284
-29.914209
-32.189233
-34.853731
-37.452664
-39.568629
-40.990455
-41.740281
-42.226996
-42.562144
-42.472737
-41.985512
-41.280815
-39.690052
-37.721395
-35.405329
-32.739639
-29.858691
-26.716505
-22.789070
-18.557991
-14.088324
-9.377003
-4.701955
-0.311136
3.858294
7.787432
11.030265
14.762878
19.097158
23.366553
27.310337
30.981983
33.977372
37.021126
39.855582
41.681187
42.597055
43.625321
43.984652
43.735504
42.950596
41.502884
39.562668
37.540538
35.367523
32.689571
29.877935
26.789393
23.799283
20.479645
16.572305
12.131419
7.820981
3.441572
-1.150370
-5.221367
-9.129729
-13.420071
-17.538922
-21.342039
-25.273902
-28.677838
-31.155518
-33.736740
-36.459991
-38.857971
-40.599959
-41.587523
-41.935444
-42.512587
-42.645761
-42.196342
-41.666201
-40.458781
-38.718666
-36.695685
-34.104075
-31.106302
-28.246301
-24.769987
-20.469768
-16.101939
-11.438472
-6.803104
-2.296993
2.061299
6.178107
9.583405
13.084412
17.364706
21.769830
25.718382
29.450655
32.741172
35.975320
38.835321
41.267020
42.459113
43.466602
44.186796
44.080019
43.529442
42.500666
40.736880
38.486889
36.464759
34.051623
31.171015
28.166090
24.960211
21.795205
18.134458
13.684375
9.125131
4.956893
0.459126
-3.982101
-7.898808
-12.040990
-16.353130
-20.300831
-24.200167
-27.785472
-30.491863
-32.957452
-35.704885
-38.358825
-40.329354
-41.667393
-42.238746
-42.761053
-43.007817
-42.674031
-42.193787
-41.260719
-39.450100
-37.400041
-35.047872
-32.197407
-29.138327
-25.897878
-21.720954
-17.384461
-12.777022
-8.075578
-3.290687
1.048871
5.216258
8.885520
12.248414
16.289268
20.685707
24.783952
28.703894
32.147339
35.136427
38.141864
40.908200
42.474270
43.321507
44.136047
44.324057
43.838365
42.912449
41.193621
39.065054
37.026405
34.652437
31.915562
28.966154
25.918484
22.574152
19.161190
14.956508
10.427747
6.070137
1.561301
-2.905301
-6.902048
-10.847364
-15.246017
-19.296237
-23.116214
-26.866879
-29.899904
-32.280854
-34.915209
-37.492854
-39.677961
-41.192770
-41.856595
-42.276553
-42.718479
-42.684930
-42.151213
-41.380269
-39.850644
-37.959814
-35.668441
-32.925946
-30.018262
-26.984555
-23.214817
-18.895864
-14.457362
-9.796109
-5.139112
-0.577484
3.722395
7.602828
10.828972
14.507600
18.880878
23.098503
27.012655
30.633552
33.836365
36.839758
39.705038
41.637421
42.606592
43.537276
43.970006
43.612037
43.013096
41.703837
39.682559
37.636757
35.470894
32.806226
30.002764
26.889529
23.772206
20.662546
16.758101
12.232406
7.940360
3.642525
-0.904117
-5.098070
-9.054627
-13.162238
-17.306634
-21.190132
-25.129489
-28.430394
-31.026942
-33.536468
-36.305359
-38.779974
-40.486710
-41.495562
-42.016676
-42.551926
-42.662450
-42.238746
-41.692938
-40.583270
-38.701466
-36.578178
-34.093516
-31.257187
-28.306076
-24.899244
-20.652499
-16.343253
-11.811256
-7.100446
-2.553293
1.621417
5.807706
9.398971
12.881586
17.054932
21.439280
25.457655
29.419661
32.789367
35.869394
38.985355
41.360004
42.720692
43.652909
44.283186
44.268540
43.753726
42.651892
40.795292
38.702147
36.705221
34.195525
31.360047
28.463943
25.393963
22.265400
18.519504
14.132772
9.649651
5.235161
0.722068
-3.640652
-7.593632
-11.754206
-16.077757
-20.029715
-24.080106
-27.723653
-30.524901
-33.133371
-35.732303
-38.341113
-40.383509
-41.663647
-42.279959
-42.754241
-43.168749
-42.885031
-42.419434
-41.505780
-39.729050
-37.778957
-35.357305
-32.423564
-29.388666
-26.239327
-22.179740
-17.737150
-13.132947
-8.436271
-3.739936
0.778948
5.012240
8.858783
12.181657
16.105516
20.555428
24.713278
28.535468
32.141209
35.291740
38.273335
40.992839
42.615277
43.641669
44.537101
44.658184
44.017179
43.268374
41.667223
39.399692
37.359851
34.957954
32.134056
29.119594
25.927680
22.688593
19.230332
14.872721
10.233266
5.901711
1.416036
-3.095865
-6.996053
-10.957718
-15.171255
-19.239868
-23.300818
-27.084351
-30.240672
-32.802480
-35.415547
-38.025890
-40.205887
-41.549206
-42.170116
-42.561633
-42.792729
-42.639971
-42.163645
-41.604723
-40.072373
-37.997791
-35.379274
-32.614640
-29.754639
-26.853425
-22.944723
-18.669878
-14.283657
-9.530953
-4.698719
-0.244549
3.884690
7.847207
11.238711
14.830317
19.155741
23.319892
27.310848
30.931405
34.086023
36.902598
39.763280
41.768551
42.763438
43.549367
43.995891
43.720177
42.993682
41.639975
39.572375
37.535088
35.399709
32.673734
29.750041
26.694025
23.608208
20.365204
16.518491
12.006589
7.696322
3.343821
-1.186984
-5.293233
-9.140287
-13.307674
-17.458541
-21.370309
-25.074312
-28.355633
-30.916589
-33.509391
-36.164692
-38.602863
-40.572882
-41.474445
-41.968482
-42.366811
-42.533704
-42.126860
-41.500330
-40.349109
-38.567781
-36.603723
-33.997468
-31.100171
-28.089455
-24.716173
-20.573309
-16.218764
-11.570454
-7.029431
-2.492837
1.778773
5.798851
9.281806
12.737002
16.908475
21.430935
25.405203
29.133729
32.582964
35.710846
38.803305
41.164841
42.503050
43.498107
44.236353
44.100795
43.576104
42.644739
40.818623
38.690567
36.642551
34.252916
31.456777
28.473479
25.307792
22.128480
18.505199
14.094625
9.626491
5.219494
0.743014
-3.631115
-7.586649
-11.793886
-16.003336
-20.076718
-24.127790
-27.860403
-30.554703
-32.999345
-35.754783
-38.486379
-40.543761
-41.820151
-42.425224
-42.921986
-43.285234
-43.103014
-42.585305
-41.655643
-40.022646
-37.813868
-35.361392
-32.561847
-29.537848
-26.193006
-22.103786
-17.680270
-13.113362
-8.301905
-3.537451
0.954015
5.247934
8.999620
12.340035
16.393491
20.848853
24.909973
28.867551
32.398020
35.341297
38.376365
41.103704
42.703322
43.656996
44.489588
44.529949
44.027567
43.140650
41.389295
39.251191
37.216629
34.716981
31.843015
28.872831
25.738137
22.473165
18.869638
14.613867
9.995188
5.703143
1.205036
-3.314018
-7.190875
-11.092084
-15.403032
-19.547599
-23.468733
-27.237960
-30.233690
-32.668454
-35.254615
-37.725823
-39.895262
-41.456904
-42.090586
-42.523657
-42.916196
-42.823042
-42.247091
-41.437490
-39.837190
-37.840264
-35.461017
-32.624858
-29.710191
-26.634932
-22.841181
-18.564122
-13.949360
-9.141309
-4.583257
-0.177281
4.099948
7.975272
11.223895
14.816352
19.266265
23.517098
27.437210
31.055212
34.156867
37.134205
40.027073
41.738067
42.765141
43.708427
44.121231
43.687820
42.908192
41.528089
39.526565
37.357467
35.130467
32.604762
29.661996
26.618753
23.509264
20.315477
16.355004
11.761699
7.406473
3.040007
-1.466104
-5.525521
-9.474754
-13.698680
-17.738342
-21.573305
-25.551830
-28.816291
-31.315429
-33.825636
-36.496265
-38.972242
-40.720701
-41.660922
-42.036431
-42.501347
-42.587348
-42.129414
-41.453838
-40.377208
-38.586344
-36.389998
-33.808265
-30.910458
-27.889694
-24.420023
-20.112140
-15.722513
-11.154754
-6.487029
-1.910755
2.273491
6.217105
9.735823
13.252837
17.529726
21.885293
25.804213
29.643093
32.976185
35.902091
38.927794
41.343996
42.607273
43.488060
44.218472
44.052941
43.464388
42.387417
40.414844
38.409744
36.317791
33.919130
30.935151
27.821405
24.722474
21.536691
17.764398
13.168028
8.874450
4.548345
-0.035763
-4.263435
-8.167539
-12.263911
-16.529560
-20.604985
-24.604797
-28.032064
-30.657394
-33.183098
-35.836526
-38.306373
-40.376527
-41.623626
-42.214223
-42.696851
-42.932885
-42.553970
-41.992153
-40.868180
-39.115293
-37.084988
-34.604073
-31.772000
-28.728076
-25.371483
-21.426167
-17.089844
-12.370859
-7.651363
-3.030641
1.360008
5.558389
9.166173
12.446301
16.379186
20.909309
24.963958
28.788533
32.265186
35.171509
38.180351
40.876014
42.147977
43.090582
43.937138
43.947697
43.416194
42.519059
40.832588
38.689886
36.604234
34.248999
31.493221
28.545005
25.445904
22.119113
18.734762
14.507771
10.053771
5.686113
1.285076
-3.052269
-6.948880
-10.993651
-15.165636
-19.174644
-23.070574
-26.920693
-29.864141
-32.223633
-34.762110
-37.415368
-39.676087
-41.039671
-41.705029
-42.181015
-42.634181
-42.562485
-42.021104
-41.361536
-39.823907
-37.931374
-35.490649
-32.740491
-29.883725
-26.858023
-23.092542
-18.751281
-14.326572
-9.638923
-4.988568
-0.472069
3.740788
7.493837
10.743482
14.601265
19.076552
23.252283
27.156046
30.843701
33.938885
36.871263
39.676598
41.715247
42.996407
43.863228
44.231585
44.002192
43.324573
41.913646
39.843151
37.722588
35.595042
32.854250
29.898882
26.976381
23.912021
20.724535
16.773939
12.315512
7.982424
3.560441
-1.085486
-5.161762
-9.086132
-13.292347
-17.498902
-21.497181
-25.521006
-28.841325
-31.423398
-33.982992
-36.690576
-39.110013
-40.961163
-41.994027
-42.434420
-42.795454
-42.989595
-42.602335
-42.051077
-40.814877
-39.106267
-36.971058
-34.213577
-31.299080
-28.251239
-24.743080
-20.548616
-16.226768
-11.462484
-6.774323
-2.252204
2.065216
6.281819
9.795598
13.213158
17.394679
21.858556
25.950670
29.728072
33.158745
36.196027
39.224114
41.601828
42.873621
43.886048
44.529268
44.447865
43.781485
42.680502
40.928807
38.771459
36.654472
34.104075
31.144619
28.160300
25.016921
21.824326
18.169710
13.751984
9.196997
4.781314
0.056028
-4.170452
-7.988214
-12.117454
-16.332184
-20.225729
-24.136305
-27.786664
-30.435664
-32.992704
-35.662651
-38.194486
-40.252549
-41.442769
-42.035580
-42.511225
-42.844330
-42.534215
-41.938509
-41.104896
-39.361204
-37.191084
-34.668446
-31.779153
-28.783424
-25.569541
-21.713461
-17.459222
-12.944596
-8.328131
-3.538643
0.942605
5.116803
8.764948
12.007611
15.867267
20.227773
24.308818
28.142418
31.799248
34.884214
37.703174
40.450437
42.061976
42.962517
43.696676
43.855224
43.334109
42.559419
40.923698
38.822038
36.825963
34.538507
31.737259
28.710195
25.750058
22.617068
19.291980
15.123742
10.642324
6.353685
1.896279
-2.531324
-6.344148
-10.108607
-14.270033
-18.310036
-22.255523
-26.038545
-29.099158
-31.535796
-34.003769
-36.637272
-38.829020
-40.373121
-41.213887
-41.651385
-42.167221
-42.205538
-41.807890
-41.126524
-39.702143
-37.836177
-35.674061
-32.993896
-30.088936
-27.138846
-23.672410
-19.561223
-15.137536
-10.517665
-5.869695
-1.404285
2.887590
6.804466
10.025842
13.462986
17.766612
22.058317
26.002952
29.730286
33.032724
35.993372
38.973604
41.180338
42.285238
43.278933
43.877363
43.720177
43.085303
42.004415
40.042741
38.043090
35.897493
33.443485
30.680554
27.665581
24.593047
21.424804
17.669712
13.222184
8.841923
4.447188

