-30.915907
-30.581270
-29.040405
-26.595082
-24.368082
-22.567170
-20.018986
-16.126973
-12.397936
-8.953299
-5.631277
-2.539158
0.266007
3.517696
7.094315
11.014598
14.860971
18.348013
20.983560
23.361444
25.881699
28.293133
30.445201
32.126904
32.715797
32.577004
32.118899
31.445197
30.965464
30.618395
29.957294
29.236419
28.574978
27.008057
24.693353
22.092206
19.127471
16.036885
12.969119
9.360143
5.800383
3.039326
0.390155
-2.388103
-5.495378
-8.944784
-12.331690
-15.209573
-17.926012
-20.551171
-22.823811
-24.924449
-27.300460
-29.012305
-30.129978
-30.734709
-30.708313
-30.491352
-30.220747
-29.901096
-29.891729
-30.600514
-30.639342
-29.607841
-27.467183
-25.099175
-23.232188
-21.118437
-17.626286
-13.840709
-10.322332
-6.941216
-3.773315
-0.967128
1.966102
5.596365
9.374108
13.246707
16.894511
19.840854
22.224358
24.644136
26.907069
29.304028
31.364986
32.387120
32.389845
32.223804
31.575475
31.022515
30.597448
29.973643
29.418128
28.901952
27.730295
25.619950
23.222140
20.413399
17.376798
14.207023
10.950906
7.354362
4.274164
1.683916
-1.039675
-3.918750
-7.198027
-10.773114
-13.926029
-16.512019
-19.309861
-21.884271
-24.053029
-26.448114
-28.436184
-29.725177
-30.582292
-30.782223
-30.483518
-30.429704
-30.167784
-29.906886
-30.381509
-30.787502
-30.241013
-28.557948
-26.076862
-23.901463
-22.221804
-19.445249
-15.525137
-11.906964
-8.455345
-5.212852
-2.252715
0.680515
4.024335
7.685253
11.562279
15.450035
18.750259
21.256379
23.675987
26.059491
28.606994
30.706780
32.220738
32.463074
32.351528
31.921182
31.291246
30.988285
30.648197
30.056068
29.372828
28.547730
26.751246
24.304220
21.658284
18.603631
15.514238
12.385675
8.780445
5.265134
2.587523
-0.023672
-2.965416
-6.088359
-9.570803
-12.925352
-15.700034
-18.469947
-21.121161
-23.346799
-25.669507
-27.992044
-29.553005
-30.493396
-30.970573
-30.802829
-30.638831
-30.424765
-30.085019
-30.379295
-31.030178
-30.770983
-29.348646
-27.025597
-24.697099
-22.799117
-20.440306
-16.707012
-12.948513
-9.410381
-6.100110
-2.851827
-0.044448
3.057548
6.667205
10.518347
14.495168
18.010480
20.731177
23.200342
25.557790
27.832304
30.178683
32.061679
32.713413
32.595055
32.228742
31.558956
31.084333
30.716317
29.996974
29.366187
28.753110
27.199813
24.898052
22.376435
19.515072
16.258274
13.193914
9.782655
6.229026
3.267016
0.629084
-2.152579
-5.198206
-8.531639
-12.174334
-15.112332
-17.723356
-20.393474
-22.755521
-24.908270
-27.300460
-29.086726
-30.242716
-30.928169
-30.801467
-30.510426
-30.342340
-30.048915
-29.900926
-30.520814
-30.662673
-29.793126
-27.755839
-25.244951
-23.310355
-21.358047
-18.076045
-14.154400
-10.580335
-7.200752
-4.041536
-1.075097
1.916204
5.333935
8.992127
12.941190
16.718422
19.727605
22.157431
24.496147
26.888847
29.213599
31.267405
32.354934
32.474995
32.261440
31.699112
31.032562
30.751399
30.204739
29.474327
28.915746
27.829920
25.726216
23.362977
20.600387
17.476593
14.475414
11.158671
7.489068
4.330363
1.790183
-0.852176
-3.757817
-7.043566
-10.479518
-13.658830
-16.399452
-19.257069
-21.707160
-23.959535
-26.280880
-28.383051
-29.747486
-30.533927
-30.764001
-30.583484
-30.483007
-30.206782
-29.911314
-30.327524
-30.854259
-30.212913
-28.522526
-26.147706
-24.093730
-22.348166
-19.637517
-15.737159
-12.087481
-8.656638
-5.306346
-2.339057
0.354222
3.713540
7.465567
11.341742
15.191010
18.542835
21.102769
23.649420
26.069028
28.416429
30.706780
32.211712
32.638482
32.513823
32.029833
31.433787
31.055723
30.671018
29.960871
29.417617
28.694698
26.855980
24.454423
21.892105
18.901314
15.827588
12.573344
9.020737
5.605732
2.810785
0.226157
-2.660240
-5.838020
-9.406464
-12.824706
-15.630211
-18.462454
-21.070242
-23.348842
-25.767088
-27.899912
-29.492208
-30.559301
-31.056064
-30.935492
-30.746801
-30.603068
-30.245951
-30.441284
-31.092507
-30.880826
-29.650416
-27.353082
-24.925811
-23.081814
-20.806619
-17.133440
-13.208900
-9.621211
-6.304809
-3.164836
-0.253575
2.829688
6.536416
10.364567
14.282976
17.915964
20.720618
23.112808
25.598151
28.001070
30.293465
32.172203
32.893760
32.926457
32.610212
31.879970
31.216655
30.957801
30.362265
29.595409
29.027632
27.509757
25.178364
22.543498
19.543682
16.354152
13.277020
9.782825
6.197691
3.238746
0.691925
-2.126013
-5.177600
-8.670432
-12.170928
-15.202420
-18.015078
-20.650455
-23.043837
-25.305918
-27.618919
-29.445205
-30.652966
-31.261955
-31.200307
-30.900751
-30.511788
-30.014345
-29.868569
-30.614649
-30.793633
-29.789380
-27.483361
-25.014877
-23.178203
-21.331140
-17.876455
-13.943570
-10.413102
-6.947858
-3.626857
-0.825439
1.945666
5.488225
9.314673
13.180460
16.933509
19.878490
22.351742
24.709020
26.997328
29.213258
31.280177
32.431568
32.567297
32.223804
31.645298
31.039374
30.642237
30.077185
29.305390
28.816972
27.745111
25.578737
23.066487
20.328079
17.288923
14.177050
10.936090
7.320983
4.162618
1.592125
-1.074416
-3.941400
-7.128716
-10.628871
-13.860294
-16.630888
-19.287552
-21.709204
-23.903847
-26.272365
-28.184823
-29.488461
-30.514683
-30.655180
-30.443668
-30.295849
-30.112607
-29.858691
-30.237947
-30.759914
-30.110223
-28.520141
-26.024069
-23.870468
-22.086757
-19.384623
-15.597173
-11.957543
-8.451087
-5.306687
-2.294438
0.543254
3.745215
7.416521
11.285543
15.085765
18.489020
20.997184
23.370300
25.833334
28.288535
30.607326
32.073430
32.493557
32.388653
31.958308
31.265361
30.945710
30.697584
30.062710
29.492208
28.683458
26.904174
24.501766
21.846635
18.778699
15.702077
12.592588
9.079661
5.655629
2.841609
0.278779
-2.643381
-5.839382
-9.421280
-12.712649
-15.604326
-18.424136
-21.157094
-23.322276
-25.622164
-27.936356
-29.612780
-30.713763
-31.179019
-31.016384
-30.826160
-30.672721
-30.401434
-30.598470
-31.288862
-31.182255
-29.663869
-27.342694
-25.046383
-23.212092
-20.746844
-17.012869
-13.147252
-9.644713
-6.218638
-3.025532
-0.080722
3.111533
6.795100
10.640621
14.599391
18.146038
20.817007
23.336921
25.810514
28.041942
30.367545
32.266208
32.961028
32.884564
32.490492
31.728745
31.194857
30.895642
30.227389
29.582126
28.989485
27.356659
24.926322
22.329603
19.380195
16.194241
12.998581
9.581702
5.963360
3.092119
0.424044
-2.416032
-5.412272
-8.735486
-12.256418
-15.243462
-17.924820
-20.600728
-22.890227
-25.164570
-27.494601
-29.171705
-30.387640
-31.132528
-30.994586
-30.702863
-30.449118
-30.130148
-30.022349
-30.649390
-30.809981
-29.820033
-27.616876
-25.043658
-23.134095
-21.084377
-17.767974
-13.954810
-10.290997
-6.836142
-3.766332
-0.872782
2.129248
5.696671
9.415150
13.215712
16.962120
19.910846
22.295884
24.711234
27.058806
29.439075
31.563895
32.432761
32.525403
32.303844
31.676974
30.947413
30.549765
30.061688
29.400246
28.807095
27.607168
25.579589
23.035322
20.281417
17.195259
14.141287
10.872568
7.197005
4.028422
1.461165
-1.164334
-4.048518
-7.356576
-10.878188
-13.972010
-16.680615
-19.551345
-22.001607
-24.192163
-26.475361
-28.377260
-29.737098
-30.607155
-30.770983
-30.497313
-30.402797
-30.157396
-29.916934
-30.284609
-30.834505
-30.162845
-28.283085
-25.831802
-23.732015
-21.972997
-19.219262
-15.330826
-11.701584
-8.305482
-4.965067
-1.903432
0.891515
4.108463
7.838351
11.732919
15.603985
18.797091
21.288225
23.833173
26.238135
28.502430
30.743224
32.224315
32.589946
32.403469
31.985044
31.362091
31.010764
30.614649
29.813051
29.289212
28.403146
26.589291
24.024589
21.313599
18.371855
15.329293
12.084246
8.398976
5.112376
2.363920
-0.292063
-3.099101
-6.283181
-9.665319
-13.019698
-15.936409
-18.805776
-21.363156
-23.569720
-26.025602
-28.172731
-29.604605
-30.635084
-31.024729
-30.814409
-30.615330
-30.408246
-30.063220
-30.320712
-30.870267
-30.590636
-29.138156
-26.721443
-24.376256
-22.517954
-20.028693
-16.442367
-12.718609
-9.101118
-5.773476
-2.670118
0.184093
3.380605
7.025003
10.822671
14.669555
18.280063
20.939623
23.270164
25.638001
27.861595
30.190434
32.070364
32.514674
32.518761
32.154662
31.376737
30.840124
30.440944
29.757874
29.102394
28.432778
26.877437
24.591684
22.013528
19.114699
15.853133
12.865748
9.443249
5.998101
3.036772
0.491823
-2.170801
-5.181347
-8.670432
-12.045588
-14.944928
-17.616408
-20.370654
-22.627115
-24.788039
-27.075154
-28.904336
-30.208656
-30.802999
-30.701160
-30.449288
-30.261789
-29.906375
-29.822758
-30.575139
-30.776092
-29.866014
-27.626412
-25.140047
-23.275954
-21.232707
-17.914942
-14.055627
-10.583741
-7.258824
-4.131794
-1.173019
1.825435
5.276544
9.022270
13.040815
16.790799
19.638538
22.031409
24.508919
26.891402
29.242209
31.351192
32.504116
32.748665
32.395124
31.623329
31.039715
30.741351
30.261108
29.608182
29.079573
28.032235
25.786843
23.221459
20.512172
17.413242
14.345816
11.067220
7.493496
4.410573
1.761573
-0.955888
-3.817081
-7.085970
-10.569436
-13.805117
-16.594103
-19.480671
-21.927186
-24.136305
-26.506526
-28.469563
-29.822929
-30.788864
-31.079905
-30.857325
-30.637128
-30.392068
-30.145815
-30.575820
-30.994586
-30.491011
-28.747320
-26.177679
-24.104118
-22.294181
-19.527163
-15.677554
-12.053592
-8.457388
-5.143029
-2.165862
0.690733
4.113572
7.820640
11.662585
15.510491
18.854141
21.466187
23.822444
26.236262
28.566463
30.867202
32.410281
32.861062
32.818317
32.330922
31.659092
31.137807
30.695200
30.062539
29.468366
28.640372
26.774917
24.280207
21.594933
18.508775
15.347685
12.144872
8.579493
5.112716
2.321856
-0.364780
-3.040518
-6.104537
-9.641477
-13.032470
-15.828780
-18.598863
-21.289587
-23.403679
-25.729111
-27.919667
-29.422385
-30.492544
-30.951500
-30.835186
-30.648879
-30.463082
-30.015877
-30.018772
-30.692986
-30.558620
-29.200486
-26.871477
-24.516923
-22.683144
-20.349196
-16.753163
-12.880564
-9.317568
-6.044422
-2.907515
-0.110524
2.823217
6.326607
10.123253
14.135327
17.786026
20.543507
22.873878
25.281225
27.546542
29.698099
31.725168
32.543114
32.617194
32.212905
31.491518
30.844722
30.487946
29.774904
29.082128
28.584174
27.229956
24.874210
22.208350
19.410849
16.335930
13.319254
9.961980
6.459441
3.568786
0.925405
-1.846552
-4.755259
-8.038623
-11.510849
-14.514412
-17.241410
-19.877298
-22.129502
-24.316651
-26.630333
-28.534106
-29.713426
-30.432429
-30.484029
-30.138663
-29.944863
-29.629469
-29.528141
-30.118738
-30.418975
-29.742547
-27.865171
-25.347131
-23.306268
-21.409988
-18.440485
-14.675174
-11.090040
-7.710287
-4.568611
-1.693283
1.202992
4.550559
8.184399
11.991262
15.813793
18.945251
21.367925
23.728098
26.066814
28.388160
30.684471
32.036475
32.273531
32.189233
31.665564
31.004633
30.625718
30.246973
29.523202
29.080425
28.136628
26.217358
23.841177
21.115712
18.089158
15.006576
11.907816
8.390461
5.129576
2.431359

