32.134056
32.432250
32.295159
31.754289
31.142575
30.701842
30.264854
29.502256
29.073783
27.804375
25.590488
23.373025
20.627124
17.401831
14.387880
11.296783
7.699047
4.514967
1.808235
-0.902074
-3.759691
-6.884166
-10.224410
-13.369662
-16.249248
-19.141095
-21.742071
-23.983376
-26.294504
-28.483527
-29.949290
-30.800274
-30.910288
-30.674594
-30.596086
-30.339105
-29.966661
-30.261448
-30.816453
-30.402626
-28.747490
-26.147536
-23.911340
-22.058657
-19.377981
-15.555280
-11.924505
-8.601631
-5.338703
-2.366475
0.606605
3.821509
7.440363
11.327267
15.071801
18.400465
20.928894
23.461240
25.919846
28.186015
30.360903
32.030514
32.581942
32.515015
31.987769
31.385081
30.955928
30.603068
29.777288
29.168299
28.676816
26.880503
24.247851
21.767105
18.756901
15.410866
12.249436
8.738892
5.528927
2.822876
0.080551
-2.813339
-5.895240
-9.230375
-12.485300
-15.276500
-17.998219
-20.795379
-23.118598
-25.370121
-27.682441
-29.279675
-30.345746
-30.817134
-30.750547
-30.559812
-30.311516
-29.939924
-30.015196
-30.695711
-30.591658
-29.418809
-27.101040
-24.744953
-22.711243
-20.552192
-17.058168
-13.246025
-9.759324
-6.488221
-3.399849
-0.504426
2.546992
6.190709
9.914977
13.659852
17.327581
20.154033
22.498369
25.003638
27.380330
29.656376
31.540564
32.349144
32.542263
32.370772
31.745434
31.152453
30.839443
30.151776
29.536315
28.940439
27.518954
25.151117
22.687401
19.882917
16.736303
13.773782
10.441031
6.874459
3.822872
1.196521
-1.542739
-4.557712
-7.883481
-11.265448
-14.226948
-16.860281
-19.691672
-22.302696
-24.458511
-26.840142
-28.766905
-29.948269
-30.753442
-30.778476
-30.632871
-30.556917
-30.239991
-29.977730
-30.571733
-30.952692
-30.227900
-28.307097
-25.840487
-23.728098
-21.831478
-18.663406
-14.752150
-11.235305
-7.816723
-4.615954
-1.666886
1.242331
4.652228
8.486680
12.487684
16.214848
19.232375
21.696091
24.171216
26.586056
28.920514
31.015021
32.476527
32.731806
32.625369
32.142741
31.478746
31.073775
30.566454
29.782908
29.310329
28.420857
26.420866
23.823636
21.059002
17.860958
14.788253
11.662756
7.991791
4.797152
2.103192
-0.644752
-3.556013
-6.807702
-10.238716
-13.472523
-16.282456
-18.926007
-21.498714
-23.733888
-26.186705
-28.363977
-29.850347
-30.821562
-31.123161
-31.006677
-30.771153
-30.490330
-30.174596
-30.353069
-30.924593
-30.573266
-29.014519
-26.617391
-24.274928
-22.249562
-19.668681
-15.909501
-12.242283
-8.815186
-5.548341
-2.455200
0.405482
3.643547
7.339035
11.100428
14.837469
18.267802
20.920209
23.234401
25.632552
28.025252
30.349493
32.053334
32.518251
32.516377
32.158579
31.410626
30.878442
30.443839
29.635770
28.943675
28.411661
26.847976
24.565629
21.943876
18.943378
15.669891
12.601103
9.221349
5.801065
2.896105
0.316586
-2.412455
-5.399670
-8.800541
-12.129205
-14.936072
-17.603295
-20.307473
-22.690977
-24.914571
-27.103935
-28.783083
-30.088595
-30.572244
-30.431747
-30.280181
-30.199119
-29.919658
-29.783589
-30.478069
-30.501059
-29.584510
-27.440275
-24.936710
-23.118258
-20.973172
-17.632927
-13.820274
-10.436773
-7.183552
-4.018545
-1.054832
2.026899
5.408696
9.190014
13.019017
16.614880
19.534486
21.938596
24.306093
26.742561
29.061011
31.065260
32.092503
32.349314
32.185316
31.586034
31.055212
30.744587
30.282566
29.567480
29.008559
27.871983
25.668825
23.049457
20.320075
17.128842
14.204809
10.931832
7.310084
4.337685
1.809767
-1.047850
-4.071168
-7.336310
-10.635172
-13.628857
-16.377653
-19.152505
-21.686895
-24.041448
-26.489156
-28.489658
-29.874189
-30.668804
-30.911820
-30.617373
-30.600173
-30.210188
-30.026095
-30.530691
-30.997821
-30.295508
-28.451851
-25.992053
-23.950679
-21.958011
-19.047431
-15.254021
-11.655092
-8.241108
-4.916361
-1.970700
0.913143
4.389116
8.181504
11.942216
15.630381
18.910340
21.571772
23.973158
26.369435
28.644630
30.890533
32.340799
32.516207
32.537154
32.120943
31.428167
30.972106
30.481986
29.739141
29.154505
28.246130
26.256357
23.809842
21.146025
18.073491
14.876638
11.683362
8.163793
4.745722
1.948902
-0.657524
-3.502369
-6.617478
-10.075910
-13.205835
-15.941177
-18.582685
-21.313599
-23.612465
-25.996651
-28.101717
-29.567310
-30.593191
-30.992883
-30.708143
-30.555725
-30.386107
-29.923746
-30.117886
-30.757189
-30.452183
-29.003109
-26.541097
-24.184329
-22.342035
-19.875935
-16.159841
-12.332371
-8.919069
-5.686624
-2.517870
0.169788
3.147806
6.730216
10.656118
14.488527
17.842054
20.413058
22.810016
25.370291
27.936527
30.155352
31.553847
32.277959
32.273190
32.206093
31.612090
30.995096
30.633552
29.853582
29.210363
28.691973
27.136292
24.819544
22.226742
19.242764
16.052042
13.009650
9.565183
5.936963
3.114598
0.585999
-2.133335
-5.189691
-8.542878
-11.845146
-14.686244
-17.590693
-20.267963
-22.560528
-24.935007
-27.301141
-29.135942
-30.227559
-30.798912
-30.781542
-30.649049
-30.545677
-30.210870
-30.107328
-30.862944
-30.934129
-29.847452
-27.691637
-25.311538
-23.332834
-21.164758
-17.791305
-14.011349
-10.551385
-7.187809
-3.990446
-1.040697
1.954862
5.567925
9.394884
13.277020
16.885996
19.832850
22.257056
24.722815
27.070897
29.492038
31.556232
32.528979
32.646145
32.473973
31.992708
31.429359
31.043461
30.417783
29.606819
29.120275
27.961731
25.855814
23.313931
20.552022
17.389059
14.123065
10.712998
7.143361
4.055500
1.370737
-1.324926
-4.179307
-7.465397
-10.987691
-14.048474
-16.769852
-19.599540
-22.146191
-24.412700
-26.791777
-28.712920
-30.030182
-31.009061
-31.096424
-30.850513
-30.837059
-30.694178
-30.337402
-30.766215
-31.144449
-30.452354
-28.608356
-26.061024
-24.004323
-22.004332
-18.988848
-14.982224
-11.335271
-7.980721
-4.771267
-1.730919
1.289674
4.667384
8.285557
12.241091
16.066858
19.310883
21.779367
24.233886
26.640551
28.911488
31.101363
32.482147
32.881669
32.765014
32.252584
31.517574
31.113625
30.634403
29.871975
28.987953
28.162003
26.307276
23.792812
21.091359
17.908641
14.778205
11.497736
7.907322
4.613740
1.955543
-0.742844
-3.631796
-6.825754
-10.350943
-13.386692
-16.114712
-18.960748
-21.495819
-23.703916
-26.127270
-28.293303
-29.655695
-30.700650
-31.019109
-30.786821
-30.522346
-30.256850
-29.868058
-30.111074
-30.736242
-30.399731
-28.810161
-26.396513
-24.170705
-22.235428
-19.633429
-15.804427
-12.035029
-8.598396
-5.434922
-2.422162
0.318459
3.611871
7.300036
11.077779
14.850582
18.133436
20.778690
23.209367
25.552341
27.738639
30.065264
31.789371
32.365492
32.223463
31.929697
31.297037
30.769621
30.370270
29.747827
29.114996
28.495789
26.889018
24.502277
21.895000
19.040108
15.896559
12.710605
9.310756
5.882638
3.061124
0.482968
-2.295460
-5.348069
-8.749621
-12.104000
-14.810562
-17.481361
-20.139899
-22.622517
-25.005000
-27.383396
-29.058967
-30.243908
-30.895642
-30.709164
-30.495950
-30.355964
-30.142580
-30.143772
-30.855962
-30.847618
-29.962063
-27.821405
-25.257383
-23.438590
-21.098001
-17.704964
-14.061417
-10.442393
-7.266828
-3.908532
-0.981433
2.021960
5.760193
9.562288
13.511351
17.171587
20.066329
22.409643
24.974516
27.434145
29.814414
31.811850
32.755136
32.825470
32.640525
32.102380
31.440258
31.174081
30.589785
29.827697
29.173579
27.932780
25.719234
23.106847
20.195075
16.994987
13.932671
10.524648
6.852831
3.774166
1.121419
-1.636233
-4.608120
-8.049522
-11.503696
-14.467069
-17.185211
-20.009279
-22.480999
-24.745124
-27.169841
-29.221433
-30.337913
-31.151601
-31.170334
-31.007699
-30.803680
-30.513661
-30.215127
-30.751910
-31.106813
-30.263151
-28.321232
-25.694030
-23.653678
-21.634272
-18.500090
-14.534167
-10.968447
-7.524320
-4.267522
-1.309088
1.493522
5.010537
8.749792
12.673310
16.472851
19.492252
21.920885
24.345773
26.736430
28.958832
31.261274
32.495090
32.739810
32.453367
32.128266
31.533752
31.131165
30.554022
29.728753
29.135602
28.109380
26.097809
23.507731
20.769664
17.745835
14.568567
11.225087
7.625478
4.447017
1.746927
-0.945159
-3.677777
-6.736858
-10.281801
-13.450384
-16.109943
-18.897397
-21.448476
-23.636988
-26.068858
-28.250047
-29.659612
-30.631678
-31.047889
-30.785799
-30.597959
-30.465296
-30.157396
-30.388491
-30.844041
-30.395644
-28.928178
-26.466506
-24.253811
-22.461755
-19.761494
-15.909672
-12.163094
-8.752687
-5.487544
-2.554825
0.319821
3.522975
7.219485
11.007956
14.909165
18.411534
20.951203
23.287194
25.794336
28.113467
30.401094
32.049417
32.548564
32.533918
32.222101
31.614644
31.208481
30.837059
30.072417
29.464960
28.710365
27.053526
24.692161
22.112642
19.023759
15.919549
12.717758
9.028571
5.600112
2.790689
0.082084
-2.600806
-5.670445
-9.130921
-12.592077
-15.359265
-18.059526
-20.837273
-23.110253
-25.361606
-27.684825
-29.292107
-30.423743
-30.970744
-30.914375
-30.701501
-30.560493
-30.272688
-30.234882
-30.908074
-30.771153
-29.593876
-27.339799
-24.956465
-23.136990
-20.847321
-17.082861
-13.249091
-9.729181
-6.404604
-3.235681
-0.535420
2.526896
6.177085
9.938649
13.844626
17.462117
20.200014
22.581816
25.122677
27.341843
29.626233
31.679869
32.572917
32.607998
32.311337
31.716142
31.193495
30.797550
30.164037
29.390710
28.790746
27.393443
25.102581
22.628137
19.807305
16.726937
13.496195
10.038274
6.446327
3.498452
0.944989
-1.792737
-4.578318
-7.826090
-11.398622
-14.340707
-16.839845
-19.657782
-22.093228
-24.350882
-26.730980
-28.610059
-29.789380
-30.723980
-30.880145
-30.680214
-30.471257
-30.210359
-30.032567
-30.524049
-30.844041
-30.034781
-28.257881
-25.724002
-23.740360
-21.861621
-18.734932
-14.696121
-10.953971
-7.567406
-4.394225
-1.589741
1.361540
4.704680
8.490426
12.324367
16.115734
19.280740
21.677698
24.090494
26.542289
28.790406
30.983176
32.202346
32.512631
32.458135
31.974827
31.343528
31.023877
30.574799
29.895646
29.277972
28.271845
26.278325
23.818868
21.100044
18.033981
14.918021
11.709929
7.988896
4.643713
1.923868
-0.722238
-3.504753
-6.701606
-10.186945
-13.407469
-16.020536
-18.767629
-21.365370
-23.638010
-25.952373
-28.216158
-29.720749
-30.694178
-31.043802
-30.850002
-30.695881
-30.531032
-30.195883
-30.465126
-31.084674
-30.697244
-29.123851
-26.639700
-24.391072
-22.549629
-19.966534
-16.114031
-12.394701
-8.918217
-5.529608
-2.559423
0.222410
3.444978
7.063491
10.960272
14.838491
18.256903
20.778520
23.229292
25.757551
28.057950
30.379636
32.140527
32.599654
32.560996
32.096250
31.546184
31.153475
30.721767
29.955421
29.363632
28.712579
27.097975
24.698632
22.097145
19.133772
16.048806
12.883459
9.363379
5.892856
3.021785
0.348943
-2.480916
-5.397626
-8.780616
-12.239218
-15.087979
-17.660345
-20.454952
-22.744962
-25.057282
-27.393103
-29.117720
-30.285120
-30.856133
-30.809130
-30.521325
-30.339786
-30.124869
-30.071224
-30.662503
-30.751399
-29.745613
-27.633395
-25.179556

