41.308233
42.541027
43.560948
44.108800
43.849094
43.032340
41.768721
39.653267
37.681886
35.356964
32.688720
30.127593
27.178696
23.848329
20.665782
16.854491
12.322664
8.005074
3.674711
-0.859499
-4.947015
-8.695636
-12.789794
-16.985961
-21.116563
-25.148732
-28.596606
-31.165225
-33.588069
-36.334991
-38.814545
-40.673358
-41.621753
-42.160749
-42.791367
-42.936632
-42.456899
-41.747604
-40.562153
-38.762603
-36.666053
-34.018925
-31.116690
-28.107166
-24.669681
-20.414591
-16.073499
-11.558533
-6.919588
-2.409901
1.974617
5.989756
9.485483
12.994323
17.011677
21.408115
25.448118
29.322590
32.696894
35.555703
38.414853
40.932213
42.399679
43.409211
44.104883
44.141667
43.556861
42.579515
40.587698
38.400378
36.630120
34.156867
31.109878
28.347799
25.206123
21.763529
18.090521
13.702086
9.439843
5.279439
0.662463
-3.745556
-7.598400
-11.562450
-15.752656
-19.707339
-23.631198
-27.453899
-30.322926
-32.699108
-35.386937
-37.926265
-40.011406
-41.299377
-42.001009
-42.486702
-42.787279
-42.519910
-41.980914
-41.111197
-39.392880
-37.405491
-34.995760
-32.235725
-29.072421
-25.926147
-22.014209
-17.657280
-13.164112
-8.624622
-3.997087
0.432730
4.630600
8.538280
11.799335
15.526158
19.969429
24.107354
27.849504
31.446559
34.567118
37.480763
40.270090
41.958605
43.159723
44.158867
44.374125
43.794598
42.925562
41.272811
39.292233
37.325961
35.087040
32.352550
29.551131
26.493413
23.221970
19.920553
15.756743
11.237860
6.938832
2.570663
-1.842805
-5.877018
-9.806326
-14.017820
-18.094948
-21.979298
-25.899581
-29.259750
-31.639678
-34.201826
-36.897319
-39.163317
-40.853534
-41.694811
-42.292731
-42.872599
-42.872429
-42.328835
-41.635377
-40.285587
-38.427114
-36.189386
-33.626897
-30.649560
-27.633565
-23.980481
-19.699505
-15.369654
-10.688305
-6.002528
-1.484496
2.802781
6.805999
10.293041
13.992276
18.260309
22.519657
26.547228
30.336891
33.610889
36.568301
39.376872
41.689702
42.814868
43.843985
44.507640
44.298853
43.621744
42.388780
40.328673
38.273675
36.207948
33.638307
30.654328
27.626412
24.370296
21.060194
17.279897
12.625115
8.249623
3.906488
-0.670978
-4.836151
-8.669921
-12.719461
-16.949517
-20.951203
-24.846281
-28.429713
-31.125205
-33.676624
-36.343336
-38.829701
-40.663481
-41.762590
-42.397295
-42.856591
-43.063675
-42.761224
-42.075770
-40.945496
-39.091110
-36.939383
-34.464938
-31.541416
-28.394801
-25.035824
-20.918335
-16.615050
-12.036221
-7.319280
-2.656664
1.735176
5.900008
9.525674
12.798309
16.762018
21.173273
25.248357
28.971263
32.330581
35.323415
38.251707
40.756464
42.114939
43.182543
44.082744
44.150863
43.670620
42.652232
40.792567
38.523504
36.556380
34.165042
31.377418
28.399399
25.263684
21.917990
18.475396
14.319760
9.864058
5.518198
1.021964
-3.284897
-7.110494
-11.057854
-15.212808
-19.123384
-22.977420
-26.703221
-29.732330
-32.157387
-34.716640
-37.307739
-39.638621
-40.942941
-41.513784
-42.025362
-42.480912
-42.384011
-41.764464
-41.040182
-39.432049
-37.693466
-35.424573
-32.612426
-29.750211
-26.563406
-22.743089
-18.472672
-14.180967
-9.596518
-4.992144
-0.502723
3.788301
7.432359
10.749613
14.490741
18.824509
23.098843
27.016231
30.549424
33.742530
36.678995
39.466960
41.334799
42.547158
43.556009
43.986355
43.652228
42.903083
41.545970
39.462703
37.442786
35.388810
32.758883
29.820033
26.887485
23.680755
20.503146
16.466549
11.869158
7.684571
3.411940
-1.209634
-5.300045
-9.168557
-13.237851
-17.321791
-21.339314
-25.238310
-28.568166
-31.165736
-33.760071
-36.468165
-38.943461
-40.592977
-41.661263
-42.146274
-42.782170
-42.774507
-42.342629
-41.736535
-40.504251
-38.576637
-36.361217
-33.775568
-30.957290
-27.786153
-24.235759
-20.089660
-15.706505
-11.147431
-6.433385
-1.952308
2.360344
6.550550
10.139772
13.551882
17.695938
22.117921
26.214804
29.870612
33.163684
36.073753
39.094176
41.478361
42.537621
43.651547
44.356925
44.115271
43.388435
42.199407
40.287801
38.135903
36.049741
33.450297
30.567816
27.563061
24.360078
21.036523
17.242261
12.863704
8.341074
3.999812
-0.507661
-4.702296
-8.528233
-12.633290
-16.710077
-20.647560
-24.480139
-28.175456
-30.922209
-33.408233
-35.942793
-38.417067
-40.357453
-41.573899
-42.043584
-42.538813
-42.874983
-42.428630
-41.824579
-40.850980
-39.049728
-37.010227
-34.488950
-31.603404
-28.580087
-25.273561
-21.158797
-16.712972
-12.179613
-7.590055
-2.900532
1.255444
5.219664
8.856569
12.296949
16.319411
20.649093
24.636814
28.426647
31.998839
35.221747
38.095031
40.303809
41.937487
42.976822
44.110503
44.289827
43.685947
42.812484
40.956906
38.835491
36.909751
34.521307
31.692982
28.714282
25.530202
22.296054
18.907785
14.665978
10.065011
5.827972
1.405478
-2.978870
-6.947177
-10.898794
-15.016283
-18.991402
-23.081984
-26.797397
-29.696226
-32.242026
-34.917934
-37.657874
-39.787633
-41.165011
-41.902236
-42.451620
-42.909043
-42.823212
-42.209114
-41.582925
-40.060111
-38.125685
-35.809108
-33.120087
-30.090809
-26.879481
-22.985765
-18.702405
-14.327424
-9.616273
-4.951273
-0.493186
3.727504
7.679973
11.065006
14.850753
19.216878
23.557118
27.477230
31.122310
34.222603
37.287985
40.138960
41.973250
43.069465
44.067757
44.573375
44.249296
43.514115
42.082923
39.902074
37.871940
35.677467
33.001048
29.974835
26.980298
23.842709
20.446266
16.427381
11.992965
7.673672
3.069639
-1.600129
-5.696331
-9.661232
-13.954129
-18.018484
-21.901131
-25.802510
-29.130323
-31.700305
-34.331594
-37.053313
-39.484331
-41.354554
-42.137929
-42.527573
-43.035575
-43.229376
-42.677607
-42.014122
-40.743010
-38.922344
-36.690065
-33.951827
-31.005655
-27.780533
-24.144309
-19.820929
-15.414613
-10.920082
-6.302255
-1.658372
2.831391
6.954840
10.305473
13.924667
18.150466
22.568532
26.511124
30.251571
33.580065
36.544119
39.483138
41.722911
42.960814
43.927261
44.488737
44.199399
43.590069
42.433739
40.449245
38.037641
36.033392
33.527953
30.550957
27.510098
24.214302
20.927531
17.086267
12.607234
8.218118
3.938845
-0.664847
-4.899161
-8.783340
-12.940679
-16.948666
-20.852940
-24.875062
-28.306586
-30.944177
-33.461537
-36.116668
-38.451127
-40.447031
-41.551420
-42.065552
-42.520421
-42.773655
-42.385033
-41.784559
-40.696689
-38.856438
-36.626884
-34.115485
-31.314237
-28.231825
-24.905034
-20.747014
-16.385998
-11.852639
-7.272618
-2.692427
1.532521
5.776882
9.465728
12.741600
16.712802
20.996162
25.097983
28.945378
32.290220
35.123144
38.092477
40.632486
42.069129
42.982783
43.906314
44.034379
43.467794
42.473759
40.758508
38.603204
36.616496
34.250872
31.439917
28.508561
25.501592
22.281579
18.674135
14.435393
9.983437
5.755595
1.325607
-3.044776
-6.914139
-10.945967
-15.163762
-19.073486
-22.973674
-26.659455
-29.764175
-32.276085
-34.910270
-37.518229
-39.745229
-41.272300
-41.908366
-42.404107
-42.830535
-42.765822
-42.178631
-41.405473
-39.786441
-38.073744
-35.852534
-33.043623
-30.181238
-26.818854
-22.964307
-18.748386
-14.101778
-9.598902
-4.762581
-0.321354
3.795113
7.815361
11.194944
15.082359
19.563096
23.887668
27.732849
31.418460
34.592152
37.607465
40.355750
42.150702
43.206045
44.264793
44.759512
44.289487
43.560437
42.031493
39.864779
37.667922
35.479069
32.783576
29.776267
26.674952
23.442847
20.081145
15.905925
11.228664
6.830011
2.402748
-2.085652
-6.082569
-10.101625
-14.289788
-18.336262
-22.294010
-26.272535
-29.530355
-32.064063
-34.665891
-37.487575
-39.647477
-41.310106
-42.158365
-42.713199
-43.176583
-43.219669
-42.625836
-41.911943
-40.518045
-38.518735
-36.252567
-33.462729
-30.539547
-27.389697
-23.710557
-19.353288
-14.955657
-10.217428
-5.465405
-0.923361
3.242663
7.344825
10.714020
14.355353
18.649272
22.905043
26.828051
30.555555
33.811842
36.654643
39.731094
41.810955
42.918921
43.739932
44.507810
44.296639
43.534892
42.205197
40.127890
38.013799
35.895961
33.324787
30.341489
27.324813
24.253641
20.918165
16.954626
12.470143
8.176225
3.793580
-0.810453
-4.851477
-8.575235
-12.838159
-16.967739
-20.835229
-24.808134
-28.255497
-30.862774
-33.485549
-36.256824
-38.735356
-40.621928
-41.779620
-42.189530
-42.644569
-42.966264
-42.624814
-41.996411
-40.816069
-38.987739
-36.993878
-34.380470
-31.477043
-28.460707
-24.990184
-20.851237
-16.491754
-11.978660
-7.314512
-2.842120
1.586676
5.722046
9.343624
12.694257
16.832522
21.298783
25.234904
28.958150
32.471078
35.478217
38.487400
40.998799
42.353187
43.364593
44.200250
44.236524
43.769053
42.847054
41.030986
38.958107
36.876372
34.467663
31.596763
28.616190
25.374208
22.240196
18.654210
14.187438
9.794916
5.503212
0.775201
-3.502199
-7.420949
-11.512041
-15.791995
-19.616399
-23.470436
-27.212926
-30.093534
-32.515526
-35.250017
-37.862914
-40.062155
-41.388273
-42.052099
-42.479719
-42.843819
-42.713540
-42.140143
-41.304486
-39.641006
-37.655149
-35.235712
-32.438210
-29.486929
-26.197774
-22.082158
-17.807143
-13.318062
-8.702278
-3.993681
0.277928
4.507133
8.384841
11.713675
15.569414
19.993271
24.092027
27.973822
31.595060
34.530844
37.428481
40.271282
42.034388
43.022803
43.921641
44.258492
43.951784
43.127366
41.587012
39.421490
37.305866
34.881490
32.050439
29.128449
26.118585
23.121834
19.711597
15.613862
11.150667
6.894214
2.398661
-2.258335
-6.180491
-10.066714
-14.368977
-18.324341
-21.974189
-25.861944
-29.092346
-31.649215
-34.321547
-37.050247
-39.284570
-41.011061
-41.857447
-42.264121
-42.649167
-42.709453
-42.302268
-41.662284
-40.353026
-38.396801
-36.218848
-33.415215
-30.399391
-27.344397
-23.759093
-19.483226
-15.034505
-10.526521
-5.891323
-1.426765
2.985512
7.051400
10.576418
14.089516
18.319062
22.582838
26.423080
30.071906
33.372981
36.334821
39.342812
41.469336
42.693615
43.719666
44.284378
44.012751
43.411255
42.256457
40.376186
38.229227
36.122118
33.552136
30.655520
27.577707
24.389539
21.120991
17.350571
12.771402
8.302076
3.974097
-0.564541
-4.704339
-8.594479
-12.763909
-16.933169
-20.733901
-24.626766
-28.126410
-30.839273
-33.296006
-36.143746
-38.716282
-40.626356
-41.786432
-42.307036
-42.788982
-43.053968
-42.667730
-42.093141
-41.132484
-39.331572
-37.207433
-34.614291
-31.729255
-28.660297
-25.219236
-21.034309
-16.626460
-12.091569
-7.328306
-2.825601
1.447712
5.657503
9.237868
12.727976
16.832181
21.204097
25.142602
28.953382
32.398190
35.324267
38.308075
40.915864
42.288303
43.295962
44.056688
44.267859
43.836151
42.786598
40.905987
38.845369
36.811318
34.445695
31.606810
28.647184
25.538547
22.426333
18.822977
14.498234
10.039125
5.741971
1.181194
-3.323725
-7.094826
-11.103153
-15.392814
-19.360440
-23.087093
-26.907580
-29.788358
-32.264846
-34.905331
-37.521975
-39.748464
-41.142532
-41.856595
-42.294264
-42.686633
-42.690890
-42.191744
-41.395596
-39.914336
-38.054671
-35.762957
-32.960858

