-13.170072
-8.798156
-4.486016
-0.706911
2.881289
6.500142
9.580851
11.905432
14.531101
16.974381
19.650800
23.244960
26.449646
28.720583
30.809130
32.874005
34.230947
34.959316
35.088062
34.768241
34.554005
34.434966
34.061670
33.512456
32.413176
30.316114
27.770655
25.066819
21.787030
18.088988
14.748233
11.388745
7.879564
4.123109
0.053474
-3.562314
-6.563323
-9.642329
-12.975931
-16.348021
-19.576039
-22.078753
-24.574314
-27.522360
-30.364650
-32.970394
-35.778625
-37.914004
-38.607631
-38.432905
-37.706920
-36.405836
-34.895965
-33.760752
-32.949959
-31.794310
-30.431237
-28.364658
-25.991201
-23.179054
-19.401652
-14.871189
-10.378190
-6.005934
-2.098765
1.613583
5.395072
8.842264
11.383125
13.969115
16.925165
19.639560
22.688253
26.237454
28.895821
30.852045
32.792091
34.323079
35.538844
35.970381
35.488605
35.025222
34.754617
34.325293
33.711706
32.986743
31.320538
28.682436
26.097127
23.010288
19.273928
15.867267
12.516635
8.913619
5.099773
1.136916
-2.685104
-5.918230
-8.973735
-12.299504
-15.562262
-18.841369
-21.607535
-24.067504
-26.618242
-29.539721
-32.113280
-34.814222
-37.158898
-38.336686
-38.318123
-37.788493
-36.718164
-34.965788
-33.747809
-32.960858
-31.794480
-30.522176
-28.839793
-26.548931
-23.951360
-20.563092
-16.298124
-11.983940
-7.538795
-3.247772
0.434433
4.072530
7.733618
10.460956
12.906790
15.433346
17.985616
20.873376
24.354458
27.336904
29.463087
31.629460
33.420495
34.555197
35.095385
35.046169
34.653800
34.348965
34.017393
33.453022
32.915388
31.817470
29.552834
26.875223
24.177858
20.679576
17.103808
13.896397
10.384151
6.765808
2.890314
-1.037291
-4.426752
-7.289648
-10.531460
-13.958216
-17.386845
-20.377977
-22.898061
-25.443860
-28.379134
-30.994075
-33.581597
-36.295312
-37.904978
-38.276570
-37.906681
-37.136929
-35.675764
-34.154483
-33.044474
-32.153470
-31.116009
-29.603073
-27.497326
-25.067840
-22.024087
-18.074512
-13.492278
-9.218454
-4.855394
-0.957251
2.654110
6.400517
9.525503
11.885166
14.483588
17.238344
20.027331
23.239170
26.504483
28.946229
31.180552
33.310141
34.602540
35.447563
35.655328
35.203695
34.873145
34.588064
34.073762
33.478907
32.531875
30.707461
28.205599
25.530372
22.108725
18.425328
15.048810
11.688982
8.080006
4.293748
0.400373
-3.248453
-6.374802
-9.441035
-12.809208
-16.127314
-19.320250
-22.073984
-24.545704
-27.156046
-30.066797
-32.617705
-35.423892
-37.601505
-38.410255
-38.171496
-37.561314
-36.262614
-34.617015
-33.570698
-32.821723
-31.685999
-30.230965
-28.426477
-26.144300
-23.354462
-19.521032
-15.107393
-10.867630
-6.443773
-2.343484
1.186473
4.786253
8.198193
10.766132
13.155767
15.978813
18.769673
22.020851
25.393622
28.104612
30.223983
32.388142
34.024715
35.054173
35.468340
35.281352
34.902436
34.724985
34.253427
33.600501
33.012458
31.506845
29.023375
26.447432
23.486103
19.911868
16.478981
13.087818
9.625299
5.966255
2.011061
-1.948050
-5.319629
-8.213179
-11.557852
-14.813117
-18.211263
-21.013703
-23.417303
-26.201180
-29.049090
-31.696728
-34.441096
-37.024191
-38.352694
-38.386924
-37.796327
-36.698750
-35.212381
-33.869573
-32.983167
-32.045501
-30.760765
-29.060841
-26.875564
-24.271352
-20.983389
-16.749246
-12.343441
-7.924693
-3.649507
0.085149
3.760883
7.491112
10.489225
12.866429
15.449013
18.164090
21.081993
24.352755
27.459519
29.651948
31.752416
33.549241
34.677642
35.386256
35.419124
34.892559
34.544127
34.243720
33.766883
33.193827
32.009057
29.799257
27.172565
24.290255
20.760298
17.106022
13.756411
10.390793
6.634678
2.855062
-1.199416
-4.554817
-7.604871
-10.818073
-14.105013
-17.347847
-20.393814
-22.871154
-25.449480
-28.220415
-30.939238
-33.523866
-36.184958
-37.921667
-38.269588
-37.946531
-37.176268
-35.586698
-34.006493
-33.051286
-32.144615
-30.907052
-29.305390
-27.263675
-24.854796
-21.968569
-17.938103
-13.467414
-9.339026
-4.915510
-0.985861
2.551249
6.228004
9.429966
11.873586
14.336279
17.033986
19.671065
22.926671
26.240008
28.773887
30.868224
32.838072
34.260409
35.009725
35.204717
34.903969
34.598623
34.414189
33.881494
33.376047
32.631670
30.907903
28.281042
25.642940
22.359576
18.781594
15.460082
12.069941
8.447681
4.808392
0.849111
-2.933741
-5.935431
-9.028060
-12.399639
-15.645538
-18.895694
-21.581309
-24.066482
-26.909113
-29.758385
-32.380479
-35.099302
-37.323066
-38.312333
-38.080897
-37.660088
-36.659241
-35.117865
-33.884048
-32.980612
-32.037326
-30.787332
-28.889690
-26.450838
-23.488658
-19.877808
-15.824352
-11.372226
-7.047653
-2.662114
1.054491
4.641669
8.120026
10.726792
13.265269
16.097341
18.905231
22.091866
25.488819
28.263841
30.506849
32.689742
34.317119
35.280160
35.811663
35.664354
35.378252
35.180705
34.766708
34.223965
33.668450
31.998498
29.614312
27.056081
23.929902
20.194565
16.603129
13.360807
9.837661
6.083761
2.086844
-1.858984
-5.221707
-8.178438
-11.634316
-14.963320
-18.288749
-21.147047
-23.715837
-26.317154
-29.255833
-31.943151
-34.720557
-37.327664
-38.548027
-38.594859
-38.033554
-37.074089
-35.435472
-34.090791
-33.147505
-32.216821
-30.959845
-29.277802
-27.018275
-24.481331
-21.031925
-16.710077
-12.344122
-8.027043
-3.700938
0.101498
3.677947
7.299015
10.235480
12.635163
15.292679
18.087455
21.119458
24.461576
27.489832
29.603583
31.504631
33.382348
34.606116
35.203184
35.158055
34.808942
34.614972
34.344367
33.739976
33.154828
32.140868
29.953378
27.293648
24.471624
21.003485
17.425844
14.088324
10.499784
6.951945
3.202813
-0.795296
-4.378728
-7.252012
-10.441031
-13.758796
-17.130886
-20.230838
-22.713457
-25.258575
-27.988127
-30.713592
-33.194338
-35.948413
-37.781852
-38.255964
-37.883861
-37.001031
-35.560472
-34.197399
-33.151082
-32.255139
-31.091486
-29.696737
-27.653830
-25.241034
-22.282771
-18.242257
-13.802222
-9.451253
-5.146776
-1.278605
2.245052
5.967447
9.159701
11.691366
13.977289
16.796759
19.684519
22.988490
26.314769
28.786319
30.973298
32.944850
34.434455
35.280670
35.550254
35.174063
34.860883
34.582955
34.038169
33.720391
32.936675
30.926807
28.444358
25.810855
22.422756
18.697977
15.414783
11.996712
8.400508
4.682371
0.801086
-2.910239
-6.039143
-9.275164
-12.731382
-16.141449
-19.314630
-21.982704
-24.579593
-27.346952
-30.172041
-32.679013
-35.482986
-37.669284
-38.602693
-38.436481
-37.941592
-36.532879
-34.906864
-33.854246
-32.973971
-32.017572
-30.650241
-28.691122
-26.363305
-23.709025
-19.869464
-15.388727
-11.061771
-6.814344
-2.602509
1.126868
4.872084
8.349930
11.096341
13.621535
16.380378
19.081320
22.230148
25.649922
28.537512
30.671699
32.624858
34.237078
35.271134
35.677126
35.452332
35.067456
34.844535
34.370593
33.764328
33.228227
31.651599
29.228755
26.477405
23.338284
19.610269
16.184364
12.814828
9.170771
5.525180
1.628058
-2.262422
-5.666699
-8.635010
-11.954478
-15.171766
-18.613168
-21.519150
-23.815972
-26.577200
-29.307604
-31.995262
-34.873486
-37.206411
-38.572720
-38.386413
-37.800074
-36.800078
-35.033226
-33.786127
-32.839775
-31.841312
-30.618225
-28.999703
-26.662861
-24.024929
-20.631552
-16.362667
-11.957203
-7.651874
-3.456218
0.260898
3.841094
7.537944
10.394369
12.777703
15.332699
18.084390
21.137680
24.502277
27.541774
29.828208
31.967504
33.716474
34.839085
35.423040
35.387448
35.050937
34.864800
34.439393
33.866508
33.372641
32.163688
29.837574
27.328730
24.490527
20.901816
17.267466
14.161723
10.620867
6.997926
3.061805
-0.906161
-4.446677
-7.379225
-10.667699
-14.047282
-17.347847
-20.429237
-22.907427
-25.570733
-28.426647
-31.157562
-33.746447
-36.475658
-38.142375
-38.496256
-38.146291
-37.502050
-35.933426
-34.514666
-33.501727
-32.533748
-31.429018
-29.887642
-27.726037
-25.310005
-22.336245
-18.078940
-13.704811
-9.341751
-5.125829
-1.061644
2.656664
6.459611
9.595496
12.012039
14.575550
17.240899
20.095280
23.444380
26.731491
29.157230
31.121458
33.039365
34.420661
35.257510
35.378081
35.017388
34.821033
34.686668
34.065587
33.458301
32.659428
30.743054
28.219904
25.545529
22.106341
18.358571
14.990228
11.561087
7.785729
4.097904
0.183582
-3.544092
-6.631953
-9.736844
-13.037069
-16.403369
-19.711937
-22.278684
-24.749892
-27.625561
-30.336039
-32.841308
-35.564899
-37.667581
-38.402081
-38.289683
-37.595204
-36.286797
-34.641027
-33.597095
-32.647167
-31.445708
-30.148029
-28.285299
-25.905030
-23.114341
-19.304923
-14.851434
-10.531970
-6.190198
-2.147300
1.470872
5.255427
8.669070
11.186429
13.665812
16.290460
19.084215
22.301844
25.741373
28.316293
30.439581
32.424075
33.942461
34.912995
35.273177
34.951823
34.687689
34.444843
33.957107
33.272164
32.659939
31.093018
28.611251
26.092529
23.060015
19.404377
16.022921
12.665817
9.081875
5.286591
1.426595
-2.390998
-5.675725
-8.699213
-12.139252
-15.412910
-18.682650
-21.490370
-23.978608
-26.727234
-29.545171
-31.949622
-34.720387
-37.097420
-38.261584
-38.193294
-37.840094
-36.784581
-35.105262
-33.878429
-33.009563
-31.966141
-30.808619
-29.063565
-26.685510
-24.194036
-20.759446
-16.303403
-11.832203
-7.568427
-3.422839
0.303302
4.005602
7.539988
10.415656
12.808187
15.473366
18.148933
21.134104
24.577039
27.519805
29.742377
31.647342
33.442293
34.596750
35.207782
35.206931
34.771647
34.628425
34.326996
33.615146
33.103739
32.065085
29.803174
27.234043
24.307626
20.682471
17.128842
13.879027
10.255405
6.570816
2.776725
-1.077993
-4.514967
-7.466589
-10.666507
-14.077766
-17.453091
-20.581654
-22.913558
-25.496823
-28.478077
-31.155007
-33.623491
-36.165374
-37.782533
-38.127559
-37.887437
-36.974124
-35.540547
-34.132685
-33.222948
-32.170330
-31.011615
-29.628958
-27.527469
-25.051832
-22.069727
-17.934356
-13.588326
-9.290150
-4.967281
-1.143047
2.498116
6.315878
9.496212
11.974403
14.457021
17.121690
19.904375
23.240702
26.454074
28.970071
31.138148
33.122642
34.399373
35.145453
35.283736
34.922532
34.670830
34.429857
33.856460
33.306054
32.560825
30.661140
28.128794
25.492396
22.211245
18.415621
15.060050
11.688130
8.043562
4.277911
0.322376
-3.388950
-6.471361
-9.612526
-13.035876
-16.322306
-19.466536
-22.050313
-24.556262
-27.340310
-30.221939
-32.723631
-35.471405
-37.581750
-38.275889
-38.164854
-37.586859
-36.274195
-34.747294
-33.596754
-32.681567
-31.535966
-30.281203
-28.337921
-25.883913
-23.152828
-19.392627
-14.913252
-10.683707
-6.371907
-2.440044
1.253401
5.074739
8.477143
11.041164
13.575554
16.303914
18.977438
22.048439
25.438241
28.190783
30.330249
32.304525
33.949614
34.959487
35.344873
35.083805
34.611225
34.485374
34.033571
33.353397
32.695532
31.297888
28.806414
26.285478
23.231166
19.601583
16.165801
12.879542
9.383985
5.613055
1.840932
-1.960652
-5.339043
-8.314167
-11.550869
-14.771393
-18.052544
-20.906585
-23.311887

