-20.887852
-24.838958
-28.281723
-30.937195
-33.415726
-36.125353
-38.609334
-40.524176
-41.636229
-42.177098
-42.671135
-42.912449
-42.646783
-42.049374
-40.827138
-39.082425
-37.098101
-34.548044
-31.495265
-28.347288
-25.050640
-20.977940
-16.672782
-12.093101
-7.266487
-2.588715
1.793078
5.914143
9.487697
12.718780
16.687598
21.133423
25.193521
28.877599
32.334839
35.289015
38.198062
40.670804
42.100804
43.093307
43.864420
43.836321
43.349436
42.540686
40.879420
38.686310
36.527600
34.113611
31.292609
28.246811
25.058133
21.791969
18.410683
14.092922
9.522779
5.274160
0.802108
-3.447362
-7.376841
-11.186429
-15.259130
-19.034658
-22.925309
-26.723146
-29.670852
-31.858512
-34.441948
-37.113598
-39.349283
-40.754250
-41.401557
-41.901214
-42.240109
-42.192595
-41.773830
-41.034392
-39.537975
-37.566594
-35.245759
-32.450812
-29.577017
-26.503461
-22.721461
-18.437249
-14.122384
-9.499959
-4.797322
-0.283718
3.803628
7.615260
10.851962
14.446293
18.816335
22.962093
26.918479
30.537673
33.565078
36.396810
39.211682
41.175229
42.338031
43.248449
43.601990
43.362209
42.905807
41.522809
39.636918
37.639141
35.574777
32.793965
29.824632
26.852403
23.761647
20.564795
16.619819
12.125458
7.819448
3.506626
-1.231602
-5.391836
-9.113210
-13.280426
-17.366409
-21.221467
-25.112459
-28.405190
-30.938898
-33.512286
-36.200455
-38.680008
-40.568284
-41.635888
-42.184762
-42.695488
-42.780978
-42.515142
-42.024681
-40.810449
-39.053134
-37.055867
-34.363951
-31.334843
-28.305224
-24.807453
-20.551341
-16.014576
-11.300870
-6.643704
-2.165181
2.103022
6.211145
9.821824
13.141462
17.464502
21.969421
25.961910
29.705422
33.092669
36.098616
39.044448
41.341782
42.630604
43.709108
44.444289
44.210127
43.525696
42.469672
40.709632
38.615465
36.505461
33.953190
31.059640
27.972800
24.684838
21.467890
17.822129
13.456345
8.890288
4.492147
0.014646
-4.262073
-8.199215
-12.359789
-16.554424
-20.476580
-24.303538
-27.945723
-30.577523
-32.867534
-35.494736
-38.123301
-40.100643
-41.318621
-41.847740
-42.391164
-42.610339
-42.259693
-41.667223
-40.731430
-39.104223
-37.046330
-34.567458
-31.754800
-28.685502
-25.478091
-21.487304
-17.279557
-12.762887
-8.057186
-3.413643
0.893559
4.975455
8.679288
11.969634
15.874760
20.333018
24.407761
28.141056
31.599317
34.641709
37.580047
40.245226
41.838714
42.807715
43.622426
43.834448
43.434075
42.546647
40.925571
38.896799
36.886760
34.794978
31.956605
28.990677
25.769642
22.618941
19.267968
15.034676
10.615076
6.406478
1.907689
-2.645084
-6.507805
-10.427577
-14.585257
-18.673965
-22.572960
-26.191303
-29.234035
-31.585693
-34.255471
-36.867516
-39.316416
-40.936129
-41.731255
-42.320490
-42.758329
-42.769057
-42.349611
-41.673354
-40.146794
-38.324254
-36.104066
-33.371789
-30.304534
-27.195386
-23.521866
-19.283976
-14.851604
-10.183368
-5.408696
-0.908715
3.278937
7.250820
10.568755
14.075892
18.491915
22.824151
26.783773
30.430044
33.624513
36.647320
39.590086
41.597230
42.782511
43.674537
44.092110
43.819121
43.352672
42.081220
40.183749
38.083621
35.972425
33.329385
30.384915
27.289391
24.162020
20.938260
17.076050
12.667690
8.217437
3.851312
-0.852346
-4.958766
-8.834430
-12.929610
-17.040457
-20.874739
-24.877616
-28.389522
-30.941452
-33.305713
-36.027602
-38.593156
-40.466275
-41.579689
-42.060103
-42.546647
-42.793921
-42.509011
-41.838373
-40.896620
-38.999489
-36.928654
-34.323760
-31.370606
-28.350353
-24.990695
-20.826714
-16.623906
-12.040819
-7.312298
-2.624478
1.840081
5.865267
9.450061
12.680633
16.740731
21.007402
24.975368
28.910807
32.320363
35.386937
38.270269
40.787288
42.168753
43.182543
43.909039
43.960980
43.378217
42.606762
40.900196
38.806881
36.793266
34.484352
31.481300
28.517246
25.330101
22.163051
18.616574
14.331170
9.818247
5.515644
1.078844
-3.366811
-7.284539
-11.247737
-15.422957
-19.408635
-23.311717
-27.000223
-29.891900
-32.358340
-34.956251
-37.525552
-39.773839
-41.263955
-42.067255
-42.543411
-42.871748
-42.735509
-42.271273
-41.482278
-39.927789
-38.009030
-35.682746
-32.859359
-29.837234
-26.557956
-22.798947
-18.531936
-13.970477
-9.361846
-4.612037
-0.288827
4.012074
7.906641
11.193582
14.964342
19.372020
23.561205
27.492557
31.143597
34.241506
37.259885
40.119376
41.965076
43.000494
44.068779
44.427429
43.912274
43.159042
41.761739
39.726496
37.676266
35.469362
32.644442
29.661655
26.484047
23.127283
19.906419
15.879018
11.317900
7.024152
2.529281
-2.055509
-5.959272
-9.784869
-13.985974
-18.221481
-22.044522
-26.038374
-29.094049
-31.406198
-33.894948
-36.759036
-39.173535
-40.853705
-41.727168
-42.177268
-42.710475
-42.832068
-42.330878
-41.646617
-40.437664
-38.649866
-36.469017
-33.714601
-30.711208
-27.575152
-23.905550
-19.544533
-15.022073
-10.428769
-5.698374
-1.105070
3.121921
7.042204
10.443245
13.977970
18.262352
22.501435
26.423080
30.118397
33.379112
36.239965
39.207254
41.438682
42.615107
43.680668
44.281312
43.965578
43.375151
42.257309
40.229218
38.180692
36.025558
33.659935
30.534949
27.367217
24.236270
21.037204
17.129353
12.664795
8.289473
3.971372
-0.749826
-4.958425
-8.766311
-12.828452
-16.967228
-20.781926
-24.737290
-28.178522
-30.711549
-33.116170
-35.872630
-38.393906
-40.293251
-41.489771
-42.136226
-42.471886
-42.785236
-42.437145
-41.896616
-40.897812
-39.150885
-37.123135
-34.596579
-31.772511
-28.539385
-25.050981
-20.972831
-16.647748
-12.162243
-7.490601
-2.915178
1.416036
5.576611
9.242807
12.567895
16.540630
21.002804
25.126593
28.947762
32.323599
35.331930
38.424560
40.950945
42.345864
43.367488
44.219834
44.246742
43.770245
42.897122
41.245222
39.230585
37.132331
34.791742
31.990664
28.934479
25.640726
22.427184
18.776485
14.521735
10.121380
5.746228
1.078674
-3.332751
-7.221869
-11.320966
-15.575375
-19.538913
-23.441826
-27.268614
-30.180727
-32.593523
-35.142558
-37.875346
-40.143728
-41.633333
-42.376859
-42.898485
-43.400185
-43.252536
-42.701278
-41.924034
-40.348768
-38.407871
-35.991158
-33.156361
-30.112096
-26.829243
-22.725718
-18.352781
-13.775996
-9.062631
-4.367147
0.110524
4.440035
8.109127
11.490583
15.449354
19.959041
24.201189
28.125899
31.834841
34.876381
37.803309
40.591955
42.453834
43.560948
44.524840
44.786419
44.347218
43.476139
41.930846
39.751700
37.663494
35.526923
32.708304
29.702697
26.512827
23.202215
19.788912
15.612159
10.918890
6.645918
2.230236
-2.318110
-6.442922
-10.395561
-14.662913
-18.683161
-22.650617
-26.622159
-29.664721
-32.100507
-34.568310
-37.203857
-39.456402
-41.101319
-41.931186
-42.538473
-42.950085
-42.901209
-42.403596
-41.838033
-40.323223
-38.459642
-36.139999
-33.489125
-30.574458
-27.411325
-23.595265
-19.389902
-14.929090
-10.133130
-5.376509
-0.923531
3.323214
7.347550
10.709422
14.251130
18.391779
22.877284
26.766913
30.562196
33.721413
36.638635
39.456912
41.491985
42.636054
43.649844
44.392858
44.182880
43.458768
42.307717
40.391173
38.293941
36.136253
33.400740
30.389002
27.313062
24.137667
20.900113
17.089844
12.525150
8.131947
3.643376
-1.111371
-5.213193
-9.056330
-13.270378
-17.394679
-21.200521
-25.088787
-28.566803
-31.229258
-33.760582
-36.454030
-38.832426
-40.730068
-41.865451
-42.430162
-42.889629
-43.154614
-42.763778
-42.137418
-41.006293
-39.158208
-37.034580
-34.257855
-31.233345
-28.232677
-24.813754
-20.664249
-16.302552
-11.618648
-6.863390
-2.153771
2.325262
6.554808
9.925365
13.265610
17.285858
21.718911
25.764193
29.522010
33.002751
36.229917
39.043767
41.469165
42.765651
43.647630
44.279439
44.216428
43.639966
42.702130
40.907519
38.766009
36.701134
34.189905
31.320538
28.129986
24.878468
21.739176
18.120153
13.671092
9.119170
4.907506
0.280993
-4.164662
-8.073875
-12.199197
-16.366073
-20.297255
-24.286338
-27.900764
-30.635595
-33.014842
-35.605771
-38.188185
-40.126528
-41.417224
-41.998114
-42.607614
-42.886223
-42.640141
-42.033706
-41.174378
-39.502723
-37.550926
-35.014323
-32.235895
-29.099158
-25.769983
-21.751268
-17.468078
-12.910707
-8.198704
-3.427267
0.881638
5.011388
8.717775
11.979342
15.821798
20.235096
24.399076
28.190102
31.647001
34.623316
37.548712
40.347917
41.961329
42.999302
43.918746
44.174535
43.737037
42.826959
41.239773
39.047003
37.160601
34.848281
32.153300
29.178858
26.171889
22.915431
19.514561
15.242440
10.535717
6.528752
1.960993
-2.529110
-6.358453
-10.215385
-14.496020
-18.507072
-22.411346
-26.241030
-29.355969
-31.768594
-34.359694
-37.090608
-39.402076
-41.006974
-41.825942
-42.374475
-42.873451
-42.964050
-42.521613
-41.744709
-40.351663
-38.572039
-36.409242
-33.652442
-30.617033
-27.607850
-23.727928
-19.395692
-14.978988
-10.283675
-5.644390
-1.116991
3.158706
7.190875
10.509661
14.313970
18.786533
23.143291
27.006354
30.712230
33.857822
36.857469
39.758001
41.782175
43.025528
44.105904
44.597047
44.311285
43.743338
42.463711
40.345192
38.339581
36.273854
33.626216
30.733177
27.496985
24.335214
21.012000
17.048291
12.391635
7.941723
3.585815
-1.269920
-5.486522
-9.444782
-13.653381
-17.748901
-21.701370
-25.662013
-29.055050
-31.560659
-34.095730
-36.762953
-39.236716
-41.053295
-42.032855
-42.718479
-43.085132
-43.168579
-42.783022
-42.161431
-40.987900
-39.036785
-36.980595
-34.282378
-31.334332
-28.173072
-24.525438
-20.144156
-15.735286
-11.055810
-6.369693
-1.731259
2.606937
6.764105
10.202272
13.683013
17.747368
22.104638
26.146344
29.891048
33.213752
36.073072
38.968836
41.292565
42.523316
43.422835
44.049365
43.873106
43.280125
42.088713
40.176085
38.051435
36.020449
33.565760
30.556406
27.532748
24.299451
21.068880
17.398936
13.061421
8.689506
4.447528
-0.037295
-4.419259
-8.159706
-12.243475
-16.439642
-20.290783
-24.055753
-27.525425
-30.219895
-32.611404
-35.096577
-37.477187
-39.568969
-40.841613
-41.402408
-41.875499
-42.180845
-41.936977
-41.272811
-40.385212
-38.704361
-36.880289
-34.511260
-31.681231
-28.680563
-25.512661
-21.520002
-17.212289
-12.719120
-8.186272
-3.743172
0.650031
4.802942
8.484466
11.606216
15.455484
19.815820
23.832662
27.643783
31.069687
34.178836
37.036964
39.642879
41.307552
42.331730
43.307373
43.507814
43.150527
42.489597
40.862560
38.857801
36.910261
34.753765
32.064063
29.245785
26.010786
22.881883
19.658293
15.436752
10.898965
6.695475
2.299717
-2.044780
-6.147453
-10.130235
-14.094795
-18.198660
-22.101232
-25.932959
-28.907912
-31.340122
-33.940417
-36.673376
-39.037977
-40.526731
-41.393723
-42.020764
-42.590414
-42.649508
-42.170286
-41.565384
-40.247611
-38.435459
-36.154475
-33.500876
-30.548402
-27.323110
-23.612976
-19.345284
-14.986992
-10.265453
-5.581720
-1.097577
3.227336
7.162775
10.551895
14.277526
18.494129
22.811549
26.789733
30.536481
33.664874
36.675760
39.557389
41.566065
42.606592
43.588196
44.180666
43.957404

