-16.313280
-19.061736
-21.559000
-23.699488
-26.018790
-28.183460
-29.637814
-30.695030
-31.064408
-30.870438
-30.691283
-30.437538
-30.129296
-30.349663
-30.842849
-30.548062
-29.189416
-26.775428
-24.335384
-22.390570
-19.872359
-16.086442
-12.337480
-8.814846
-5.364418
-2.278600
0.573567
3.727504
7.287094
11.011873
14.823164
18.354314
20.996162
23.226057
25.625399
27.878284
30.173404
31.874010
32.527787
32.557930
32.130991
31.330075
30.790397
30.480623
29.858862
29.137475
28.402294
26.809999
24.459873
21.815470
18.809693
15.552555
12.555633
9.106909
5.535909
2.735172
0.162295
-2.513272
-5.600282
-8.908851
-12.207883
-14.901502
-17.583881
-20.299469
-22.568703
-24.532250
-26.822942
-28.622491
-29.882363
-30.541250
-30.437878
-30.283587
-30.056749
-29.730967
-29.747997
-30.370440
-30.509574
-29.495273
-27.366706
-24.883577
-23.069211
-21.042313
-17.634630
-13.747556
-10.265963
-6.891489
-3.718649
-0.807387
1.993520
5.414486
9.076595
12.856041
16.568729
19.456659
21.913903
24.334533
26.562214
28.750386
30.815090
31.954902
32.236917
31.996795
31.370095
30.797720
30.638490
30.062369
29.476711
29.010092
27.935335
25.702034
23.161854
20.464829
17.413242
14.366252
11.030776
7.425547
4.301923
1.730408
-1.082250
-4.010541
-7.101297
-10.561262
-13.643673
-16.322647
-19.103118
-21.532263
-23.750407
-26.086228
-28.055225
-29.422385
-30.429023
-30.732325
-30.637980
-30.579908
-30.313730
-30.217000
-30.714103
-31.137126
-30.557939
-28.879813
-26.290587
-24.073124
-22.302525
-19.570419
-15.718937
-11.916331
-8.338690
-5.018030
-2.023322
0.825439
4.160745
7.911069
11.569262
15.459061
18.815654
21.350043
23.789576
26.272706
28.588942
30.813387
32.215118
32.612256
32.613618
32.225507
31.487261
31.064238
30.685663
30.067478
29.457637
28.560843
26.621137
24.142947
21.425997
18.288919
15.224389
12.096678
8.518696
4.922662
2.006463
-0.596557
-3.344672
-6.467955
-9.915148
-13.153723
-15.888725
-18.547603
-21.276985
-23.439271
-25.592361
-27.827365
-29.399395
-30.368396
-30.792611
-30.581611
-30.449799
-30.226197
-29.834509
-29.909270
-30.510255
-30.403648
-29.005323
-26.640381
-24.295364
-22.453921
-20.206315
-16.616413
-12.898956
-9.363719
-5.904266
-2.702815
0.083617
3.007991
6.484645
10.215385
14.074871
17.665284
20.349537
22.708688
25.074482
27.352231
29.603413
31.474488
32.204730
32.285452
31.973634
31.370265
30.916759
30.506338
29.824802
29.161658
28.547559
27.278662
24.953229
22.360938
19.395692
16.331673
13.285705
9.850093
6.334782
3.398657
0.727006
-2.087355
-4.940714
-8.202451
-11.561257
-14.540979
-17.246349
-19.831998
-22.156579
-24.308477
-26.754141
-28.541088
-29.881682
-30.693667
-30.713422
-30.583314
-30.426638
-30.157736
-30.090979
-30.675275
-30.835697
-30.053002
-28.121471
-25.619779
-23.499557
-21.533796
-18.371855
-14.538765
-10.916335
-7.466759
-4.180159
-1.240969
1.616137
5.044597
8.749451
12.531281
16.365222
19.492933
21.925824
24.270160
26.578563
28.977054
31.189408
32.394784
32.720225
32.476357
31.813043
31.125546
30.915567
30.365331
29.754128
29.209171
28.257881
26.195049
23.701532
20.882743
17.706667
14.531272
11.287757
7.771764
4.485505
1.788991
-0.935623
-3.733465
-6.917545
-10.393517
-13.566017
-16.236986
-19.041470
-21.618775
-23.716348
-25.893790
-27.996302
-29.466152
-30.472449
-30.845404
-30.650922
-30.504806
-30.302150
-30.035973
-30.210359
-30.929872
-30.442476
-28.958491
-26.503120
-24.269308
-22.438083
-19.798109
-15.912226
-12.207542
-8.681502
-5.345685
-2.212354
0.646625
3.693274
7.310595
11.031117
14.935902
18.264226
20.809684
23.334026
25.681087
27.961050
30.122144
31.837225
32.420669
32.461882
32.077176
31.451327
30.934640
30.661992
29.924597
29.298578
28.620788
27.041776
24.532250
21.978276
18.980162
15.888555
12.737513
9.245191
5.718810
2.831561
0.264304
-2.571174
-5.597217
-8.942059
-12.246200
-15.080656
-17.811571
-20.466532
-22.737639
-25.047404
-27.302333
-28.926986
-30.144794
-30.820029
-30.854770
-30.678851
-30.453546
-30.168125
-30.231987
-30.849321
-30.904327
-29.821396
-27.660642
-25.209529
-23.320402
-21.128654
-17.802375
-13.958897
-10.300534
-6.910903
-3.632988
-0.877891
2.167055
5.714893
9.385518
13.231380
16.929763
19.863674
22.376435
24.893624
27.226891
29.542446
31.536477
32.450983
32.574109
32.463925
31.860556
31.186002
30.887638
30.351877
29.724836
29.167959
27.905362
25.610753
23.037536
20.082848
16.755717
13.736657
10.393006
6.778921
3.727164
1.057897
-1.679489
-4.438162
-7.645573
-11.099747
-14.300176
-16.942365
-19.833531
-22.085054
-24.116039
-26.408604
-28.506177
-29.838255
-30.683279
-30.832291
-30.579567
-30.510426
-30.307599
-30.013834
-30.488627
-30.966657
-30.271326
-28.382199
-25.812728
-23.687397
-21.801165
-18.792152
-14.837640
-11.114734
-7.694278
-4.351139
-1.281670
1.552446
4.824570
8.463349
12.299163
16.073670
19.143990
21.638359
24.083682
26.475532
28.692824
30.893087
32.185997
32.463585
32.419307
31.954902
31.222275
30.895642
30.487946
29.699292
29.132536
28.153658
26.386125
23.701191
20.920379
17.892803
14.794384
11.476108
7.849761
4.573890
1.895428
-0.868184
-3.710304
-6.809746
-10.228838
-13.443232
-16.172103
-19.012860
-21.531412
-23.669345
-25.917973
-28.024912
-29.439926
-30.395303
-30.827693
-30.780860
-30.495439
-30.349152
-30.009747
-30.303172
-30.872652
-30.462742
-28.997830
-26.638338
-24.451017
-22.530556
-19.920383
-16.185556
-12.457200
-8.925540
-5.509853
-2.432721
0.389133
3.557035
7.200241
10.927575
14.705999
18.184185
20.927191
23.323468
25.705610
27.971097
30.294657
31.954391
32.458476
32.523870
32.217673
31.551804
31.116179
30.753613
30.113288
29.524394
28.783424
27.251244
24.962255
22.362471
19.320931
16.191857
12.950386
9.421451
5.973067
3.032173
0.274181
-2.490282
-5.453825
-8.929798
-12.321132
-15.161548
-17.884799
-20.715679
-23.033278
-25.283269
-27.483191
-29.229266
-30.452354
-31.109708
-31.090294
-30.937876
-30.886786
-30.609540
-30.609540
-31.276430
-31.289203
-30.120271
-27.819020
-25.370121
-23.466178
-21.242414
-17.632076
-13.788939
-10.189669
-6.793227
-3.535918
-0.537123
2.668074
6.098407
9.873765
13.764756
17.408643
20.218406
22.635971
25.229113
27.614321
29.907056
31.928505
32.874346
32.965626
32.703706
32.010589
31.451668
31.091997
30.539717
29.835701
29.261793
27.935846
25.572606
22.885629
19.884961
16.651324
13.588326
10.220834
6.548337
3.624984
0.995057
-1.827989
-4.937819
-8.273295
-11.714697
-14.601435
-17.335926
-20.180430
-22.491728
-24.695737
-26.976211
-28.820889
-30.051300
-30.862774
-30.918973
-30.784266
-30.570882
-30.222961
-30.082294
-30.764001
-30.996629
-30.236755
-28.166601
-25.686366
-23.691143
-21.651813
-18.378837
-14.591047
-11.002507
-7.474082
-4.180670
-1.245396
1.672847
5.183561
8.953469
12.727124
16.263383
19.450528
21.794524
24.300814
26.640551
28.929540
31.066622
32.272169
32.524722
32.381501
31.955072
31.307936
30.826160
30.416761
29.803685
29.334511
28.352737
26.283264
23.755857
20.969936
17.830644
14.625958
11.380400
7.724762
4.520076
1.774345
-1.032863
-3.828321
-7.017851
-10.582720
-13.744490
-16.387701
-19.162212
-21.746669
-24.007218
-26.330948
-28.379304
-29.720068
-30.727897
-31.130654
-31.003952
-30.831609
-30.639682
-30.315944
-30.627762
-31.186342
-30.722278
-29.141392
-26.527132
-24.297067
-22.493090
-19.721644
-15.796593
-12.022427
-8.433376
-5.134004
-2.067600
0.806536
4.101821
7.680314
11.561257
15.427896
18.901314
21.490540
23.822274
26.191303
28.596265
30.612094
32.200302
32.767909
32.762630
32.362938
31.777961
31.286137
30.874184
30.088254
29.432944
28.635434
26.869944
24.472816
21.705117
18.598863
15.516622
12.333052
8.694274
5.156824
2.447707
-0.212533
-3.109489
-6.198372
-9.677240
-12.953792
-15.730688
-18.536023
-21.177871
-23.403679
-25.666101
-27.855975
-29.413700
-30.423232
-30.908755
-30.730622
-30.682257
-30.436346
-30.098132
-30.192307
-30.904327
-30.747311
-29.512984
-27.085713
-24.761132
-22.785493
-20.392111
-16.740050
-13.028043
-9.492806
-6.098918
-2.857276
-0.017881
3.026894
6.614072
10.331529
14.027357
17.544883
20.295722
22.658621
25.108371
27.407919
29.680899
31.643765
32.344035
32.349655
32.043116
31.498330
31.028134
30.670166
30.083827
29.348646
28.865678
27.367387
25.057622
22.452899
19.638027
16.423123
13.366256
9.889262
6.159714
3.490448
0.813178
-1.937832
-4.781655
-8.030789
-11.507613
-14.390435
-17.101594
-19.864355
-22.300311
-24.496317
-26.769979
-28.589623
-29.815946
-30.595745
-30.646835
-30.568498
-30.513321
-30.373846
-30.354772
-30.883891
-31.077691
-30.229092
-28.239999
-25.697265
-23.710217
-21.845954
-18.521207
-14.634132
-11.110135
-7.639783
-4.412276
-1.390832
1.616137
5.156824
8.820125
12.685571
16.406264
19.481693
21.863324
24.415084
26.826518
29.193163
31.305381
32.403469
32.663345
32.531364
31.963076
31.375715
31.151261
30.704056
29.922213
29.442651
28.427839
26.359728
23.888860
20.922252
17.782279
14.650822
11.300359
7.549184
4.340751
1.780987
-1.143728
-4.082407
-7.344655
-10.853836
-13.925348
-16.688960
-19.547599
-22.079945
-24.254492
-26.575668
-28.503282
-29.856307
-30.777114
-30.990498
-31.002419
-30.816964
-30.553171
-30.327695
-30.750207
-31.249523
-30.542953
-28.844220
-26.278836
-24.134091
-22.171565
-19.242423
-15.244143
-11.536564
-8.021082
-4.731928
-1.630953
1.257828
4.621063
8.257968
12.110812
15.768324
19.006899
21.544014
23.986101
26.351554
28.568677
30.737604
32.199451
32.550948
32.403128
31.944513
31.215123
30.827863
30.273369
29.502766
28.937714
28.136287
26.294163
23.757049
21.123205
18.028191
14.863014
11.676550
8.190359
4.821505
2.092634
-0.474794
-3.387928
-6.358624
-9.778227
-13.049500
-15.739543
-18.389395
-20.978451
-23.211752
-25.514364
-27.593885
-28.960535
-30.036824
-30.473471
-30.262811
-30.075993
-29.892581
-29.602391
-29.673236
-30.349834
-30.125380
-28.941120
-26.639700
-24.251427
-22.396701
-20.149435
-16.565153
-12.824706
-9.356567
-6.125144
-3.160068
-0.212363
2.890825
6.506273
10.110140
13.915130
17.356873
19.967045
22.328070
24.673768
27.078901
29.281378
31.081268
31.897170
31.980106
31.775577
31.130484
30.706780
30.487946
29.833657
29.266221
28.739486
27.405534
25.174958
22.638696
19.594431
16.483068
13.555459
10.121550
6.531307
3.654616
1.085486
-1.623801
-4.800388
-8.145911
-11.362519
-14.287404
-16.935383
-19.698654
-21.962949
-24.199656
-26.577200
-28.438909
-29.761451
-30.417613
-30.479431
-30.415058
-30.331952
-30.129978
-30.031204
-30.738797
-31.080076
-30.263492
-28.224332
-25.773900
-23.809161
-21.733386
-18.519504
-14.664446
-11.125973
-7.646424
-4.365614
-1.378230
1.623460
5.100284
8.817060
12.726443
16.290460
19.329105
21.785498
24.306604
26.625906
29.030016
31.191451
32.402107
32.567808
32.408067
31.919820
31.312874

