32.406875
30.509233
28.090988
25.568519
22.310019
18.595968
15.303578
11.924505
8.273976
4.500151
0.557729
-3.126860
-6.344318
-9.561607
-12.867621
-16.197307
-19.535337
-22.239344
-24.594579
-27.277810
-30.228581
-32.815082
-35.583462
-37.711859
-38.443123
-38.243873
-37.648508
-36.408220
-34.864119
-33.820868
-32.971076
-31.743050
-30.337572
-28.569187
-26.197433
-23.459196
-19.667489
-15.220131
-10.829653
-6.443603
-2.386740
1.235008
4.976818
8.561952
11.330843
13.781616
16.411373
19.111293
22.282260
25.664738
28.398037
30.548573
32.768250
34.395286
35.250357
35.743373
35.513469
35.102027
34.744569
34.331764
33.677646
33.125196
31.640870
29.164042
26.611260
23.795366
20.085403
16.497544
13.097525
9.470667
5.748102
1.780987
-2.075093
-5.459445
-8.523294
-11.848892
-15.167849
-18.442188
-21.292482
-23.754324
-26.438917
-29.325145
-31.872307
-34.433774
-36.943640
-38.157020
-38.199595
-37.629434
-36.796502
-35.198075
-33.881664
-33.017567
-31.963417
-30.664035
-28.869595
-26.594060
-24.183307
-20.972831
-16.675677
-12.237685
-7.895742
-3.709623
-0.002725
3.620386
7.342441
10.160719
12.691872
15.309538
18.003668
20.780393
24.073635
27.190447
29.510260
31.497649
33.244405
34.471921
35.095215
35.121611
34.617356
34.333808
34.173727
33.604588
33.027104
31.989983
29.859883
27.418988
24.706125
21.315983
17.843076
14.582532
11.068923
7.371221
3.510543
-0.489099
-3.980568
-7.102660
-10.315861
-13.575213
-16.816684
-19.929068
-22.362300
-24.773223
-27.709348
-30.595234
-33.253431
-35.838570
-37.536280
-38.021803
-37.759542
-37.103891
-35.736561
-34.206595
-33.412150
-32.512120
-31.317643
-29.924767
-27.968884
-25.537695
-22.644826
-18.798794
-14.502832
-10.220664
-5.797488
-1.797846
1.749992
5.504744
8.845840
11.511700
14.080150
16.750608
19.461257
22.670882
25.998524
28.546027
30.720745
32.779149
34.368038
35.031693
35.170998
34.983158
34.680026
34.422023
33.931732
33.414023
32.726186
31.058277
28.457642
25.918654
22.821086
19.118275
15.643494
12.309211
8.702278
4.975455
0.910418
-2.853019
-5.996738
-9.029422
-12.411901
-15.836784
-19.116061
-21.842037
-24.317333
-27.019296
-29.997996
-32.533918
-35.278627
-37.492854
-38.342987
-38.072893
-37.520272
-36.508186
-34.955910
-33.723967
-32.776083
-31.624351
-30.341830
-28.584003
-26.325328
-23.673603
-20.118441
-15.687772
-11.332546
-6.973743
-2.860512
0.829015
4.599776
8.131947
10.822671
13.236148
15.862158
18.630028
21.529879
24.881022
27.646848
29.906375
31.990324
33.653804
34.757342
35.310813
35.154309
34.640687
34.504448
34.156357
33.564738
32.914025
31.640189
29.470580
26.963779
24.198975
20.591361
17.110961
13.713666
10.178259
6.523132
2.623626
-1.222236
-4.608801
-7.652215
-10.909012
-14.153208
-17.566340
-20.612138
-23.007563
-25.513853
-28.449127
-31.098638
-33.786637
-36.393574
-37.915366
-38.132838
-37.773848
-36.996603
-35.511596
-34.144436
-33.328363
-32.284941
-31.068325
-29.515879
-27.516910
-25.145497
-21.977254
-17.779725
-13.372898
-9.000642
-4.825081
-1.138960
2.464397
6.332057
9.400504
12.037754
14.656782
17.368623
20.200184
23.580449
26.732513
29.060670
31.051636
33.039365
34.494570
35.160610
35.340616
34.907375
34.703868
34.459659
33.910956
33.330577
32.493046
30.484200
27.941125
25.344746
22.130523
18.498046
15.137366
11.657647
7.974591
4.193783
0.211000
-3.457751
-6.596701
-9.652887
-13.217415
-16.467912
-19.711256
-22.322450
-24.792637
-27.601378
-30.333485
-32.783406
-35.523176
-37.503924
-38.182395
-37.876027
-37.219013
-36.058256
-34.559114
-33.513648
-32.539197
-31.533922
-30.245611
-28.179714
-25.864158
-23.105655
-19.432306
-14.947823
-10.600601
-6.226982
-2.208948
1.453842
5.128895
8.643014
11.224576
13.692890
16.373566
19.107206
22.114686
25.556428
28.292792
30.538014
32.511268
33.995594
34.922361
35.254955
35.024370
34.582274
34.440415
34.072229
33.529997
32.967670
31.393426
28.984547
26.437896
23.360082
19.723007
16.366754
13.030257
9.443249
5.694457
1.807724
-1.986878
-5.313158
-8.368492
-11.700903
-15.066351
-18.387522
-21.194560
-23.656232
-26.314769
-29.161998
-31.925099
-34.634045
-36.994559
-38.192102
-38.138798
-37.805864
-36.785432
-35.185984
-34.046343
-33.257178
-32.226358
-30.921357
-29.151780
-26.904515
-24.376086
-21.024772
-16.749927
-12.441022
-8.188997
-3.904104
-0.228030
3.323725
7.069111
10.063137
12.583903
15.256916
17.970630
20.894153
24.268797
27.166094
29.284954
31.551123
33.477374
34.689733
35.337550
35.304342
34.893240
34.897838
34.720898
34.167256
33.499684
32.452004
30.064583
27.680397
25.079932
21.607195
17.830474
14.489378
11.012895
7.354021
3.517015
-0.595195
-4.207236
-7.189853
-10.476964
-13.973883
-17.348017
-20.423957
-22.899764
-25.457314
-28.385435
-31.168801
-33.767564
-36.396640
-38.117852
-38.414683
-37.953002
-37.182399
-35.861220
-34.490313
-33.469881
-32.539879
-31.410456
-29.889856
-27.796200
-25.292635
-22.330625
-18.204962
-13.810056
-9.505068
-5.099263
-1.163653
2.368518
6.115607
9.348903
11.824029
14.482907
17.133951
20.120484
23.224865
26.386806
28.904166
31.021833
32.941784
34.362418
35.149711
35.366501
34.878765
34.542935
34.328699
33.747980
33.140523
32.268081
30.280522
27.846949
25.284972
22.023916
18.392290
15.100241
11.731216
8.049182
4.153763
0.355755
-3.387417
-6.446327
-9.556157
-12.877158
-16.186919
-19.499063
-22.106511
-24.581807
-27.310337
-30.096258
-32.693829
-35.410779
-37.457432
-38.070679
-37.837880
-37.179164
-35.941941
-34.398692
-33.408403
-32.567808
-31.438725
-30.090639
-28.186866
-25.894642
-23.221629
-19.461938
-15.129532
-10.917357
-6.541525
-2.482789
1.096896
4.796982
8.165836
10.767664
13.305971
15.959399
18.747023
22.008419
25.396177
28.091669
30.334336
32.368558
33.957788
35.013301
35.330227
34.985202
34.723793
34.649032
34.182583
33.605439
33.082621
31.587396
29.046025
26.515041
23.540599
20.012004
16.561747
13.232061
9.631770
5.921807
2.067089
-1.826968
-5.072866
-8.094992
-11.474916
-14.860119
-18.271719
-21.123886
-23.578746
-26.319368
-29.347283
-31.922034
-34.659420
-37.119218
-38.329533
-38.299901
-37.745748
-36.654472
-35.254444
-34.131493
-33.284596
-32.316106
-31.121288
-29.453209
-27.051313
-24.495636
-21.111284
-16.729832
-12.273788
-7.958923
-3.743853
-0.086001
3.626687
7.280452
10.253191
12.724400
15.445948
18.243108
21.236454
24.604116
27.505330
29.727902
31.941618
33.743211
34.846749
35.579034
35.564389
35.155501
34.848281
34.532717
33.933095
33.495086
32.217503
29.841321
27.392592
24.541787
20.968063
17.417669
14.117105
10.548489
6.834439
2.830369
-1.073735
-4.498277
-7.576942
-10.995865
-14.277015
-17.696278
-20.714998
-23.240532
-25.822605
-28.700999
-31.300102
-34.075294
-36.699772
-38.112402
-38.298709
-37.898336
-37.044968
-35.479069
-34.046514
-33.182587
-32.401936
-31.087399
-29.630661
-27.432612
-25.014366
-21.906410
-17.743622
-13.312101
-8.986337
-4.710981
-0.800235
2.747093
6.255763
9.371553
11.975936
14.662572
17.413923
20.313774
23.660489
26.820898
29.237100
31.296185
33.190421
34.456083
35.225153
35.251379
34.762621
34.684624
34.476178
33.841303
33.358165
32.545328
30.479431
27.899912
25.221280
21.843740
18.250942
15.049662
11.610985
7.863726
4.024335
0.085490
-3.597566
-6.648813
-9.783677
-13.223376
-16.658647
-19.915785
-22.372518
-24.861438
-27.763333
-30.638831
-33.158064
-35.846404
-37.740810
-38.429328
-38.198403
-37.552289
-36.198923
-34.765346
-33.640862
-32.722098
-31.531709
-30.142750
-28.266396
-25.897026
-22.961072
-19.298792
-14.859949
-10.462659
-6.025008
-1.969678
1.717976
5.515814
8.947338
11.437620
13.884306
16.610112
19.404548
22.701536
26.029519
28.710025
30.957120
33.030851
34.490653
35.229581
35.559790
35.254785
34.861054
34.666402
34.183434
33.672026
32.996280
31.223297
28.676646
26.031733
22.877966
19.178391
15.773943
12.501648
8.891480
5.185604
1.083442
-2.684934
-5.908183
-9.034021
-12.516465
-15.830823
-19.147566
-21.824496
-24.269138
-26.930911
-29.795340
-32.380308
-35.206420
-37.439721
-38.319486
-38.039684
-37.453515
-36.329031
-34.711531
-33.604247
-32.902786
-31.810488
-30.479942
-28.727736
-26.392596
-23.695230
-20.163230
-15.683515
-11.354685
-7.061447
-2.980913
0.774009
4.474946
7.949386
10.711295
13.101782
15.880040
18.457004
21.495478
24.835893
27.639866
29.615164
31.733853
33.462388
34.306049
35.009214
34.817117
34.403971
34.324442
34.033060
33.372130
32.786472
31.445197
29.123000
26.561873
23.705108
20.175491
16.699689
13.399294
9.857927
6.200756
2.266339
-1.672336
-5.070652
-8.045605
-11.179107
-14.431647
-17.761162
-20.761830
-23.144824
-25.671891
-28.688908
-31.296355
-33.949443
-36.526918
-37.815401
-37.927628
-37.384374
-36.464589
-34.898009
-33.723797
-32.885756
-31.927143
-30.674594
-29.165915
-26.934317
-24.429560
-21.220957
-17.075539
-12.752329
-8.481230
-4.244873
-0.498125
3.039667
6.681170
9.724072
12.107747
14.764581
17.536368
20.542315
23.962259
26.783092
29.073272
31.224830
33.182076
34.367016
35.032885
35.256658
34.735884
34.514325
34.257003
33.699955
33.251899
32.242877
30.028820
27.484894
24.861779
21.428721
17.890079
14.630386
11.215891
7.568938
3.607443
-0.301770
-3.899506
-6.996564
-10.206018
-13.624430
-16.899960
-20.154885
-22.662708
-25.197778
-27.974844
-30.751739
-33.220734
-35.947221
-37.745578
-38.226673
-37.812505
-37.093673
-35.646813
-34.235546
-33.207110
-32.418285
-31.308958
-29.901607
-27.800288
-25.364671
-22.473676
-18.502133
-14.032296
-9.738037
-5.438668
-1.479217
2.091612
5.900008
9.103673
11.618308
14.209066
16.977446
19.769498
22.916624
26.246990
28.811693
30.832631
32.741172
34.290552
35.134724
35.309110
34.986053
34.500531
34.354414
33.814396
33.177478
32.430206
30.670847
28.121982
25.470938
22.201708
18.555096
15.322651
11.930806
8.273125
4.546813
0.651223
-3.074408
-6.269046
-9.305307
-12.676716
-15.855687
-19.185373
-21.920885
-24.275099
-26.915244
-29.876743
-32.403299
-35.042422
-37.214586
-38.180351
-38.100311
-37.358659
-36.133017
-34.441607
-33.353737
-32.471589
-31.387125
-30.128104
-28.324638
-26.126419
-23.338454
-19.765241
-15.467576
-11.134999
-6.857429
-2.650874
0.942264
4.596199
8.166347
10.799340
13.293028
15.929937
18.634115
21.688257
25.062391
27.698449
29.836552
32.019445
33.633028
34.598282
35.063539
34.894262
34.498147
34.015349
33.618382
33.188037
32.556398
31.296355
28.975861
26.554380
23.722308
20.152160
16.624246
13.325896
9.972368
6.291355
2.329350
-1.569135
-4.956893
-7.947683
-11.275666
-14.635835
-17.969268
-20.928042
-23.333345
-25.858198
-28.695720
-31.342847
-33.963919
-36.575794
-37.955216
-38.084814
-37.639482
-36.707095
-35.194499
-33.840963
-32.901594
-32.061338
-30.869756
-29.279675
-27.086735
-24.691139
-21.442686
-17.220293
-12.799161
-8.616618
-4.424879
-0.605243
3.023999

