18.040112
14.883450
11.131593
6.666354
2.465759
-1.058238
-4.377535
-7.708073
-10.904585
-14.116934
-17.186914
-20.799467
-24.391242
-27.680567
-30.568157
-33.641372
-36.057745
-37.907192
-39.165020
-39.501701
-39.135047
-38.734674
-38.175923
-37.363938
-37.026916
-36.091123
-33.789022
-30.645643
-27.686357
-24.748019
-21.621840
-17.202411
-11.923994
-6.925208
-2.623456
1.564877
5.015816
8.493832
12.069600
15.359265
18.563781
21.585056
24.318014
26.648896
29.525246
32.222101
34.211874
35.512277
36.062683
36.006996
35.859346
35.282544
34.402609
33.893245
33.407892
32.167264
30.315604
28.560162
26.284116
24.129493
21.965163
19.536359
16.652175
13.188635
8.860486
4.451445
0.854390
-2.407687
-5.950757
-9.174517
-12.390103
-15.547957
-19.039597
-22.834710
-26.208673
-29.403482
-32.440594
-35.201992
-37.274190
-38.913488
-39.663485
-39.726836
-39.164509
-38.685117
-37.997110
-37.608147
-37.037986
-35.259213
-32.327686
-29.204403
-26.319197
-23.294858
-19.441673
-14.400823
-9.048155
-4.408530
-0.175408
3.694296
7.205520
10.712487
14.316865
17.484426
20.617417
23.552690
26.113135
28.616531
31.505993
33.776760
35.507168
36.255802
36.236048
36.154815
35.930702
35.156863
34.275055
33.894948
32.955408
31.301294
29.459170
27.202197
24.837426
22.707667
20.476069
17.665625
14.501640
10.380745
5.846194
1.863922
-1.616308
-4.995040
-8.290836
-11.460100
-14.699357
-17.827579
-21.455799
-25.048086
-28.324297
-31.302656
-34.397500
-36.568131
-38.323743
-39.410761
-39.560965
-39.149012
-38.761752
-38.073574
-37.383863
-36.846399
-35.803148
-33.324105
-30.038186
-27.026108
-24.107865
-20.830802
-16.173465
-10.778904
-5.927597
-1.606260
2.318961
5.982092
9.425368
12.891803
16.060216
19.209726
22.225210
24.792297
27.236768
30.190434
32.861744
34.645115
35.767215
35.987582
35.894087
35.689218
35.105773
34.230947
33.758879
33.197403
31.716824
29.910633
27.982337
25.705269
23.466860
21.288225
18.645014
15.751294
12.188639
7.648638
3.402063
-0.057902
-3.481933
-6.879057
-9.991952
-13.287238
-16.358239
-19.925662
-23.621491
-26.831116
-29.938902
-33.028977
-35.709483
-37.628583
-38.973945
-39.455380
-39.298364
-38.899524
-38.349799
-37.714924
-37.339585
-36.633696
-34.512792
-31.498500
-28.487274
-25.531564
-22.332328
-18.139396
-13.015951
-7.929121
-3.482614
0.685453
4.406486
7.978167
11.489732
15.017986
18.085752
21.185534
24.067334
26.445900
29.210363
32.150575
34.316438
35.844360
36.434616
36.306381
36.084652
35.761935
34.920829
34.293107
33.824614
32.706942
31.041077
29.111419
26.739665
24.545533
22.384439
19.870996
16.901323
13.599736
9.337834
4.835810
1.033034
-2.459117
-5.817584
-9.047134
-12.221677
-15.455655
-18.932819
-22.804056
-26.275771
-29.518093
-32.535281
-35.299914
-37.396124
-39.095708
-39.949928
-39.835998
-39.302792
-38.953679
-38.235869
-37.587030
-37.017720
-35.428490
-32.519954
-29.353244
-26.301656
-23.300988
-19.640752
-14.475414
-9.126152
-4.525866
-0.311988
3.585986
7.188320
10.750634
14.134645
17.321961
20.498719
23.512840
25.976726
28.534957
31.476191
33.885411
35.422700
36.234685
36.222254
36.045483
35.781690
35.030842
34.175941
33.928667
33.080408
31.182085
29.141222
27.093717
24.884258
22.854975
20.584379
17.840522
14.658485
10.740757
6.030117
2.150025
-1.318625
-4.772288
-8.007969
-11.130231
-14.237847
-17.422608
-21.258763
-24.836234
-28.095245
-31.090805
-34.132004
-36.428656
-38.081748
-39.240122
-39.492675
-39.244720
-38.742168
-38.085495
-37.602697
-37.244899
-36.033562
-33.440079
-30.309984
-27.365174
-24.437053
-21.063600
-16.426018
-11.075905
-6.246056
-1.855918
2.133506
5.716596
9.145396
12.763568
16.098533
19.168002
22.180080
24.842705
27.324302
30.106817
32.729421
34.626722
35.820518
36.226341
36.050933
35.951308
35.252912
34.369571
33.892223
33.276592
31.938893
30.189242
28.214795
25.816134
23.662874
21.486793
18.872534
15.833378
12.252331
7.685934
3.436634
-0.014305
-3.411259
-6.748608
-9.995869
-13.292006
-16.370501
-19.858224
-23.604291
-27.007886
-30.097961
-33.175945
-35.793611
-37.689890
-39.238078
-39.701973
-39.506810
-39.014816
-38.525207
-37.812335
-37.373645
-36.563362
-34.629788
-31.612260
-28.438057
-25.394474
-22.368090
-18.232720
-12.919222
-7.807698
-3.437485
0.672851
4.496574
8.060762
11.559214
14.926195
18.080473
21.233899
23.978438
26.396854
29.071229
32.063723
34.236056
35.524709
36.117179
36.081587
35.915204
35.382339
34.546171
33.911126
33.553839
32.364982
30.640364
28.752599
26.703051
24.558476
22.227253
19.500937
16.754525
13.340201
9.288277
4.821675
1.093490
-2.394063
-5.905799
-9.045771
-12.229340
-15.338830
-18.708195
-22.486278
-25.890384
-28.974158
-32.091992
-35.015345
-37.050077
-38.675751
-39.552110
-39.631980
-39.182220
-38.626875
-37.851845
-37.406342
-36.773171
-35.229751
-32.390526
-29.256684
-26.291439
-23.278679
-19.446611
-14.483929
-9.259156
-4.613229
-0.410761
3.536088
6.964377
10.401521
13.859442
17.070770
20.109756
23.091861
25.553703
28.095075
30.927658
33.336197
34.962382
35.905668
35.966635
35.770110
35.582440
34.856456
34.035615
33.594710
32.721417
31.107834
29.286827
27.248519
24.883917
22.749731
20.576715
17.853805
14.692034
10.888066
6.351130
2.385548
-1.105581
-4.442079
-7.692235
-10.741098
-13.921261
-17.097848
-20.785502
-24.454934
-27.709178
-30.845063
-33.617190
-35.911628
-37.761586
-39.030824
-39.272308
-38.959639
-38.533551
-38.010223
-37.345546
-37.034750
-35.938876
-33.640351
-30.593191
-27.567829
-24.612461
-21.328585
-16.860451
-11.478833
-6.588527
-2.244881
1.712356
5.360501
8.883476
12.404067
15.587466
18.759285
21.839823
24.511814
26.890380
29.690266
32.367536
34.244742
35.471065
35.839932
35.759040
35.623312
35.126380
34.232991
33.817972
33.356122
31.986237
30.190434
28.326682
26.088953
23.848500
21.756036
19.207341
16.322136
12.851272
8.415495
4.091603
0.578165
-2.925566
-6.261383
-9.435926
-12.530429
-15.683855
-19.257750
-23.082495
-26.534796
-29.862097
-32.825981
-35.450629
-37.446533
-38.996424
-39.579187
-39.493867
-39.180006
-38.687672
-37.997791
-37.640844
-36.941426
-34.843002
-31.817811
-28.715134
-25.862796
-22.766250
-18.655402
-13.406106
-8.219481
-3.810269
0.477007
4.217284
7.640634
11.275155
14.723369
17.963307
21.110092
23.939950
26.542119
29.301984
32.078368
34.192971
35.575288
36.202329
36.272492
36.104236
35.815409
34.904821
34.240995
33.668791
32.486064
30.757529
28.833662
26.664564
24.324656
22.253820
19.937243
17.010655
13.466733
9.171452
4.692418
0.947203
-2.505268
-5.939007
-9.002686
-12.188298
-15.399797
-18.745661
-22.480147
-25.962591
-29.243742
-32.234362
-34.898349
-36.879778
-38.463729
-39.408207
-39.441245
-38.959810
-38.533551
-37.821020
-37.186997
-36.559616
-34.990651
-32.318149
-29.092857
-26.135104
-23.124048
-19.493614
-14.631067
-9.221179
-4.576615
-0.366143
3.506967
6.965058
10.406630
13.743639
16.925505
20.057814
22.980486
25.452035
27.854102
30.618736
33.101865
34.695523
35.528626
35.626377
35.614286
35.458463
34.623827
33.740657
33.452170
32.593012
31.023536
29.252938
27.224677
24.870804
22.793327
20.539590
17.839330
14.849731
11.053596
6.565366
2.437149
-0.981603
-4.201276
-7.502181
-10.551725
-13.672454
-16.830819
-20.562240
-24.257728
-27.464288
-30.539376
-33.666406
-36.082097
-37.803480
-39.077997
-39.369890
-39.212363
-38.806200
-38.212538
-37.555013
-37.151575
-36.174400
-33.792087
-30.727386
-27.672734
-24.742229
-21.438939
-16.908305
-11.648110
-6.789480
-2.399513
1.663651
5.218642
8.739233
12.298822
15.633447
18.893140
22.005524
24.696929
27.244943
30.064923
32.677991
34.583807
35.822051
36.183255
36.065578
35.963569
35.460336
34.659931
34.165723
33.594710
32.188552
30.475685
28.578894
26.236602
24.063928
21.918842
19.350392
16.337463
12.752499
8.338690
3.799200
0.204018
-3.385714
-6.724937
-9.883302
-13.072491
-16.282286
-19.874062
-23.593221
-26.988813
-30.210699
-33.376898
-36.032030
-37.911960
-39.398159
-40.045295
-39.850473
-39.386920
-38.862058
-38.130624
-37.605762
-36.794628
-34.751381
-31.830072
-28.615338
-25.563070
-22.325005
-18.165282
-12.826920
-7.705348
-3.250497
0.863586
4.629067
8.221865
11.832544
15.249423
18.345288
21.522045
24.441992
26.828221
29.468366
32.280173
34.459659
35.797017
36.410945
36.418097
36.233493
35.763127
34.767389
33.948251
33.533233
32.237598
30.463423
28.390203
26.222467
23.962770
21.721465
19.168173
16.388382
13.051544
8.812802
4.269225
0.554834
-2.748626
-6.192412
-9.269203
-12.405259
-15.329974
-18.637180
-22.483894
-25.929383
-29.056753
-32.080753
-34.812348
-36.781004
-38.313014
-39.106607
-39.054666
-38.628919
-38.181373
-37.555695
-36.988769
-36.484344
-34.971748
-32.083818
-28.981141
-26.095424
-23.100717
-19.309350
-14.424494
-9.311949
-4.776035
-0.547852
3.359829
6.826775
10.317905
13.742277
16.863176
19.939968
22.863320
25.175129
27.863298
30.705759
33.047710
34.651416
35.541568
35.772324
35.597597
35.459314
34.818479
34.032379
33.740657
32.954727
31.324284
29.617378
27.558463
25.264876
23.096459
21.000590
18.317699
15.064648
11.034863
6.577798
2.615792
-0.917912
-4.448720
-7.697344
-10.751997
-13.914449
-17.125607
-20.985263
-24.633237
-28.114659
-31.328882
-34.417936
-36.664520
-38.325787
-39.658546
-40.054151
-39.701973
-39.326293
-38.814374
-38.174902
-37.759202
-36.528451
-34.069845
-30.926466
-27.771677
-24.730989
-21.262339
-16.614880
-11.263575
-6.280456
-1.895428
2.176251
5.807195
9.385858
13.014930
16.334057
19.513880
22.666795
25.467362
27.907406
30.846255
33.562865
35.418442
36.452327
36.709479
36.566598
36.466633
35.982813
34.963233
34.450463
33.694676
32.172884
30.292443
28.186866
25.876590
23.673773
21.318197
18.730674
15.752486
11.908497
7.308211
2.984319
-0.732797
-4.222052
-7.599252
-10.700907
-13.855185
-16.935383
-20.528351
-24.345602
-27.811868
-31.007869
-33.788000
-36.217655
-38.072552
-39.303814
-39.727518
-39.487396
-39.139986
-38.588217
-37.657533
-37.158557
-36.288330
-34.134218
-31.043291
-27.896677
-24.941819
-21.743264
-17.410517
-12.175356
-7.092101
-2.653939
1.509360
5.308219
8.630412
12.041160
15.348026
18.420560
21.611793
24.226223
26.595933
29.306752
32.107830
34.129449
35.305193
35.807746
35.819326
35.689218
35.330568
34.427302
33.894096
33.373322
32.011952
30.340637
28.475693
26.359047
24.052007
21.858897
19.454445
16.796419
13.352292
9.125641
4.788297
1.207590
-2.412796
-5.830526
-8.847203
-11.872734
-14.896733
-18.375260
-22.192853
-25.623866
-28.839111
-32.034942
-34.877402
-36.884035
-38.455214
-39.368868
-39.701632
-39.135388
-38.616828
-38.080897
-37.651573
-37.085840
-35.412312
-32.691615
-29.635089
-26.612282
-23.605483
-19.684689
-14.786891
-9.612526
-4.939011
-0.732967
3.196682
6.588697
10.255575
13.809374
16.937937
20.129851
23.169177

