-34.031357
-36.792925
-39.075102
-40.602854
-41.424717
-41.911602
-42.205027
-42.169264
-41.777917
-41.249139
-39.948055
-38.162470
-35.959652
-33.338581
-30.264854
-27.164561
-23.500919
-19.428219
-15.030248
-10.460785
-5.731412
-1.349960
2.891166
6.994179
10.314158
13.901166
18.323490
22.692851
26.492562
30.184133
33.289705
36.316599
39.194141
41.306870
42.408875
43.523482
43.875660
43.677943
43.133668
41.939872
40.110350
38.023336
36.035606
33.419473
30.655350
27.497155
24.333000
21.176849
17.369986
12.964691
8.590392
4.015480
-0.640494
-4.801069
-8.698021
-12.854167
-17.087460
-20.876782
-24.834020
-28.268269
-30.956268
-33.395631
-36.118031
-38.681030
-40.569135
-41.616985
-42.077473
-42.403425
-42.695999
-42.366811
-41.870049
-40.868180
-39.156164
-37.110533
-34.488610
-31.477043
-28.424433
-25.058985
-20.895175
-16.608238
-12.040309
-7.457903
-2.679995
1.722063
5.964722
9.493147
12.894699
17.039435
21.551677
25.607177
29.330935
32.693829
35.649368
38.500854
41.019917
42.385203
43.347393
44.075932
43.982949
43.411425
42.583091
40.797676
38.571358
36.483492
34.208127
31.212228
28.157575
24.871486
21.883079
18.303224
13.922794
9.461641
5.198206
0.700610
-3.817763
-7.677249
-11.604513
-15.773092
-19.657952
-23.632390
-27.331454
-30.153649
-32.411643
-35.041741
-37.600143
-39.775712
-41.115965
-41.735513
-42.163304
-42.397295
-42.236022
-41.704008
-40.998629
-39.354392
-37.386247
-35.023689
-32.290220
-29.258217
-26.121650
-22.248881
-18.048457
-13.656787
-9.029763
-4.332406
-0.028099
4.266671
8.147274
11.562620
15.135833
19.435031
23.761477
27.580602
31.044313
33.936501
36.839417
39.636918
41.430848
42.529958
43.401888
43.827466
43.378557
42.640822
41.221210
39.273841
37.236725
35.066605
32.443660
29.601880
26.589632
23.500919
20.305599
16.159671
11.721339
7.407154
2.969674
-1.552616
-5.541359
-9.361506
-13.598033
-17.683847
-21.491562
-25.362458
-28.670345
-31.135423
-33.740657
-36.370584
-38.686820
-40.524687
-41.488750
-41.952133
-42.432717
-42.548691
-42.127541
-41.694811
-40.407351
-38.707427
-36.619220
-33.887454
-30.867713
-27.935505
-24.468899
-20.180430
-15.749931
-11.125633
-6.502186
-1.981258
2.392530
6.445817
9.902545
13.408831
17.803907
22.271701
26.242222
30.011450
33.335686
36.321538
39.139475
41.399002
42.600632
43.657678
44.289827
44.197355
43.536425
42.536429
40.548529
38.402932
36.411456
33.858504
30.966827
27.999708
24.854967
21.730832
17.867429
13.315337
8.713348
4.339559
-0.306708
-4.584619
-8.520910
-12.625286
-16.728810
-20.698479
-24.790764
-28.232677
-30.945369
-33.456768
-36.227022
-38.666555
-40.571519
-41.730744
-42.279959
-42.741469
-42.853526
-42.487383
-41.898148
-41.002376
-39.352860
-37.322896
-34.705060
-31.831605
-28.738294
-25.277138
-21.227087
-16.934531
-12.412071
-7.600444
-2.906833
1.352515
5.610159
9.385177
12.789794
16.756398
21.272557
25.336061
29.174600
32.538176
35.378252
38.397653
40.930680
42.282684
43.174199
43.935605
44.061797
43.529102
42.465414
40.760892
38.696527
36.702156
34.318311
31.489985
28.502771
25.319713
22.074495
18.619299
14.306988
9.767158
5.402054
0.898668
-3.553288
-7.293054
-11.200053
-15.613522
-19.747700
-23.580790
-27.184997
-29.933793
-32.337052
-34.936156
-37.534748
-39.623635
-41.210311
-41.744198
-42.199237
-42.588711
-42.407002
-41.859831
-41.071687
-39.554153
-37.778105
-35.459825
-32.663005
-29.604605
-26.458161
-22.608042
-18.232380
-13.810907
-9.178264
-4.617827
-0.216109
4.025698
7.726465
11.054788
14.892646
19.428219
23.676498
27.472462
31.024729
34.016711
36.958626
39.724282
41.474955
42.672498
43.652569
44.050728
43.651206
43.016672
41.669948
39.534569
37.443638
35.337039
32.716819
29.726199
26.640041
23.522207
20.293849
16.337803
11.776515
7.506098
2.931527
-1.627547
-5.698885
-9.605714
-13.732740
-17.794200
-21.718911
-25.702374
-28.874704
-31.336205
-33.906698
-36.692279
-39.022309
-40.874822
-41.813340
-42.223590
-42.617662
-42.622430
-42.304141
-41.875328
-40.626526
-38.770608
-36.673546
-34.052474
-31.097106
-27.920348
-24.237292
-20.090512
-15.803746
-11.166675
-6.473916
-1.893214
2.482789
6.634678
10.144540
13.739382
17.958539
22.367239
26.450157
30.286482
33.399378
36.331415
39.313010
41.565725
42.735679
43.680838
44.340917
44.236013
43.542385
42.401041
40.503740
38.438184
36.334310
33.781188
30.799253
27.844906
24.730478
21.476405
17.689296
13.160535
8.688825
4.145588
-0.499146
-4.791703
-8.530787
-12.698003
-16.835587
-20.714998
-24.512495
-27.922903
-30.741351
-33.440590
-36.015000
-38.571358
-40.299382
-41.465419
-41.955028
-42.497771
-42.813165
-42.395421
-41.822195
-40.823562
-39.117507
-37.089075
-34.502063
-31.612941
-28.566292
-25.254829
-21.243266
-16.916139
-12.396915
-7.828644
-3.192595
1.271623
5.572523
9.143182
12.541158
16.504696
21.009275
25.094918
28.844220
32.289198
35.324608
38.227524
40.731260
42.205538
43.135541
44.045789
44.076954
43.465069
42.618854
41.056020
38.866826
36.847591
34.487929
31.676633
28.609378
25.458506
22.388867
19.024270
14.745678
10.219642
5.926916
1.305512
-3.174203
-7.141999
-11.155605
-15.258789
-19.132750
-23.020506
-26.881865
-29.888323
-32.269273
-34.932920
-37.627901
-39.708444
-41.219507
-41.866643
-42.380605
-42.698043
-42.612382
-42.093311
-41.467973
-40.034396
-38.138628
-35.905497
-33.103568
-30.098472
-26.879140
-23.006201
-18.751962
-14.415298
-9.700911
-5.008153
-0.516517
3.704173
7.667201
10.969639
14.788934
19.090005
23.350716
27.279173
31.015532
34.058946
36.941767
39.853368
41.775533
42.894568
43.810436
44.358117
44.176579
43.579510
42.171308
40.195159
38.139820
35.945347
33.182587
30.166081
27.063744
23.895672
20.646027
16.676188
12.195281
7.704837
3.198045
-1.529115
-5.704675
-9.556328
-13.719797
-17.893996
-21.781581
-25.686537
-29.125214
-31.696217
-34.302984
-37.100826
-39.401225
-41.127375
-42.089905
-42.489937
-42.958089
-43.074233
-42.757988
-42.139292
-40.961504
-39.178814
-37.029811
-34.307752
-31.358344
-28.230122
-24.561712
-20.340511
-16.057662
-11.395216
-6.621054
-2.092975
2.375671
6.645918
10.091748
13.551712
17.921584
22.377116
26.409626
30.136790
33.422198
36.383527
39.337022
41.594846
42.699405
43.763263
44.339044
44.124808
43.650695
42.539835
40.647984
38.489955
36.341803
33.924750
31.030689
27.884756
24.611780
21.413394
17.733744
13.359615
8.807523
4.495382
-0.179155
-4.496234
-8.463178
-12.528215
-16.627482
-20.506552
-24.369274
-28.000389
-30.592510
-32.824789
-35.554000
-38.211857
-40.182386
-41.318621
-41.780131
-42.221206
-42.479719
-42.043243
-41.511229
-40.692261
-39.073910
-37.094866
-34.671681
-31.859023
-28.835024
-25.397539
-21.279710
-17.017637
-12.646743
-8.057867
-3.488404
0.721727
4.934243
8.623941
12.025152
16.000271
20.335913
24.462598
28.207643
31.682593
34.575803
37.448747
40.143558
41.667223
42.688506
43.546302
43.684244
43.249982
42.378902
40.837526
38.846901
36.850827
34.613780
31.824112
28.846264
25.823116
22.716182
19.336087
15.188285
10.844128
6.633827
2.070665
-2.483811
-6.326607
-10.383129
-14.544725
-18.519674
-22.415263
-26.328734
-29.329913
-31.821728
-34.509386
-37.177971
-39.421490
-40.980748
-41.857106
-42.351825
-42.611701
-42.655979
-42.185954
-41.535412
-40.160758
-38.396461
-36.191259
-33.379623
-30.433450
-27.265208
-23.534468
-19.249916
-14.833723
-10.186434
-5.608797
-1.042059
3.369025
7.390295
10.794401
14.538935
19.015925
23.332664
27.321066
31.036479
34.173216
37.181037
40.000337
41.873966
43.016332
44.062138
44.463362
44.224092
43.491466
42.168583
40.258850
38.190229
35.990136
33.388478
30.419656
27.146169
23.875747
20.586082
16.541992
11.899131
7.487706
2.967630
-1.647813
-5.800894
-9.780611
-14.021226
-18.111638
-22.019999
-26.037523
-29.350349
-31.878267
-34.376213
-37.067107
-39.408718
-41.019576
-42.077133
-42.529787
-43.088368
-43.033021
-42.557546
-41.828666
-40.543420
-38.681541
-36.405836
-33.647503
-30.780690
-27.659280
-24.048090
-19.808667
-15.384299
-10.804449
-6.018196
-1.413822
2.908877
7.001332
10.516984
14.030422
18.273933
22.523063
26.545014
30.321394
33.623150
36.416735
39.297342
41.396618
42.525019
43.374470
43.944461
43.806008
43.168068
42.017698
40.000677
37.896803
35.917759
33.382007
30.451162
27.413028
24.355480
21.266597
17.655577
13.267824
8.901869
4.524163
-0.124659
-4.446677
-8.134842
-12.234620
-16.314643
-20.318202
-24.106503
-27.561528
-30.287334
-32.778127
-35.354410
-37.855591
-39.784568
-41.023323
-41.577475
-41.980914
-42.317254
-41.954858
-41.508675
-40.474960
-38.892882
-37.082434
-34.685475
-31.871625
-28.959172
-25.627783
-21.597317
-17.308678
-12.843098
-8.204324
-3.658874
0.569650
4.640477
8.297477
11.634145
15.632255
20.193202
24.328743
28.111424
31.616688
34.694672
37.659407
40.183238
41.672332
42.807715
43.792895
44.005939
43.599265
42.764289
41.156326
39.128917
37.195853
34.759726
32.153300
29.156378
25.987625
22.818531
19.382920
15.266453
10.683707
6.380762
1.833439
-2.661092
-6.570816
-10.578462
-14.875276
-18.823147
-22.792816
-26.668140
-29.739141
-32.148021
-34.822907
-37.619727
-39.920466
-41.347061
-42.017358
-42.580877
-43.124471
-42.980398
-42.360680
-41.589567
-40.045125
-38.175413
-35.771302
-33.057077
-30.068159
-26.984726
-22.943531
-18.435887
-14.066526
-9.420429
-4.612718
-0.140837
4.128218
8.085796
11.479855
15.348366
19.790615
24.046557
28.064251
31.704221
34.770795
37.702152
40.400539
42.233637
43.254920
44.115441
44.401373
43.967962
43.186460
41.686126
39.539507
37.444149
35.343681
32.539708
29.563393
26.388509
23.107529
19.691672
15.557493
10.940518
6.642171
2.293927
-2.443620
-6.496566
-10.439157
-14.625107
-18.688270
-22.581475
-26.356833
-29.464109
-31.987258
-34.391369
-36.899533
-39.252724
-40.900196
-41.705540
-42.209455
-42.584453
-42.575768
-42.010035
-41.256292
-39.876189
-38.063696
-35.888297
-33.262798
-30.389173
-27.198962
-23.438079
-19.201892
-14.756407
-10.078124
-5.478518
-1.137597
3.098590
7.249117
10.638237
14.143501
18.392801
22.716693
26.603256
30.212743
33.359357
36.253248
39.067779
41.182211
42.350973
43.330533
44.046129
43.708256
42.977163
41.790009
39.797510
37.874665
35.700117
33.187355
30.356646
27.389356
24.181434
20.909991
17.146042
12.819086
8.460624
4.210813
-0.406333
-4.506281
-8.426053
-12.722356
-16.825540
-20.771878
-24.660826
-28.202704
-30.949627
-33.429010
-35.934789
-38.543429
-40.447201
-41.565895
-42.055164
-42.801074
-43.063504
-42.627198
-41.969844
-40.882996
-39.276055
-37.304504
-34.757342
-31.897341
-28.916427
-25.518792
-21.274090
-16.841378
-12.326581
-7.942574
-3.122602
1.381976
5.541018
9.202617
12.694938
16.878843
21.369968
25.445053
29.382365
32.812357
35.893917
38.715771
41.166544
42.664664
43.657167
44.551917
44.407674
44.003214
43.130262
41.228192
39.090259
37.113769

