4.094158
-5.263942
-16.018833
-26.584523
-36.801781
-45.348406
-51.587309
-55.736814
-57.279042
-58.382068
-57.740211
-54.829972
-48.582724
-39.613588
-30.138663
-19.563096
-8.073364
3.182037
12.758119
22.862128
32.460008
40.990285
48.443590
53.587641
56.275300
57.253667
57.153191
55.346659
51.486152
43.299879
33.358506
23.317507
11.616434
1.478706
-8.280107
-19.113507
-29.559135
-39.600474
-47.424861
-53.271736
-56.508439
-57.723522
-58.398247
-57.201215
-53.454467
-45.976468
-36.852360
-27.199132
-16.433682
-4.578999
6.035055
15.761512
26.015554
35.247122
43.543577
50.252165
54.708549
56.717907
57.455472
56.877477
54.560048
49.554620
40.363073
30.426298
19.864866
8.292028
-1.219511
-11.476449
-22.500243
-32.782214
-42.297500
-49.317394
-54.623910
-56.981870
-57.916641
-58.234079
-56.357554
-51.577091
-43.327979
-33.990485
-24.008581
-13.006585
-1.287460
8.875302
18.657616
28.758730
37.740299
45.764106
51.782983
55.457354
56.985617
57.509456
56.406770
53.642648
47.259671
37.516696
27.894293
16.668865
5.483457
-3.782170
-14.432669
-25.359222
-35.829714
-44.547319
-51.139934
-55.700881
-57.281256
-58.378662
-58.016607
-55.390256
-49.632447
-40.766341
-31.297377
-20.869119
-9.503875
1.971722
11.815003
21.891424
31.685489
40.284395
47.749111
53.195613
56.055103
57.062251
57.200193
55.873394
52.233253
44.615098
34.611225
24.627788
12.879201
2.498286
-6.998437
-17.963818
-28.518268
-38.650717
-46.672821
-52.738530
-56.310552
-57.584047
-58.456319
-57.494470
-54.089853
-47.122921
-38.074085
-28.408255
-17.815999
-6.132977
4.824230
14.361313
24.595431
34.147671
42.670625
49.616609
54.472174
56.651320
57.326044
57.094949
55.186238
50.697667
41.880608
31.999009
21.633932
9.854010
-0.039339
-10.048492
-21.069390
-31.542097
-41.184596
-48.650673
-54.229839
-57.025637
-58.014563
-58.442695
-56.901659
-52.597352
-44.630085
-35.330738
-25.519644
-14.505046
-2.667734
7.699387
17.452410
27.627945
36.687851
44.829164
51.219293
55.303063
57.021039
57.590348
56.662389
54.202250
48.538957
38.967984
29.150588
18.174819
6.775005
-2.706902
-13.313464
-24.063587
-34.322568
-43.512412
-50.397941
-55.424997
-57.424988
-58.551686
-58.465004
-56.177718
-50.889594
-42.099442
-32.770974
-22.593396
-11.381422
0.459467
10.378020
20.295041
30.268942
39.208446
46.908174
52.725588
56.095804
57.309866
57.632923
56.353467
53.157466
46.133144
36.074775
26.489496
14.857735
3.937142
-5.543913
-16.435044
-27.143615
-37.253073
-45.657328
-52.056313
-56.200368
-57.783978
-58.733225
-58.022056
-54.964679
-48.646927
-39.588724
-29.962233
-19.631556
-7.986171
3.265483
12.967076
23.186207
32.870259
41.602680
48.965045
54.042510
56.799820
57.652848
57.461602
55.761848
51.851783
43.633154
33.601863
23.399762
11.724404
1.589060
-8.280277
-19.538573
-30.176469
-40.118013
-47.862700
-53.770542
-57.035685
-58.094093
-58.895179
-57.626111
-53.940501
-46.456371
-37.163326
-27.330773
-16.440153
-4.461663
6.346703
16.014917
26.318516
35.682065
43.861015
50.582375
55.131742
57.238340
57.860272
57.290111
55.108752
50.057002
40.917397
30.912331
20.208018
8.464711
-1.124484
-11.345659
-22.406237
-32.909257
-42.342288
-49.508640
-54.936068
-57.224546
-58.390924
-58.701038
-56.774957
-52.215202
-43.907847
-34.502915
-24.549110
-13.347353
-1.550572
8.773463
18.613509
28.768097
37.833282
45.895576
52.067723
55.840526
57.415792
57.868787
56.844950
54.072142
47.886372
38.185971
28.443677
17.077582
5.620207
-3.687825
-14.527185
-25.393282
-35.734006
-44.548682
-51.280771
-55.963823
-57.764735
-58.735609
-58.581318
-56.069578
-50.340721
-41.425909
-31.915222
-21.402155
-9.871721
1.686811
11.530433
21.586759
31.504120
40.205717
47.945295
53.544555
56.682655
57.778869
57.998385
56.526491
53.078617
45.517172
35.510915
25.619439
13.864551
3.081901
-6.442922
-17.430101
-28.053182
-38.216966
-46.373435
-52.543538
-56.473698
-57.924305
-58.997188
-58.004345
-54.780585
-48.002686
-38.782018
-29.331275
-18.697636
-6.892681
4.249130
13.936417
24.198805
33.868040
42.467628
49.493313
54.575886
56.913410
57.794537
57.521888
55.732046
51.379033
42.684249
32.836710
22.388186
10.649136
0.673362
-9.404080
-20.540442
-31.015703
-40.818112
-48.234463
-53.839854
-56.715522
-57.846478
-58.672598
-57.275806
-53.197656
-45.388086
-36.073072
-26.283094
-15.211276
-3.562144
6.908519
16.445432
26.775769
35.957439
44.328315
50.809213
55.088145
56.962456
57.758263
56.938614
54.410185
49.000638
39.579017
29.865674
18.948827
7.579838
-1.815728
-12.242964
-23.083176
-33.759390
-43.137755
-50.151008
-55.167505
-57.130882
-58.245148
-58.342389
-56.416137
-51.192386
-42.621068
-33.180884
-23.105315
-11.913095
-0.189202
9.784188
19.634451
29.632364
38.649014
46.520744
52.434887
55.891446
57.220800
57.621513
56.451559
53.381068
46.557699
36.819833
27.134929
15.514238
4.546472
-4.873446
-15.688794
-26.416608
-36.735535
-45.307704
-51.588331
-55.845295
-57.349035
-58.351755
-57.807480
-55.127825
-48.927920
-40.055173
-30.585698
-20.035505
-8.580003
2.705029
12.290989
22.489854
32.128607
40.768215
48.086132
53.440332
56.178910
57.127646
57.254519
55.531434
51.859106
43.754237
33.853565
23.889712
12.168884
1.768725
-8.046968
-18.984079
-29.577698
-39.479562
-47.303949
-53.307670
-56.610789
-57.722841
-58.619806
-57.399443
-53.713833
-46.377182
-37.188360
-27.484042
-16.814300
-4.876682
5.905969
15.427726
25.679725
34.942627
43.214560
50.012725
54.596833
56.591375
57.332175
56.869132
54.610116
49.827610
40.741478
30.964272
20.371846
8.731910
-0.706741
-11.007105
-21.962268
-32.327345
-41.805506
-49.077272
-54.531268
-56.979316
-58.099883
-58.427027
-56.619474
-52.061081
-43.763944
-34.416062
-24.635281
-13.591903
-1.819815
8.550882
18.369470
28.462410
37.435123
45.429638
51.493645
55.250951
56.843758
57.260820
56.270872
53.482737
47.460284
37.789515
28.032064
16.925505
5.820990
-3.456048
-14.231375
-25.086743
-35.493204
-44.323036
-50.811257
-55.439302
-57.144846
-58.102948
-57.897568
-55.383274
-49.655778
-40.938514
-31.418971
-21.242244
-9.832893
1.544441
11.334079
21.474702
31.218358
39.876870
47.423329
52.941697
55.835758
56.859766
57.042837
55.688790
52.276679
44.674533
34.815925
25.067840
13.561760
2.999987
-6.605557
-17.446620
-28.190953
-38.376706
-46.491282
-52.634648
-56.345974
-57.646206
-58.501278
-57.572126
-54.351943
-47.344310
-38.216625
-28.628451
-17.931632
-6.307534
4.615954
14.335428
24.538040
34.061670
42.484828
49.443586
54.158143
56.295395
57.145868
56.635141
54.713999
50.486497
41.786092
31.862259
21.696431
10.064500
0.189202
-9.716749
-20.738840
-31.316451
-40.936811
-48.389605
-53.959233
-56.744644
-57.746513
-58.346306
-56.762014
-52.561590
-44.771263
-35.597086
-25.710549
-14.766795
-2.906152
7.561786
17.159326
27.214289
36.273173
44.475283
50.909860
54.934365
56.730679
57.325874
56.489025
54.005555
48.440354
38.954871
29.226371
18.326555
6.842613
-2.509696
-13.083730
-23.944548
-34.309796
-43.459279
-50.268344
-55.291482
-57.214669
-58.310372
-58.207852
-55.968251
-50.592082
-41.933230
-32.604422
-22.500753
-11.240414
0.568288
10.515792
20.410674
30.343703
39.019244
46.762398
52.453620
55.763721
57.071788
57.321106
56.085587
52.861486
45.700073
35.790205
26.129995
14.630897
3.859486
-5.593470
-16.325883
-26.955945
-37.073748
-45.520067
-51.849570
-55.965185
-57.455642
-58.430093
-57.786363
-54.702078
-48.194102
-39.083958
-29.643093
-19.306285
-7.681506
3.521613
13.223376
23.414237
33.118214
41.703837
48.923152
53.903035
56.373562
57.252986
57.078259
55.300508
51.228830
42.840072
32.932588
22.913388
11.227471
1.190049
-8.629731
-19.697462
-30.247825
-40.117162
-47.738552
-53.379536
-56.468248
-57.586942
-58.394330
-57.061740
-53.253685
-45.567070
-36.419289
-26.682104
-15.841552
-4.130261
6.455694
16.052042
26.359558
35.569157
43.890647
50.486837
54.712466
56.658132
57.176522
56.618793
54.360628
49.093791
39.688178
29.965639
19.245829
7.950749
-1.606430
-11.937789
-22.749560
-33.215625
-42.515142
-49.632277
-54.748569
-56.949854
-58.052540
-58.289766
-56.226764
-51.182338
-42.751006
-33.481462
-23.520333
-12.374946
-0.728880
9.357418
19.212961
29.159103
38.151060
46.024493
52.034344
55.450371
56.681803
57.006053
55.772236
53.032977
46.432870
36.614793
26.818684
15.562773
4.681519
-4.572698
-15.349729
-26.089975
-36.250353
-44.862543
-51.125969
-55.375610
-57.005542
-57.832684
-57.420560
-54.795572
-48.682179
-39.781332
-30.340808
-20.099708
-8.611849
2.594846
12.294395
22.269487
31.826837
40.431023
47.863892
53.167343
55.849212
56.842395
56.859085
55.099045
51.313809
43.121747
33.297539
23.550306
11.891467
1.678467
-7.969311
-18.919877
-29.412338
-39.402587
-47.164645
-52.873577
-56.244816
-57.386160
-58.157274
-56.958880
-53.212132
-45.919589
-36.786795
-27.133056
-16.411543
-4.649503
6.007808
15.549319
25.755167
34.878935
43.034043
49.857071
54.290465
56.254864
56.878328
56.444407
54.267985
49.343961
40.079526
30.311176
19.877979
8.460113
-1.176766
-11.307682
-22.087097
-32.444171
-41.797502
-48.865420
-54.247039
-56.693043
-57.752473
-58.019161
-56.053059
-51.428931
-43.148484
-33.917597
-24.029016
-12.975420
-1.282522
8.829662
18.467052
28.673751
37.506989
45.529263
51.526002
55.222511
56.680271
57.065146
56.023598
53.327765
46.992813
37.185975
27.486937
16.323839
5.259173
-4.092114
-14.771053
-25.631700
-35.858835
-44.535398
-51.014083
-55.587462
-57.184866
-58.094093
-57.767119
-55.204460
-49.388749
-40.447712
-31.065941
-20.833526
-9.421451
2.076626
11.855023
21.820409
31.494583
40.182897
47.750132
53.156103
56.036711
56.982211
57.107891
55.645193
52.221332
44.591767
34.562690
24.636303
12.890100
2.328839
-7.104533
-17.944404
-28.628962
-38.826125
-46.846015
-52.937269
-56.584733
-57.890756
-58.645521
-57.604653
-54.197311
-47.293731
-37.966115
-28.219223
-17.596143
-5.867822
5.140815
14.739207
25.025266
34.461362
42.941741
49.931322
54.790122
56.908812
57.592051
57.103974
55.023772
50.621884
41.818619
31.758206
21.500417
9.695802
-0.261409
-10.163443
-21.201372
-31.738111
-41.519574
-48.922641
-54.534844
-57.227271
-58.172771
-58.682646
-57.029554
-52.842072
-44.996057
-35.690580
-25.709867
-14.738866
-2.740962
7.826430
17.517635
27.854613
36.887271
45.035567
51.456179
55.635997
57.439974
58.002302
57.203770
54.768664
49.077954
39.469855
29.545171
18.541132
7.014785
-2.714055
-13.282980
-24.277312
-34.525565
-43.809244
-50.756591
-55.815152
-57.889393
-58.855670
-58.796065
-56.467737
-51.294395
-42.589733
-33.142907
-22.921732
-11.505740
0.335319
10.515111
20.442690
30.564921
39.451974
47.339201
53.095988
56.485619
57.750940
57.939972
56.798628
53.527696
46.723400
36.790201
26.970080
15.408652
4.417045
-5.128724
-16.107389
-26.975700
-37.317957
-45.762403
-52.199875
-56.492942
-58.061225
-59.160505

