6.187643
-1.803296
-10.890961
-20.466191
-29.473986
-38.616146
-45.481239
-49.861840
-52.009480
-51.183019
-48.728841
-45.784031
-41.634696
-35.750525
-28.117214
-19.367933
-9.982245
-0.803811
8.585623
17.244986
26.088783
34.518072
41.171142
46.322686
48.817907
49.740587
49.822671
48.053946
44.393369
38.032361
29.543298
20.635128
12.251479
4.060439
-4.173688
-13.754879
-23.022549
-32.150745
-40.870905
-46.952452
-50.720658
-52.108424
-50.506592
-48.218966
-44.963871
-40.212018
-33.690078
-25.714976
-16.745329
-7.193770
1.869542
11.268343
19.764389
28.755835
36.749499
42.962176
47.639779
49.472366
50.263745
49.868992
47.383990
42.782341
35.665035
26.719740
17.969438
9.787764
1.757996
-6.878206
-16.884123
-25.881188
-35.074949
-43.104206
-48.375811
-51.460266
-51.647765
-49.619675
-47.188486
-43.545961
-38.485868
-31.408582
-23.219756
-14.045749
-4.721369
4.679816
13.736827
22.341013
31.426804
38.689886
44.489929
48.201084
49.575227
50.266470
49.318245
46.493496
41.080713
33.296858
24.384941
15.746525
7.494518
-0.557218
-9.494509
-19.401993
-28.527975
-37.541389
-44.882638
-49.556323
-51.903895
-51.497562
-49.187456
-46.391657
-42.416368
-36.690746
-29.022864
-20.417656
-11.092084
-1.899515
7.567746
16.355004
25.097813
33.768075
40.549721
46.122074
48.905781
49.803257
50.105538
48.659529
44.913292
38.861207
30.568498
21.495989
13.049671
4.950932
-3.133161
-12.703964
-22.266252
-31.325987
-40.151221
-46.568768
-50.412246
-52.026340
-50.714527
-48.420600
-45.340231
-40.901559
-34.750530
-26.754652
-17.947129
-8.382797
0.775542
10.117292
18.649782
27.710540
35.951648
42.242834
47.253030
49.304111
50.051723
50.036396
48.031807
43.792214
36.893572
28.160129
19.256898
10.880232
2.725976
-5.637578
-15.546594
-24.785825
-33.816440
-42.276382
-47.988381
-51.440341
-52.141462
-50.216402
-47.848565
-44.298513
-39.337192
-32.422032
-24.323974
-15.106201
-5.702121
3.512246
12.744154
21.228450
30.286482
37.854569
43.926750
48.098564
49.629893
50.353323
49.542529
46.974931
42.064190
34.580912
25.650263
16.947303
8.657490
0.638451
-8.400508
-18.221991
-27.181932
-36.378077
-44.152737
-49.196482
-51.977805
-51.935741
-49.692563
-47.094311
-43.296814
-37.744045
-30.450310
-22.049291
-12.705156
-3.234148
6.165675
15.097346
23.708684
32.757691
39.698567
45.444795
48.796960
49.927235
50.461973
49.128022
45.731579
39.920296
31.757014
22.950002
14.348371
6.104537
-1.995564
-11.326756
-21.091700
-29.994590
-39.005961
-45.964207
-50.229345
-52.384649
-51.417862
-48.944950
-45.967954
-41.801759
-35.814387
-27.971438
-19.444057
-9.789467
-0.674384
8.818592
17.469951
26.349510
34.939562
41.545289
46.680144
49.371890
50.272771
50.293718
48.535381
44.685772
38.124834
29.558114
20.452227
12.230022
4.187141
-4.093817
-13.919898
-23.451873
-32.484021
-41.240283
-47.485488
-51.322665
-52.439826
-50.870691
-48.397269
-45.146772
-40.387086
-33.845391
-25.852919
-16.856875
-7.238388
2.013275
11.499609
20.155907
29.351371
37.179164
43.398823
48.052413
49.898624
50.587143
50.117970
47.762735
43.114083
35.999502
27.088608
18.214498
9.899480
1.847233
-6.701265
-16.652516
-25.926658
-35.032034
-43.187652
-48.708235
-51.694938
-52.177565
-50.155435
-47.615426
-44.138602
-39.005450
-31.868730
-23.675476
-14.290299
-4.864420
4.620893
13.752835
22.342886
31.431913
38.786275
44.736181
48.552241
49.971172
50.595147
49.569096
46.606404
41.314704
33.560821
24.519648
15.829120
7.530281
-0.482627
-9.547642
-19.375426
-28.432097
-37.593842
-45.160736
-49.924510
-52.481379
-51.870346
-49.571821
-46.817745
-42.815208
-37.085158
-29.570545
-20.922593
-11.417866
-2.231768
7.332393
16.147409
25.023733
33.793109
40.744032
46.321665
49.374785
50.313643
50.649473
49.176386
45.693942
39.612906
31.358344
22.453410
14.019694
5.630425
-2.390827
-11.949028
-21.597658
-30.716828
-39.713553
-46.385697
-50.657477
-52.568231
-51.459415
-48.859119
-45.844146
-41.528429
-35.221406
-27.535813
-18.683842
-9.082896
0.172002
9.639263
18.255029
27.365685
35.700287
42.057548
47.301905
49.469812
50.444262
50.319604
48.357419
44.179474
37.291050
28.621980
19.611801
11.551380
3.476143
-4.845006
-14.685222
-24.007559
-33.231974
-41.804314
-47.669922
-51.207032
-52.013227
-50.365414
-47.954662
-44.519901
-39.688519
-32.978909
-25.064094
-15.900646
-6.679807
2.647298
11.844465
20.591872
29.748167
37.532534
43.569633
47.898463
49.483435
50.386190
49.784013
47.217437
42.471886
35.069840
26.096787
17.257929
8.952277
0.985520
-7.795095
-17.540114
-26.821409
-36.095210
-43.934924
-48.928431
-51.702602
-51.752499
-49.676384
-47.339201
-43.450594
-38.092136
-30.685493
-22.422075
-13.092927
-3.781148
5.635534
14.544555
23.216009
32.321555
39.404290
45.213018
48.665489
49.862010
50.399985
49.207892
45.956884
40.369374
32.486575
23.525783
14.896563
6.675209
-1.202311
-10.431494
-20.114524
-29.182434
-38.370405
-45.330354
-49.820117
-52.030938
-51.172291
-48.810584
-46.116795
-41.968822
-36.187002
-28.531892
-19.841194
-10.463851
-1.337358
8.029427
16.803912
25.687899
34.314053
40.986368
46.432359
49.071482
49.977984
50.284352
48.407657
44.714894
38.233995
29.802833
20.834208
12.561083
4.197700
-4.130602
-13.535704
-23.038387
-32.002415
-40.768215
-47.034536
-50.835099
-52.069255
-50.641469
-48.175369
-44.927597
-40.311984
-33.845561
-25.922230
-17.114537
-7.530791
1.675061
10.984285
19.514050
28.580768
36.492348
42.771442
47.511203
49.324376
50.157819
49.876826
47.487702
43.151549
36.099979
27.259759
18.346310
9.999275
2.075604
-6.611688
-16.488859
-25.494780
-34.597601
-42.788812
-48.220328
-51.456009
-51.982233
-50.010341
-47.560419
-44.045448
-38.821527
-31.645128
-23.611614
-14.398779
-5.087001
4.358632
13.454982
21.967207
30.978577
38.373130
44.320141
48.251663
49.718107
50.341572
49.443415
46.463864
41.209970
33.470392
24.416617
15.811239
7.664476
-0.202485
-9.189163
-19.005367
-28.040920
-37.161623
-44.498273
-49.332891
-51.890101
-51.376649
-49.122742
-46.360493
-42.298862
-36.719697
-29.040405
-20.735434
-11.381081
-2.392701
7.015807
15.962805
24.660996
33.461877
40.330376
45.897279
48.719304
49.677065
50.036226
48.627853
45.148134
39.065225
30.862434
21.896533
13.562952
5.280290
-2.833605
-12.257269
-21.930763
-30.949456
-39.799724
-46.346869
-50.348895
-52.092586
-50.827265
-48.488379
-45.581375
-41.032178
-34.749167
-26.862962
-17.987319
-8.561100
0.509194
10.017327
18.539429
27.551992
35.777433
42.121410
47.060422
49.117804
50.100769
49.819435
47.760521
43.707235
36.803314
28.024231
19.176688
10.953971
2.837692
-5.407844
-15.230860
-24.535486
-33.520460
-42.012078
-47.694274
-51.192897
-51.874093
-50.103664
-47.631093
-44.189010
-39.366995
-32.611404
-24.495806
-15.337127
-5.921296
3.364938
12.485300
20.856517
29.900415
37.606955
43.705021
47.879900
49.525329
50.296443
49.578803
46.881778
41.974783
34.521478
25.506190
16.856364
8.526700
0.556537
-8.350440
-18.159492
-27.157239
-36.334481
-44.023820
-49.162592
-51.902192
-51.805122
-49.493313
-46.866792
-42.910746
-37.431887
-30.083316
-21.812746
-12.480872
-3.106083
6.318263
15.185901
23.821933
32.654490
39.681026
45.292548
48.581191
49.763918
50.169911
48.885005
45.575925
39.755617
31.756844
22.849866
14.429774
6.186622
-1.876354
-11.200394
-20.875420
-29.784271
-38.832426
-45.654603
-49.921955
-51.983595
-51.040649
-48.787253
-45.856578
-41.610684
-35.478728
-27.788367
-19.201892
-9.632962
-0.479562
9.044749
17.542839
26.536669
34.920147
41.446856
46.594313
49.033335
50.103664
50.254038
48.381260
44.405971
37.726675
29.098306
20.103455
11.876140
3.692423
-4.558904
-14.181137
-23.564952
-32.573598
-41.237048
-47.118834
-50.878865
-51.945618
-50.383295
-47.928265
-44.674192
-39.754595
-33.157723
-25.205782
-16.243969
-6.968464
2.199752
11.386531
20.018305
29.166256
37.014825
43.208940
47.563144
49.276182
49.960613
49.603496
47.180653
42.468820
35.188028
26.342528
17.573152
9.475265
1.372780
-7.370540
-17.177888
-26.248523
-35.401583
-43.397631
-48.521246
-51.512207
-51.645892
-49.622229
-47.082731
-43.314355
-38.040536
-30.843701
-22.647040
-13.356549
-4.145758
5.278587
14.208044
22.684506
31.768254
38.899013
44.829335
48.279081
49.383470
49.919060
48.719645
45.854705
40.344681
32.424586
23.327725
14.896733
6.769385
-1.036099
-10.240759
-19.993612
-28.840133
-38.013799
-44.888769
-49.361331
-51.666498
-50.663778
-48.426730
-45.778240
-41.751521
-35.950116
-28.321402
-19.909825
-10.471174
-1.322712
8.170264
16.702243
25.474174
33.989804
40.618181
45.943771
48.488038
49.483265
49.684559
47.943422
44.331380
37.944657
29.573441
20.792314
12.455157
4.197359
-3.968818
-13.630731
-22.987298
-31.986918
-40.613072
-46.610662
-50.461803
-51.745858
-50.195285
-47.841242
-44.561284
-39.969512
-33.484016
-25.564262
-16.657284
-7.268361
1.848255
11.081185
19.553389
28.506688
36.310809
42.619875
47.210285
48.953976
49.680131
49.383300
47.120026
42.654957
35.468851
26.660136
17.990214
9.839194
1.730067
-6.819453
-16.645874
-25.722470
-34.700632
-42.680332
-48.050710
-51.218612
-51.669734
-49.602134
-47.074045
-43.529102
-38.352013
-31.296696
-23.123366
-13.873407
-4.613910
4.673174
13.560227
22.212948
31.114306
38.535595
44.308731
48.064164
49.374104
49.969298
48.980883
46.049527
40.701968
32.942636
23.921728
15.336445
7.252353
-0.737224
-9.766476
-19.633600
-28.523547
-37.513120
-44.752359
-49.479008
-51.916667
-51.316193
-49.021074
-46.258484
-42.136226
-36.297355
-28.773546
-20.387854
-10.979176
-1.837015
7.566043
16.273260
24.920191
33.697060
40.608474
46.065875
48.895053
49.772773
50.102643
48.512050
45.039483
38.955382
30.653306
21.562917
13.050692
4.825422
-3.177949
-12.595654
-22.278854
-31.377418
-40.196010
-46.682869
-50.631762
-52.291325
-50.909008
-48.462323
-45.329673
-40.947029
-34.576484
-26.578052
-17.756735
-8.218288
0.988415
10.476964
19.086770
28.042453
36.270789
42.579344
47.564677
49.521923
50.312281
50.141811
48.053094
43.894734
36.974464
28.137309
19.157103
10.782310
2.469506
-5.823885
-15.591042
-24.888175
-33.977372
-42.404618
-48.189334
-51.597186
-52.327429
-50.499610
-47.971862
-44.455017
-39.518390
-32.689571
-24.472645
-15.378680
-5.823374
3.442764
12.669734
21.362645
30.411312
38.131816
44.296810
48.603330
50.197329
50.821815
50.075735
47.332730
42.213712
34.783738
25.777646
17.012187
8.727653
0.545979
-8.331537
-18.405574
-27.348484
-36.628417
-44.501509
-49.556494
-52.381584
-52.271911
-50.002507
-47.290666
-43.502705
-38.056374
-30.663695
-22.213289
-12.661900
-3.215415
6.355047
15.309538
23.978267
32.937697
40.119886
45.823029
49.340895
50.527879
50.913436
49.773284
46.324900
40.622268
32.486064
23.426499
14.738866
6.566729
-1.498461
-10.873760
-20.740713
-29.828378
-38.866486
-45.959779
-50.455502
-52.696637
-51.976442

