32.491854
41.223935
48.670769
53.805794
56.581327
57.420560
57.399614
55.669546
51.890952
43.904100
33.903463
23.912873
12.106895
1.828841
-8.044073
-19.083875
-29.753106
-39.724452
-47.459943
-53.395033
-56.867259
-58.011327
-58.739015
-57.519674
-54.029226
-46.589375
-37.306888
-27.576174
-16.678061
-4.858119
5.997419
15.668528
25.987285
35.252912
43.481929
50.442559
55.052042
57.130882
57.763542
57.240043
54.992948
49.964019
40.807213
31.183447
20.637683
9.055478
-0.866822
-11.193241
-22.213118
-32.722609
-42.368003
-49.504723
-54.831675
-57.282788
-58.398076
-58.718068
-56.629862
-52.001306
-43.806519
-34.607308
-24.596282
-13.401338
-1.650878
8.612871
18.567528
28.766053
37.785939
45.842443
52.104848
55.854321
57.357379
57.725566
56.819575
54.182325
47.977311
38.181373
28.389692
17.480680
6.296464
-3.304141
-14.042343
-25.074141
-35.565240
-44.493164
-51.216398
-55.893489
-57.647909
-58.553389
-58.421748
-55.978298
-50.168378
-41.375501
-31.991516
-21.718570
-10.212660
1.485348
11.254038
21.351746
31.348297
40.065220
47.684908
53.210258
56.384632
57.527678
57.586942
56.269680
52.869490
45.494522
35.452162
25.509426
14.002664
3.439188
-6.156138
-17.207520
-27.935164
-38.255453
-46.394042
-52.668027
-56.311062
-57.764053
-58.590855
-57.880878
-54.744652
-47.984975
-38.913488
-29.210874
-18.694912
-6.925038
4.285574
13.939142
24.150269
33.635753
42.166369
49.278396
54.266453
56.739535
57.602951
57.447638
55.519853
51.199368
42.691231
32.792432
22.559166
10.611500
0.746080
-9.185587
-20.324332
-30.809981
-40.753910
-48.287937
-53.972176
-56.872538
-57.938610
-58.562585
-57.019166
-53.054435
-45.335804
-36.057745
-26.214634
-15.219620
-3.339563
7.101468
16.784668
27.040073
35.997118
44.272797
50.773450
55.053915
56.829112
57.519163
56.683506
54.317883
48.981394
39.530141
29.733011
19.134113
7.628543
-1.838548
-12.335096
-23.166622
-33.508199
-42.843308
-49.862862
-54.922785
-57.054758
-58.236463
-58.264392
-56.104830
-51.098040
-42.734146
-33.500365
-23.358890
-12.069941
-0.304835
9.725094
19.622019
29.729945
38.632154
46.372414
52.207708
55.623395
56.896210
57.198150
56.041990
53.110804
46.318259
36.406006
26.746988
15.444756
4.564864
-4.866634
-15.877656
-26.531730
-36.761931
-45.238733
-51.612003
-55.823156
-57.345799
-58.274439
-57.895013
-55.095128
-48.666341
-39.687157
-30.309302
-19.899096
-8.426734
3.016676
12.639761
22.838967
32.410451
41.157178
48.462663
53.548643
56.240218
57.207005
57.111638
55.398260
51.594462
43.467794
33.587728
23.622683
12.011358
1.808916
-7.919925
-18.878153
-29.508727
-39.608819
-47.404766
-53.318569
-56.674480
-57.815824
-58.546066
-57.290792
-53.718601
-46.274151
-37.055526
-27.409792
-16.744477
-5.023650
5.839382
15.547957
25.845425
35.151243
43.450424
50.358432
54.787568
56.660516
57.325023
56.743452
54.548298
49.638067
40.518897
30.758211
20.288740
8.685419
-1.038654
-11.156627
-22.196599
-32.597610
-42.144741
-49.363886
-54.694244
-56.882245
-58.059692
-58.356864
-56.418180
-51.843609
-43.733971
-34.369401
-24.326018
-13.226611
-1.512255
8.699553
18.555777
28.756005
37.727356
45.673677
51.817383
55.580650
57.024785
57.415111
56.502478
53.868975
47.704833
37.813868
28.081621
16.969613
5.606753
-3.832579
-14.392648
-25.221109
-35.508871
-44.455528
-51.005057
-55.681808
-57.497706
-58.478628
-58.228799
-55.489710
-49.630063
-40.904624
-31.552655
-21.174806
-9.647438
1.796314
11.412927
21.487304
31.331437
39.981944
47.458921
52.977460
55.993114
57.088988
57.250432
55.766787
52.395889
44.823033
34.869909
25.007214
13.281958
2.880607
-6.615945
-17.726251
-28.214284
-38.222756
-46.258313
-52.480527
-56.350231
-57.687249
-58.572122
-57.682821
-54.273435
-47.298670
-38.069316
-28.558799
-18.060718
-6.317922
4.636560
14.172792
24.451188
33.910445
42.443616
49.521072
54.318053
56.664262
57.416984
57.035685
55.054256
50.513063
41.733980
32.038859
21.733386
9.942566
0.220707
-9.697165
-20.843233
-31.406709
-41.027580
-48.429796
-53.910017
-56.625264
-57.788406
-58.211429
-56.710924
-52.491767
-44.589383
-35.386767
-25.491544
-14.552048
-2.937998
7.463353
17.262697
27.399404
36.251886
44.441393
50.820112
54.776498
56.398255
56.894507
56.320769
53.952592
48.193421
38.676602
29.102564
18.147911
6.936789
-2.677100
-13.231380
-24.023908
-34.344878
-43.546813
-50.321817
-55.072308
-57.024104
-58.143479
-58.068718
-55.815663
-50.473554
-41.851146
-32.618216
-22.477593
-11.135340
0.440734
10.302237
20.251104
30.272858
39.118869
46.872071
52.664961
55.783306
56.799480
57.037558
55.751290
52.817379
45.864071
35.793100
25.953565
14.530931
3.844670
-5.711147
-16.553743
-27.156387
-37.146296
-45.488392
-51.888738
-55.767127
-57.125092
-58.145012
-57.443210
-54.533141
-48.027379
-38.961853
-29.380151
-18.899100
-7.237707
3.961836
13.434035
23.468733
32.968181
41.564533
48.874787
53.888048
56.417159
57.265929
57.050501
55.122205
51.059042
42.657171
32.672201
22.661175
10.791676
0.842639
-8.837496
-19.907100
-30.417613
-40.220874
-47.848565
-53.648608
-56.782620
-57.799305
-58.402504
-56.960923
-52.999088
-45.452969
-36.107472
-26.428699
-15.603815
-3.656149
6.893533
16.528027
26.690790
35.687855
43.895585
50.614561
54.973023
56.747028
57.327407
56.564978
54.265601
48.984800
39.682218
29.863460
19.300495
7.648127
-1.855578
-12.088333
-23.091861
-33.622980
-42.904445
-49.815689
-54.800340
-57.183674
-58.379684
-58.574677
-56.475231
-51.441704
-42.973076
-33.644778
-23.420538
-12.225764
-0.463043
9.646075
19.662210
29.716492
38.540363
46.463694
52.348886
56.012869
57.296072
57.556970
56.316682
53.421770
46.852316
36.828348
27.177504
15.853984
4.819461
-4.688331
-15.528543
-26.274579
-36.474126
-45.124122
-51.711968
-56.085246
-57.512181
-58.538403
-58.099031
-55.351939
-49.103669
-40.127550
-30.671188
-20.314285
-8.755922
2.556188
12.345655
22.353274
32.184124
40.733644
48.162426
53.449018
56.250606
57.296753
57.251283
55.771215
52.071980
44.133493
33.978224
24.109738
12.582030
2.205031
-7.438489
-18.413407
-29.121467
-39.115974
-47.062806
-53.124768
-56.703772
-57.824509
-58.546577
-57.483230
-54.018497
-46.870027
-37.696872
-27.994939
-17.236301
-5.402395
5.489928
15.132938
25.302683
34.861394
43.197019
50.064155
54.644517
56.768656
57.413408
56.956155
54.955312
50.257104
41.210311
31.460353
21.015746
9.216581
-0.465427
-10.539464
-21.612814
-32.045160
-41.678463
-48.935924
-54.212298
-56.850570
-57.972329
-58.392627
-56.654555
-52.162239
-44.099774
-35.040379
-25.264536
-13.984953
-2.274002
8.124113
17.931461
28.034960
36.892721
45.040676
51.442896
55.239030
56.822470
57.233402
56.354659
53.850072
47.856058
38.211686
28.555393
17.465694
6.182364
-3.242322
-13.919898
-24.665424
-35.061325
-44.013773
-50.728662
-55.417333
-57.128327
-58.273418
-57.975905
-55.581331
-49.948692
-41.306359
-31.899895
-21.781751
-10.306495
1.222917
11.026008
20.997013
30.859709
39.546660
47.162090
52.683353
55.872032
56.931632
57.142803
55.706671
52.455323
44.982433
35.073076
25.359222
13.935736
3.483466
-6.181513
-17.096315
-27.626923
-37.809099
-45.926741
-52.191700
-55.927549
-57.305608
-58.262008
-57.432652
-54.248060
-47.469139
-38.471903
-28.963259
-18.468755
-6.904091
4.134008
13.791663
24.067504
33.509391
42.054142
49.001830
53.786721
56.108407
56.949173
56.713820
54.728133
50.350428
41.735343
31.836033
21.738836
10.146243
0.486374
-9.409700
-20.508936
-30.891044
-40.616308
-47.955343
-53.628853
-56.351764
-57.430608
-57.915790
-56.309189
-52.172627
-44.284378
-35.131999
-25.537014
-14.732565
-3.013270
7.314682
16.983237
27.089970
35.955225
44.192416
50.453629
54.447992
56.027174
56.600911
55.821283
53.540979
47.882625
38.331747
28.816462
17.950535
6.650175
-2.372946
-12.798991
-23.632901
-34.001895
-43.042728
-49.795423
-54.697309
-56.588309
-57.673284
-57.597842
-55.232218
-49.970150
-41.398151
-32.178504
-22.118602
-10.824203
0.504936
10.457209
20.250763
30.022178
38.781336
46.410050
52.160195
55.295740
56.344271
56.478296
55.237157
52.115066
44.941221
35.105262
25.438751
14.189822
3.513949
-5.986520
-16.608238
-27.078731
-37.249667
-45.578991
-51.800694
-55.631059
-57.001965
-57.861294
-56.987660
-53.925344
-47.316551
-38.405827
-28.928007
-18.504007
-7.001672
4.098245
13.486998
23.719243
33.071893
41.497094
48.666000
53.429774
55.715867
56.512015
56.320429
54.409674
50.290482
41.832413
31.898192
21.943705
10.324887
0.388452
-9.458576
-20.331826
-30.742713
-40.315390
-47.844308
-53.530591
-56.427888
-57.508094
-58.121511
-56.530067
-52.439145
-44.631277
-35.359008
-25.592702
-14.829976
-3.127200
7.373435
16.889572
26.990516
35.983835
44.182880
50.543887
54.630722
56.215525
56.855338
55.997883
53.545577
48.079491
38.667917
28.992380
18.380880
6.956714
-2.324241
-12.605020
-23.592370
-33.960683
-43.035575
-49.869333
-54.739373
-56.785686
-57.808842
-57.873556
-55.634975
-50.493308
-41.935274
-32.669817
-22.560528
-11.399133
0.379767
10.321311
20.157269
30.181408
38.892201
46.567065
52.318062
55.640255
56.603295
56.893826
55.697645
52.704470
45.660734
35.670996
25.970766
14.604671
3.662961
-5.679471
-16.481365
-27.100018
-37.229402
-45.608623
-51.834243
-55.815833
-57.178395
-58.136497
-57.554586
-54.594789
-47.997407
-38.933754
-29.457297
-18.912213
-7.368156
3.703322
13.272081
23.348842
32.981294
41.425058
48.757621
53.882769
56.423971
57.159662
56.950876
55.104153
51.060063
42.541879
32.569511
22.619452
11.121035
1.252890
-8.513587
-19.549472
-30.061007
-40.066753
-47.816208
-53.679943
-56.754010
-57.701554
-58.292491
-56.929418
-53.052221
-45.481750
-36.372287
-26.688916
-15.865224
-4.041876
6.717443
16.350235
26.629823
35.765682
44.026034
50.574030
54.683515
56.505884
57.126965
56.588990
54.388727
49.050365
39.685794
29.932090
19.146204
7.743154
-1.848425
-12.145042
-23.008415
-33.292600
-42.423861
-49.467768
-54.596492
-56.828601
-57.916471
-57.936737
-55.967740
-51.011699
-42.581047
-33.258370
-23.268291
-12.181486
-0.559773
9.441205
19.349371
29.188565
38.053989
46.094315
52.033663
55.450542
56.621858
56.978464
55.874756
52.920410
46.280282
36.413840
26.886123
15.729836
4.728692
-4.731246
-15.424490
-26.203735
-36.461694
-44.970342
-51.293714
-55.489540
-57.079111
-58.132751
-57.614020
-54.832186
-48.624277
-39.735692
-30.280863
-19.885302
-8.320298
3.007991
12.546097
22.771358
32.292434
40.707077
47.950063
53.260667
55.918864
56.903022
56.877477
55.259296
51.382099
43.204682
33.117192
23.393972
11.813130
1.760040
-7.863215
-18.739871
-29.324974
-39.330380
-47.068936
-53.021227
-56.279387
-57.436057
-58.190823
-57.022912
-53.234271
-45.867137
-36.789519
-27.234895
-16.579287
-4.782336
5.883489
15.530416
25.767769
34.928322
43.194805
49.831527
54.310220
56.291819
57.038920
56.545224
54.387876
49.490077
40.191582

