39.745058
30.617373
20.328249
10.100433
-0.959294
-10.080508
-19.102607
-29.248340
-39.187670
-46.012912
-50.118140
-53.416150
-53.953784
-51.547629
-49.477986
-47.397614
-42.419263
-34.646647
-25.100197
-15.057666
-4.742486
6.491286
16.993455
26.608195
35.840614
43.055500
47.692401
51.425014
53.507430
52.726098
50.912414
48.583916
44.609308
37.912641
27.604273
17.566511
7.119008
-3.614766
-12.347187
-21.834033
-32.019445
-41.397810
-47.342607
-51.299674
-54.153885
-53.508963
-51.152706
-49.395732
-46.582052
-40.523325
-32.181229
-22.346292
-12.191023
-1.548188
9.487356
19.541468
29.354947
38.430010
44.729028
48.916851
52.442891
53.677389
52.320446
50.356899
47.662769
43.083770
35.329206
24.730308
14.899458
3.842797
-6.249121
-14.967067
-24.691990
-34.712042
-43.165343
-48.261029
-52.485977
-54.364715
-52.834749
-50.515788
-48.849242
-45.335974
-38.515500
-29.572759
-19.631556
-9.381430
1.472916
12.574536
22.275788
31.815086
40.421656
46.036754
50.153392
53.192718
53.550686
52.081347
49.987691
46.722548
41.591781
32.725334
22.187914
12.117795
0.924723
-8.540324
-17.649787
-27.570384
-37.611723
-44.994865
-49.505063
-53.312608
-54.203442
-52.102804
-50.063644
-48.163278
-43.644735
-36.224808
-26.858534
-16.855001
-6.295783
4.679476
15.360798
24.865525
34.345559
41.956050
46.891996
50.952605
53.250619
52.957875
51.256929
49.108607
45.361859
39.228031
29.505832
19.261156
8.987699
-1.968656
-10.804960
-19.969089
-30.148200
-39.771114
-46.171461
-50.478492
-53.790637
-53.928920
-51.559721
-49.653905
-47.261885
-41.685445
-33.693654
-24.150951
-14.119148
-3.651210
7.598060
17.836945
27.566126
36.794288
43.647289
48.133475
51.833051
53.494317
52.531958
50.626823
48.186949
44.005939
36.774874
26.519128
16.581672
5.794423
-4.670961
-13.199193
-22.917305
-33.006498
-41.839906
-47.253200
-51.336288
-53.886516
-53.035702
-50.645726
-49.077272
-45.878206
-39.330040
-30.781882
-21.017449
-10.931151
-0.340939
10.527032
20.456144
30.083827
38.773332
44.746229
48.921279
52.314486
53.239039
51.739216
49.869674
46.918052
42.122262
34.105948
23.582152
13.886009
2.907515
-6.765979
-15.517644
-25.441136
-35.594872
-43.752364
-48.533678
-52.407128
-53.949356
-52.149807
-49.844469
-48.408168
-44.327463
-37.220376
-28.175626
-18.231017
-8.025510
2.865791
13.672965
23.142270
32.650062
40.904624
46.143872
50.062622
52.816868
52.729675
51.209586
49.118825
45.762062
40.052789
30.900921
20.544870
10.424341
-0.612225
-9.545599
-18.520526
-28.526272
-38.230419
-45.154946
-49.420595
-53.005219
-53.506919
-51.328455
-49.360650
-47.321149
-42.348930
-34.696375
-25.275605
-15.262025
-4.951784
6.104878
16.420228
25.977407
35.262108
42.536088
47.234297
51.040990
53.029571
52.336625
50.601959
48.258815
44.358798
37.801095
27.650935
17.743622
7.225445
-3.510203
-12.023279
-21.436725
-31.452179
-40.671996
-46.569450
-50.626653
-53.634644
-53.153890
-50.694942
-48.845155
-46.260187
-40.222406
-31.926632
-22.336585
-12.313809
-1.563515
9.312459
19.245488
28.813737
37.734509
43.932881
48.300879
51.883459
53.050518
51.778214
49.886874
47.196661
42.755944
35.101686
24.618932
14.817204
3.929990
-6.044933
-14.664616
-24.352755
-34.361056
-42.631626
-47.713007
-51.652363
-53.702933
-52.390609
-50.116777
-48.440354
-44.915506
-38.097075
-29.341664
-19.349711
-9.270736
1.524857
12.438468
22.084713
31.785965
40.106944
45.463187
49.496378
52.629539
53.062439
51.423311
49.382278
46.180146
40.888786
32.032388
21.545376
11.712824
0.585147
-8.682864
-17.512526
-27.470759
-37.234511
-44.544084
-48.876660
-52.633796
-53.539446
-51.335778
-49.351113
-47.644717
-42.980228
-35.381828
-26.115349
-16.241244
-6.160395
4.912274
15.390600
24.814606
34.359012
41.790690
46.669415
50.518172
52.665642
52.349057
50.617286
48.319953
44.643538
38.470711
28.674773
18.594435
8.314507
-2.377204
-11.018344
-20.339319
-30.391897
-39.861543
-45.959268
-50.010000
-53.426368
-53.278889
-50.741945
-48.967600
-46.648298
-41.063172
-32.854080
-23.351227
-13.286557
-2.848080
8.133990
18.349375
27.783598
36.966630
43.600457
47.964539
51.673991
53.106717
51.779747
50.004380
47.585794
43.246405
35.887957
25.622504
15.785694
4.950081
-5.252532
-13.871193
-23.327896
-33.336537
-42.191574
-47.391994
-51.189320
-53.631067
-52.387885
-50.013406
-48.459598
-45.192412
-38.702829
-30.214787
-20.372186
-10.196652
0.551088
11.444773
21.264894
30.726365
39.239441
44.994354
48.961980
52.119493
52.807672
51.285199
49.337149
46.287605
41.337524
32.966137
22.531748
12.727976
1.483985
-8.105380
-16.745840
-26.545014
-36.351510
-43.919597
-48.674686
-52.531617
-53.713322
-51.722016
-49.553258
-47.775848
-43.430499
-36.065408
-27.053526
-17.287901
-6.975957
4.080704
14.673982
24.294683
33.717837
41.460480
46.386889
50.287928
52.697318
52.561930
50.921951
48.664468
45.066050
39.234672
29.762132
19.550323
9.286744
-1.701117
-10.549682
-19.715003
-29.774223
-39.203508
-45.579161
-49.808877
-53.164278
-53.463323
-51.103319
-49.196482
-47.104018
-41.830369
-33.736740
-24.144650
-14.070102
-3.739766
7.464375
17.724037
27.219227
36.483833
43.290854
47.881603
51.515784
53.185565
52.468777
50.555638
48.084089
43.839216
36.813191
26.486431
16.551188
5.888428
-4.720007
-13.273443
-22.768463
-32.876730
-41.969333
-47.384501
-51.274300
-53.902013
-53.043536
-50.521067
-48.723051
-45.795441
-39.680685
-31.135934
-21.293674
-11.007275
-0.483138
10.370357
20.231009
29.808283
38.670131
44.723749
48.855713
52.336965
53.245170
51.909004
50.029244
47.215053
42.417560
34.291574
23.704086
13.712474
2.754416
-7.103852
-15.787908
-25.623356
-35.602025
-43.648652
-48.660210
-52.487850
-54.236991
-52.603313
-50.271409
-48.604522
-44.627360
-37.395103
-28.374706
-18.509967
-8.296626
2.749307
13.534852
23.206302
32.766376
41.069133
46.407155
50.460270
53.166151
53.206853
51.433870
49.487182
45.997926
40.608815
31.377247
20.986285
10.830164
-0.427791
-9.470497
-18.612317
-28.595073
-38.444485
-45.401028
-49.772092
-53.353821
-53.879704
-51.654918
-49.652372
-47.762394
-42.975800
-35.155841
-25.775262
-15.723876
-5.417040
5.795445
16.352619
25.900091
35.218171
42.506116
47.291347
51.181998
53.393160
52.788087
50.978320
48.739570
44.731583
38.450275
28.371641
18.356868
7.795777
-3.031833
-11.800187
-21.218232
-31.358174
-40.760381
-46.757460
-50.817047
-53.909336
-53.539276
-51.109621
-49.299002
-46.765975
-40.849107
-32.634735
-22.946426
-12.710946
-2.202306
8.898463
18.976927
28.577873
37.731443
44.168745
48.380409
51.852294
53.390435
52.142314
50.382274
47.694956
43.177775
35.466978
25.124550
15.488522
4.568270
-5.531652
-14.227969
-23.951020
-34.023012
-42.526211
-47.600099
-51.629884
-53.861312
-52.570445
-50.345148
-48.758813
-45.168400
-38.498470
-29.743740
-19.893306
-9.833404
1.034226
11.854342
21.701540
31.265531
39.758853
45.280627
49.471344
52.498579
53.012201
51.459074
49.540826
46.328476
41.142532
32.372304
21.926505
11.985302
0.977686
-8.297477
-16.976936
-26.945557
-36.825112
-44.320822
-48.767158
-52.529063
-53.602627
-51.608256
-49.612863
-47.828470
-43.184757
-35.739286
-26.497500
-16.636338
-6.395408
4.461833
14.876468
24.395159
33.875874
41.467292
46.393871
50.304958
52.717413
52.308014
50.504889
48.440184
44.862202
38.759198
29.162679
19.034828
8.833408
-1.987730
-10.637045
-19.761835
-29.890026
-39.431368
-45.635700
-49.964019
-53.233589
-53.175347
-50.832544
-49.154248
-46.892507
-41.241135
-33.148187
-23.517949
-13.600247
-3.193447
7.846355
17.922776
27.441978
36.595890
43.353353
47.865595
51.433359
52.888734
51.909004
50.073181
47.529425
43.309246
36.019257
25.858709
16.056980
5.339384
-4.900864
-13.429097
-23.064954
-33.040047
-41.759014
-46.993835
-50.925527
-53.434372
-52.292347
-49.859626
-48.370021
-45.278072
-38.889817
-30.286993
-20.484413
-10.476794
0.269583
11.142492
20.814453
30.395474
38.814204
44.486352
48.706021
51.959242
52.735295
51.237345
49.532652
46.461139
41.410412
33.053841
22.620133
12.999432
1.939024
-7.518700
-16.273430
-26.038204
-35.918610
-43.534722
-48.021248
-51.885162
-53.080831
-51.277706
-49.290146
-47.625474
-43.271439
-36.097765
-27.132715
-17.298460
-7.086311
3.719841
14.263221
23.850713
33.255816
40.940217
45.746905
49.680982
52.145209
51.893166
50.327437
48.155274
44.775350
38.892542
29.412167
19.410508
9.192569
-1.690728
-10.353838
-19.339834
-29.325656
-38.796663
-44.932025
-49.014602
-52.301543
-52.499431
-50.154243
-48.575912
-46.545608
-41.199412
-33.145121
-23.703916
-13.734954
-3.410067
7.532494
17.504011
26.890210
35.969019
42.703492
47.132969
50.800868
52.373920
51.428250
49.754892
47.234126
43.001686
35.921676
25.762320
15.923977
5.350794
-5.028248
-13.284002
-22.731338
-32.714946
-41.382653
-46.619517
-50.514596
-53.013733
-52.007777
-49.550874
-47.906467
-45.018366
-38.671494
-30.014174
-20.303386
-10.261536
0.249147
11.021239
20.590510
29.995782
38.536617
44.397797
48.505919
51.757097
52.372728
50.911733
48.956871
45.979023
41.151728
32.956941
22.585392
12.956687
2.068792
-7.613046
-16.277177
-26.137829
-35.984686
-43.713025
-48.211132
-51.905428
-53.153890
-51.307508
-49.023799
-47.444616
-43.363571
-36.226170
-27.224847
-17.270531
-7.016488
3.924029
14.530761
23.898227
33.300093
41.137423
46.062980
49.950055
52.562782
52.391120
50.598553
48.460279
44.844151
39.051601
29.383046
19.126790
9.114742
-1.723766
-10.573353
-19.440651
-29.273033
-38.720880
-45.266662
-49.528394
-53.001472
-53.247895
-50.739391
-48.809733
-46.689170
-41.292565
-33.454895
-24.023567
-14.141457
-3.886223
7.229022
17.393317
26.787860
36.047186
43.016332
47.496728
51.182338
52.920239
51.938806
50.265959
47.769717
43.644564
36.845207
26.715483
16.817876
6.081888
-4.386902
-12.953111
-22.446598
-32.468523
-41.538136
-46.976975
-50.909179
-53.694248
-52.815335
-50.323861
-48.689161
-45.852661
-39.514303
-30.905179
-21.260636
-11.231559
-0.594343
10.413442
20.383086
29.793126
38.467986
44.405631
48.685585
51.997389
52.752154
51.412242
49.559048
46.777214
41.883843
33.870595
23.655551
13.937269
2.767018
-7.057871
-15.618631
-25.338956
-35.450118
-43.346201
-47.957216
-51.793030
-53.447655
-51.806995
-49.589191
-47.994682
-44.112887
-37.026405
-27.970587
-17.990044
-7.769380
3.012589
13.614893
23.180417
32.627753
40.650708
45.792205
49.786908
52.491767
52.505732
50.915991
48.806497
45.522792
39.871250
30.533075
20.147903
10.265963
-0.818457
-9.735823
-18.689973
-28.644630
-38.352353
-45.093128
-49.407823
-52.913257
-53.387710
-50.931488
-49.081870
-46.969652
-42.052780
-34.291233
-24.832487
-14.860800
-4.510369
6.475108
16.766276
26.108537
35.448074
42.500496
47.070129
50.804785
52.724566
52.021742
50.147772
47.919921
43.905463
37.203857
27.113131
17.163243
6.831544
-3.672157
-12.148448
-21.550144
-31.673227
-40.731600
-46.437979

