-51.770210
-52.208390
-49.876486
-47.355039
-43.600287
-38.397482
-31.326498
-23.055077
-13.554777
-4.198381
5.320821
14.317887
22.934846
31.967674
39.283378
45.107262
48.786402
50.029414
50.587824
49.647433
46.433721
41.051081
33.146654
24.024418
15.434027
7.190023
-0.871931
-10.108267
-20.056452
-29.061692
-38.053989
-45.258999
-49.934047
-52.431652
-51.812104
-49.389601
-46.469314
-42.390653
-36.701986
-29.057094
-20.650455
-11.106219
-1.655987
7.789986
16.664607
25.504657
34.177985
41.122947
46.655621
49.458572
50.401347
50.764084
49.190181
45.499120
39.313691
31.028305
21.856683
13.393845
5.097900
-3.046649
-12.760333
-22.478104
-31.578711
-40.588549
-47.135012
-51.294565
-53.004878
-51.621369
-49.220324
-46.060256
-41.485855
-35.195351
-27.118070
-18.274614
-8.604186
0.637599
10.144711
19.010135
28.118406
36.373649
42.970181
47.992638
50.093446
50.836461
50.693750
48.602479
44.430835
37.481444
28.711728
19.766773
11.387553
3.234318
-5.313328
-15.120506
-24.490356
-33.680541
-42.321001
-48.158680
-51.565000
-52.560227
-50.858600
-48.330511
-44.957399
-40.097066
-33.356973
-25.095258
-15.947138
-6.451947
2.815723
12.242453
20.910672
30.213424
37.991490
44.164147
48.644032
50.263405
51.018170
50.415822
47.873088
42.940889
35.562345
26.499544
17.597335
9.153230
1.028436
-7.785218
-17.661027
-26.838269
-36.059277
-44.059583
-49.435071
-52.354165
-52.350419
-50.234284
-47.624452
-43.766328
-38.555861
-31.261785
-22.880520
-13.431992
-3.996406
5.537101
14.467239
23.265396
32.322066
39.656503
45.600278
49.132620
50.283841
51.048994
49.837146
46.768018
41.232961
33.217839
24.063928
15.406098
7.228851
-1.007318
-10.246890
-20.122698
-29.235908
-38.466964
-45.572179
-50.239904
-52.695104
-52.123070
-49.734967
-46.843290
-42.714391
-36.892039
-29.286316
-20.657267
-11.175871
-1.796654
7.873944
16.646726
25.601046
34.367016
41.173867
46.777896
49.553428
50.460100
50.875800
49.262387
45.364414
39.215769
30.841998
21.836758
13.386522
5.125489
-3.071342
-12.746028
-22.409133
-31.480278
-40.389470
-46.900170
-50.780943
-52.499941
-51.154579
-48.827103
-45.731579
-41.199582
-34.796170
-26.960373
-18.172605
-8.583409
0.579187
10.110651
18.739019
27.868237
36.001716
42.538132
47.546285
49.631425
50.527198
50.258466
48.159531
43.783869
36.883184
28.092861
19.236122
10.953460
2.875669
-5.584444
-15.347004
-24.773223
-34.060478
-42.568105
-48.157317
-51.644700
-52.217075
-50.499269
-48.112188
-44.522285
-39.621592
-32.761608
-24.642944
-15.344109
-5.881105
3.466947
12.698174
21.385976
30.673742
38.197381
44.152055
48.246043
49.748080
50.473894
49.962657
47.183207
42.252030
34.701994
25.633063
16.946793
8.675201
0.537123
-8.425031
-18.373047
-27.413709
-36.487750
-44.256108
-49.218961
-51.975931
-51.889760
-49.775669
-47.196150
-43.430158
-37.997791
-30.432599
-22.071600
-12.670585
-3.277234
6.031990
14.914785
23.577894
32.698427
39.956740
45.506954
48.776865
49.972023
50.578458
49.270562
46.114411
40.363414
32.263483
23.145165
14.696292
6.482090
-1.595191
-10.906969
-20.818370
-29.865503
-39.013624
-45.966761
-50.300189
-52.444083
-51.536730
-48.996891
-46.226638
-41.924374
-36.005293
-28.279509
-19.564118
-9.983437
-0.767538
8.819784
17.363685
26.264020
34.770284
41.400194
46.799523
49.238205
50.149645
50.050701
48.330852
44.645582
38.130113
29.604265
20.635298
12.327092
4.189696
-4.119362
-13.851609
-23.198128
-32.336031
-41.192429
-47.198193
-50.896236
-52.252156
-50.763743
-48.287426
-45.112201
-40.470021
-33.857312
-25.901113
-16.905580
-7.406814
1.818793
11.143173
19.752128
28.855630
36.721740
42.928117
47.511033
49.602815
50.374951
49.950566
47.495365
42.857613
35.676445
26.813575
18.071617
9.908676
1.825605
-6.822688
-16.732897
-25.791611
-34.892729
-43.062653
-48.331874
-51.445280
-51.681655
-49.704654
-47.312975
-43.516670
-38.469689
-31.389339
-23.382902
-14.069421
-4.707405
4.585981
13.617788
22.281238
31.361410
38.623299
44.549704
48.177753
49.602985
50.257615
49.261536
46.182360
40.908882
33.154147
24.158614
15.708549
7.489749
-0.430175
-9.571995
-19.566502
-28.517246
-37.697554
-44.933728
-49.459764
-51.904406
-51.267658
-49.180133
-46.434743
-42.502539
-36.770276
-29.246467
-20.650625
-11.178255
-1.958438
7.553271
16.248226
24.947780
33.745766
40.395600
45.853002
48.611334
49.592257
49.859626
48.382963
44.826269
38.738080
30.370610
21.452052
13.013227
4.937989
-3.067596
-12.768677
-22.074836
-31.300443
-40.021964
-46.294246
-50.289631
-51.881586
-50.343956
-47.959770
-44.896092
-40.731771
-34.477030
-26.696409
-17.629692
-8.125986
0.966958
10.233607
18.581663
27.618068
35.819496
42.293753
47.025170
49.040999
49.795253
49.635512
47.328813
43.152911
36.229917
27.418988
18.720286
10.472877
2.287115
-6.035226
-15.850237
-24.932623
-34.013305
-42.365108
-47.887904
-51.091569
-51.547459
-49.739225
-47.321149
-43.773821
-38.792406
-31.976530
-23.799794
-14.570951
-5.317075
3.959622
12.999432
21.517277
30.430726
37.745578
43.675729
47.691890
49.083914
49.738884
48.852818
46.070644
40.978023
33.458982
24.403334
16.041143
7.810763
-0.025715
-8.980717
-18.885817
-27.721269
-36.658219
-44.101817
-48.838684
-51.359449
-50.943749
-48.800537
-46.065535
-42.194809
-36.609003
-29.177155
-20.836762
-11.489732
-2.369029
6.946325
15.633277
24.335895
33.027955
39.818627
45.344148
48.262732
49.400500
49.794912
48.288618
44.861691
38.799899
30.574969
21.596466
13.226782
5.201782
-2.816916
-12.285709
-21.792650
-30.626740
-39.400884
-45.890808
-49.830335
-51.569087
-50.349576
-47.878197
-44.907502
-40.540355
-34.270968
-26.483195
-17.807313
-8.451598
0.538996
9.745530
18.277339
27.201176
35.431044
41.688170
46.709265
48.654250
49.469301
49.378872
47.386885
43.096031
36.218677
27.540922
18.715177
10.604348
2.545289
-5.767686
-15.450035
-24.655376
-33.800091
-42.068788
-47.635181
-50.910541
-51.604509
-49.717256
-47.185421
-43.640477
-38.757835
-31.890699
-23.795877
-14.685052
-5.465576
3.716775
12.829815
21.245820
30.330420
37.711178
43.710811
47.757966
49.044575
49.713339
48.731736
46.195132
41.169609
33.633539
24.676493
16.223363
7.942574
0.088385
-8.893013
-18.651826
-27.538197
-36.582436
-44.087682
-48.721177
-51.347188
-51.084587
-48.818929
-46.260357
-42.395592
-36.851679
-29.524905
-21.170548
-11.744159
-2.579178
6.682362
15.382426
24.065801
32.795157
39.774690
45.402561
48.544918
49.485990
49.879551
48.370021
44.942924
39.280142
31.162841
22.175312
13.770376
5.577462
-2.562319
-12.065342
-21.590335
-30.543123
-39.340258
-46.065535
-50.172806
-51.992791
-50.742796
-48.379047
-45.488051
-41.073220
-34.902436
-27.084180
-18.315826
-8.830513
0.354392
9.640626
18.186740
27.004480
35.316604
41.668074
46.692746
48.874446
49.697501
49.686602
47.597034
43.416023
36.786454
28.273038
19.432987
11.281797
3.110852
-5.281823
-15.014069
-24.373361
-33.204045
-41.586331
-47.390972
-50.843613
-51.747220
-50.060238
-47.680480
-44.311626
-39.488418
-32.691104
-24.590322
-15.471663
-5.986180
3.205878
12.333904
20.754337
29.884236
37.475484
43.582746
47.901528
49.452271
50.251143
49.457720
47.078303
41.959797
34.499339
25.466681
16.934701
8.761202
0.799724
-8.030789
-17.913410
-26.970761
-36.080054
-43.848412
-48.776184
-51.652534
-51.577432
-49.539123
-46.918222
-43.079853
-37.633010
-30.265195
-22.008419
-12.626478
-3.353187
5.988394
14.786720
23.471287
32.378095
39.371422
45.120886
48.572166
49.668550
50.269536
48.937798
45.601640
39.949758
31.992197
22.994620
14.523608
6.351130
-1.603024
-10.898965
-20.593064
-29.645477
-38.786275
-45.841251
-50.132786
-52.100590
-51.114219
-48.860822
-46.044929
-41.657175
-35.751207
-28.014183
-19.312416
-9.769542
-0.566414
8.812462
17.411709
26.340655
34.847089
41.525705
46.624967
48.939841
50.033842
50.082207
48.250811
44.365610
37.895271
29.477903
20.521539
12.153387
3.916025
-4.274164
-13.999598
-23.275273
-32.382352
-40.875844
-47.017506
-50.931999
-52.141292
-50.401006
-48.010179
-44.865608
-40.209804
-33.730609
-25.630849
-16.705649
-7.305316
1.900026
11.314494
19.737652
28.780018
36.706754
43.097734
47.712837
49.467257
50.162247
49.862180
47.423329
42.646783
35.662140
26.865005
18.114192
9.803091
1.569135
-7.011890
-16.863687
-26.013170
-35.180535
-43.172836
-48.371894
-51.491601
-51.983935
-49.903052
-47.276531
-43.632644
-38.564205
-31.387976
-23.206302
-13.758455
-4.574742
4.827806
13.931990
22.373370
31.357833
38.616317
44.540167
48.334939
49.618993
50.176552
49.212320
46.220677
40.985005
33.039536
24.079425
15.608583
7.395063
-0.600645
-9.705339
-19.583021
-28.553350
-37.675074
-44.876507
-49.497570
-51.872730
-51.325900
-49.267496
-46.617304
-42.447022
-36.711523
-29.132026
-20.666974
-11.137724
-1.940046
7.477999
16.196796
25.036335
33.749172
40.462187
46.026536
48.989398
50.065347
50.417525
48.883983
45.189006
39.005450
30.673061
21.599701
13.209752
4.944972
-3.103188
-12.636696
-22.365536
-31.370435
-40.205206
-46.580860
-50.583397
-52.242109
-50.783839
-48.471178
-45.541355
-41.072369
-34.662485
-26.642084
-17.858573
-8.445808
0.761236
10.028737
18.640075
27.590139
35.903965
42.413133
47.213009
49.327271
50.363711
50.090551
47.849757
43.551070
36.793607
28.127432
19.230843
11.007275
2.883673
-5.470003
-15.278033
-24.626085
-33.818824
-42.240449
-47.936950
-51.314831
-52.225419
-50.340380
-47.808886
-44.349943
-39.507491
-32.546520
-24.374553
-15.108756
-5.759682
3.505264
12.746709
21.341358
30.396496
38.041558
44.130257
48.393352
49.735137
50.403731
49.661228
46.921968
42.013441
34.378086
25.446585
16.866922
8.476462
0.310625
-8.520569
-18.471309
-27.377095
-36.619391
-44.304984
-49.210617
-52.017995
-51.825728
-49.659695
-46.996730
-43.149335
-37.747281
-30.455249
-22.054570
-12.441192
-3.145763
6.175552
15.202420
23.865359
32.698257
39.754425
45.570476
49.046448
50.165142
50.585100
49.167871
45.971700
40.271112
32.204219
23.098333
14.611142
6.175893
-1.913309
-11.350598
-21.099363
-30.096088
-39.128235
-46.133144
-50.547123
-52.593606
-51.666668
-49.251659
-46.329328
-41.966268
-35.863774
-28.084517
-19.402674
-9.703296
-0.364099
9.139436
17.843757
26.659284
35.171679
41.774341
47.058889
49.570458
50.422975
50.550699
48.731906
44.816392
38.363593
29.787506
20.771197
12.311935
4.039322
-4.346541
-14.070613
-23.658787
-32.719203
-41.311979
-47.478165
-51.329817
-52.759988
-51.233258
-48.776695
-45.422826
-40.816580
-34.126554
-25.960207
-17.006908
-7.477828
1.788310
11.276518
20.034994
29.046706
37.240301
43.545110
48.213516
50.043549
50.972700
50.597872
48.377003
43.743508
36.521469
27.692999
18.881048
10.526010
2.184425
-6.569794
-16.556808
-25.921379
-35.211018
-43.422154
-48.828295
-52.062103
-52.559546
-50.576925
-48.018524
-44.499806
-39.339406
-32.114642
-23.983717
-14.585767
-5.114249

