-57.341542
-58.506046
-58.495998
-56.519508
-51.650490
-43.193953
-33.850840
-23.778166
-12.481213
-0.721897
9.512050
19.214153
29.352733
38.297858
46.310765
52.366597
56.053400
57.471309
57.763713
56.681803
53.669044
47.259842
37.194661
27.321577
16.239541
5.064011
-4.464047
-15.168360
-25.985411
-36.272321
-44.985328
-51.444939
-56.044204
-57.825702
-58.751617
-58.295046
-55.539778
-49.643857
-40.705545
-31.123672
-20.886319
-9.377854
2.302272
12.056998
22.159645
32.072919
40.690729
48.422132
53.910187
56.834391
57.827745
57.909489
56.341205
52.734954
45.044933
34.936496
24.975198
13.315507
2.611024
-6.900515
-18.100228
-28.827872
-39.043086
-47.255414
-53.335088
-57.128327
-58.388540
-59.102944
-58.241231
-54.897751
-47.905105
-38.652761
-28.813056
-18.103463
-6.242139
4.895755
14.599051
25.047915
34.622124
43.061631
50.280094
55.206163
57.492767
58.227096
57.983058
56.054762
51.630735
42.767865
32.646826
22.278854
10.325738
0.276225
-9.889092
-20.916803
-31.401600
-41.235004
-48.803602
-54.468598
-57.228633
-58.371680
-59.035676
-57.490553
-53.426027
-45.590060
-36.275557
-26.264361
-15.290805
-3.372261
7.154601
16.907283
27.284452
36.583287
44.836487
51.425185
55.831330
57.692357
58.300155
57.553734
55.292845
49.852644
40.353196
30.388832
19.474881
7.633141
-1.965080
-12.554441
-23.518630
-34.007345
-43.345179
-50.340039
-55.660180
-57.800838
-58.831828
-59.004852
-56.879691
-51.782812
-43.333088
-33.855268
-23.605483
-12.196813
-0.279801
9.879725
19.679580
29.861076
38.785424
46.789646
52.885669
56.428228
57.795899
58.323486
57.066509
54.170064
47.589030
37.588051
27.706964
16.255549
5.209616
-4.332236
-15.267815
-26.122672
-36.547865
-45.330695
-51.757268
-56.318556
-58.054073
-59.192181
-58.725732
-55.957181
-49.918039
-40.949072
-31.455926
-20.938771
-9.406635
2.239432
12.163264
22.299971
32.167946
40.892192
48.413277
53.986141
56.929418
57.913576
58.118616
56.616068
52.759477
44.930152
34.827675
24.908440
13.100249
2.585649
-7.036243
-18.129008
-28.855290
-38.970198
-47.040326
-53.203617
-56.701558
-58.084726
-58.928898
-57.916641
-54.453441
-47.328642
-38.096905
-28.536831
-17.912218
-6.135702
4.788637
14.519691
24.825845
34.381832
42.767695
49.879721
54.737159
56.957177
57.752814
57.337454
55.559703
51.025833
42.196172
32.255479
21.971294
10.098049
0.234502
-9.976625
-21.064111
-31.678166
-41.491985
-48.942566
-54.417167
-57.247537
-58.228118
-58.918340
-57.392291
-52.997214
-45.008489
-35.665206
-25.719234
-14.541319
-2.691916
7.718120
17.423970
27.728932
36.985023
45.104027
51.479680
55.562258
57.307652
57.812589
57.093246
54.492099
48.841749
39.127214
29.237441
18.422093
7.077456
-2.476999
-13.086115
-24.037702
-34.512452
-43.658188
-50.644193
-55.578096
-57.494981
-58.472327
-58.416469
-56.148938
-50.965548
-42.434250
-32.945020
-22.826365
-11.524132
0.329188
10.305643
20.303556
30.286142
39.249148
47.127519
52.709069
55.942876
57.274103
57.752473
56.590012
53.593601
46.575410
36.562170
26.620116
15.062775
4.172495
-5.267518
-16.170570
-27.005672
-37.250519
-45.763084
-52.122899
-56.291478
-57.842731
-58.877979
-58.080980
-55.260147
-48.816374
-39.782694
-30.243737
-19.709894
-8.012227
3.300224
13.062273
23.143973
32.767909
41.335310
48.704999
54.000957
56.575877
57.509116
57.252816
55.677380
51.922628
43.606247
33.649717
23.569720
11.808191
1.613583
-8.220843
-19.221817
-29.712915
-39.744718
-47.636032
-53.437778
-56.727443
-58.048623
-58.866399
-57.476589
-53.773778
-46.305486
-37.025554
-27.380841
-16.606535
-4.765647
5.993332
15.620674
25.959355
35.301277
43.582746
50.259829
54.696287
56.898424
57.546922
56.986298
54.794380
49.762556
40.551935
30.762809
20.197800
8.559908
-1.031671
-11.394024
-22.382566
-32.772166
-42.175906
-49.375636
-54.648263
-57.004009
-58.047771
-58.379344
-56.551695
-51.624605
-43.405294
-34.117869
-24.298259
-13.139248
-1.326970
8.784022
18.618958
28.790065
37.772996
45.716081
51.792519
55.463314
57.038920
57.503496
56.540285
53.698676
47.359637
37.540368
27.855294
16.677550
5.539315
-3.741639
-14.422962
-25.356838
-35.607304
-44.447184
-51.075050
-55.596318
-57.398081
-58.444909
-58.226756
-55.525303
-49.646923
-40.748630
-31.390360
-21.063600
-9.711129
1.734325
11.525835
21.639041
31.406369
40.317263
47.787598
53.157806
55.947644
56.871005
56.875093
55.439472
51.946640
44.233969
34.354755
24.598326
12.872900
2.598763
-6.916012
-18.023082
-28.431245
-38.718837
-46.548332
-52.535193
-56.131056
-57.429927
-58.133602
-57.049138
-53.607566
-46.833072
-37.810121
-28.329406
-17.528875
-5.780629
5.003214
14.533486
24.607352
33.997978
42.448044
49.503190
54.076910
56.236982
56.887184
56.598186
54.557664
50.117629
41.250501
31.446900
21.172251
9.537424
-0.361034
-10.385854
-21.299124
-31.691960
-41.191748
-48.543044
-54.018497
-56.503841
-57.552542
-58.161701
-56.478296
-51.991429
-43.894904
-34.771647
-24.876765
-13.834068
-2.124650
8.038112
17.688274
27.801820
36.671162
44.644220
50.837653
54.804938
56.351934
56.825025
55.869307
53.294556
47.318935
37.727697
28.033597
17.192875
5.925723
-3.204857
-13.793877
-24.656398
-34.807239
-43.536765
-50.240755
-54.942199
-56.674310
-57.751451
-57.612487
-55.107219
-49.495697
-40.732963
-31.436682
-21.312066
-9.990249
1.402753
11.067390
21.019493
30.815601
39.462703
46.992813
52.474737
55.432490
56.552717
56.681463
55.197307
51.861831
44.333083
34.397670
24.768795
13.210773
2.896956
-6.451096
-17.491238
-28.100695
-38.114616
-46.109472
-52.224057
-55.785520
-57.066679
-57.949339
-56.863683
-53.634473
-46.861001
-37.767206
-28.273719
-17.748220
-6.126336
4.718985
14.130729
24.361270
33.672707
42.036261
48.832382
53.642477
55.714846
56.423971
56.198495
54.389749
49.954312
41.182722
31.431573
21.235262
9.728670
-0.088896
-10.035549
-20.874228
-31.302827
-41.050400
-48.315525
-53.773437
-56.397574
-57.505539
-58.060884
-56.385483
-52.039112
-44.076272
-34.871612
-24.967534
-14.027357
-2.390657
7.863385
17.494474
27.535643
36.600828
44.564009
50.890275
54.880381
56.326219
56.791816
55.766106
53.364379
47.532150
37.843840
28.176819
17.516443
6.247248
-3.122772
-13.624941
-24.332660
-34.638132
-43.581384
-50.322839
-54.989713
-56.797436
-57.760988
-57.552201
-55.208717
-49.818584
-41.157007
-31.931571
-21.818365
-10.492802
1.077141
10.813815
20.713976
30.609710
39.270435
46.910048
52.456004
55.612326
56.642805
56.842225
55.410521
52.135161
45.087167
35.103730
25.328909
13.863189
3.220524
-6.312983
-17.232384
-27.703898
-37.822383
-45.932872
-52.236148
-56.133441
-57.461432
-58.264051
-57.425329
-54.275819
-47.543219
-38.409403
-28.868573
-18.351589
-6.704501
4.411255
13.879708
24.093560
33.482313
41.952303
48.944439
53.817204
56.183849
56.980337
56.827239
54.908650
50.496204
41.890315
32.069342
21.953412
10.394369
0.441415
-9.421962
-20.282439
-30.793803
-40.439367
-47.895568
-53.691183
-56.621347
-57.711090
-58.345454
-56.761674
-52.640097
-44.882468
-35.659586
-25.886127
-15.001467
-3.168413
7.298674
16.974892
27.163540
36.407198
44.514452
50.977128
55.116415
56.788581
57.363680
56.541988
54.395029
48.594475
39.029632
29.179880
18.487998
7.040841
-2.331904
-12.794903
-23.638691
-34.022161
-43.178967
-50.085953
-54.988010
-57.107891
-58.136668
-58.240380
-55.966718
-50.766638
-42.149680
-32.809632
-22.784131
-11.535031
0.163828
10.129895
19.997018
30.076504
38.920471
46.637569
52.417517
55.853469
57.031597
57.370833
56.069749
53.006070
46.142340
36.157710
26.488985
15.099219
4.227161
-5.136388
-15.963657
-26.624884
-36.956753
-45.492819
-52.022253
-56.107044
-57.518653
-58.450699
-57.887350
-55.022069
-48.524993
-39.591108
-30.111415
-19.589833
-7.958923
3.393548
13.028724
23.170028
32.894100
41.501181
48.863377
53.813457
56.232384
57.300500
57.095119
55.292164
51.325730
43.108123
33.190761
23.225546
11.475938
1.327310
-8.292709
-19.357715
-29.768603
-39.803641
-47.408342
-53.324699
-56.697811
-57.788747
-58.338302
-57.034833
-53.383112
-46.007804
-36.900895
-27.142252
-16.411032
-4.655293
6.085634
15.850919
26.045356
35.286631
43.550559
50.345830
54.819414
56.767804
57.314805
56.896721
54.719448
49.537591
40.400369
30.625718
20.076718
8.461646
-1.340764
-11.552572
-22.431953
-32.901423
-42.390142
-49.473047
-54.680450
-57.085582
-58.265924
-58.486973
-56.397574
-51.592759
-43.399845
-34.074272
-24.162361
-12.935911
-1.252379
8.977992
18.885647
28.915405
37.850312
45.763084
51.925012
55.695942
57.086263
57.389055
56.421927
53.657804
47.329494
37.281002
27.573960
16.499247
5.405119
-4.075255
-14.683519
-25.493247
-35.814728
-44.629233
-51.138060
-55.715016
-57.403190
-58.446782
-58.281933
-55.715527
-49.700567
-40.807213
-31.389339
-21.125078
-9.672471
1.799720
11.594636
21.715845
31.625032
40.360008
47.891140
53.422621
56.445088
57.440485
57.545389
56.002481
52.368641
44.623102
34.571205
24.666275
13.122048
2.592972
-6.955521
-17.837286
-28.619937
-38.767372
-46.834605
-52.903039
-56.562764
-57.842391
-58.577572
-57.600566
-54.330145
-47.387396
-38.172688
-28.462240
-17.897572
-6.253379
4.810265
14.361313
24.720260
34.136942
42.681524
49.788782
54.391452
56.617090
57.522740
57.098695
55.025305
50.551551
41.754927
31.869582
21.562406
9.897436
-0.093494
-10.081530
-20.918676
-31.523023
-41.243008
-48.658848
-54.240738
-56.993791
-58.171919
-58.666468
-56.966203
-52.714348
-44.855901
-35.496610
-25.579929
-14.508111
-2.742665
7.708413
17.460925
27.777808
36.835841
44.994014
51.394871
55.585248
57.074683
57.562760
56.724719
54.207700
48.586641
38.784913
28.997660
18.289430
6.662267
-2.815042
-13.230869
-24.125406
-34.369401
-43.631622
-50.535372
-55.506570
-57.526316
-58.448996
-58.421748
-56.077072
-50.759315
-42.191233
-32.913855
-22.781406
-11.346851
0.362226
10.288613
20.404884
30.465637
39.250510
47.077622
52.883455
56.309870
57.510478
57.716029
56.324005
53.291661
46.340568
36.367859
26.556594
15.106882
3.982782
-5.606413
-16.529219
-27.241196
-37.473440
-45.984473
-52.407469
-56.669371
-58.063780
-58.981691
-58.305434
-55.321966
-48.828636
-39.620059
-30.059985
-19.594601
-7.860831
3.604719
13.322149
23.536342
33.169815
41.799545
49.173491
54.347345
56.985787
57.809183
57.661704
55.836780
51.851273
43.626853
33.504111
23.538045
11.759826
1.493863
-8.340904
-19.428900
-30.126231
-40.196010
-47.956535
-53.903205
-57.271038
-58.469602
-59.162549
-57.875599
-54.063286
-46.782323
-37.417923
-27.536324
-16.758783
-4.882813
6.049361
15.846321
26.359218
35.620587
44.116633
50.940514
55.494308
57.518993
58.373213
57.861975
55.748395
50.704820
41.344336
31.300783
20.806279
8.996895
-0.888961
-11.156287
-22.135462
-32.710518
-42.434931
-49.740417
-55.168356
-57.729142
-58.860949
-59.147562
-57.205302
-52.620683
-44.366632
-34.869569
-24.976730
-13.778891
-1.933404

