47.160387
42.212009
34.708125
25.696925
17.101254
8.793218
0.668594
-8.159876
-18.148252
-27.193512
-36.398854
-44.084958
-48.955849
-51.775319
-51.738364
-49.732413
-47.058548
-43.155125
-37.814549
-30.535800
-22.212778
-12.871027
-3.631456
5.913121
14.758621
23.479291
32.422372
39.417403
45.196840
48.546961
49.809558
50.293037
49.242122
46.148811
40.475982
32.363619
23.438420
15.001297
6.674698
-1.619543
-10.916506
-20.786183
-29.762643
-38.695506
-45.632124
-49.911567
-52.017655
-51.087993
-49.107075
-46.370029
-42.045627
-36.024366
-28.243576
-19.611801
-10.089023
-0.869887
8.578130
17.289434
26.148047
34.733159
41.243860
46.547651
49.149479
49.986158
50.214699
48.350266
44.576100
38.228205
29.686178
20.619801
12.453454
4.324913
-3.972224
-13.733932
-23.247514
-32.238960
-40.982280
-47.053780
-50.854172
-52.008118
-50.444603
-48.140458
-45.008319
-40.498631
-34.045832
-25.975193
-17.006908
-7.393360
1.864093
11.227982
19.743613
28.876066
36.754949
43.091604
47.759158
49.618312
50.367458
50.147602
47.925029
43.184757
36.076478
27.163369
18.284832
9.965386
1.759699
-6.824732
-16.670568
-25.899751
-34.962211
-43.011563
-48.444101
-51.719802
-52.181823
-50.077949
-47.519548
-43.915680
-38.810968
-31.710352
-23.425477
-14.055286
-4.829509
4.575593
13.423136
21.982363
30.996118
38.556371
44.574397
48.503705
49.867289
50.282649
49.343961
46.559232
41.147811
33.293792
24.387326
15.907117
7.699217
-0.316756
-9.278059
-19.001109
-28.104271
-37.309442
-44.762918
-49.454655
-52.030597
-51.516124
-49.175876
-46.512399
-42.554140
-36.999157
-29.608182
-21.035842
-11.533669
-2.384015
7.250309
16.044378
24.869272
33.612592
40.348598
45.836142
48.868316
49.842596
50.277199
48.743657
45.295783
39.242676
30.889511
21.881887
13.492618
5.259344
-2.902406
-12.455327
-21.950858
-30.939238
-39.690052
-46.263763
-50.332887
-52.100250
-50.866093
-48.482418
-45.419761
-40.993520
-34.681218
-26.752438
-18.167836
-8.713007
0.454187
9.774310
18.362999
27.389697
35.576309
42.088372
46.871049
49.033165
50.018004
49.873931
47.819274
43.631111
36.931889
28.247322
19.431795
11.247737
3.086329
-5.281993
-15.196971
-24.440629
-33.647503
-41.923182
-47.572170
-51.178932
-51.921265
-50.108773
-47.631604
-44.295107
-39.382321
-32.479593
-24.370807
-15.418870
-6.116458
3.148658
12.403727
21.047422
30.014685
37.783214
43.818951
47.880922
49.229520
49.850430
49.209084
46.612365
41.642870
34.217494
25.359562
16.751460
8.493151
0.258854
-8.484977
-18.333878
-27.340991
-36.394937
-43.930326
-48.675707
-51.453965
-51.425866
-49.381937
-46.779769
-42.946339
-37.665708
-30.201333
-21.761145
-12.279579
-3.074578
6.240606
15.114376
23.636477
32.576493
39.566926
45.383317
48.702274
49.832548
50.275155
49.031973
45.873097
39.963552
31.782218
22.731509
14.178242
5.935260
-2.198219
-11.410032
-21.094084
-29.995101
-38.999149
-45.931169
-50.172635
-52.153213
-51.160880
-48.797812
-45.929296
-41.546992
-35.433088
-27.732679
-19.043343
-9.414639
-0.339065
9.021078
17.613513
26.463440
34.931558
41.571856
46.876839
49.422639
50.253187
50.327948
48.286063
44.433560
37.958792
29.343537
20.298617
11.945622
3.772974
-4.558734
-14.237847
-23.573807
-32.644783
-41.201626
-47.368322
-51.053762
-52.304438
-50.640787
-48.190866
-45.080526
-40.366139
-33.606972
-25.447096
-16.577755
-7.036073
2.208948
11.637211
20.187071
29.175792
37.061317
43.436459
47.982250
49.857582
50.555979
50.248759
47.687462
43.047667
35.805191
26.909454
18.073661
9.732076
1.623120
-7.031986
-17.024449
-26.175295
-35.342148
-43.336664
-48.568760
-51.859617
-52.098547
-50.082718
-47.526870
-43.750150
-38.707086
-31.425101
-23.186547
-13.912916
-4.595688
4.704339
13.880219
22.399596
31.500033
38.831915
44.843299
48.643351
49.853665
50.508124
49.557856
46.542883
41.112389
33.359017
24.318525
15.861477
7.688659
-0.526394
-9.689501
-19.517456
-28.739486
-37.958622
-45.041357
-49.635172
-52.082709
-51.659516
-49.456188
-46.668904
-42.677096
-36.928313
-29.351030
-20.751442
-11.209249
-1.974617
7.534708
16.222000
25.081975
33.705064
40.564026
46.057361
49.023458
50.130061
50.412076
48.902886
45.340572
39.239781
30.819689
21.653686
13.391120
5.144562
-2.976656
-12.508120
-22.067342
-31.054531
-39.979219
-46.597379
-50.594466
-52.201067
-50.998245
-48.616614
-45.627696
-41.137593
-34.782035
-27.012825
-18.119301
-8.644717
0.553642
9.991782
18.492596
27.502094
35.805532
42.110171
47.034536
49.012048
49.955675
49.919912
47.858272
43.753896
37.124668
28.516735
19.521884
11.013065
2.763953
-5.852836
-15.540123
-24.659974
-33.804519
-42.126519
-47.891991
-51.272426
-52.115917
-50.197840
-47.857761
-44.485501
-39.497444
-32.504456
-24.323123
-15.120677
-5.716256
3.413132
12.574366
21.000419
29.994760
37.664345
43.781485
47.969137
49.493994
50.271749
49.549341
46.871730
41.821854
34.286806
25.466170
16.936404
8.601291
0.560284
-8.288281
-17.990385
-27.050291
-36.278963
-43.997765
-48.944099
-51.707711
-51.606212
-49.399648
-46.786070
-42.953662
-37.562507
-30.115843
-21.851574
-12.343952
-3.271444
6.237371
15.071630
23.830959
32.592671
39.546830
45.267173
48.659870
49.662931
50.203119
48.975945
45.653922
39.706060
31.644106
22.692510
14.282976
6.111860
-2.020257
-11.415311
-20.999738
-29.973643
-38.915021
-45.662778
-49.868311
-51.939487
-50.901515
-48.602819
-45.667546
-41.356598
-35.318307
-27.587754
-19.030912
-9.480544
-0.519242
8.999450
17.448323
26.382208
34.795148
41.343144
46.402386
48.875979
49.809217
49.842255
48.082897
44.126340
37.537302
28.985568
20.070417
11.897428
3.654446
-4.560096
-14.412573
-23.755687
-32.727889
-41.321686
-47.335284
-50.860473
-51.990237
-50.409181
-48.036064
-44.843640
-39.993184
-33.277443
-25.206293
-16.262872
-6.757634
2.487728
11.684213
20.186220
29.242209
37.110874
43.306010
47.728845
49.420936
50.116437
49.683537
47.077622
42.423010
35.171338
26.244947
17.592737
9.321996
1.374824
-7.286583
-17.009974
-26.140554
-35.213402
-43.160234
-48.375811
-51.396063
-51.604339
-49.511705
-47.039304
-43.409722
-38.206407
-31.062875
-22.761651
-13.416154
-4.147121
5.256619
14.224904
22.835221
31.874180
39.001022
44.897114
48.537254
49.685580
50.105538
49.129214
46.221699
40.650027
32.653638
23.717199
15.129192
6.961141
-1.221725
-10.298661
-20.024947
-28.965303
-38.094010
-45.173509
-49.827269
-52.051885
-51.529408
-49.045427
-46.178273
-41.986023
-36.227022
-28.716666
-20.086425
-10.575567
-1.370226
7.989407
16.795227
25.573628
34.055880
40.689537
46.248947
48.917873
49.898624
49.995525
48.314844
44.794253
38.610016
30.175447
21.194560
12.868813
4.654952
-3.575938
-13.182334
-22.728954
-31.439236
-40.217127
-46.647276
-50.595488
-52.247388
-50.978661
-48.513412
-45.428276
-40.758848
-34.353563
-26.343039
-17.581667
-7.892336
1.328332
10.754892
19.217219
28.215647
36.486558
42.916877
47.749962
49.824544
50.552402
50.251314
47.926903
43.544769
36.615133
27.659110
18.779721
10.370357
2.330201
-6.157330
-16.093595
-25.422743
-34.430027
-42.764970
-48.413958
-51.664284
-52.348716
-50.463506
-47.808204
-44.346196
-39.137772
-32.092503
-23.950338
-14.867442
-5.405971
3.925392
13.315337
21.852766
30.867202
38.468838
44.554813
48.625640
50.023624
50.777708
49.964700
47.289474
42.042392
34.495592
25.422403
16.650643
8.311612
0.058242
-8.733273
-18.684353
-27.891908
-37.083455
-44.719832
-49.800362
-52.582536
-52.384138
-50.220149
-47.455515
-43.471370
-37.951299
-30.380658
-21.900620
-12.346847
-2.976315
6.534372
15.495845
24.414573
33.286980
40.485007
46.366283
49.687454
50.801890
51.148278
49.811942
46.382632
40.442262
32.214097
22.964478
14.431987
6.166015
-2.071176
-11.420080
-21.162374
-30.192988
-39.437839
-46.389103
-50.786563
-52.887372
-51.895891
-49.503531
-46.602317
-42.181185
-36.245925
-28.447083
-19.666978
-9.912593
-0.656843
8.691890
17.567532
26.648896
35.376038
42.118515
47.413111
50.193412
51.025663
51.150152
49.384832
45.407159
39.024012
30.468191
21.213293
12.727124
4.400696
-4.084451
-13.991254
-23.608889
-32.710178
-41.528600
-47.789131
-51.770551
-53.060906
-51.587309
-49.241270
-45.999970
-41.121755
-34.571205
-26.564768
-17.444577
-7.709435
1.604216
11.117458
19.668511
28.869254
36.944492
43.527910
48.449380
50.337826
51.292011
50.842251
48.492636
44.014965
36.924907
28.094224
19.072465
10.742119
2.373627
-6.081036
-16.098533
-25.491374
-34.680026
-42.921645
-48.774651
-52.241598
-53.044217
-50.915480
-48.476458
-44.905118
-39.862735
-32.661813
-24.448463
-15.170915
-5.788803
3.795624
13.068744
21.903004
31.087569
38.707256
44.934068
49.180984
50.702095
51.271234
50.599064
47.820977
42.377540
34.669297
25.641578
16.989538
8.644206
0.545297
-8.540664
-18.577916
-27.679205
-37.065744
-44.789314
-49.645390
-52.435909
-52.249432
-50.163099
-47.569445
-43.483462
-38.096905
-30.614308
-22.199665
-12.672458
-3.412451
6.038121
15.152182
24.021523
32.941954
40.022305
45.764787
49.159357
50.316198
50.832714
49.573524
46.395915
40.541717
32.363789
23.191145
14.871359
6.791694
-1.422848
-10.867459
-20.714828
-29.873167
-39.057221
-46.137401
-50.396749
-52.392142
-51.645211
-49.264261
-46.472039
-42.244877
-36.164011
-28.426988
-19.682305
-10.201761
-0.789676
8.650337
17.305783
26.375566
34.940924
41.573559
46.943596
49.415486
50.376483
50.430809
48.680987
44.846024
38.369213
29.809986
20.734923
12.408325
4.277740
-3.975119
-13.805968
-23.184504
-32.247986
-41.027580
-47.066382
-51.009655
-52.105529
-50.718955
-48.283339
-45.116118
-40.518216
-33.934287
-25.985752
-17.100062
-7.553441
1.610858
11.101621
19.632408
28.650420
36.661284
43.024676
47.605038
49.455677
50.196648
49.791506
47.444446
42.981761
35.976171
27.231319
18.490723
10.168212
1.944133
-6.558895
-16.556638
-25.744779
-34.827164
-42.901039
-48.305648
-51.387208
-51.773276
-49.785376
-47.330856
-43.758154
-38.727181
-31.564065
-23.339646
-13.988699
-4.616124
4.576785
13.761520
22.282090
31.076670
38.419110
44.357777
48.247405
49.603156
50.192050
49.401522
46.458244
41.106599
33.306735
24.404866
15.836954
7.582733
-0.450781
-9.527717
-19.408294
-28.324808
-37.369728
-44.716597
-49.272605
-51.871708
-51.479340
-49.242973
-46.558891
-42.444297
-36.924907
-29.306412
-20.867586
-11.405604
-2.153090
7.234301
15.990394
24.852242
33.526931
40.301936
45.850788
48.910550
49.927235
50.203119
48.639604
45.178618
39.064373
30.580418
21.676677
13.367789
5.295788
-2.742835
-12.409006
-22.036178
-30.903816
-39.750167
-46.389614
-50.423656
-52.049160
-50.798655
-48.365593
-45.245716
-40.732452
-34.520115
-26.765891
-18.076556
-8.631945
0.579357
9.927239
18.408128
27.505330
35.739115
42.193787
47.027894
49.118996
49.968447
49.697331
47.614915
43.621915
36.847081
28.101206
19.193036
10.921955
2.871581
-5.407504
-15.249934
-24.580956

