64.967019
67.151104
66.033772
62.518801
57.835920
50.217935
41.034733
29.988800
17.191512
3.596374
-8.739744
-20.682641
-32.763311
-43.032851
-51.630054
-58.589663
-63.105992
-66.467183
-67.089455
-64.601898
-60.468912
-53.718431
-44.939688
-34.614461
-21.944557
-8.856910
4.507644
16.448327
27.091333
37.657363
47.882455
56.596994
62.473842
66.191128
67.728758
65.480471
61.836583
56.223869
47.935758
38.303818
26.842185
13.415813
-0.104223
-12.112175
-24.124725
-35.758529
-45.638936
-54.091215
-60.311386
-64.484562
-67.223310
-66.909449
-63.918659
-59.025117
-51.415307
-42.241812
-31.239135
-18.214328
-4.846028
8.188827
19.601243
30.304364
40.781498
50.699541
58.623893
63.741718
67.025593
67.550114
64.567838
60.362816
54.028205
45.408181
35.183941
23.055928
9.399823
-3.759861
-15.580314
-27.726548
-38.918086
-48.105717
-55.914266
-61.700855
-65.493584
-67.555564
-66.339118
-62.960386
-57.393823
-49.238035
-39.586510
-27.716160
-14.607566
-1.102345
11.632953
22.669860
33.304351
43.679816
53.357397
60.456480
65.024751
67.746128
67.150252
63.742570
59.117760
51.850421
42.838880
32.058614
19.497020
5.833081
-6.862879
-18.683672
-30.976704
-41.738067
-50.690004
-58.122362
-63.044855
-66.589458
-67.811523
-65.793310
-61.724527
-55.324691
-46.871901
-36.762783
-24.442673
-11.250292
2.266509
14.678751
25.659629
36.168439
46.421630
55.562939
62.018463
65.919672
67.968709
66.345079
62.816143
57.643482
49.628530
40.262938
28.923580
15.803235
2.079862
-10.154758
-22.304739
-34.259387
-44.412954
-53.091560
-59.655224
-64.163378
-67.323446
-67.545516
-65.118585
-60.590335
-53.402696
-44.294596
-33.553498
-20.691667
-7.484300
6.053448
17.897912
28.799432
39.437669
49.490077
57.911703
63.503299
67.014354
68.117380
65.579755
61.731339
55.763892
47.459091
37.370580
25.536673
12.170928
-1.230921
-13.124943
-25.254488
-36.804506
-46.585287
-54.912227
-60.958181
-65.137148
-67.608867
-67.011799
-64.013175
-58.948823
-51.129035
-41.882651
-30.504806
-17.522914
-4.025357
8.862189
20.290613
30.932086
41.669777
51.521063
59.221472
64.134087
67.218202
67.394802
64.296041
60.197966
53.440673
44.812645
34.333638
21.843399
8.206027
-4.710129
-16.597339
-28.741530
-39.820330
-48.895904
-56.615557
-62.103271
-65.855639
-67.614998
-66.134078
-62.532766
-56.685720
-48.226459
-38.507155
-26.479108
-13.340541
-0.057050
12.618814
23.459537
34.051623
44.404439
53.871359
60.836247
65.017428
67.480973
66.371305
62.902655
58.090006
50.605706
41.663306
30.762809
18.040623
4.408530
-7.976123
-19.851582
-32.010930
-42.404618
-51.149641
-58.241231
-63.012838
-66.402640
-67.231315
-65.005507
-60.742412
-54.186242
-45.319966
-35.209485
-22.606168
-9.430817
3.834111
15.929086
26.668310
37.132842
47.463008
56.141274
62.268972
66.049269
67.751237
65.677847
62.055417
56.512526
48.335620
38.774014
27.254479
14.124087
0.657354
-11.292185
-23.241554
-34.934963
-44.769560
-53.314311
-59.530054
-63.841684
-66.796541
-66.726889
-63.868761
-58.973006
-51.492793
-42.404788
-31.533412
-18.726587
-5.471366
7.432699
18.893310
29.597453
40.082080
50.155265
58.035680
63.291107
66.555568
67.270994
64.370121
60.478108
54.075718
45.509849
35.457441
23.391928
10.035889
-2.968311
-15.006576
-27.219738
-38.433756
-47.703641
-55.570262
-61.299120
-65.107686
-67.039728
-65.918139
-62.566144
-57.057823
-49.011537
-39.566244
-27.792454
-14.866590
-1.516172
11.219808
22.338118
32.912152
43.250833
52.862508
59.900795
64.237629
67.111935
66.623858
63.336406
58.842727
51.742452
42.670454
31.885930
19.400460
5.758149
-6.811278
-18.558672
-30.744757
-41.297674
-50.124441
-57.554926
-62.544857
-65.993581
-67.228079
-65.191984
-61.297417
-55.094957
-46.457733
-36.518233
-24.210726
-11.062452
2.215249
14.493806
25.284972
35.842487
46.239070
55.269173
61.718907
65.649748
67.684310
66.024576
62.478951
57.257244
49.390282
39.835487
28.586728
15.449183
1.807383
-10.292019
-22.329433
-34.245934
-44.294255
-52.754198
-59.480156
-63.809156
-66.910471
-67.103420
-64.417805
-59.923274
-52.782638
-43.908187
-33.149890
-20.271369
-6.887913
6.412949
18.287897
28.921877
39.466790
49.396413
57.952745
63.418831
66.970246
68.026440
65.197263
61.506544
55.603811
47.127179
37.202835
25.329760
11.958224
-1.485688
-13.554948
-25.605304
-37.158557
-46.646254
-54.908821
-60.951199
-65.088953
-67.508050
-67.018441
-63.883577
-58.667319
-50.787074
-41.499989
-30.038357
-16.890594
-3.567253
9.408678
20.511832
31.231471
41.758844
51.601785
59.175491
64.079591
67.245449
67.487104
64.369951
60.029030
53.088495
44.383832
33.908401
21.644831
8.195468
-4.562821
-16.604492
-28.914724
-39.875678
-49.079486
-56.838138
-62.117747
-65.999883
-67.500728
-65.846103
-62.249729
-56.252139
-47.900847
-38.100651
-26.084185
-13.115917
0.241995
12.792689
23.704938
34.288168
44.800724
53.998572
60.865028
65.023388
67.399229
66.334009
62.826531
57.994127
50.370182
41.291714
30.338594
17.579964
4.101651
-8.179801
-20.119633
-32.245602
-42.703663
-51.527705
-58.528696
-63.196591
-66.671371
-67.157405
-64.806427
-60.518129
-53.732225
-44.993843
-34.631150
-22.118943
-9.023632
4.288469
16.350406
27.087246
37.761245
47.864914
56.480680
62.224695
65.884250
67.191805
64.985241
61.403002
55.880717
47.916344
38.312333
26.684999
13.540472
0.115122
-11.957203
-23.925986
-35.560301
-45.147623
-53.520203
-59.610094
-63.940457
-66.692489
-66.404172
-63.600540
-58.768647
-51.163094
-42.082412
-30.924252
-18.084901
-4.798004
8.227995
19.451039
30.070543
40.571008
50.363541
58.252641
63.415085
66.619771
67.056417
64.048937
60.154029
53.593091
45.065710
34.870590
22.729976
9.218454
-3.759691
-15.643494
-27.907406
-38.999660
-48.182862
-56.028877
-61.537879
-65.273217
-67.040750
-65.719911
-62.436376
-56.750434
-48.578637
-39.048025
-27.248008
-14.097691
-0.783546
11.938299
22.815466
33.288172
43.591431
53.058352
60.073137
64.276627
67.031213
66.296714
62.841518
58.337791
50.989219
42.131117
31.359536
18.767289
5.300726
-7.124969
-18.935544
-30.963761
-41.458607
-50.172635
-57.449341
-62.339646
-65.788371
-66.723483
-64.680406
-60.702733
-54.387876
-45.725618
-35.683428
-23.286172
-10.218450
3.121069
15.284504
25.845596
36.414521
46.644722
55.391278
61.509269
65.412181
67.262309
65.463441
61.866896
56.365047
48.495020
38.788148
27.516740
14.492784
0.853198
-11.042697
-22.798095
-34.663848
-44.361353
-52.828618
-59.137174
-63.597986
-66.617046
-66.528661
-63.640390
-59.032270
-51.751988
-42.765141
-31.975678
-19.115039
-6.082739
7.031475
18.453768
29.125895
39.663485
49.590383
57.697126
62.959875
66.245113
66.976718
64.131703
60.259785
54.024458
45.667887
35.556725
23.643970
10.339362
-2.789668
-14.511858
-26.613985
-37.969691
-47.481571
-55.314302
-60.970272
-64.849683
-66.939252
-65.955435
-62.774420
-57.184696
-49.113716
-39.706571
-28.180054
-15.065670
-1.719168
10.955163
22.009611
32.518761
42.967967
52.502155
59.850386
64.313071
67.091499
66.668987
63.333341
58.820077
51.670245
42.857102
32.150575
19.572973
6.020410
-6.304298
-18.145357
-30.220236
-40.922506
-49.713850
-57.241065
-62.270675
-65.664904
-66.837072
-64.965487
-61.125244
-54.963997
-46.444791
-36.523172
-24.439096
-11.251654
2.164160
14.398439
25.220598
35.729068
46.035392
55.087294
61.504330
65.441813
67.476034
65.890721
62.270164
57.133947
49.247742
39.884193
28.614998
15.520709
1.965931
-10.269880
-22.128991
-33.923047
-43.947356
-52.425521
-59.029545
-63.568183
-66.627094
-66.761460
-64.163549
-59.715509
-52.635159
-43.547835
-32.989638
-20.033462
-6.884507
6.252868
18.056120
28.734037
39.133174
49.131087
57.449852
63.052859
66.535473
67.591156
64.944880
61.021192
55.022240
46.547481
36.703178
24.919850
11.648961
-1.583781
-13.563292
-25.689772
-37.191766
-46.613216
-54.864373
-60.833693
-64.850024
-67.213774
-66.567148
-63.209704
-58.051518
-50.222874
-40.843998
-29.773031
-16.622373
-3.214734
9.816204
21.008594
31.660455
42.189360
51.867281
59.315988
64.150776
67.290238
67.139523
64.069033
59.923785
52.921261
44.118166
33.428839
21.067517
7.389784
-5.433730
-17.197643
-29.498168
-40.289674
-49.212830
-56.939977
-62.201875
-66.040754
-67.574297
-65.813235
-62.260628
-56.168352
-47.567402
-37.796157
-25.679384
-12.717588
0.621762
13.084582
24.007559
34.653289
45.072351
54.421425
60.989005
65.338952
67.633561
66.491365
62.920877
57.988678
50.520556
41.319813
30.222961
17.416307
3.792388
-8.579663
-20.479304
-32.651424
-43.056181
-51.719121
-58.785336
-63.467196
-66.739491
-67.355122
-64.946924
-60.856342
-54.072823
-45.145239
-34.855093
-22.214311
-9.003878
4.370723
16.303573
27.206285
37.785769
47.987018
56.720631
62.522548
66.159964
67.797559
65.486091
61.866896
56.201220
48.059736
38.486889
26.764699
13.556310
0.084979
-11.881930
-23.986271
-35.670144
-45.419931
-53.856543
-60.184172
-64.457144
-67.119428
-66.771678
-63.755001
-59.035846
-51.486322
-42.415346
-31.224660
-18.354314
-5.106756
8.023296
19.551175
30.158758
40.795462
50.695113
58.670214
63.827378
67.057950
67.576170
64.596789
60.454096
54.059710
45.694624
35.340105
23.269483
9.618657
-3.598077
-15.569244
-27.769463
-39.083106
-48.273461
-56.198154
-61.859744
-65.587418
-67.585877
-66.473484
-62.931776
-57.356868
-49.123934
-39.550917
-27.917964
-14.563118
-1.153094
11.607409
22.637163
33.230611
43.548005
53.118808
60.375418
64.856325
67.621299
66.946404
63.601903
58.922597
51.684890
42.764970
31.877586
19.245318
5.609819
-6.752866
-18.677371
-30.811514
-41.400364
-50.293888
-57.625941
-62.685864
-66.317320
-67.586729
-65.495968
-61.614173
-55.249929
-46.574048
-36.524534
-24.170024
-11.068583
2.441577
14.772926
25.528669
36.109175
46.384675
55.473362
61.838967
65.779856
67.824125
66.045182
62.499557
57.173286
49.124786
39.793594
28.421879
15.337467
1.758507
-10.238034
-22.183657
-34.225668
-44.131449
-52.683013
-59.357030
-63.683476
-66.801650
-67.146335
-64.323630
-59.743438
-52.614042
-43.438843
-32.646315
-19.876787
-6.690877
6.481750
18.091372
28.830085
39.427621
49.402203
57.786533
63.222987
66.653149
67.544665
64.871992
60.974360
54.951736
46.493326
36.567620
24.755512
11.337144
-1.892533
-13.867617
-26.050636
-37.615810
-47.123943
-55.258444
-61.267785
-65.121480
-67.423412
-66.550629
-63.373532
-58.233397
-50.397771
-40.937492
-29.387474
-16.243287
-2.920798
10.071993
21.214145
31.932081
42.473929
52.192381
59.652669
64.514024
67.510775
67.326341
64.149754
59.869971
52.873237
44.087001
33.426966
21.018812
7.306337
-5.489247
-17.245327
-29.328210
-40.141344
-49.326079
-57.035685
-62.350035
-66.045693
-67.562716
-65.955094
-62.248537
-56.146043
-47.708920
-37.942614
-25.877101
-12.672288
0.721727
13.159343
24.084023
34.722430
45.156309
54.544040
61.316660
65.381186
67.823274
66.581624
62.887498
58.004175
50.302403
41.103704
29.922043
17.006568
3.379072

