51.853146
52.935566
51.811252
49.902201
47.354528
42.792048
35.228048
24.746486
14.875105
3.959622
-6.048168
-14.617613
-24.272544
-34.273522
-42.744364
-47.755412
-51.526683
-53.890944
-52.630901
-50.020558
-48.436778
-45.073373
-38.362741
-29.559306
-19.588981
-9.518351
1.328162
12.219463
21.912711
31.473126
39.910759
45.527390
49.608265
52.721500
53.148440
51.532643
49.640792
46.496902
41.204861
32.542603
22.110769
11.928592
0.714575
-8.640800
-17.348869
-27.117899
-37.143230
-44.794423
-49.181325
-52.829300
-54.044553
-52.043029
-49.715723
-47.841072
-43.367318
-35.937684
-26.793650
-16.713994
-6.390810
4.548856
15.125275
24.782590
34.225157
41.925567
46.835627
50.694602
53.171090
52.849906
51.019703
48.718793
45.225620
39.264815
29.671022
19.411189
9.029593
-2.094507
-10.900327
-20.073823
-30.109201
-39.731264
-46.154261
-50.442559
-53.675175
-53.865910
-51.321472
-49.354689
-47.111511
-41.790860
-33.732993
-24.158103
-14.091900
-3.511395
7.611683
17.878158
27.471781
36.725998
43.687139
48.084429
51.858255
53.532805
52.626814
50.784520
48.184906
43.956041
36.971569
26.608365
16.586270
5.754232
-4.819291
-13.295582
-22.870983
-32.997472
-42.015484
-47.538962
-51.464013
-54.226773
-53.514923
-50.931828
-49.000468
-45.979364
-39.809942
-31.182936
-21.440472
-11.366606
-0.617504
10.505574
20.541293
29.998847
38.813863
44.911419
49.243144
52.573681
53.474563
52.154745
50.287076
47.381265
42.497431
34.490994
23.942164
14.031615
2.778258
-7.025855
-15.818732
-25.581803
-35.706758
-44.009856
-48.670769
-52.584750
-54.465362
-52.809204
-50.569773
-48.786572
-44.838020
-37.655149
-28.598990
-18.612828
-8.477313
2.612216
13.421604
23.326874
32.951662
41.045461
46.391828
50.436940
53.258112
53.311927
51.674332
49.637045
46.290840
40.839740
31.557764
21.147387
11.090381
-0.248807
-9.325743
-18.340860
-28.280020
-38.264479
-45.370715
-49.648455
-53.226096
-53.872211
-51.784856
-49.906288
-48.037938
-43.264457
-35.606112
-26.157584
-16.088656
-5.570991
5.437476
15.963827
25.529180
35.125869
42.499304
47.350611
51.275662
53.470475
52.978311
51.147767
48.838002
44.927086
38.619212
28.550625
18.293347
7.866791
-2.994197
-11.648451
-20.976577
-31.094040
-40.409735
-46.455349
-50.682000
-53.671939
-53.422962
-51.019873
-49.282653
-46.873604
-41.064875
-32.874175
-23.131030
-13.013567
-2.427442
8.835452
18.819230
28.388671
37.411622
43.985162
48.419067
51.942723
53.305967
52.087137
50.289461
47.594649
43.167557
35.883018
25.463104
15.554769
4.584619
-5.546808
-14.068059
-23.655891
-33.711536
-42.320320
-47.380924
-51.407814
-53.894350
-52.756071
-50.323691
-48.574380
-45.339550
-38.569655
-30.012301
-20.126615
-10.027715
0.669275
11.658328
21.466698
30.950648
39.584466
45.201778
49.463681
52.559376
53.055797
51.537241
49.642324
46.505247
41.416373
32.998153
22.533962
12.607404
1.295805
-8.068766
-16.870839
-26.707820
-36.643233
-44.306687
-48.548494
-52.258287
-53.658996
-51.854679
-49.679961
-47.827108
-43.549367
-36.204202
-27.054037
-17.086438
-6.800038
4.010371
14.553070
24.186884
33.645119
41.490964
46.318599
50.343105
52.899122
52.708387
50.944090
48.835278
45.172487
39.238249
29.745613
19.462109
9.392841
-1.568624
-10.547808
-19.712618
-29.658079
-39.308241
-45.759848
-50.014428
-53.319590
-53.400482
-51.050016
-49.137047
-46.917370
-41.664498
-33.715112
-24.070740
-14.145034
-3.660066
7.385867
17.650468
27.156046
36.346061
43.318272
47.666175
51.204647
53.022589
52.166326
50.375462
47.832046
43.775524
36.799737
26.523726
16.638381
5.903074
-4.610334
-13.124943
-22.691659
-32.661983
-41.651045
-47.081539
-50.954989
-53.570781
-52.763394
-50.228323
-48.619509
-45.894044
-39.657865
-31.212057
-21.373885
-11.177914
-0.517709
10.508469
20.356008
29.804536
38.628919
44.609138
48.876831
52.257436
53.200722
51.871198
50.079141
47.196661
42.415857
34.209149
23.703064
13.726609
2.558742
-7.124288
-15.834570
-25.531735
-35.661970
-43.817588
-48.586130
-52.351100
-54.267475
-52.589008
-50.047466
-48.264435
-44.369016
-37.383693
-28.349331
-18.372025
-8.127178
2.769913
13.572829
23.180928
32.729421
40.730238
46.230555
50.259829
53.154741
53.234441
51.364047
49.430132
46.147278
40.574074
31.404666
20.999227
10.946478
-0.331913
-9.477990
-18.356868
-28.368235
-38.224629
-45.361349
-49.724238
-53.348201
-54.062775
-52.031108
-49.907139
-47.876154
-42.956216
-35.308259
-25.931086
-15.786035
-5.424874
5.675043
15.994310
25.688240
35.161631
42.522975
47.221354
51.159518
53.336109
52.928073
51.171439
48.708575
44.748783
38.333961
28.284448
18.243960
7.784367
-2.978700
-11.863879
-21.354130
-31.259911
-40.562834
-46.463183
-50.452777
-53.622041
-53.231886
-50.870350
-49.279417
-46.703645
-40.880612
-32.429695
-22.744111
-12.743643
-2.105747
9.018694
19.043514
28.525080
37.678140
43.952976
48.408168
51.924671
53.115232
52.022423
50.194604
47.527722
43.028593
35.575288
25.225026
15.376125
4.392692
-5.716596
-14.372383
-24.142265
-34.251894
-42.747259
-47.583410
-51.382269
-53.799323
-52.466222
-50.190347
-48.658678
-45.268365
-38.528953
-29.561690
-19.620657
-9.472711
1.304150
12.172971
21.775961
31.344039
39.653097
45.293910
49.481051
52.659341
52.935907
51.391125
49.380064
46.128716
40.990625
32.291583
21.876437
12.176888
1.070670
-8.232423
-16.953945
-26.852403
-36.797353
-44.347559
-48.638412
-52.398614
-53.466218
-51.458733
-49.374104
-47.658001
-43.232271
-35.892214
-26.699815
-16.773088
-6.427595
4.614081
15.071460
24.707658
34.162828
41.652407
46.511889
50.539460
52.897590
52.535534
50.760337
48.720326
44.996057
38.956063
29.216494
18.977097
8.740085
-2.179486
-10.919230
-20.140069
-29.982669
-39.501701
-45.819453
-50.027370
-53.250960
-53.193229
-50.800698
-49.138580
-46.773127
-41.208097
-33.137969
-23.591518
-13.511181
-3.072023
8.014270
17.965862
27.399915
36.500352
43.259518
47.757796
51.254715
52.958216
51.967757
50.054789
47.508989
43.229205
36.229236
25.922230
16.098193
5.398989
-4.817929
-13.341563
-22.835902
-32.901764
-41.636739
-46.910388
-50.884826
-53.486143
-52.444083
-50.038099
-48.427582
-45.446328
-38.887603
-30.311516
-20.554577
-10.526691
0.209468
11.164461
20.786183
30.382701
39.030995
44.752700
48.955338
52.220140
52.873066
51.517827
49.565349
46.434062
41.579178
33.117703
22.796052
13.005904
1.645940
-7.751669
-16.320092
-26.286840
-36.128078
-43.921300
-48.223734
-52.074194
-53.615059
-51.722527
-49.404928
-47.726461
-43.664489
-36.489964
-27.449472
-17.408133
-7.318769
3.583772
14.096498
23.696933
33.196211
40.990455
46.032837
50.038610
52.662918
52.539621
50.841229
48.773970
45.245545
39.510727
29.927492
19.620998
9.530102
-1.521111
-10.249444
-19.301857
-29.305901
-39.072207
-45.547656
-49.663612
-52.997725
-53.244829
-51.019021
-49.230542
-46.959775
-41.739941
-33.838238
-24.430071
-14.301538
-3.809929
7.193940
17.429590
26.918479
36.233323
43.090241
47.620024
51.220826
52.932160
52.109276
50.284011
47.774145
43.742827
37.106957
26.822942
16.758272
6.040335
-4.296984
-12.932505
-22.344760
-32.420499
-41.329690
-46.849080
-50.809554
-53.443738
-52.654403
-50.265108
-48.662765
-45.953648
-39.740120
-31.227895
-21.535839
-11.307342
-0.563690
10.355370
20.234244
29.656036
38.465772
44.512919
48.825230
52.252156
53.180116
51.905768
49.943243
47.017336
42.205027
34.179177
23.699488
13.803244
2.684934
-7.151025
-15.725068
-25.473833
-35.579886
-43.689183
-48.356737
-52.261863
-53.965705
-52.143846
-49.728325
-48.066718
-44.292552
-37.190914
-28.348480
-18.205643
-8.002349
2.834456
13.700553
23.397718
32.765865
40.759700
45.947858
50.044911
52.863700
52.895376
51.224743
49.141986
45.807191
40.212359
31.126567
20.722832
10.714361
-0.484841
-9.663105
-18.627303
-28.538534
-38.202831
-45.226983
-49.450057
-53.028720
-53.739888
-51.683358
-49.517495
-47.551053
-42.612553
-34.759726
-25.598662
-15.397583
-4.942247
6.104367
16.354322
25.877953
35.310813
42.544603
47.210625
51.193408
53.418704
52.654573
50.896236
48.583405
44.527565
38.047348
27.888162
17.856019
7.375479
-3.368514
-12.011869
-21.589654
-31.590802
-40.866137
-46.849080
-50.837994
-53.934199
-53.380728
-50.767490
-49.133471
-46.496051
-40.489435
-32.271658
-22.552524
-12.543372
-1.894917
9.174006
19.260304
28.808458
37.833282
44.175557
48.278740
51.989215
53.209918
52.144527
50.296102
47.588348
43.204342
35.622290
25.039571
15.115397
4.093647
-5.986861
-14.521394
-24.254492
-34.380811
-42.812654
-47.879560
-51.883970
-54.176365
-52.849054
-50.358772
-48.815353
-45.314687
-38.428988
-29.664210
-19.711597
-9.553603
1.263959
12.071133
21.961076
31.489474
39.947374
45.586314
49.634320
52.660022
53.151846
51.478318
49.554961
46.389103
41.251523
32.700471
22.183486
12.258121
1.007318
-8.302416
-17.175504
-27.035986
-37.063871
-44.630596
-49.002852
-52.763735
-53.891114
-51.894018
-49.641643
-48.026528
-43.657167
-36.309447
-26.920353
-16.901323
-6.608282
4.479885
15.096835
24.606330
34.211704
41.837352
46.782494
50.779581
53.269012
52.954810
51.216228
48.892668
45.255252
39.449249
29.584680
19.383090
9.053605
-2.038309
-10.874782
-19.923449
-30.001232
-39.549555
-46.025855
-50.327437
-53.643669
-53.812095
-51.442044
-49.437795
-47.129393
-41.610684
-33.588920
-24.245296
-13.964006
-3.438166
7.681165
17.928055
27.481658
36.618710
43.444293
47.981739
51.627500
53.286893
52.298478
50.548145
47.982761
43.902227
37.018401
26.606321
16.667162
5.810261
-4.557201
-13.273443
-22.825343
-32.871791
-41.836330
-47.172819
-51.216057
-53.950718
-53.189141
-50.595318
-48.965216
-46.048675
-39.695161
-31.133720
-21.349192
-11.271068
-0.407185
10.751997
20.593064
30.158077
38.847072
44.887577
49.136707
52.462305
53.370850
51.953452
50.116267
47.114406
42.173011
34.117188
23.575681
13.621875
2.365453
-7.208586
-15.889236
-25.832312
-35.831758
-43.867316
-48.511028
-52.238192
-53.998913
-52.466052
-49.950736
-48.213005
-44.361864
-37.093163
-28.022868
-18.047094
-7.840906
3.038645
13.717583
23.484741
33.027955
41.023663
46.311106
50.267833
53.055457
52.997896
51.288945
49.192054
45.788629
40.115799
30.878953
20.485265
10.363374
-0.761066
-9.823016
-18.779891
-28.792620
-38.592475
-45.554638
-49.895559
-53.282465
-53.926366
-51.626308
-49.610308
-47.674860
-42.797497
-34.887450
-25.345598
-15.211957
-4.843984
6.287098
16.593252
26.260785
35.748993
42.952980
47.525338
51.412923
53.427901
52.587986
50.778219
48.391989
44.407674
38.047518
27.946915
17.856530
7.226467
-3.585134
-12.267658
-21.694728
-31.728234
-41.161946
-47.015803
-51.010166
-53.844622
-53.274632
-50.842251
-49.075910
-46.494348
-40.663310
-32.374689
-22.654533
-12.419564
-1.655817
9.438651
19.478968
28.974158
37.981953
44.374125
48.651695
52.074875
53.446293
52.231721
50.302233
47.590222
43.052265
35.497461
24.877105
14.911209
3.858975

