-23.668664
-14.608928
-5.216088
4.089560
13.326066
21.824837
30.843701
38.291897
44.316735
48.254047
49.723557
50.278732
49.381256
46.546800
41.391850
33.754451
24.918829
16.168526
7.851464
-0.085660
-9.140457
-19.145012
-28.158597
-37.268230
-44.652734
-49.419914
-51.962308
-51.603488
-49.464192
-46.739749
-42.777061
-37.215948
-29.674258
-21.120310
-11.654752
-2.431870
7.150003
16.037566
24.592536
33.404316
40.468659
45.926401
48.973049
49.977303
50.312110
48.949378
45.530626
39.437158
31.252248
22.358383
13.969285
5.650861
-2.433913
-11.804785
-21.464995
-30.544485
-39.545468
-46.170439
-50.294399
-52.176544
-51.074198
-48.685925
-45.816728
-41.484152
-35.399369
-27.641569
-18.804925
-9.239571
-0.049727
9.323359
18.111297
27.051994
35.475322
42.043243
47.156981
49.420595
50.215040
50.160715
48.257623
44.264453
37.626198
28.748342
19.907611
11.702946
3.557375
-4.796301
-14.595475
-24.070399
-33.135925
-41.733299
-47.704152
-51.206010
-52.295583
-50.607409
-48.107079
-44.783694
-39.916720
-33.276933
-25.134768
-16.050679
-6.612710
2.646957
11.929614
20.421743
29.533761
37.355082
43.629408
48.095158
49.698523
50.421442
49.803768
47.359296
42.635884
35.324097
26.443686
17.756564
9.515796
1.390321
-7.190023
-17.124755
-26.393277
-35.566773
-43.597903
-48.823868
-51.809209
-51.899637
-49.733605
-47.363554
-43.709959
-38.450105
-31.131676
-22.870813
-13.493981
-4.128388
5.366291
14.352117
22.833518
31.886101
39.136580
45.062985
48.640115
49.946138
50.354515
49.321992
46.206883
40.594680
32.880136
23.804733
15.189477
6.961312
-1.121419
-10.253872
-20.029375
-28.930902
-38.061483
-45.245886
-49.914803
-52.121367
-51.490579
-49.015284
-46.192748
-42.131969
-36.390850
-28.800794
-20.291294
-10.886022
-1.700946
7.732425
16.495330
25.417975
33.912318
40.763957
46.232598
48.887730
49.935239
50.101621
48.523801
44.779778
38.666385
30.332293
21.438939
13.225760
4.986014
-3.252540
-12.936081
-22.559677
-31.627928
-40.413993
-46.752691
-50.578117
-52.120686
-50.637892
-48.336812
-45.088019
-40.639469
-34.286806
-26.340825
-17.467056
-7.926055
1.263618
10.699374
19.183499
28.197254
36.186491
42.303290
47.110660
49.096686
50.052234
49.843107
47.716243
43.441738
36.421503
27.481147
18.776655
10.415486
2.303975
-6.098918
-16.017641
-25.132043
-34.274885
-42.481252
-48.062801
-51.400491
-51.824195
-50.040654
-47.570297
-44.093643
-39.034571
-32.017401
-23.900100
-14.759302
-5.516665
3.783022
12.834924
21.430935
30.630997
38.265501
44.288295
48.207215
49.612692
50.206355
49.434219
46.701772
41.601317
34.137794
25.175810
16.504186
8.183207
0.099795
-8.710623
-18.754687
-27.683292
-36.922693
-44.390815
-49.201420
-51.868473
-51.556996
-49.324376
-46.807528
-42.792388
-37.401915
-29.798406
-21.418333
-12.011528
-2.717120
6.765808
15.543699
24.098498
32.979250
39.917060
45.613561
48.736845
49.794742
50.027370
48.605374
45.344659
39.523670
31.526429
22.498710
14.000280
5.637067
-2.455371
-11.669908
-21.356855
-30.353240
-39.318289
-46.100446
-50.213167
-52.296604
-51.254545
-48.791340
-45.828990
-41.385378
-35.473108
-27.557271
-18.754857
-9.163618
-0.013624
9.500810
18.039261
26.928697
35.371440
41.850976
47.085115
49.433538
50.160204
50.073011
48.176902
44.187307
37.653616
28.867722
19.929239
11.706352
3.428459
-4.903759
-14.699187
-24.087088
-33.096586
-41.523320
-47.555992
-51.121371
-52.279575
-50.602981
-48.149313
-44.844321
-39.984158
-33.328193
-25.381701
-16.164439
-6.645748
2.640486
11.908327
20.455463
29.478414
37.267208
43.540682
47.965050
49.680131
50.456183
49.913781
47.518866
42.722395
35.394600
26.558638
17.935208
9.694781
1.570497
-7.189342
-17.355170
-26.511124
-35.776581
-43.662446
-48.765625
-51.823344
-51.977634
-49.934387
-47.462157
-43.678454
-38.492509
-31.133379
-22.836242
-13.472864
-4.120214
5.368505
14.379195
22.970438
31.780856
39.101839
44.995035
48.640285
49.879892
50.289120
49.293212
46.167714
40.657861
32.790559
23.799624
15.209573
6.996734
-1.019580
-10.108607
-19.869975
-28.972966
-38.008690
-45.122760
-49.679620
-52.089861
-51.426377
-49.223730
-46.434402
-42.416028
-36.424398
-28.788022
-20.193202
-10.807174
-1.810449
7.702964
16.531263
25.318520
34.002236
40.814877
46.402897
49.084936
49.898624
50.193242
48.574890
44.933387
38.694654
30.295338
21.289587
13.067211
4.745041
-3.402914
-12.955836
-22.453070
-31.548909
-40.372099
-46.604531
-50.468785
-52.003520
-50.740412
-48.318931
-45.263938
-40.769407
-34.468344
-26.511295
-17.515932
-7.897786
1.261745
10.522774
18.918855
27.890716
35.893576
42.309080
47.189849
49.226795
49.764599
49.434900
47.457048
43.161937
36.226170
27.600016
18.764053
10.631425
2.524853
-6.054299
-15.920230
-25.135960
-34.121275
-42.356423
-47.906978
-51.094975
-51.544053
-49.638408
-47.327961
-43.763944
-38.988250
-31.937701
-23.876769
-14.731373
-5.329847
3.912279
12.963499
21.426337
30.524220
38.006987
43.943780
47.882455
49.273287
49.888917
49.008812
46.319962
41.112729
33.489466
24.737801
16.161544
8.073364
-0.037295
-8.957045
-18.827404
-27.829238
-36.798034
-44.181006
-48.891476
-51.461629
-51.045588
-48.829487
-46.113219
-42.311464
-36.766870
-29.362100
-20.905733
-11.670589
-2.539498
6.816387
15.519176
24.242571
32.932929
39.703676
45.387404
48.396587
49.345834
49.742460
48.263414
44.876848
38.917916
30.819518
21.819728
13.543878
5.302940
-2.749818
-12.210437
-21.774599
-30.777625
-39.571013
-46.130759
-50.090722
-51.801716
-50.700733
-48.272439
-45.227494
-40.942430
-34.748146
-26.778664
-18.063443
-8.608443
0.482627
9.982927
18.399784
27.342354
35.525049
41.879416
46.899489
49.026183
49.795083
49.635512
47.744683
43.532167
36.781686
28.127432
19.368785
11.162588
3.004074
-5.396264
-15.138728
-24.346794
-33.369064
-41.751691
-47.349760
-50.769874
-51.597527
-49.972534
-47.563996
-44.201272
-39.287635
-32.435485
-24.550131
-15.266963
-5.927256
3.221886
12.389762
20.771367
29.909611
37.514653
43.693270
47.888756
49.367802
49.985818
49.271243
46.587501
41.646957
34.212726
25.269134
16.629866
8.512395
0.384365
-8.379902
-18.349205
-27.261291
-36.404133
-44.084787
-49.043042
-51.709414
-51.473890
-49.378702
-46.693427
-42.814698
-37.502561
-30.117886
-21.751949
-12.279238
-2.930335
6.429127
15.187263
23.783786
32.474313
39.608138
45.430149
48.616784
49.669913
50.108944
48.685585
45.571668
39.790528
31.856469
22.745473
14.305796
6.115266
-1.826968
-11.117799
-20.836081
-29.843364
-38.867337
-45.624120
-50.030095
-52.120004
-51.287242
-48.841068
-45.843124
-41.582244
-35.554341
-27.749368
-19.104651
-9.607247
-0.483990
8.999280
17.576218
26.526111
34.900393
41.451624
46.766996
49.129214
49.959251
49.876996
47.933715
44.014794
37.638119
29.164212
20.379680
12.144872
3.772804
-4.616976
-14.265605
-23.672240
-32.742875
-41.374649
-47.190871
-50.707885
-51.835435
-50.251143
-47.918388
-44.616801
-40.054662
-33.400229
-25.480475
-16.466549
-6.972211
2.266679
11.537586
20.005533
29.170513
36.893402
42.981420
47.513757
49.365929
50.055981
49.694947
47.265632
42.661428
35.341467
26.430062
17.809527
9.608098
1.440900
-7.225275
-17.236982
-26.328904
-35.460676
-43.449402
-48.531294
-51.535198
-51.813296
-49.763237
-47.285897
-43.535062
-38.288151
-30.977726
-22.740875
-13.379880
-4.088027
5.184753
14.164618
22.667136
31.685659
38.920641
44.748443
48.365934
49.528054
50.083910
49.079997
45.948199
40.490287
32.724312
23.596116
15.134811
7.009166
-0.978027
-10.093961
-19.956146
-28.855971
-38.042920
-44.990097
-49.500465
-51.942212
-51.218442
-48.919746
-46.260527
-42.191063
-36.461353
-28.759752
-20.200014
-10.735137
-1.616989
7.776363
16.518831
25.252444
33.938885
40.684087
46.155623
48.801729
49.711977
50.039291
48.462834
44.796807
38.445847
30.116354
21.188259
12.875114
4.562480
-3.446341
-13.034003
-22.541966
-31.485898
-40.434940
-46.574899
-50.395897
-51.838500
-50.566537
-48.222712
-45.008830
-40.511233
-34.168448
-26.178019
-17.160688
-7.817916
1.404967
10.797977
19.138030
28.167622
35.999843
42.368855
47.200918
49.136536
50.016982
49.583742
47.386544
43.007817
36.019598
27.290923
18.431289
10.355881
2.377714
-6.178958
-15.933854
-25.003978
-34.189565
-42.371069
-47.955513
-51.245860
-51.807335
-49.888236
-47.433036
-43.856246
-38.888965
-32.103913
-23.766756
-14.619316
-5.168744
4.076617
13.228144
21.793842
30.792611
38.181543
44.177941
48.090901
49.421787
50.083058
49.181155
46.398299
41.310957
33.655678
24.686030
16.139405
7.910558
-0.132152
-9.107079
-18.933501
-27.791262
-36.909240
-44.273819
-49.029418
-51.585606
-51.336288
-49.071482
-46.415670
-42.463541
-36.847762
-29.418468
-21.047762
-11.554275
-2.489941
6.938662
15.681982
24.302687
33.176116
40.062666
45.753036
48.753364
49.788611
50.066199
48.673323
45.161418
39.202826
31.015703
21.950177
13.726268
5.515644
-2.599103
-12.130737
-21.800143
-30.914204
-39.634364
-46.245711
-50.358261
-52.092416
-50.913095
-48.616103
-45.527560
-41.222743
-35.085338
-27.176142
-18.321105
-8.802584
0.335830
9.661402
18.275636
27.383566
35.539865
42.081731
47.074897
49.272605
50.065007
50.138235
48.113550
44.017690
37.287985
28.544664
19.690139
11.381933
3.118004
-5.122083
-14.916829
-24.185351
-33.269269
-41.913816
-47.541346
-50.979512
-51.941531
-50.254379
-47.896079
-44.573886
-39.751019
-32.927649
-24.873870
-15.746014
-6.342275
2.968482
12.113537
20.672764
29.875381
37.584986
43.874638
48.249279
49.941880
50.445625
49.781629
47.213691
42.323555
34.982477
26.017087
17.357724
9.007965
0.965766
-7.736853
-17.789091
-26.950155
-36.123140
-44.044086
-49.175024
-51.838160
-51.724740
-49.653905
-47.074216
-43.423687
-38.101673
-30.830077
-22.493090
-13.004031
-3.710304
5.810090
14.736312
23.220437
32.264335
39.379256
45.199905
48.737185
50.037418
50.417525
49.158846
46.078478
40.462528
32.475165
23.510797
14.991079
6.542887
-1.424721
-10.604007
-20.513535
-29.362610
-38.443293
-45.506614
-50.005402
-52.285365
-51.578794
-49.119677
-46.293736
-42.206730
-36.276920
-28.615679
-19.963639
-10.387046
-1.197202
8.333921
17.111642
25.910991
34.536804
41.327477
46.705348
49.420425
50.361156
50.572668
48.870700
45.111520
38.745403
30.139855
21.272387
12.935059
4.699571
-3.642866
-13.428586
-23.081303
-32.045160
-40.773494
-46.964543
-50.889254
-52.292517
-50.953116
-48.505749
-45.244523
-40.736198
-34.376723
-26.359728
-17.474719
-8.050714
1.213721
10.667358
19.220625
28.337240
36.389317
42.755263
47.477654
49.387387
50.240244
49.972534
47.805480
43.332747
36.378418
27.473484
18.723181
10.640621
2.496583
-5.981582
-15.898602
-25.193862
-34.446205
-42.759691
-48.239401
-51.411390
-51.924331
-50.014768
-47.597204
-43.996062
-38.963045
-31.980106
-23.838111
-14.510666
-5.234991
4.070486
13.229677
21.862813
31.003611
38.413320
44.378894
48.300028

