64.797401
73.245764
80.994197
87.177924
91.503688
93.680450
93.846832
92.112848
88.953120
84.109306
77.635390
70.813043
62.537534
53.139925
43.457747
33.136606
22.165094
11.198010
0.582252
-10.076421
-21.489859
-32.888991
-43.567078
-53.108590
-62.079259
-69.937195
-76.779468
-83.068609
-87.276697
-89.735133
-90.728658
-90.041842
-88.178260
-85.049527
-80.797502
-75.558424
-69.009577
-61.995472
-53.801877
-44.633661
-34.549236
-23.348842
-11.545931
0.872271
12.653385
23.298945
33.561843
42.854037
51.578965
59.941666
68.222284
76.547521
83.483287
88.919912
92.371191
93.644517
93.035017
90.551717
86.730037
81.052269
74.353899
67.005839
58.020694
48.460449
38.608483
27.943679
17.101424
6.462336
-3.851141
-14.981542
-26.439599
-37.695510
-47.785384
-56.935549
-65.480641
-72.647333
-79.288142
-84.715911
-88.154929
-90.217420
-90.555804
-89.236157
-86.995534
-83.406653
-78.715427
-72.716134
-65.996477
-58.561053
-49.701418
-40.235179
-29.613972
-18.080814
-5.996398
6.305661
17.600400
28.100184
37.879603
46.858958
55.328437
63.448633
71.780341
79.707078
86.060422
90.613195
92.951230
93.391112
91.893843
88.921785
84.525517
78.302452
71.611575
63.623871
54.210935
44.664826
34.398351
23.604802
12.655599
2.179146
-8.170094
-19.489016
-31.064408
-42.023829
-51.529067
-60.637338
-68.713427
-75.694833
-82.033873
-86.596523
-89.348725
-90.723719
-90.155942
-88.406801
-85.528578
-81.562655
-76.334817
-69.808279
-62.816484
-54.829121
-45.789140
-36.037820
-25.127104
-13.466733
-1.167570
10.817732
21.643979
31.815597
41.186299
49.995014
58.314630
66.455773
74.879101
82.249812
88.027375
91.825553
93.446118
93.124083
91.005223
87.438481
82.108634
75.477021
68.420512
59.647901
50.152881
40.458781
29.938902
19.209726
8.435249
-1.944814
-12.773275
-24.062395
-35.391876
-45.739072
-54.872036
-63.521181
-71.096420
-77.875001
-83.586999
-87.256602
-89.393514
-90.134825
-89.120013
-87.026698
-83.575249
-79.357454
-73.720217
-66.982167
-59.727771
-51.205329
-41.988407
-31.762634
-20.451546
-8.607422
3.643547
15.188626
25.720085
35.648516
44.667210
53.263732
61.491387
69.699117
77.769586
84.319966
89.270558
92.125109
93.031270
91.877324
89.106560
85.061278
79.138449
72.476183
64.982346
55.857045
46.426398
36.378247
25.664057
14.883450
4.306861
-6.074394
-17.116751
-28.518438
-39.473261
-49.269540
-58.390243
-66.541774
-73.627404
-80.147130
-85.287435
-88.193417
-89.840037
-89.881931
-88.457039
-85.928099
-82.003900
-77.176946
-71.115664
-64.310517
-56.615727
-47.717605
-38.090433
-27.452707
-16.036204
-3.921475
8.209603
18.964836
29.351882
38.949592
47.741617
56.207521
64.225537
72.574445
80.192089
86.145742
90.258803
92.320272
92.622212
90.922458
87.669407
83.037785
76.811995
70.053680
61.814274
52.535704
42.903423
32.567297
21.702903
10.858774
0.619548
-9.879555
-21.170378
-32.448598
-43.003389
-52.321127
-61.080285
-68.945885
-75.710842
-81.851312
-86.172989
-88.669402
-89.729343
-88.985477
-87.199892
-84.430490
-80.368178
-75.239965
-68.715300
-61.822108
-53.676367
-44.576781
-34.565074
-23.579597
-12.098891
0.177111
11.830500
22.446258
32.449790
41.712012
50.414290
58.716025
66.731487
74.912991
81.982613
87.362187
90.828964
92.146397
91.796092
89.503016
85.954666
80.624649
74.191775
67.128454
58.318887
48.802410
39.213044
28.830596
18.044029
7.436275
-2.704688
-13.375112
-24.568864
-35.705737
-45.701947
-54.736989
-63.253641
-70.623670
-77.279806
-82.956723
-86.574554
-88.665996
-89.111158
-87.880918
-85.707392
-82.420622
-78.133174
-72.465794
-65.845251
-58.596815
-50.246716
-40.981429
-30.765193
-19.572633
-7.733958
4.372086
15.590021
25.831461
35.479069
44.151715
52.664961
60.747692
68.836212
76.781682
83.381789
88.213852
90.879883
91.585432
90.609448
87.947675
83.962679
78.193971
71.598802
64.181089
55.125271
45.789991
35.888638
25.324481
14.608247
4.139628
-5.964722
-16.739028
-27.831793
-38.690397
-48.380409
-57.267972
-65.451009
-72.513819
-78.907524
-83.856583
-86.853334
-88.353157
-88.286230
-86.756263
-84.323542
-80.532176
-75.963225
-70.103918
-63.386645
-56.065662
-47.396932
-38.072382
-27.489832
-16.187770
-4.382474
7.533857
18.215690
28.273378
37.647145
46.279941
54.684196
62.706470
70.950815
78.417574
84.336485
88.603667
90.829985
91.037580
89.401177
86.391483
81.930161
75.748478
69.214446
61.419521
52.135331
42.832238
32.751390
22.151811
11.570454
1.580545
-8.560760
-19.518307
-30.562707
-40.964910
-50.396238
-59.330634
-67.022017
-73.645285
-79.774857
-84.205355
-86.776529
-87.864910
-87.257453
-85.486855
-83.160741
-79.280138
-74.282374
-68.068845
-61.299120
-53.501810
-44.677087
-35.312346
-24.502788
-13.314315
-1.305853
10.233436
20.705802
30.692475
39.810453
48.195464
56.238856
64.008066
72.030681
79.200097
84.780114
88.330507
89.947326
89.917524
87.991612
84.792546
79.951627
73.775053
67.187207
58.968578
49.704654
40.383339
30.139685
19.563777
9.080172
-0.818627
-10.954142
-21.979809
-33.012969
-43.114424
-52.083050
-60.618605
-68.169151
-74.714252
-80.570834
-84.462336
-86.629220
-87.366274
-86.487872
-84.640469
-81.770079
-77.721391
-72.584323
-66.140550
-59.345279
-51.430464
-42.452472
-32.649381
-21.863835
-10.530438
1.414844
12.556314
22.753988
32.389845
41.185277
49.651350
57.686056
65.661328
73.661293
80.434935
85.673673
88.690179
89.728662
89.260851
87.075233
83.628552
78.424045
72.224651
65.383400
56.862831
47.606911
38.123131
27.813741
17.221825
6.853342
-3.028427
-13.289962
-23.986782
-34.814392
-44.693947
-53.559712
-61.978953
-69.247484
-75.861897
-81.234319
-84.649835
-86.548158
-87.037257
-85.903406
-84.013598
-80.932038
-76.844181
-71.387461
-64.969744
-57.882581
-49.566541
-40.637255
-30.618906
-19.642796
-8.220673
3.637075
14.501469
24.520329
34.054177
42.729037
51.177740
59.111970
67.081792
74.824265
81.285409
86.113214
88.875805
89.736666
88.900839
86.454494
82.648141
77.084814
70.683445
63.594069
54.815837
45.693432
36.056553
25.768110
15.367099
5.263090
-4.612548
-15.130213
-26.056085
-36.849805
-46.472379
-55.336441
-63.488654
-70.400408
-76.817444
-82.056182
-85.131781
-86.845500
-87.025676
-85.728168
-83.413635
-79.866818
-75.480257
-69.808449
-63.384260
-56.268147
-47.868490
-38.647992
-28.448786
-17.421927
-5.787100
6.011895
16.490902
26.432446
35.735539
44.236013
52.500793
60.550315
68.761962
76.519932
82.593816
87.013245
89.333568
89.791162
88.539975
85.721186
81.700768
76.021978
69.668804
62.076024
53.114210
43.784891
33.849989
23.249558
12.822832
2.838033
-7.080180
-17.725740
-28.662171
-39.215088
-48.574550
-57.403360
-65.352065
-72.151593
-78.328507
-83.034890
-85.744177
-87.102652
-86.742980
-85.313490
-82.892861
-79.271623
-74.612413
-68.663529
-62.145335
-54.682834
-46.003546
-36.789690
-26.262658
-15.188796
-3.360510
8.352143
18.777677
28.702021
37.910938
46.447856
54.697820
62.552691
70.790052
78.318971
84.135362
88.106905
89.927060
90.110132
88.343791
85.315023
80.851827
74.904306
68.418980
60.343231
51.199198
41.919095
31.834330
21.241222
10.765621
0.874996
-9.191036
-20.065308
-31.109027
-41.411434
-50.540141
-59.344598
-67.092180
-73.725496
-79.858133
-84.056003
-86.544922
-87.714195
-87.082045
-85.338354
-82.728863
-78.858648
-73.789188
-67.431586
-60.751949
-53.036724
-44.296469
-34.605265
-23.891756
-12.519530
-0.510897
10.911056
21.228279
30.936684
39.796659
48.307521
56.417159
64.332485
72.461707
79.628740
85.289989
88.777372
90.252502
90.049335
88.108267
84.821156
79.811301
73.659761
66.954579
58.564629
49.361161
39.945330
29.669659
19.011668
8.519547
-1.527922
-11.767319
-22.653852
-33.685480
-43.691737
-52.664791
-61.297246
-68.767241
-75.431722
-81.119537
-84.919419
-87.044920
-87.811606
-86.821318
-84.930658
-81.764630
-77.652080
-72.404146
-66.007376
-59.149095
-51.112345
-42.148318
-32.314403
-21.297421
-9.847709
2.172164
13.427734
23.541791
33.207451
42.014292
50.518342
58.678729
66.817999
74.920314
81.780127
86.997237
89.939151
90.945959
90.209586
87.769032
84.110498
78.602859
72.218180
65.330608
56.522744
47.225782
37.461860
26.982001
16.404561
6.114585
-3.892694
-14.391456
-25.397709
-36.302464
-46.071325
-55.199010
-63.461406
-70.644106
-77.250344
-82.648993
-85.895061
-87.791341
-88.126319
-86.878027
-84.736858
-81.381798
-77.070679
-71.405513
-64.960548
-57.661704
-49.114057
-39.985861
-29.659952
-18.604142
-6.824562
5.147627
16.058683
26.390723
35.888638
44.574738
52.964687
60.905388
69.197757
77.113083
83.451782
87.967260
90.561424
91.176544
89.915139
87.150165
82.970176
77.167579
70.852552
63.327381
54.369484
45.135873
35.200119
24.624552
13.991083
3.714221
-6.421464
-17.446790
-28.652293
-39.419958
-48.836470
-57.729483
-66.020318
-72.889839
-79.347576
-84.230559
-87.062291
-88.460105
-88.199377
-86.753368
-84.416526
-80.628565
-75.856618
-69.788183
-63.122852
-55.553913
-46.757119
-37.295137
-26.713439
-15.400308
-3.472737
8.375645
18.992935
29.069356
38.470370
47.221354
55.470467
63.518967
71.905000
79.495055
85.445302
89.425530
91.317892
91.486488
89.939492
86.844308
82.196508
76.057570
69.396155
61.132908
51.752159
42.372942
32.131161
21.290779
10.654245
0.646285
-9.727137
-20.923615
-32.134567
-42.564358
-51.886014
-60.760294
-68.552494
-75.379780
-81.352677
-85.429123
-88.031292
-89.174168
-88.473729
-86.678096
-83.930833
-80.022301
-74.759041
-68.229096
-61.415264
-53.439140
-44.466938
-34.559114
-23.536171
-11.864219
0.377723
12.054273
22.621325
32.501561
41.544097
50.426722
58.631897
66.828557
75.005293
82.133327
87.680306
90.917179
92.266968
91.777699
89.666162
86.161920
80.818789
74.508360
67.592348
58.856862
49.359628
39.563860
28.915576
18.153020
7.535730
-2.603871
-13.366427
-24.708169
-35.895961
-46.089036
-55.256401
-64.006192
-71.416242
-78.130790
-83.646434
-87.065526
-89.186941
-89.772769
-88.624273
-86.519718
-83.185264
-78.806366
-73.093857
-66.481829
-59.207508
-50.657306
-41.325433
-30.919995
-19.596815
-7.813488
4.414320
15.706164
26.170697
36.015851
44.891323
53.507601
61.655385
70.126738
78.060457
84.631102
89.583397
92.282976
92.979329
91.764246
89.070456
84.930147
78.972408
72.422198
64.804895
55.545568
46.000992
35.724299
24.926662
14.034850
3.718308
-6.782668
-17.936741
-29.301132
-40.224791
-49.885001
-59.029545
-67.224332
-74.284588
-80.771617
-85.731915
-88.503701
-90.053422
-89.652368
-88.292360
-85.772106
-82.032851
-77.105250
-70.973635
-64.255169
-56.302207
-47.386033
-37.720714
-26.887655
-15.370846
-3.106424
8.970840
19.846473
30.359541
39.919955
48.750128
57.202578
65.279688
73.744570
81.359829
87.258816
91.213669
92.984949
92.904227
90.919222
87.641818
82.620212
76.334306
69.601195
61.165094
51.764590
42.190552
31.693152
20.650796
9.820291
-0.587191
-11.174849
-22.553716
-33.878258
-44.254405
-53.577423
-62.561546
-70.350000
-77.265671
-83.340236
-87.486846
-89.855194

