66.244943
57.461432
47.795262
38.400718
29.481309
19.427708
8.154256
-3.885882
-16.018152
-27.816125
-39.324760
-49.555642
-58.889559
-67.044497
-73.537486
-78.372444
-82.003219
-84.934064
-87.031637
-88.541678
-89.907135
-89.144196
-85.498605
-80.516168
-75.188364
-67.408255
-57.448149
-47.339882
-36.773852
-26.468039
-16.432149
-5.577121
6.211485
18.615893
30.585527
41.552782
51.973207
61.193023
69.316115
75.524194
79.688515
82.876342
85.279771
87.608440
89.104346
89.228494
88.067225
84.322350
78.547001
71.413176
63.180072
54.058007
44.158527
35.001040
25.828736
15.271561
3.607443
-8.839880
-20.927361
-32.720055
-43.886900
-53.765433
-62.761988
-70.276942
-76.048034
-80.418246
-83.586148
-86.078133
-87.615252
-89.300701
-89.965207
-87.967089
-83.442756
-78.329870
-72.192975
-63.121830
-52.970818
-42.644909
-32.135759
-22.207499
-11.954818
-0.619548
11.345829
23.653848
35.271815
46.085630
55.943898
64.746823
72.318316
77.540704
81.225974
84.027393
86.282662
88.371549
89.252506
88.862351
86.542198
81.742661
75.266191
67.449978
58.797257
49.356052
39.754084
30.712400
20.910161
9.906462
-2.197538
-14.552219
-26.388509
-37.991149
-48.418215
-57.832173
-66.335712
-72.992529
-78.109673
-81.783703
-84.766660
-86.808545
-88.068758
-89.547975
-89.335612
-86.084264
-80.935955
-75.737749
-68.499361
-58.720793
-48.542363
-37.982634
-27.591331
-17.646040
-6.862027
4.796641
17.072133
29.044151
40.357113
50.934723
60.333184
68.667276
75.248139
79.508679
82.650696
85.076434
87.277208
88.911908
89.224066
88.167020
84.726981
79.105752
71.986062
63.755512
54.724387
45.017515
35.835505
26.719230
16.286033
4.750320
-7.396426
-19.548791
-31.334502
-42.601313
-52.507605
-61.663900
-69.460188
-75.448751
-79.981089
-83.159038
-85.747072
-87.405613
-88.805131
-89.610815
-88.086980
-83.854539
-78.635897
-72.886263
-64.440795
-54.341895
-43.969325
-33.270632
-23.093734
-13.058356
-2.051081
9.742294
22.075006
33.563205
44.408696
54.587637
63.557795
71.344546
76.832431
80.501522
83.322866
85.457904
87.470157
88.616950
88.489226
86.671284
82.222394
76.030493
68.534102
59.935706
50.474235
40.615116
31.604937
22.093058
11.329991
-0.499146
-12.775319
-24.568524
-36.070517
-46.705859
-56.158815
-64.725024
-71.567808
-76.939889
-80.815554
-83.602156
-85.751670
-87.076426
-88.415657
-88.523626
-85.800886
-80.915860
-75.867857
-69.197246
-59.738329
-49.553428
-39.243017
-28.666258
-18.759114
-8.512906
2.784899
14.749254
26.879651
38.112402
48.601457
58.103970
66.546883
73.509727
78.195504
81.368344
83.706549
85.764953
87.555647
87.839195
87.178094
84.409033
79.194818
72.452681
64.378807
55.644001
46.082394
36.572559
27.537176
17.653533
6.708929
-5.175727
-17.282452
-28.850351
-39.997101
-49.955845
-59.121847
-67.073788
-73.411635
-78.142711
-81.600121
-84.284885
-85.870368
-87.087495
-88.301386
-87.507282
-83.796978
-78.600986
-73.164701
-65.593719
-55.604322
-45.422486
-34.995760
-24.802855
-14.945950
-4.226651
7.273810
19.164596
30.798742
41.515827
51.737172
60.725382
68.742548
74.859517
78.949077
81.851142
83.790336
85.876840
87.236677
87.317228
85.983617
82.368851
76.638971
69.475685
61.129672
52.255903
42.689017
33.524377
24.443354
14.071975
2.797672
-9.177072
-20.953928
-32.406705
-43.115105
-52.644355
-61.530897
-69.075653
-74.605261
-78.741482
-81.819126
-84.218298
-85.591248
-86.874110
-87.565865
-85.886206
-81.433398
-76.282024
-70.506505
-62.018122
-52.064998
-41.978870
-31.591654
-21.730661
-11.872053
-0.924042
10.746207
22.649595
33.873660
44.446673
54.233926
62.920536
70.328372
75.678485
79.202993
81.819807
83.964893
85.895061
86.872407
86.549691
84.554638
79.921825
73.805877
66.369431
58.028357
48.854692
39.351668
30.535970
21.192176
10.562454
-0.896113
-12.829133
-24.297067
-35.445690
-45.789651
-54.959229
-63.342197
-70.131336
-75.359515
-79.113415
-81.897123
-84.104368
-85.373095
-86.640971
-86.710283
-84.138598
-79.378741
-74.294465
-67.965644
-58.844430
-48.801899
-38.604566
-28.307097
-18.497365
-8.460794
2.530813
14.172622
26.103939
37.044968
47.187805
56.563956
64.713274
71.639674
76.184102
79.439027
81.816401
83.745207
85.621221
86.175885
85.635696
83.009515
77.889136
71.403980
63.687393
55.292845
45.909200
36.579030
27.968032
18.489531
7.637399
-4.054138
-15.944924
-27.295010
-38.298539
-48.167365
-57.084220
-65.128974
-71.364982
-76.208626
-79.690899
-82.309246
-84.011384
-85.225446
-86.441210
-85.838863
-82.434416
-77.621937
-72.773865
-65.646512
-55.989879
-46.082905
-35.869564
-25.798253
-16.091721
-5.718470
5.556515
16.914776
28.467349
39.142370
49.191373
58.303901
66.363130
72.715793
76.694148
79.786096
81.850290
83.956548
85.493326
85.804803
85.032157
81.880263
76.437167
69.630998
61.568533
52.896057
43.484654
34.426791
25.526966
15.694414
4.834958
-6.956203
-18.604142
-29.753276
-40.410587
-49.939666
-58.765241
-66.399234
-72.172540
-76.630116
-79.755272
-82.246406
-83.760875
-84.920440
-86.063998
-85.025004
-81.114769
-76.048374
-70.757185
-63.067845
-53.267479
-43.399675
-33.161640
-23.278168
-13.606548
-3.100123
8.156129
19.829103
31.138318
41.519574
51.417010
60.120651
67.695209
73.509727
77.283723
79.951457
81.923519
84.036418
85.284880
85.296631
83.885023
80.021790
74.310984
67.166601
59.132917
50.367968
41.014467
32.273872
23.312228
13.118982
2.014126
-9.744167
-21.179233
-32.277618
-42.694466
-51.945278
-60.490370
-67.741701
-73.153973
-77.227524
-80.237900
-82.643884
-84.078823
-85.315023
-85.773468
-83.947182
-79.587357
-74.543442
-68.956103
-60.654197
-50.992114
-40.976490
-30.705759
-20.948478
-11.257785
-0.557218
10.754381
22.333009
33.184120
43.439014
53.024292
61.622007
69.069181
74.247633
77.711173
80.271619
82.180670
84.159204
85.119179
84.927252
83.199229
78.877040
72.959151
65.631356
57.359423
48.208066
38.748980
30.123166
21.166972
10.902200
-0.304835
-12.007441
-23.390395
-34.478903
-44.780970
-53.807327
-62.088115
-68.748168
-73.863608
-77.557223
-80.337354
-82.476820
-83.769049
-85.110664
-85.365943
-83.015987
-78.347070
-73.503767
-67.410810
-58.433158
-48.678262
-38.849286
-28.744084
-19.149780
-9.319271
1.538140
13.094289
24.854967
35.615649
45.684065
54.932662
63.140903
70.086377
74.919122
78.152759
80.506631
82.483462
84.333590
84.856408
84.374462
82.083600
77.287640
70.947068
63.438926
55.196285
46.146597
36.887441
28.378282
19.066845
8.492129
-2.855062
-14.613015
-25.771005
-36.465951
-46.331372
-55.336101
-63.362122
-69.785799
-74.713741
-78.279121
-80.868346
-82.687140
-83.929300
-85.258654
-84.999629
-82.001686
-77.133179
-72.249004
-65.605300
-56.257759
-46.424866
-36.447900
-26.417119
-16.899449
-6.748778
4.142523
15.634469
27.073622
37.697383
47.660725
56.617260
64.578908
71.113280
75.218507
78.252724
80.374479
82.472563
84.269728
84.657328
83.937304
81.106595
75.953347
69.339446
61.524425
53.218433
44.172321
35.195180
26.598828
16.928060
6.255082
-5.423171
-17.018659
-28.090818
-38.735015
-48.276186
-57.093927
-64.784970
-70.723976
-75.230598
-78.559433
-81.136567
-82.725116
-83.939348
-85.090058
-84.341424
-80.733129
-75.790712
-70.888485
-63.666276
-54.130724
-44.465916
-34.336363
-24.480479
-15.048300
-4.768542
6.369012
17.829112
29.077360
39.617334
49.586466
58.372532
66.093717
72.043623
76.034580
78.846046
81.002712
83.175216
84.655455
84.877525
83.759172
80.224276
74.724640
67.836217
59.834208
51.244497
41.997092
33.340114
24.693864
14.840024
3.982782
-7.661240
-19.198145
-30.264854
-40.734495
-50.062452
-58.670214
-65.978084
-71.600846
-75.879948
-79.073054
-81.625666
-83.299535
-84.570817
-85.392850
-84.071159
-79.971892
-75.006655
-69.722789
-61.795371
-52.229166
-42.389631
-32.298054
-22.546904
-13.006074
-2.474615
8.771590
20.530394
31.592505
41.875669
51.573174
60.126271
67.556926
73.046173
76.570000
79.308237
81.377711
83.495038
84.805148
84.749631
83.278758
79.305002
73.451144
66.321918
58.235952
49.412251
40.185792
31.756674
22.875581
12.643508
1.507316
-10.317905
-21.749394
-32.819339
-43.168068
-52.235637
-60.767106
-67.696060
-73.109525
-77.091966
-79.958609
-82.217966
-83.653757
-85.037095
-85.511718
-83.374296
-78.859670
-74.160951
-68.233865
-59.553044
-49.891131
-40.104049
-29.959849
-20.434686
-10.735478
0.005279
11.465720
23.171050
34.091132
44.300386
53.603479
62.063081
69.275584
74.152436
77.549219
80.071858
82.323551
84.339380
85.194962
85.148471
83.051239
78.404290
72.224821
64.668485
56.425163
47.383479
38.196189
29.617718
20.534822
10.086298
-1.425062
-13.256584
-24.569035
-35.554341
-45.590912
-54.649115
-62.792642
-69.288526
-74.293784
-77.936649
-80.773830
-82.911083
-84.316901
-85.909707
-85.915838
-83.071334
-78.258685
-73.399033
-66.966500
-57.651145
-47.981909
-38.069827
-28.027807
-18.430608
-8.267335
2.811636
14.409338
26.080779
36.881311
47.118153
56.361130
64.533268
71.240493
75.682572
78.837701
81.239598
83.457232
85.321835
85.852827
85.252523
82.547324
77.490636
70.875372
63.068696
54.603134
45.334101
36.323241
27.626583
17.860787
7.083246
-4.479374
-16.284670
-27.592693
-38.489274
-48.329490
-57.411364
-65.389531
-71.377073
-75.976167
-79.479047
-82.262073
-84.011555
-85.486855
-86.850950
-86.038964
-82.321337
-77.438695
-72.362764
-64.743587
-55.113350
-45.191050
-34.954548
-25.169168
-15.593427
-5.068779
6.349768
18.127305
29.593876
40.343319
50.484453
59.364523
67.165409
73.102713
77.074936
80.066408
82.527399
84.853172
86.438996
86.724418
85.467781
81.665856
76.109512
68.959509
60.843910
51.913432
42.536940
33.860036
24.817330
14.564821
3.245728
-8.682353
-20.417316
-31.825645
-42.436974
-51.783153
-60.461930
-67.910126
-73.593685
-77.912467
-81.069469
-83.653757
-85.171631
-86.685419
-87.489741
-85.637740
-81.383330
-76.506989
-70.870093
-62.269483
-52.372898
-42.311294
-31.886101
-22.121838
-12.314320
-1.322542
10.370697
22.358213
33.575978
44.138602
53.947312
62.656232
70.110730
75.337546
78.947544
81.690720
83.870036
86.036410
87.122917
87.012734
85.089036
80.456734
74.256829
66.727059
58.430263
49.070290
39.675065
31.066111
21.733556
11.081866
-0.571183
-12.611832
-24.191652
-35.503081
-45.879568
-55.167845
-63.567332
-70.352214
-75.689554
-79.540695
-82.537958
-84.586143
-86.221184
-87.762220
-87.782145
-84.892000
-80.049549
-75.119393
-68.304028
-58.904375
-48.922471
-38.790703
-28.478759
-18.784830
-8.256946
2.869878
14.757769
26.580776
37.694659
48.003878
57.311228
65.780708
72.509561
76.989106
80.228363
82.671813
85.074050
86.985656
87.461131
86.943933
84.051745
78.757661
72.032213
64.064094
55.493627
46.054976
36.863940
27.968884
17.980507
6.862538
-5.177600
-17.183849
-28.837749
-39.930855
-49.797978
-58.935540
-66.798585
-72.884389
-77.558926
-81.110171
-83.840745
-85.657665
-87.066208
-88.321992
-87.325403
-83.379064
-78.413657
-73.167426
-65.321411
-55.479833
-45.446839
-35.195351
-25.154863

