-90.689148
-89.706864
-87.738207
-84.740775
-80.465760
-75.037650
-68.356310
-61.295373
-52.952256
-43.609823
-33.365658
-22.161858
-10.355881
2.035924
13.790471
24.326359
34.265348
43.552433
52.356550
60.600553
68.802834
77.040195
83.984988
89.201246
92.299325
93.411548
92.715876
90.198687
86.278234
80.587523
73.920659
66.635098
57.581833
48.002345
38.161278
27.485234
16.442708
5.624465
-4.831382
-15.853814
-27.207306
-38.378920
-48.400675
-57.367257
-65.818684
-73.115826
-79.800912
-85.161924
-88.408845
-90.225935
-90.381588
-88.891983
-86.459432
-82.686629
-78.105245
-72.148698
-65.439088
-57.972670
-49.290487
-39.825610
-29.109035
-17.608915
-5.615609
6.672485
17.880712
28.269802
37.980591
46.929802
55.606025
63.785485
72.088923
79.945837
86.196661
90.749604
92.944929
93.348878
91.736657
88.617291
84.111861
77.744041
71.044479
63.087770
53.679943
43.959958
33.685820
22.903681
12.074028
1.623290
-8.985996
-20.101922
-31.395810
-42.200259
-51.736661
-60.626268
-68.438223
-75.307233
-81.765311
-86.405958
-89.022773
-90.314661
-89.807851
-88.121550
-85.137401
-81.005437
-75.914689
-69.611583
-62.663385
-54.618120
-45.536246
-35.662140
-24.667638
-13.054609
-0.727858
11.113371
21.908283
32.181229
41.450943
50.141130
58.285679
66.320556
74.645111
81.993341
87.627172
91.208730
92.648438
92.277357
90.097700
86.607763
81.454515
74.999162
67.985228
59.468235
49.883638
40.216787
29.692820
18.824169
8.089031
-2.117327
-12.711287
-24.020331
-35.229751
-45.463698
-54.559367
-63.314949
-70.770127
-77.602012
-83.404439
-87.199892
-89.214018
-89.750120
-88.582550
-86.501837
-83.365440
-78.950269
-73.351179
-66.641058
-59.494632
-51.065002
-41.767188
-31.728404
-20.639896
-8.948701
3.260885
14.641626
25.024925
34.857307
43.820994
52.361999
60.432468
68.514177
76.634203
83.406142
88.304962
91.130393
91.976949
91.140611
88.512727
84.576607
78.818457
72.091307
64.798594
55.697645
46.207053
36.381142
25.741713
14.948164
4.403080
-5.680323
-16.347170
-27.524403
-38.415194
-48.085792
-56.937763
-65.251248
-72.371619
-78.733308
-83.886044
-87.003708
-88.671105
-88.800022
-87.272951
-84.927763
-81.297670
-76.635395
-70.625714
-63.907589
-56.538582
-47.946657
-38.620915
-28.147868
-17.000096
-5.124126
6.945814
17.838308
27.900083
37.309953
46.063321
54.636853
62.586750
70.638657
78.290531
84.412609
88.860989
90.978146
91.279064
89.841230
86.946658
82.412788
76.279810
69.732325
61.907428
52.627666
43.149335
33.237764
22.570235
11.981215
1.829863
-8.189167
-18.958364
-29.937880
-40.624482
-50.069264
-58.912890
-66.780193
-73.574781
-79.764128
-84.217616
-86.831025
-88.174003
-87.766818
-85.995368
-83.295618
-79.402413
-74.580567
-68.382195
-61.657599
-53.889751
-45.131104
-35.672018
-24.990865
-13.789279
-2.028942
9.586300
20.154204
30.058282
39.192608
47.773293
55.956670
63.733884
71.778127
78.978879
84.743329
88.584423
90.403046
90.360812
88.531971
85.377693
80.537115
74.271645
67.511286
59.565987
50.272431
40.777581
30.515194
19.976241
9.533848
-0.502041
-10.793209
-21.625246
-32.675947
-42.837688
-51.868813
-60.486112
-67.881516
-74.442114
-80.371244
-84.469829
-86.713518
-87.539128
-86.794410
-84.901026
-81.893717
-77.863421
-72.796515
-66.614321
-59.788227
-51.888909
-43.020248
-33.343690
-22.569895
-11.236838
0.739268
12.069089
22.250414
32.111917
40.960312
49.360480
57.439123
65.372501
73.628426
80.596209
85.845334
88.916506
90.158497
89.560917
87.297814
83.831208
78.705890
72.474480
65.683808
57.145868
48.001664
38.527421
28.135777
17.540966
7.239921
-2.653088
-12.929269
-23.865529
-34.707274
-44.488566
-53.460598
-61.871495
-69.186858
-75.693812
-81.342118
-84.839719
-86.884499
-87.326595
-86.223057
-84.363903
-81.249646
-77.016524
-71.608850
-65.127781
-58.244126
-50.023964
-40.953330
-31.020641
-20.095621
-8.595160
3.385374
14.391456
24.377619
33.777782
42.557035
51.003354
58.811392
66.752434
74.763979
81.433058
86.327110
89.062793
90.027707
89.286055
86.734465
83.076784
77.617339
71.275405
64.135279
55.369479
46.108450
36.486898
26.209525
15.486138
5.131960
-4.721539
-15.173810
-26.188067
-36.981106
-46.462502
-55.450371
-63.563585
-70.564066
-76.946020
-82.042728
-85.249969
-87.101119
-87.314333
-85.904087
-83.602326
-80.166544
-75.793266
-70.104258
-63.675983
-56.590353
-48.287937
-39.212363
-28.859377
-17.799650
-6.140981
5.805833
16.630547
26.580266
35.867350
44.417381
52.733081
60.782092
68.904161
76.805183
83.013603
87.383475
89.690174
90.070452
88.774988
86.058549
81.902742
76.171671
70.059470
62.837601
53.626469
44.218642
34.222433
23.809842
13.610806
3.415346
-6.692580
-17.464502
-28.246471
-38.864272
-48.292705
-57.148593
-65.071583
-72.065251
-78.418936
-83.168234
-85.942064
-87.511369
-87.308202
-85.772957
-83.412783
-79.756635
-75.225489
-69.242886
-62.679393
-55.107559
-46.472549
-37.101507
-26.572772
-15.283653
-3.465925
8.172308
18.869638
28.925453
38.049902
46.557018
54.811410
62.822274
71.122987
78.557049
84.450415
88.515622
90.365410
90.479510
88.709933
85.781472
81.331219
75.280837
68.751914
60.835566
51.752669
42.421988
32.150745
21.648066
11.168718
1.166718
-9.009668
-20.024776
-31.073945
-41.469506
-50.769193
-59.666804
-67.367724
-74.144432
-80.297334
-84.499802
-86.795773
-87.946994
-87.287767
-85.750478
-83.059413
-79.167400
-74.094534
-67.782743
-61.233725
-53.200211
-44.363567
-34.820863
-24.073294
-12.712479
-0.613247
10.846683
21.227939
31.155178
40.160758
48.713173
56.864875
64.990691
73.303325
80.645084
86.089713
89.541674
91.088840
90.747901
88.641473
85.285051
80.215250
74.021135
67.191124
58.637006
49.464021
40.060282
29.667616
19.002301
8.575235
-1.440559
-11.823859
-22.975206
-34.087726
-44.173173
-53.274121
-61.984232
-69.468021
-76.079198
-81.642696
-85.448197
-87.678943
-88.290317
-87.371724
-85.487195
-82.509518
-78.368698
-72.894948
-66.460201
-59.571777
-51.389422
-42.298692
-32.148361
-21.146536
-9.487356
2.683061
13.909681
24.145842
33.840963
42.780127
51.405770
59.474196
67.585026
75.720719
82.478864
87.523801
90.423312
91.316700
90.414115
87.949038
84.211826
78.648499
72.388990
65.287863
56.433337
47.113385
37.406172
26.891572
16.165461
5.621059
-4.360335
-15.034846
-26.162352
-37.063701
-46.895742
-55.997201
-64.457996
-71.719374
-78.336511
-83.491632
-86.622579
-88.349921
-88.609798
-87.242808
-85.029602
-81.600973
-77.159745
-71.379457
-64.799615
-57.386671
-48.696143
-39.324931
-28.858185
-17.716033
-6.035907
5.917379
16.801187
26.972464
36.489793
45.263938
53.698846
61.827047
70.122651
77.896118
84.267344
88.852814
91.202770
91.729505
90.265955
87.410722
83.219324
77.175583
70.659944
62.941653
53.738356
44.188670
34.048898
23.472650
12.829815
2.543756
-7.568087
-18.487998
-29.754979
-40.450096
-49.864905
-58.771372
-66.779682
-73.775053
-80.169610
-84.725789
-87.370702
-88.640792
-88.304622
-86.716413
-84.123271
-80.360004
-75.563022
-69.430045
-62.665769
-54.912056
-46.096189
-36.520617
-25.759084
-14.405761
-2.354213
9.450912
20.093407
30.202184
39.493016
48.161575
56.427888
64.641067
73.098966
80.564363
86.259501
90.154580
91.841391
91.536726
89.567219
86.354358
81.580196
75.306041
68.439756
60.285160
50.989049
41.516849
31.065771
20.375933
9.763922
-0.354733
-10.763066
-21.854298
-32.973800
-43.225629
-52.549328
-61.369453
-69.048575
-76.023000
-81.942763
-85.913113
-88.100774
-88.898454
-88.078294
-86.284195
-83.411421
-79.285247
-73.860373
-67.475523
-60.572454
-52.308866
-43.261732
-33.399037
-22.334542
-10.627849
1.470361
12.910877
23.265396
33.142226
42.139121
50.863538
59.003319
67.121642
75.369733
82.348415
87.567398
90.787070
91.944081
91.303417
88.840553
85.310255
79.975980
73.552472
66.523382
57.785852
48.380239
38.633176
28.028829
17.085757
6.537948
-3.545284
-14.180626
-25.437559
-36.425250
-46.297993
-55.466550
-64.101049
-71.333306
-77.856609
-83.366462
-86.655957
-88.642154
-89.002337
-87.735994
-85.723400
-82.237039
-77.810628
-72.253772
-65.512998
-58.279889
-49.801213
-40.538822
-30.193669
-19.037724
-7.331371
4.963194
15.978132
26.276452
35.938365
44.894729
53.410700
61.441319
69.685663
77.560629
83.986010
88.787760
91.334922
91.986826
90.758971
88.006939
83.741971
77.727011
71.319853
63.758237
54.652180
45.175723
35.177980
24.557795
13.863870
3.444978
-6.717954
-17.804589
-28.990337
-39.792401
-49.326079
-58.209385
-66.267763
-73.332105
-79.783031
-84.645237
-87.522779
-89.111669
-88.903393
-87.372746
-84.715911
-81.015485
-76.338734
-70.243733
-63.444035
-55.682829
-46.884162
-37.283557
-26.472296
-15.059710
-3.076281
8.854355
19.711256
29.776437
39.037977
47.723225
56.122371
63.957146
72.317634
80.033881
86.088521
90.113367
91.999769
92.034170
90.214355
87.100949
82.260881
75.996092
69.336551
61.225380
51.819086
42.151894
31.873839
21.086250
10.445288
0.192438
-10.324206
-21.598339
-32.791580
-43.163129
-52.679096
-61.482191
-69.213765
-76.044798
-82.224267
-86.316551
-88.540145
-89.459930
-88.793550
-86.935759
-83.992652
-79.866648
-74.599300
-68.106481
-61.193194
-52.997044
-43.983970
-34.055880
-22.922414
-11.302573
1.014471
12.479339
22.969757
33.062867
42.133842
50.724915
59.093407
67.313910
75.594527
82.540853
87.930305
91.336795
92.604501
92.074360
89.710781
86.202962
80.681188
74.031694
66.759246
57.748726
48.405273
38.603374
28.080429
17.308848
6.827627
-3.363916
-14.087813
-25.540761
-36.872625
-46.745028
-55.843592
-64.457485
-71.863958
-78.512260
-83.829505
-87.223564
-89.218957
-89.546783
-88.264431
-86.351633
-82.984652
-78.393051
-72.624172
-65.954072
-58.682305
-50.040313
-40.724618
-30.262130
-18.865381
-6.814854
5.454676
16.567707
26.927676
36.592654
45.684746
54.376466
62.466008
70.813213
78.864438
85.247074
89.820623
92.275483
92.851094
91.572659
88.775669
84.449053
78.484331
71.989298
64.240353
54.836443
45.280116
35.179343
24.457659
13.537577
3.061635
-7.262741
-18.455812
-29.921702
-40.796144
-50.497396
-59.559345
-67.714964
-74.777092
-81.193447
-85.845164
-88.585615
-90.131249
-89.854513
-88.246550
-85.587672
-81.824064
-76.853377
-70.546695
-63.647032
-55.745159
-46.636377
-36.850997
-25.960207
-14.477968
-2.322538
9.549345
20.413399
30.636617
40.077993
48.951081
57.521718
65.867049
74.143069
81.555162
87.477650
91.352292
93.100582
93.030589
91.142995
87.764263
82.582065
76.192107
69.440433
60.819558
51.300185
41.482619
30.977726
20.086254
9.352480
-1.049553
-11.820453
-23.139375
-34.497125
-44.953653
-54.215533
-62.859058
-70.449454
-77.376877
-83.410059
-87.210110
-89.483091
-90.257270
-89.351620
-87.404762
-84.256445
-79.990796
-74.639831
-68.135943
-60.960565
-52.510159
-43.292556
-32.949448
-21.592549
-9.696313
2.478702
14.025654
24.821077
34.842661
43.949059
52.571467
60.898236
69.252593
77.544791
84.210464
89.260340
92.332193
93.335424
92.414618
89.987006
86.044243
80.251523

