-15.296766
-4.457065
7.197516
19.193888
30.896153
41.742836
51.986490
60.930933
68.828719
74.791568
78.786782
81.714903
84.075247
86.360489
87.818759
87.865932
86.411919
82.577808
76.731954
69.447756
61.156750
52.083390
42.496238
33.553668
24.318865
13.817549
2.366475
-9.774310
-21.702392
-33.230611
-44.067417
-53.569249
-62.324149
-69.583995
-75.038671
-79.152243
-82.413469
-85.013253
-86.624282
-88.173662
-88.723728
-86.580856
-82.003559
-76.922008
-70.806742
-61.865534
-51.824876
-41.640656
-31.160457
-21.232707
-11.096001
0.170469
12.101616
24.262156
35.534075
46.181508
55.845124
64.395496
71.650573
76.614789
80.152409
82.855054
85.083076
87.136200
88.030611
87.668896
85.343293
80.479894
74.155160
66.472462
57.871342
48.499448
39.005620
30.241183
20.463807
9.554454
-2.372095
-14.569930
-26.245117
-37.778105
-48.000813
-57.209900
-65.516404
-72.213411
-77.212879
-80.800567
-83.593811
-85.580349
-87.063653
-88.356733
-87.979180
-84.782839
-79.796144
-74.677808
-67.392077
-57.635648
-47.715051
-37.418434
-27.093887
-17.341716
-6.832736
4.556690
16.715867
28.648887
39.617504
49.894878
59.163230
67.462581
73.995079
78.287976
81.439189
83.771093
86.012057
87.637731
88.003533
87.165833
83.811113
78.280483
71.165051
63.038213
54.195438
44.536250
35.308940
26.329756
16.168186
4.827636
-7.251331
-19.235952
-30.822413
-41.786773
-51.596335
-60.546909
-68.313394
-74.129445
-78.608309
-81.887245
-84.431171
-86.008992
-87.421281
-88.530609
-87.132284
-82.925047
-77.777249
-72.276763
-63.994953
-54.178749
-44.086661
-33.644949
-23.453065
-13.457026
-2.500500
9.153230
21.172592
32.767909
43.472052
53.517989
62.427521
70.248331
75.975486
79.660245
82.405295
84.519727
86.563315
87.702785
87.573358
85.915668
81.733976
75.709820
68.314586
59.944391
50.784349
41.213206
32.197407
22.911855
12.303420
0.880616
-11.176893
-22.978612
-34.421682
-45.142514
-54.590361
-63.330787
-70.390361
-75.732299
-79.734325
-82.747766
-85.055317
-86.375305
-87.609632
-88.009323
-85.670267
-80.871752
-75.705222
-69.531373
-60.569218
-50.423997
-40.166037
-29.716832
-19.826208
-9.752512
1.415866
13.155086
25.042636
36.220040
46.818597
56.446620
64.925126
72.039706
76.902253
80.253908
82.597562
84.664140
86.612531
87.327787
86.810078
84.358624
79.450437
72.995595
65.197093
56.579454
47.143527
37.621260
28.915916
19.252130
8.380754
-3.280980
-15.213319
-26.932614
-38.130113
-48.114743
-57.243449
-65.440621
-71.926968
-76.734509
-80.316578
-82.989761
-84.911925
-86.024318
-87.173326
-86.718457
-83.590916
-78.602689
-73.517391
-66.576345
-57.053396
-47.034877
-36.637783
-26.289395
-16.547612
-6.273474
5.028078
16.853809
28.623002
39.324079
49.508299
58.687925
66.932099
73.446717
77.633687
80.654281
82.723413
84.531478
85.994686
86.341756
85.406133
82.252366
76.912471
70.153475
62.188080
53.431307
43.695484
34.450974
25.620631
15.767983
4.854373
-6.717443
-18.374239
-29.697929
-40.504081
-50.320966
-59.144667
-66.927501
-72.879962
-77.327320
-80.434595
-82.791362
-84.298509
-85.521255
-86.511374
-85.543564
-81.636906
-76.487575
-71.198600
-63.324826
-53.494658
-43.490103
-33.274719
-23.236275
-13.512373
-3.082582
8.184399
19.980328
31.425783
41.873455
51.598208
60.384955
68.049431
73.824780
77.529975
80.238070
82.204682
84.199735
85.461480
85.424696
84.216254
80.386230
74.539695
67.358868
59.207337
50.495522
41.024685
32.174247
23.152658
12.969460
1.833609
-9.896926
-21.450009
-32.489640
-42.857783
-52.173138
-60.847998
-67.949976
-73.376043
-77.524355
-80.453668
-82.631111
-83.978006
-85.127354
-85.811785
-83.998101
-79.512596
-74.491160
-68.880490
-60.600042
-50.763062
-40.880442
-30.607837
-20.912034
-11.096682
-0.423704
10.769538
22.384780
33.501387
43.770756
53.354161
61.728443
69.064242
74.341808
77.711173
80.209460
82.193783
84.140982
85.081714
84.776027
82.885027
78.639133
72.639159
65.168653
56.886673
47.933374
38.593837
29.933112
20.833697
10.568074
-0.466108
-12.241261
-23.489339
-34.425940
-44.560773
-53.650652
-61.954771
-68.694864
-73.745591
-77.414342
-80.379418
-82.631281
-83.823715
-85.033349
-85.308722
-82.932370
-78.090600
-73.247467
-67.169326
-58.307818
-48.428604
-38.421495
-28.382540
-18.915619
-9.156125
1.711845
13.186080
24.814776
35.571882
45.656136
54.880892
62.959535
69.772175
74.402264
77.684947
80.063002
82.054308
83.945819
84.708929
84.263086
81.938675
77.126367
70.778472
63.240869
54.806641
45.744521
36.580733
28.028488
18.686737
8.119174
-3.177268
-14.874424
-26.191643
-36.963565
-46.565362
-55.226769
-63.460554
-69.931916
-74.810130
-78.144073
-80.449751
-82.435267
-83.825759
-85.173675
-84.659542
-81.624644
-76.763800
-71.807419
-65.052680
-55.896555
-46.174015
-36.231279
-26.271854
-16.915798
-6.899323
4.120043
15.619993
27.136973
37.587711
47.518185
56.504522
64.572096
71.022170
75.284754
78.349795
80.657005
82.672834
84.294421
84.919759
84.340743
81.363746
76.122795
69.402967
61.546053
53.092582
43.793236
34.872464
26.375907
16.679253
5.983795
-5.578484
-17.092739
-28.164557
-38.901057
-48.473392
-57.186740
-64.776114
-70.668118
-75.301783
-78.460148
-81.019742
-82.763944
-84.130594
-85.407836
-84.492479
-80.808061
-75.954710
-70.973464
-63.568183
-54.072142
-44.405631
-34.350327
-24.368933
-14.936754
-4.552773
6.526198
18.134287
29.414041
39.858137
49.757957
58.349371
66.246986
72.199958
75.936828
78.763621
80.880948
83.090067
84.526198
84.725107
83.728177
80.238070
74.666228
67.705938
59.815134
51.156282
41.971377
33.232995
24.500574
14.590876
3.663472
-7.969652
-19.460065
-30.518089
-40.992498
-50.421953
-59.142113
-66.363130
-71.862936
-76.161623
-79.261405
-81.689528
-83.275863
-84.643364
-85.555996
-84.088870
-79.893214
-74.997459
-69.659267
-61.592545
-51.918370
-41.976656
-31.953709
-22.376265
-12.719120
-2.159391
9.123087
20.726579
31.888826
42.242663
51.838670
60.325520
67.743574
73.145628
76.870067
79.582589
81.776040
84.000315
85.176911
85.113219
83.476135
79.394409
73.623487
66.368069
58.191504
49.286740
40.004424
31.424761
22.380011
12.045077
0.882660
-10.876145
-22.306783
-33.439228
-43.597732
-52.748237
-61.243432
-68.148034
-73.365995
-77.231952
-80.227511
-82.596711
-83.949566
-85.404260
-85.866451
-83.582231
-79.113926
-74.346576
-68.407399
-59.727941
-50.063644
-40.101494
-29.931920
-20.318713
-10.532141
0.492675
12.108769
23.778507
34.640517
44.906991
54.326398
62.743936
69.939920
74.862582
78.299046
80.782175
82.847561
84.821497
85.691384
85.378715
83.137240
78.435796
72.147165
64.705951
56.374584
47.225101
38.100992
29.588767
20.108053
9.588684
-1.893895
-13.705322
-25.008576
-36.031689
-46.102660
-55.233070
-63.495125
-70.076159
-75.114795
-78.694310
-81.504583
-83.609479
-85.032327
-86.501837
-86.388247
-83.332232
-78.523329
-73.583467
-66.734723
-57.416303
-47.715732
-37.610190
-27.505841
-17.840692
-7.609129
3.579174
15.368121
27.055740
37.788323
47.903742
57.052714
65.237624
71.756499
76.082604
79.302958
81.702811
83.933558
85.697685
86.213691
85.592610
82.593816
77.324765
70.632356
62.916790
54.483414
45.125144
36.024536
27.270658
17.217738
6.107262
-5.594492
-17.353467
-28.635434
-39.481776
-49.354008
-58.311735
-66.101040
-72.096927
-76.760735
-80.034733
-82.641329
-84.343808
-85.805144
-87.003538
-85.950068
-82.026890
-77.223778
-72.048221
-64.269985
-54.784843
-44.824226
-34.607989
-24.621657
-14.846325
-4.250152
7.144213
18.949338
30.482667
41.256802
51.207542
60.043505
67.953893
73.777267
77.595200
80.564703
82.962854
85.127013
86.509500
86.566550
85.219996
81.358637
75.662647
68.424770
60.309512
51.520041
42.091267
33.204385
24.113314
13.674327
2.422844
-9.602649
-21.222489
-32.433782
-42.946509
-52.418028
-61.124052
-68.413530
-73.964936
-78.222581
-81.440381
-83.837169
-85.278068
-86.692231
-87.424346
-85.481916
-80.942426
-76.073238
-70.347616
-61.622007
-51.598719
-41.553974
-31.204905
-21.429232
-11.499780
-0.452484
11.134999
23.160321
34.345729
44.735840
54.623740
63.184670
70.493562
75.599466
79.108988
81.708942
83.792721
86.077622
86.941549
86.667708
84.579672
80.072369
73.828868
66.205774
57.763202
48.525504
39.150374
30.542101
21.071945
10.367632
-1.250505
-13.341563
-25.085211
-36.417246
-46.539477
-55.768490
-64.097302
-70.780345
-75.886931
-79.627889
-82.480056
-84.643705
-85.992983
-87.511880
-87.311608
-84.394727
-79.503059
-74.394941
-67.520652
-58.225053
-48.326084
-38.191761
-28.031894
-18.398081
-8.064338
3.240108
15.211957
26.999031
37.875346
48.161745
57.510648
65.848827
72.544473
77.021633
80.299548
82.732780
84.908519
86.724588
87.333066
86.589200
83.517858
78.146287
71.360384
63.147715
54.500614
45.235668
36.236388
27.450153
17.469610
6.344318
-5.568777
-17.489195
-28.985568
-39.978198
-49.735478
-58.547429
-66.430569
-72.668791
-77.283893
-80.677782
-83.330359
-85.170780
-86.625304
-87.885346
-86.831876
-82.961832
-78.152078
-72.832959
-65.000909
-55.211272
-45.348576
-35.020794
-24.776459
-14.905248
-4.258667
7.325070
19.246851
30.863285
41.634015
51.771232
60.643469
68.601029
74.449096
78.282867
81.281492
83.549704
85.833243
87.102652
87.201766
85.946492
81.994193
76.040030
68.886961
60.638019
51.643167
42.133502
33.256837
24.169683
13.752154
2.493177
-9.605374
-21.401644
-32.837731
-43.633325
-53.235122
-62.078238
-69.195543
-74.690240
-78.892708
-82.036768
-84.427255
-85.912943
-87.278230
-87.944780
-85.979530
-81.299032
-76.212542
-70.335695
-61.609404
-51.636866
-41.351148
-30.979770
-21.154199
-11.065517
0.085660
11.660201
23.579938
34.924746
45.451437
55.203268
63.769477
71.137633
76.172522
79.697711
82.401208
84.666525
86.787088
87.620190
87.262222
84.971019
80.389466
74.141707
66.356659
57.760307
48.457895
38.951124
30.071565
20.420722
9.592942
-2.146959
-14.181137
-25.853430
-37.078176
-47.254392
-56.552546
-65.005847
-71.591479
-76.544966
-80.193962
-83.105734
-85.154602
-86.454664
-87.882962
-87.715387
-84.578821
-79.733304
-74.741329
-67.729439
-58.094093
-48.060587
-37.701811
-27.375732
-17.739364
-7.281133
4.193102
16.223873
28.042453
38.982970
49.345153
58.716365
67.012821
73.671341
78.021629
81.132821
83.406823
85.536923
87.210451
87.676559
86.811270
83.558559
78.097582
71.257693
63.285828
54.376977
44.707060
35.629102
26.728255
16.555275
5.374806
-6.513596
-18.488850
-30.157396
-41.131292
-50.756591
-59.830291
-67.592008
-73.680367
-78.265497
-81.587349
-84.150008
-85.879053
-87.343454
-88.320800
-87.073020
-82.989080
-77.896459
-72.296517
-64.050129
-54.186583
-44.147117
-33.645630
-23.592200
-13.699021
-2.842971
8.846351
20.843915
32.305377
42.916707
52.885158
61.777830
69.551979
75.159754
79.021113
81.915515
84.172147
86.134161
87.401526
87.608780
86.008651
81.817593
75.745412
68.433966
60.092892
51.062448
41.402749
32.470737
23.209367
12.626989
1.039505
-11.003869
-22.819894
-34.255981

