-15.837635
-3.822872
7.500138
18.580471
29.448271
40.416888
50.926890
61.279706
71.833474
80.761228
87.319783
90.988364
92.560053
93.109608
92.660018
92.406784
91.474056
88.831697
84.745373
79.122782
72.362253
64.001594
54.050003
42.590754
29.696056
17.472506
5.511556
-6.635189
-18.513714
-29.765027
-40.444817
-51.174504
-61.495815
-71.231127
-80.348083
-88.178771
-94.100407
-97.463131
-98.556110
-98.052195
-96.769673
-95.251969
-92.288426
-86.894546
-80.233472
-72.456769
-62.859229
-50.357580
-37.004096
-24.217367
-11.596850
0.241654
11.460781
22.402831
33.188037
44.165339
54.564646
64.980473
75.099298
83.230393
88.779586
91.712305
92.926366
93.047108
92.671599
92.340367
90.703453
87.563140
82.976648
77.047178
69.742032
60.769660
50.499610
38.428307
25.463275
13.244152
1.183067
-10.981389
-22.574663
-33.448594
-44.219664
-54.949692
-64.990861
-74.777092
-83.546979
-90.720654
-95.647744
-98.191500
-98.624740
-97.725221
-96.297775
-94.552040
-90.608086
-84.762744
-77.706235
-69.418294
-58.757407
-45.712335
-32.488278
-19.744294
-7.515975
3.899166
15.192883
26.132890
37.017209
47.852823
58.273418
68.849836
78.421831
85.649320
90.249436
92.589685
93.387025
93.268667
92.894861
92.362506
89.979683
86.201600
81.079176
74.776070
66.829920
57.243449
46.281815
33.587899
20.922422
8.866787
-3.359829
-15.315839
-26.656389
-37.470375
-48.311778
-58.800493
-68.684305
-78.195333
-86.575236
-92.966897
-97.124747
-98.841361
-98.810877
-97.645862
-96.030916
-93.672446
-88.887044
-82.507304
-75.184107
-66.157069
-54.428748
-40.930850
-27.809654
-15.154907
-3.194809
8.082901
19.212961
30.193329
41.231258
51.776511
62.151466
72.635753
81.524679
87.802580
91.423137
93.160186
93.599898
93.101433
92.910528
91.817890
88.951758
84.679127
79.029458
72.229590
63.657931
53.637709
41.950430
29.072080
16.826391
4.655634
-7.644040
-19.493784
-30.712741
-41.448729
-52.331686
-62.481165
-72.293452
-81.594842
-89.345319
-94.994477
-98.181622
-99.086251
-98.399435
-97.029379
-95.338481
-92.041322
-86.546115
-79.877377
-71.868386
-61.919008
-49.263069
-35.996267
-23.102079
-10.564327
1.013790
12.208564
23.175648
34.186499
45.179469
55.453096
65.906899
76.110022
84.080696
89.511020
92.268160
93.556472
93.608584
93.276841
92.782634
90.938125
87.709597
82.826785
76.675756
69.132021
60.031925
49.519369
37.210839
24.341175
12.192726
-0.162806
-12.382439
-23.972137
-34.911803
-45.595169
-56.212289
-66.230638
-75.969696
-84.623950
-91.716562
-96.510989
-98.787206
-99.070242
-97.974369
-96.581153
-94.634124
-90.398618
-84.304128
-77.252899
-68.745613
-57.767800
-44.524840
-31.279155
-18.455131
-6.162609
5.150863
16.355515
27.470759
38.425241
49.276693
59.688262
70.326499
79.668420
86.659874
90.789114
92.887708
93.673297
93.341725
93.044043
92.390605
89.874778
86.023126
80.911773
74.324267
66.122838
56.456668
45.323372
32.430717
19.726413
7.651704
-4.633665
-16.632932
-27.967181
-38.839919
-49.648285
-60.064622
-70.019620
-79.641342
-87.787935
-93.964338
-97.866058
-99.263872
-99.111966
-97.755534
-96.067871
-93.539953
-88.555643
-81.998280
-74.336869
-65.048082
-53.055457
-39.448398
-26.321752
-13.660363
-1.822880
9.460620
20.565135
31.481130
42.416028
53.061247
63.769477
73.968683
82.455873
88.603156
91.957705
93.587807
93.960762
93.590532
93.354157
92.013904
88.990586
84.532329
78.747102
71.718522
62.851906
52.547114
40.695327
27.588265
15.249934
3.043924
-9.215048
-20.995140
-32.104254
-42.830365
-53.587300
-63.672747
-73.369571
-82.443101
-90.121882
-95.514400
-98.373379
-99.120140
-98.449162
-96.873386
-95.164776
-91.679777
-86.000987
-79.205717
-71.186679
-60.997861
-48.172304
-34.655843
-21.753822
-9.271588
2.310787
13.434717
24.434669
35.440751
46.306167
56.643486
67.153999
77.168260
84.862879
90.013572
92.674494
93.659333
93.548298
93.079976
92.626640
90.706519
87.273121
82.316228
75.903790
68.254811
59.090342
48.393181
35.939557
23.147719
11.079311
-1.235179
-13.426031
-24.898052
-35.800253
-46.460629
-56.924990
-66.798074
-76.424565
-85.079840
-91.997726
-96.651656
-98.899943
-98.903349
-97.736291
-96.249751
-94.174147
-89.819431
-83.565882
-76.403788
-67.727736
-56.619644
-43.203831
-30.030693
-17.277173
-4.992655
6.461654
17.448493
28.282063
39.181028
49.876996
60.233218
70.545673
79.848596
86.692912
90.824706
92.614208
93.133109
92.852456
92.476436
91.653381
89.193412
85.266829
79.887424
73.216302
64.979792
55.392810
44.186286
31.348807
18.650123
6.578479
-5.660738
-17.582178
-28.930392
-39.424385
-49.988202
-60.013873
-69.798231
-79.502719
-87.450572
-93.616077
-97.203595
-98.355498
-98.069055
-96.681970
-95.019341
-92.346668
-87.138925
-80.675227
-73.114293
-64.030205
-51.993132
-38.580894
-25.625740
-13.064146
-1.183748
10.019541
21.025283
31.622819
42.512928
52.973373
63.383579
73.629958
81.985508
87.895223
91.210774
92.658656
92.794555
92.355183
92.001983
90.679441
87.508474
83.076784
77.345201
70.350851
61.615365
51.552909
39.877892
26.997839
14.858927
2.725295
-9.356737
-21.006550
-31.989302
-42.593990
-53.024803
-62.889882
-72.497640
-81.550905
-89.047636
-94.309023
-97.315822
-98.062243
-97.330809
-95.753670
-93.993630
-90.718610
-85.141829
-78.393391
-70.444005
-60.419866
-47.835623
-34.304176
-21.464825
-9.123257
2.249309
13.329983
24.107695
34.876040
45.726980
55.981023
66.326686
76.003245
83.699056
88.672127
91.166496
92.208726
92.096499
91.567891
91.150318
89.379890
85.909537
81.018209
74.980089
67.579065
58.447123
48.079150
35.948242
23.310525
11.431319
-0.599623
-12.639591
-24.174963
-34.863949
-45.483283
-55.809362
-65.356663
-74.657202
-83.249807
-90.359279
-95.050846
-97.183159
-97.334896
-96.309015
-94.663927
-92.647246
-88.617802
-82.616465
-75.639146
-67.343542
-56.499924
-43.566227
-30.487776
-17.904043
-5.728858
5.352327
16.124930
26.763167
37.580729
48.128537
58.172260
68.577017
77.856779
84.770577
89.034012
91.056483
91.752665
91.463838
91.036728
90.448175
88.253873
84.583248
79.322542
72.790214
64.773049
55.408818
44.669594
32.144444
19.838640
8.131095
-3.974438
-15.758446
-27.024065
-37.599291
-48.083237
-58.171919
-67.649399
-76.972416
-85.025174
-91.400146
-95.402343
-97.007922
-96.735443
-95.495837
-94.054256
-91.654062
-86.987529
-80.693279
-73.419639
-64.493929
-53.103140
-39.921999
-27.149064
-14.673812
-2.846718
8.276531
19.109249
29.557262
40.360178
50.856386
61.100381
71.317639
79.950094
86.168051
89.665651
91.137035
91.571297
91.153894
90.998752
89.932340
87.180989
83.131279
77.533892
70.789882
62.453406
52.718605
41.567257
28.972285
16.931977
5.077805
-6.917034
-18.557991
-29.642071
-40.184089
-50.728662
-60.813257
-70.503439
-79.563175
-87.212154
-92.903205
-96.310037
-97.379003
-96.871172
-95.480340
-93.793188
-90.885333
-85.572686
-79.072373
-71.474995
-62.071596
-49.772433
-36.438704
-23.756879
-11.493308
-0.010729
10.913781
21.720273
32.341140
43.044601
53.466218
63.881023
73.950631
82.012074
87.444953
90.357235
91.626985
91.765949
91.549669
91.354847
89.897769
86.793900
82.216944
76.380287
69.217001
60.421399
50.171443
38.227013
25.659970
13.822998
1.760040
-10.232415
-21.786519
-32.734190
-43.503387
-53.969451
-63.537870
-73.176963
-82.021441
-89.276348
-94.318220
-96.988848
-97.562586
-96.708877
-95.264571
-93.461275
-89.790480
-84.190880
-77.387094
-69.396496
-59.022052
-46.234642
-33.033575
-20.320245
-8.121559
3.091097
13.967923
24.660485
35.555022
46.438490
56.553909
66.952535
76.762608
84.150859
89.126144
91.313464
92.220647
92.077426
91.805288
91.437783
89.477301
85.960797
80.852338
74.596235
67.037855
57.605505
46.924182
34.619740
22.222144
10.403906
-1.742670
-13.676201
-25.137833
-35.869224
-46.525342
-56.844439
-66.507374
-76.057911
-84.634849
-91.415644
-95.824003
-97.865718
-97.921746
-96.796240
-95.337970
-93.188116
-88.742631
-82.607269
-75.422015
-66.750560
-55.382592
-42.094333
-29.226201
-16.585418
-4.529272
6.726810
17.589160
28.360401
39.232799
49.817562
59.992756
70.574965
79.739434
86.314167
90.243135
92.027869
92.679432
92.514242
92.370340
91.310569
88.848046
84.998948
79.498802
72.762796
64.472301
54.918357
43.597903
30.798231
18.426180
6.447690
-5.923169
-17.743962
-28.969220
-39.648669
-50.263235
-60.459375
-70.334673
-79.677786
-87.605034
-93.646220
-97.319058
-98.540953
-98.102604
-96.774612
-95.277173
-92.417513
-87.130921
-80.619710
-73.052985
-63.634259
-51.341227
-37.947042
-25.104795
-12.619495
-0.854731
10.373592
21.268811
32.009227
42.936632
53.538084
64.095599
74.405670
82.731077
88.477816
91.479506
92.971155
93.158654
92.875617
92.841898
91.373410
88.248593
83.708252
77.996595
70.733002
61.757224
51.528726
39.521115
26.592697
14.457703
2.325944
-9.800196
-21.526814
-32.565253
-43.336664
-54.001127
-63.970089
-73.763984
-82.776546
-90.239218
-95.493112
-98.348856
-99.065815
-98.293509
-96.789939
-95.084395
-91.419050
-85.689170
-78.777756
-70.652451
-60.206481
-47.081198
-33.642224
-20.777157
-8.394548
2.994197
14.168705
25.180919
36.119223
46.933549
57.442018
68.149567
77.940736
85.332394
90.191535
92.607396
93.500614
93.388728
93.240227
92.824697
90.823684
87.211132
82.212516
75.824261
68.132537
58.618784
47.691720
35.141025
22.609915
10.543040
-1.881293
-13.994830
-25.637150
-36.625181
-47.659363
-58.090006
-68.024397
-77.597754
-86.158514
-92.949697
-97.391265
-99.288566
-99.271195
-98.222324
-96.662385
-94.419718
-89.721509
-83.510024
-76.119389
-67.233528
-55.603811
-42.196342
-29.045854
-16.254698
-4.122938
7.243156
18.332345
29.272182
40.257999
51.035370
61.450005
72.186845
81.241982
87.831872
91.749770
93.475751
94.092914
93.689646
93.400649
92.568568
90.023449
85.940531
80.234834
73.269946
64.678703
54.599558
42.889459
29.935837
17.668009
5.538464
-6.904602
-18.859931
-30.273029
-41.238751
-52.137205
-62.476226
-72.236572
-81.444127
-89.289461
-95.105001
-98.474707
-99.693877
-99.236795
-97.790956
-96.291644
-93.089342
-87.599243
-80.872263
-73.104075
-63.200508
-50.643682
-37.109171
-24.159976
-11.392321
0.589916
11.919567
22.992747
33.863613
44.885193
55.426019
66.109385
76.348782
84.411928
89.995350
92.870338
94.093255
94.196115
93.846151
93.473877
91.774293
88.591916
83.817925
77.723946
70.235559
61.066491
50.447157
38.076980
25.142772
12.828452
0.432049
-11.712483
-23.409980
-34.590108
-45.547656
-56.174312
-66.336053
-76.153619
-84.950924
-92.047794
-96.932990
-99.440813
-99.854299
-98.924807
-97.339494
-95.313106
-91.236149
-85.088015
-77.918938
-69.449289
-58.526993
-45.199565
-31.705584
-18.821614
-6.494352
5.070652
16.357558
27.292286
38.226502
49.082552
59.587955
70.194687
79.732112
86.842775
91.389077
93.573843
94.292675
93.893324
93.637535
93.004874
90.626138
86.767333
81.573214
75.149025
66.861766
57.000773
45.699392
32.689060
19.978115
7.906982
-4.480226
-16.443729
-28.024231
-38.926772

