-39.259877
-49.036401
-57.970967
-66.384929
-73.542425
-80.120053
-85.211311
-88.332381
-90.155431
-89.945793
-88.377169
-85.959435
-82.261392
-77.694144
-71.680205
-64.838273
-57.362999
-48.526525
-38.940225
-28.088433
-16.755717
-4.655634
7.612194
18.678563
29.047728
38.614103
47.510181
56.096826
64.251423
72.642394
80.395767
86.469310
90.725252
92.547791
92.625448
91.005564
87.902546
83.297150
77.104058
70.407901
62.389374
52.913087
43.283531
32.971416
22.122690
11.287928
0.808750
-9.726627
-20.976237
-32.232489
-42.861870
-52.245685
-61.137336
-69.091661
-76.059955
-82.365956
-86.670944
-89.074373
-90.155602
-89.522089
-87.628875
-84.708588
-80.790520
-75.588908
-68.964107
-62.038217
-53.995848
-44.929981
-34.937688
-23.897035
-12.158326
0.250680
11.920248
22.624220
32.751390
41.938169
50.574541
58.893817
67.026615
75.315407
82.591602
88.133812
91.421945
92.816012
92.285872
89.954138
86.400849
81.099612
74.478558
67.420517
58.696611
49.413443
39.503404
28.915065
18.040453
7.378374
-3.051417
-13.949190
-25.180749
-36.469868
-46.505077
-55.673974
-64.269304
-71.589436
-78.258344
-83.987543
-87.583746
-89.562450
-89.985643
-88.696650
-86.602824
-83.151204
-78.639644
-72.980268
-66.440616
-59.172596
-50.612858
-41.349104
-30.948094
-19.621508
-7.707902
4.586492
15.833037
26.195049
36.037309
45.046125
53.674153
61.790603
70.034266
78.062500
84.520238
89.209250
91.931990
92.669555
91.446298
88.656119
84.420783
78.559092
71.911982
64.222472
54.952587
45.402902
35.446371
24.625404
13.942208
3.470864
-6.837334
-17.899445
-29.221773
-40.073735
-49.754551
-58.686563
-66.791943
-73.805366
-80.197368
-85.141148
-88.192565
-89.832033
-89.589187
-87.967770
-85.384675
-81.583602
-76.677459
-70.573262
-63.769306
-56.125437
-47.147104
-37.547520
-26.755844
-15.313114
-3.178290
8.872918
19.727605
29.905864
39.270946
48.043217
56.350061
64.364501
72.504963
80.187661
86.229699
90.161732
91.956854
92.141799
90.457201
87.148462
82.339389
76.031344
69.358349
61.036689
51.485130
41.984320
31.699112
21.028178
10.279587
0.082765
-10.415827
-21.580117
-32.933780
-43.497426
-52.675009
-61.379501
-69.124017
-75.900895
-81.988573
-86.222376
-88.645560
-89.641809
-88.820457
-86.843627
-83.712169
-79.509871
-74.277094
-67.688056
-60.679572
-52.652870
-43.769394
-33.892563
-22.918837
-11.350087
0.804322
12.456860
23.017611
32.941103
41.975805
50.468956
58.706829
66.739150
75.018747
82.078832
87.485654
90.773276
92.041492
91.417006
89.206014
85.602488
80.125332
73.522500
66.463947
57.692017
48.252685
38.574253
28.097459
17.420905
6.877525
-3.279107
-14.022929
-25.109734
-36.208289
-46.287264
-55.267130
-63.619103
-70.788349
-77.434949
-83.076102
-86.446660
-88.476454
-89.000123
-87.826252
-85.666691
-82.186120
-77.744893
-72.076321
-65.451860
-58.288234
-49.923488
-40.786096
-30.584506
-19.369807
-7.508312
4.627875
15.762704
26.119266
35.778284
44.533866
53.054946
61.079604
69.273710
77.327830
83.702803
88.387217
90.875796
91.504369
90.246201
87.470668
83.388260
77.683585
71.184124
63.663891
54.693052
45.283692
35.402094
24.699824
13.975416
3.704003
-6.339891
-17.027514
-28.144802
-38.877215
-48.640966
-57.617256
-65.920183
-73.070186
-79.084124
-84.111691
-87.020738
-88.525500
-88.410718
-86.902721
-84.487881
-80.773149
-75.980255
-69.990328
-63.266924
-55.697645
-46.948365
-37.501369
-27.070556
-15.865224
-3.988913
8.055483
18.711601
28.739486
38.163832
46.842950
55.173806
63.036340
71.315936
78.886747
84.835121
88.906288
90.828623
91.009140
89.263746
86.114407
81.552437
75.494051
69.177321
61.181784
51.957199
42.473418
32.318660
21.594593
10.914973
0.784397
-9.458576
-20.334039
-31.344550
-41.815724
-50.991433
-59.638875
-67.374877
-74.186325
-80.289500
-84.586143
-87.114913
-88.303941
-87.543556
-85.722719
-82.995721
-79.193286
-74.177640
-67.919663
-61.233725
-53.401675
-44.427429
-34.748486
-23.904358
-12.669052
-0.739098
10.927405
21.441323
31.241179
40.204014
48.795428
57.035685
65.031392
73.324101
80.570834
86.001158
89.363541
90.561083
90.186255
88.060754
84.773302
79.807384
73.664188
67.010437
58.761665
49.392155
39.726666
29.431411
18.799135
8.277893
-1.680851
-11.849744
-22.656236
-33.529656
-43.686117
-52.653551
-61.415434
-68.932090
-75.563363
-81.345865
-85.034881
-87.136371
-87.820802
-86.954491
-84.974085
-82.062823
-78.094346
-72.705065
-66.203220
-59.182984
-51.014594
-42.064190
-32.113280
-21.179404
-9.686947
2.261571
13.329983
23.396526
33.107485
41.845867
50.211975
58.374064
66.379138
74.340957
81.187316
86.521251
89.408500
90.117965
89.380401
87.006773
83.775009
78.382492
71.980272
64.851557
56.313957
47.176906
37.493195
27.089119
16.518320
6.153243
-3.763948
-14.287744
-25.136641
-35.914012
-45.706715
-54.658481
-62.972648
-70.045165
-76.487405
-81.863914
-85.220337
-86.996896
-87.207726
-86.008481
-83.952291
-80.543416
-76.148851
-70.650237
-64.261130
-57.186740
-48.957382
-39.889472
-29.736417
-18.712112
-7.037265
4.869189
15.618461
25.503976
34.943138
43.587003
51.973547
59.934344
68.010262
75.906004
82.270758
86.920432
89.559555
90.246711
89.005572
86.140973
82.293579
76.631308
70.294482
62.954426
53.995677
44.836146
34.950120
24.483374
13.998747
3.858975
-5.939007
-16.588994
-27.528831
-38.183928
-47.591073
-56.431123
-64.431088
-71.355445
-77.688013
-82.621234
-85.668734
-87.296963
-87.176902
-85.690873
-83.330699
-79.750504
-75.156859
-69.333655
-62.941653
-55.579799
-47.051566
-37.778957
-27.428865
-16.337293
-4.543236
7.412263
18.072128
28.076342
37.222079
45.823029
53.916829
61.665092
69.836037
77.484846
83.564520
87.754726
89.813641
90.066195
88.482584
85.634674
81.261907
75.438874
69.088595
61.528172
52.370855
43.083600
33.056566
22.570746
11.962993
1.961163
-8.216585
-19.025292
-30.104944
-40.554489
-49.816540
-58.522735
-66.316298
-73.215110
-79.385894
-83.705187
-86.283343
-87.536063
-87.079150
-85.390295
-82.769224
-79.026563
-74.137790
-67.999704
-61.397552
-53.761005
-45.115607
-35.605601
-24.929898
-13.770887
-1.809256
9.824378
20.360776
30.171871
39.154121
47.765119
55.973700
64.003808
72.255986
79.601662
85.277046
88.966915
90.438298
90.204648
88.440520
85.177422
80.333948
74.220385
67.680734
59.491907
50.374780
40.907860
30.636617
20.035676
9.530783
-0.511408
-10.776179
-21.755695
-32.772337
-42.923178
-52.036217
-60.761145
-68.226371
-75.059959
-80.889804
-84.759338
-86.946998
-87.804794
-87.096861
-85.334097
-82.417216
-78.443289
-73.280845
-66.833496
-60.051850
-52.015441
-43.189526
-33.387627
-22.395509
-10.851962
1.178980
12.460436
22.830282
32.660961
41.617836
50.124271
58.240380
66.502094
74.744395
81.539154
86.874621
89.905092
90.991940
90.237175
87.849583
84.324905
79.052619
72.889158
65.981831
57.488510
48.329490
38.667747
28.124026
17.435040
7.000991
-3.103018
-13.822487
-24.791445
-35.791056
-45.731749
-54.887022
-63.334703
-70.641892
-77.321529
-82.825593
-86.176736
-88.062797
-88.401863
-87.201766
-85.141488
-81.919602
-77.607802
-71.961880
-65.565790
-58.301006
-49.761193
-40.497780
-30.185155
-19.065312
-7.356405
4.649333
15.477283
25.764874
35.404308
44.327293
52.868298
60.977425
69.326162
77.302456
83.777905
88.342939
90.883119
91.447660
90.233769
87.532146
83.511387
77.845199
71.478401
63.955954
54.934365
45.550380
35.494907
24.889026
14.151335
3.822531
-6.518194
-17.554760
-28.888498
-39.677109
-49.229520
-58.276142
-66.397701
-73.403631
-79.888787
-84.680319
-87.598051
-89.172806
-88.861500
-87.417194
-84.854705
-81.324748
-76.872621
-70.640700
-63.819204
-56.195429
-47.321830
-37.717819
-26.980298
-15.663249
-3.503561
8.524316
19.400971
29.454912
38.687502
47.510351
55.935213
64.075334
72.605950
80.429656
86.428949
90.266807
91.946977
91.915301
90.259995
87.071998
82.290854
76.111385
69.552149
61.287880
51.871879
42.387758
32.008205
21.287203
10.523455
0.284570
-10.183368
-21.427359
-32.695021
-43.157509
-52.501304
-61.374222
-69.337743
-76.314041
-82.348926
-86.477143
-88.838339
-89.870010
-89.143004
-87.236677
-84.314006
-80.321687
-74.938365
-68.431922
-61.479296
-53.280422
-44.233969
-34.051282
-22.880520
-11.090381
1.322712
12.719972
23.319040
33.248663
42.194639
50.964015
59.331656
67.669834
75.922864
83.073207
88.501658
91.544560
92.572314
91.910192
89.646408
85.968631
80.367327
73.870931
66.719055
57.900974
48.544918
38.636071
28.044326
17.122882
6.473064
-3.900358
-14.770031
-26.111773
-37.298543
-47.322512
-56.512356
-65.086569
-72.291068
-79.017367
-84.504230
-87.826252
-89.662075
-90.018681
-88.629041
-86.422648
-82.835129
-78.375510
-72.399037
-65.723317
-58.429071
-49.700567
-40.256636
-29.715470
-18.301862
-6.086145
6.114074
17.182827
27.603422
37.320512
46.258995
54.875612
63.141414
71.545328
79.459293
85.803441
90.420416
92.943226
93.438285
91.990743
88.750805
84.384339
78.372274
71.630308
63.668830
54.281609
44.722046
34.458637
23.601736
12.879542
2.467803
-7.987193
-19.197464
-30.533246
-41.386570
-51.072836
-60.130358
-68.121467
-75.132166
-81.453153
-86.212329
-89.121546
-90.435232
-89.959417
-88.338171
-85.629565
-81.596204
-76.498304
-70.174592
-63.383920
-55.332865
-46.255078
-36.360877
-25.448629
-13.794388
-1.435110
10.538782
21.314280
31.496457
40.916375
49.640281
57.996852
66.107512
74.652774
82.031488
87.790659
91.495855
93.124764
92.847347
90.681655
87.203298
81.958941
75.573410
68.747146
60.035161
50.439494
40.780306
30.321564
19.516093
8.694274
-1.496417
-12.377841
-23.869957
-35.232476
-45.573541
-54.779223
-63.474860
-71.156876
-77.883346
-83.784716
-87.488208
-89.671441
-90.382951
-89.284182
-87.221520
-83.896603
-79.644237
-73.923554
-67.186015
-60.020345
-51.559210
-42.298010
-31.969036
-20.782607
-9.001834
3.430503
14.881747
25.476217
35.437346
44.369868
52.999258
61.186382
69.452354
77.661616
84.635190
89.668546
92.384304
93.210084
92.264925
89.699030
85.572175
79.606601
72.939566
65.398387
56.211437
46.666009
36.583628
25.849002
15.058688
4.396268
-5.963360
-17.018148
-28.346947
-39.515325
-49.295596
-58.260986
-66.491536
-73.666743
-80.308403
-85.280623
-88.261877
-89.878525
-89.767831
-88.463170
-85.936444
-82.143886
-77.454363
-71.347952
-64.435346
-56.742259
-47.977822
-38.481270
-27.587754
-15.979154
-3.869874
8.281640
19.356183
29.673065
39.158889
48.120533
56.586266
64.755508
73.150567
80.841269
86.881263
91.003180
92.968089
93.005044
91.184548
88.026013
83.317927
76.940060
70.148025
61.949321
52.547455
43.063845
32.615151
21.713802
10.868652
0.464576
-10.097878
-21.355663
-32.637630
-43.301242
-52.794729
-61.723164
-69.517408
-76.237917
-82.416534
-86.778743
-89.192731
-90.249947
-89.577266
-87.662254
-84.649665
-80.553804
-75.246947
-68.760089
-61.776297
-53.507260
-44.349262
-34.345388
-23.303713
-11.584418
0.782694
12.575558
23.029872
33.105101
42.410237
51.046780
59.347664
67.478248
75.826815

