12.879201
16.024964
19.084045
22.075857
24.627617
27.016061
29.833147
32.342502
34.089429
35.169636
35.397496
35.367012
35.242864
34.664529
33.705405
33.306905
32.703195
31.327520
29.356480
27.365344
25.159121
23.018122
20.922082
18.406085
15.662909
12.093442
7.752691
3.447533
-0.080211
-3.487212
-6.776026
-9.898118
-13.013397
-15.945945
-19.364187
-23.037195
-26.369946
-29.276439
-32.468353
-35.202674
-37.079198
-38.698912
-39.168256
-38.936308
-38.493531
-37.947382
-37.160771
-36.669288
-36.001376
-33.792768
-30.716658
-27.649573
-24.769476
-21.711247
-17.492260
-12.243816
-7.143191
-2.783026
1.380784
5.154269
8.680991
12.014423
15.206507
18.160173
21.141597
23.812396
26.122332
28.798410
31.469890
33.351524
34.590449
35.106455
34.999337
34.874507
34.496955
33.738954
33.163343
32.803842
31.632355
29.868739
27.993407
25.782755
23.375409
21.463803
19.238165
16.612496
13.412067
9.200743
4.941225
1.206228
-2.194813
-5.525180
-8.559908
-11.618819
-14.587981
-17.690318
-21.321263
-24.690969
-27.708496
-30.889171
-33.936501
-35.894258
-37.667922
-38.684947
-38.729736
-38.257837
-37.848779
-37.121092
-36.668948
-36.119734
-34.533398
-31.691960
-28.775420
-25.840998
-22.897380
-19.237144
-14.434372
-9.188993
-4.538979
-0.387090
3.411259
6.938151
10.379723
13.648612
16.645874
19.611972
22.517272
24.996996
27.495793
30.203887
32.478571
33.957618
34.719706
34.793956
34.724815
34.636259
33.942120
33.136606
32.771996
31.966822
30.442647
28.613465
26.547568
24.335044
22.343057
20.272732
17.772232
14.818736
10.981389
6.582567
2.592972
-0.912462
-4.155125
-7.317407
-10.471514
-13.572659
-16.541992
-20.088298
-23.733207
-26.994262
-29.909781
-32.870259
-35.318307
-37.128755
-38.456406
-38.834810
-38.563183
-38.079705
-37.451982
-36.654132
-36.261593
-35.264662
-32.785279
-29.694693
-26.783432
-23.861953
-20.554406
-15.954460
-10.624443
-5.854539
-1.509019
2.516338
6.134510
9.473392
12.795414
15.856028
18.878324
21.809169
24.345773
26.729788
29.506854
32.016379
33.707448
34.717151
35.051107
34.853561
34.693820
34.085853
33.290216
32.863276
32.219035
30.749014
28.896502
27.018615
24.670192
22.307294
20.215341
17.888376
15.169041
11.651346
7.337672
3.229550
-0.216109
-3.591606
-6.873608
-9.837321
-12.813807
-15.771559
-19.023929
-22.616897
-25.843041
-28.703894
-31.920331
-34.488099
-36.365305
-37.846906
-38.488082
-38.355248
-37.737404
-37.150042
-36.407198
-36.011083
-35.229070
-33.024379
-30.129467
-27.186871
-24.385623
-21.345956
-17.134292
-12.089184
-7.158177
-2.745731
1.353366
4.964045
8.312804
11.720998
14.846495
17.657961
20.629508
23.308652
25.729622
28.344563
31.003441
32.985892
34.213236
34.735884
34.503426
34.351519
34.064054
33.318315
32.743216
32.415390
31.385251
29.726199
27.751241
25.629316
23.487806
21.536180
19.307477
16.654900
13.537748
9.373767
5.125659
1.295294
-2.106598
-5.413464
-8.522272
-11.703798
-14.606714
-17.746176
-21.458864
-24.927855
-27.880498
-31.083993
-34.060478
-36.192451
-38.064037
-38.963556
-38.966792
-38.536957
-38.135903
-37.477016
-36.879437
-36.341974
-34.734522
-31.834160
-28.791428
-25.807960
-22.855997
-19.052369
-14.009987
-8.691209
-4.160404
-0.000170
3.903253
7.431337
10.912248
14.161553
17.232725
20.271369
23.081814
25.402989
28.087241
30.833312
33.074617
34.540210
35.240650
35.365479
35.219874
34.961190
34.110376
33.351353
32.928160
32.029663
30.307429
28.511626
26.324647
24.016585
21.851744
19.590855
17.117092
14.137030
10.239567
5.823885
2.016851
-1.402412
-4.861866
-8.100782
-11.104175
-14.184884
-17.167500
-20.730495
-24.268968
-27.423756
-30.391557
-33.278636
-35.592318
-37.372283
-38.549559
-38.886581
-38.479907
-37.797689
-37.180867
-36.513805
-36.053147
-34.809113
-32.184294
-29.138156
-26.235921
-23.407425
-19.858054
-15.256405
-10.024309
-5.373614
-1.046658
2.862726
6.453650
9.810073
13.173989
16.263042
19.075360
21.952731
24.412870
26.818003
29.581785
32.026597
33.660105
34.571886
34.776585
34.593344
34.539189
33.983162
33.159597
32.777616
32.099996
30.816623
28.919152
26.896170
24.534804
22.511142
20.505020
18.085412
15.234947
11.666332
7.397618
3.282854
-0.163487
-3.504072
-6.714378
-9.678602
-12.836116
-15.829461
-19.156081
-22.753818
-26.022707
-29.024056
-32.216651
-34.877913
-36.653280
-38.182225
-38.763625
-38.568122
-38.178819
-37.608487
-36.962543
-36.519936
-35.778965
-33.655507
-30.588593
-27.548586
-24.739163
-21.530390
-17.343930
-11.974914
-6.935086
-2.478531
1.443454
5.064522
8.485658
11.910881
15.201739
18.202748
21.139554
23.531743
26.111943
28.891053
31.651258
33.462388
34.649713
35.093001
34.949439
34.911292
34.438372
33.699444
33.203704
32.723120
31.455585
29.751403
27.847290
25.637150
23.404360
21.282605
18.931116
16.329118
12.960775
8.616447
4.312822
0.758341
-2.794777
-6.154094
-9.215389
-12.325730
-15.319075
-18.566506
-22.217035
-25.585720
-28.662511
-31.783751
-34.625701
-36.605426
-38.217306
-38.907187
-38.919619
-38.394758
-37.872280
-37.178653
-36.652599
-35.923379
-34.084831
-31.165395
-28.107677
-25.286845
-22.128480
-18.172605
-12.998581
-7.858447
-3.419774
0.841618
4.695654
8.120707
11.534180
14.718771
17.715352
20.625421
23.433651
25.859731
28.457812
31.142575
33.089433
34.444673
35.006148
34.971578
34.778629
34.490313
33.711195
33.041239
32.517059
31.409945
29.780013
27.905362
25.557280
23.310355
21.339144
18.990551
16.431808
13.239213
9.289469
4.959447
1.165697
-2.243689
-5.528586
-8.531298
-11.552572
-14.538935
-17.527342
-21.165780
-24.592366
-27.756861
-30.638490
-33.452341
-35.618544
-37.411792
-38.426944
-38.549730
-37.966456
-37.500007
-36.875350
-36.286116
-35.746098
-34.186499
-31.546014
-28.504133
-25.666101
-22.771018
-19.181967
-14.408486
-9.194272
-4.734993
-0.528778
3.267356
6.836142
10.317394
13.507434
16.517469
19.447974
22.210564
24.642944
26.971953
29.868569
32.234192
33.674751
34.532547
34.696204
34.592322
34.396478
33.664192
33.014672
32.744578
32.017401
30.561175
28.815269
26.787860
24.519818
22.428376
20.295552
17.860787
14.982734
11.130231
6.725788
2.881799
-0.567607
-4.063504
-7.412263
-10.443585
-13.504369
-16.475064
-20.072630
-23.677349
-26.898043
-30.006851
-32.933780
-35.502400
-37.497793
-38.802113
-39.180177
-38.912807
-38.448913
-37.757329
-37.096228
-36.764485
-35.688026
-33.255305
-30.125890
-27.154854
-24.219411
-20.728282
-16.044208
-10.767153
-5.997760
-1.643726
2.488409
6.071670
9.615592
13.060910
16.227279
19.169024
22.085905
24.582829
27.048928
29.840640
32.370772
34.095560
35.154309
35.462379
35.302980
35.127231
34.658739
33.817632
33.279487
32.553502
31.107494
29.386452
27.316298
24.913720
22.618430
20.513194
18.063273
15.185220
11.665480
7.262400
3.118004
-0.441926
-3.906318
-7.162094
-10.209935
-13.304268
-16.317197
-19.712278
-23.230655
-26.635272
-29.654843
-32.686165
-35.242864
-37.014484
-38.440057
-39.038318
-38.832426
-38.215092
-37.595204
-36.798205
-36.375012
-35.391876
-33.237083
-30.241013
-27.276618
-24.307796
-21.152326
-17.011166
-11.746202
-6.734644
-2.456903
1.647302
5.403076
8.872918
12.202944
15.327249
18.206154
21.232196
23.811034
26.148898
28.757708
31.431402
33.452511
34.397330
34.736395
34.642730
34.523010
34.173897
33.371449
32.938548
32.521486
31.320878
29.638835
27.699641
25.437559
23.291962
21.246161
19.049644
16.418695
13.360977
9.149654
4.763774
1.158714
-2.336502
-5.643708
-8.699553
-11.784519
-14.631578
-17.799650
-21.558659
-24.885620
-27.892249
-31.095062
-34.106118
-36.197220
-37.924903
-38.695335
-38.781847
-38.444655
-37.977185
-37.274531
-36.756652
-36.322219
-34.554856
-31.769446
-28.775930
-25.935854
-22.930929
-19.047090
-14.026846
-8.842264
-4.496234
-0.363077
3.649167
7.129226
10.521071
13.868809
16.859770
19.882747
22.563764
25.010109
27.696916
30.516216
32.730954
34.221922
35.076823
35.071373
34.967150
34.813370
34.102201
33.542769
33.240318
32.156365
30.682768
28.859036
26.734386
24.438586
22.285155
20.102603
17.473357
14.401845
10.512897
6.167718
2.387421
-1.164164
-4.620552
-7.780961
-10.814156
-13.896567
-17.015764
-20.705802
-24.273055
-27.355977
-30.408587
-33.524888
-35.630124
-37.437677
-38.711514
-38.916043
-38.503749
-38.010393
-37.377221
-36.825963
-36.355768
-34.952164
-32.460519
-29.477392
-26.582309
-23.628644
-20.130532
-15.451908
-10.135003
-5.523818
-1.298359
2.682550
6.292718
9.780611
13.102804
16.032117
18.987145
21.869966
24.276631
26.719911
29.451847
31.795842
33.511094
34.507854
34.708125
34.651586
34.484012
33.883367
33.044985
32.724312
32.106979
30.767407
29.002598
27.056762
24.826867
22.742067
20.678895
18.089158
15.264750
11.679615
7.327284
3.285578
-0.098603
-3.471715
-6.655284
-9.707042
-12.776341
-15.658140
-19.107035
-22.899594
-26.168653
-29.236419
-32.128096
-34.644604
-36.661455
-38.104228
-38.634879
-38.435629
-38.079534
-37.507670
-36.762101
-36.318302
-35.495247
-33.277443
-30.239650
-27.320555
-24.469750
-21.329607
-17.008611
-11.772939
-6.848744
-2.668415
1.396622
5.148649
8.496727
11.906794
15.096664
18.094097
21.059683
23.632731
26.012489
28.718880
31.456777
33.216817
34.406866
34.957784
34.862757
34.770966
34.306731
33.459663
32.963753
32.418626
31.146663
29.518604
27.741705
25.500570
23.186207
21.056959
18.671751
15.898943
12.510334
8.241790
4.089390
0.505277
-2.903427
-6.215572
-9.269374
-12.440000
-15.484606
-18.733229
-22.328241
-25.657586
-28.736421
-31.658752
-34.312691
-36.343336
-37.903445
-38.739102
-38.778271
-38.180351
-37.560293
-36.803654
-36.300591
-35.612924
-33.786467
-30.927999
-27.953897
-25.021178
-21.858726
-17.910855
-12.903554
-7.695981
-3.320490
0.836679
4.593304
8.114747
11.518853
14.717068
17.546415
20.467724
23.203237
25.458847
27.965818
30.640875
32.799414
34.099647
34.711872
34.601518
34.494911
34.308774
33.521823
32.759394
32.348633
31.402281
29.743740
27.899402
25.802510
23.455279
21.441323
19.010476
16.675336
13.669900
9.730033
5.399329
1.683916
-1.726832
-5.028759
-8.089713
-11.189495
-14.179604
-17.102105
-20.627465
-24.346454
-27.404342
-30.358008
-33.260414
-35.518238
-37.273339
-38.387094
-38.564205
-38.238764
-37.803480
-37.182910
-36.488601
-35.937343
-34.541062
-31.901598
-28.910637
-26.111432
-23.392779
-19.873210
-15.169212
-9.906462
-5.258322
-1.017366
3.040348
6.706885
10.076591
13.255903
16.253165
19.112144
22.011144
24.487632
26.972294
29.878957
32.290050
33.857141
34.775904
34.802130
34.637962
34.511771
33.947059
33.283745
33.019270
32.257012
30.786651
29.070037
27.017934
24.668319
22.543328
20.473685
18.123559
15.271051
11.558873
7.262741
3.162963
-0.413145
-3.899676
-7.173334
-10.167020
-13.211966
-16.183853
-19.631897
-23.343222
-26.613474
-29.709169
-32.713073
-35.239799
-37.046841
-38.466113
-39.029292

