15.173980
11.881249
8.513076
4.891498
0.950609
-2.702304
-5.706719
-8.711304
-12.007781
-15.172107
-18.485614
-21.149601
-23.575681
-26.376418
-29.282910
-31.847443
-34.427132
-36.624670
-37.437166
-37.041562
-36.433765
-35.298041
-34.064054
-33.154999
-32.269444
-31.200136
-30.004638
-28.107507
-25.658607
-22.801672
-19.064290
-14.729159
-10.478156
-6.314175
-2.309765
1.191071
5.007812
8.356401
10.886703
13.191870
15.713317
18.371514
21.461759
24.678537
27.240855
29.384579
31.611749
33.227716
34.116847
34.505640
34.269094
33.840282
33.481121
33.195359
32.541922
31.997136
30.620439
28.277295
25.787864
22.823470
19.293002
15.860796
12.530429
9.065526
5.483798
1.700606
-2.091782
-5.229030
-8.235148
-11.557511
-14.656612
-17.819405
-20.792995
-23.203748
-25.796039
-28.611251
-31.201839
-33.746447
-36.108494
-37.187508
-37.138632
-36.571026
-35.473619
-33.968176
-32.748665
-31.909091
-31.002419
-29.821396
-28.130838
-25.967019
-23.325682
-19.948483
-15.607221
-11.226279
-7.015467
-3.040007
0.687838
4.204682
7.592269
10.252510
12.504544
14.965705
17.462628
20.194054
23.505007
26.383570
28.419835
30.303172
32.062020
33.217669
33.710343
33.728906
33.296006
33.057587
32.739128
32.110385
31.618731
30.726024
28.627259
26.201180
23.501090
20.239353
16.805274
13.547455
10.210616
6.698200
3.045286
-0.884533
-4.091433
-6.951775
-9.996040
-13.115406
-16.309193
-19.361121
-21.858556
-24.397033
-27.327027
-29.971259
-32.427311
-34.795829
-36.392723
-36.715099
-36.452157
-35.719872
-34.390688
-33.204896
-32.341480
-31.417438
-30.367374
-29.073783
-26.926143
-24.488824
-21.601915
-17.708540
-13.466903
-9.211132
-4.916532
-1.309088
2.254588
5.886384
8.942740
11.238711
13.614893
16.091040
18.836430
21.950006
25.246825
27.765206
29.929876
31.831094
33.232485
33.941099
34.171002
33.977543
33.640010
33.400059
32.906362
32.528298
31.901768
30.065264
27.711562
25.225537
21.990538
18.398081
15.235628
12.029580
8.516482
4.881620
0.996249
-2.681698
-5.591937
-8.690187
-12.033326
-15.227454
-18.478291
-21.242414
-23.674624
-26.542459
-29.436009
-31.984363
-34.635237
-36.680698
-37.347930
-37.134545
-36.621094
-35.503592
-33.985376
-32.799414
-31.786987
-30.655180
-29.182604
-27.080945
-24.591344
-21.561555
-17.699003
-13.208219
-9.012733
-4.863058
-0.988586
2.430167
5.743844
8.762053
10.932343
12.786899
14.944077
17.075539
19.637517
22.587776
24.904524
26.732002
28.459685
30.007022
31.040226
31.355109
31.154667
31.068666
31.050955
31.013148
30.561686
30.480453
29.577187
27.779511
25.744949
23.211070
20.080975
17.046247
14.045749
10.859285
7.592440
3.953832
0.187159
-2.974783
-5.606753
-8.760180
-12.172971
-15.733412
-18.602099
-21.212612
-24.029698
-27.213778
-30.043125
-32.720566
-35.188709
-36.596400
-36.786624
-36.319324
-35.469191
-34.235716
-33.336537
-32.534259
-31.497478
-30.434132
-28.893096
-26.621308
-24.009943
-20.671061
-16.433511
-12.305123
-8.152894
-4.159382
-0.608138
2.927099
6.497077
9.359632
11.614050
13.939823
16.506059
19.319739
22.523233
25.394474
27.943168
30.194010
32.135929
33.577681
34.296683
34.331764
33.982822
33.718177
33.434459
32.974822
32.758032
31.985555
30.044488
27.822597
25.177513
21.756547
17.995323
14.740740
11.363711
7.691213
3.937653
0.111376
-3.480230
-6.452118
-9.869507
-13.481038
-16.909838
-20.203250
-23.017270
-25.848491
-28.516224
-31.258890
-33.722605
-36.426783
-38.196700
-38.683755
-38.317953
-37.525552
-36.084993
-34.587213
-33.400570
-32.196726
-30.860220
-29.346432
-27.069194
-24.457148
-21.400792
-17.186574
-12.469973
-8.087158
-3.799541
0.315223
4.101651
7.787943
11.055980
13.297967
15.634639
18.048457
20.600046
23.720264
26.840993
29.268605
31.095913
32.772848
34.043448
34.596239
34.471239
33.833981
33.344030
32.892738
32.201494
31.427996
30.632019
28.760263
26.208673
23.447786
20.314285
16.722509
13.484955
10.302407
6.857600
3.271954
-0.421660
-4.086154
-7.087673
-9.926558
-12.959242
-15.824352
-18.730504
-21.266597
-23.489339
-25.983879
-28.838941
-31.139680
-33.507347
-35.471235
-36.274195
-35.900729
-35.200119
-33.997638
-32.628093
-31.687873
-30.762298
-29.682602
-28.592518
-26.873350
-24.567161
-22.007738
-18.510989
-14.460427
-10.373933
-6.374461
-2.620901
0.799894
4.311800
7.591929
9.997743
12.098040
14.371191
16.799825
19.530739
22.734404
25.503295
27.721269
29.815265
31.629290
32.506159
33.023698
32.993385
32.714265
32.663345
32.490492
32.167264
32.113280
31.356812
29.311691
26.949133
24.265902
20.893642
17.508779
14.723369
11.438642
7.970333
4.050050
0.360864
-2.979210
-5.858796
-9.226969
-12.577772
-15.934195
-19.040619
-21.670376
-24.638687
-27.867045
-30.700650
-33.512115
-36.283221
-37.855591
-38.224799
-37.977695
-37.345205
-35.999673
-34.973621
-34.195014
-33.271483
-32.174928
-30.563559
-28.287854
-25.748014
-22.469929
-18.164090
-13.661214
-9.334087
-4.986695
-0.946692
2.790860
6.622928
9.789637
12.277024
15.043020
17.763036
20.654202
24.061033
27.344738
29.859543
31.987940
33.913851
35.158736
35.862923
35.816090
35.257169
34.962893
34.618037
33.865145
33.230952
32.366855
30.266047
27.572768
24.683816
21.171570
17.437424
14.105524
10.596854
6.887913
3.060613
-1.009873
-4.682881
-7.721526
-10.756084
-14.136348
-17.342227
-20.510129
-23.012672
-25.415421
-28.188058
-30.871289
-33.242532
-35.610369
-37.276404
-37.624325
-37.072386
-36.195517
-34.809623
-33.397504
-32.242707
-31.098468
-29.847281
-28.393098
-26.304722
-23.719072
-20.781415
-16.879354
-12.577091
-8.450236
-4.342284
-0.398670
3.107446
6.608963
9.741102
11.926889
14.076914
16.285692
18.753324
21.567345
24.568864
26.915584
28.781039
30.577864
31.998158
32.629626
32.690082
32.302993
31.884568
31.660795
31.187194
30.738115
30.265876
28.798921
26.457821
24.246999
21.377972
17.925841
14.717919
11.820793
8.651188
5.289997
1.634700
-1.840081
-4.744700
-7.511548
-10.536909
-13.488872
-16.496352
-19.216537
-21.643809
-24.303028
-27.080434
-29.529844
-32.262121
-34.552813
-35.546848
-35.507338
-35.120419
-34.295491
-32.977036
-32.186508
-31.552996
-30.804191
-29.918637
-28.378453
-26.324987
-23.958513
-20.788227
-16.571965
-12.438808
-8.389439
-4.615784
-1.162461
2.411093
5.781140
8.504050
10.837146
13.512203
16.222681
19.403015
22.828579
25.843893
28.169666
30.365671
32.253776
33.616338
34.428494
34.432752
34.290552
34.292255
34.080914
33.640521
33.281190
32.358510
30.247825
27.865853
25.138003
21.661520
18.099546
14.793362
11.209931
7.440022
3.616640
-0.264134
-3.820317
-6.887232
-10.242803
-13.584920
-17.026152
-20.355327
-22.996664
-25.683982
-28.793301
-31.529495
-34.155335
-36.667926
-38.193294
-38.536787
-38.174561
-37.336179
-35.838229
-34.718343
-33.699444
-32.574620
-31.275920
-29.696737
-27.423586
-24.691309
-21.291971
-16.968250
-12.362344
-7.971695
-3.605059
0.367846
4.088197
7.787262
10.905606
13.402360
15.771389
18.322979
21.139213
24.440289
27.406216
29.641220
31.489304
33.271824
34.377745
34.861735
34.785952
34.237759
33.672878
33.235891
32.394954
31.732321
30.875547
28.685672
26.062727
23.364850
19.939457
16.202075
12.918370
9.669236
6.106411
2.409390
-1.453161
-4.927090
-7.752521
-10.753019
-13.911213
-16.846316
-19.703593
-22.058146
-24.431092
-27.109044
-29.624190
-31.831946
-34.267562
-35.952670
-36.321538
-35.786458
-35.068648
-33.647844
-32.157557
-31.094721
-30.202355
-29.180731
-27.865001
-25.950500
-23.635966
-20.921401
-17.320599
-13.066360
-8.917706
-5.036252
-1.348768
2.087355
5.481073
8.515971
10.699034
12.867110
15.196630
17.591885
20.628657
23.779699
26.241541
28.123515
30.020475
31.463419
32.332284
32.631499
32.397338
32.111066
32.093866
31.782900
31.363113
31.033754
29.881682
27.624880
25.261641
22.474698
19.094774
16.059194
13.115236
9.843452
6.230218
2.599273
-1.045465
-3.946679
-6.944452
-10.075569
-13.108594
-16.505207
-19.378832
-21.872350
-24.695396
-27.774743
-30.508041
-33.189910
-35.555703
-36.642892
-36.760058
-36.566939
-35.670144
-34.458467
-33.620255
-32.962050
-32.146318
-31.016724
-29.488461
-27.284282
-24.592025
-21.133763
-16.853128
-12.665476
-8.389269
-4.305669
-0.456572
3.305333
6.871394
9.631429
12.081521
14.665467
17.424652
20.584038
24.122340
27.181421
29.567480
31.795672
33.694506
34.840107
35.302809
35.272837
34.909078
34.772328
34.418447
33.804178
33.307246
32.153300
29.696056
27.193853
24.286849
20.643813
16.845294
13.532979
9.953294
6.237711
2.259016
-1.778432
-5.289997
-8.378710
-11.724915
-15.149287
-18.516438
-21.554572
-24.091516
-26.681423
-29.553516
-32.118559
-34.470728
-36.938361
-38.287129
-38.205726
-37.654298
-36.629438
-35.076482
-33.684117
-32.589095
-31.425101
-30.047723
-28.377942
-26.028837
-23.317678
-20.026650
-15.735967
-11.196647
-6.780624
-2.647127
1.148326
4.916361
8.526870
11.286395
13.373579
15.684877
18.066168
20.711252
23.877961
26.784965
28.910977
30.698776
32.230616
33.337559
33.722094
33.460685
32.834155
32.386099
32.095909
31.357152
30.767407
29.839277
27.830941
25.348834
22.657599
19.334214
15.855517
12.716566
9.587152
6.135702
2.509696
-1.159736
-4.460130
-7.185084
-10.043894
-12.976783
-15.892982
-18.885817
-21.274430
-23.564611
-26.280199
-28.947081
-31.274046
-33.716985
-35.326311
-35.637958
-35.245589
-34.568310
-33.295665
-32.109874
-31.362602
-30.575139
-29.587575
-28.407574
-26.541097
-24.251257
-21.488326
-17.691510
-13.570104
-9.523800
-5.681685
-2.087355
1.361029
4.825933
7.869176
10.151523
12.450559
14.868975
17.458882
20.628486
23.960727
26.497500
28.679371
30.764341
32.438040
33.353397
33.659424
33.583300
33.390352
33.349139
32.961879
32.655682
32.274042
30.907222
28.567655
26.176827
23.181438
19.720112
16.397578
13.192041
9.807348
6.205014
2.198900
-1.422167
-4.516670
-7.669074
-11.046444
-14.475414
-17.963307
-20.849024
-23.524250
-26.468549
-29.515369
-32.117367
-34.777607
-37.038156
-38.011244
-37.942444
-37.490470
-36.553655
-35.232476
-34.277950
-33.377239
-32.336712
-31.134401
-29.182775
-26.722976
-23.944548
-20.218577
-15.679087
-11.120694
-6.621906
-2.606767
1.238244
5.198547
8.817230
11.388063
13.726098
16.470466
19.123554
22.289072
25.682109
28.491701
30.758551
32.838242
34.366846
35.357475
35.677126
35.366842
34.910781
34.582274
34.047025
33.384562
32.639163
31.146492
28.739827
26.003293
22.902659
19.068377
15.496697
12.079648
8.560249
4.808562
0.847578
-2.944299
-6.253549
-9.187460
-12.425865
-15.603815
-18.836090
-21.676506
-24.088791
-26.545865
-29.361759
-31.798737
-34.162998
-36.340441
-37.241663
-37.091970
-36.530324
-35.415207
-33.807584
-32.590287
-31.573772
-30.322075
-29.036318
-27.379649
-25.151287
-22.571938
-19.088643
-14.834234
-10.553088
-6.499631
-2.483640
1.124654
4.605736
7.920776
10.562454
12.673310
15.062264
17.373392
20.041125

