11.409862
15.249082
18.502304
21.148920
23.675816
26.053531
28.390203
30.458314
31.830754
32.139846
32.167605
31.733172
31.045505
30.558790
30.072757
29.105289
28.342690
27.466672
25.719404
23.494278
21.078076
18.183844
15.229838
12.006078
8.276871
4.702125
1.913309
-0.651564
-3.198045
-5.853857
-9.045771
-12.203796
-14.885834
-17.609767
-20.287718
-22.556441
-24.868590
-27.148383
-28.668301
-29.655525
-30.023030
-29.926130
-30.047042
-30.007533
-29.830933
-29.949461
-30.509233
-30.257361
-29.151780
-26.854277
-24.784803
-23.138693
-20.869289
-17.132248
-13.232912
-9.543044
-6.014449
-2.765826
-0.013283
2.861023
6.257296
9.956360
13.784170
17.403875
20.318713
22.953919
25.560345
27.840648
30.173063
31.964779
32.633884
32.722780
32.486405
31.832967
31.392915
30.975682
30.177321
29.122659
28.364999
26.853595
24.532761
22.227424
19.476073
16.494989
13.394356
9.723221
5.996227
2.882992
0.116314
-2.669437
-5.454166
-8.445467
-11.683873
-14.618465
-17.268828
-20.051173
-22.605998
-24.913039
-27.255501
-29.057775
-30.136279
-30.776262
-30.636447
-30.292443
-30.221088
-30.085700
-29.991014
-30.495099
-30.584846
-29.582296
-27.617557
-25.111948
-23.195744
-21.192346
-17.876966
-13.846840
-10.065181
-6.425721
-3.124305
-0.219175
2.684082
6.069115
9.507111
13.193744
16.920396
20.003489
22.595099
25.027990
27.301141
29.607330
31.546014
32.364130
32.537835
32.432079
31.675441
30.933278
30.512129
29.814414
28.817143
27.972460
26.700326
24.610247
22.302866
19.727434
16.735452
13.792855
10.303429
6.605557
3.263780
0.647477
-1.971040
-4.582916
-7.454497
-10.649306
-13.513395
-16.025134
-18.890074
-21.372352
-23.632050
-26.014873
-27.905021
-29.317992
-30.046701
-30.066286
-29.843024
-29.796873
-29.722793
-29.535294
-29.970578
-30.448777
-29.909611
-28.151444
-25.680235
-23.765905
-22.139549
-19.298451
-15.386684
-11.558192
-7.997240
-4.606417
-1.599618
1.118864
4.269396
7.765463
11.487859
15.186753
18.485955
21.141427
23.867232
26.295185
28.519630
30.648879
32.073770
32.512631
32.545498
32.005480
31.212057
30.781712
30.333144
29.532228
28.753281
27.832304
26.044675
23.721627
21.233559
18.443891
15.433686
12.055295
8.252689
4.747765
1.907349
-0.715937
-3.455196
-6.232773
-9.359121
-12.555633
-15.315669
-18.099036
-20.774603
-23.112467
-25.490182
-27.718033
-29.111760
-30.059304
-30.472789
-30.339616
-30.282395
-30.280011
-30.063220
-30.286482
-30.792611
-30.507360
-29.197080
-26.900428
-24.602583
-23.012161
-20.641940
-16.858578
-12.886865
-9.060247
-5.462681
-2.263444
0.336851
3.412962
6.907838
10.532652
14.242785
17.794882
20.663738
23.377623
25.817496
28.190102
30.527285
32.046012
32.564742
32.709667
32.459668
31.709671
31.142916
30.730622
29.898030
28.879472
28.084857
26.489667
24.232183
21.840845
19.016436
16.036204
12.871197
9.266308
5.578143
2.449410
-0.237567
-2.798864
-5.489928
-8.632115
-11.811086
-14.637538
-17.286028
-20.079442
-22.522892
-24.856670
-27.164221
-28.860569
-29.965299
-30.473130
-30.372994
-30.084338
-30.048404
-29.936007
-29.756853
-30.227389
-30.380147
-29.406888
-27.312211
-24.883917
-23.098503
-21.103791
-17.760141
-13.772079
-10.103668
-6.496566
-3.245217
-0.318289
2.476147
5.757809
9.274312
13.073172
16.757761
19.747530
22.405045
24.924278
27.291945
29.573611
31.506504
32.422202
32.498666
32.319852
31.625203
31.032051
30.714784
30.037335
28.988123
28.219734
27.074644
24.941138
22.563083
19.960403
17.069238
14.050007
10.471685
6.661926
3.383500
0.670978
-1.902410
-4.693440
-7.472549
-10.637215
-13.620683
-16.264234
-19.084215
-21.538224
-23.767437
-26.201350
-28.128794
-29.280697
-30.077015
-30.272858
-29.992546
-30.001572
-29.992546
-29.827697
-30.254126
-30.554363
-29.861927
-28.138161
-25.703396
-23.801156
-22.079945
-19.185884
-15.365737
-11.589187
-7.803270
-4.322188
-1.457930
1.376016
4.640307
8.016995
11.678083
15.425682
18.752984
21.419014
23.980652
26.408604
28.784105
30.905179
32.283579
32.554354
32.492535
32.056911
31.431913
31.009742
30.479601
29.629469
28.732504
27.718544
25.808811
23.528848
21.077565
18.210411
15.155247
11.886699
8.042540
4.588536
1.762765
-0.901563
-3.567934
-6.376845
-9.648970
-12.708391
-15.484776
-18.286364
-21.007742
-23.316656
-25.659970
-27.845587
-29.337406
-30.219555
-30.487095
-30.300447
-30.302320
-30.285631
-30.040741
-30.217682
-30.729941
-30.450140
-29.173749
-26.785816
-24.616548
-22.949491
-20.520347
-16.584226
-12.613705
-8.938823
-5.250147
-1.850809
0.769070
3.667729
7.141147
10.724238
14.710086
18.341371
21.042313
23.504496
26.082993
28.430734
30.579056
32.177653
32.732827
32.724142
32.343524
31.589270
31.049081
30.582292
29.699802
28.708151
27.813230
26.232004
23.943016
21.420206
18.730845
15.852111
12.574196
8.873599
5.147798
2.215930
-0.443629
-3.109659
-5.756106
-8.830513
-11.904921
-14.646735
-17.384461
-20.169020
-22.534132
-24.820055
-27.151959
-28.761625
-29.685157
-30.146156
-30.119760
-29.965299
-29.944011
-29.750381
-29.768773
-30.353069
-30.201333
-29.123511
-27.030196
-24.662699
-22.976228
-21.000930
-17.576899
-13.647250
-10.036741
-6.281989
-3.029619
-0.314031
2.544948
5.883149
9.415320
13.069766
16.616923
19.764900
22.371837
24.982861
27.302674
29.601880
31.435490
32.282557
32.324791
32.203538
31.643254
31.138318
30.803510
30.076674
29.172046
28.358187
26.994433
24.763857
22.510290
19.954784
17.019340
13.929946
10.394369
6.630421
3.425564
0.627041
-2.032859
-4.506963
-7.556507
-10.843107
-13.700553
-16.452755
-19.228288
-21.815300
-24.137497
-26.515211
-28.424093
-29.579060
-30.353410
-30.413185
-30.181408
-30.273029
-30.253615
-30.112948
-30.452013
-30.824968
-30.130489
-28.282063
-25.729622
-23.870128
-22.049802
-19.206660
-15.134130
-11.285373
-7.572004
-4.038811
-1.029457
1.743521
4.910060
8.368833
12.147767
15.939134
19.211258
21.967377
24.519988
26.981660
29.327869
31.343358
32.539197
32.820531
32.758032
32.282387
31.544822
31.256335
30.684641
29.665061
28.745106
27.604955
25.604793
23.272208
20.685707
17.873219
14.805794
11.413779
7.487876
3.982782
1.193285
-1.517875
-4.207918
-6.981747
-10.178259
-13.222865
-16.071115
-18.812929
-21.435022
-23.680414
-26.048422
-28.299604
-29.587916
-30.409438
-30.539547
-30.374357
-30.285290
-30.127934
-29.818501
-30.163356
-30.530861
-30.021667
-28.474331
-26.060172
-24.000066
-22.250073
-19.684008
-15.792676
-12.081691
-8.364575
-4.773140
-1.658031
0.961849
4.057033
7.532324
11.117799
14.813968
18.170561
20.945753
23.578065
25.996651
28.221607
30.379466
31.961543
32.425438
32.312189
31.957115
31.237432
30.774219
30.331271
29.366527
28.513159
27.753966
26.032073
23.710387
21.423953
18.716540
15.693733
12.499605
8.792366
5.167723
2.368689
-0.369549
-3.006458
-5.528586
-8.691038
-11.903218
-14.623404
-17.323494
-19.985437
-22.419180
-24.722304
-26.954583
-28.544664
-29.651097
-30.221769
-30.148200
-30.048745
-29.998847
-30.014174
-30.091149
-30.548062
-30.524901
-29.493059
-27.306080
-24.961233
-23.336921
-21.380186
-17.804248
-13.811418
-10.008812
-6.392854
-3.206049
-0.375339
2.573729
6.028414
9.490422
13.263396
16.896214
19.920213
22.567000
25.177343
27.655533
29.969045
31.757525
32.574279
32.710688
32.518932
31.809126
31.281880
30.955757
30.232498
29.354095
28.516735
27.190787
24.861268
22.515569
19.817182
16.910178
13.816697
10.319778
6.404434
3.215756
0.603540
-2.054657
-4.833596
-7.781982
-11.045592
-13.998236
-16.700711
-19.568716
-22.018637
-24.289404
-26.688405
-28.637988
-29.693161
-30.438048
-30.484029
-30.348982
-30.332293
-30.106987
-29.918466
-30.415569
-30.720404
-29.846600
-27.973652
-25.563921
-23.738827
-21.822623
-18.788746
-14.860630
-11.017493
-7.305316
-3.796986
-0.827483
1.909392
5.184753
8.665494
12.234109
16.043186
19.386496
22.049120
24.577550
26.917287
29.151440
31.221424
32.434123
32.709326
32.525914
31.985726
31.265872
30.856984
30.152798
29.132707
28.471436
27.368580
25.332996
22.948129
20.574672
17.615727
14.597859
11.195285
7.258313
3.902061
1.178299
-1.396963
-3.936631
-6.671803
-9.895052
-13.032130
-15.794039
-18.439463
-21.091018
-23.380859
-25.596448
-27.611767
-29.046876
-29.946906
-30.254466
-30.065264
-30.004297
-29.950312
-29.743399
-29.960190
-30.370951
-30.001061
-28.602396
-26.266405
-24.166277
-22.543328
-20.128318
-16.343423
-12.383631
-8.650678
-5.096538
-2.075604
0.561135
3.599269
6.960290
10.531970
14.475243
17.997197
20.806619
23.370981
25.779690
28.097459
30.350345
31.850679
32.416412
32.517740
32.294989
31.488112
31.071731
30.617373
29.712575
28.725863
27.932950
26.331118
24.127790
21.802017
19.037213
16.069072
12.736320
9.046452
5.205699
2.336843
-0.252383
-2.826112
-5.479370
-8.503028
-11.817387
-14.696292
-17.549992
-20.343917
-22.723334
-24.901628
-27.201005
-28.799602
-29.828548
-30.319010
-30.297041
-30.292613
-30.264173
-30.018602
-30.058111
-30.585527
-30.454738
-29.352052
-27.190277
-24.956805
-23.339646
-21.323647
-17.797777
-13.876472
-10.064670
-6.286246
-2.880607
-0.039509
2.695322
5.921125
9.531123
13.283151
16.931806
20.080464
22.716863
25.215830
27.485916
29.677493
31.554358
32.436166
32.581091
32.453878
31.844718
31.305041
30.910798
30.137471
29.056753
28.302329
27.051483
24.799109
22.515910
19.977263
17.057828
13.812610
10.179622
6.279945
3.123113
0.447546
-2.113581
-4.709789
-7.456371
-10.740757
-13.728993
-16.482387
-19.318717
-21.827221
-24.152654
-26.338271
-28.165409
-29.347283
-30.131340
-30.246462
-30.049256
-30.063220
-30.037505
-29.806410
-30.136279
-30.327524
-29.629299
-27.861936
-25.466851
-23.653678
-21.977595
-19.170386
-15.146562
-11.203630
-7.504736
-4.049199
-1.185962
1.563685
4.670109
8.014270
11.726277
15.540123
18.844945
21.603959
24.144990
26.469912
28.718540
30.765363
31.948430
32.350166
32.378946
31.894105
31.045164
30.691624
30.211551
29.117891
28.366021
27.403150
25.596108
23.343393
20.973001
18.154894
15.156610
11.761699
7.914986
4.374129
1.673017
-0.828334
-3.408875
-6.136383
-9.346179
-12.420416
-15.262706
-18.094097
-20.808833
-23.051500
-25.269985
-27.441127
-28.869935
-29.790742
-30.124187
-30.023030
-30.117886
-30.057941
-29.817309
-30.061007
-30.598640
-30.296019
-28.885433
-26.543992
-24.546044
-22.994961
-20.586423
-16.855001
-12.806313
-9.026017
-5.324909
-2.168247
0.447035
3.404277
6.724766
10.426896
14.135327
17.688104
20.642281
23.317337
25.807449
28.001922
30.249187
31.927994
32.522508
32.665389
32.350506
31.681061
31.195198
30.793292
29.845919
28.932776
28.151444
26.530027
24.184329
21.799632
19.036531
16.142641
12.979507
9.282316
5.486012
2.474104
-0.143392
-2.810614
-5.513770
-8.436612
-11.751992
-14.615399
-17.345292
-20.034143
-22.486789
-24.830444
-27.114664
-28.795174
-29.854774
-30.423573
-30.342340
-30.231646

