-35.067967
-32.965626
-30.064072
-27.084010
-24.276972
-21.203927
-17.139571
-12.111664
-7.104703
-2.902916
1.103537
4.825251
8.281469
11.620692
14.803920
17.615727
20.448991
22.969416
25.176491
27.686868
30.382701
32.306399
33.615487
34.223284
34.102712
33.821889
33.506496
32.678843
32.089438
31.765188
30.756167
29.126917
27.408430
25.431599
23.308311
21.345786
19.142287
16.545738
13.469117
9.575231
5.462510
1.859835
-1.593828
-4.799536
-7.898126
-10.870355
-13.840709
-16.732216
-20.430429
-23.767608
-26.969910
-29.967512
-32.782555
-35.059282
-36.857809
-37.995236
-38.261243
-37.904637
-37.482636
-37.000860
-36.512954
-36.070006
-34.661804
-32.049758
-29.195377
-26.450157
-23.537023
-20.061731
-15.248231
-9.995018
-5.459275
-1.336506
2.584457
6.168570
9.687117
13.003009
16.155413
19.016266
21.948303
24.464641
26.988132
29.993738
32.405342
34.024715
34.878254
34.986564
35.020113
35.004956
34.444843
33.786978
33.453022
32.725845
31.166928
29.272693
27.312551
25.153841
23.027829
20.865713
18.394164
15.408652
11.562450
6.936959
2.852678
-0.643219
-4.122087
-7.516657
-10.682174
-13.850076
-16.869136
-20.369462
-24.180412
-27.451175
-30.585527
-33.502068
-36.020620
-37.840434
-39.072377
-39.506129
-39.256641
-38.748128
-38.038492
-37.162645
-36.742687
-35.625696
-33.095734
-29.901607
-26.873861
-23.967539
-20.565816
-15.954120
-10.534184
-5.733456
-1.335825
2.824579
6.480387
10.000808
13.516290
16.666651
19.559690
22.375413
24.767092
27.069875
29.791934
32.299927
33.894777
34.941265
35.065583
34.826313
34.533058
34.040042
33.151082
32.566445
31.877756
30.435324
28.616871
26.766402
24.404866
22.321258
20.256553
17.860447
15.233755
11.673655
7.397788
3.302097
-0.229904
-3.556013
-6.788969
-9.731565
-12.710094
-15.570436
-18.730504
-22.255863
-25.402137
-28.330769
-31.571559
-34.223284
-35.952330
-37.353039
-38.076809
-37.981612
-37.507159
-37.033898
-36.342655
-35.867691
-35.121611
-33.261095
-30.346598
-27.519294
-24.630172
-21.656752
-17.796244
-12.784175
-7.783175
-3.427948
0.655310
4.293578
7.627521
10.987009
14.170749
17.165456
20.110948
22.730657
25.039400
27.665411
30.422211
32.528809
33.811671
34.368379
34.288338
34.286976
34.097774
33.413683
32.798563
32.494068
31.522512
29.841832
28.104782
26.104110
23.995127
22.059849
19.824845
17.186914
14.138733
10.066714
5.699907
1.949753
-1.420464
-4.846028
-8.008310
-11.164972
-14.205830
-17.302377
-21.010467
-24.531399
-27.731657
-30.970573
-33.811842
-36.056042
-37.752220
-38.709641
-38.913318
-38.587877
-38.331066
-37.634543
-37.032706
-36.480767
-34.973281
-32.218695
-29.222795
-26.281561
-23.399762
-19.681794
-14.697313
-9.558712
-4.974774
-0.614950
3.454174
7.113900
10.650669
14.006410
17.096315
20.002638
22.859914
25.267771
27.828387
30.710697
32.943657
34.487758
35.281522
35.325118
35.197054
34.979582
34.263304
33.631325
33.242532
32.232659
30.620268
28.720413
26.683637
24.373531
22.300141
20.102944
17.528875
14.493806
10.547468
6.099428
2.020768
-1.343489
-4.732268
-8.031981
-10.972364
-13.973372
-17.052889
-20.592042
-24.183818
-27.315446
-30.303683
-33.423049
-35.701139
-37.331922
-38.581746
-38.864783
-38.636753
-38.002900
-37.357296
-36.622286
-36.152601
-34.888812
-32.362597
-29.371807
-26.437044
-23.556948
-20.152671
-15.603474
-10.288273
-5.481584
-1.324926
2.676930
6.230559
9.687458
13.074364
16.147409
18.995149
21.828924
24.356331
26.651110
29.318162
31.778642
33.458812
34.468344
34.653459
34.460000
34.336873
33.761433
32.953705
32.275404
31.713588
30.387640
28.573786
26.700156
24.529525
22.578069
20.497356
17.976761
15.203272
11.770214
7.442066
3.331559
0.021969
-3.256117
-6.572349
-9.575912
-12.663433
-15.572139
-18.741063
-22.400447
-25.608710
-28.518268
-31.436341
-34.076827
-36.004952
-37.532193
-38.092477
-38.012777
-37.697383
-37.150042
-36.395448
-36.068644
-35.349131
-33.346755
-30.406203
-27.553865
-24.785485
-21.673611
-17.594780
-12.522766
-7.505417
-3.325599
0.681196
4.435437
7.962670
11.329310
14.555625
17.605509
20.364523
22.899253
25.213787
27.900253
30.710697
32.748665
34.013305
34.619399
34.505980
34.470218
34.197228
33.470392
32.998494
32.637971
31.476361
29.903821
28.070041
25.950670
23.823466
21.877119
19.600221
16.940151
13.688292
9.500299
5.198717
1.523154
-2.002546
-5.406652
-8.525337
-11.612688
-14.681986
-17.854997
-21.673441
-25.181600
-28.304883
-31.443664
-34.452677
-36.443642
-38.062334
-39.048195
-39.090940
-38.449594
-38.090944
-37.501710
-36.866495
-36.367178
-34.541743
-31.629630
-28.748172
-26.009764
-22.844076
-18.973010
-14.032296
-8.781808
-4.180159
-0.032697
3.845351
7.447856
10.997908
14.370680
17.471995
20.443371
23.229122
25.620801
28.084346
30.758721
33.005987
34.512963
35.220555
35.228900
35.002742
34.864630
34.125022
33.292600
32.836029
31.827007
30.228921
28.358357
26.260785
23.981333
21.945068
19.670725
16.941343
13.912065
10.061945
5.570991
1.573222
-1.791375
-5.131960
-8.291858
-11.322839
-14.390945
-17.246689
-20.704780
-24.347305
-27.344227
-30.294657
-33.288002
-35.412993
-37.099804
-38.266693
-38.418600
-38.098437
-37.678140
-37.007843
-36.269426
-35.743373
-34.473624
-31.981128
-28.805392
-25.969063
-23.083006
-19.764900
-15.165295
-9.965215
-5.228009
-1.150881
2.857276
6.493160
9.886367
13.142143
16.127484
19.044025
21.770682
24.094922
26.360069
29.185499
31.676974
33.250877
34.184456
34.381832
34.191949
34.036466
33.423390
32.672371
32.465458
31.784092
30.386278
28.693335
26.777302
24.680070
22.580283
20.596130
18.250602
15.499592
12.055125
7.743495
3.718649
0.295128
-3.151383
-6.482431
-9.505238
-12.450218
-15.446799
-18.833365
-22.558485
-25.703566
-28.827531
-31.846591
-34.635748
-36.397151
-37.844522
-38.442271
-38.317101
-37.934269
-37.501710
-36.930186
-36.587715
-35.726854
-33.624513
-30.713933
-27.830771
-25.127275
-21.974530
-17.755713
-12.619666
-7.602658
-3.224952
0.903947
4.703999
8.132287
11.715037
14.946972
17.939806
20.878826
23.514203
25.914397
28.695890
31.367200
33.415215
34.669127
35.194840
34.999677
34.922191
34.680367
33.855779
33.319848
32.930204
31.748669
30.038868
28.022187
25.941644
23.818357
21.807977
19.472327
16.625098
13.357912
9.088687
4.738569
0.941242
-2.512762
-5.857263
-8.968796
-12.219633
-15.147243
-18.270697
-21.985599
-25.508233
-28.617041
-31.702008
-34.565415
-36.435638
-38.161448
-38.985014
-38.990123
-38.549389
-38.114446
-37.317446
-36.659070
-35.990306
-34.215621
-31.390871
-28.365169
-25.448118
-22.424119
-18.615041
-13.559886
-8.231061
-3.671306
0.402927
4.349947
7.918222
11.354685
14.647756
17.564297
20.492417
23.182120
25.404692
27.882883
30.724662
32.924243
34.202167
34.875018
34.768070
34.617696
34.468344
33.512967
32.710348
32.372304
31.258890
29.571738
27.766398
25.734050
23.560694
21.446092
19.235611
16.709566
13.785703
9.841067
5.513430
1.742499
-1.564196
-4.773821
-8.023296
-11.034863
-13.912065
-16.848530
-20.412207
-23.868254
-26.893275
-29.932090
-32.805545
-34.952845
-36.604064
-37.646634
-37.996599
-37.836007
-37.384885
-36.755800
-36.034414
-35.725491
-34.451825
-31.919990
-28.976543
-26.269129
-23.505858
-20.119292
-15.576397
-10.449886
-5.742652
-1.532861
2.446175
5.954163
9.356056
12.706178
15.715701
18.685886
21.397216
23.857185
26.159627
28.993913
31.444856
33.239297
34.288509
34.633194
34.426791
34.397500
33.940417
33.208983
32.779830
32.181740
30.839614
29.140541
27.240515
25.012493
23.015567
20.985263
18.489361
15.601431
12.175185
7.797991
3.731762
0.155824
-3.266164
-6.496906
-9.564332
-12.760503
-15.832356
-19.122022
-22.889546
-26.221446
-29.272522
-32.390186
-35.047531
-36.958456
-38.401399
-39.012943
-38.862739
-38.411447
-37.901912
-37.130117
-36.734853
-36.042929
-33.853906
-30.728408
-27.759586
-24.851390
-21.585396
-17.305272
-12.015104
-6.982769
-2.662454
1.315900
5.122593
8.723395
12.346847
15.595811
18.614701
21.716527
24.188416
26.342869
28.920685
31.722103
33.623661
34.884725
35.467829
35.210848
35.097088
34.583637
33.592667
32.957963
32.428162
31.163352
29.343367
27.426822
25.381531
23.095097
20.982538
18.656084
15.918698
12.554952
8.372068
4.050050
0.456912
-2.812317
-6.103345
-9.258645
-12.344463
-15.265601
-18.359763
-22.056103
-25.342192
-28.283085
-31.167950
-33.879621
-36.040545
-37.534918
-38.427455
-38.445677
-38.040876
-37.472418
-36.652258
-36.083119
-35.520962
-33.749172
-30.946561
-28.006349
-25.230135
-22.253990
-18.403019
-13.382094
-8.342266
-3.921134
0.138283
3.993171
7.341419
10.856901
14.149291
17.140082
19.977604
22.638866
24.833849
27.259588
29.981818
32.142230
33.616168
34.296002
34.414870
34.142903
34.052815
33.300434
32.604592
32.265357
31.487090
29.865503
28.113127
26.065111
23.991210
22.036007
19.917829
17.328944
14.402355
10.561602
6.269727
2.473082
-0.928640
-4.189185
-7.264614
-10.407482
-13.542686
-16.497544
-19.970792
-23.528167
-26.692663
-29.712745
-32.824959
-35.042082
-36.892039
-38.175583
-38.515840
-38.255283
-37.798371
-37.316254
-36.735194
-36.211525
-35.069670
-32.708475
-29.704911
-26.930400
-24.152313
-20.761830
-16.208717
-10.901690
-6.112371
-1.900537
2.105747
5.753381
9.328808
12.758630
15.885489
18.892799
21.828924
24.313416
26.533604
29.343196
31.876053
33.665385
34.677131
35.049745
34.921850
34.959146
34.361907
33.517565
32.989638
32.476187
31.038012
29.291255
27.372667
25.188753
23.124559
20.902497
18.485614
15.651499
12.051889
7.562297
3.377710
-0.089066
-3.503220
-6.894044
-9.941714
-13.038431
-15.943391
-19.302709
-23.016248
-26.278666
-29.307774
-32.365322
-35.070862
-36.813361
-38.171155
-38.821868
-38.708108
-38.309438
-37.618535
-36.822047
-36.365305
-35.509041
-33.358846
-30.369929
-27.411325
-24.576187
-21.427699
-17.240047
-12.032304
-7.048845
-2.638442
1.470191
5.199909
8.503539
11.999607
15.322821
18.248217
21.184513
23.714815
25.940112
28.468370
31.108516
32.999175
34.266199
34.757853
34.645796
34.493038
34.161125
33.301967
32.579218
32.073430
30.859028
29.223136
27.318682
25.193180
23.001943
21.015576
18.813099
16.172103
12.993813
8.885860
4.665170
1.021624
-2.368689
-5.601474
-8.622238
-11.766979
-14.777354
-17.840522
-21.308831
-24.572270
-27.596269
-30.701842
-33.574104
-35.601684
-37.165540
-38.145440
-38.186993
-37.805523
-37.395103
-36.682912
-36.131825
-35.489287
-34.014157
-31.345231
-28.407574
-25.611435
-22.713457
-19.208874
-14.307499
-9.082726
-4.575593
-0.393050
3.410237
6.917204
10.314839
13.581685
16.466039
19.402334
22.241558
24.611439
27.057954
29.891559
32.168116
33.711536
34.423726
34.478562
34.343856
34.283229
33.714942
33.046688
32.642228
31.921353
30.259575
28.449978
26.458672
24.367571
22.372518
20.219598
17.772913
14.866420
11.064325
6.642171
2.722910
-0.752211

