-32.032558
-30.948094
-29.898030
-28.569698
-26.566471
-24.154016
-21.102599
-17.195770
-12.819937
-8.710452
-4.598754
-0.897476
2.553293
6.057365
9.114572
11.343445
13.630560
16.058002
18.630709
21.763529
24.877276
27.140379
29.142244
31.077010
32.443489
33.124685
33.329044
32.949277
32.585178
32.432420
31.958648
31.415565
30.922719
29.468025
27.198792
24.863482
21.903004
18.365553
15.149117
11.984621
8.658511
5.110162
1.182216
-2.320153
-5.258151
-8.119004
-11.358942
-14.456681
-17.801694
-20.454952
-22.918156
-25.657415
-28.540918
-30.946561
-33.535276
-35.692624
-36.595890
-36.416565
-35.983835
-35.113607
-33.908912
-32.973971
-32.160623
-31.154326
-30.042103
-28.360401
-26.000057
-23.426158
-19.834042
-15.514748
-11.321647
-7.169928
-3.207922
0.369549
4.090752
7.553952
10.225943
12.448175
15.012877
17.607382
20.596300
24.098669
26.995284
29.379811
31.552996
33.254794
34.463917
34.932750
34.631491
34.211023
33.974307
33.683777
33.160278
32.608168
31.448262
29.209171
26.603086
23.667812
20.086084
16.562598
13.307844
9.768861
6.158692
2.415691
-1.415866
-4.816055
-7.909196
-11.320114
-14.632600
-17.897061
-21.008594
-23.387671
-26.009083
-28.962237
-31.599828
-34.120594
-36.494221
-37.774358
-37.843500
-37.292583
-36.258698
-34.677982
-33.586536
-32.697916
-31.549420
-30.255829
-28.608527
-26.333673
-23.660149
-20.211935
-15.866927
-11.547804
-7.172312
-2.988066
0.600304
4.233973
7.922138
10.804449
13.032470
15.410525
17.849718
20.608902
23.921728
26.849168
28.959342
31.068495
32.782384
33.906528
34.364462
34.278972
33.757005
33.363955
32.962390
32.334839
31.816619
30.965975
28.768608
26.274409
23.573978
20.145859
16.673974
13.323171
10.069438
6.670782
3.032344
-0.738076
-4.136733
-6.985664
-10.073696
-13.331005
-16.524451
-19.455978
-21.799632
-24.248872
-27.103083
-29.782227
-32.094717
-34.528800
-36.229406
-36.544630
-36.138807
-35.451651
-34.158230
-32.883542
-32.073600
-31.275238
-30.210018
-29.001577
-26.869774
-24.487972
-21.653857
-17.786707
-13.430800
-9.187460
-5.068779
-1.448563
1.941238
5.495378
8.558035
10.987520
13.352973
15.813283
18.398081
21.591527
24.850879
27.358021
29.448441
31.378950
32.832623
33.700636
33.960683
33.685139
33.306905
33.202853
32.837221
32.320874
31.742028
30.175618
27.874197
25.436708
22.325175
18.741744
15.566519
12.362514
8.826256
5.168915
1.329694
-2.320324
-5.367313
-8.502688
-11.838504
-15.033143
-18.297945
-21.066666
-23.526805
-26.438747
-29.371636
-31.833819
-34.432241
-36.443302
-37.263462
-37.067788
-36.708798
-35.576650
-34.235716
-33.300093
-32.435315
-31.411477
-30.192648
-28.262820
-25.882891
-23.073639
-19.270863
-14.993293
-10.734797
-6.353174
-2.314023
1.306874
5.035741
8.421285
11.064155
13.337476
15.909331
18.446786
21.532093
24.937051
27.628967
29.841491
31.895978
33.570528
34.572397
34.833125
34.539018
34.229074
34.032038
33.512797
32.955238
32.368217
30.993734
28.535809
26.000227
22.968735
19.294705
15.800510
12.517316
9.116786
5.475964
1.745224
-2.037627
-5.376339
-8.240938
-11.521578
-14.872551
-18.107550
-20.965508
-23.318870
-25.929213
-28.777293
-31.321900
-33.749342
-36.126545
-37.251711
-37.298884
-36.680358
-35.779646
-34.317289
-33.220053
-32.265527
-31.104088
-29.943330
-28.286151
-26.004485
-23.385286
-20.035846
-15.821116
-11.480706
-7.330009
-3.212179
0.374828
3.992830
7.527726
10.288273
12.472698
14.806986
17.388889
20.166125
23.426669
26.331629
28.519630
30.502081
32.139846
33.231633
33.733334
33.605269
33.199957
32.740831
32.503264
31.969547
31.379802
30.443668
28.432437
26.178019
23.631539
20.237650
16.804082
13.694763
10.303089
6.731749
3.148999
-0.653608
-4.046304
-6.839207
-9.886708
-12.994153
-16.144855
-19.261496
-21.743604
-24.230480
-27.060338
-29.770817
-32.209839
-34.728902
-36.197560
-36.467995
-36.198241
-35.466467
-34.113101
-33.002581
-32.227039
-31.346423
-30.274902
-29.031379
-27.110236
-24.687052
-21.698475
-17.768485
-13.374601
-9.247916
-5.123615
-1.395430
2.121074
5.631447
8.721863
11.182342
13.417687
15.902690
18.608911
21.904707
25.092023
27.528831
29.643093
31.675782
33.049073
33.926964
34.153972
33.799410
33.552987
33.336026
32.811846
32.401936
31.666585
29.936518
27.589117
25.131362
21.950347
18.363680
15.078783
11.804444
8.366449
4.726819
0.782524
-2.835989
-5.844661
-8.937631
-12.362344
-15.692200
-19.046068
-21.758761
-24.283273
-27.034453
-29.950312
-32.277959
-34.746102
-36.786454
-37.387780
-36.937339
-36.507675
-35.481453
-34.085001
-33.181225
-32.078198
-30.872311
-29.762813
-27.995450
-25.444542
-22.588798
-18.857888
-14.444419
-10.046618
-5.767175
-1.843827
1.793248
5.556515
8.842094
11.349406
13.642141
16.123227
18.712963
21.752630
25.021519
27.747665
29.989822
31.959500
33.494064
34.298556
34.629617
34.287316
33.778122
33.502919
32.997472
32.441446
31.790904
30.325311
27.929374
25.437049
22.400958
18.723863
15.342236
12.195621
8.733613
5.031824
1.246418
-2.463545
-5.620548
-8.563655
-11.861665
-14.875787
-18.012013
-20.890236
-23.257392
-25.843041
-28.705597
-31.189578
-33.634731
-35.921165
-36.760909
-36.631141
-36.117860
-35.097940
-33.677305
-32.613107
-31.788179
-30.815261
-29.520307
-27.890376
-25.585379
-22.998367
-19.555432
-15.353475
-11.035715
-6.963015
-2.936465
0.622954
4.163810
7.556507
10.240078
12.563126
14.902694
17.306123
20.018475
23.367575
26.234218
28.353589
30.420678
32.265186
33.369746
33.870084
33.728395
33.289024
33.184971
32.793794
32.236746
31.845059
30.842509
28.841155
26.404858
23.783445
20.410674
16.906602
13.787576
10.449546
6.975787
3.342288
-0.463724
-3.838539
-6.722042
-9.781803
-13.075897
-16.341720
-19.498042
-21.830627
-24.370807
-27.304036
-30.222961
-32.591479
-35.133192
-36.684786
-36.944832
-36.575283
-35.917929
-34.717662
-33.637456
-32.776935
-31.862770
-30.813217
-29.416765
-27.383736
-24.862119
-21.758931
-17.739875
-13.358763
-9.104354
-4.899332
-1.089573
2.413988
6.189517
9.240593
11.612517
14.007773
16.543184
19.261326
22.608723
25.754997
28.321062
30.528818
32.531364
33.825636
34.564734
34.727199
34.336533
34.010240
33.870935
33.402102
32.883712
32.023191
30.238288
27.755329
25.158099
21.859918
18.092734
14.801025
11.503696
8.013248
4.227332
0.310114
-3.222057
-6.271090
-9.573528
-12.801886
-15.934876
-19.140754
-21.851403
-24.389199
-27.136632
-30.001742
-32.377754
-35.052640
-36.930186
-37.445171
-37.106957
-36.493710
-35.236563
-33.855949
-32.952172
-32.016209
-30.938217
-29.600007
-27.591160
-25.093215
-22.261824
-18.438441
-13.958386
-9.683371
-5.593300
-1.644407
1.898663
5.595173
8.906467
11.390959
13.734613
16.222852
18.723863
21.746669
25.106498
27.680397
29.578039
31.500714
32.934802
33.768415
34.112590
33.611400
33.163513
33.062696
32.502242
31.913008
31.389339
30.015877
27.743067
25.210721
22.259780
18.763372
15.468938
12.193748
8.772271
5.195481
1.396963
-2.194473
-5.415848
-8.324555
-11.387723
-14.507941
-17.708370
-20.385810
-22.752796
-25.432450
-28.446402
-30.873333
-33.269780
-35.424062
-36.440407
-36.431040
-35.879271
-34.897838
-33.521312
-32.721758
-31.899214
-30.953544
-29.800790
-28.235742
-25.970766
-23.302351
-19.911187
-15.805449
-11.606898
-7.481745
-3.564187
-0.138453
3.418412
6.913968
9.676218
12.080669
14.481885
17.069578
19.832168
23.206813
25.998524
28.259073
30.376911
32.270806
33.318996
33.933776
33.960513
33.615487
33.374173
33.117192
32.639503
32.209669
31.241008
29.097966
26.789052
24.146863
20.659992
17.091547
14.003686
10.591575
7.045269
3.210987
-0.655481
-3.932885
-6.817750
-10.096516
-13.463497
-16.662564
-19.845622
-22.361960
-25.028842
-27.917624
-30.626740
-33.182757
-35.613094
-37.155833
-37.333965
-36.947898
-36.219529
-34.807410
-33.612422
-32.930544
-31.877416
-30.609369
-29.165915
-27.046715
-24.517434
-21.410840
-17.239707
-12.745346
-8.431162
-4.328149
-0.548022
3.051758
6.709780
9.644713
12.021065
14.601946
17.099721
19.775629
23.041282
26.302849
28.489658
30.486073
32.365152
33.521652
34.287657
34.369911
33.974307
33.704894
33.480270
32.905851
32.286985
31.443834
29.639176
27.101040
24.477754
21.276133
17.711605
14.379876
11.075224
7.508142
3.800903
-0.009366
-3.584112
-6.616797
-9.657655
-12.781279
-15.963657
-19.220284
-21.772385
-24.109738
-26.841675
-29.704060
-32.087394
-34.440586
-36.301783
-36.825282
-36.557743
-35.961185
-34.718684
-33.359357
-32.442638
-31.447411
-30.312198
-29.089451
-27.279173
-24.941138
-22.117240
-18.310717
-14.076233
-9.824548
-5.656481
-1.717295
1.602513
5.230222
8.434057
10.871717
13.054098
15.510491
18.027169
21.105664
24.435861
27.028493
29.138327
31.033925
32.664027
33.426455
33.821378
33.563375
33.212049
33.059801
32.710859
32.090630
31.520128
30.136960
27.945893
25.549616
22.733041
19.195931
15.924317
12.784856
9.457554
5.883149
2.030475
-1.624312
-4.699911
-7.679122
-10.923147
-14.051880
-17.259802
-20.091874
-22.615705
-25.402989
-28.361934
-30.877250
-33.524547
-35.809789
-36.849635
-36.738259
-36.254099
-35.500186
-34.215961
-33.119406
-32.380308
-31.431232
-30.199971
-28.659276
-26.486601
-23.902484
-20.565135
-16.327245
-11.982066
-7.787943
-3.694126
-0.050579
3.633159
7.115602
9.931496
12.254034
14.772415
17.357894
20.146711
23.597819
26.576008
28.801816
30.711038
32.507522
33.598457
34.223795
34.145117
33.809287
33.543621
33.398185
32.810654
32.301460
31.286137
29.152972
26.701518
23.890223
20.532949
17.032453
13.817208
10.357073
6.768874
3.054312
-0.850814
-4.377535
-7.303442
-10.462999
-13.608762
-16.819579
-19.916977
-22.406067
-24.936880
-27.860062
-30.722788
-33.015183
-35.389151
-36.941086
-37.202835
-36.830221
-35.963058
-34.597261
-33.400570
-32.487256
-31.445197
-30.309473
-28.853246
-26.767254
-24.315970
-21.239008
-17.214332
-12.913091
-8.602994
-4.376514
-0.672340
2.662114
6.317581
9.428944
11.715378
14.117786
16.541481
19.189460
22.434166
25.622164
27.936356
29.936177
31.726190
32.955067
33.587047
33.736229
33.376898
32.984870
32.736063
32.160623
31.696728
30.968870
29.261623
26.813405
24.352244
21.294696
17.735107
14.482907
11.258125
7.863215
4.255772
0.400884
-3.070661
-5.991629
-9.039981
-12.310743
-15.490566
-18.579790
-21.101066
-23.609570
-26.412180
-29.165574
-31.562022
-33.955404
-35.913501
-36.456244
-36.210843
-35.733836
-34.677642
-33.433608
-32.419137
-31.699453
-30.658756
-29.423577
-27.612959
-25.277308
-22.662197
-19.006389
-14.711618
-10.523796
-6.287439
-2.429485
1.133680
4.826614
8.218629
10.638578
12.859106
15.350240
17.795052
20.650966
23.992062
26.706117
28.982673
31.003611
32.697235
33.650228
34.038169
33.862761
33.486230
33.279146
33.048732
32.451664
31.974486
30.716828
28.578894
26.124375
23.186888
19.678048
16.286033
13.071809
9.662764
6.132807
2.270426

