34.496784
34.329551
34.087045
33.258540
32.657044
32.387461
31.296526
29.589960
27.734722
25.680065
23.545538
21.499395
19.192525
16.690493
13.561419
9.469645
5.156142
1.494884
-1.845700
-5.247934
-8.316381
-11.359113
-14.368977
-17.338821
-20.961761
-24.428368
-27.418307
-30.390535
-33.480440
-35.709483
-37.375348
-38.340943
-38.417067
-38.048199
-37.457432
-37.004607
-36.540883
-36.007507
-34.486566
-31.804698
-28.858015
-26.007380
-23.199320
-19.611291
-14.715365
-9.551729
-5.113397
-0.866992
3.003223
6.611858
10.050876
13.492789
16.568559
19.543341
22.393465
24.812732
27.251584
30.109201
32.383374
33.873149
34.755128
34.960168
34.781694
34.468174
33.955574
33.305543
32.821723
32.018934
30.568668
28.746980
26.646852
24.377959
22.432123
20.306621
17.713819
14.736482
10.923318
6.393535
2.592972
-0.941242
-4.453148
-7.585287
-10.599579
-13.751643
-16.690833
-20.108393
-23.788043
-26.912008
-30.014345
-33.029658
-35.341808
-37.137951
-38.332258
-38.664341
-38.380623
-37.821191
-37.313870
-36.688192
-36.225319
-35.012620
-32.583305
-29.552664
-26.558638
-23.769311
-20.524945
-16.173635
-10.908501
-6.015641
-1.803807
2.134698
5.906480
9.398801
12.838670
16.002825
18.787554
21.742923
24.212258
26.431424
29.059478
31.776769
33.560991
34.580742
34.790209
34.627574
34.496103
33.951998
33.064740
32.739980
32.101870
30.761106
28.984717
26.997498
24.822099
22.767442
20.716872
18.292495
15.652691
12.202774
7.816894
3.615618
0.180006
-3.065211
-6.292377
-9.436948
-12.583392
-15.472344
-18.749237
-22.322280
-25.723491
-28.568506
-31.640019
-34.388474
-36.293439
-37.667581
-38.435800
-38.376876
-37.929501
-37.424735
-36.767210
-36.204883
-35.507679
-33.512286
-30.598130
-27.697938
-24.838107
-22.044012
-17.968927
-12.839692
-7.870368
-3.426756
0.673192
4.510709
7.903576
11.248078
14.686414
17.632246
20.649093
23.235934
25.484221
27.944701
30.678851
32.833304
34.105607
34.769433
34.717321
34.543787
34.172365
33.534765
32.966478
32.553332
31.454904
29.871123
28.194700
25.972809
23.790087
21.893467
19.620487
17.025982
13.925689
9.760346
5.392177
1.651389
-1.754761
-5.142348
-8.223057
-11.312451
-14.446122
-17.560380
-21.094424
-24.477243
-27.642420
-30.734539
-33.716134
-35.910606
-37.584645
-38.592986
-38.828339
-38.412128
-37.941422
-37.357467
-36.784581
-36.102874
-34.673214
-32.001053
-29.055221
-26.104961
-23.230655
-19.694567
-14.962469
-9.666511
-4.998446
-0.817946
3.122091
6.654944
10.196141
13.667345
16.799143
19.747189
22.639888
25.096280
27.262994
29.971259
32.406364
34.008537
34.941775
35.047191
34.887280
34.708466
33.923217
33.118895
32.674585
31.926973
30.423232
28.631687
26.581628
24.378811
22.458860
20.188774
17.648084
14.751809
11.131423
6.681510
2.668585
-0.722238
-4.100289
-7.341930
-10.301726
-13.495854
-16.421250
-19.757237
-23.521526
-26.755333
-29.472794
-32.571554
-35.043785
-36.821536
-38.147654
-38.492509
-38.334472
-37.813187
-37.207263
-36.467484
-36.090612
-35.097258
-32.859530
-29.840640
-26.911327
-24.231161
-21.067687
-16.714845
-11.442729
-6.592444
-2.396618
1.690047
5.464384
8.821828
12.159007
15.416997
18.380710
21.188770
23.694549
26.044164
28.666428
31.269448
33.087220
34.202337
34.697396
34.514836
34.330572
33.953190
33.177308
32.735722
32.182591
30.927999
29.209171
27.381352
25.115013
23.084198
21.171059
18.888031
16.229834
12.888057
8.601461
4.416193
0.858137
-2.498286
-5.794253
-8.789642
-11.780092
-14.757769
-17.910855
-21.539416
-24.973835
-27.983700
-31.051806
-34.025226
-35.934619
-37.516185
-38.370235
-38.452148
-37.969351
-37.534578
-36.920650
-36.418608
-35.829203
-34.070866
-31.209843
-28.220756
-25.434664
-22.494623
-18.840517
-13.995171
-8.723736
-4.266841
-0.108140
3.638268
7.197857
10.715893
14.038597
17.106363
20.009279
22.730657
24.958679
27.428355
30.116694
32.481807
33.948592
34.679515
34.736225
34.596409
34.327677
33.562694
32.826321
32.438721
31.662498
30.081613
28.270483
26.252099
24.159295
22.211075
19.942522
17.380204
14.400142
10.552406
6.091424
2.158710
-1.090765
-4.444122
-7.669074
-10.664974
-13.784851
-16.620500
-20.156418
-23.792471
-26.852744
-29.723474
-32.835858
-35.142047
-36.905663
-38.104739
-38.445847
-38.201639
-37.718330
-37.065404
-36.402770
-35.932234
-34.891197
-32.476868
-29.426302
-26.524918
-23.833513
-20.581143
-16.092913
-10.824033
-6.090403
-1.848766
2.075774
5.550044
8.983953
12.355702
15.663590
18.607548
21.388701
23.819889
26.287692
29.010262
31.542608
33.064229
34.135750
34.423385
34.568139
34.491675
33.899035
33.027104
32.581261
32.022170
30.708824
29.040405
27.225869
24.995634
22.975717
21.075862
18.728461
16.001293
12.532132
8.250134
4.006795
0.601837
-2.694981
-5.935601
-8.926392
-12.025833
-15.084233
-18.341882
-21.928379
-25.202547
-28.225865
-31.358174
-34.184286
-36.071709
-37.672009
-38.448572
-38.415704
-37.954875
-37.428311
-36.781686
-36.251886
-35.552468
-33.760241
-31.018257
-28.133733
-25.229965
-22.269998
-18.447808
-13.479335
-8.262907
-3.837517
0.285251
4.018375
7.516146
10.971853
14.336109
17.332690
20.340340
23.030554
25.329930
27.679375
30.387299
32.611404
34.032549
34.638473
34.672022
34.521988
34.307582
33.503430
32.810313
32.496793
31.553847
29.931920
28.088604
26.027134
23.892266
21.974870
19.730159
17.076901
14.113528
10.193927
5.672659
1.843316
-1.417398
-4.740953
-7.883651
-10.946819
-14.012030
-17.003672
-20.575183
-23.999044
-27.048077
-30.040230
-32.965796
-35.292932
-37.172011
-38.181373
-38.486549
-38.195338
-37.737914
-37.086521
-36.444494
-35.967146
-34.743888
-32.284771
-29.214791
-26.373693
-23.575340
-20.172937
-15.525137
-10.302578
-5.546127
-1.467126
2.496072
6.236689
9.503024
12.946640
16.079630
19.041981
21.951880
24.318354
26.536839
29.212577
31.663690
33.351013
34.285784
34.662996
34.525054
34.268924
33.790725
32.966478
32.563720
31.857661
30.397347
28.734548
26.893445
24.681262
22.708859
20.641599
18.321105
15.423468
11.937107
7.630587
3.503220
0.067779
-3.294093
-6.461995
-9.495871
-12.596675
-15.586444
-18.936907
-22.485426
-25.707994
-28.669494
-31.824112
-34.434455
-36.359004
-37.907192
-38.495915
-38.319826
-37.808418
-37.377051
-36.649704
-36.184447
-35.338913
-33.370427
-30.511447
-27.595758
-24.769647
-21.741390
-17.846482
-12.704475
-7.568768
-3.238916
0.795126
4.507984
8.080346
11.641128
14.873913
17.626286
20.670210
23.242235
25.479623
27.991704
30.693497
32.777105
34.098795
34.573759
34.496784
34.288679
34.004961
33.171518
32.560655
32.328197
31.257527
29.658760
27.756861
25.751761
23.639883
21.679061
19.429241
16.739198
13.699532
9.701082
5.259003
1.475130
-1.811981
-5.073547
-8.205857
-11.315516
-14.266968
-17.271893
-20.846128
-24.320739
-27.363982
-30.442136
-33.508709
-35.646984
-37.412984
-38.322210
-38.491828
-38.179159
-37.787642
-37.017209
-36.456755
-35.885232
-34.633875
-31.916584
-28.806073
-25.980983
-23.189102
-19.724199
-14.960425
-9.714024
-5.087342
-1.015833
2.915519
6.512233
9.868826
13.354676
16.497884
19.494976
22.262335
24.509260
26.924270
29.592855
32.036304
33.594881
34.624679
34.796000
34.704549
34.382684
33.751386
32.964434
32.570192
31.799419
30.378614
28.706108
26.667118
24.510963
22.429058
20.378317
18.029043
15.063116
11.373418
6.991625
2.993856
-0.449589
-3.798519
-7.020746
-10.058028
-13.108764
-16.091040
-19.546918
-23.107018
-26.237794
-29.184648
-32.367536
-34.826653
-36.620753
-37.948915
-38.529124
-38.296836
-37.802798
-37.325450
-36.609684
-36.185639
-35.241842
-33.035960
-30.078547
-27.163540
-24.379662
-21.248034
-17.031431
-11.787755
-6.841251
-2.475125
1.515491
5.153418
8.655446
12.032986
15.240226
18.268824
21.172251
23.687226
26.016406
28.554031
31.241519
33.196381
34.422534
34.821715
34.670489
34.555367
34.250191
33.394779
32.804864
32.423053
31.203032
29.498679
27.565616
25.344746
23.312228
21.350554
18.975394
16.314983
12.990407
8.779253
4.435096
0.729220
-2.535411
-5.818435
-8.934566
-12.045928
-14.984608
-18.106018
-21.819217
-25.196416
-28.314420
-31.336376
-34.181561
-36.278793
-37.848779
-38.479226
-38.569144
-38.149016
-37.751368
-37.049566
-36.395448
-35.791397
-34.061841
-31.139510
-28.096097
-25.359903
-22.405727
-18.604653
-13.664450
-8.534193
-4.092114
0.079359
3.940889
7.475104
10.826928
14.282806
17.355340
20.331315
22.994620
25.263173
27.733530
30.576842
32.674926
34.064736
34.833636
34.793104
34.629617
34.321887
33.570869
32.933610
32.514504
31.559297
29.861246
28.101546
26.068177
23.875237
21.922929
19.614697
17.064640
13.881411
9.957722
5.554301
1.730067
-1.596894
-5.000489
-8.035898
-11.086975
-14.283827
-17.285177
-20.769324
-24.206979
-27.233703
-30.277967
-33.151082
-35.409076
-37.180696
-38.336856
-38.607631
-38.094350
-37.607125
-36.924907
-36.322730
-35.843338
-34.517561
-31.915903
-28.986250
-26.107005
-23.241554
-19.811222
-15.144859
-9.941714
-5.159548
-1.108646
2.741984
6.309577
9.761538
13.171264
16.255208
19.092219
22.015742
24.384941
26.722806
29.349668
31.812191
33.467838
34.448079
34.603221
34.464768
34.317289
33.777101
32.853740
32.535110
31.930549
30.513832
28.701850
26.733364
24.602073
22.658280
20.580121
18.146549
15.333721
11.680296
7.375819
3.285578
-0.214066
-3.481252
-6.725958
-9.838854
-12.972014
-15.794550
-19.226245
-22.893463
-26.144981
-29.085534
-32.174247
-34.758193
-36.786454
-38.246427
-38.714239
-38.579873
-38.130283
-37.543433
-36.805868
-36.438704
-35.648346
-33.445188
-30.466488
-27.519975
-24.786336
-21.652835
-17.249073
-11.956521
-6.992987
-2.761739
1.364265
5.028078
8.557013
11.962141
15.394347
18.372706
21.183661
23.906061
26.196923
28.975861
31.680039
33.531530
34.594025
35.112756
34.971067
34.853050
34.433263
33.637456
33.182587
32.702344
31.414202
29.669489
27.849504
25.583165
23.409980
21.361623
19.077063
16.380038
12.877498
8.582728
4.252706
0.654459
-2.792733
-6.192412
-9.195294
-12.308189
-15.330826
-18.486806
-22.134951
-25.574820
-28.657062
-31.715802
-34.454550
-36.407028
-37.986892
-38.792406
-38.737229
-38.297006
-37.756647
-37.092481
-36.591802
-35.825287
-33.864464
-31.060321
-28.108018
-25.148392
-22.263016
-18.460069
-13.366086
-8.140291
-3.633329
0.570161
4.267693
7.793733
11.257785
14.587981
17.542669
20.542656
23.255689
25.559834
28.145654
30.896493
32.980101
34.360886
34.996441
34.894773
34.627233
34.348454
33.591134
32.827343
32.364300
31.391723
29.760259
27.850355
25.707483
23.560183
21.642787
19.373383
16.844784
13.832876
9.857586
5.439520
1.636573
-1.734325
-5.053452
-8.083412
-11.257444
-14.292172
-17.204625
-20.769153
-24.281910
-27.269466
-30.358008
-33.365658
-35.509552
-37.314551
-38.208621
-38.364955
-38.056544
-37.625006
-37.002904
-36.445686
-35.978896
-34.673895
-32.080923
-28.993402
-26.112284

