8.131777
4.519394
1.705374
-0.938007
-3.460816
-6.038461
-9.219476
-12.406792
-15.206678
-17.970971
-20.610435
-22.964648
-25.296041
-27.369772
-28.882197
-29.939243
-30.387299
-30.249187
-30.197757
-30.252763
-29.979604
-30.080761
-30.588933
-30.296360
-29.084172
-26.796034
-24.647202
-22.940125
-20.755529
-17.153536
-13.156107
-9.297132
-5.578314
-2.370221
0.460659
3.224611
6.495884
10.188137
14.075211
17.723015
20.631552
23.296220
25.693689
27.948618
30.251060
31.887633
32.431228
32.638482
32.363108
31.716653
31.140021
30.851364
30.012471
29.031209
28.204748
26.707479
24.425643
22.075687
19.307647
16.334908
13.179779
9.541341
5.657503
2.368007
-0.223092
-2.770594
-5.473409
-8.448703
-11.560747
-14.404229
-17.232384
-20.072971
-22.380352
-24.557795
-26.868922
-28.580257
-29.673406
-30.382531
-30.176299
-30.098132
-30.223983
-29.979944
-29.834679
-30.369929
-30.402967
-29.438734
-27.440446
-25.029012
-23.329258
-21.433490
-18.133606
-14.232227
-10.425704
-6.696497
-3.342458
-0.336851
2.403259
5.556515
9.035042
12.861150
16.494308
19.551856
22.283282
24.795873
27.135951
29.354266
31.361069
32.401425
32.530853
32.306739
31.729937
30.992712
30.647687
30.043636
28.973818
28.312887
27.179207
25.028672
22.622347
20.206315
17.365558
14.302049
10.726282
6.935767
3.608125
0.863756
-1.799890
-4.282168
-7.151365
-10.318586
-13.310569
-16.096319
-18.868787
-21.424464
-23.708514
-26.037693
-27.892590
-29.222795
-30.131851
-30.269112
-30.004127
-29.931409
-29.839448
-29.761962
-30.201674
-30.505487
-29.908759
-28.192145
-25.965146
-23.901463
-22.194556
-19.570589
-15.754019
-11.783498
-8.083241
-4.596540
-1.536608
1.220192
4.274334
7.685763
11.254549
15.090023
18.490723
21.218743
23.925645
26.149409
28.543472
30.722618
32.014506
32.421691
32.421691
32.078539
31.335694
30.803170
30.517238
29.597964
28.831448
27.854443
26.018620
23.620299
21.179744
18.463986
15.420233
12.175867
8.384671
4.733460
1.778773
-0.697034
-3.291709
-6.036758
-9.204830
-12.301717
-14.965194
-17.880883
-20.637172
-22.878477
-25.243929
-27.439254
-28.963430
-30.043636
-30.402456
-30.254126
-30.211891
-30.230113
-29.912336
-30.054705
-30.705929
-30.551979
-29.174089
-26.763507
-24.593217
-22.954430
-20.693541
-17.072984
-13.100590
-9.271077
-5.661930
-2.364261
0.408207
3.284897
6.584270
10.318416
14.114891
17.661708
20.532267
23.230314
25.672572
27.913707
30.060666
31.784773
32.482828
32.544477
32.286133
31.519447
30.978237
30.575309
29.731648
28.675795
27.992044
26.633229
24.227074
21.870988
19.271203
16.328948
13.183355
9.477649
5.685432
2.567598
-0.104734
-2.619369
-5.212341
-8.148977
-11.373929
-14.258453
-17.043863
-19.790615
-22.068875
-24.378470
-26.647363
-28.379985
-29.366357
-30.069521
-30.108350
-29.923746
-29.950142
-29.786485
-29.537848
-30.062880
-30.219555
-29.334511
-27.603081
-25.323289
-23.404871
-21.571091
-18.469776
-14.551537
-10.694606
-6.864922
-3.549542
-0.688348
2.043077
5.224603
8.616958
12.333393
16.052042
19.253492
21.982193
24.403163
26.681253
29.009581
31.067133
32.120602
32.315935
32.336882
31.915222
31.157051
30.716487
30.176640
29.196058
28.349502
27.264868
25.349855
23.003306
20.496164
17.590523
14.556306
11.249781
7.416691
3.894057
1.159225
-1.399347
-3.917728
-6.722552
-9.931156
-12.998240
-15.663590
-18.609251
-21.226236
-23.435184
-25.740692
-27.809484
-29.203721
-30.140706
-30.301809
-30.088084
-30.056238
-30.038697
-29.750551
-29.927322
-30.362095
-30.007873
-28.494086
-26.128803
-24.095603
-22.493601
-20.081827
-16.257763
-12.340035
-8.592265
-5.007982
-1.817260
0.880446
3.791877
7.115943
10.726622
14.553070
18.052374
20.872695
23.485763
25.933300
28.136287
30.253615
31.926291
32.421180
32.503435
32.061168
31.371287
30.875206
30.473300
29.585361
28.665917
27.881520
26.291439
24.013519
21.530560
18.939291
15.962464
12.667349
8.956364
5.274500
2.245562
-0.380448
-2.964054
-5.557707
-8.513246
-11.772258
-14.623404
-17.391273
-20.058496
-22.311722
-24.585724
-26.839801
-28.514692
-29.594898
-30.271496
-30.287845
-30.073438
-30.116013
-29.963766
-29.832976
-30.353240
-30.278308
-29.352222
-27.351379
-24.984564
-23.186037
-21.257060
-17.876625
-13.949020
-10.130746
-6.430490
-3.177609
-0.383854
2.435616
5.638770
9.141820
12.812614
16.495160
19.619295
22.303717
24.663210
26.912689
29.217856
31.199115
32.113791
32.354423
32.231637
31.494924
30.828544
30.490841
29.969897
28.982503
28.198106
27.066810
25.175129
22.967713
20.458528
17.309700
14.253344
10.733264
7.235493
3.925562
1.097918
-1.573222
-4.147802
-6.978171
-10.200569
-13.177054
-15.846321
-18.775123
-21.364859
-23.560354
-25.893279
-27.956452
-29.376234
-30.241013
-30.474492
-30.182089
-30.147178
-30.071224
-29.797384
-30.135598
-30.661140
-30.157907
-28.495618
-26.045356
-24.092879
-22.453410
-19.801004
-15.860285
-12.016296
-8.277893
-4.729543
-1.611710
1.113926
4.146780
7.612365
11.361497
15.194246
18.545559
21.256379
23.939780
26.303530
28.489658
30.581440
32.152448
32.612085
32.624687
32.143252
31.390531
30.879634
30.450140
29.481479
28.652804
27.787174
26.120288
23.681436
21.245990
18.539429
15.575886
12.229511
8.469139
4.794938
1.882485
-0.733137
-3.310953
-5.864075
-8.930138
-12.086630
-14.891454
-17.666306
-20.284312
-22.560699
-24.858032
-27.109044
-28.630836
-29.626233
-30.246803
-30.142239
-29.921361
-29.912676
-29.680048
-29.686178
-30.242375
-30.180897
-29.071740
-26.909113
-24.551153
-22.855146
-20.884786
-17.484597
-13.630390
-9.727648
-6.078141
-2.844674
-0.105926
2.690043
5.870887
9.399312
13.134309
16.738347
19.778865
22.391081
24.803196
27.086054
29.380492
31.211376
32.061679
32.118218
31.994070
31.500374
30.717679
30.406543
29.736076
28.769629
28.091158
26.833670
24.694545
22.409643
19.883258
16.986643
13.874258
10.465894
6.683554
3.265994
0.669275
-1.879249
-4.347392
-7.258994
-10.514089
-13.391461
-16.016109
-18.905061
-21.336419
-23.600544
-25.844063
-27.856146
-29.081106
-29.854264
-30.022008
-29.850347
-29.918977
-29.804877
-29.603754
-29.957465
-30.341830
-29.871804
-28.131860
-25.728089
-23.884262
-22.246497
-19.401823
-15.569755
-11.743137
-7.948875
-4.396949
-1.370396
1.244375
4.341943
7.705348
11.409010
15.179089
18.453939
21.195582
23.832321
26.213271
28.425285
30.609369
32.015358
32.331773
32.311678
31.837395
31.236921
30.921868
30.471938
29.378448
28.683117
27.722120
25.927850
23.581300
21.147558
18.373898
15.414953
12.085949
8.360488
4.689523
1.786266
-0.900200
-3.520421
-6.083080
-9.228332
-12.346166
-15.185390
-17.911707
-20.623718
-22.927863
-25.253466
-27.531726
-28.969049
-29.953378
-30.421700
-30.306237
-30.161142
-30.088084
-29.863630
-29.979093
-30.432940
-30.234371
-29.004131
-26.773385
-24.565969
-22.919348
-20.718404
-17.108236
-13.198853
-9.279592
-5.630425
-2.412115
0.281334
3.285578
6.551913
10.176897
13.827767
17.534835
20.585230
23.179906
25.531905
27.735404
29.938391
31.667948
32.401936
32.418455
32.156365
31.480959
30.768429
30.426638
29.647861
28.713771
27.959517
26.531049
24.450336
22.088970
19.495317
16.480514
13.358593
9.681157
5.926064
2.687488
0.109162
-2.403940
-4.944461
-7.939679
-11.128017
-13.957364
-16.780240
-19.546747
-21.957500
-24.108206
-26.240519
-28.131860
-29.335873
-30.071224
-30.130659
-29.994079
-29.988629
-29.853071
-29.673917
-30.094896
-30.334166
-29.599667
-27.612277
-25.242737
-23.484741
-21.800143
-18.660341
-14.715195
-10.818243
-7.176910
-3.739766
-0.835657
1.813003
4.960980
8.393526
12.136357
15.886171
19.068037
21.801335
24.354458
26.646682
28.881516
30.955757
32.157557
32.511268
32.442127
31.848294
31.157732
30.695030
30.160631
29.221262
28.433459
27.402128
25.520325
23.085390
20.622356
17.856189
14.855351
11.376824
7.572685
4.099948
1.357453
-1.287290
-3.932204
-6.618840
-9.821824
-12.879883
-15.671934
-18.569231
-21.056107
-23.341860
-25.731666
-27.801650
-29.191971
-30.100175
-30.407224
-30.299595
-30.161483
-30.060496
-29.864652
-30.167103
-30.637298
-30.244078
-28.794834
-26.392426
-24.323123
-22.700684
-20.161697
-16.407285
-12.463331
-8.562633
-5.087852
-1.977512
0.678131
3.769738
7.288626
10.975599
14.752320
18.250942
21.122013
23.683650
26.122502
28.438398
30.638150
32.153640
32.581432
32.636097
32.255650
31.523194
30.924252
30.666419
29.820204
28.938225
28.045177
26.326350
23.946762
21.596806
18.760817
15.769005
12.540988
8.749281
5.025523
1.931531
-0.681366
-3.213201
-5.879743
-8.965390
-12.179954
-14.950037
-17.691680
-20.454100
-22.733041
-24.988822
-27.148042
-28.816802
-29.814925
-30.289888
-30.219555
-30.122655
-30.176469
-29.792275
-29.764346
-30.372143
-30.309643
-29.152632
-26.944876
-24.599007
-23.017100
-21.003996
-17.447983
-13.521399
-9.738888
-6.135191
-2.731936
-0.031505
2.791541
5.993673
9.555306
13.364383
17.060723
20.025798
22.699152
25.180749
27.479615
29.692309
31.489134
32.433612
32.512971
32.286133
31.611238
31.020982
30.644791
29.861927
28.812204
28.143099
26.763167
24.646521
22.245135
19.660166
16.766957
13.758285
10.104690
6.263426
3.096206
0.479221
-2.270256
-4.788807
-7.626499
-10.845321
-13.837985
-16.619819
-19.394159
-21.826029
-24.104289
-26.445218
-28.317656
-29.535294
-30.201844
-30.285461
-30.191115
-30.152798
-30.028139
-29.937540
-30.425446
-30.491352
-29.751914
-27.945553
-25.635106
-23.728609
-21.897895
-18.808501
-14.910698
-11.066198
-7.220507
-3.794091
-0.880446
1.818453
5.017178
8.423499
12.070281
15.883446
19.206490
22.011825
24.466344
26.726893
29.073613
31.097446
32.259737
32.457113
32.514334
31.946898
31.309809
30.875036
30.457803
29.412678
28.415578
27.468715
25.429896
23.194211
20.736286
17.808846
14.665808
11.338166
7.407836
3.875324
1.027073
-1.571349
-4.131283
-6.871053
-10.076932
-13.099739
-15.745844
-18.681288
-21.334376
-23.631028
-25.916100
-27.926820
-29.398373
-30.259405
-30.468702
-30.236585
-30.266898
-30.302150
-29.997826
-30.293976
-30.734198
-30.199800
-28.492383
-26.129654
-24.083172
-22.548267
-20.006214
-16.048806
-12.198687
-8.416516
-4.773140
-1.635041
1.130104
4.120895
7.472209
11.151348
14.957700
18.331494
21.185875
24.030379
26.444537
28.682266
30.837229
32.240323
32.642739
32.650403
32.098804
31.442642
31.069858
30.700820
29.703038
28.802156
27.890376
26.069198
23.720094
21.304914
18.536193
15.652861
12.384653
8.529765
4.764625
1.791375
-0.824758
-3.522805
-6.214380
-9.251663
-12.351956
-15.167509
-18.010650
-20.738329
-22.952046
-25.307281
-27.520316
-29.017414
-29.991525
-30.443328
-30.331441
-30.227729
-30.168806
-29.880660
-30.093193
-30.687707
-30.435153
-29.146160
-26.898725
-24.641412
-22.973844
-20.725386
-17.114367
-13.296604
-9.365082
-5.670105
-2.436978
0.312158
3.238235
6.590060
10.158675
13.835430
17.425673
20.479475
23.131030

