-15.455995
-18.761839
-21.441834
-23.844923
-26.534455
-29.343367
-31.898022
-34.196207
-36.172186
-36.819151
-36.581925
-36.080735
-35.013131
-33.620426
-32.680375
-31.953369
-30.837229
-29.481990
-27.649914
-25.365864
-22.763865
-19.084556
-14.714173
-10.652031
-6.405285
-2.421822
1.132488
4.753045
8.075237
10.642154
12.980870
15.482221
17.822470
20.722491
23.998703
26.742390
28.879642
31.195709
32.803331
33.692122
34.034593
33.596754
33.212219
33.120768
32.948596
32.325302
31.888144
30.703545
28.436525
25.945902
23.265566
19.729989
16.456332
13.118812
9.588514
6.157330
2.430337
-1.421826
-4.674026
-7.340908
-10.674681
-13.949020
-17.259291
-20.131043
-22.577218
-25.190285
-28.146505
-30.789035
-33.169474
-35.567624
-36.822217
-36.751883
-36.213228
-35.484178
-34.295321
-33.210005
-32.306058
-31.248672
-30.134405
-28.604610
-26.400430
-23.946932
-20.676511
-16.641276
-12.233257
-8.053098
-3.904445
-0.352689
3.223419
6.821496
9.798833
12.021065
14.450380
17.096315
19.921064
22.957836
25.951181
28.351034
30.382531
32.285452
33.463410
34.117358
34.044300
33.638648
33.315420
33.134733
32.685144
32.144444
31.354087
29.468707
27.072259
24.560349
21.283967
17.716885
14.486994
11.120183
7.619858
3.890651
0.012091
-3.388609
-6.396941
-9.522268
-12.820618
-16.085420
-19.221136
-21.848679
-24.294342
-27.016742
-29.848303
-32.257182
-34.859862
-36.506823
-36.945173
-36.539521
-36.011934
-34.863779
-33.618212
-32.743726
-31.887804
-30.750377
-29.376234
-27.341672
-25.005341
-22.118432
-18.268653
-13.933522
-9.691375
-5.550385
-1.644066
1.924719
5.480051
8.710623
11.243139
13.634477
16.116415
18.695082
21.689279
24.985416
27.595929
29.650245
31.677995
33.215625
34.157378
34.294299
33.864634
33.502919
33.288854
32.729762
32.208988
31.549079
30.095237
27.708326
25.319202
22.346973
18.847500
15.506233
12.159177
8.690868
5.085639
1.289674
-2.403089
-5.535909
-8.429459
-11.765276
-14.952932
-18.169028
-20.885638
-23.380177
-25.997332
-28.945037
-31.433787
-33.826147
-36.041737
-36.881651
-36.711012
-36.099468
-35.023008
-33.715623
-32.846928
-31.993389
-30.934811
-29.777970
-28.023720
-25.681938
-23.069722
-19.666638
-15.415975
-10.987691
-6.825243
-2.788646
0.693968
4.146440
7.680144
10.409525
12.663262
15.157461
17.643145
20.556790
23.710728
26.623692
28.639521
30.713592
32.483339
33.502919
33.966473
33.839941
33.396653
33.105442
32.793794
32.292945
31.844037
30.633041
28.524910
26.240179
23.560865
20.087276
16.632080
13.442891
9.996721
6.338188
2.624478
-1.145261
-4.337175
-7.219996
-10.465724
-13.856036
-17.049994
-19.987140
-22.465161
-25.012663
-27.795860
-30.402456
-32.918283
-35.312176
-36.563022
-36.689384
-36.340782
-35.671677
-34.355606
-33.179862
-32.423735
-31.490156
-30.327524
-28.810671
-26.594060
-24.201529
-21.164588
-17.009122
-12.585095
-8.469309
-4.193272
-0.480584
3.019742
6.578990
9.469475
11.844124
14.372042
16.928911
19.484758
22.760800
25.922912
28.386627
30.465467
32.445533
33.750704
34.382173
34.306049
33.879961
33.681733
33.441271
32.860211
32.326324
31.560149
29.716662
27.249541
24.700505
21.414927
17.934186
14.662402
11.286906
7.741622
4.076617
0.223092
-3.367322
-6.309748
-9.403910
-12.875284
-16.215869
-19.344943
-21.871839
-24.243593
-27.086394
-29.945203
-32.353231
-34.847941
-36.659752
-37.089757
-36.639145
-36.080224
-34.833976
-33.656018
-32.724653
-31.761442
-30.674253
-29.395308
-27.438232
-24.959190
-22.052016
-18.178054
-13.798135
-9.602479
-5.358458
-1.457419
2.039160
5.696501
9.002515
11.467252
13.751643
16.216040
18.862486
21.838290
25.035143
27.649403
29.685838
31.712907
33.262457
34.001214
34.128428
33.758538
33.413853
33.180543
32.744748
32.266038
31.565598
29.927152
27.563061
25.187390
22.149767
18.531425
15.179941
12.029409
8.523294
4.946164
1.092298
-2.535241
-5.638940
-8.572681
-11.811938
-14.886345
-18.116747
-20.784821
-23.294006
-25.883062
-28.778485
-31.350000
-33.981459
-36.099809
-36.819662
-36.537818
-35.924230
-34.884044
-33.618893
-32.685825
-31.825474
-30.841827
-29.619421
-27.863979
-25.524923
-22.981848
-19.557987
-15.163422
-10.950225
-6.916182
-2.982787
0.551598
4.120725
7.475104
10.278225
12.562445
15.075718
17.595121
20.430429
23.756368
26.632547
28.753792
30.686174
32.536643
33.732312
34.128598
33.895118
33.470733
33.304862
32.996620
32.535110
32.057251
30.988285
28.667620
26.147876
23.575851
20.196438
16.829457
13.571978
10.165146
6.558214
2.953325
-0.660249
-3.979036
-7.123607
-10.386705
-13.708557
-16.971827
-19.720112
-22.357873
-25.013856
-28.032575
-30.584676
-33.095564
-35.500867
-36.884035
-37.079539
-36.682572
-35.848788
-34.635578
-33.556904
-32.794986
-31.740325
-30.549424
-29.011454
-26.809999
-24.332830
-21.259614
-17.143488
-12.794392
-8.448533
-4.180670
-0.582763
3.019401
6.605557
9.589706
11.946474
14.323166
17.096996
20.023925
23.148060
26.284967
28.738805
30.760084
32.856294
33.927134
34.657546
34.662315
34.343515
33.924409
33.584663
32.920837
32.395635
31.427315
29.434647
26.940448
24.463279
21.225725
17.591374
14.349733
10.998419
7.368156
3.533193
-0.307730
-3.817081
-6.711483
-9.851285
-13.164452
-16.433001
-19.452742
-22.043841
-24.572781
-27.375221
-30.192818
-32.539368
-35.155501
-36.773000
-37.051950
-36.537136
-35.907030
-34.634386
-33.346925
-32.356467
-31.529665
-30.474833
-29.124022
-26.978425
-24.585894
-21.852936
-17.940147
-13.501474
-9.260689
-5.099092
-1.292058
2.260038
5.823033
8.780956
11.283159
13.672795
16.170229
18.730334
21.624395
24.906397
27.492217
29.486418
31.320708
32.774380
33.606121
33.754281
33.284426
32.980272
32.821894
32.323769
31.737600
31.086036
29.643774
27.327367
24.913379
22.072451
18.640757
15.456166
12.235301
8.679117
5.083936
1.331397
-2.292735
-5.325079
-8.264439
-11.370523
-14.441013
-17.760141
-20.483562
-22.766420
-25.465659
-28.522696
-31.062194
-33.551795
-35.689899
-36.396980
-36.264999
-35.750525
-34.785952
-33.536639
-32.710518
-32.009227
-30.951841
-29.776778
-28.186866
-25.847128
-23.201193
-19.767284
-15.533652
-11.236668
-7.113218
-3.085988
0.461340
4.005943
7.353680
10.056666
12.399980
14.816182
17.440319
20.466532
23.785148
26.546206
28.753962
30.905860
32.683952
33.649376
34.121616
33.976010
33.669131
33.502068
33.180032
32.655171
32.305547
31.178679
28.885944
26.534966
23.910999
20.427023
16.924143
13.726950
10.363545
6.708588
2.781664
-1.049723
-4.328830
-7.330350
-10.565860
-13.897760
-17.334223
-20.281587
-22.778681
-25.494610
-28.374365
-31.015703
-33.586706
-36.082779
-37.289006
-37.270614
-36.773171
-36.034243
-34.688881
-33.664874
-32.835688
-31.796524
-30.597278
-29.020650
-26.733194
-24.153505
-20.938941
-16.600915
-12.225764
-7.971185
-3.803458
0.006471
3.625665
7.212503
10.107585
12.521063
15.012877
17.592907
20.336594
23.607867
26.534966
28.817483
30.747141
32.595226
33.826828
34.438201
34.262623
33.743211
33.452341
33.164535
32.590457
31.939745
30.987433
29.011624
26.576349
23.955788
20.682641
17.157112
13.906956
10.471344
6.926571
3.146444
-0.646796
-4.107441
-7.073879
-10.081359
-13.192381
-16.400814
-19.561734
-22.047588
-24.539232
-27.288709
-30.043295
-32.407556
-34.927130
-36.427123
-36.752054
-36.283221
-35.544634
-34.206254
-32.960858
-32.140187
-31.251056
-30.066967
-28.744595
-26.793480
-24.428027
-21.489348
-17.639228
-13.274976
-9.100267
-4.995040
-1.203673
2.229554
5.760363
8.805650
11.237860
13.578279
16.069242
18.629176
21.830116
24.927173
27.318171
29.433795
31.447921
32.831601
33.642905
33.830064
33.495937
33.120087
32.963242
32.491343
32.079901
31.455585
29.780013
27.418307
25.018794
22.106171
18.596990
15.383448
12.160710
8.617810
5.014113
1.165356
-2.353702
-5.351646
-8.308206
-11.658839
-14.972346
-18.278531
-20.971639
-23.478780
-26.286500
-29.144968
-31.534774
-34.075975
-36.260911
-36.939042
-36.704881
-36.201988
-35.275561
-33.991848
-33.136266
-32.272679
-31.206948
-30.010939
-28.232506
-25.769813
-23.157086
-19.572292
-15.186582
-10.748591
-6.600959
-2.644573
1.008681
4.817929
8.242811
10.735648
13.218437
15.724046
18.210241
21.085228
24.446079
27.266400
29.592855
31.624692
33.395972
34.355947
34.787995
34.516709
33.975499
33.800261
33.462388
32.873154
32.370601
31.016724
28.716496
26.151793
23.292814
19.658974
16.149964
12.931143
9.405443
5.742993
1.909222
-1.810278
-5.069120
-8.119856
-11.369160
-14.671258
-18.033811
-21.026645
-23.341009
-25.814942
-28.746980
-31.393596
-33.828361
-36.192622
-37.176268
-37.044287
-36.512102
-35.532202
-34.182583
-33.119236
-32.314743
-31.219380
-29.958316
-28.344052
-26.054723
-23.445572
-19.970110
-15.783651
-11.580161
-7.348572
-3.190892
0.404630
3.938845
7.528748
10.309730
12.699877
15.155928
17.624923
20.400286
23.579257
26.439258
28.677498
30.806746
32.620941
33.742189
34.302814
34.055029
33.501898
33.169133
32.800606
32.178504
31.710352
30.810322
28.850351
26.402814
23.795026
20.540612
16.995498
13.789790
10.387897
6.879228
3.113917
-0.622954
-3.955535
-6.814684
-9.930645
-13.306652
-16.537734
-19.691842
-22.102935
-24.541957
-27.448790
-30.009747
-32.417944
-35.029990
-36.609854
-36.821365
-36.351681
-35.719361
-34.510749
-33.232314
-32.436166
-31.507526
-30.472789
-29.077871
-26.978936
-24.635111
-21.646704
-17.711946
-13.298307
-9.000301
-4.846539
-1.094171
2.321345
6.003210
8.951255
11.377505
13.829810
16.408137
19.125087
22.309508
25.472982
27.988979
30.241523
32.270976
33.627748
34.435477
34.577336
34.111909
33.710854
33.563716
33.113786
32.598461
31.774385
30.079399
27.671031
25.169338
22.060871
18.501282
15.160016
11.881420
8.327961
4.540001
0.747272
-2.848080
-5.906480
-9.015458
-12.403556
-15.508277
-18.824339
-21.561044
-24.035488
-26.755503
-29.634918
-32.221930
-34.836701
-36.732810
-37.279299
-36.977870
-36.321027
-35.106965
-33.730779
-32.817977
-32.071897
-30.984027
-29.619081
-27.819361
-25.521347
-22.640569
-18.905572
-14.470475
-10.110821
-5.826950
-1.920291
1.629250
5.114419
8.399146
11.052574
13.449362
16.020026
18.657616
21.700348
25.021178
27.478422
29.459851
31.318324
32.976185
33.859866
34.142903
33.819335
33.482483
33.295325
32.824278
32.221590
31.734364
30.338764
27.981656
25.433132
22.619281
19.214153
15.873568
12.579986
9.110825
5.457572
1.588038
-2.184255
-5.279779
-8.101463
-11.289290
-14.504024
-17.730168
-20.499911
-22.892952
-25.586230
-28.493234
-30.986922
-33.372981
-35.624674
-36.700453
-36.548206
-35.953522
-35.130807
-33.860718
-32.848290
-32.047885
-30.993223
-29.777459
-28.136458
-25.943007
-23.489509
-20.240716
-16.071796
-11.833225
-7.658516
-3.575257
-0.031165
3.559419
7.123436
9.799174
12.187958
14.585938
17.126628
19.906759
23.173945
26.141065
28.477737
30.610221
32.323599
33.467327
34.005812
33.964770
33.556904

