-143.454926
-93.997036
-41.030134
13.005563
66.787004
118.533884
166.734798
215.486118
266.966820
307.598284
333.093745
356.172323
376.423086
383.488791
380.490678
373.469932
358.517000
336.514711
311.727864
282.092094
248.157127
209.777525
164.502178
114.336865
60.733046
2.004078
-59.978281
-117.371934
-165.847540
-210.615567
-251.285689
-284.382275
-311.664683
-336.341177
-356.958253
-371.069057
-379.887138
-381.085191
-370.994977
-353.193794
-327.811241
-295.048101
-258.913892
-220.271519
-176.742417
-129.051379
-78.458786
-24.721112
29.652800
83.285230
134.114197
181.998866
232.610362
282.786063
317.846026
341.299943
364.750794
381.747144
384.760414
380.540746
371.707508
353.970698
331.038577
304.857322
273.629768
238.464219
197.874648
150.359018
98.920039
43.530975
-16.858237
-78.733989
-133.455311
-180.389541
-224.443674
-263.245276
-294.244289
-320.538964
-344.448600
-363.245862
-375.869274
-382.940599
-380.609206
-367.720808
-347.602367
-319.554806
-285.298995
-248.490402
-208.697830
-163.600785
-114.741496
-62.763691
-8.334092
46.203988
99.560874
149.539539
197.769063
249.824694
296.536684
326.567548
349.874667
372.942856
385.486909
385.338409
380.182777
368.617773
348.705053
325.125286
297.447273
264.717681
228.147507
185.157742
136.004175
83.478349
26.440961
-35.435302
-96.273422
-148.249183
-194.250345
-237.382991
-274.004255
-303.244591
-329.111304
-352.072205
-368.875606
-379.757030
-384.717839
-378.902640
-363.635336
-341.484376
-311.085837
-275.796822
-238.276039
-196.615798
-149.821213
-100.047759
-46.999284
7.771254
62.353611
114.799908
163.881098
213.453770
265.919651
307.706594
334.087781
357.883147
379.059144
387.215103
385.009050
378.404685
364.114046
342.588425
318.029438
288.697141
254.981347
216.842209
171.316011
120.886564
67.315442
8.586815
-54.236821
-113.035781
-162.462337
-207.698175
-249.552216
-283.802577
-311.690228
-336.990697
-358.366796
-373.410668
-382.849830
-385.104758
-375.866549
-358.611856
-333.781072
-301.144123
-264.996461
-226.667779
-183.290584
-135.348695
-84.355559
-30.484710
24.302857
78.610863
130.204814
178.826366
230.065754
281.206029
317.168406
341.732502
365.648951
383.444343
387.446880
384.033918
375.425986
358.402559
336.159297
310.500520
279.589210
244.844300
204.471350
156.977688
105.626753
50.409010
-9.975944
-72.824785
-128.779922
-176.195247
-220.914568
-260.783945
-292.815651
-319.863388
-344.500882
-364.050695
-377.055917
-384.882518
-383.643593
-371.376787
-352.113758
-324.804102
-290.788923
-254.071610
-214.355503
-169.186252
-120.453664
-68.527971
-14.078106
40.920803
94.525303
144.809655
193.750518
246.246031
293.847322
324.826922
348.895958
372.343574
385.539872
386.155333
381.707464
370.854821
351.604564
328.538248
301.440614
269.497122
233.322212
190.413168
141.430582
89.223555
32.548564
-29.235908
-90.822152
-143.374205
-189.663342
-233.475992
-271.031175
-300.834179
-327.163764
-350.651230
-368.116753
-379.708665
-385.344369
-380.265032
-365.634986
-344.044651
-314.032350
-278.999295
-241.770915
-200.551237
-153.765338
-104.234559
-51.492453
3.047160
57.753154
110.394273
159.549883
209.454639
262.229613
304.692813
331.840004
355.950253
377.227749
385.832787
384.190764
378.327370
364.679098
343.924420
319.917883
291.095291
257.926158
220.115866
174.993958
124.904599
71.512120
13.072661
-49.645560
-108.756338
-158.398833
-203.841243
-246.040991
-280.786072
-309.107985
-334.684508
-356.463705
-371.697119
-381.587233
-384.366172
-375.644820
-358.850445
-334.541457
-302.498511
-266.732829
-228.700468
-185.611589
-138.089487
-87.629046
-34.075975
20.631211
74.852875
126.119511
174.905743
226.205758
277.183056
313.605751
338.459696
362.859624
380.652632
384.878090
381.663186
373.751947
357.291869
335.361617
310.185466
280.145918
245.863029
205.750976
158.644574
107.798917
53.128345
-7.090569
-69.643600
-125.491108
-172.705650
-217.300313
-257.209369
-289.223875
-316.277061
-341.129473
-360.994339
-374.251434
-382.353919
-381.254980
-369.424309
-350.446871
-323.544741
-290.123735
-254.134962
-215.050663
-170.121023
-121.695314
-70.353406
-16.486474
38.119895
91.406788
141.346284
189.846413
242.078985
289.562089
320.691892
344.593355
367.901155
381.518773
382.547719
377.951520
367.230518
348.367521
325.563805
298.887151
267.364979
231.799568
189.535958
141.156060
89.453288
33.130475
-28.321232
-89.462144
-141.661848
-187.335355
-230.607305
-267.691953
-297.494956
-323.597193
-346.779994
-364.205156
-375.786509
-381.658588
-376.640729
-362.195969
-340.744598
-311.178650
-276.513781
-239.684922
-198.855059
-152.674232
-103.525605
-51.200901
2.873455
57.108573
109.075989
157.835143
207.353490
259.485245
301.232679
328.272411
352.089575
372.938088
381.379128
379.835367
373.824154
360.134499
339.392083
315.542391
287.136350
254.361289
216.656753
171.908651
122.529609
69.865499
11.729002
-50.508124
-108.732155
-157.302448
-202.289990
-243.972880
-278.136560
-305.960860
-331.125770
-352.881806
-367.934534
-377.851384
-380.101374
-371.316671
-354.618175
-330.374241
-298.520838
-263.312544
-225.768260
-182.803188
-135.534661
-85.542713
-32.671179
21.534818
75.186832
125.881093
173.950706
224.799088
275.156839
310.739108
335.142783
358.874968
376.065629
380.158595
376.861606
368.558509
352.038997
330.130373
304.923739
275.023835
241.085972
201.227495
154.577834
104.298762
50.154584
-9.546791
-71.263484
-126.261030
-172.810214
-216.736112
-255.861623
-287.372725
-313.934599
-338.057790
-357.402563
-370.275804
-378.109217
-376.552854
-364.484787
-345.318999
-318.247931
-284.736497
-248.757771
-209.824358
-165.273121
-117.299557
-66.232000
-12.850932
41.067089
93.529054
142.835549
190.843855
242.515973
288.734266
318.886382
342.386450
364.928246
377.487455
377.906731
373.117753
361.952952
342.795168
319.807019
292.965174
261.571067
225.900923
183.447940
135.443892
84.180151
28.116873
-33.056906
-93.163082
-144.217355
-189.250708
-231.897150
-267.939908
-296.958344
-322.473219
-345.413515
-362.090383
-373.014723
-378.030028
-372.264045
-357.432876
-335.499900
-305.687700
-271.194662
-234.535933
-193.451984
-147.425277
-98.643473
-46.698025
6.920270
60.549804
111.957107
159.973417
208.942379
260.569198
301.152127
327.010495
350.467137
370.790788
378.414222
376.114164
369.429248
355.314698
334.204095
310.084139
281.546116
248.842069
211.196116
166.386877
116.991826
64.330612
6.459951
-55.208036
-112.591471
-160.583428
-204.700232
-245.320797
-278.596537
-305.826834
-330.581324
-351.347923
-365.784339
-375.027316
-376.521860
-366.857392
-349.580050
-324.818236
-292.761837
-257.432801
-219.808987
-176.964998
-129.947151
-80.074072
-27.312551
26.369776
79.472916
129.584755
177.043676
227.232150
276.678630
311.233827
335.056271
358.278581
374.721629
377.730131
373.637847
364.737000
347.329378
324.859960
299.231155
268.999508
234.669617
194.496598
147.857496
97.611632
43.136903
-16.614539
-77.873979
-131.472349
-177.231686
-220.566307
-258.488655
-288.989374
-314.972401
-338.716848
-357.392856
-369.550160
-376.534803
-373.974017
-361.038276
-341.318846
-313.503913
-279.773814
-243.820633
-204.397951
-159.512077
-111.483676
-60.405902
-7.058893
46.686786
98.790441
147.557429
195.528609
246.910879
292.010818
320.821319
343.902111
366.274459
377.671037
376.955441
371.485949
359.630925
339.788539
316.357272
288.892814
256.943022
220.925127
178.113835
129.715885
78.219857
22.036178
-38.976329
-98.448311
-148.861408
-193.487746
-235.433578
-270.783220
-299.106155
-324.240071
-346.347604
-362.591914
-373.102086
-377.470255
-370.832682
-355.346714
-332.823311
-302.315269
-267.325129
-230.416059
-189.200299
-142.910310
-93.769687
-41.553634
12.148108
65.605981
116.864273
164.714541
213.429417
264.716659
304.575477
329.503502
352.473089
372.167996
378.814936
375.903504
368.680443
353.495223
331.671238
307.020290
277.818952
244.452272
206.206015
161.165169
111.532722
58.465855
0.197377
-61.294351
-117.876359
-165.499449
-209.341390
-249.431985
-282.049009
-309.019940
-333.494118
-353.741305
-367.431130
-376.052175
-376.874890
-366.389070
-348.468508
-322.915316
-290.255717
-254.440137
-216.164759
-172.674145
-125.270912
-74.899537
-21.764551
32.203368
85.234983
135.137865
182.586908
232.988937
282.140289
315.666199
338.850532
361.991610
377.570731
379.623686
375.103951
365.516799
347.419126
324.387039
298.160144
267.175095
232.307570
191.484009
144.099167
93.273265
38.430180
-21.585396
-82.614422
-136.153187
-182.030542
-225.204400
-263.041088
-293.142625
-318.956545
-342.263665
-360.374451
-372.304746
-378.694705
-375.624044
-362.096514
-341.736759
-313.234159
-278.765474
-242.089714
-202.271257
-156.855753
-108.337743
-56.665965
-2.958775
50.901515
103.363820
152.301448
200.059073
251.535177
296.803202
325.216055
347.714935
369.596481
380.640711
379.612276
373.815468
361.277717
340.587241
316.610166
288.604157
255.972828
219.390222
176.080125
127.137729
74.774027
17.690829
-43.559926
-102.963618
-153.331416
-198.101316
-240.007809
-275.168759
-303.407397
-328.622035
-350.504262
-366.174323
-376.129661
-379.890033
-372.649091
-356.565714
-333.468063
-302.350691
-266.905172
-229.183606
-187.263829
-140.475546
-90.865237
-37.976333
16.263383
70.027283
121.578148
169.814995
219.017438
270.646300
310.011591
334.808997
357.858453
377.176830
383.176293
379.875898
372.375590
356.541191
334.332841
309.219701
279.323884
245.207718
206.301212
160.331385
110.103233
56.322983
-2.542564
-64.441136
-121.416535
-169.441359
-213.655404
-253.957510
-286.680290
-313.561644
-337.955781
-358.166865
-371.852773
-380.116531
-380.604437
-369.964157
-351.748126
-325.810909
-292.587110
-256.287881
-217.325858
-173.381226
-125.241790
-74.331079
-20.638193
33.689567
87.394885
138.135297
185.907568
236.673015
286.449875
320.364748
343.237094
366.221496
382.018600
384.181057
379.494940
369.815656
351.354565
327.951738
301.412514
269.603218
234.009879
192.885569
144.965819
93.277182
37.750346
-22.674288
-84.215062
-138.371672
-184.795856
-228.407553
-266.554867
-297.171388
-323.186772
-346.539021
-364.528384
-376.233884
-382.742030
-379.660640
-365.928582
-345.271485
-316.610166
-281.777041
-244.426046
-203.854016
-157.940047
-108.756849
-56.404727
-1.802615
52.674157
105.742557
155.452149
204.127686
256.440299
302.028315
330.524274
353.512423
375.870296
386.547021
385.224308
379.472971
366.839852
346.091986
322.010006
293.699162
260.427850
223.106997
179.030044
129.276514
76.256990
18.798964
-43.171304
-103.523220
-154.973779
-200.464555
-243.103334
-279.211317
-307.874680
-333.448478
-355.782339
-371.900797
-381.883894
-385.831765
-378.844738
-362.629039
-339.515890
-308.200632
-272.120578
-233.930690
-191.476175
-143.915755
-93.436411
-39.946011
15.101944
69.702864
122.201272
171.082190
220.958165
273.296663
313.707760
338.881527
362.312964
382.250718
388.745580
385.553326
378.215994
362.538951
340.318680
315.203326
284.867627
250.312941
211.266109
165.099416
114.041397
59.657267
0.447205
-62.135799
-120.497261
-169.503519
-214.391947
-255.618095
-289.269175
-316.815036
-341.614144
-362.287419
-376.149416
-384.705748
-385.818822
-375.299454
-356.908185
-331.054585
-297.676155
-260.694027
-221.458503
-177.176339
-128.495353
-76.720033
-22.176334
33.171858
87.382793
138.817344
187.322583
239.018032
289.632933
324.155433
347.500358
371.465683
387.703862
389.807054
385.375704
375.934158
357.509170
334.130696
307.737078
275.758505
239.906481
198.394060
149.907214
97.512177
41.315896
-19.928387
-82.585130
-137.904712
-185.161999
-229.669809
-269.065244
-300.413030
-327.105352
-351.324592
-369.953598
-381.958314
-388.617345
-385.992357
-372.503485
-352.235522
-323.593276

