274.234840
257.465499
235.719340
209.160021
179.576193
144.744430
103.654521
57.217394
10.970320
-29.727221
-67.543643
-106.683459
-144.354275
-175.139904
-204.038450
-234.809944
-259.647029
-276.223591
-289.314134
-294.971807
-291.094439
-284.404925
-273.443290
-256.778002
-237.168074
-212.776320
-182.194369
-148.618051
-113.442625
-74.693305
-33.689908
7.992642
48.996721
89.070797
127.539124
161.980050
192.530836
220.492397
244.514091
264.285292
281.144210
291.547094
294.939109
292.323657
282.985653
269.060646
250.671761
227.095400
199.638265
168.697323
131.877320
88.951077
42.016676
-2.470698
-41.678974
-79.631465
-118.935789
-154.536622
-183.756351
-213.448490
-243.300370
-264.961209
-279.992819
-291.549989
-293.564796
-288.259302
-280.801228
-267.998832
-250.410863
-229.716471
-203.158855
-171.144349
-137.197460
-100.985765
-61.219249
-20.105328
21.375077
62.024253
101.778848
139.139039
171.820266
201.506615
228.452682
250.736305
269.605773
284.782818
292.672600
294.226067
289.268323
278.113740
262.972287
242.931332
217.889377
189.414535
156.792913
118.020943
73.353222
26.619775
-16.011511
-54.223027
-92.432329
-131.133114
-164.398806
-192.883526
-223.264694
-251.310042
-270.051105
-284.061772
-293.176515
-291.996343
-285.842419
-276.981252
-262.033939
-243.450574
-221.147537
-192.633527
-159.615108
-125.201259
-87.876320
-47.510522
-6.180491
35.132681
75.148855
114.294291
150.291409
181.833846
210.541827
235.997779
256.867579
274.748802
287.760666
293.134451
292.713472
285.625287
273.112059
256.446600
234.698057
208.371878
178.926672
144.318683
103.749718
57.924986
11.878695
-28.981311
-66.676991
-105.345760
-142.983198
-173.952069
-202.628544
-233.283724
-258.282934
-274.742501
-287.747553
-293.592044
-289.744139
-282.941375
-272.453002
-255.947113
-236.195666
-211.905922
-181.499209
-147.807428
-112.766027
-74.260235
-33.541577
8.014441
48.765796
88.461808
127.093111
161.337852
191.698074
219.444547
243.320465
262.754304
279.448032
289.917673
293.257236
290.618794
281.306335
267.373153
249.205487
225.637981
198.012590
167.098556
130.622217
87.922982
41.154793
-3.151383
-42.585986
-80.279282
-119.349957
-154.895272
-184.067828
-213.437932
-243.299178
-265.016385
-279.804809
-291.195938
-293.398925
-287.796600
-280.151708
-267.186165
-249.304771
-228.448766
-201.876845
-169.902359
-135.772399
-99.635295
-60.261318
-19.169365
22.525276
62.737635
102.162191
139.739003
172.572817
201.875312
228.509051
250.717912
269.130128
284.067052
291.831834
293.245997
288.342578
277.199405
261.730296
241.671801
216.562748
188.076666
155.299391
116.551944
72.063378
25.230987
-17.448323
-55.676699
-93.690327
-132.227114
-165.522780
-193.981954
-224.164554
-251.959392
-270.658391
-284.439666
-293.331317
-291.784150
-285.356896
-276.454347
-261.331797
-242.308549
-219.671726
-191.008874
-157.760893
-123.072352
-85.880075
-45.833417
-4.437140
36.931549
76.662472
115.888119
152.020454
183.189937
211.725576
237.099443
257.475036
274.947371
287.793194
292.896884
292.278869
284.937450
272.395951
255.398580
233.444997
206.829991
177.015066
142.222132
101.221630
55.127655
9.129218
-31.629971
-69.259916
-107.947418
-145.348821
-176.228966
-204.833065
-235.137429
-259.925297
-276.102849
-288.816350
-294.408628
-290.294375
-283.066716
-272.047349
-255.215509
-235.177449
-210.587467
-179.861954
-145.770311
-110.449961
-71.978058
-31.211206
10.626827
51.434210
91.116769
129.894018
164.336307
194.345883
221.934659
245.629719
264.773028
281.184912
291.196448
294.154372
291.278022
281.812293
267.506668
248.751300
224.946567
197.091784
165.769884
128.778560
86.061273
38.906506
-5.997930
-45.482772
-83.229882
-122.215407
-157.942942
-187.260423
-216.540950
-245.984793
-267.425094
-281.995535
-293.105841
-294.797421
-289.104155
-281.251158
-267.973457
-249.482053
-227.781875
-200.915507
-168.329818
-133.829628
-97.434861
-57.829448
-16.367435
25.653158
66.125563
105.882542
143.729278
176.510811
205.680983
232.389825
254.236630
272.462027
287.191016
294.414418
295.350722
290.089164
278.830528
262.974160
242.231062
216.595956
187.430211
154.126372
114.982980
70.088250
22.781917
-20.390238
-58.977093
-97.269331
-136.048794
-169.421605
-197.959627
-228.042262
-255.800486
-274.299894
-287.808350
-296.499048
-294.929913
-288.087470
-278.622253
-263.084854
-243.404593
-220.163890
-190.885578
-156.989268
-121.972731
-84.252698
-43.594837
-1.504421
40.206228
80.386230
120.260034
156.726497
187.938895
216.290440
241.617646
261.755330
279.089383
291.415453
296.139036
295.211247
287.548815
274.432046
256.798267
234.275545
207.124949
176.606349
141.069548
99.623203
52.917855
6.169932
-35.082442
-73.083980
-112.273012
-149.966308
-181.191649
-210.040467
-240.309749
-264.857667
-280.972379
-293.398755
-298.516750
-294.124569
-286.809547
-275.215592
-257.658788
-236.545290
-211.287567
-179.788555
-144.945724
-108.808620
-69.899218
-28.491701
14.151335
55.642809
96.065317
135.171924
169.817039
199.779613
227.727720
251.249926
270.238434
286.529745
296.265568
298.708507
295.310872
285.502332
270.680019
251.132931
226.582118
198.076623
165.858609
128.149475
84.439175
36.652940
-8.701086
-48.785891
-87.365253
-126.899992
-162.752356
-192.335503
-221.941982
-251.435723
-272.712026
-287.300008
-298.241036
-299.560513
-293.430090
-284.992286
-271.103042
-252.073322
-229.585171
-201.947008
-168.553591
-133.543185
-96.481528
-56.157282
-13.929776
28.586899
69.579567
110.084670
148.317473
181.353603
210.662740
237.514462
259.259088
277.454342
291.979143
298.887832
299.577883
293.837445
281.983784
265.448604
244.193929
218.044349
188.222102
154.002735
114.065409
68.206447
20.141091
-23.413556
-62.362977
-101.487126
-140.720606
-174.227101
-203.174353
-233.478546
-260.939768
-279.274327
-292.779037
-300.992557
-298.801661
-291.819572
-281.909193
-265.738964
-245.453971
-221.501589
-191.625527
-157.063007
-121.333088
-82.788127
-41.495221
1.390151
43.673856
84.636722
124.746731
161.444289
193.079029
221.899237
247.229167
267.382179
284.915311
296.963283
301.219395
299.743073
291.756392
278.131621
259.806088
236.567770
208.784512
177.615711
141.297919
98.887512
51.417691
4.384518
-37.438018
-76.399190
-116.092988
-154.004097
-185.426133
-214.736462
-245.367459
-269.679683
-285.806656
-298.287868
-302.995614
-298.194374
-290.488516
-278.623615
-260.844060
-239.427601
-213.423116
-181.259768
-146.055392
-109.427486
-69.469043
-27.298927
15.722854
57.729653
98.673105
138.477087
173.444918
203.941890
232.134717
255.876950
275.017364
291.284323
300.694023
303.036145
299.422060
289.157970
273.937838
253.986120
228.936843
199.811969
167.105028
128.623077
83.970513
35.408395
-10.136366
-50.442559
-89.441197
-129.470825
-165.456704
-195.362057
-225.523370
-255.215679
-276.553461
-291.319064
-302.228587
-303.179707
-297.022717
-288.434369
-274.057899
-254.720109
-232.154982
-204.056331
-170.306138
-134.529386
-96.714497
-55.658306
-12.619155
30.442817
72.055885
112.997293
151.326656
184.674604
214.533636
241.521256
263.572420
282.054288
296.658618
303.436858
303.819861
297.888177
285.798822
268.912145
247.128350
220.398903
190.261602
155.572210
114.847251
68.432944
19.801344
-24.085045
-63.656058
-103.415762
-143.140384
-176.893132
-206.219298
-237.321854
-264.891556
-283.188990
-297.006880
-305.235386
-303.006513
-295.962776
-285.869496
-269.540037
-249.054773
-224.604947
-194.195168
-159.310273
-123.123271
-83.895751
-41.881629
1.526390
44.517006
86.037602
126.818078
163.765635
195.763622
224.873849
250.555277
271.078178
288.788932
301.082134
305.669989
304.249184
295.920372
282.184396
263.828380
240.253040
212.146044
180.635623
143.833331
100.923095
52.897590
5.335978
-36.897489
-76.307058
-116.857461
-155.488423
-187.129123
-216.847658
-248.089007
-272.810289
-289.098706
-301.835367
-306.602887
-301.899740
-294.352089
-282.138927
-264.067650
-242.583752
-216.355153
-183.878626
-148.291077
-111.304351
-70.603916
-27.748176
15.799999
58.131729
99.534988
139.533792
174.931117
205.909695
234.317780
258.534466
278.249638
294.882740
304.439238
306.939227
303.244761
292.834725
277.391332
257.333176
232.042245
202.956711
169.928755
130.723545
85.366964
36.314385
-9.563140
-50.471681
-90.275662
-130.837304
-167.014088
-197.231599
-228.128093
-258.291108
-279.669591
-294.911180
-305.990662
-306.903805
-300.671543
-292.126281
-277.697359
-258.375236
-235.538483
-207.121713
-173.169374
-137.323822
-98.912375
-57.143995
-13.866425
29.833998
72.026253
113.378252
152.111564
185.893093
216.423784
243.848562
266.360215
285.253525
300.091675
307.206597
307.824441
301.675797
289.570263
272.724118
250.940663
224.018608
193.728890
158.872945
117.539338
70.243222
21.313429
-22.725718
-62.770844
-103.295701
-143.570048
-177.516597
-207.153729
-238.722903
-266.712052
-285.543885
-299.680744
-308.095898
-305.855955
-298.912355
-288.816690
-272.359167
-252.241577
-227.982998
-197.244883
-162.297998
-125.927414
-86.209093
-43.631792
0.073739
43.474095
85.363388
126.350948
163.642509
196.249996
225.902285
251.993282
273.118871
291.145188
303.659950
308.356966
307.122639
298.768793
284.907477
266.459669
242.832899
214.812074
183.265550
146.221604
102.775437
54.029226
6.205014
-36.152090
-75.935466
-116.894075
-155.675241
-187.458651
-217.689276
-249.372040
-274.327312
-291.013888
-304.165397
-309.047529
-304.427828
-297.061716
-284.913778
-266.723463
-245.356560
-219.021014
-186.440774
-150.887796
-113.572393
-72.569166
-29.575654
14.247383
57.286024
99.050488
139.187234
174.842221
206.445796
235.242333
259.605646
279.534715
296.391419
306.361914
309.025220
305.643763
295.353276
280.252695
260.231325
234.784228
205.446141
172.580140
133.488349
88.019371
38.912296
-7.306508
-48.311097
-88.344642
-129.474231
-166.222709
-196.419614
-227.461202
-257.866893
-279.597555
-294.942856
-306.316614
-307.785954
-301.793303
-293.435029
-279.079505
-260.043655
-237.574577
-209.113019
-175.163235
-139.292138
-100.962605
-59.134449
-15.811239
27.784961
70.223979
111.753259
150.719711
184.848649
215.299470
242.786918
265.554019
284.614563
299.594232
306.950637
307.888644
302.074126
289.962803
273.227351
251.507078
224.790233
194.511243
159.641164
118.348939
71.062871
22.224358
-21.738325
-61.981508
-102.572441
-142.778669
-177.030734
-206.934043
-238.743510
-266.817638
-285.647597
-300.061022
-308.553491
-306.394270
-299.726725
-289.761169
-273.198230
-253.110102
-228.800603
-198.208264
-163.339887
-126.913105
-87.040322
-44.498103
-1.056705
42.569126
84.566729
125.557184
162.894045
195.753234
225.468022
251.639571
273.011242
291.204793
304.106133
309.175423
308.045489
299.879313
286.148616
267.963409
244.327613
216.261319
184.889180
148.154838
104.725701
56.119987
8.156640
-34.416233
-74.536119
-115.752561
-154.823746
-186.833995
-217.069217
-248.984780
-274.247783
-291.018486
-304.200138
-309.561150
-305.204562
-297.823804
-285.684892
-267.815420
-246.710607
-220.383746
-187.893254
-152.479751
-115.164348
-74.238266
-31.382867
12.434210
55.360964
97.153016
137.442180
173.485620
205.096347
233.765500
258.482695
278.664487
295.665434
305.922202
309.046847
305.830921
295.569216
280.328819
260.585546
235.393388
206.292016
173.264912
134.224892
88.635683
39.369208
-6.747927
-47.929117
-88.200739
-129.256589
-166.275501
-196.750334
-227.731126
-258.358036
-280.223063
-295.620475
-306.912831
-308.354582
-302.421365
-294.054917
-279.670273
-260.592188
-238.147974
-209.735462
-175.849199
-139.852081
-101.431097
-59.702396
-16.489370
27.533429
70.032222
111.391204
150.640692
185.064418
215.785333
243.434055
266.392572
285.316535
300.609044

