233.209985
218.688590
199.440718
174.778870
146.988460
117.106608
84.565026
45.937300
4.836321
-29.762643
-61.194897
-98.231350
-135.578258
-163.713183
-186.499017
-208.008289
-223.729951
-233.069999
-241.406986
-246.492624
-245.181663
-242.030280
-233.637946
-217.442342
-197.443792
-173.481362
-143.391064
-112.762451
-85.509334
-53.734779
-19.274609
13.327088
45.226131
77.581746
109.537329
139.540434
167.023965
191.344193
211.411204
226.448263
237.743684
244.026354
246.272939
245.519536
239.935943
228.725161
212.645020
191.603729
165.893010
137.453250
106.932606
72.808266
32.536813
-7.153068
-39.851836
-72.541407
-110.818488
-145.422731
-170.816694
-193.174056
-213.399274
-226.601873
-235.167401
-243.317570
-246.072156
-243.777207
-239.664486
-228.708472
-210.982902
-190.087216
-164.144720
-132.853815
-103.719405
-75.800078
-42.331389
-8.513246
23.626600
55.638722
88.049855
119.477851
148.455756
175.030913
198.228019
216.417313
230.209487
239.937135
244.595494
245.873587
243.624789
236.126695
223.354101
205.839361
183.167798
156.347752
127.290317
96.160514
59.986966
18.795558
-18.642630
-50.009489
-84.616627
-123.099089
-154.611043
-178.192513
-200.153589
-218.554905
-229.453359
-237.741130
-244.855540
-245.531287
-242.748431
-236.964055
-223.133564
-204.100949
-181.908778
-154.042755
-122.413635
-94.537565
-65.124886
-30.687196
2.540009
34.513133
66.353594
98.552023
129.231896
157.482965
182.835715
204.553093
221.184322
233.687503
241.814171
245.038101
245.348045
241.601808
232.286964
217.848676
198.687315
174.409662
146.810327
117.075784
84.861176
46.651023
5.493505
-29.512644
-60.832500
-97.284658
-134.442193
-162.613392
-185.278484
-206.843104
-222.866705
-232.262441
-240.569626
-245.789460
-244.473219
-241.058554
-233.043943
-217.010805
-196.945838
-173.299142
-143.533775
-112.459319
-85.174016
-53.613697
-19.019331
13.670070
45.350790
77.277933
109.181574
138.851915
166.089024
190.348285
210.515942
225.439242
236.678634
243.109124
245.250634
244.266817
238.661936
227.486406
211.648090
190.660102
164.795944
136.354480
106.150763
72.173221
31.969036
-7.630587
-40.437153
-72.892393
-111.149379
-145.760093
-171.211617
-193.430526
-213.720798
-227.018935
-235.312496
-243.228163
-246.139254
-243.645906
-239.401034
-228.378773
-210.516623
-189.612593
-163.918563
-132.561411
-102.772883
-74.843509
-41.539158
-7.374968
24.917466
56.407622
88.369335
119.735003
148.721082
174.920389
198.068278
216.563599
230.137110
239.753042
244.366271
245.465381
243.075575
235.539334
222.518103
205.030612
182.421548
155.705895
126.427753
95.268658
59.307814
17.944915
-19.726924
-51.183871
-85.608448
-123.909201
-155.405317
-179.033790
-201.006787
-219.267947
-230.188370
-238.274676
-245.128870
-245.504209
-242.469140
-236.697878
-222.789219
-203.571660
-181.321587
-153.512955
-121.471371
-92.979840
-63.637495
-29.230799
4.265479
36.286627
67.877088
99.949326
130.522081
158.256122
183.428696
205.221346
221.707310
234.054668
242.221696
245.354176
245.383978
241.258144
231.798206
216.989517
197.722060
173.293012
145.493405
115.642377
83.215918
44.795615
3.595693
-31.381505
-62.784808
-99.536180
-136.508260
-164.559058
-187.159606
-208.403383
-224.176986
-233.279296
-241.318941
-246.458735
-245.042869
-241.327115
-232.892718
-216.641937
-196.498803
-172.852278
-142.913376
-111.267737
-83.593811
-51.992791
-17.110961
15.975067
47.613382
79.535757
111.512627
141.273907
168.110643
192.254441
212.488174
227.337735
238.409724
244.643518
246.510846
245.206867
239.270415
227.567809
211.211613
190.127577
164.223909
135.525124
104.871477
70.755993
30.136960
-9.934902
-42.831898
-75.384549
-113.318477
-147.854941
-173.343931
-195.552622
-215.728283
-228.956597
-237.101316
-244.778735
-247.357232
-244.713851
-240.174873
-228.856802
-210.622719
-189.369065
-163.786241
-132.041829
-101.752281
-73.345218
-39.615120
-4.940203
27.611937
59.259278
91.464690
122.958422
151.796682
177.906581
201.240778
219.520160
232.983998
242.604528
246.997731
247.626816
244.778906
236.903770
223.408767
205.423662
182.360240
155.158724
125.616448
94.147750
57.592903
15.853473
-22.029536
-53.835596
-88.541337
-126.763753
-158.087696
-181.732178
-203.654936
-222.101041
-233.066423
-240.907839
-247.649125
-248.050519
-244.582551
-238.187483
-223.981653
-204.457726
-182.052510
-153.919288
-121.352332
-92.458555
-62.391588
-27.295351
6.812300
38.905314
70.746115
103.345428
134.183339
161.975792
187.087911
209.034511
225.409951
237.588542
245.366096
248.245852
247.913429
243.373258
233.251708
217.975037
198.361874
173.550674
145.213774
114.795310
81.909895
42.824915
1.062325
-34.155335
-65.876756
-102.916445
-139.925139
-168.176208
-190.956082
-212.255205
-228.011097
-237.119028
-244.869164
-249.711105
-248.103312
-244.275672
-235.299553
-218.447787
-197.590419
-173.507077
-142.931427
-110.725675
-82.229887
-50.070456
-14.668192
18.894332
51.000799
83.492994
115.666219
145.622322
172.429766
197.029454
217.176846
231.897490
242.817913
248.824188
250.210081
248.389585
242.055314
229.861566
212.954283
191.295998
164.909874
135.651316
104.512147
69.487946
28.265544
-12.000459
-45.357772
-78.757661
-117.080552
-151.550940
-177.156244
-199.639797
-219.865186
-233.021123
-241.206884
-248.716048
-250.989880
-248.009648
-242.973566
-231.129272
-212.598698
-190.762281
-164.501837
-132.101945
-101.504837
-72.461878
-38.039344
-2.850805
30.003105
62.020847
94.839675
126.655783
155.689035
181.802852
205.248254
223.555054
236.942938
246.359961
250.633444
251.133101
247.886351
239.365782
225.262812
206.845488
183.355127
155.606270
125.396252
93.307155
55.871180
13.521399
-24.450166
-56.571960
-92.027187
-130.536897
-161.854369
-185.751234
-207.751989
-225.984199
-236.764635
-244.602476
-251.007080
-250.910691
-247.356721
-240.583250
-225.761618
-205.808026
-182.839632
-154.163667
-121.234485
-91.986656
-61.097656
-25.508233
9.071146
41.651045
74.174574
106.957981
138.107027
166.256939
191.716807
213.608742
229.917424
242.217949
249.845811
252.397231
251.731021
246.970654
236.281838
220.418317
200.118167
174.708707
145.920685
115.025214
81.313167
41.417565
-0.485522
-36.025558
-68.658420
-106.174094
-143.174274
-171.380043
-194.450447
-215.927533
-231.477022
-240.657670
-248.565504
-253.032616
-251.029049
-246.846165
-237.560613
-220.589297
-199.594157
-174.880028
-143.789904
-111.583131
-82.769564
-49.604518
-13.740574
20.053046
52.533150
85.449389
118.288483
148.542098
175.775630
200.475625
220.729624
235.529457
246.432509
252.248900
253.692525
251.785346
244.992461
232.357979
215.048279
192.915031
165.982076
136.318207
104.660818
69.066627
27.247156
-13.132947
-46.505928
-80.298356
-119.249821
-153.893062
-179.671049
-202.346359
-222.514697
-235.530649
-243.828808
-251.495157
-253.620999
-250.766618
-245.708908
-233.339071
-214.397056
-192.371437
-165.487528
-132.743461
-101.970604
-72.477034
-37.615810
-2.174037
31.065089
63.717876
96.997874
129.194430
158.740963
185.352904
208.782809
227.008888
240.339722
249.723537
253.751619
254.127128
250.972339
242.366620
228.005307
209.085941
184.992552
156.898669
126.283339
93.540124
55.588143
12.815850
-25.123528
-57.656935
-93.647071
-132.412400
-163.856064
-188.016040
-210.672447
-228.988784
-239.712000
-247.884137
-254.331146
-254.078422
-250.471830
-243.547644
-228.558608
-208.377327
-184.914555
-155.650718
-122.582572
-93.212298
-61.701536
-25.675978
9.069954
42.142357
75.120926
108.473982
139.872347
168.467760
194.207089
216.432810
232.994556
245.270218
252.927031
255.602258
254.928895
249.882255
239.235163
223.434653
202.895062
177.172933
148.027454
116.715431
82.703318
42.326791
-0.032527
-35.581418
-68.476200
-106.808288
-144.383396
-172.772067
-196.084636
-218.010119
-233.840091
-243.062973
-251.230853
-255.766596
-253.885644
-249.877317
-240.281309
-222.924267
-201.699223
-176.644325
-145.140205
-112.917934
-84.001848
-50.323861
-14.232738
19.784314
52.591222
85.958413
119.128738
149.991172
177.807638
202.630077
223.066636
238.039153
249.049493
254.821266
256.408453
254.717725
248.041323
235.383681
218.028511
195.567778
168.470315
138.392108
106.025764
69.869076
27.631692
-12.888397
-46.508483
-80.984831
-120.569978
-155.356271
-181.384768
-204.643522
-225.070545
-237.931354
-246.557338
-254.334041
-256.318876
-253.484930
-248.562098
-236.195156
-217.165266
-194.715602
-167.339359
-134.468930
-103.864840
-73.966128
-38.649355
-3.205878
30.526774
63.739164
97.514561
130.065509
159.985679
187.148367
210.774796
229.278803
242.927756
252.480847
256.793669
257.449491
254.210404
245.635680
231.306893
212.345804
188.003097
159.630435
128.773281
95.613173
57.205813
14.021567
-24.134772
-56.792498
-93.609095
-133.189133
-164.848225
-189.198766
-212.023429
-230.399030
-241.312299
-249.697651
-256.283113
-256.104640
-252.734082
-245.895726
-230.835506
-210.820266
-187.303168
-157.490969
-124.409539
-95.126799
-63.360929
-27.233873
7.547310
41.020087
74.394941
108.134065
140.089648
169.308696
195.429155
217.688765
234.418767
246.887888
254.664080
257.463285
257.239853
252.474376
241.739920
225.735732
204.980033
179.107870
149.770124
118.127550
83.664315
42.927435
0.464235
-35.123825
-68.216324
-106.954404
-144.887652
-173.475913
-197.211504
-219.322954
-235.087190
-244.469813
-252.962623
-257.495982
-255.677189
-251.983745
-242.612873
-225.171873
-203.926563
-178.530727
-146.817820
-114.636762
-85.598912
-51.793030
-15.709570
18.463305
51.935741
85.661411
118.912629
149.975164
178.327050
203.438997
223.957130
239.154271
250.363009
256.353106
257.953916
256.473337
249.931131
237.602166
220.273393
197.713375
170.463153
140.439272
108.143602
71.812528
29.439926
-11.495863
-45.181343
-79.647814
-119.491645
-154.690742
-180.684158
-204.087836
-224.802494
-238.123110
-246.909346
-254.872356
-257.192850
-254.362311
-249.514069
-237.190723
-218.436718
-196.318626
-168.933528
-136.068038
-105.347293
-75.578179
-40.245397
-4.686628
28.996127
62.395164
96.197639
128.904240
159.143039
186.291763
210.016285
228.762967
242.699385
252.270358
256.504672
257.255520
254.256725
245.746544
231.618711
212.766954
188.648871
160.344669
129.351616
96.149615
57.762861
14.610291
-23.596968
-56.291648
-93.031951
-132.683516
-164.648124
-189.285619
-212.313277
-230.702673
-241.627012
-250.325203
-256.897722
-256.651640
-253.458534
-246.783154
-231.611558
-211.559875
-187.907900
-158.256292
-125.146253
-95.752307
-64.080272
-27.955089
6.697178
40.419102
73.867696
107.486078
139.431783
168.961287
195.219857
217.550482
234.585149
247.226613
255.157437
258.090155
257.789067
253.162895
242.849248
227.265017
206.575564
180.784975
151.514666
119.905472
85.307189
44.653586
1.875843
-34.072059
-67.255497
-106.033427
-144.235577
-173.026323
-196.858134
-219.287021
-235.374314
-244.906630
-253.429583
-258.198125
-256.349359
-252.555098
-243.234464
-226.133551
-205.120359
-179.812738
-148.209844
-115.901232
-86.804288
-53.250790
-17.180443
17.123563
50.511701
84.165846
117.509365
148.918969
177.337442
202.385357
223.264013
238.748108
250.035184
256.131036
257.978610
256.506886
250.037227
237.795966
220.748527
198.444809
171.363524
141.081299
108.654329
72.317975
29.887131
-11.207547
-45.032331
-79.573563
-119.467293
-154.997110
-181.313242
-204.623938
-225.442478
-238.761391
-247.650317
-255.560705
-257.726737
-254.884618
-250.071287
-237.816232
-219.005346
-196.849619
-169.600419
-136.737653
-105.728252
-75.974635
-40.718998
-5.132130
28.943505
62.366724
95.857893
128.685577
159.189020
186.739138
210.750614
229.798555
243.644544
253.406252

