229.218006
244.914123
256.355831
262.465136
264.062371
262.221268
255.395344
242.721524
225.088937
202.253376
174.579280
143.538713
110.009738
72.572742
28.829234
-12.813636
-46.998262
-82.559415
-123.257807
-158.815554
-185.406719
-209.696974
-230.985539
-244.569608
-253.934860
-261.997836
-263.822419
-260.751418
-255.653007
-242.918219
-223.673923
-201.226132
-173.651150
-139.956815
-107.915231
-77.012607
-40.681873
-4.030125
30.858517
64.873695
99.027497
132.423810
163.312980
191.124507
215.766260
235.223770
249.406270
259.308134
263.710533
264.082636
260.688918
251.940489
237.366302
217.994452
193.384034
164.494344
132.702248
98.421744
58.540446
14.156955
-24.690458
-58.014052
-96.042156
-136.431967
-168.564831
-193.863937
-217.800140
-236.817939
-248.060908
-257.057973
-263.672216
-263.232844
-259.872675
-252.856527
-237.362896
-217.053379
-193.297012
-163.246904
-128.894704
-98.163230
-65.725020
-28.552158
7.734639
42.169264
75.981276
110.218695
143.014874
172.655072
199.252878
222.623519
240.066392
252.905062
260.969911
263.882535
263.197422
258.246831
247.382266
231.228386
210.306134
184.167624
154.223442
121.537447
86.089543
44.056858
0.107629
-36.111559
-70.148877
-110.055379
-148.619754
-177.648749
-201.997927
-224.745955
-241.121735
-250.916481
-259.690285
-264.075143
-261.813232
-257.797071
-247.872387
-230.076994
-208.665643
-183.146000
-150.926454
-117.290701
-87.087325
-52.463157
-15.288762
20.207167
54.345301
88.411399
122.305666
154.089928
182.687385
208.273956
229.566778
245.251485
256.716524
262.840305
264.357158
262.237447
255.215338
242.169925
224.173410
201.165336
173.553228
142.546892
109.136786
71.464096
27.511631
-14.255558
-48.371724
-84.237371
-125.285046
-160.505431
-187.058108
-211.322989
-232.303483
-245.561940
-254.632064
-262.596267
-264.359713
-261.213439
-255.812577
-242.680482
-223.264524
-200.522968
-172.666652
-138.784306
-106.714964
-75.782537
-39.342131
-2.425909
32.460860
66.386802
100.808825
134.218080
164.971352
192.306212
216.855492
236.206055
250.336102
260.074479
264.379467
264.720576
261.144638
251.958200
237.009866
217.378991
192.516872
163.263253
131.284339
97.124577
57.186910
12.464183
-26.637656
-59.943540
-97.855670
-138.198989
-170.268502
-195.374148
-218.915428
-237.723419
-248.848540
-257.502454
-263.888836
-263.240167
-259.707826
-252.270188
-236.415182
-215.881041
-191.954374
-161.718811
-127.190692
-96.326045
-63.548429
-26.254995
9.974752
44.429813
78.353030
112.657717
145.365511
174.949339
201.468979
224.445547
241.661242
254.432644
262.197767
264.758553
263.736078
258.329255
247.014250
230.321884
208.962645
182.444538
152.166741
119.366305
83.497763
41.078329
-2.722400
-38.972582
-73.099136
-112.902778
-150.973456
-179.818869
-204.309395
-227.002757
-242.943083
-252.446277
-260.900770
-265.010084
-262.611253
-258.229290
-247.874430
-229.777779
-208.094972
-182.181597
-149.613619
-115.954195
-85.352319
-50.321307
-12.780087
22.705112
56.765420
90.928418
125.037261
156.705720
185.123171
210.768325
231.973273
247.370005
258.426837
264.196907
265.355791
262.964112
255.388703
241.845165
223.861762
200.696502
172.455822
141.058309
107.542106
69.712230
25.390387
-16.424145
-50.531626
-86.461135
-127.212490
-162.257126
-188.852889
-212.764740
-234.026398
-247.470822
-256.247861
-263.800110
-265.113967
-261.782748
-256.025791
-242.645059
-222.996644
-200.011219
-171.756744
-137.493781
-104.993922
-73.600497
-36.900384
0.136069
35.104581
69.062029
103.260619
136.809008
167.543718
194.837196
219.083173
238.233634
252.024276
261.322601
265.164035
265.095234
261.039053
251.627990
236.415863
216.476066
191.279309
161.884853
129.411902
94.711951
54.382767
9.656804
-29.221433
-62.782424
-101.024594
-141.268287
-173.092399
-198.265144
-221.720764
-240.227495
-250.952244
-259.391751
-265.435662
-264.603240
-260.668823
-252.519846
-236.418247
-215.625593
-191.107988
-160.180671
-125.548329
-94.455991
-60.988494
-23.324149
12.944256
47.392675
81.404958
115.722418
148.396833
177.945750
204.438141
227.360385
244.281122
256.567683
263.996295
266.294990
264.977898
259.148393
247.473887
230.517047
208.726781
181.766578
151.205574
118.072884
81.821510
38.779974
-4.960128
-41.115114
-75.588908
-115.830728
-153.907537
-182.591677
-206.995692
-229.457617
-245.205845
-254.511833
-262.781382
-266.339098
-263.762815
-259.190287
-248.367105
-229.856968
-207.822493
-181.411164
-148.232153
-114.311491
-83.577463
-48.275845
-10.638067
25.092874
59.351751
93.557153
127.696650
159.358978
187.659945
212.988683
234.169449
249.419894
260.318347
265.726021
266.642400
263.987439
256.213290
242.300374
223.597969
199.970858
171.539783
139.734064
105.583668
67.193508
22.615365
-18.825190
-53.122555
-89.514766
-130.342756
-165.264947
-191.894940
-215.917315
-236.519575
-249.264240
-258.000578
-265.346766
-266.265188
-262.650762
-256.339482
-242.534195
-222.728082
-199.503558
-170.981543
-136.169195
-103.479453
-71.684463
-34.702505
2.452646
37.597418
71.729592
106.272016
139.720270
170.240232
197.534731
221.842016
240.808555
254.360097
263.392414
267.203365
266.898360
262.430225
252.505200
236.715930
216.323137
190.575123
160.913127
128.330673
93.302897
52.173819
7.211481
-31.322922
-65.249716
-103.950160
-143.987451
-175.356354
-200.435945
-223.900080
-242.145232
-252.696276
-261.046205
-266.781705
-265.629973
-261.733362
-253.281423
-236.707926
-215.452228
-190.794638
-159.479039
-124.646425
-93.377488
-59.583528
-21.691152
14.960766
49.330848
83.637578
118.364947
151.209150
180.497851
206.834418
229.668106
246.445111
258.566822
265.701839
267.801114
266.266380
260.119779
248.000281
230.603729
208.312614
180.977072
149.933100
116.458280
79.951968
36.521809
-7.167714
-43.194464
-78.015838
-118.348088
-155.928986
-184.360232
-208.919730
-231.366839
-246.806145
-256.085396
-264.346089
-267.646994
-264.778308
-260.003124
-248.710087
-229.922192
-207.562617
-180.950505
-147.518090
-113.615138
-82.292046
-46.246903
-8.456877
27.237449
61.621666
96.173968
130.410876
162.119355
190.253598
215.785333
236.476660
251.458202
262.102910
267.427989
268.143756
265.040227
256.898233
242.719991
223.686865
199.536937
170.677049
138.723680
104.433298
65.444878
20.539931
-20.523752
-54.663079
-91.776507
-132.883617
-167.210613
-193.570001
-217.811380
-238.341774
-250.875439
-259.434496
-266.646317
-267.222439
-263.887133
-257.584197
-243.100950
-222.902639
-199.214731
-169.979674
-135.203430
-102.992739
-70.642914
-33.113786
4.220690
39.327826
73.533058
108.375890
142.023904
172.635487
199.831724
224.027123
242.629732
256.029027
264.817987
268.319505
267.971754
263.386113
253.097330
236.965418
216.323989
190.406357
160.263436
127.244336
91.875621
50.388064
5.410910
-32.936335
-67.007542
-106.289727
-146.174942
-177.173955
-202.271768
-225.830930
-243.741614
-254.246848
-262.863806
-268.122809
-266.478573
-262.397868
-253.629003
-236.597231
-215.036018
-189.941100
-158.295972
-123.474428
-92.344284
-57.982717
-19.959893
16.551869
51.171098
85.663625
120.326962
152.986220
182.390213
208.995172
231.545823
248.024464
260.105303
267.036983
269.001041
267.163345
260.717699
248.208897
230.507510
208.040816
180.511134
149.314233
115.629264
78.349113
34.277780
-9.057862
-44.678279
-80.003568
-120.987211
-158.173527
-186.276436
-210.969618
-233.230080
-248.162917
-257.386821
-265.530859
-268.497467
-265.518427
-260.601044
-248.750619
-229.789019
-207.263061
-180.152655
-146.237101
-112.771988
-81.549202
-45.230389
-7.373435
28.412172
62.784638
97.718239
132.091386
163.857937
192.147153
217.662028
238.255262
253.046240
263.445207
268.336194
269.132001
266.197068
257.726737
243.205002
223.994596
199.538299
170.448678
138.089487
103.663717
64.123869
18.913576
-21.987813
-56.086438
-93.435390
-134.476764
-168.571983
-194.691079
-218.951021
-239.340918
-251.582180
-260.430234
-267.518929
-267.728397
-264.159441
-257.600376
-242.903573
-222.540242
-198.963029
-169.554438
-134.641613
-102.480820
-69.870778
-32.378265
4.758835
39.957251
74.622290
109.603405
142.997163
173.603977
200.958252
225.468022
243.997233
257.337434
266.070877
269.313880
268.668107
263.877426
253.425326
237.116643
216.208867
189.941611
159.680332
126.659870
90.789114
48.652547
3.882987
-33.841985
-68.042449
-107.713257
-147.374868
-178.002289
-203.148808
-226.781709
-244.269882
-254.577909
-263.349840
-268.696887
-267.044817
-263.068506
-253.863164
-236.635549
-215.199164
-189.769268
-157.650709
-123.198543
-92.066356
-57.362488
-19.329616
17.105000
51.767145
86.457048
121.374471
154.125350
183.531727
209.974221
232.347931
248.869828
260.664565
267.410789
269.387790
267.698765
261.195898
248.597690
230.636426
207.867622
180.100884
148.668289
114.889485
77.612911
33.534765
-9.665319
-44.946841
-80.609322
-121.745382
-158.783368
-186.769962
-211.424828
-233.654465
-248.360974
-257.635798
-265.915224
-268.519947
-265.736410
-260.884932
-248.833214
-229.675940
-207.185916
-179.721969
-145.719051
-112.351349
-81.122773
-44.647626
-6.969145
28.787000
63.442332
98.344258
132.574865
164.247751
192.672014
217.964649
238.302605
253.125429
263.569014
268.414702
269.039529
265.941450
257.344076
242.926053
223.551137
198.952641
169.865574
137.641260
102.991547
63.323634
18.236637
-22.085905
-56.341887
-94.060217
-135.239703
-168.931144
-195.103713
-219.518117
-239.524160
-251.631737
-260.512999
-267.596415
-267.942974
-264.392069
-257.669858
-242.788451
-222.311871
-198.415688
-168.665648
-133.897918
-102.149929
-69.402967
-31.668118
5.213193
40.272985
74.716466
109.733684
143.249205
173.865897
201.186112
225.233861
243.615934
256.876435
265.567814
268.921001
268.392393
263.704062
253.136839
236.967291
216.104644
189.766203
159.439189
126.414810
90.541329
48.368318
3.522464
-34.150907
-68.333149
-108.014515
-147.620610
-178.015913
-203.100443
-226.685149
-244.279419
-254.578420
-263.376066
-268.378769
-266.492707
-262.543474
-253.325020
-236.029795
-214.588812
-189.060824
-156.984329
-122.634513
-91.748067
-57.204110
-19.295727
16.966888
51.798139
86.341075
120.922838
153.587546
183.088779
209.532636
231.781687
248.313802
260.350364
267.059633
268.878766
267.175947
260.672740
248.199361
230.470725
207.807507
180.153166
148.846422
114.869220
77.335835
33.229249
-9.789467
-45.090914
-80.594846
-121.697358
-158.686808
-186.479092
-211.181130
-233.324936
-247.886351
-257.219928
-265.564578
-268.209151
-265.159266
-260.049275
-248.073850
-229.146140
-206.630741
-179.129839
-145.357847
-112.445525
-81.267187
-44.799192
-7.275343
28.326682
62.855993
97.552879
131.782123
163.360494
191.941772
217.343739
237.732615
252.522060
262.920175
267.903294
268.580914
265.455927
256.976911
242.678097
223.444700
198.934249
169.854164
137.766089
103.124550
63.501426
18.435887
-22.018296
-55.908476
-93.406609
-134.736640
-168.505396
-194.382157
-218.659469
-238.729886
-250.856706
-259.853942
-267.007010
-267.233508
-263.761963
-257.268974
-242.352145
-222.091845
-198.366983
-168.597017
-133.878674
-102.225201
-70.007869
-32.574109
4.294259
39.504085
74.060474
108.708654
142.230477
172.915288
200.301068
224.198444
242.668390
256.082671
264.831441
268.059628
267.641544
263.178689
252.860444
236.962182
216.050829
189.981801
159.783363
126.799175
91.056824
49.343109
4.596710
-33.192805
-67.187548
-106.705768
-146.682944
-177.338123
-202.229704
-225.777626
-243.266310
-253.585066
-262.548583
-267.900058
-266.182763
-262.222120
-253.309693
-236.119713
-214.840685
-189.511435
-157.595532
-123.255934
-92.533997
-58.322634
-20.599706
15.459912
50.268003
84.795271
119.172335

