-335.843393
-324.862514
-307.858671
-283.020054
-250.941685
-213.346992
-170.105355
-123.122760
-76.045309
-28.211389
19.860779
66.165073
112.150397
162.568433
214.833873
259.941816
292.338984
313.698053
331.081833
344.670841
350.880282
352.703333
349.690744
336.468560
316.447871
289.847340
254.015752
213.641950
171.097858
126.953636
82.436970
37.296500
-9.267841
-55.257252
-100.753137
-144.451005
-187.777451
-231.949432
-269.687176
-299.650942
-323.462316
-338.493926
-344.645296
-346.093348
-342.308623
-333.790098
-321.362019
-301.781212
-274.368184
-240.359136
-201.087168
-156.055519
-108.850002
-61.635120
-13.387884
34.468685
80.638443
127.913782
179.632562
230.476856
271.873985
300.464971
320.060934
336.720433
348.281520
352.750506
353.873117
347.719022
331.980671
310.325112
280.479874
242.652552
201.599257
158.516169
114.233494
69.601536
23.842539
-22.881542
-68.958317
-114.468677
-157.594000
-201.653753
-244.450229
-279.409545
-307.492699
-329.134975
-341.136966
-345.656701
-346.048559
-340.408087
-330.872025
-316.443614
-294.486795
-264.647858
-228.911638
-187.762465
-141.517094
-94.422783
-46.973058
1.488243
48.789637
94.572306
143.294164
195.768901
244.273458
281.915494
306.638650
324.821302
340.451854
349.509375
352.574076
352.157184
342.602389
324.736663
301.007373
268.133538
229.063715
187.436683
143.901621
99.326372
54.295915
7.917370
-38.536957
-84.268536
-128.944942
-171.931471
-216.576542
-257.191658
-289.602961
-315.873793
-334.609747
-343.419654
-346.424409
-344.869069
-337.792124
-326.944249
-310.044800
-285.352298
-253.338984
-215.953418
-172.781774
-125.830003
-78.702824
-30.773027
17.538071
64.152820
110.536643
161.009005
213.116407
258.166279
291.071960
312.871252
330.326387
344.475678
351.155485
353.482621
350.754602
337.949140
318.375996
291.720799
255.939450
215.828930
173.494646
129.415819
84.828649
39.783887
-6.680659
-52.877324
-98.719256
-142.698969
-186.323098
-230.735370
-268.713066
-298.855645
-322.885002
-338.286843
-344.585180
-346.599817
-343.100854
-334.761143
-322.449378
-303.153140
-275.842803
-241.933720
-202.696834
-157.782521
-110.735723
-63.658782
-15.492780
32.104424
78.129768
125.554119
177.300998
228.143590
269.856112
298.676831
318.253722
335.018464
346.707617
351.270437
352.665527
346.918447
331.255538
310.033560
280.355215
242.617982
201.683726
158.782346
114.455904
69.830588
24.287019
-22.264378
-68.204914
-113.503081
-156.585319
-201.088020
-244.134494
-279.028245
-307.152782
-328.796591
-340.592180
-345.010757
-345.403297
-340.006862
-330.626113
-316.155979
-294.231858
-264.600856
-229.136263
-188.067130
-141.981840
-95.046588
-47.580174
0.750508
47.885690
93.769516
142.518112
195.003237
243.542535
280.746732
305.467844
323.879719
339.884588
348.956415
352.064882
351.579530
342.159952
324.616943
300.951345
267.972776
228.919813
187.511103
144.033091
99.667481
54.916484
8.761712
-37.744897
-83.686624
-128.204993
-171.262026
-216.003486
-256.659985
-288.994993
-315.201793
-333.728279
-342.579399
-345.732314
-344.188043
-337.142093
-326.508965
-309.823411
-285.205841
-253.321443
-216.068540
-173.157113
-126.579148
-79.409565
-31.492029
16.433341
62.873874
109.341485
159.803288
211.662054
256.699324
289.700202
311.490979
329.041140
343.096767
349.617175
352.091619
349.062511
335.975034
316.584451
290.152516
254.520348
214.471476
172.588144
128.766298
84.278073
39.255108
-7.025344
-53.040130
-98.589659
-142.298426
-185.946567
-230.227198
-267.876898
-297.823974
-321.997574
-337.057114
-343.234709
-345.264503
-341.937031
-333.580460
-321.260009
-301.897355
-274.638959
-240.830183
-201.845680
-156.981775
-110.037327
-62.980992
-14.936754
32.689401
78.429665
125.747749
177.502121
227.973121
269.091640
297.438758
317.007133
333.779710
345.372983
349.954196
351.266861
345.099313
329.615389
308.348451
278.506790
240.721703
200.189182
157.732112
113.543783
69.025585
23.543153
-22.721461
-68.604606
-113.781520
-156.674896
-200.996229
-243.785892
-278.444631
-306.412492
-327.960593
-339.575665
-343.989815
-344.321557
-338.841166
-329.538413
-315.185615
-293.103967
-263.232333
-227.697066
-186.655521
-140.630177
-93.845981
-46.613727
1.364776
48.331703
94.106027
143.001590
194.990976
242.664814
279.305833
303.879636
322.246552
337.745462
346.648863
350.008011
349.668946
339.774575
322.063140
298.221111
265.217168
226.301295
185.200657
142.029524
97.994634
53.557328
7.704667
-38.420473
-84.074736
-128.359284
-171.511173
-216.221298
-256.190981
-287.978309
-314.074925
-332.247359
-340.670688
-343.851532
-342.408759
-335.055419
-324.227810
-307.279144
-282.483612
-250.547784
-213.273593
-170.153720
-123.733452
-77.173369
-29.527460
18.243108
64.246144
110.182932
160.640308
212.150812
256.303549
288.249765
309.686490
327.286550
340.983186
346.996444
349.225146
346.312012
333.317518
313.602345
286.692892
250.919717
211.221831
169.621365
126.015799
81.866809
37.184272
-9.102651
-54.706165
-99.811213
-143.149069
-186.889512
-230.897665
-267.862422
-297.341006
-320.937463
-335.537025
-341.461556
-343.229941
-339.518956
-331.036704
-318.633829
-299.074990
-271.336521
-237.444299
-198.388781
-153.484515
-106.959684
-60.269151
-12.645892
34.599304
80.124991
127.402374
178.647382
228.257179
268.611227
296.395506
315.701791
332.045385
343.259573
347.744397
348.745414
341.910975
326.098033
304.593529
274.346386
236.657177
196.325949
153.984853
110.143764
66.034283
20.649433
-25.266750
-70.808785
-115.502562
-158.272471
-202.476297
-244.333914
-278.477839
-305.993216
-326.718092
-337.550640
-341.805390
-341.902120
-335.986955
-326.408148
-311.698232
-289.388044
-259.503807
-223.987103
-182.782241
-136.838981
-90.351786
-43.302945
4.499299
50.829819
96.163068
145.016057
196.766683
243.852139
279.330867
302.936350
320.991959
336.292982
344.582115
347.445181
346.547195
336.126770
318.115609
293.867758
260.378974
221.549613
180.473157
137.370314
93.555791
49.435581
3.689017
-42.181526
-87.441717
-130.965028
-173.637186
-217.989343
-257.338456
-288.469451
-313.832760
-331.260136
-339.012316
-341.883217
-339.807953
-332.528864
-321.517161
-304.160629
-278.830188
-246.624095
-209.338835
-166.005407
-119.532176
-73.023013
-25.595597
21.810872
67.562035
113.546167
163.666861
214.367253
257.658277
288.786207
309.445858
326.430287
339.671544
345.569338
347.437177
343.530348
329.762697
309.943812
282.470158
246.560063
206.819262
165.061780
121.636731
77.694144
33.191953
-12.761354
-58.319058
-103.395155
-146.257366
-189.545665
-232.693808
-268.790381
-297.824315
-320.819957
-334.620305
-340.052162
-341.517414
-337.248700
-328.551190
-315.576792
-295.440129
-267.424243
-233.344351
-193.964584
-149.048737
-102.790764
-55.964674
-8.191211
38.662127
83.806004
131.170920
182.642085
231.705563
270.581245
296.978440
315.384695
331.380197
341.859715
345.671007
346.189737
338.956288
322.739908
300.625052
269.854239
231.986046
191.428150
148.731811
105.046034
61.364514
16.267129
-29.549769
-74.571882
-118.875674
-161.442416
-205.672468
-247.027874
-280.253036
-307.124683
-327.091558
-337.158782
-340.836900
-340.242556
-334.084204
-324.272769
-308.956589
-285.902364
-255.330290
-219.431434
-177.783115
-131.827252
-85.459777
-38.323062
9.335450
55.377824
100.615195
149.375200
200.636727
246.832711
281.505925
304.331098
321.476289
336.117744
343.855109
346.311160
344.751562
333.667142
315.231596
290.383782
256.287200
217.284645
176.211766
133.167505
89.362349
45.235327
-0.384705
-45.794078
-90.926034
-134.537731
-177.488838
-221.488646
-259.915931
-290.530409
-315.096549
-331.639733
-338.697944
-341.135093
-338.522026
-330.722673
-319.340059
-301.399401
-275.603362
-242.851632
-204.841409
-161.218303
-114.971570
-68.568162
-21.150112
26.038545
71.333987
117.442267
167.831864
218.490532
261.009421
290.905407
310.764483
327.380725
339.721441
344.875029
346.375704
341.775247
327.538763
307.268585
279.164144
242.702280
202.734470
160.784210
117.163318
73.238782
28.479099
-17.380714
-62.563249
-107.120786
-149.806908
-193.439041
-236.497096
-271.895954
-299.991710
-322.256259
-335.380690
-340.137652
-340.993575
-335.880688
-326.769693
-313.370909
-292.574338
-264.047384
-229.638304
-189.812694
-144.462756
-98.124572
-51.335437
-3.699064
43.028082
88.185413
135.424989
186.662844
235.328334
273.731777
299.376420
317.453997
333.207164
342.942306
346.259560
346.247298
338.097811
321.102483
298.395327
266.810315
228.624855
187.917607
145.217861
101.303203
57.257073
12.100935
-33.586877
-78.853539
-122.881106
-165.216412
-209.226438
-250.048297
-282.810586
-309.232473
-328.462124
-337.940114
-341.179371
-340.139014
-333.463635
-323.108775
-307.462215
-283.956187
-252.991234
-216.585227
-174.471821
-128.178086
-81.754412
-34.463406
13.217926
59.141432
104.479279
153.631483
205.086470
250.651325
284.597363
306.792089
323.847703
338.034460
345.055205
347.290380
345.040560
333.210570
314.196689
288.716725
254.234927
214.760474
173.169374
129.783835
85.905620
41.448048
-4.293578
-49.819946
-94.720977
-138.062920
-180.819375
-224.656207
-262.765033
-292.958362
-317.276376
-333.294698
-339.952196
-341.871977
-338.818175
-330.668688
-318.786587
-300.233705
-273.951973
-240.945475
-202.700240
-158.633505
-111.837728
-65.173081
-17.452921
29.982499
75.471572
121.608973
172.198159
222.722292
264.973811
294.148752
313.695329
330.039433
342.196056
346.873317
347.923892
342.763662
327.850410
306.987081
278.244359
241.153411
200.903416
158.587864
114.629269
70.606640
25.770835
-20.267963
-65.665415
-110.407897
-153.007507
-196.377209
-239.281825
-274.674211
-302.976710
-324.830328
-337.382555
-341.943673
-342.456273
-337.130002
-327.652693
-313.935280
-292.670386
-263.647011
-228.635413
-188.221080
-142.657757
-95.836776
-48.613548
-0.760215
46.004227
91.377326
138.967718
190.586533
239.218473
277.229548
302.432775
320.557526
336.186545
345.583132
348.584822
348.281520
339.402812
322.119338
299.102919
267.169135
228.639500
187.388829
144.167457
99.998031
55.671930
10.130916
-35.923890
-81.211499
-125.448533
-168.087482
-212.095295
-252.979653
-285.637379
-312.083449
-331.173454
-340.457814
-343.518087
-342.147691
-335.172755
-324.530091
-308.291061
-284.378188
-253.129516
-216.204609
-173.690149
-126.960107
-80.058234
-32.463755
15.548468
61.781406
107.270990
156.675747
208.505222
254.369293
288.018840
309.898853
327.163083
341.367722
348.149197
350.046498
347.630296
335.540601
316.353525
290.613856
255.593743
215.848684
174.020188
130.074876
85.528237
40.787799
-5.305665
-51.227127
-96.650294
-140.223673
-183.100189
-227.183614
-265.649557
-296.134268
-320.476975
-336.259263
-343.046018
-344.719716
-341.258901
-332.853964
-320.935760
-302.236250
-275.519064
-242.052930
-203.341416
-158.941575
-111.815929
-64.764704
-16.728640
30.913012
76.870407
123.444455
174.570765
225.560665
267.901250
297.350543
317.123277
333.598341
345.580918
350.498131
351.776225
346.322400
331.094435
310.115303
281.278917
243.958746
203.188147
160.242660
115.905319
71.326154
25.913375
-20.456144
-66.115005
-111.284937
-154.540368
-198.159558
-241.320133
-277.128220
-305.630309
-327.817202
-340.487446
-345.118727
-345.513650
-340.183803
-330.565657
-316.755772
-295.484066
-266.600166
-231.379271
-190.574953
-144.478253
-97.114359
-49.732413
-1.261405
46.045440
91.752495
139.576537
191.818305
241.147961
279.870544
305.535453
323.938983
339.790412
349.297523
352.511236
352.403096
343.793631
326.328448
303.304536
271.325282
232.401235
190.904822
147.296871
102.615186
57.750940
11.745691
-34.776075
-80.625159
-125.395911
-168.087312
-212.247031
-253.949676
-287.279061
-314.000675
-333.702053

