30.058793
74.849299
118.359157
160.165174
196.609667
228.518248
257.436378
281.294925
300.187043
315.964222
324.162756
325.190340
319.744689
307.438544
289.383786
266.165222
237.766504
205.584254
169.108936
126.170090
76.725483
25.115013
-21.905388
-64.815113
-107.890197
-150.992019
-187.883036
-219.129494
-252.001456
-281.506947
-301.300458
-316.058568
-325.365237
-323.909010
-316.662959
-306.134565
-288.768496
-267.268419
-241.434574
-209.038258
-172.112669
-133.370672
-91.826916
-47.851290
-2.211162
43.987206
88.220494
131.535019
171.867268
206.523112
237.365280
264.839445
286.833559
305.141551
318.975960
324.896063
324.100256
316.142014
301.764522
282.260180
257.382563
227.509396
194.269419
155.976159
110.895634
59.753145
9.350436
-35.605771
-78.110184
-121.591432
-163.289819
-197.619711
-228.790045
-261.723144
-288.245337
-305.700643
-319.380420
-325.425693
-321.382114
-313.563347
-300.794840
-281.703302
-259.301833
-231.636592
-197.569302
-160.035065
-120.642015
-78.159571
-33.669472
12.500627
58.164597
101.644141
144.427844
183.018105
216.117927
245.964868
271.742003
292.269843
309.604917
320.914813
324.581861
321.773120
311.662810
295.822109
274.569477
248.030084
217.211587
182.658604
142.098836
95.000097
43.491466
-5.309752
-49.162422
-91.628347
-134.912900
-174.488000
-206.893172
-238.835130
-270.702498
-293.911185
-309.835843
-321.808202
-324.383463
-318.407501
-309.746776
-295.004504
-274.754252
-250.949008
-221.186706
-185.798066
-147.645984
-107.354096
-64.183984
-19.304412
26.987961
71.767398
115.114450
157.014472
193.636928
225.559814
254.368441
278.309584
297.439950
313.454866
322.133473
323.627165
318.285057
306.161131
288.878509
266.168458
238.108976
206.163270
170.083387
127.449036
78.343834
27.138846
-19.644499
-62.597820
-105.266741
-148.059641
-185.140201
-216.351407
-248.952763
-278.903927
-299.082994
-314.001356
-323.572329
-322.660548
-315.669434
-305.299929
-288.358927
-267.171179
-241.814000
-210.009473
-173.310893
-134.703432
-93.518666
-49.679620
-4.153422
41.934252
85.834435
128.861155
169.342756
204.233612
234.957593
262.467010
284.644706
302.944183
317.055668
323.289292
322.836637
315.308741
301.139184
281.810760
257.317509
227.858339
194.853885
157.018048
112.429346
61.747687
11.515617
-33.444847
-76.078006
-119.167907
-160.724095
-195.249660
-226.383890
-259.119272
-285.927057
-303.786993
-317.725113
-324.128355
-320.273978
-312.646968
-300.301313
-281.434059
-259.223836
-231.751033
-198.062147
-160.713196
-121.516500
-79.548018
-35.334996
10.696820
56.263038
99.610261
142.293147
180.985246
214.058672
243.939502
269.790718
290.240390
307.439736
319.164991
322.944266
320.306335
310.419117
294.707162
274.030481
247.776849
217.085906
182.894809
143.009595
96.318041
45.129572
-3.818103
-47.549691
-89.972019
-133.226599
-172.938449
-205.426046
-237.055676
-268.898862
-292.341539
-308.279991
-320.572683
-323.386022
-317.514113
-308.908054
-294.408117
-274.313859
-250.657797
-221.160821
-185.730628
-147.741011
-107.787507
-64.873355
-20.237139
25.808811
70.477724
113.614457
155.422858
192.212718
223.969051
252.862828
276.889290
295.977933
311.914342
320.712158
322.426728
317.580700
305.502074
288.160869
265.541588
237.787281
206.137725
170.303072
128.257275
79.578332
28.115511
-18.979481
-61.581816
-104.037012
-147.064413
-184.268100
-215.384109
-247.852462
-277.595690
-297.993422
-312.734672
-322.494166
-321.735314
-314.768212
-304.679360
-287.777526
-266.439234
-241.071156
-209.540129
-173.006058
-134.570769
-93.646049
-50.277540
-4.985673
41.132825
85.154772
128.038100
168.531793
203.305653
233.924729
261.389869
283.360141
301.597118
315.648147
321.916682
321.498087
314.146621
300.329242
281.290157
256.790604
227.186510
194.232975
156.572035
112.349817
61.994110
11.593103
-33.450127
-75.768232
-118.796315
-160.454001
-194.959470
-225.925616
-258.488314
-285.259315
-303.044830
-316.799879
-323.400327
-319.642339
-311.967816
-299.682106
-281.099081
-258.727755
-231.318304
-197.711672
-160.377877
-121.286767
-79.302447
-35.162313
10.628189
56.054762
99.547080
142.231669
181.015219
214.013542
243.710961
269.570862
289.978470
307.092837
318.661247
322.399650
319.623266
309.775557
294.092383
273.245914
247.108425
216.442176
182.175466
142.435346
96.021550
44.728518
-4.287618
-47.936269
-90.037073
-133.154392
-172.967570
-205.558368
-237.095867
-268.822738
-292.315313
-308.184964
-320.246220
-323.109116
-317.411593
-308.824607
-294.141429
-273.855925
-250.017302
-220.603773
-185.192483
-147.265536
-107.288361
-64.435346
-19.801685
26.548079
71.149724
114.249332
156.113591
192.920140
224.566630
253.344434
277.198723
296.288388
312.076977
320.779766
322.288956
317.206212
305.216653
287.812778
265.051297
237.184593
205.429452
169.512033
127.415487
78.731264
27.476549
-19.714832
-62.323979
-104.855810
-147.586891
-184.704747
-215.743780
-247.992447
-278.004578
-298.515558
-313.213382
-323.025669
-321.951083
-314.817429
-304.608345
-287.863357
-266.442980
-240.903582
-209.145205
-172.464337
-134.054082
-92.919895
-49.311604
-3.907340
42.126690
86.055313
129.058191
169.560228
204.179968
234.614951
262.140887
284.141302
302.209514
316.092457
322.163275
321.607590
313.935450
299.988815
280.807529
256.274768
226.970741
193.971906
156.027930
111.889158
61.525788
10.983774
-34.347773
-76.557909
-119.433233
-161.286763
-195.787975
-226.901259
-259.403672
-286.260843
-303.930385
-317.509515
-323.907648
-320.008312
-312.274865
-299.988644
-281.057358
-258.211238
-230.778626
-197.031668
-159.520422
-120.357445
-78.288998
-34.087726
11.990070
57.383605
100.788559
143.451520
182.385445
215.319906
244.956187
270.773683
290.978125
308.188541
319.394895
322.954995
320.033857
310.148341
294.367245
273.208278
246.979679
216.328417
181.907415
141.903503
95.468589
44.212171
-5.038806
-48.959766
-91.189827
-134.427888
-174.155576
-206.580162
-238.093649
-269.857475
-293.249573
-308.994225
-321.116788
-323.727812
-317.801237
-309.045826
-294.358730
-273.836851
-249.744824
-220.032760
-184.465476
-146.592515
-106.623684
-63.705444
-18.879005
27.471100
72.239297
115.450110
157.388278
193.965605
225.563731
254.327910
278.177943
297.225373
313.027246
321.444614
323.006596
317.645243
305.563041
288.088662
265.195710
237.168585
205.287252
169.063977
126.664809
77.759879
26.156732
-20.816667
-63.533272
-106.128625
-148.842505
-185.763836
-216.956820
-249.237163
-278.994526
-299.185855
-313.921315
-323.479857
-322.313820
-315.264634
-304.783583
-287.624598
-265.953371
-240.396261
-208.685058
-171.857221
-133.434704
-92.334747
-48.643691
-2.905812
43.330193
87.257794
130.417177
170.966046
205.484629
236.049209
263.546535
285.459076
303.684814
317.252193
322.878020
322.157485
314.374992
300.407239
280.833415
256.105321
226.758548
193.651404
155.330215
110.683611
60.204438
9.550367
-35.887105
-78.135218
-121.054138
-162.510702
-196.952139
-228.126730
-260.590996
-287.207876
-304.741178
-318.412100
-324.528558
-320.386716
-312.740462
-300.326177
-281.311955
-258.255005
-230.629955
-196.663141
-159.117154
-119.863408
-77.754600
-33.513648
12.811082
58.338472
102.024419
144.859382
183.462586
216.376781
246.208906
272.018909
292.226928
309.447391
320.318426
323.547125
320.394720
310.197047
294.548614
273.257324
246.777024
216.004848
181.292636
140.884604
94.028371
42.443275
-6.634167
-50.321307
-92.525993
-135.666983
-175.060204
-207.282134
-238.946847
-270.677805
-293.922595
-309.713057
-321.776697
-324.038778
-318.094151
-309.176786
-294.145175
-273.505109
-249.324867
-219.681263
-183.978592
-145.905018
-105.751072
-62.578576
-17.358576
29.061011
73.718684
117.137262
159.091439
195.470708
226.926122
255.780901
279.417549
298.722642
314.335482
322.333574
323.514427
317.967960
305.644614
287.887709
264.705249
236.762251
204.875980
168.311426
125.718968
76.927968
25.454249
-21.895851
-64.630168
-107.292448
-150.099141
-186.795167
-218.138184
-250.563792
-279.990435
-299.849340
-314.582927
-324.015617
-322.486673
-315.478870
-305.214950
-287.932498
-265.904665
-240.015984
-208.079134
-171.279396
-132.893154
-91.645888
-47.750984
-1.925571
44.242314
88.440180
131.682328
171.889578
206.299680
236.896787
264.300619
286.034857
304.387127
317.831039
323.340722
322.252682
314.271791
300.131014
280.647108
255.897726
226.450818
193.171842
154.662132
110.017913
59.497527
8.873940
-36.411285
-78.640325
-121.814183
-163.440193
-197.530815
-228.723117
-261.322941
-287.676198
-305.048909
-318.670443
-324.499948
-320.235661
-312.511751
-299.761295
-280.712502
-257.644653
-229.960680
-195.807219
-158.266681
-119.166545
-76.924733
-32.399893
13.924667
59.223175
102.954933
145.801987
184.115001
216.854811
246.699197
272.227696
292.565482
309.892552
320.491620
323.747567
320.494856
310.295139
294.264725
272.970200
246.563809
215.965339
181.129149
140.413727
93.133790
41.423185
-7.175377
-50.707545
-93.098027
-136.307308
-175.245319
-207.572324
-239.638771
-271.099806
-293.993098
-310.021128
-321.967431
-323.690517
-317.641326
-308.905840
-293.850047
-273.316758
-249.107054
-219.296217
-183.752264
-145.904166
-105.812890
-62.526464
-17.165967
29.238122
73.928322
117.493868
159.018721
195.144245
226.860728
255.754335
279.403244
298.841681
314.580372
322.634833
323.670081
317.914145
305.566617
287.864379
264.870610
236.639125
204.893180
168.495008
125.705344
76.392719
24.874551
-21.877800
-64.438241
-107.439075
-150.102888
-186.309474
-217.593738
-250.274624
-279.584782
-299.366713
-314.273153
-323.595149
-322.007281
-315.015827
-304.502419
-287.236486
-265.739816
-240.066903
-208.020210
-171.310731
-133.191007
-91.916834
-47.845840
-1.892533
44.085298
88.139091
131.526675
171.616418
205.952440
236.728191
264.176301
286.089182
304.657561
318.052258
323.513576
322.565692
314.390830
300.069536
280.547994
255.906241
226.583651
193.532365
155.153445
110.247816
59.515919
8.847032
-36.076988
-78.126192
-121.339049
-162.783521
-196.718659
-227.879797
-260.662351
-286.731890
-304.259573
-318.173511
-324.046612
-319.875649
-312.376193
-299.710035
-280.557019
-257.734571
-230.098282
-196.208954
-158.956732
-120.011227
-77.613592
-33.008030
13.284172
58.669703
102.483034
145.127603
183.204072
216.024773
245.922634
271.498816
292.014224
309.609004
320.326430
323.602131
320.449727
310.159751
294.259957
273.048367
246.549674
216.059514
181.580101
141.261305
94.183002
42.452472
-6.056173
-49.352476
-91.869320
-135.302884
-174.154895
-206.117119
-238.276379
-269.992181
-292.757579
-308.799914
-320.943083
-322.977304
-317.162446
-308.521986
-293.483394
-273.223434
-249.313627
-219.479629
-184.007202
-146.467515
-106.461729
-63.188757
-18.064635
28.068338
72.688716
116.280488
157.790354
193.892547
225.537334
254.299470
278.089387
297.720943
313.438858
321.531977
322.825057
317.264625
304.844039
287.250621
264.450652
236.571346
205.036913
168.775490
126.178776
77.052287
25.897367
-20.431110
-62.952723
-105.860744
-148.561171
-184.839283
-216.133254
-249.129874
-278.390305
-298.177004
-313.251189
-322.541339
-320.972885
-314.328500
-304.032905
-286.801883
-265.495607
-240.076440
-208.175523
-171.736819
-133.694410
-92.476436
-48.539468
-2.986022
42.751857
86.506265
129.579476
169.490576
203.902381
234.820843
262.255669
284.274135
302.910294
316.517523
322.062799
321.184567
313.406331
299.482856
280.290501
255.790779
226.732322
193.995919
155.799048
110.839776
60.184853
10.132108
-34.382684
-76.631648
-119.782857
-160.778931
-194.372279
-225.755998
-258.615017
-284.935066
-302.519117
-316.532169
-322.293724
-318.063668
-310.707603
-298.221282
-279.507978
-257.260289
-229.758876
-196.119887
-159.277235

