-317.800215
-323.419912
-319.166694
-311.680862
-299.004487
-280.141830
-257.481847
-230.021136
-196.197033
-159.101827
-120.208263
-78.108992
-33.516714
12.773957
58.000939
101.628814
144.342695
182.403837
214.959383
244.971854
270.635741
291.151319
308.655160
319.342784
322.664295
319.473403
309.350491
293.560880
272.429160
246.358088
215.897390
181.510448
141.238996
94.209228
42.622941
-5.644390
-48.731906
-91.047628
-134.488344
-173.289265
-205.340385
-237.563508
-268.980435
-291.606188
-307.803154
-319.852659
-321.762562
-316.324234
-307.655505
-292.647736
-272.400209
-248.473883
-218.791280
-183.392252
-146.029336
-106.101888
-63.154357
-18.107210
28.229952
72.442123
115.846395
157.498462
193.512780
224.940266
253.698996
277.269568
296.802350
312.451976
320.279598
321.561950
316.075768
304.057939
286.528213
263.735567
236.052275
204.549176
168.168204
125.466755
76.346057
25.305067
-20.954950
-63.380854
-106.305906
-148.716824
-184.613807
-216.083527
-248.944930
-277.906145
-297.668491
-312.766177
-321.839707
-320.242984
-313.700608
-303.257874
-286.128691
-264.768771
-239.009176
-207.239730
-170.935392
-133.016280
-91.978312
-48.370872
-2.613919
43.191058
87.067400
130.370685
170.163427
204.245193
234.936816
262.255328
284.192392
302.893605
316.365106
321.765457
320.771251
312.753064
298.770836
279.624462
254.975217
225.940772
193.118368
154.879604
110.017742
59.392452
9.445633
-34.913506
-76.984337
-120.337180
-161.287274
-194.727012
-226.258210
-259.013857
-284.804957
-302.290065
-316.181864
-321.758986
-317.769902
-310.434614
-297.737803
-278.902224
-256.444216
-229.073933
-195.229394
-158.594676
-119.944811
-77.849797
-33.416407
12.603658
57.594265
101.155043
143.702371
181.650605
214.243105
244.092090
269.544636
290.023599
307.469198
318.140132
321.491957
318.292550
308.092833
292.302370
271.354233
245.151690
214.960235
180.507898
140.034982
92.847858
41.546992
-6.259850
-49.133982
-91.420412
-134.716375
-173.048973
-204.764434
-237.078156
-268.402611
-290.884972
-307.059118
-318.940026
-320.458242
-314.905133
-306.562356
-291.539090
-271.464927
-247.657810
-218.102421
-182.999032
-145.818336
-105.991193
-63.001258
-17.889908
28.124366
72.270632
115.560293
156.816755
192.446198
223.939759
252.728122
276.201112
295.909473
311.615978
319.568600
320.619685
314.802953
302.566801
284.981557
262.263502
234.600476
203.357765
167.176042
124.779599
75.915030
25.125231
-20.743438
-62.799283
-105.589969
-148.059470
-183.856147
-214.848859
-247.622047
-276.563168
-295.879500
-311.009714
-320.139953
-318.426064
-311.854907
-301.602057
-284.554447
-263.442993
-237.921306
-206.125293
-169.985465
-132.395710
-91.535194
-47.930138
-2.366134
43.078320
86.764438
129.760844
169.261524
203.097378
233.690568
260.759933
282.488891
301.121984
314.411776
319.910901
318.968977
311.048712
297.021866
277.822188
253.354141
224.437032
191.788673
153.404134
108.491693
58.093071
8.809396
-35.114459
-76.831750
-119.817427
-160.471201
-193.861042
-225.569861
-258.267607
-283.767326
-301.055908
-314.847401
-319.974252
-315.795626
-308.572905
-296.148743
-277.403934
-255.089658
-227.713925
-194.041729
-157.345704
-118.819475
-76.849120
-32.719714
13.117790
57.785170
101.038218
143.092360
180.575848
213.005883
242.801053
268.094880
288.452591
305.905172
316.470521
319.563321
316.272123
306.142739
290.525470
269.667421
243.553434
213.549989
179.443870
139.046907
91.844286
40.866477
-6.473064
-48.906803
-91.039624
-134.079456
-172.062090
-203.713179
-236.135721
-267.500707
-289.592062
-305.616685
-317.341089
-318.689346
-312.853370
-304.401772
-289.338997
-269.636597
-246.038777
-216.347660
-181.314775
-144.148043
-104.556424
-61.745473
-17.158815
28.431075
72.140353
115.298884
156.220198
191.747120
222.983871
251.598188
275.017364
294.475896
310.016870
317.812477
318.913460
313.102688
300.845589
283.346346
260.677338
233.135394
201.838357
165.803773
123.388938
74.612754
24.093730
-21.578244
-63.267946
-105.696746
-147.882700
-183.394296
-214.398418
-247.135162
-275.695154
-294.864007
-309.723105
-318.555662
-316.604716
-310.247455
-299.935511
-282.663448
-261.508226
-236.185278
-204.528911
-168.561765
-131.115232
-90.434040
-47.195298
-2.089909
43.070316
86.313827
129.023279
168.233940
201.881443
232.396977
259.170532
280.818088
299.361774
312.486887
317.787783
316.747427
308.904648
294.921058
275.789840
251.224041
222.369432
189.890351
151.660272
106.951509
56.697641
7.800204
-35.601173
-77.206578
-120.026043
-160.278933
-193.079880
-224.377768
-256.911005
-282.182012
-299.199820
-312.764304
-317.729371
-313.341277
-306.003434
-293.497017
-274.980579
-252.820253
-225.520304
-192.148175
-155.848946
-117.417915
-75.666904
-31.775066
13.406447
57.839666
100.717715
142.746142
180.018970
212.156262
241.511038
266.495943
286.589009
303.904329
314.460652
317.471027
314.045634
303.521156
287.880557
267.172882
241.223914
211.088487
177.035843
136.812414
90.066535
39.392710
-7.697855
-49.846172
-91.489553
-134.158986
-171.942881
-203.182357
-235.284226
-266.242879
-288.066694
-303.818498
-315.308911
-316.430330
-310.861213
-302.277974
-287.205492
-267.190252
-243.664980
-214.205129
-179.192168
-142.246485
-102.916956
-60.546058
-16.000611
29.310499
72.807755
115.443979
156.089067
191.178152
222.320216
250.570263
273.561989
292.673622
307.936328
315.457753
316.450936
310.710158
298.543317
281.027896
258.355481
230.729580
199.558224
163.516147
121.183736
72.678157
22.549459
-22.453581
-63.920362
-106.060505
-147.876399
-182.923249
-213.637182
-246.167864
-274.561473
-293.560709
-308.226517
-316.695997
-314.548186
-308.021137
-297.630514
-280.548504
-259.453399
-233.962025
-202.211823
-166.258471
-128.751482
-88.330167
-45.270409
-0.404290
44.427599
87.521076
129.955837
168.914454
202.104875
232.123647
258.710384
279.880081
297.913040
310.800246
315.868514
314.696687
306.405170
292.402506
273.259367
248.912743
219.955104
187.359878
149.214438
104.564769
54.556302
5.972896
-37.240301
-78.559773
-121.119874
-161.163637
-193.771975
-224.971260
-257.045031
-282.106229
-298.883404
-312.112400
-316.683054
-312.282358
-304.681063
-291.804246
-273.030485
-250.800507
-223.301649
-189.588581
-152.983155
-114.698069
-73.155335
-29.521670
15.792336
59.775625
102.309670
143.977404
180.957488
212.920564
242.139271
266.787665
286.507436
303.331443
313.314881
316.088711
312.500511
302.129814
286.296947
265.192986
238.993168
208.871194
174.638884
134.375266
87.656975
37.261929
-9.841408
-51.896913
-93.355519
-135.889053
-173.470463
-204.594135
-236.382995
-267.014333
-288.458722
-303.861414
-314.985173
-315.745047
-309.747968
-300.903491
-285.683870
-265.573944
-241.636208
-211.883783
-176.804577
-139.742749
-100.342206
-58.105843
-13.967412
31.183447
74.595383
117.167064
157.571350
192.519086
223.236595
251.226595
273.806708
292.630196
307.570526
314.858130
315.429653
309.359857
296.927350
279.264620
256.494795
228.607484
197.127547
160.910061
118.660246
70.175443
20.054579
-25.094748
-66.310678
-108.239140
-149.953365
-184.753622
-215.137516
-247.468608
-275.238071
-293.703931
-307.904482
-316.031149
-313.616991
-306.838921
-296.083518
-278.623785
-257.405724
-231.764487
-199.854544
-163.771084
-126.209089
-85.622243
-42.569978
2.492326
47.151021
89.944771
132.188797
170.890263
203.969649
233.702489
259.772539
280.689342
298.553876
310.888631
315.618515
313.986710
305.445365
291.022914
271.502393
246.730873
217.610427
184.771674
146.496296
102.099180
52.152021
3.354039
-39.919104
-81.052440
-123.569625
-163.272790
-195.708105
-226.688896
-258.476734
-282.952445
-299.408266
-312.335661
-316.546474
-311.680010
-304.102727
-290.888037
-271.734340
-249.054091
-221.259083
-187.429871
-150.830575
-112.408740
-70.674079
-26.865687
18.471479
62.493086
105.135100
146.639858
183.271851
214.787381
243.694953
267.980610
287.490572
304.136276
313.648156
316.000325
311.902080
301.085540
284.868819
263.545002
237.108980
206.647260
172.012533
131.504876
84.608112
34.145117
-12.533324
-54.510832
-96.005712
-138.242415
-175.321272
-206.408841
-238.176925
-268.452508
-289.611476
-304.871116
-315.498625
-315.815892
-309.626716
-300.523724
-284.812450
-264.337574
-240.211827
-210.117442
-174.559014
-137.417316
-97.851072
-55.193390
-10.631425
34.498828
77.794450
120.431525
160.621745
195.165021
225.606816
253.165109
275.446517
294.042996
308.517218
315.187488
315.379245
308.958122
296.025106
277.869020
254.673788
226.742540
195.021629
158.384527
115.598270
66.752604
16.805444
-28.032916
-69.328547
-111.234358
-152.665717
-187.254974
-218.001434
-250.173977
-277.637414
-295.863322
-310.015678
-317.300728
-314.148835
-307.085855
-296.073641
-278.204169
-256.478957
-230.426107
-198.001180
-161.664145
-123.771088
-82.905122
-39.681026
5.545276
50.231559
93.086788
135.219097
173.572302
206.471852
236.201797
262.228251
282.774482
300.495284
312.317950
316.397633
314.289502
305.367879
290.737493
270.859514
245.569433
216.207675
183.058466
144.339119
99.241563
48.966578
0.413486
-42.719330
-84.042549
-126.594646
-165.994338
-198.244708
-229.362420
-261.092356
-285.067558
-301.369258
-313.953332
-317.496232
-312.221221
-304.203204
-290.507589
-271.174056
-248.124599
-219.833851
-185.418980
-148.618902
-109.906197
-67.804030
-23.809161
21.640062
65.575327
108.225516
149.681398
186.099325
217.450176
246.243647
270.335163
289.791993
305.945533
314.945664
316.996404
312.463897
301.255669
284.583569
262.732846
235.914673
205.199208
170.162576
129.079819
81.538473
30.917781
-15.682834
-57.666813
-99.324158
-141.597305
-178.359577
-209.402187
-241.413798
-271.135398
-291.820083
-306.939057
-317.123277
-316.722052
-310.234002
-300.730637
-284.563133
-263.740335
-239.039319
-208.587476
-172.983578
-135.587794
-95.530919
-52.827597
-8.047649
37.383011
80.856936
123.457057
163.454839
197.850636
228.416239
255.952052
277.986356
296.534811
310.677290
316.931861
316.694123
309.750693
296.557631
278.036935
254.345451
225.837401
193.761757
156.743697
113.324778
63.763346
13.866084
-30.657394
-72.317294
-114.595379
-155.599628
-189.649888
-220.569032
-252.860614
-279.877526
-297.888517
-311.774526
-318.653243
-315.368857
-308.049406
-296.101400
-278.048856
-256.106172
-229.640518
-196.837527
-160.318272
-122.185946
-80.840247
-37.077154
8.378540
53.108079
96.077578
138.453415
176.762513
209.258624
238.916874
264.801809
285.405261
302.954231
314.391341
318.142005
315.647806
306.202854
290.975060
270.626715
245.177746
215.416806
181.636470
142.360074
96.657957
46.032837
-2.477680
-45.359475
-86.821999
-129.578284
-168.788433
-200.828314
-232.397999
-263.931240
-287.421601
-303.541081
-315.857274
-318.876845
-313.416379
-305.315086
-291.149276
-271.353211
-248.054436
-219.388178
-184.598480
-147.505147
-108.161143
-65.849168
-21.455629
24.249213
68.334511
111.236572
152.719702
189.045497
220.498528
249.241590
272.961003
292.379175
308.321714
316.833428
318.355220
313.505105
302.011967
285.166843
262.987954
235.792058
204.860994
169.192893
127.469472
79.377379
28.549603
-17.818894
-59.716020
-101.895673
-144.096954
-180.499724
-211.653199
-244.059392
-273.652588
-293.987138
-308.967318
-318.764789
-317.877361
-311.280489
-301.446744
-285.113198
-264.217172
-239.183222
-208.172798
-172.182492
-134.626968
-94.173465
-51.048143
-5.910056
39.575951
83.161252
126.069444
166.076762
200.295278
230.799743
258.128302
279.943432
298.414571
312.181711
318.233286
317.761557
310.386079
296.876771
278.081383
254.072121
225.444862
193.145616
155.537810
111.877067
62.246152
12.210267
-32.438551
-73.943649
-116.676603
-157.881635
-192.044973
-222.975356

