-264.224325
-269.085680
-267.292261
-263.379642
-253.818887
-236.400877
-214.833191
-189.284597
-156.837021
-122.277226
-91.099398
-56.198495
-18.061399
18.265588
52.996022
87.704318
122.541700
155.188016
184.252943
210.710083
233.150550
249.444927
261.295353
267.987592
269.845894
267.903805
261.021852
248.098033
230.112076
207.275833
179.247516
148.002250
114.240135
76.337031
31.720570
-10.708570
-45.552935
-81.609828
-122.838702
-159.261738
-186.981133
-211.918354
-233.981950
-248.334748
-257.708856
-265.867540
-268.228565
-265.563386
-260.391917
-247.864042
-228.775399
-206.313474
-178.707668
-144.586733
-111.587048
-79.920973
-43.124982
-5.489928
30.186347
64.375401
99.144663
133.528028
165.054117
193.165541
218.532256
238.855737
253.534658
263.693844
268.459320
269.093173
265.801804
257.039922
242.244516
222.670180
197.888102
168.692044
136.407954
101.650953
61.356510
16.289439
-23.334878
-57.458878
-95.853465
-136.578764
-169.487340
-195.741994
-220.160314
-239.859138
-251.811062
-260.837759
-267.547199
-267.433098
-264.106308
-257.054908
-241.800717
-221.443006
-197.403261
-167.315517
-132.690668
-101.148060
-67.957299
-30.357838
6.462506
41.517700
75.943300
110.941955
144.496475
174.794878
202.065025
226.005656
244.159188
257.357529
265.885421
269.026756
268.444845
263.483184
252.648422
236.483301
215.181112
188.691616
158.315727
125.212329
89.049680
46.429123
2.095188
-34.704379
-69.155352
-109.361921
-148.438045
-178.236280
-203.499964
-227.134739
-244.095496
-254.299981
-263.112443
-267.808437
-266.026258
-262.058633
-252.318212
-234.893560
-213.565145
-188.092334
-155.591113
-121.785913
-90.916157
-55.703947
-17.763376
18.261330
52.730186
87.295600
121.967963
154.592310
183.718204
210.039616
232.160091
248.346499
260.091679
266.624349
268.495253
266.640016
259.824821
246.926205
229.117530
206.200736
178.382908
146.983181
113.091299
75.196709
30.801637
-11.359113
-45.949732
-82.037960
-123.418059
-159.450769
-186.766045
-211.644684
-233.473267
-247.575385
-256.945917
-265.055384
-267.138992
-264.383895
-259.579931
-247.002840
-227.940083
-205.392838
-177.633933
-143.652643
-111.103398
-79.663311
-42.983464
-5.645071
29.719387
63.996656
98.754508
133.013385
164.433547
192.624501
217.901468
237.858806
252.397401
262.449469
267.112425
267.579215
264.245783
255.529540
240.889788
221.537352
196.814196
167.850426
135.578769
100.965670
60.778005
15.781437
-23.608208
-57.330472
-95.572472
-136.331150
-168.999774
-194.647482
-218.977247
-238.694634
-250.380210
-259.585551
-266.476188
-266.247647
-262.743235
-255.716528
-240.415335
-220.168318
-196.298531
-166.153908
-131.688288
-100.619793
-67.561013
-29.893262
6.702287
41.396107
75.665031
110.440254
143.736260
173.957688
201.196500
224.958488
242.888927
255.953244
264.206103
267.230443
266.623667
261.771168
250.850916
234.566246
213.505370
187.206950
157.095875
124.100617
88.216918
45.629059
1.542228
-34.897327
-69.127423
-109.440429
-148.323093
-177.947453
-203.214032
-226.516042
-243.056672
-253.136499
-262.073789
-266.585350
-264.743226
-260.920184
-251.310553
-233.673028
-212.238686
-186.657395
-154.256991
-120.576280
-90.066535
-55.095468
-17.565659
18.398932
52.786214
87.237869
121.650355
154.020275
183.047056
209.228482
231.120586
247.067894
258.826869
265.346255
267.062017
265.242543
258.504663
245.679276
227.772168
204.794577
177.086932
146.095072
112.502745
74.629613
30.359200
-11.511700
-45.886891
-82.067081
-123.470681
-159.181356
-186.215299
-210.917677
-232.586350
-246.300527
-255.719253
-264.000041
-266.080584
-263.160467
-258.138009
-245.294571
-226.307426
-203.803948
-175.887517
-142.022712
-109.720400
-78.594514
-42.010886
-5.119528
29.973984
63.994612
98.748548
132.713148
164.011206
191.915035
216.967889
236.807891
251.225744
261.224508
265.860898
266.448600
263.113635
254.385642
239.731414
220.380170
195.764133
166.683367
134.574345
99.975382
59.726238
14.789275
-24.364165
-57.722841
-95.872198
-136.434010
-168.812105
-194.508348
-218.713794
-238.066231
-249.634130
-258.648055
-265.291929
-264.820031
-261.559657
-254.470791
-238.923516
-218.617916
-194.976500
-164.957047
-130.583729
-99.668333
-66.808292
-29.415233
6.918226
41.506290
75.469358
109.996114
143.053532
173.051528
200.160231
223.611764
241.517510
254.620995
262.844052
265.821900
265.087400
260.278327
249.392816
233.081579
211.871011
185.574123
155.591113
122.763940
87.035383
44.654608
0.811134
-35.356964
-69.603068
-109.849487
-148.458821
-177.467891
-202.250481
-225.400243
-241.771596
-251.688446
-260.614668
-264.994587
-263.016565
-259.069886
-249.331849
-231.829541
-210.479157
-184.982504
-152.826480
-119.501182
-89.110136
-54.321970
-16.876800
18.579790
52.868639
87.084941
121.499470
153.648513
182.359900
208.142655
229.776927
245.591743
257.305758
263.881854
265.514169
263.514348
256.341355
243.490423
225.755317
202.960627
175.163576
144.187723
110.815253
73.233843
29.053688
-12.597867
-46.645403
-82.492147
-123.573882
-159.046309
-185.765369
-210.192374
-231.575966
-245.171445
-254.435369
-262.529509
-264.434985
-261.797394
-256.678377
-243.755920
-224.469730
-202.054467
-174.452407
-140.541962
-108.380318
-77.457939
-41.146108
-4.076447
30.899218
64.747844
99.004166
132.694244
163.546290
191.283396
216.099194
235.756295
249.965531
259.914058
264.388493
264.826162
261.422566
252.532107
237.752880
218.314614
193.659919
164.838518
132.901839
98.515579
58.464663
13.845307
-24.950504
-58.383601
-96.358401
-136.596135
-168.511016
-193.804162
-217.740195
-236.968994
-248.491764
-257.540601
-264.077357
-263.532060
-260.099002
-252.828257
-237.317426
-216.988155
-193.209137
-163.175889
-128.841570
-97.942012
-65.249205
-27.833666
8.383138
42.751176
76.692615
110.924925
143.658604
173.147917
199.770417
223.117386
240.706887
253.497703
261.671032
264.553002
263.739484
258.445399
247.455495
231.131145
210.097517
183.784110
153.750692
121.062313
85.412264
42.999302
-0.573908
-36.568642
-70.711374
-110.793284
-149.136952
-177.974701
-202.589376
-225.339276
-241.625309
-251.443897
-260.088784
-264.295850
-262.317147
-258.130346
-247.984614
-230.197736
-208.868980
-183.257375
-150.801454
-117.199591
-86.919410
-52.141121
-14.800514
20.852770
54.703610
88.537421
122.531142
154.301950
182.757548
208.478825
229.945864
245.515108
256.866387
262.979780
264.385257
262.218884
255.204780
242.128713
224.075147
201.160397
173.480000
142.469406
109.046698
71.312189
27.290923
-14.384304
-48.490763
-84.262916
-124.955177
-160.037109
-186.582633
-210.772412
-232.016018
-245.492799
-254.605498
-262.468202
-264.059305
-260.889871
-255.381720
-242.271764
-222.991705
-200.372594
-172.622034
-138.787883
-106.515714
-75.464249
-39.147649
-2.360003
32.518251
66.301141
100.478785
133.799655
164.417710
191.758701
216.378655
235.751356
249.804599
259.483031
263.809647
263.959169
260.277305
251.154900
236.263956
216.780731
191.871779
162.760530
130.781106
96.507924
56.378841
11.700903
-27.043819
-60.331311
-98.257576
-138.291631
-169.923135
-194.857802
-218.617405
-237.354040
-248.478821
-257.179396
-263.488804
-262.806926
-259.171043
-251.557827
-235.651050
-215.271371
-191.416230
-161.261559
-126.891306
-96.003158
-63.104970
-25.768791
10.538953
44.763088
78.382662
112.537657
145.195041
174.672433
201.133660
224.085024
241.352149
253.901482
261.550461
264.150585
263.053860
257.638693
246.332203
229.754278
208.422286
181.961400
151.716641
118.903943
83.167383
40.599959
-2.969503
-38.879599
-72.969709
-112.810135
-150.596585
-179.238149
-203.712668
-226.338761
-242.265633
-251.856021
-260.265555
-264.135259
-261.725358
-257.528169
-247.124263
-229.143075
-207.544906
-181.757382
-149.236236
-115.606104
-85.109132
-50.105878
-12.752329
22.649084
56.535006
90.491431
124.433041
156.121254
184.400593
209.970985
231.181894
246.458394
257.575171
263.322762
264.434814
261.914730
254.545552
241.195645
223.059825
199.865954
171.816860
140.439953
106.964963
69.089447
24.821418
-16.398941
-50.381081
-86.463179
-127.132280
-161.710978
-188.075304
-212.082182
-232.932908
-246.109452
-255.111286
-262.696062
-264.069183
-260.887997
-255.167314
-241.582564
-221.965483
-199.235337
-171.097687
-136.832169
-104.716505
-73.418788
-36.682572
0.278098
35.063199
68.781206
103.026118
136.434691
166.840383
193.950108
218.227761
237.228530
250.920398
260.256188
264.141049
264.032057
260.107517
250.444753
235.074588
215.269497
190.301623
161.005599
128.782306
94.298635
53.871019
9.298325
-29.147182
-62.607697
-100.806781
-140.757050
-172.092063
-197.196347
-220.673084
-239.038127
-249.860287
-258.563416
-264.374529
-263.281209
-259.539059
-251.684870
-235.337870
-214.453765
-190.159423
-159.457581
-125.049693
-94.115053
-60.849360
-23.410320
12.884310
47.103507
80.974102
115.110363
147.531373
176.895176
203.239577
226.080588
242.897613
255.180086
262.538706
264.773539
263.438054
257.705109
246.068750
229.119573
207.231045
180.472646
150.070361
117.142030
81.045457
38.154466
-5.203656
-40.886402
-75.403963
-115.568297
-153.081587
-181.363480
-205.745527
-228.139673
-243.636199
-253.136328
-261.448792
-264.979260
-262.357848
-257.800136
-246.734449
-228.478398
-206.553595
-180.298260
-147.261109
-113.847937
-83.211831
-47.741617
-10.361161
25.107520
58.920383
92.973369
126.927410
158.502715
186.582974
211.967400
232.866492
247.960261
258.659295
264.104264
265.151092
262.462752
254.716703
240.866627
222.285816
198.701450
170.389754
138.831479
104.998010
66.455432
22.019999
-18.836941
-52.816016
-89.283671
-130.031449
-164.266144
-190.539190
-214.623724
-234.922682
-247.645719
-256.529536
-263.838768
-264.660801
-261.316299
-255.286864
-241.238901
-221.376930
-198.181357
-169.646570
-135.367598
-103.228773
-71.406364
-34.571375
2.349785
37.193128
71.138654
105.461393
138.753993
169.102975
196.319308
220.558473
239.237377
252.752985
261.801652
265.416758
265.035629
260.731663
250.821624
235.147817
214.877810
189.312696
159.667049
127.310072
92.425346
51.337991
6.888253
-31.074115
-64.923423
-103.749207
-143.400771
-174.203260
-199.293239
-222.684486
-240.535906
-251.081841
-259.628807
-265.257869
-264.223814
-260.376419
-251.628501
-235.077654
-214.034660
-189.368384
-158.142362
-123.731068
-92.769010
-58.989014
-21.365370
14.791318
49.081189
83.067247
117.568799
150.237594
179.330111
205.591236
228.290558
244.966745
257.009779
264.108011
266.159262
264.615672
258.439439
246.237857
228.891202
206.813472
179.677180
148.780005
115.531513
78.793424
35.427128
-7.734469
-43.132475
-77.902760
-118.358306
-155.509881
-183.384248
-207.910878
-230.081592
-245.164122
-254.553556
-262.818847
-266.045843
-263.357673
-258.730650
-247.146743
-228.397846
-206.238883
-179.608549
-146.209683
-112.867185
-81.760032
-45.984643
-8.409364
27.162688
61.233895
95.539945
129.570110
161.150013
189.221246
214.520352
235.092810
250.084741
260.598489
265.794992
266.481808
263.530016
255.336080
241.211653
222.208159
198.101486
169.600930
137.705462
103.578227
64.568179
19.935369
-20.633766
-54.571118
-91.678245
-132.438115
-166.152375
-192.234346
-216.425828
-236.626863
-249.054262
-257.931096
-265.148367
-265.738794
-262.327024
-255.921398
-241.515126
-221.486603
-197.949750
-168.819257
-134.294374
-102.456638
-70.171016
-32.955067
3.979887
38.857290
72.974477
107.563564
140.965496
171.233586
198.341097
222.408090
240.896770
254.284314
263.099330
266.707795
266.227892
261.561189
251.201562
235.230923
214.654548
188.871963
159.059763
126.323530
91.037580
49.487863
4.978010
-32.800436
-66.632714
-105.838265
-145.280021
-175.954614
-200.867142

