-2.449070
-1.127379
0.702654
-2.178124
-0.458275
2.930505
0.544786
-0.578846
0.410080
-1.423870
-1.236541
2.690894
-0.282015
-0.835146
1.282522
-1.461336
-1.959630
0.794956
-0.984158
-1.920632
2.278941
1.664162
-0.576462
0.249147
-0.188351
-1.883677
1.935278
1.395089
-1.553638
1.016174
-0.269924
-2.612216
-0.205381
0.147990
-2.629076
0.611203
2.404281
-0.504936
-0.416892
0.121764
-2.018554
0.103882
2.616474
-1.164164
0.228030
1.073565
-1.997266
-1.138108
0.932387
-1.764979
-0.819479
2.822876
0.773157
-0.690903
0.390496
-1.119205
-1.320839
2.715077
0.375169
-0.952653
1.428298
-1.098939
-2.161094
0.605583
-0.541721
-2.205202
1.923016
1.900877
-0.677109
-0.215258
-0.460829
-2.291713
1.150029
1.747949
-1.497950
0.864097
0.084468
-2.605404
-0.561816
0.397818
-2.480745
0.310796
2.629587
0.002895
-0.328677
0.522477
-1.771450
-0.225135
2.866473
-0.583274
-0.123296
1.241820
-1.702820
-1.317603
0.975983
-1.445498
-1.298700
2.664157
1.054832
-0.715426
0.263282
-0.944648
-1.768044
2.310276
0.548874
-1.199075
1.264811
-0.916038
-2.475466
0.246934
-0.403098
-2.623626
1.357283
1.988241
-0.730923
-0.191075
-0.271457
-2.228703
0.955377
2.198390
-1.415355
0.817095
0.635215
-2.136571
-0.456742
1.001528
-1.758167
0.368016
3.072705
0.411953
-0.372955
0.347751
-1.626696
-0.746250
2.848591
-0.383002
-0.499998
1.206228
-1.892362
-2.018043
0.652075
-1.483815
-1.838888
2.351148
1.186814
-0.764132
0.100987
-0.762939
-1.961844
1.962526
0.942775
-1.485859
1.212018
-0.584636
-2.586671
0.056539
-0.098263
-2.396618
1.252208
2.407346
-0.190905
-0.006301
0.342471
-1.783371
0.724452
2.736364
-1.062325
0.748975
0.984839
-2.025877
-0.923872
0.864438
-2.087355
-0.571523
2.775363
0.272478
-0.731604
0.243868
-1.651560
-1.428638
2.532346
-0.422852
-0.961338
1.243353
-1.690217
-2.157007
0.541210
-0.973940
-2.121414
2.124991
1.628739
-0.686475
-0.013794
-0.544786
-1.938343
1.857110
1.652922
-1.338209
1.277583
0.032016
-2.192429
0.013965
0.504596
-2.193621
0.954866
2.603701
-0.181198
-0.246763
0.336851
-1.840932
0.092132
2.708946
-1.161098
-0.161443
0.776734
-2.418075
-1.641342
0.541040
-2.208948
-1.465252
2.386570
0.388963
-1.029968
0.039850
-1.286268
-1.649857
2.552782
0.254086
-0.949247
1.666035
-0.987904
-2.044099
0.815562
-0.301940
-1.990625
2.319132
2.224275
-0.371592
0.232118
-0.086512
-2.007314
1.399176
1.996756
-1.415014
0.968490
0.325441
-2.476828
-0.623635
0.386408
-2.517360
0.145606
2.531494
-0.276906
-0.711339
0.141178
-2.203839
-0.884192
2.314874
-1.082931
-0.511238
0.937837
-2.135720
-1.619203
0.916209
-1.430001
-1.229559
2.827815
1.294613
-0.416040
0.592640
-0.539507
-1.304831
2.790519
0.991140
-0.982455
1.588549
-0.511067
-2.354724
0.430686
0.001533
-2.369881
1.514809
2.080713
-0.637770
-0.270435
-0.258003
-2.350126
0.613587
2.041033
-1.581396
0.440053
0.370911
-2.505439
-1.003572
0.460999
-2.442939
-0.387771
2.774852
0.222410
-0.481435
0.429494
-1.557044
-0.724282
2.932038
-0.268902
-0.313520
1.671485
-1.246759
-1.415355
1.176766
-0.693457
-1.471724
2.763612
1.631464
-0.439882
0.268561
-0.626700
-1.981599
1.960312
1.046317
-1.592125
0.954185
-0.709295
-2.692938
-0.181539
-0.135558
-2.681187
0.852176
2.190726
-0.646796
-0.448057
0.038658
-2.047845
0.358990
2.498116
-1.294102
0.279461
0.789676
-2.224275
-1.097747
0.806366
-1.917396
-0.532695
2.976145
0.793253
-0.443288
0.568969
-1.029287
-0.974280
2.936636
0.204529
-0.518731
1.639979
-1.207079
-2.107450
0.608989
-1.029457
-2.443620
1.773494
1.394578
-0.975813
-0.180006
-0.718151
-2.462183
1.393046
1.273666
-1.710142
0.942435
-0.122275
-2.493518
-0.123467
0.570502
-2.227000
0.737395
2.811296
-0.062670
-0.236034
0.430005
-1.783371
0.088896
2.831221
-0.749826
0.184774
1.132999
-1.869883
-1.366138
1.004764
-1.649175
-1.052618
2.738067
0.830208
-0.763621
0.284910
-1.130445
-1.696518
2.393041
0.152077
-1.415525
1.119546
-1.194136
-2.596549
0.165360
-0.767027
-2.653258
1.562493
1.822880
-0.729391
-0.133344
-0.202826
-2.086503
1.156500
2.068622
-1.368182
0.975302
0.562498
-2.140829
-0.284910
0.825780
-2.158199
0.245741
2.673013
-0.036614
-0.500509
0.193630
-1.845871
-0.748464
2.571685
-0.744377
-0.332083
1.080206
-2.000502
-2.029623
0.569991
-1.482112
-1.457248
2.658367
1.170465
-1.095193
-0.000851
-0.891856
-2.011401
2.270426
0.814199
-1.279116
1.331057
-0.468322
-2.452646
0.280993
0.000170
-2.230917
1.637595
2.570152
-0.122786
0.216450
0.340768
-1.807894
0.927619
2.557550
-1.233135
0.559602
0.671148
-2.236877
-0.872782
0.690733
-2.294779
-0.606435
2.634866
0.119380
-0.769411
0.232799
-1.578672
-1.039164
2.740451
-0.388282
-0.701121
1.246929
-1.550743
-2.022130
0.607116
-1.057727
-1.945836
2.286775
1.524517
-0.614098
0.192608
-0.446354
-1.709802
2.093656
1.546315
-1.280308
1.400198
0.014986
-2.323048
-0.001703
0.412975
-2.324411
0.960657
2.541542
-0.320162
-0.406333
-0.042064
-2.110175
0.011751
2.417053
-1.282011
-0.025715
0.679663
-2.254077
-1.331397
0.694990
-2.120733
-0.964233
2.569130
0.596387
-0.764302
0.344515
-1.120738
-1.274518
2.730915
0.229052
-1.099621
1.378059
-1.171657
-2.299547
0.641346
-0.548192
-2.233812
1.992839
1.903432
-0.546660
-0.007323
-0.273160
-2.079351
1.434599
1.911266
-1.351493
1.192604
0.230074
-2.372776
-0.434603
0.398159
-2.468313
0.333616
2.531154
-0.158889
-0.470536
0.161103
-1.810619
-0.432559
2.739259
-0.853028
-0.176770
1.181364
-1.890319
-1.420975
1.109498
-1.329865
-1.135894
2.802270
1.141684
-0.637599
0.279461
-1.066242
-1.708950
2.415521
0.599793
-1.312835
1.337358
-0.896794
-2.462183
0.188691
-0.398329
-2.513272
1.408543
1.984324
-0.503744
-0.013454
0.010388
-2.147981
0.941413
2.114262
-1.478706
0.558581
0.369549
-2.405984
-0.767027
0.733989
-2.281666
-0.145606
2.756289
0.122956
-0.605924
0.293425
-1.525368
-0.798702
2.771275
-0.459637
-0.444991
1.407691
-1.576458
-1.895768
0.808750
-1.191582
-1.830373
2.454179
1.303128
-0.732286
0.117336
-0.863756
-2.084970
2.139296
1.076800
-1.491308
1.397644
-0.341279
-2.453838
0.080892
0.073910
-2.433232
1.238244
2.473763
-0.274863
-0.139645
0.228541
-2.072709
0.454698
2.553804
-1.275199
0.296831
0.743525
-2.214568
-0.998293
0.916379
-2.056531
-0.585488
2.875498
0.502723
-0.604732
0.462873
-1.277413
-1.130445
2.739940
-0.200783
-0.954015
1.398155
-1.482282
-2.053635
0.726836
-0.794615
-2.098765
2.178805
1.617840
-0.728028
0.055858
-0.500849
-2.018384
1.754590
1.688685
-1.394919
1.183919
-0.004939
-2.298355
-0.120061
0.373977
-2.450432
0.730412
2.635547
-0.261239
-0.360012
0.248637
-1.974106
-0.054496
2.756970
-1.032693
-0.053985
0.946862
-2.177613
-1.352515
0.973088
-1.674380
-1.043422
2.786773
0.703846
-0.836338
0.077486
-1.312835
-1.684257
2.479042
0.294788
-1.111712
1.401050
-1.037461
-2.252034
0.446354
-0.417743
-2.082246
2.023833
2.115965
-0.512941
0.274352
-0.021117
-2.066919
1.334974
2.054487
-1.473086
0.902414
0.308411
-2.449240
-0.371081
0.519412
-2.542734
0.034571
2.673524
0.005279
-0.486033
0.331061
-1.689366
-0.422001
2.786773
-0.669445
-0.176600
1.280819
-1.779454
-1.446349
0.968150
-1.378230
-1.426424
2.560445
1.026051
-0.708614
0.203167
-0.981433
-1.754590
2.352170
0.760896
-1.290185
1.405478
-0.769241
-2.406325
0.200442
-0.172683
-2.237388
1.572541
2.203669
-0.478881
-0.133344
-0.106096
-2.158540
0.759533
2.105747
-1.449244
0.522818
0.454017
-2.470527
-0.812156
0.618185
-2.331734
-0.206402
2.778939
0.285251
-0.492164
0.445843
-1.443965
-0.770433
2.867494
-0.437157
-0.595195
1.327310
-1.625334
-1.974957
0.702824
-1.303468
-1.878738
2.310106
1.404967
-0.569480
0.175238
-0.716278
-1.944814
2.046313
1.144409
-1.338209
1.325437
-0.235013
-2.326625
0.091621
0.074080
-2.481937
1.128401
2.263955
-0.414167
-0.231436
0.121423
-2.095188
0.448227
2.487557
-1.220533
0.462021
0.873974
-2.195324
-1.064709
1.020772
-1.885550
-0.427110
2.893209
0.499487
-0.669956
0.217472
-1.473767
-1.259191
2.653939
-0.120572
-0.906842
1.413141
-1.429149
-2.162967
0.628574
-0.897987
-2.067430
2.195324
1.624141
-0.649520
0.208616
-0.444310
-2.220188
1.595531
1.537630
-1.606941
1.017026
-0.124318
-2.411945
-0.128746
0.348772
-2.502884
0.704016
2.606426
-0.188691
-0.405652
0.285591
-1.855067
-0.004428
2.718142
-1.000847
0.250510
1.137257
-2.119030
-1.396111
0.875507
-1.924379
-1.164334
2.683742
0.641857
-0.623975
0.227690
-1.107965
-1.562663
2.580370
0.377893
-1.094001
1.457589
-0.851325
-2.105917
0.673703
-0.291382
-2.063343
2.073731
2.028942
-0.552280
0.094346
-0.245912
-2.052273
1.251016
1.812662
-1.444476
0.800916
0.135388
-2.448389
-0.463894
0.561646
-2.370562
0.231777
2.771957
0.056539
-0.370911
0.408547
-1.630783
-0.282526
2.831561
-0.788655
-0.381129
1.191071
-1.923868
-1.610177
0.815902
-1.485518
-1.516002
2.606937
0.956740
-0.727347
0.256300
-0.854901
-1.865285
2.399683
0.874315
-1.246589
1.434939
-0.597920
-2.254929
0.367335
-0.239781
-2.419608
1.420123
2.141339
-0.630106
-0.274692
-0.123807
-2.285753
0.729731
2.171993
-1.530477
0.553472
0.560454
-2.503395
-0.717810
0.821522
-1.988411
-0.137091
2.937657
0.396115
-0.569820
0.323227
-1.597915
-0.880105
2.814191
-0.446865
-0.410080
1.471043
-1.575266
-1.790864
0.917912
-1.115969
-1.658372
2.477850
1.393216
-0.519412
0.418765
-0.480073
-1.880952
2.158880
1.218489
-1.561131
1.037291
-0.410931
-2.447707
0.064884
0.103712
-2.493518
1.145090
2.358982
-0.570331
-0.432900
-0.005620
-2.075263
0.425918
2.477510
-1.229048
0.472920
0.878062
-2.171142
-0.984498
0.788825
-1.960141
-0.567436
2.875328
0.680515
-0.503744
0.408888
-1.401390
-1.215764
2.764293
-0.040701
-0.839744
1.460995
-1.320839
-2.084289
0.632831
-0.845534
-2.107620
1.991476
1.448393
-0.851495
0.026226
-0.495059
-2.176251
1.530988
1.507487
-1.596553
1.118524
-0.162806
-2.404281
-0.065225
0.425747
-2.309595
0.855242
2.745220
-0.185966
-0.225987
0.452144
-1.604216
0.307049
2.875669
-0.954356
0.138794
1.166378
-2.009187
-1.343148
0.982285
-1.709972
-1.111201
2.730404
0.840255
-0.641005
0.331572
-1.159566

