1.895939
0.813348
1.410586
-0.920125
-4.197529
-2.057893
-2.105406
-1.907860
-0.244549
-0.464235
-0.866652
1.247099
1.132148
0.718662
2.593824
2.521276
1.170806
1.136405
0.547171
-3.621067
-3.097228
-1.553638
-2.195495
-0.611203
0.097581
-0.774179
0.476837
1.513277
0.419787
1.957076
2.771957
1.456227
0.701291
1.088211
-2.445153
-4.348585
-1.858132
-2.614941
-1.503740
-0.170129
-0.812156
-0.479562
1.582759
0.756468
1.355580
3.051077
2.391168
0.987904
1.267706
-0.456231
-4.159893
-2.302613
-1.817260
-1.855918
-0.062329
-0.223943
-0.783035
1.044955
1.289163
0.578846
2.520255
2.704688
1.330716
1.092809
0.876529
-3.409556
-3.560611
-1.661096
-2.400534
-1.010724
-0.178984
-1.011065
-0.148160
1.347406
0.300748
1.660245
2.713714
1.615456
0.773328
1.335144
-1.793930
-4.259689
-1.928977
-2.245392
-1.437834
0.243187
-0.438520
-0.332253
1.729727
1.228367
1.175404
2.895934
2.501181
1.227004
1.351663
0.060967
-4.002537
-2.568449
-1.767193
-2.126864
-0.366143
-0.226157
-0.974791
0.720876
1.308407
0.546319
2.221550
2.524001
1.105411
0.668253
0.734670
-3.366641
-4.014969
-1.840251
-2.535241
-1.052788
-0.212703
-0.874485
-0.029291
1.684257
0.669956
1.864604
3.162112
2.249139
1.171146
1.646280
-0.883681
-3.940889
-1.741648
-1.925230
-1.425913
0.029121
-0.398670
-0.613758
1.368182
1.087700
0.862394
2.685615
2.241816
0.916890
1.078674
0.084298
-4.126855
-3.138099
-1.972062
-2.347401
-0.684602
-0.263282
-0.909226
0.440904
1.294272
0.299386
2.074242
2.622945
1.294783
0.855582
1.159906
-2.486876
-3.808737
-1.566240
-2.083949
-0.914506
0.238589
-0.373466
0.098092
2.027750
0.975132
1.836675
3.212861
2.268553
0.937496
1.317774
-0.943456
-4.372937
-2.230746
-2.231768
-1.975639
-0.299897
-0.665358
-1.148496
0.857115
0.738927
0.455550
2.433062
2.231598
1.048020
0.934260
0.532866
-3.832408
-3.361191
-1.664673
-2.288648
-0.767367
-0.136409
-0.677790
0.540018
1.732452
0.611544
2.205202
2.986874
1.896620
1.038483
1.546485
-1.790694
-3.786768
-1.568283
-2.153090
-1.206909
0.134196
-0.543254
-0.374658
1.548869
0.603199
0.931706
2.653769
1.903602
0.584126
0.871079
-0.877721
-4.708086
-2.837181
-2.326454
-2.415691
-0.564030
-0.436647
-1.048871
0.951290
1.303298
0.714404
2.787794
2.841609
1.523665
1.286098
1.125165
-3.060613
-3.042391
-1.241309
-1.972403
-0.394412
0.338214
-0.525032
0.319821
1.717976
0.517028
1.742499
2.906663
1.711845
0.657013
1.162291
-1.840251
-4.436118
-2.177273
-2.760547
-2.014467
-0.349113
-1.028606
-1.049212
1.030649
0.652415
0.791039
2.569130
1.990625
0.832762
1.106433
-0.003236
-3.900528
-2.424036
-1.501867
-1.773664
-0.022820
0.124659
-0.524521
1.118694
1.635211
0.859669
2.720526
3.131287
1.505102
1.091276
1.291207
-2.963032
-3.862211
-1.819985
-2.501692
-1.122611
-0.158037
-0.937155
-0.335148
1.406159
0.267199
1.258680
2.624307
1.697881
0.584977
1.110009
-1.423870
-4.509517
-2.095529
-2.246073
-1.693453
0.003406
-0.326463
-0.414508
1.662970
1.422848
1.264981
3.159046
2.822365
1.497609
1.496247
0.794615
-3.515823
-2.555507
-1.419272
-1.922846
-0.405482
-0.123807
-0.932387
0.481776
1.395260
0.352178
1.973254
2.545289
1.274177
0.594173
0.852346
-2.891336
-4.358803
-1.934767
-2.597230
-1.347235
-0.020776
-0.737565
-0.409228
1.387596
0.459467
1.242842
2.870389
2.156837
1.054321
1.509190
-0.521796
-4.074403
-2.047675
-1.727854
-1.642023
0.161784
0.112568
-0.320162
1.518045
1.440559
0.928981
2.728701
2.584287
1.075097
1.008340
0.533887
-3.841094
-3.592798
-1.962526
-2.672843
-1.093660
-0.513622
-1.289504
0.062670
1.269749
0.217131
1.815387
2.709627
1.520259
0.839574
1.381806
-1.866136
-3.998109
-1.472064
-2.018894
-1.110860
0.270605
-0.394242
-0.232288
1.731089
1.099621
1.454013
3.100634
2.500670
1.037291
1.418080
-0.274181
-4.233462
-2.565554
-1.964739
-2.116987
-0.316416
-0.308411
-0.975813
0.754425
0.960316
0.154121
2.088376
2.434254
1.024178
0.661952
0.644752
-3.582920
-3.883157
-1.910584
-2.621242
-1.116650
-0.157867
-0.792742
0.109502
1.773494
0.645944
1.900196
3.162282
2.123969
1.110179
1.623290
-1.209463
-4.028763
-1.815047
-2.176591
-1.557384
-0.152928
-0.657184
-0.841618
1.139471
0.836168
0.925064
2.660922
2.208267
0.707763
0.872782
-0.071866
-4.029274
-2.805505
-1.905986
-2.583095
-0.676768
-0.252724
-1.022135
0.684261
1.286949
0.475815
2.240113
2.912453
1.490457
1.050064
1.360859
-2.435105
-3.479208
-1.302617
-2.018724
-0.681877
0.320503
-0.429835
0.163146
1.906667
0.760215
1.537119
2.900192
2.054657
0.847748
1.244034
-1.095193
-4.404954
-2.154623
-2.260038
-1.966442
-0.275033
-0.633512
-0.917571
1.104730
0.903777
0.713723
2.537966
2.470527
1.070670
0.927959
0.431878
-3.778083
-3.151894
-1.661437
-2.117838
-0.441926
0.138112
-0.474453
0.785419
1.790864
0.654289
2.286775
3.003733
1.740967
0.940221
1.433236
-2.107109
-3.907681
-1.612220
-2.351318
-1.417058
-0.179155
-0.766175
-0.519242
1.398155
0.582082
1.021283
2.564362
1.854726
0.673022
1.044614
-0.837360
-4.317079
-2.503395
-1.947028
-2.032348
-0.280823
-0.317778
-0.812496
1.099791
1.328673
0.626871
2.698217
2.807379
1.273155
1.085145
0.815562
-3.524167
-3.525530
-1.629250
-2.206394
-0.726666
0.052452
-0.714064
0.203167
1.627888
0.490802
2.022811
2.951452
1.813173
0.832421
1.316071
-1.760210
-4.254069
-2.002886
-2.372095
-1.601832
-0.173024
-0.576462
-0.625678
1.507146
0.854901
1.072373
2.906152
2.384867
1.165526
1.505102
0.113930
-3.948212
-2.531665
-1.738582
-1.997266
-0.308752
-0.294788
-0.832081
0.911270
1.309599
0.351667
2.310446
2.588034
1.235179
0.813518
0.942945
-3.124986
-3.900698
-1.845871
-2.387251
-1.024859
-0.118528
-0.844853
-0.039850
1.559598
0.482457
1.507827
2.789668
1.814025
0.691925
1.315730
-1.311643
-4.260029
-1.883336
-2.083438
-1.678807
-0.134536
-0.468322
-0.780310
1.246248
0.955377
0.899519
2.897126
2.578667
1.023837
1.078333
0.236886
-4.086154
-3.007650
-1.793419
-2.207075
-0.451633
-0.177452
-0.951120
0.697715
1.426935
0.279801
2.218485
2.870900
1.501526
0.876359
1.221555
-2.454519
-3.817081
-1.592125
-2.230236
-1.093830
0.103882
-0.687327
-0.178473
1.731941
0.670297
1.368182
2.918925
2.119541
0.913654
1.403264
-0.797510
-4.271609
-2.092634
-2.002205
-1.831395
-0.018903
-0.193800
-0.685794
1.209123
1.082420
0.558751
2.627032
2.382653
1.116650
0.993354
0.616653
-3.654616
-3.246410
-1.698732
-2.294609
-0.602007
-0.058413
-0.760044
0.511067
1.844338
0.592300
2.084630
2.937487
1.793759
0.859329
1.344851
-2.007825
-4.078490
-1.602513
-2.297504
-1.439026
-0.042064
-0.738757
-0.568117
1.566240
0.802449
1.190560
2.932038
2.179316
0.965936
1.310280
-0.389814
-4.334790
-2.535922
-2.048867
-2.123288
-0.369889
-0.397478
-1.046658
0.766686
1.142195
0.434262
2.455030
2.674886
1.383850
1.107625
1.119035
-2.990791
-3.345694
-1.529625
-2.304656
-0.600134
0.193800
-0.662122
0.239951
1.786266
0.486544
1.793759
2.878053
1.742159
0.985180
1.437834
-1.615456
-4.284722
-1.780987
-2.206905
-1.698562
-0.198398
-0.602348
-0.655310
1.379933
1.011917
1.196180
2.929824
2.405473
1.106433
1.237733
0.043597
-4.106079
-2.704518
-1.714230
-1.975809
-0.311136
-0.216791
-0.910078
0.713723
1.290866
0.377723
2.292735
2.680336
1.395089
0.838552
1.048701
-2.829177
-3.777572
-1.714740
-2.331563
-1.007659
-0.038488
-0.752551
-0.110354
1.483304
0.460659
1.423700
2.796650
1.781498
0.793934
1.261064
-1.374143
-4.397971
-2.112559
-2.124991
-1.687493
0.008515
-0.327996
-0.581571
1.406499
1.020772
0.794274
2.733639
2.432380
1.007659
1.123803
0.261920
-3.985677
-3.132650
-1.819304
-2.179146
-0.634193
-0.286102
-0.917741
0.562327
1.516683
0.517709
2.208437
2.924034
1.605238
0.829526
1.167570
-2.523490
-3.928968
-1.706736
-2.308914
-1.127720
0.032527
-0.710658
-0.246082
1.575947
0.614779
1.465934
3.025872
2.147981
0.847919
1.450096
-0.725474
-4.230397
-2.210481
-2.087525
-1.937321
-0.252213
-0.365121
-0.754765
1.124995
1.072884
0.524180
2.592291
2.448899
1.099110
1.028436
0.609670
-3.622941
-3.314189
-1.864093
-2.529110
-0.764813
-0.234502
-1.069137
0.230925
1.620395
0.386749
1.957076
2.860001
1.697540
0.821693
1.305342
-2.149343
-4.134008
-1.636403
-2.227681
-1.379592
0.072207
-0.551939
-0.474964
1.476662
0.652415
1.276391
2.964565
2.185787
0.934260
1.357283
-0.465427
-4.328830
-2.510377
-2.139807
-2.040182
-0.311136
-0.217812
-0.851495
1.015833
1.360178
0.510216
2.450262
2.780642
1.380614
1.116991
1.104559
-3.046819
-3.282172
-1.519067
-2.331223
-0.740119
-0.054666
-0.775542
0.112057
1.554489
0.522307
1.686301
2.828155
1.787628
0.827483
1.270601
-1.683235
-4.267693
-1.854726
-2.182552
-1.435110
0.048024
-0.413486
-0.419276
1.484667
0.849281
0.847578
2.809252
2.278090
1.024178
1.122441
-0.038317
-4.223755
-2.847910
-2.060447
-2.261400
-0.420468
-0.190905
-0.944478
0.887939
1.582588
0.549044
2.413307
2.849613
1.533883
0.994887
1.000677
-2.911772
-3.829854
-1.711675
-2.526726
-1.251357
-0.174556
-1.029798
-0.288997
1.483815
0.404801
1.521962
2.987214
1.840762
0.939369
1.424210
-1.071010
-4.363230
-2.021790
-2.103703
-1.808405
-0.122786
-0.448397
-0.676768
1.373802
1.026392
0.980752
2.836500
2.451965
1.158374
1.327140
0.471388
-3.692423
-2.908707
-1.763957
-2.195665
-0.532866
-0.205551
-0.902755
0.656162
1.614945
0.464065
2.030305
2.794436
1.455886
0.744717
1.020602
-2.684253
-3.997258
-1.734836
-2.450602
-1.330887
-0.130108
-0.715426
-0.274352
1.506635
0.529289
1.415014
2.967630
2.096381
0.931025
1.248973
-0.767027
-4.306521
-2.281496
-1.934937
-1.807724
-0.112908
-0.420298
-0.799043
1.220192
1.143217
0.617504
2.623796
2.536603
1.174041
1.009532
0.618185
-3.655297
-3.491810
-1.965250
-2.558913
-0.860521
-0.279290
-1.048020
0.179155
1.534905
0.325441
2.019405
2.791882
1.755442
0.934941
1.266514
-1.979045
-4.014117
-1.626355
-2.281666
-1.241820
0.189032
-0.331402
-0.082936
1.748630
0.765324
1.290526
3.147296
2.415521
1.067775
1.447882
-0.200783
-4.222904
-2.565214
-1.918929
-2.120733
-0.420468
-0.477689

