1.042230
-1.046317
-0.208276
0.860180
-1.175914
-0.713382
-0.823225
-2.238410
-1.319306
-0.503744
-0.389303
0.038658
2.412455
1.201119
1.056535
1.846211
-0.349454
-0.834465
0.764983
-0.459807
-1.413141
-0.352178
-2.077818
-1.814025
-0.718491
-0.246763
-0.618356
1.399858
1.635211
0.367335
1.797506
0.345366
-1.187495
0.139815
0.235864
-1.832417
-0.618356
-1.669782
-2.185617
-1.039335
-0.308071
-0.385387
0.865119
2.512932
0.821863
1.701457
1.594509
-0.701802
-0.306879
0.989437
-0.995227
-0.915187
-0.699929
-2.325092
-1.498801
-0.731775
-0.447205
-0.287124
2.144405
1.175574
0.778437
1.772472
-0.321184
-1.049723
0.636748
-0.376361
-1.611199
-0.305176
-1.947709
-2.062491
-1.073395
-0.476837
-0.936985
1.052277
1.899855
0.453166
1.785415
0.700780
-1.039505
0.159740
0.571353
-1.611880
-0.745228
-1.314538
-2.158369
-0.853709
-0.256470
-0.312499
0.489780
2.568790
0.728539
1.214232
1.515150
-0.671319
-0.597579
0.899179
-0.939880
-1.194307
-0.668083
-2.439363
-1.674720
-0.785930
-0.451122
-0.348772
2.046313
1.522814
0.669105
1.839740
-0.077316
-1.170806
0.405822
-0.153099
-1.772812
-0.512941
-1.893214
-2.024003
-1.106092
-0.349113
-0.612395
1.118694
2.200263
0.609159
1.837185
1.069818
-0.997952
0.001022
0.921147
-1.217467
-0.596217
-1.085315
-2.317599
-1.373972
-0.641005
-0.633342
0.010899
2.346550
0.873974
1.131466
1.575436
-0.591278
-0.716107
0.753232
-0.666550
-1.298870
-0.473261
-2.135209
-1.603024
-0.642879
-0.139815
-0.439882
1.718487
1.566580
0.557559
1.805850
0.123467
-1.135554
0.292063
0.279972
-1.593147
-0.468152
-1.642874
-2.178124
-1.043933
-0.299215
-0.556707
0.965766
2.382142
0.732456
1.705033
1.290866
-0.978879
-0.264985
0.724792
-1.241650
-0.818798
-0.951801
-2.296993
-1.270090
-0.521796
-0.431538
-0.003576
2.337183
1.199756
1.096896
1.771791
-0.248637
-0.805003
0.915527
-0.378575
-1.405478
-0.312669
-2.119882
-2.017532
-1.053470
-0.333275
-0.665358
1.498631
1.780816
0.497954
1.771961
0.411272
-1.316581
0.192778
0.482457
-1.563345
-0.536272
-1.435961
-2.118349
-0.944308
-0.247444
-0.477178
0.633001
2.341270
0.600304
1.444476
1.368182
-0.827994
-0.479562
0.750337
-1.255614
-1.161098
-0.855923
-2.492496
-1.586846
-0.600815
-0.411613
-0.259536
2.152749
1.293932
0.879424
1.772472
-0.253745
-1.072032
0.535079
-0.278950
-1.498631
-0.371422
-1.987389
-1.864774
-0.943286
-0.329358
-0.627041
1.278775
2.071687
0.579698
1.944304
0.810793
-1.057386
0.124999
0.644411
-1.415525
-0.577484
-1.352004
-2.318621
-1.170635
-0.566074
-0.620229
0.100647
2.259697
0.604391
1.126017
1.316071
-0.827312
-0.725644
0.779629
-0.898838
-1.217297
-0.593833
-2.272299
-1.554830
-0.651223
-0.162465
-0.264985
1.983132
1.528944
0.744717
2.023322
-0.043086
-1.039846
0.741311
0.117506
-1.565729
-0.393731
-1.790353
-2.022471
-1.032693
-0.322887
-0.567947
1.107114
2.208948
0.564711
1.743691
1.005275
-1.155990
-0.325952
0.553812
-1.628058
-0.860010
-1.217808
-2.396958
-1.421315
-0.638451
-0.486374
-0.008004
2.261911
0.933579
1.152924
1.718657
-0.457934
-0.699418
0.979730
-0.602177
-1.231943
-0.404290
-2.034392
-1.638617
-0.758512
-0.289849
-0.408888
1.781327
1.676083
0.531673
1.813514
0.204188
-1.196010
0.354392
0.212193
-1.638106
-0.451803
-1.687322
-2.168417
-1.064369
-0.328166
-0.638621
0.606605
2.148151
0.487566
1.507146
1.190390
-0.949076
-0.373806
0.834635
-1.249824
-0.900882
-0.778777
-2.338035
-1.286779
-0.416211
-0.254086
0.022479
2.360514
1.285076
1.016855
1.927274
-0.301600
-0.856774
0.735862
-0.500168
-1.573563
-0.472580
-2.192940
-1.941579
-0.949247
-0.424896
-0.528267
1.407521
1.767363
0.487736
1.810278
0.435455
-1.103367
0.172513
0.559092
-1.584291
-0.559262
-1.435450
-2.239943
-1.137768
-0.438009
-0.578676
0.453166
2.424376
0.693968
1.319306
1.407691
-0.966787
-0.500679
0.803300
-1.008851
-1.042570
-0.660760
-2.333607
-1.389640
-0.601155
-0.379086
-0.326633
2.007825
1.299211
0.716448
1.911266
-0.118528
-1.042400
0.522477
-0.279290
-1.665524
-0.469003
-2.036095
-2.036776
-0.969342
-0.320673
-0.642368
1.233476
2.104214
0.540870
1.897812
0.985350
-0.898157
0.160422
0.776223
-1.407181
-0.725814
-1.233476
-2.263784
-1.303809
-0.579017
-0.575270
0.120231
2.418586
0.984328
1.277753
1.641682
-0.736203
-0.811134
0.834976
-0.596898
-1.147304
-0.548363
-2.560956
-1.893214
-0.822374
-0.384024
-0.433752
1.703841
1.438686
0.436647
1.813854
-0.120401
-1.323734
0.314372
0.114271
-1.581056
-0.389814
-1.733133
-2.016510
-1.053980
-0.402927
-0.565052
0.962019
2.264295
0.562838
1.645769
1.206057
-0.967639
-0.224795
0.752040
-1.428468
-0.856944
-1.059260
-2.390827
-1.403945
-0.627381
-0.502041
-0.117506
2.056531
0.855071
0.872612
1.605238
-0.562838
-1.034737
0.609500
-0.692947
-1.524346
-0.501531
-2.143213
-1.718828
-0.708103
-0.056539
-0.375339
1.732111
1.877717
0.691584
2.054828
0.589916
-0.923191
0.642879
0.733989
-1.284225
-0.255448
-1.373121
-2.043077
-1.046317
-0.184774
-0.419106
0.770773
2.431870
0.592811
1.395260
1.178810
-0.996419
-0.580890
0.648499
-1.152924
-1.108476
-0.797680
-2.474444
-1.609836
-0.713553
-0.475986
-0.256130
2.190215
1.173190
0.983817
1.964569
-0.248126
-0.925064
0.721897
-0.313691
-1.460143
-0.219175
-1.716954
-1.702309
-0.627041
-0.082595
-0.506469
1.454864
2.020938
0.633512
1.903091
0.766856
-1.096044
0.024012
0.482798
-1.701287
-0.906161
-1.629761
-2.573047
-1.515831
-0.669786
-0.825099
0.174727
2.192940
0.536782
1.161780
1.370396
-0.760385
-0.551769
0.928129
-0.809772
-1.099280
-0.470877
-2.153260
-1.524517
-0.728709
-0.268561
-0.250340
2.086163
1.472235
0.834124
1.983302
0.109162
-0.942945
0.695842
0.073058
-1.558065
-0.396286
-1.663140
-1.904454
-0.884703
-0.230244
-0.516517
1.103708
2.192770
0.444821
1.629080
0.916209
-1.135724
-0.111886
0.686305
-1.453672
-0.674554
-1.053810
-2.267872
-1.236541
-0.373295
-0.397648
0.224113
2.533879
1.157693
1.452310
1.964058
-0.402417
-0.598601
1.042230
-0.532014
-1.181023
-0.352519
-2.043077
-1.619714
-0.763110
-0.345877
-0.408718
1.757315
1.530307
0.585318
1.864093
0.025885
-1.331568
0.195163
0.094686
-1.723937
-0.585147
-1.710653
-2.333948
-1.287120
-0.578676
-0.781332
0.655310
2.162116
0.418595
1.553638
1.240117
-0.928470
-0.249658
0.855582
-1.216957
-0.773668
-0.729561
-2.136401
-1.112052
-0.278950
-0.103201
0.068801
2.323389
1.079014
1.021964
1.832758
-0.352859
-0.964573
0.735862
-0.591278
-1.586846
-0.594854
-2.193451
-1.922846
-1.053980
-0.345026
-0.578846
1.529115
1.751695
0.390496
1.751355
0.510386
-1.169273
0.192778
0.497614
-1.560450
-0.435625
-1.441581
-2.179146
-1.093660
-0.358820
-0.437668
0.779969
2.593824
0.862394
1.623120
1.503399
-0.739608
-0.326123
1.042059
-0.977686
-0.973429
-0.667061
-2.239432
-1.572371
-0.807728
-0.513451
-0.383854
1.986878
1.184600
0.763961
1.793419
-0.247274
-1.196350
0.605924
-0.215088
-1.626185
-0.397308
-2.009698
-1.832076
-0.828334
-0.231266
-0.604221
1.280478
1.945155
0.490631
1.857281
0.799894
-0.865970
0.125340
0.635215
-1.538822
-0.506980
-1.171827
-2.317599
-1.240798
-0.389814
-0.426258
0.324079
2.425058
0.877210
1.270771
1.551935
-0.666210
-0.709636
0.863416
-0.898497
-1.201970
-0.534569
-2.257824
-1.632827
-0.805855
-0.442437
-0.437157
1.903432
1.415355
0.686135
1.923186
0.097070
-1.141344
0.621591
0.230585
-1.439708
-0.210830
-1.574925
-1.859665
-0.860010
-0.189372
-0.533717
1.080717
2.220699
0.471558
1.709121
0.905309
-1.063517
-0.309944
0.518220
-1.411268
-0.786781
-1.028265
-2.325944
-1.205547
-0.432219
-0.438860
0.116825
2.273491
0.894410
1.144239
1.715762
-0.533206
-0.766516
0.770773
-0.703335
-1.443795
-0.445162
-2.047505
-1.703330
-0.768389
-0.249488
-0.474964
1.745054
1.737561
0.694820
2.025025
0.346388
-1.118864
0.414337
0.234502
-1.570157
-0.508342
-1.712527
-2.231428
-1.167570
-0.483138
-0.732115
0.602858
2.123969
0.463213
1.482964
1.141684
-1.126528
-0.327655
0.779969
-1.139641
-0.777926
-0.802108
-2.270937
-1.323393
-0.444821
-0.311817
-0.021458
2.306359
1.055683
0.986542
1.860176
-0.260047
-0.880957
0.765153
-0.408718
-1.467977
-0.518560
-2.245562
-1.846892
-0.963041
-0.461510
-0.627211
1.545463
1.743180
0.429664
1.745565
0.406163
-1.260894
0.117506
0.340257
-1.625334
-0.466960
-1.395770
-2.276897
-1.161269
-0.403438
-0.582933
0.434603
2.274002
0.868525
1.601662
1.472746
-0.811134
-0.381981
0.774349
-1.241309
-1.103537
-0.810623
-2.251523
-1.549550
-0.677620
-0.450781
-0.294106
2.027069
1.061814
0.640494
1.833269
-0.204699
-1.050915
0.748294
-0.173194
-1.525879
-0.391688
-2.034562
-1.979726
-0.984498
-0.386579
-0.718151
1.161269
1.948391
0.321524
1.650708
0.704357
-1.073224
-0.008174
0.601666
-1.522303
-0.640154
-1.205547
-2.196346
-1.157011
-0.336681
-0.293255
0.392880
2.332415
0.647136
1.221725
1.385212
-0.895602
-0.825950
0.773498
-0.971556
-1.291037
-0.690051
-2.350467
-1.745735
-0.830378
-0.540018
-0.428472
1.977342
1.553978
0.814540
2.086673
0.251702
-1.017026
0.442437
0.003065
-1.678296
-0.392539
-1.903432
-2.077988
-0.938518
-0.433581
-0.661271
1.043592
2.208097
0.569310
1.875843
1.118183
-0.775201
0.042064
1.003572
-1.298359
-0.617845
-0.905309
-2.304486
-1.289163
-0.536442
-0.512430
0.015497
2.183574
0.869547
0.949417
1.480239
-0.689200
-0.845024
0.732967
-0.654970
-1.398155
-0.630787
-2.319983
-1.771620
-0.857455
-0.481095
-0.510045
1.737050
1.639639
0.415700
1.836845
0.271457
-1.158374
0.267540
0.185456
-1.476833
-0.291041
-1.596212
-2.042225
-0.883511
-0.203167
-0.424896
0.879594
2.378055
0.763961
1.709802
1.315049
-0.795126
-0.390666
0.794104
-1.233816
-0.960146
-0.855412
-2.333096
-1.356772
-0.681196
-0.531333
-0.121593
2.187831
0.989948
0.864267
1.735687
-0.417573
-1.037291
0.758341
-0.380448
-1.508849
-0.510556
-2.192259
-1.870905
-0.914846
-0.419617
-0.622443
1.571178
1.872437
0.673703
1.900537
0.676257
-0.998293
0.184093
0.526224
-1.447712
-0.492845
-1.483645
-2.161775
-0.999485
-0.328507
-0.496081
0.416551
2.038309
0.419787
1.323223
1.206228
-1.025540
-0.570672
0.757490
-1.206398
-1.202311
-0.734500
-2.399683
-1.663991
-0.859329

