-1.800060
-0.518560
-1.762765
-2.132995
-1.008170
-0.386919
-0.739949
0.804663
2.257143
0.504766
1.631805
1.187495
-0.844342
-0.162295
0.837871
-1.155649
-0.740460
-0.832762
-2.329009
-1.289845
-0.397478
-0.388452
-0.102861
2.272640
1.133169
1.052959
1.713889
-0.487907
-1.018729
0.518050
-0.607627
-1.590082
-0.362056
-2.011401
-1.902410
-0.998463
-0.415189
-0.634704
1.477855
1.740796
0.592300
2.015318
0.551258
-1.032693
0.398670
0.536101
-1.462868
-0.425237
-1.475130
-2.059255
-0.942945
-0.387771
-0.649691
0.681366
2.348082
0.517198
1.419953
1.261405
-1.003231
-0.521285
0.847748
-1.139811
-0.939199
-0.693287
-2.288648
-1.447030
-0.617845
-0.511578
-0.413145
1.920802
0.962870
0.790528
1.690388
-0.518560
-1.030990
0.632320
-0.310966
-1.663821
-0.384705
-1.951456
-1.833779
-0.897135
-0.349964
-0.572034
1.448052
2.034732
0.584977
2.000843
0.809942
-1.102175
0.143051
0.668253
-1.392875
-0.579698
-1.226153
-2.218315
-1.213721
-0.531503
-0.630277
0.356947
2.276046
0.710147
1.306193
1.428468
-0.764642
-0.572034
0.758171
-1.046487
-1.190560
-0.638451
-2.328668
-1.761062
-0.756127
-0.396626
-0.520774
1.879930
1.287460
0.653437
1.900366
-0.096730
-1.069137
0.671489
0.020266
-1.535416
-0.301600
-1.705715
-1.758167
-0.714745
-0.171150
-0.505788
1.248802
2.104385
0.327655
1.562663
0.823566
-1.145431
-0.293766
0.501190
-1.434428
-0.681366
-1.238925
-2.500500
-1.291037
-0.645093
-0.612395
0.195503
2.394404
0.885044
1.183919
1.602343
-0.858647
-0.856604
0.686646
-0.829186
-1.238414
-0.282526
-2.100979
-1.551253
-0.634364
-0.290700
-0.448227
1.936299
1.654966
0.724622
2.016510
0.203507
-1.097918
0.479392
0.114782
-1.636062
-0.488928
-1.845360
-2.117838
-0.972578
-0.403949
-0.761066
0.791890
2.124310
0.245060
1.473597
0.942264
-1.101324
-0.227690
0.716788
-1.395089
-0.749486
-1.002210
-2.432551
-1.342467
-0.549044
-0.489099
0.026056
2.323900
1.001528
1.128742
1.680851
-0.721216
-0.923702
1.015493
-0.427280
-1.329865
-0.334467
-2.021279
-1.768385
-0.743866
-0.301600
-0.577484
1.619543
1.879079
0.593492
1.870564
0.460829
-1.221725
0.161954
0.320673
-1.612391
-0.435455
-1.576458
-2.498286
-1.506124
-0.686816
-0.878062
0.498125
2.208778
0.577995
1.486710
1.215594
-0.951631
-0.329018
0.825950
-1.224790
-0.832592
-0.596728
-2.261230
-1.388959
-0.495059
-0.498806
-0.247274
2.088036
0.974451
0.829356
1.819985
-0.327144
-0.942094
0.756809
-0.307560
-1.529285
-0.389644
-1.913820
-1.769236
-0.805174
-0.244890
-0.489439
1.548699
1.865796
0.347069
1.662118
0.491483
-1.314197
-0.001192
0.311307
-1.456397
-0.391006
-1.352855
-2.242327
-0.997101
-0.276906
-0.514133
0.475986
2.457925
0.835146
1.569816
1.629591
-0.798532
-0.604051
0.747272
-1.165867
-1.261234
-0.707592
-2.419778
-1.748289
-0.853539
-0.606775
-0.383684
1.993350
1.230070
0.765835
1.794270
-0.209468
-1.078674
0.634364
-0.051941
-1.407010
-0.231777
-1.796484
-1.882826
-0.958613
-0.333616
-0.723430
1.174382
2.107791
0.526905
1.754761
0.864097
-1.062495
0.014305
0.652926
-1.505784
-0.621080
-1.203673
-2.301931
-1.158544
-0.419446
-0.550066
0.084128
2.082757
0.709976
1.131637
1.445498
-0.783716
-0.777755
0.768219
-0.896454
-1.280989
-0.511919
-2.256972
-1.661096
-0.780480
-0.334127
-0.329699
1.924038
1.545634
0.815221
2.006122
0.155994
-1.073565
0.427450
0.085149
-1.491819
-0.411783
-1.718487
-2.064194
-1.071692
-0.329869
-0.699588
0.976494
2.233641
0.538145
1.520429
1.101324
-1.016515
-0.199590
0.717810
-1.353877
-0.704867
-1.029117
-2.326795
-1.374483
-0.572375
-0.578506
-0.118358
2.202306
0.895602
1.129423
1.818282
-0.431367
-0.777926
0.881638
-0.558240
-1.462017
-0.416551
-2.102000
-1.582418
-0.690051
-0.210490
-0.377212
1.690388
1.667057
0.501190
1.797165
0.288997
-1.043081
0.424726
0.382321
-1.556533
-0.449249
-1.536097
-2.221380
-1.167570
-0.350816
-0.547682
0.863075
2.485343
0.829867
1.705544
1.281500
-1.007318
-0.498635
0.757149
-1.280648
-0.877380
-0.664166
-2.212184
-1.435110
-0.584296
-0.524861
-0.193460
2.120733
1.219681
1.025881
1.892192
-0.206402
-0.930514
0.829186
-0.279972
-1.475641
-0.460488
-2.071687
-1.968486
-0.948565
-0.466619
-0.728369
1.354728
1.700776
0.263623
1.652241
0.402927
-1.191071
0.244209
0.682388
-1.439878
-0.450952
-1.358986
-2.380099
-1.180172
-0.179836
-0.349794
0.518390
2.277579
0.666891
1.493352
1.416036
-0.738246
-0.408888
0.845705
-0.984669
-0.982455
-0.546319
-2.135549
-1.434088
-0.610352
-0.395605
-0.374147
2.082927
1.417228
0.912292
2.046994
-0.032868
-1.093660
0.607286
-0.284399
-1.620735
-0.612055
-2.139126
-2.125331
-1.142025
-0.428983
-0.689370
1.104559
2.015999
0.522988
1.789842
0.868525
-0.903096
0.161273
0.851325
-1.228707
-0.332424
-0.999996
-2.137593
-1.122781
-0.349283
-0.344855
0.424555
2.601998
0.971726
1.333782
1.623290
-0.756979
-0.793764
0.940732
-0.803471
-1.274518
-0.473431
-2.123628
-1.582418
-0.819479
-0.387941
-0.595536
1.793248
1.455205
0.577143
1.890148
0.050238
-1.132148
0.487225
0.045129
-1.506976
-0.301600
-1.537630
-1.789672
-0.698226
-0.170299
-0.420979
1.193115
2.363239
0.788484
1.898834
1.157011
-0.926086
-0.180687
0.603710
-1.456056
-0.878232
-1.034396
-2.321856
-1.521792
-0.687156
-0.467130
-0.036955
2.250501
0.917741
1.025370
1.714911
-0.629084
-0.893218
0.897816
-0.549555
-1.388107
-0.375509
-2.115284
-1.691750
-0.776052
-0.234161
-0.457082
2.028942
2.099786
0.873634
2.240113
0.782694
-0.733307
0.482287
0.541891
-1.475811
-0.277587
-1.442943
-2.024855
-0.935623
-0.221048
-0.634364
0.440223
1.993690
0.358139
1.268046
0.961167
-1.202651
-0.750848
0.547511
-1.413822
-1.312154
-1.071521
-2.623456
-1.674891
-0.799383
-0.514644
-0.248637
2.177783
1.219341
0.963892
2.006803
-0.195674
-0.944819
0.807558
-0.145776
-1.361711
-0.179325
-1.684938
-1.648154
-0.676938
-0.058923
-0.237737
1.801593
2.316236
0.908375
2.119201
0.866481
-0.962700
0.311988
0.564882
-1.573222
-0.551939
-1.377038
-2.405473
-1.381295
-0.704016
-0.904458
-0.050238
2.015829
0.326633
1.076630
1.200608
-1.160247
-0.957761
0.691244
-1.135894
-1.477344
-0.851665
-2.354043
-1.608304
-0.672000
-0.397308
-0.310796
2.127716
1.490116
0.880105
2.177102
0.200272
-0.991481
0.629255
0.026567
-1.435450
-0.195674
-1.811470
-1.918077
-0.874145
-0.247785
-0.635726
1.162461
2.257483
0.576292
1.759529
0.928811
-1.004594
-0.200272
0.559262
-1.586846
-0.963892
-1.291718
-2.480575
-1.533031
-0.657184
-0.608308
0.175067
2.356768
0.992332
1.341105
1.720701
-0.630958
-0.676598
1.047850
-0.407015
-1.048871
-0.300067
-2.088206
-1.598597
-0.752381
-0.390666
-0.612055
1.765319
1.582759
0.485693
1.864774
0.192949
-1.293761
0.110524
-0.024523
-1.809086
-0.485693
-1.755612
-2.120904
-1.063006
-0.388282
-0.646625
0.681537
2.093145
0.384705
1.508338
1.129593
-0.965936
-0.173364
0.920636
-1.196350
-0.776223
-0.682729
-2.018554
-1.029287
-0.321695
-0.083617
0.401565
2.801929
1.496587
1.544782
2.200433
-0.175067
-0.900882
0.783375
-0.398840
-1.502378
-0.545297
-2.098254
-1.819134
-1.046828
-0.563519
-0.761577
1.317774
1.521621
0.276736
1.539503
0.072036
-1.547337
-0.073229
0.104564
-1.900707
-0.762769
-1.772302
-2.700772
-1.534224
-0.706230
-0.652926
0.438690
2.472401
0.828334
1.712186
1.601662
-0.641346
-0.356095
0.972237
-0.838041
-0.766175
-0.386238
-1.910414
-1.132488
-0.388111
-0.162636
-0.076124
2.322197
1.472575
1.014130
2.071347
-0.029973
-0.873804
0.643219
-0.352859
-1.726151
-0.576462
-2.101660
-1.882826
-0.943797
-0.327996
-0.613247
1.219341
2.011742
0.536101
1.767533
0.738416
-1.015152
0.095027
0.714915
-1.342807
-0.543083
-1.057727
-2.228873
-1.142025
-0.288316
-0.282356
0.501190
2.627373
1.085486
1.584462
1.948391
-0.534569
-0.538145
1.017366
-0.639473
-1.086167
-0.582933
-2.407346
-1.719509
-0.928300
-0.627552
-0.481946
1.786436
1.255444
0.415019
1.457759
-0.343493
-1.580375
-0.096389
-0.430005
-2.000502
-0.677960
-1.997437
-2.120052
-1.044273
-0.418765
-0.739779
0.978368
2.007995
0.532184
1.759699
1.056024
-0.706400
0.058242
1.021794
-1.148837
-0.533206
-0.773668
-2.099105
-1.132148
-0.220197
-0.126362
0.485352
2.908707
1.651730
1.649346
2.274173
-0.129598
-0.686305
0.921147
-0.595876
-1.451118
-0.551088
-2.315044
-1.899004
-1.054151
-0.649691
-0.840425
1.293591
1.425403
0.173535
1.512936
-0.024693
-1.504251
-0.052963
-0.159911
-2.060958
-0.822714
-2.030475
-2.664157
-1.570838
-0.895943
-1.094341
0.278098
1.904283
0.425066
1.415014
1.185962
-0.749997
-0.082595
1.209634
-0.766516
-0.589745
-0.520945
-1.997948
-1.062836
-0.172683
0.093494
0.432559
2.843823
1.801082
1.542057
2.363069
0.084809
-0.915187
0.699077
-0.560454
-1.572881
-0.495400
-2.381461
-2.143894
-1.301595
-0.857455
-1.200778
0.768900
1.355069
0.016008
1.299892
0.202145
-1.447882
-0.273160
-0.004428
-2.042396
-0.777415
-1.524517
-2.413307
-1.072884
-0.429664
-0.472239
0.606946
2.531494
0.983647
1.784052
1.851491
-0.243698
0.026737
1.555681
-0.334978
-0.598601
-0.265496
-2.157858
-1.475470
-0.741822
-0.456912
-0.463894
1.989092
1.349960
0.663144
1.706566
-0.403779
-1.597404
-0.006131
-0.788655
-2.120904
-0.873123
-2.385889
-2.287456
-1.165186
-0.542062
-0.732797
0.951120
2.064364
0.659057
1.969848
1.160417
-0.606946
0.490291
1.108817
-1.117161
-0.187840
-0.559943
-1.847574
-0.829356
-0.080551
-0.231607
0.435965
2.566746
0.882489
1.166548
1.401561
-0.853539
-1.047168
0.346048
-1.272644
-2.000502
-1.373802
-3.248964
-2.710138
-1.890148
-1.359667
-1.344510
1.177788
1.223939
0.221048
1.702649
-0.056028
-1.459122
0.441415
0.207765
-1.229899
0.236034
-1.181875
-1.514639
-0.273330
0.329018
0.032016
1.456908
2.989428
1.361370
2.520255
1.811981
-0.335489
0.318459
1.310962
-0.925575
-0.633172
-0.851836
-2.443280
-1.405648
-0.586339
-0.646966
-0.540018
1.684768
0.214406
0.191586
0.841107
-1.265151
-1.623971
0.010218
-1.216446
-2.177102
-1.165186
-2.903257
-2.362898
-1.214572
-0.641857
-0.672851
1.697029
2.240283
1.053640
2.347742
0.866481
-0.706911
0.759533
0.754935
-1.053980
0.191757
-0.897476
-1.714911
-0.714745
-0.138453
-0.215428
0.767027
2.313341
0.641687

