-1.998629
-2.655302
-0.538315
-0.980071
-0.540529
0.461340
-1.078503
-1.283714
-0.194652
-0.663996
-0.420638
1.107795
1.334803
1.385042
1.545804
-0.558751
-2.829518
-1.022305
-0.549555
-0.940902
0.532014
-0.347240
-1.581056
-0.512430
-0.252042
-0.736203
0.613417
1.410927
1.195669
1.498972
0.387260
-2.804313
-2.094848
-0.389133
-1.320498
-0.268051
0.219345
-1.304831
-0.987394
-0.250169
-0.882489
-0.045640
1.285246
1.208101
1.719849
1.600640
-1.225131
-2.548524
-0.558070
-0.824077
-0.665528
0.388622
-0.977176
-1.314368
-0.246593
-0.613928
-0.598090
0.954526
1.211166
1.285757
1.650367
-0.362226
-2.858128
-1.314708
-0.520604
-1.095193
0.384365
-0.202315
-1.562493
-0.710828
-0.440563
-0.849111
0.319821
1.061303
1.112052
1.525027
0.756298
-2.470698
-2.161946
-0.302281
-1.026562
-0.254427
0.282867
-1.264811
-0.946351
-0.122104
-0.693457
0.078167
1.472405
1.233476
1.463549
1.483134
-1.207250
-2.938679
-0.744888
-0.727858
-0.777074
0.517028
-0.691244
-1.350130
-0.380107
-0.565904
-0.785078
0.808580
1.376697
1.372950
1.713037
-0.055347
-2.803973
-1.540525
-0.545127
-1.394067
0.081233
-0.104223
-1.602854
-0.806706
-0.330039
-0.959805
0.227179
1.251187
1.130274
1.705204
1.097407
-1.988581
-2.273321
-0.294788
-0.903606
-0.243357
0.479221
-1.083442
-0.980071
-0.115803
-0.739608
-0.424215
1.219000
1.182897
1.158885
1.314878
-1.007148
-2.871922
-0.977346
-0.818457
-0.923702
0.332083
-0.705719
-1.552786
-0.447035
-0.404971
-0.761577
0.752722
1.282181
1.300573
1.602173
0.164339
-2.775533
-1.677104
-0.361034
-1.109498
0.180176
0.185966
-1.357113
-0.645433
-0.096730
-0.757320
0.174727
1.308918
1.242331
1.680681
1.226493
-1.770769
-2.561808
-0.622272
-1.098939
-0.581912
0.339236
-1.231943
-1.301084
-0.173875
-0.789506
-0.475815
1.021794
1.200948
1.252379
1.400539
-0.815221
-2.858639
-1.050404
-0.586850
-0.920466
0.513451
-0.395605
-1.460995
-0.558410
-0.419446
-0.753403
0.517368
1.117672
1.251868
1.939876
0.552109
-2.494369
-1.882996
-0.256981
-1.138449
0.017711
0.240462
-1.364776
-0.921999
-0.080381
-0.769751
-0.042745
1.335996
1.084975
1.361029
1.210485
-1.629421
-2.666371
-0.577484
-1.118183
-0.986031
0.301770
-1.092809
-1.441581
-0.369038
-0.683069
-0.618015
0.868014
1.241480
1.443965
1.680510
-0.404290
-2.710138
-1.107625
-0.501190
-1.134021
0.339746
-0.326123
-1.492500
-0.553983
-0.408036
-0.835487
0.420468
1.241650
1.105751
1.587697
0.648328
-2.425909
-2.087184
-0.173194
-0.991140
-0.143562
0.244209
-1.340934
-1.012427
-0.295809
-0.973429
-0.287635
1.226153
1.075608
1.325267
1.154968
-1.316581
-2.696344
-0.757660
-0.899690
-0.667231
0.600815
-0.709466
-1.370566
-0.181028
-0.361545
-0.413997
1.176766
1.388959
1.272304
1.596212
-0.221218
-2.951622
-1.510382
-0.528949
-1.301936
0.105245
-0.287805
-1.530818
-0.781332
-0.453166
-0.924894
0.247444
1.290185
1.191582
1.724448
1.016855
-2.020768
-2.252715
-0.385046
-0.925064
-0.299215
0.492845
-1.198564
-1.019239
-0.131641
-0.776563
-0.398500
1.143217
1.116310
1.412289
1.510893
-1.043252
-2.765656
-0.864438
-0.769581
-0.856434
0.512430
-0.644582
-1.494544
-0.551258
-0.440734
-0.772136
0.685794
1.199075
1.075268
1.507657
-0.003236
-2.844334
-1.688004
-0.460999
-1.185451
0.059264
0.041383
-1.365287
-0.770092
-0.194652
-0.665018
0.253235
1.425232
1.269579
1.529796
1.111201
-1.876525
-2.580200
-0.480073
-1.016344
-0.533376
0.462702
-1.153094
-1.231262
-0.191246
-0.706570
-0.634364
1.147134
1.314368
1.428808
1.658542
-0.671489
-2.837522
-1.138449
-0.685964
-1.152073
0.353541
-0.517368
-1.560790
-0.499487
-0.460659
-0.820330
0.548022
1.248632
1.186643
1.712186
0.525202
-2.526896
-1.718998
-0.204188
-1.070329
0.007153
0.180517
-1.407181
-0.921658
-0.179495
-0.833954
0.007834
1.322542
1.256636
1.490286
1.133169
-1.713208
-2.698558
-0.393561
-0.759874
-0.516006
0.628574
-0.876359
-1.245056
-0.220197
-0.514984
-0.465768
1.069478
1.288652
1.301595
1.540695
-0.587191
-3.000328
-1.215594
-0.616823
-1.153094
0.411953
-0.252553
-1.393046
-0.527075
-0.231947
-0.822374
0.384365
1.316071
1.179661
1.707418
0.836849
-2.226489
-2.034051
-0.337022
-1.273155
-0.381129
-0.043767
-1.567432
-1.144239
-0.385557
-0.956399
-0.282696
1.130274
1.107625
1.529285
1.493692
-1.320328
-2.705881
-0.671319
-0.847408
-0.668594
0.814370
-0.499828
-1.326629
-0.409399
-0.608989
-0.619037
0.860350
1.333271
1.460825
1.693623
-0.080722
-2.735002
-1.384190
-0.379426
-1.110009
0.289679
-0.036103
-1.393557
-0.524861
-0.146457
-0.757149
0.439031
1.303298
1.050234
1.550743
0.750337
-2.093315
-2.423184
-0.550917
-1.178469
-0.553131
0.217642
-1.340764
-1.269409
-0.249318
-0.715085
-0.214066
1.308407
1.362732
1.525709
1.589400
-0.973770
-2.660922
-0.713042
-0.554493
-0.745739
0.634364
-0.417743
-1.253230
-0.225476
-0.444480
-0.704867
0.794274
1.290526
1.252208
1.840421
0.172002
-2.845355
-1.708950
-0.425407
-1.139300
0.083447
0.105074
-1.456908
-0.762939
-0.287635
-0.981603
0.050749
1.227515
1.138278
1.575947
1.069478
-1.830373
-2.496413
-0.416892
-0.963892
-0.376190
0.519923
-1.005786
-1.044444
-0.044618
-0.435795
-0.236545
1.244034
1.319477
1.366649
1.460825
-0.784397
-2.884354
-0.999996
-0.550066
-1.063177
0.317437
-0.436476
-1.615456
-0.663315
-0.580209
-0.965766
0.587021
1.284906
1.241139
1.878398
0.542743
-2.560956
-1.892703
-0.349283
-0.999144
0.064884
0.332594
-1.184600
-0.592130
-0.037295
-0.839404
-0.038317
1.449074
1.422507
1.618011
1.569135
-1.410076
-2.450432
-0.483990
-0.866992
-0.596046
0.604561
-0.919615
-1.501526
-0.487396
-0.714064
-0.773668
0.657695
0.987904
0.910078
1.251187
-0.683069
-3.355060
-1.588549
-0.760044
-1.293932
0.137772
-0.336000
-1.604898
-0.659398
-0.318970
-0.837871
0.535761
1.453842
1.268046
1.698562
0.769581
-2.319472
-2.131462
-0.130790
-0.928470
-0.046662
0.584807
-1.025030
-0.799383
0.004768
-0.641516
-0.147479
1.360689
1.416717
1.800401
1.604046
-1.221895
-2.835138
-0.876359
-1.078333
-1.144409
0.196525
-1.006808
-1.696518
-0.503234
-0.754084
-0.885725
0.555515
0.863416
0.859669
1.479217
-0.235523
-3.129925
-1.658201
-0.469344
-1.148837
0.239100
-0.116144
-1.432385
-0.692265
-0.301940
-0.849962
0.414848
1.489605
1.284906
1.654625
1.020942
-1.962866
-2.187661
-0.390836
-1.025540
-0.368357
0.463894
-1.135043
-1.036610
-0.054325
-0.667572
-0.382832
1.114947
1.134532
1.173701
1.356091
-1.099621
-3.039496
-0.935112
-0.702143
-1.107284
0.364099
-0.691754
-1.546996
-0.545979
-0.458615
-0.693628
0.741311
1.322031
1.369715
1.863922
0.468152
-2.538988
-1.757315
-0.368697
-1.089062
0.095538
0.155313
-1.474789
-0.869547
-0.333956
-1.139471
-0.081744
1.176255
0.965255
1.284225
1.001188
-1.965591
-2.669096
-0.647306
-1.029287
-0.649350
0.383002
-1.076290
-1.333441
-0.341279
-0.812837
-0.572375
1.046317
1.233305
1.359156
1.675061
-0.531333
-2.825771
-0.880957
-0.212193
-0.728369
0.588894
-0.108651
-1.163142
-0.202996
-0.194311
-0.547511
0.808069
1.465252
1.171146
1.713208
0.685794
-2.429145
-2.086673
-0.369208
-1.125847
-0.282867
-0.023331
-1.588890
-1.242842
-0.523158
-1.140152
-0.421490
0.968831
0.861202
1.154287
1.049893
-1.788650
-2.988577
-0.979560
-1.286609
-0.908886
0.327655
-0.809431
-1.450436
-0.277247
-0.639643
-0.626019
0.989778
1.398325
1.409565
1.904624
0.097241
-2.615111
-1.176255
-0.181709
-0.887258
0.485352
0.104223
-1.233986
-0.381981
-0.126532
-0.814881
0.259876
1.198053
1.121078
1.523154
0.782354
-2.188683
-2.297333
-0.445502
-1.063177
-0.424555
0.227519
-1.349790
-1.135894
-0.069141
-0.592300
-0.168766
1.264129
1.236371
1.354047
1.394749
-1.087189
-2.858128
-0.588383
-0.585147
-0.727688
0.682047
-0.423023
-1.263959
-0.189713
-0.315564
-0.527246
1.104900
1.426084
1.378230
1.791545
0.288316
-2.686466
-1.727513
-0.552109
-1.322883
-0.116825
-0.294958
-1.682043
-1.125506
-0.710487
-1.299381
-0.408718
0.942094
0.970875
1.223258
0.766856
-2.198730
-2.790179
-0.799213
-1.148837
-0.592470
0.456061
-1.072884
-1.006637
-0.148841
-0.544957
-0.293085
1.186132
1.493011
1.578161
1.822540
-0.533036
-2.595527
-0.673532
-0.248977
-0.697374
0.762258
-0.161273
-1.162120
-0.172683
-0.136069
-0.608478
0.791209
1.459633
1.304490
1.796484
0.520604
-2.570833
-1.975128
-0.411102
-1.317774
-0.228030
-0.059264
-1.622949
-1.191923
-0.474794
-1.207760
-0.326123
0.959975
0.868014
1.306364
0.939369
-1.931701
-2.962351
-0.890664
-1.273836
-1.015152
0.169788
-1.169784
-1.514469
-0.376190
-0.673873
-0.616993
1.013960
1.314027
1.430852
1.799549
-0.187329
-2.612557
-0.923361
-0.015157
-0.514814
0.879424
0.218323
-1.103537
-0.387941
-0.278779
-0.707933
0.616823
1.574755
1.393557
1.891681
0.761577
-2.205031
-2.133506
-0.623975
-1.321520
-0.472580
0.017200
-1.552446
-1.303128
-0.495229
-1.212529
-0.677109
0.751529
0.743866
1.046998
1.026051
-1.593658
-2.930675
-0.730412
-0.864778
-0.719513
0.586510
-0.525543
-1.032863
0.082084
-0.091621
-0.190565
1.286098
1.657179
1.613072
2.127886
0.345537
-2.481767
-1.190901
-0.166893
-0.849962
0.427961
0.002895
-1.501356
-0.722238
-0.497103
-1.178810
-0.033549
1.028436
0.836849
1.331568
0.665188
-2.313512
-2.681528
-0.780991
-1.325096
-0.590937
0.247104
-1.264640
-1.298870
-0.187499
-0.676428
-0.263963
1.336506
1.583951
1.852683
1.926763
-0.580890
-2.349274
-0.326123
-0.211852
-0.471047
0.947373
-0.135899
-1.035077
0.132663
-0.142881
-0.579357
0.767538
1.091106
0.837871
1.082420
-0.331402
-3.380265
-2.381461
-1.019410
-1.709802
-0.592640
-0.618696
-2.200944
-1.542228
-0.882149
-1.526730
-0.312499
1.120738
1.079525
1.760040
1.429660
-1.445498
-2.184255
-0.265156
-0.656162
0.004939
1.158203
-0.256981
-0.431538
0.655821
0.070844
0.183071
1.479898
1.625674
1.727002
2.142702
-0.017370
-2.500841
-0.795637
-0.510897
-1.097236
0.356265
-0.448568
-1.855578
-0.793082
-0.755617
-1.285587
0.035252
0.679323
0.519753
0.865800
-0.256470
-3.251348
-2.535241
-0.801257
-1.412630
-0.176941
0.032697
-1.549210
-1.069478
-0.094005
-0.581230
0.166212
1.606090
1.710483
2.089569
1.755272
-1.003742
-2.084970
-0.044107
-0.480584
-0.310114
0.830037
-0.361374
-0.995738
-0.120572
-0.520434

