-4.058736
-1.713719
-2.403600
-1.155649
0.012943
-0.845364
-0.384876
1.530136
0.547852
1.293591
2.930335
2.058744
0.918593
1.303468
-0.958443
-4.278421
-2.146789
-2.052443
-1.907689
-0.094346
-0.312158
-0.812496
1.090084
0.999314
0.697204
2.661943
2.533197
1.066072
0.949247
0.305857
-3.873621
-3.466095
-1.756804
-2.296312
-0.801086
-0.234842
-0.923531
0.451633
1.511403
0.440734
2.151046
3.041540
1.811811
1.028095
1.458100
-2.020597
-3.918409
-1.727683
-2.439533
-1.348427
-0.069993
-0.737906
-0.565563
1.527922
0.648158
1.088551
2.779279
1.991987
0.790528
1.206739
-0.559092
-4.289150
-2.299888
-1.952137
-1.968656
-0.217812
-0.228030
-0.834976
0.823396
1.079355
0.533887
2.606596
2.574921
1.059600
1.064539
0.735862
-3.434079
-3.532001
-1.645599
-2.325262
-0.795637
-0.107459
-0.889642
0.165871
1.613923
0.485863
1.807894
2.962181
1.829522
0.789676
1.240458
-1.853194
-4.173177
-1.956906
-2.346209
-1.567943
-0.201634
-0.752551
-0.617504
1.460825
0.740460
1.032523
2.844845
2.314363
1.019580
1.343659
-0.132663
-4.180499
-2.572366
-1.814706
-2.083949
-0.483138
-0.276225
-0.854390
0.740460
1.234157
0.413486
2.276727
2.623967
1.195669
0.849111
1.044273
-3.088031
-3.727674
-1.666376
-2.371243
-0.956059
-0.067268
-0.815392
0.086171
1.712016
0.512941
1.566240
2.843993
1.875162
0.741993
1.115969
-1.573222
-4.303455
-1.912287
-2.156326
-1.685449
-0.042575
-0.556537
-0.647817
1.473938
1.030990
1.017196
2.987725
2.534560
0.881638
1.104048
0.076464
-4.095861
-2.898148
-1.635381
-2.200433
-0.466108
-0.215428
-0.960316
0.579187
1.406840
0.378064
2.309084
2.883162
1.457589
0.913484
1.126357
-2.699409
-3.824404
-1.642534
-2.455882
-1.116650
0.129938
-0.648839
-0.141689
1.698732
0.626871
1.338550
2.978189
2.084119
0.982285
1.491479
-0.958783
-4.260710
-1.940557
-2.071857
-1.885210
-0.176600
-0.453506
-0.807217
1.212358
1.052448
0.674384
2.693960
2.317769
0.697034
0.874996
0.554834
-3.788982
-3.110681
-1.663310
-2.225297
-0.572886
-0.033889
-0.938007
0.437157
1.520770
0.590256
2.232960
3.036261
1.816409
0.858647
1.205036
-2.357108
-4.005602
-1.702649
-2.382994
-1.501696
-0.289338
-0.876699
-0.573908
1.480750
0.572715
1.190220
2.916540
2.065897
0.881808
1.405988
-0.615801
-4.424368
-2.378225
-2.035754
-2.114773
-0.354392
-0.410250
-1.018388
0.985520
1.005786
0.338725
2.478531
2.564192
1.152073
1.057046
0.814540
-3.348589
-3.292050
-1.575436
-2.156837
-0.614950
0.037977
-0.697715
0.358139
1.786266
0.526054
1.849788
2.841098
1.659734
0.736713
1.165356
-2.150365
-4.103865
-1.637936
-2.266850
-1.482623
0.073058
-0.561305
-0.504085
1.452821
0.852687
1.281159
3.132990
2.526556
1.060963
1.334803
-0.281164
-4.265649
-2.604042
-1.810449
-2.034051
-0.420468
-0.297172
-0.889982
1.000507
1.395089
0.591108
2.603361
2.806016
1.433917
1.126357
1.097577
-3.052609
-3.389120
-1.403775
-2.260038
-0.734670
0.037977
-0.763791
-0.022650
1.575606
0.476497
1.600300
2.786773
1.782009
0.762088
1.336847
-1.600129
-4.485335
-2.047164
-2.457585
-1.887253
-0.129768
-0.512941
-0.666891
1.386574
0.803641
0.999996
2.849443
2.320835
1.045465
1.285587
0.219515
-3.933736
-2.624478
-1.633848
-2.109323
-0.357458
-0.141178
-0.824588
0.892537
1.595020
0.633172
2.614089
3.012589
1.601492
0.969172
1.046828
-2.855573
-3.729377
-1.656669
-2.356427
-1.064369
-0.090769
-0.778096
-0.309433
1.509871
0.431538
1.462017
2.782004
2.080543
0.950779
1.403264
-1.025030
-4.281998
-2.011231
-2.152239
-1.724277
-0.069652
-0.349624
-0.620910
1.442603
1.149688
0.792231
2.879245
2.727679
1.264300
1.305512
0.685283
-3.563506
-3.002371
-1.597745
-2.174718
-0.595025
-0.240803
-0.924723
0.551258
1.446009
0.335659
2.061469
2.777406
1.453332
0.743525
1.113415
-2.581392
-4.148313
-1.850639
-2.392530
-1.323393
-0.097581
-0.759363
-0.389474
1.636573
0.759193
1.529285
3.201451
2.399853
1.061133
1.392194
-0.570161
-4.266841
-2.275194
-1.900366
-1.825605
-0.118528
-0.195844
-0.801938
1.154627
1.142366
0.631469
2.595357
2.520084
1.194988
0.998293
0.787463
-3.443275
-3.286600
-1.775197
-2.543245
-0.996419
-0.357117
-1.258509
0.012943
1.428127
0.211171
1.692942
2.676589
1.504421
0.715937
1.322031
-1.805680
-3.957748
-1.591444
-2.186809
-1.437323
0.178133
-0.262260
-0.202145
1.690047
0.893559
1.294613
3.187827
2.483470
1.212188
1.507827
-0.202145
-4.220009
-2.510888
-1.850128
-2.025706
-0.238929
-0.126362
-0.816073
0.900541
1.341275
0.542232
2.523150
2.781323
1.354218
0.940732
0.994716
-3.135375
-3.450768
-1.735517
-2.623456
-1.144409
-0.253235
-0.903436
0.040872
1.648664
0.572886
1.880782
3.014803
1.913479
0.905480
1.427787
-1.460654
-4.166194
-1.700095
-2.112729
-1.553638
-0.093324
-0.557559
-0.729220
1.383679
0.983477
0.883511
2.748966
2.273151
0.806877
1.006808
0.064543
-4.236698
-3.033025
-1.852001
-2.197198
-0.405822
-0.185285
-0.869717
0.548192
1.293080
0.355244
2.244370
2.848080
1.503570
1.142195
1.387085
-2.702304
-3.748451
-1.613923
-2.276046
-0.955207
0.202315
-0.550236
0.047343
1.762594
0.692606
1.673017
2.999135
1.959120
0.856263
1.389129
-1.176766
-4.379068
-2.151898
-2.194984
-1.991306
-0.480584
-0.824077
-0.958954
1.145090
0.859329
0.531503
2.548695
2.356257
0.826972
0.831740
0.331742
-3.993681
-3.284046
-1.734495
-2.365453
-0.619207
-0.237567
-1.042230
0.333105
1.586505
0.339236
2.036435
2.950941
1.869372
1.215594
1.416717
-2.179827
-4.048347
-1.643556
-2.285923
-1.222747
0.155824
-0.358990
-0.175578
1.570327
0.439201
1.043081
2.663646
1.833098
0.676428
1.138449
-0.646625
-4.256964
-2.511740
-2.135379
-2.122607
-0.404119
-0.495059
-0.890834
1.070159
1.250676
0.760555
2.718994
2.728530
1.166378
0.838893
0.564711
-3.608635
-3.443445
-1.674380
-2.269745
-0.756468
-0.136920
-0.984158
0.163998
1.508679
0.462702
2.064535
3.046819
1.908881
0.970023
1.506976
-1.905646
-4.427433
-2.009698
-2.482108
-1.628058
-0.146117
-0.749486
-0.763621
1.158374
0.527757
0.722579
2.658537
2.154963
0.944138
1.316071
0.093835
-3.926073
-2.668244
-1.895087
-2.033881
-0.239440
-0.023331
-0.735351
1.138278
1.647983
0.668424
2.596889
2.882481
1.496247
1.019410
1.023667
-2.970695
-3.476313
-1.467466
-2.450602
-1.026392
-0.078508
-0.975643
-0.262942
1.511574
0.505958
1.619373
2.855573
1.812492
0.787973
1.142195
-1.590252
-4.484994
-2.239091
-2.308403
-1.779454
-0.247615
-0.558070
-0.778948
1.368863
0.974451
0.932387
3.015144
2.608980
1.157011
1.441070
0.558581
-3.573213
-2.572026
-1.553978
-2.090420
-0.296491
0.009707
-0.802449
0.631809
1.513277
0.538826
2.205372
2.921309
1.579693
0.819990
1.014641
-2.724273
-4.068102
-1.717806
-2.503565
-1.260383
-0.083447
-0.809601
-0.301429
1.400198
0.343663
1.196010
2.756289
1.827478
0.693117
1.251187
-1.006808
-4.512923
-2.353532
-2.114943
-1.933234
-0.269583
-0.512600
-0.860521
1.174041
1.154457
0.638110
2.809933
2.630098
1.099110
0.988926
0.604732
-3.668240
-3.251859
-1.727513
-2.207586
-0.489099
0.003747
-0.845194
0.456742
1.738923
0.621591
2.261911
3.079517
1.822199
1.062325
1.490968
-2.013615
-4.035916
-1.602684
-2.241646
-1.459973
0.017711
-0.684943
-0.377893
1.465082
0.733307
1.174893
2.985341
2.210311
0.954526
1.234327
-0.523158
-4.453318
-2.793755
-2.247436
-2.196346
-0.454358
-0.477348
-0.972748
0.885214
1.145431
0.400032
2.466951
2.615622
1.245056
1.227856
1.134362
-3.067936
-3.296477
-1.441411
-2.249820
-0.688519
0.010899
-0.732967
0.323568
1.763105
0.680344
1.923868
2.938339
1.656328
0.520945
0.871420
-2.132654
-4.805837
-2.536944
-2.713714
-2.100297
-0.633683
-1.149688
-1.152584
0.805684
0.288486
0.496251
2.644403
2.430167
1.066583
1.437153
0.386919
-3.597225
-2.255780
-1.353536
-1.649686
0.268561
0.483138
-0.146627
1.701798
2.239772
1.134191
3.010375
3.250156
1.967975
1.410927
1.318114
-2.663646
-3.650870
-1.663140
-2.609321
-1.268557
-0.330550
-1.207760
-0.629255
1.078844
-0.214066
0.837190
2.183914
1.117843
0.054666
0.439031
-1.902751
-5.205870
-2.850294
-2.778598
-2.200603
-0.504085
-0.627722
-0.821352
1.444476
1.417228
1.309429
3.404277
3.268038
2.021960
2.074582
1.324075
-2.950941
-2.307040
-1.076630
-1.606941
-0.071355
0.263282
-0.616142
0.589916
1.485177
0.336511
1.798357
2.554485
1.134532
0.322887
0.658376
-3.076451
-4.755429
-2.449581
-3.203154
-2.124310
-0.878743
-1.504932
-0.993524
0.943627
0.271286
1.081739
2.822195
2.241475
1.138619
1.642023
-0.057050
-3.663812
-1.656669
-1.313686
-1.081228
0.705549
0.537464
0.022309
1.780646
1.875843
1.143217
3.095865
2.974612
1.537970
1.118864
0.648158
-3.839220
-3.668410
-2.168758
-3.072534
-1.438005
-0.908204
-1.731259
-0.728709
0.614098
-0.396456
1.084464
2.225467
1.190901
0.467641
1.043933
-2.123799
-4.360335
-1.714230
-2.018554
-1.090424
0.434944
-0.019925
0.306879
2.360344
1.778432
2.092975
3.874302
3.134183
1.740285
1.844679
0.364951
-3.761053
-2.321005
-1.760551
-2.128397
-0.511919
-0.622102
-1.355921
0.112057
0.657354
-0.253745
1.635722
1.925230
0.555686
0.255108
0.347410
-3.815208
-4.172325
-2.183403
-2.824579
-1.212869
-0.231607
-0.837530
0.032868
1.581396
0.650372
1.930680
3.335306
2.344847
1.338720
2.034392
-0.809090
-3.856080
-1.333271
-1.581226
-1.092127
0.377723
-0.096730
-0.283207
1.717125
1.366479
1.161269
2.925737
2.391338
0.845194
0.841958
-0.223773
-4.419940
-3.290176
-2.177954
-2.641848
-0.930514
-0.808239
-1.540525
0.084979
1.156500
0.285081
2.091782
2.992834
1.680170
1.048361
1.423189
-2.422673
-3.584794
-1.360348
-2.106939
-0.844342
0.227690
-0.507321
-0.015838
1.593999
0.641687
1.410757
2.965076
1.847574
0.629255
1.153946
-0.990970
-4.372767
-2.450432
-2.517360
-2.291713
-0.587531
-0.819649
-0.924042
0.871420
0.836338
0.413486
2.348423
2.224786
0.794445
0.756979
0.291722
-3.823723
-3.155470
-1.556533
-2.142872
-0.352519
0.151225
-0.736543
0.534228
1.866477
1.017366
2.644062
3.467117
2.194473
1.437834
1.721042
-2.003397
-3.797156
-1.390491
-2.051762
-1.229048
0.083276
-0.770773
-0.473942
1.263278
0.263623
0.804152

