-1.196010
-1.716784
2.517189
0.567607
-1.096725
1.598937
-0.720876
-2.319132
0.350135
-0.218153
-2.058574
2.104895
2.363409
-0.066076
0.288997
-0.029632
-1.993179
1.101664
1.946347
-1.627718
0.699588
0.194652
-2.490112
-0.765664
0.529800
-2.536263
-0.269924
2.425568
-0.292574
-1.121930
-0.189713
-2.001694
-1.016004
2.380610
-1.000166
-0.874315
0.970023
-2.063343
-2.116305
0.718662
-1.450947
-1.689707
2.444131
1.332079
-0.545808
0.357117
-0.443969
-1.606430
2.435786
1.283884
-1.199416
1.474278
-0.287976
-2.217463
0.258003
-0.022990
-2.408709
1.321009
2.502203
-0.329188
-0.135899
0.209127
-2.157518
0.450952
2.297844
-1.357113
0.550406
0.810112
-2.239261
-0.886236
0.750167
-2.179316
-0.564201
2.737045
0.470195
-0.540188
0.479392
-1.190390
-0.870228
2.933911
0.001362
-0.490802
1.680681
-1.175744
-1.762594
1.052618
-0.618867
-1.610347
2.441577
1.597404
-0.654289
0.094686
-0.489610
-2.146619
1.771791
1.348257
-1.683916
0.901563
-0.331742
-2.753053
-0.362907
-0.050749
-2.829688
0.685113
2.267020
-0.526054
-0.553131
-0.051430
-2.055168
-0.014646
2.382653
-1.401390
0.059945
0.780140
-2.237558
-1.118183
0.991481
-1.646451
-0.670127
2.919776
0.839404
-0.608649
0.437839
-1.118353
-1.145601
2.883673
0.351157
-0.745058
1.784904
-0.919444
-2.103363
0.604051
-0.707763
-2.082927
2.002375
1.698562
-0.645093
0.007663
-0.378915
-2.087525
1.502037
1.698562
-1.518386
0.939880
0.191075
-2.245903
-0.024182
0.688689
-2.253737
0.780991
2.864429
-0.035422
-0.440563
0.276906
-1.683065
-0.053644
2.848932
-0.834635
0.048876
1.195499
-2.053125
-1.509871
0.930003
-1.574925
-1.024519
2.767869
0.992502
-0.553983
0.376361
-0.960827
-1.540525
2.436127
0.488588
-1.205036
1.422848
-1.054491
-2.347061
0.335659
-0.711850
-2.608810
1.494203
1.799209
-0.852517
-0.216280
-0.231096
-2.212524
0.944819
1.830203
-1.682554
0.776223
0.331232
-2.521276
-0.594343
0.699588
-2.356427
0.150715
2.736364
0.024864
-0.535761
0.198909
-1.659904
-0.408547
2.763101
-0.726836
-0.351497
1.260212
-1.825605
-1.604557
0.920296
-1.209804
-1.235349
2.761057
1.206228
-0.637429
0.260047
-0.850303
-1.787628
2.345528
0.948736
-1.159736
1.463209
-0.548022
-2.271959
0.322206
-0.112738
-2.387421
1.445668
2.244370
-0.414337
-0.046832
0.127895
-1.977171
0.847919
2.145427
-1.444646
0.596387
0.644922
-2.250501
-0.682218
0.930514
-2.106088
-0.237056
2.821173
0.254767
-0.537634
0.329018
-1.524857
-0.762939
2.866643
-0.280653
-0.544616
1.368863
-1.588719
-1.847744
0.727177
-1.203162
-1.888445
2.268042
1.278434
-0.898668
-0.099114
-0.874145
-2.242667
1.669782
1.002720
-1.629421
1.194136
-0.571864
-2.569301
-0.037977
0.204188
-2.430337
1.236371
2.463205
-0.355755
-0.193971
0.294277
-1.776389
0.608989
2.570493
-1.121419
0.551769
0.966106
-2.129589
-0.805855
1.051596
-1.670122
-0.389474
2.963884
0.500338
-0.670637
0.316075
-1.356431
-1.102175
2.727509
-0.054496
-0.918252
1.363925
-1.478365
-2.171142
0.560113
-1.040697
-2.053635
2.324581
1.700946
-0.607797
0.213725
-0.526224
-1.959801
1.813514
1.619543
-1.176936
1.475130
0.179495
-2.220528
-0.018563
0.375509
-2.386400
0.742674
2.656834
-0.137261
-0.245231
0.209979
-1.983813
0.222921
2.517530
-1.236371
0.064203
1.007148
-2.149854
-1.263959
0.966617
-1.680510
-0.870398
2.724103
0.327485
-0.804663
0.044448
-1.399858
-1.495395
2.490963
0.120912
-1.228537
1.227174
-1.315730
-2.271618
0.536782
-0.593322
-2.099105
2.166203
1.855748
-0.598942
0.122275
-0.153780
-1.858132
1.667738
1.957927
-1.367671
1.190220
0.230585
-2.524682
-0.225987
0.529970
-2.465589
0.489610
2.684423
-0.076294
-0.462021
0.333956
-1.818112
-0.374998
2.715417
-0.877551
-0.043597
1.249313
-1.928806
-1.522132
0.734670
-1.733133
-1.316581
2.574921
0.856604
-0.754254
0.280993
-0.949928
-1.685790
2.506460
0.661612
-0.970704
1.654284
-0.571694
-1.921483
0.778437
-0.045981
-2.036946
1.999991
2.306359
-0.509705
-0.002214
-0.073569
-2.066578
1.230410
2.036095
-1.530477
0.663144
0.200442
-2.543075
-0.685964
0.494378
-2.425568
-0.143392
2.395596
-0.199931
-0.701972
0.039339
-2.017191
-0.847067
2.500159
-0.913313
-0.627381
0.995568
-2.081564
-1.923186
0.723430
-1.394749
-1.471724
2.685956
1.256807
-0.617504
0.631298
-0.498295
-1.787458
2.292565
0.970193
-1.096215
1.747438
-0.442437
-2.324241
0.239100
-0.138794
-2.376693
1.379592
2.161775
-0.503404
-0.256641
-0.160081
-2.196005
0.682729
2.186639
-1.510722
0.497443
0.595706
-2.408028
-0.804152
0.968490
-1.981769
-0.061648
2.890825
0.484330
-0.526905
0.361545
-1.474449
-0.773668
3.020423
-0.166212
-0.331232
1.476833
-1.335825
-1.679148
0.950779
-0.924042
-1.624652
2.674716
1.596894
-0.589745
0.369378
-0.403779
-2.017021
1.856940
0.978197
-1.633338
1.038313
-0.623124
-2.655983
-0.136069
-0.089237
-2.768380
0.866481
2.229043
-0.571864
-0.489439
0.017541
-2.061299
0.463724
2.699069
-1.175063
0.369208
0.882149
-2.212014
-1.065050
0.833954
-1.929488
-0.540018
2.822195
0.611544
-0.643219
0.288997
-1.367841
-1.260383
2.745049
0.029973
-0.697545
1.440219
-1.273155
-2.040522
0.693287
-0.800235
-2.128226
2.155474
1.612731
-1.007148
-0.253064
-0.531163
-2.240624
1.480068
1.437494
-1.577820
1.072373
-0.034571
-2.411945
-0.202656
0.520434
-2.218825
0.797851
2.660240
0.086512
-0.016860
0.558070
-1.511233
0.360353
2.899170
-0.980922
0.160422
1.163142
-2.056020
-1.261064
1.037291
-1.752717
-1.003231
2.769743
0.628063
-0.854901
0.015157
-1.301936
-1.585143
2.421311
0.260217
-1.073905
1.399347
-1.146964
-2.359663
0.415870
-0.639302
-2.315215
1.884188
1.879249
-0.607627
-0.035933
-0.340428
-2.146448
1.375164
2.000162
-1.437664
1.133680
0.406163
-2.248117
-0.348602
0.703505
-2.195665
0.441245
2.853530
0.033719
-0.515325
0.267029
-1.852342
-0.668594
2.665860
-1.000336
-0.595876
0.847919
-2.035924
-1.720190
0.833614
-1.462528
-1.323904
2.647809
0.957251
-0.914846
0.151907
-0.783546
-1.696518
2.440725
0.854901
-1.184770
1.526560
-0.685453
-2.342292
0.481776
-0.026737
-2.108472
1.697881
2.290010
-0.456912
-0.053133
0.002725
-2.161094
0.699759
2.135209
-1.645599
0.481606
0.731775
-2.498797
-0.873123
0.693287
-2.323730
-0.179325
2.753905
0.119380
-0.556367
0.326463
-1.569135
-0.810623
2.760887
-0.563008
-0.603199
1.252208
-1.750844
-1.893044
0.812156
-1.047679
-1.748800
2.482789
1.356091
-0.851154
0.026567
-0.543083
-1.865285
2.089058
1.330205
-1.426424
1.359156
-0.396115
-2.353021
0.180347
0.200272
-2.288818
1.242501
2.577135
-0.343493
-0.222070
0.255789
-1.984664
0.517368
2.508674
-1.418931
0.246763
0.630787
-2.453497
-1.247440
0.599282
-2.183744
-0.788655
2.670799
0.294447
-0.846897
0.187159
-1.408884
-1.225131
2.790519
0.058753
-0.659909
1.506635
-1.240117
-2.041885
0.574929
-0.944989
-2.107109
1.943793
1.476322
-0.765153
-0.030824
-0.451292
-2.042736
1.663991
1.503399
-1.437664
1.167570
0.195333
-2.213206
0.090258
0.723430
-2.215249
0.870228
2.694641
0.030654
-0.202656
0.186137
-1.926763
0.080211
2.642529
-1.111371
-0.032016
0.949417
-2.054657
-1.226153
1.021964
-1.595020
-0.909737
2.862385
0.818627
-0.655651
0.331742
-1.061814
-1.298359
2.604553
0.174386
-1.126868
1.303809
-1.215424
-2.451965
0.396626
-0.446013
-2.212524
1.790183
1.892533
-0.666550
-0.060967
-0.281164
-2.163138
1.126868
1.953329
-1.390832
0.901903
0.423023
-2.486706
-0.555515
0.526394
-2.505439
0.269072
2.613408
0.083276
-0.386238
0.261239
-1.777581
-0.411613
2.735513
-0.757830
-0.285762
1.166548
-1.776900
-1.630272
1.019750
-1.347746
-1.355580
2.711841
1.142706
-0.689200
0.169107
-0.987564
-1.767193
2.245052
0.526564
-1.463720
1.232113
-0.782524
-2.490793
0.129257
-0.136580
-2.394233
1.371077
2.180849
-0.548703
-0.075613
0.149693
-2.002035
0.843831
2.503736
-1.270941
0.497614
0.680004
-2.254588
-0.725644
0.806195
-2.062832
-0.172002
2.968482
0.550406
-0.345026
0.544105
-1.301936
-0.744717
2.899000
-0.169107
-0.518560
1.529285
-1.534734
-1.929658
0.738587
-1.220022
-1.943793
2.236026
1.376356
-0.775031
0.039850
-0.695160
-2.022130
1.886232
1.109328
-1.537630
1.290526
-0.456061
-2.539669
0.015327
0.405312
-2.288137
1.041378
2.388273
-0.549214
-0.446354
0.093664
-2.005441
0.188691
2.664328
-1.065050
0.103201
0.783546
-2.318110
-1.218149
0.748294
-1.913479
-0.760215
2.934422
0.622443
-0.605413
0.305005
-1.263789
-1.411779
2.568449
-0.006131
-1.116821
1.292229
-1.309088
-2.234834
0.540529
-0.764642
-2.247947
2.017873
1.779284
-0.620740
0.200612
-0.292574
-1.967464
1.604898
1.686982
-1.524006
1.121249
0.254256
-2.282177
-0.194652
0.652075
-2.056190
0.635386
2.651044
-0.121934
-0.377383
0.263963
-1.801593
-0.016349
2.878564
-0.691925
-0.049216
1.290696
-1.840932
-1.419612
1.020772
-1.512255
-1.103197
2.896275
1.079525
-0.749316
0.227690
-1.115118
-1.718317
2.326114
0.536612
-1.263789
1.297338
-0.972578
-2.543756
0.257662
-0.514473
-2.571344
1.653603
1.955203
-0.498125
-0.012091
-0.138453
-2.101660
1.050745
1.920121
-1.780306
0.561135
0.166552
-2.488749
-0.826120
0.521796
-2.394233
-0.211682
2.499649
-0.159400
-0.766516
0.163317
-1.714570
-0.627892
2.814702
-0.311647
-0.270605
1.413482
-1.737731
-1.891851
0.892026
-1.333441
-1.678637
2.537966
1.342637
-0.642708
0.285421
-0.686135
-1.915864
2.170971
1.019410
-1.440559
1.316071
-0.390496
-2.575091
0.081233
-0.014305
-2.535411
1.180853
2.141510
-0.615631
-0.337703
-0.045470
-2.159051
0.448568
2.236366
-1.606430
0.230755
0.622102
-2.283880
-0.979389
0.728369
-2.081735
-0.570331
2.753224
0.333445
-0.672340
0.460488
-1.209804
-0.949587
2.758162
-0.218834
-0.837360
1.488583
-1.503910
-2.097913
0.803471
-0.885725
-1.943111
2.140318
1.520429
-0.774349
0.009196
-0.558921
-2.212524
1.598086
1.462017
-1.528263
1.114437
-0.180176
-2.687999
-0.409569
-0.021117
-2.718994
0.663315
2.271107
-0.543765
-0.652245
-0.129768
-2.277579
-0.199420
2.379417
-1.353196
0.071355
0.967809
-2.101149
-1.327991
1.094852
-1.571519
-0.950268
2.903087
0.895943
-0.817095
0.322546
-1.071181
-1.350982
2.631971
0.312328
-1.034907
1.468999
-0.989097
-2.169268
0.676257
-0.414508

