-0.092643
-0.217812
-1.501867
-0.868525
-0.425918
-0.989607
0.102690
1.041889
0.788484
1.443624
0.917912
-2.061129
-2.387592
-0.306538
-1.124995
-0.747272
0.180687
-1.334463
-1.244715
-0.303473
-0.779799
-0.379256
1.207420
1.280989
1.489605
1.541546
-0.876699
-2.801759
-0.772646
-0.617674
-0.904628
0.617674
-0.332083
-1.344340
-0.301940
-0.424726
-0.623124
0.854390
1.387937
1.442603
1.793248
0.339576
-2.630268
-1.568283
-0.189543
-1.049042
0.203678
0.271967
-1.269238
-0.748805
-0.305005
-1.040697
0.003917
1.182726
0.916890
1.337528
0.960997
-2.041544
-2.534560
-0.573567
-1.142536
-0.589234
0.246763
-1.277413
-1.229899
-0.078338
-0.499828
-0.253405
1.166889
1.304661
1.263278
1.394578
-0.854220
-3.023658
-1.035588
-0.580890
-1.019580
0.455039
-0.414167
-1.510382
-0.518390
-0.461510
-0.821352
0.610352
1.294272
1.209974
1.774345
0.604902
-2.606767
-2.061810
-0.500849
-1.290015
-0.137602
0.079189
-1.344000
-0.853368
-0.174216
-0.825609
0.114782
1.405307
1.360008
1.678467
1.517875
-1.264470
-2.319983
-0.217642
-0.540188
-0.304154
0.886406
-0.690903
-1.024689
0.002214
-0.396456
-0.458104
1.039505
1.487051
1.408713
1.747778
-0.412805
-2.949408
-1.308577
-0.785078
-1.281330
0.105245
-0.443288
-1.610518
-0.672851
-0.491483
-0.953674
0.219004
0.997952
0.888790
1.369034
0.556707
-2.643211
-2.370562
-0.547000
-1.345192
-0.399521
0.177622
-1.406840
-1.115118
-0.168766
-0.779288
-0.125681
1.332930
1.425913
1.649346
1.522132
-1.083442
-2.519063
-0.588894
-0.818627
-0.814370
0.530992
-0.721557
-1.377208
-0.300918
-0.525032
-0.709976
0.608478
1.118013
1.191752
1.511063
-0.168596
-3.007991
-1.528604
-0.450271
-1.223598
0.157527
-0.119720
-1.603195
-0.711679
-0.366824
-0.898157
0.157186
1.342126
1.163142
1.483474
0.831059
-2.193281
-2.240113
-0.350646
-0.890153
-0.116995
0.679663
-0.975473
-0.839915
0.125340
-0.365973
0.021798
1.387256
1.446179
1.721723
1.657520
-0.854049
-2.632652
-0.740119
-0.651223
-0.984498
0.388282
-0.638451
-1.576458
-0.495400
-0.615801
-0.857626
0.567436
1.149859
1.061474
1.579523
0.024693
-2.907004
-1.854215
-0.582423
-1.358816
-0.166893
-0.264474
-1.623801
-0.923702
-0.398500
-1.044103
0.082084
1.244034
1.148667
1.583951
1.066923
-2.031837
-2.460139
-0.318119
-0.889301
-0.307390
0.638791
-0.925916
-1.238074
-0.222751
-0.715426
-0.455550
1.048531
1.172849
1.337528
1.476662
-0.926256
-2.988236
-1.106262
-0.687156
-1.124654
0.266518
-0.515154
-1.477855
-0.346218
-0.377893
-0.781161
0.683750
1.421486
1.166548
1.646791
0.359161
-2.615963
-1.728705
-0.209979
-1.011406
0.112908
0.208787
-1.358645
-0.600985
-0.006812
-0.524010
0.289338
1.571349
1.381295
1.838888
1.366479
-1.596723
-2.474785
-0.516006
-0.967639
-0.598090
0.479903
-1.060452
-1.427276
-0.341449
-0.833614
-0.739268
0.820501
1.163142
1.209974
1.681702
-0.590767
-2.944299
-1.320158
-0.745910
-1.237392
0.196355
-0.404460
-1.551083
-0.502212
-0.466449
-0.906331
0.394412
1.234157
1.052277
1.473257
0.476667
-2.481597
-1.989092
-0.374828
-1.119205
-0.300067
0.201464
-1.436131
-0.951120
-0.009366
-0.705549
-0.064373
1.170295
1.083783
1.336506
1.166889
-1.697711
-2.736023
-0.607797
-0.912121
-0.795126
0.368868
-0.817265
-1.453672
-0.240122
-0.513962
-0.450271
1.005786
1.413482
1.489776
1.900877
-0.090769
-2.704688
-1.383168
-0.374828
-1.138789
0.260557
-0.237737
-1.530307
-0.574759
-0.466449
-0.941753
0.311307
1.274688
1.218149
1.592977
0.726325
-2.307551
-2.242667
-0.350986
-1.057386
-0.147138
0.520774
-1.109328
-0.950609
-0.201804
-0.753573
-0.254086
1.084294
1.342126
1.546826
1.451458
-1.231091
-2.754416
-0.699929
-0.788995
-0.775201
0.522818
-0.712190
-1.335825
-0.185285
-0.422341
-0.711850
0.716107
1.109328
0.996079
1.471213
-0.259876
-3.079517
-1.671144
-0.664847
-1.390491
-0.095367
-0.478029
-1.684427
-0.801257
-0.276395
-0.834976
0.332424
1.410757
1.332249
1.723085
1.023497
-1.965931
-2.068281
-0.276225
-0.904117
-0.279120
0.516517
-0.958954
-1.100642
-0.128235
-0.741652
-0.410591
1.128231
1.205887
1.379762
1.446349
-1.163653
-3.035920
-0.909397
-0.741311
-0.980071
0.360182
-0.666210
-1.505613
-0.369038
-0.470877
-0.823225
0.641516
1.220363
1.201459
1.709632
0.309093
-2.561126
-1.512255
-0.141348
-0.681537
0.371081
0.120912
-1.357624
-0.568969
0.132663
-0.368186
0.453676
1.486029
1.191582
1.583610
1.176255
-2.020087
-2.508674
-0.501190
-1.116821
-0.690733
0.199931
-1.249484
-1.378059
-0.457423
-0.923872
-0.590427
0.871931
1.054491
1.283373
1.486370
-0.844342
-2.993175
-0.982625
-0.811475
-1.112563
0.261068
-0.497954
-1.347576
-0.366483
-0.224284
-0.820841
0.756809
1.433236
1.288312
1.775708
0.575781
-2.350637
-1.666716
-0.243698
-0.928300
0.249318
0.140667
-1.438005
-0.990289
-0.310114
-0.886236
-0.108140
1.214572
1.076630
1.346724
0.941413
-1.941068
-2.842120
-0.729731
-1.132999
-0.711679
0.464065
-0.934260
-1.171998
-0.243528
-0.610352
-0.424726
1.051085
1.333611
1.355921
1.696008
-0.314542
-2.813510
-1.045295
-0.486714
-1.031501
0.401395
-0.281845
-1.341786
-0.301089
-0.072207
-0.807558
0.553642
1.375846
1.197713
1.657179
0.593833
-2.410242
-2.004930
-0.630277
-1.469851
-0.297683
0.000681
-1.620395
-1.223598
-0.339746
-0.988756
-0.352689
1.023156
0.911100
1.317603
1.173019
-1.675231
-2.926588
-0.619377
-0.802108
-0.708784
0.553812
-0.779629
-1.385893
-0.342471
-0.593662
-0.646285
0.873463
1.401731
1.424210
1.646621
-0.168085
-2.740451
-1.401390
-0.455039
-1.177958
0.275714
-0.146287
-1.521451
-0.552109
-0.227690
-0.850984
0.278609
1.266684
1.176766
1.484837
0.675065
-2.379417
-2.421652
-0.495400
-1.257488
-0.524180
0.243017
-1.260723
-1.083783
-0.193289
-0.627892
-0.271797
1.209974
1.297678
1.664673
1.761573
-0.785589
-2.528088
-0.556026
-0.632320
-0.774349
0.557389
-0.727347
-1.290526
-0.281845
-0.512770
-0.846045
0.719513
1.236371
1.191923
1.560960
-0.012602
-2.807379
-1.658372
-0.601837
-1.287460
0.141348
-0.055177
-1.544101
-0.901903
-0.336340
-0.929151
0.026907
1.158203
1.185111
1.615116
1.114607
-2.077307
-2.493347
-0.494719
-1.067775
-0.413656
0.399692
-1.201119
-1.223598
-0.325612
-0.745399
-0.146287
1.056876
1.158544
1.282692
1.472916
-0.788144
-2.853700
-1.032523
-0.662463
-0.958954
0.369038
-0.641346
-1.540865
-0.495229
-0.419787
-0.829697
0.544786
1.237052
1.149518
1.679489
0.279290
-2.654621
-1.801593
-0.411272
-1.191752
0.109843
0.200101
-1.400028
-0.733989
-0.243528
-0.641346
0.178814
1.475811
1.327481
1.637765
1.333611
-1.727513
-2.509526
-0.534228
-0.844683
-0.471728
0.441415
-0.930854
-1.341956
-0.470195
-0.896284
-0.849622
0.731775
1.044103
1.054662
1.408884
-0.794274
-3.100123
-1.410416
-0.826291
-1.165356
0.352008
-0.263282
-1.240458
-0.116314
0.070163
-0.519753
0.814710
1.585143
1.382828
1.808064
0.860861
-2.341952
-1.836334
-0.148671
-0.951971
0.043086
0.349964
-1.251868
-0.978027
-0.130108
-0.818287
-0.087704
1.287290
1.188857
1.470872
1.257317
-1.605068
-2.987555
-0.914335
-1.253911
-1.240628
0.014816
-1.254422
-1.818793
-0.735351
-0.979900
-1.122441
0.554664
1.071862
1.170635
1.504592
-0.207594
-2.745220
-1.364776
-0.447205
-1.044784
0.476326
0.117166
-1.332930
-0.475475
-0.061648
-0.721727
0.424726
1.388448
1.377548
1.773834
0.975132
-2.177783
-2.158880
-0.284399
-0.949076
-0.137261
0.430686
-1.314368
-1.100472
-0.136580
-0.790698
-0.355584
1.021283
1.081909
1.261405
1.293591
-1.090254
-3.035579
-0.902074
-0.931876
-1.098088
0.271627
-0.725474
-1.534564
-0.463724
-0.466790
-0.947203
0.696863
1.292399
1.372269
1.678807
0.260898
-2.599273
-1.537630
-0.307219
-1.197202
0.106607
0.060456
-1.431363
-0.813007
-0.261239
-0.863927
0.114100
1.134532
1.072373
1.408032
0.839404
-2.176421
-2.665690
-0.559602
-0.956569
-0.395434
0.428472
-1.127039
-1.254252
-0.322546
-0.915698
-0.633683
1.019069
1.251187
1.303639
1.621757
-0.749826
-2.834456
-0.991481
-0.668424
-1.034566
0.441926
-0.370060
-1.386404
-0.333445
-0.307049
-0.796318
0.501190
1.166037
1.045125
1.438005
0.224624
-2.730915
-1.967464
-0.550066
-1.456227
-0.327655
-0.071355
-1.548358
-0.916549
-0.243698
-0.814370
-0.147820
1.098428
1.112563
1.471043
1.128912
-1.720531
-2.762590
-0.694139
-0.907012
-0.609159
0.529970
-0.864949
-1.203162
-0.165190
-0.615801
-0.576973
1.050574
1.435280
1.448563
1.896960
-0.080381
-2.397980
-0.952993
-0.315223
-0.863075
0.584636
-0.103371
-1.309429
-0.494548
-0.207424
-0.860521
0.374828
1.194307
1.048020
1.519748
0.569650
-2.488749
-2.179486
-0.429664
-1.187835
-0.366994
0.099795
-1.506465
-1.060792
-0.220707
-0.804833
-0.064884
1.158033
0.989948
1.124314
1.108135
-1.725469
-3.245899
-1.019750
-0.974962
-0.977857
0.227690
-0.916038
-1.679148
-0.534058
-0.840085
-0.848940
0.917741
1.416547
1.440048
1.965250
0.201804
-2.595867
-1.406670
-0.549895
-1.134021
0.323398
0.070844
-1.310451
-0.451463
-0.124659
-0.855923
0.252042
1.313516
1.195499
1.678637
1.142876
-1.775537
-2.076285
0.001022
-0.810453
-0.216791
0.560624
-1.006467
-0.855412
-0.034741
-0.594173
-0.333786
1.142706
1.223939
1.277072
1.303639
-1.209804
-3.120048
-1.027925
-0.723941
-0.937666
0.458275
-0.564201
-1.600640
-0.357628
-0.451803
-0.916890
0.498635
1.134362
1.184600
1.531669
0.109502
-2.815213
-1.839399
-0.510216
-1.253741
0.000000
0.092813
-1.331908
-0.863586
-0.259025
-1.005105
-0.117166
1.002380
1.060281
1.515320
1.215764
-1.676594
-2.572536
-0.574589
-1.067434
-0.754254
0.359842
-1.068796
-1.268217
-0.236034
-0.691754
-0.557048
0.849281
1.060963
1.072373
1.206568
-0.914165
-3.046308
-1.286439
-0.654629
-1.053640
0.438690
-0.356095
-1.721382
-0.758171
-0.520093
-0.927448
0.350135
1.221044
1.209634
1.646451
0.547682
-2.591610
-2.059596
-0.412634
-1.133680
-0.046492
0.209297
-1.362051
-0.825950
-0.008856
-0.629766
-0.036103
1.257828
1.194988
1.438345
1.304661
-1.394238
-2.780472
-0.641346
-0.896454
-0.824247
0.417233
-0.818968
-1.298870
-0.246082
-0.459978
-0.509194
1.018047
1.333100
1.574925
1.738412
-0.302621
-2.869878
-1.284395
-0.608308
-1.175574
0.196014
-0.118698
-1.523835
-0.777415
-0.482798
-1.176255
0.114271
1.128060
1.027243
1.556192

