1.614434
2.999817
2.006633
0.936644
1.635211
-1.164334
-4.070486
-1.863922
-2.215249
-1.620054
-0.158208
-0.454869
-0.647136
1.477684
1.015663
0.850133
2.845185
2.343825
0.956740
1.107454
0.039509
-4.121406
-2.898659
-1.879590
-2.337864
-0.595876
-0.403949
-1.233646
0.332935
1.217808
0.191927
2.148662
2.683742
1.487051
0.917741
1.185111
-2.810955
-3.927605
-1.580375
-2.266169
-1.020432
0.026737
-0.785589
-0.073229
1.643896
0.596898
1.534564
3.087521
2.211673
0.915698
1.448563
-0.838212
-4.230227
-2.124991
-2.245903
-1.933575
-0.433411
-0.556537
-0.892196
0.985520
1.004764
0.563349
2.546821
2.356086
1.062666
1.045125
0.533887
-3.751857
-3.078324
-1.632486
-2.365964
-0.648158
-0.152588
-1.006126
0.416722
1.521962
0.344174
2.082075
2.894742
1.654455
0.826291
1.376867
-2.271448
-4.073211
-1.568283
-2.097913
-1.096555
0.069823
-0.579527
-0.452484
1.528774
0.606946
0.991651
2.742325
1.944133
0.670467
1.024348
-0.873463
-4.537276
-2.615792
-2.290692
-2.311468
-0.452144
-0.514133
-1.029457
0.932387
1.204184
0.687667
2.769061
2.686807
1.334293
1.134191
0.906672
-3.293582
-3.197023
-1.433747
-2.137252
-0.737735
0.030824
-0.836168
0.357287
1.712867
0.502041
1.948561
3.002031
1.755272
0.851325
1.394067
-1.752036
-4.104546
-1.857962
-2.242497
-1.581737
-0.178984
-0.847408
-0.888450
1.192604
0.672170
0.888280
2.703837
2.230236
0.901222
1.149859
-0.193460
-4.133667
-2.570152
-1.814876
-2.045461
-0.210830
-0.053133
-0.725814
0.783035
1.321520
0.509535
2.513783
2.663646
1.356772
1.018558
1.026051
-3.028427
-3.647123
-1.612561
-2.383164
-1.082931
-0.170129
-0.952823
-0.078338
1.597575
0.406504
1.523495
2.865451
1.744032
0.697204
0.989097
-1.638447
-4.468305
-1.939705
-2.154623
-1.775026
-0.156845
-0.473431
-0.754425
1.409905
1.212018
1.053980
3.007139
2.628054
1.276221
1.485688
0.490120
-3.781319
-2.637080
-1.590252
-2.263614
-0.541380
-0.196184
-0.976665
0.514984
1.359326
0.389474
2.130440
2.762079
1.362562
0.758341
1.090254
-2.789327
-4.083599
-1.721042
-2.426931
-1.268046
-0.064203
-0.823055
-0.290189
1.521451
0.552280
1.318455
2.939020
2.093656
0.988926
1.473257
-1.001358
-4.296132
-2.004930
-1.908541
-1.760210
-0.098944
-0.284740
-0.711169
1.365117
1.180853
0.804492
2.835989
2.469165
0.990970
1.014641
0.333786
-3.983293
-3.381116
-1.821177
-2.392360
-0.823566
-0.334808
-1.088721
0.122445
1.303128
0.323398
2.088547
2.897978
1.710824
1.051256
1.522473
-1.974787
-3.872599
-1.690047
-2.147130
-1.163994
0.108480
-0.529630
-0.364610
1.630783
0.651734
1.162120
2.899170
2.098935
0.933409
1.348257
-0.463384
-4.129921
-2.298355
-1.961674
-2.018384
-0.326123
-0.460999
-0.925745
0.909737
1.064539
0.431197
2.405814
2.505609
1.102856
1.009192
0.768900
-3.528936
-3.461157
-1.554489
-2.232790
-0.688689
-0.056028
-0.826120
0.325441
1.709972
0.599793
2.096721
3.100634
1.816750
0.913995
1.426595
-1.739604
-4.236868
-1.710483
-2.133335
-1.532691
-0.154972
-0.641857
-0.575440
1.426935
0.718662
0.980922
2.808230
2.191237
0.851836
1.134532
-0.207765
-4.185779
-2.603531
-1.864433
-2.125842
-0.425407
-0.302962
-0.927959
0.949076
1.374824
0.482287
2.501181
2.845866
1.498461
0.998804
1.048531
-3.016676
-3.757307
-1.621928
-2.254077
-0.836849
0.028440
-0.693628
0.071866
1.810449
0.428643
1.621417
3.075089
1.912458
0.987053
1.366990
-1.268046
-4.285744
-1.993690
-2.274684
-1.880101
-0.119720
-0.527416
-0.816754
1.317603
1.002210
0.860350
2.950941
2.381802
0.924553
1.066072
0.125851
-3.982782
-2.873455
-1.645940
-2.287797
-0.616993
-0.369208
-0.883852
0.569139
1.469680
0.530652
2.380780
2.879926
1.535586
1.030479
1.325096
-2.579178
-3.922837
-1.550402
-2.310957
-1.229388
-0.181028
-1.018388
-0.504936
1.368863
0.381810
1.182386
2.898318
1.990625
0.830378
1.384531
-0.873634
-4.290002
-2.105917
-2.079691
-1.707077
0.019584
-0.203167
-0.683240
1.122952
0.992162
0.667913
2.645595
2.492326
1.079014
1.116140
0.711850
-3.765311
-3.029278
-1.608133
-2.290181
-0.684432
-0.231266
-1.070329
0.279631
1.602003
0.391006
1.978363
2.844845
1.503740
0.743355
0.871420
-2.521447
-4.401207
-1.940046
-2.479553
-1.589230
-0.267029
-0.821522
-0.604732
1.589230
0.952142
1.487221
3.065893
2.256121
1.024859
1.531839
-0.114441
-3.905467
-2.048526
-1.828671
-2.016510
-0.343663
-0.321354
-0.752722
0.836849
1.035588
0.298534
2.257994
2.418927
1.132659
0.812156
0.751359
-3.457410
-3.560271
-1.647132
-2.332415
-0.842128
-0.058072
-0.788655
0.188521
1.734665
0.437328
1.984153
3.052098
1.887594
0.894070
1.339572
-1.613072
-4.130261
-1.652752
-2.152239
-1.508508
0.018903
-0.460659
-0.534739
1.479898
0.856604
1.182386
2.986022
2.457755
1.076460
1.298870
-0.085320
-4.187993
-2.778769
-1.877206
-2.148833
-0.583444
-0.520263
-1.106092
0.532866
1.106262
0.242335
2.304316
2.712693
1.202141
0.851495
1.187325
-2.910410
-3.585134
-1.674891
-2.294609
-0.973599
0.103712
-0.688008
-0.063351
1.708950
0.340087
1.634870
3.072023
2.054998
0.985009
1.566240
-1.196010
-4.234655
-1.858132
-2.202136
-1.887083
-0.267369
-0.607456
-0.740290
1.184089
0.686646
0.444991
2.590588
2.175740
0.793764
1.028095
0.096219
-4.018545
-2.931356
-1.672677
-2.183233
-0.478029
-0.237056
-1.125336
0.489439
1.511233
0.453847
2.378055
3.021104
1.605579
0.929662
1.214232
-2.634014
-3.939697
-1.725810
-2.241816
-1.158885
0.171832
-0.609159
-0.226157
1.643556
0.478881
1.283884
2.892528
2.052273
0.901393
1.509701
-0.864438
-4.359654
-2.276216
-2.311638
-2.225978
-0.545979
-0.637770
-1.019750
1.053129
1.020091
0.508683
2.573899
2.431359
0.997782
0.826461
0.575781
-3.673349
-3.114598
-1.600129
-2.252034
-0.554834
-0.136409
-0.943967
0.276566
1.575606
0.285421
1.977171
2.910239
1.659053
0.749826
0.971045
-2.295801
-4.288469
-1.827989
-2.431870
-1.408373
0.000851
-0.687497
-0.565052
1.456738
0.713723
1.278434
3.028938
2.188001
0.874145
1.223087
-0.410931
-4.225629
-2.464226
-2.076456
-2.143042
-0.329869
-0.294958
-0.907183
0.965425
1.320158
0.670297
2.500670
2.715077
1.314878
1.058749
0.999314
-3.219843
-3.345694
-1.663140
-2.413307
-0.952653
-0.213555
-1.105581
-0.047513
1.464912
0.266859
1.570497
2.700942
1.746075
0.708784
1.168081
-1.752887
-4.189866
-1.791034
-2.177443
-1.507998
-0.013794
-0.349794
-0.603029
1.450096
0.815562
1.067264
3.015995
2.392360
1.120397
1.347406
0.119209
-4.177604
-2.810614
-1.785415
-2.105406
-0.427961
-0.093494
-0.782354
0.805684
1.364946
0.351157
2.294098
2.682720
1.329865
0.742674
0.986712
-3.004926
-3.798349
-1.736879
-2.617495
-1.238414
-0.365291
-0.938177
-0.119209
1.630102
0.614439
1.668419
3.060784
1.982280
0.873804
1.411438
-1.118694
-4.163470
-1.766000
-1.970700
-1.673528
-0.210149
-0.479903
-0.758682
1.321861
0.945841
0.776734
2.736364
2.468995
1.066412
1.040527
0.199080
-4.124982
-3.205538
-1.984494
-2.224275
-0.528949
-0.020947
-0.815902
0.620059
1.359156
0.082595
1.999651
2.857447
1.573392
0.918763
1.292229
-2.475807
-3.854547
-1.687833
-2.452135
-1.177617
0.062840
-0.554664
-0.072036
1.835653
0.834806
1.564026
3.126689
2.104385
0.770603
1.249995
-0.906672
-4.448380
-2.207926
-2.024514
-1.954521
-0.412294
-0.614268
-1.098939
0.994205
1.004764
0.677620
2.749477
2.763101
1.161269
1.125336
0.768559
-3.620727
-3.298862
-1.633848
-2.437149
-0.696012
-0.150885
-0.930173
0.241484
1.590933
0.350986
1.886232
3.015144
1.905305
1.034737
1.378741
-1.883847
-3.982953
-1.707588
-2.206053
-1.260723
0.163317
-0.471047
-0.475986
1.436642
0.536101
0.942775
2.843482
1.969167
0.640324
1.024008
-0.524010
-4.459279
-2.668244
-2.048697
-2.290692
-0.530481
-0.427961
-0.996590
0.951801
1.449755
0.611544
2.583776
2.783026
1.486029
1.035758
0.966958
-3.155470
-3.538132
-1.559939
-2.373457
-0.816584
-0.107629
-0.936134
-0.009026
1.650197
0.546489
1.698392
3.052269
1.832928
0.740460
1.294272
-1.637936
-4.539660
-2.139296
-2.422333
-1.987730
-0.284910
-0.741311
-0.870739
1.112734
0.596387
0.826120
2.819129
2.293246
0.950098
1.176255
0.168596
-3.985848
-2.700942
-1.720360
-2.027750
-0.191927
0.101158
-0.591448
1.103878
1.878057
0.823736
2.521958
3.061465
1.729897
1.126357
1.320498
-2.670118
-3.630093
-1.575266
-2.376522
-1.105922
-0.147138
-0.898157
-0.429494
1.401561
0.457082
1.341786
2.765315
1.597404
0.470877
0.946181
-1.411949
-4.661083
-2.310787
-2.117838
-1.827138
-0.212193
-0.426599
-0.715426
1.285928
1.085656
1.042911
3.121410
2.948046
1.528433
1.596212
0.868865
-3.386906
-2.745220
-1.447712
-2.001183
-0.389814
0.022990
-0.810112
0.439542
1.420804
0.294106
1.872437
2.631460
1.507998
0.772646
1.165697
-2.465078
-4.187311
-1.847403
-2.675908
-1.579864
-0.149352
-0.935963
-0.511919
1.458270
0.467811
1.014130
2.851146
1.887594
0.768559
1.408713
-0.443629
-4.183905
-2.107791
-1.699414
-1.706396
-0.079359
-0.163828
-0.656332
1.279286
1.399347
0.843150
2.890144
2.814191
1.273496
0.935112
0.618185
-3.555162
-3.445659
-1.752377
-2.341441
-0.845534
-0.230244
-1.167740
-0.025715
1.495225
0.209468
1.758167
2.940212
1.734495
0.792571
1.285246
-1.943963
-4.300901
-1.843316
-2.340589
-1.435110
0.069312
-0.469174
-0.411442
1.646110
0.796659
1.125165
2.995900
2.466100
1.097918
1.465593
0.079870
-4.121576
-2.480234
-1.884358
-2.001524
-0.283548
-0.281504
-0.826631
0.909397
1.305853
0.380618
2.301250
2.528088
1.137938
0.758852
0.784227
-3.306355
-3.806693
-1.816409
-2.598081
-1.117672
-0.228541
-0.995057
-0.125510
1.690047
0.688689
1.821688
3.180163
2.028431
0.938007
1.445498
-1.370566
-4.213878
-1.783371
-1.906667
-1.491479
-0.048365
-0.412464
-0.650542
1.327310
0.786611
0.784908
2.721378
2.445323
1.055343
1.201119
0.172513
-4.000664
-2.958434
-1.995053
-2.448389
-0.566925
-0.317437
-1.123292
0.451974
1.462187
0.438520
2.202477
2.726657
1.463039
0.744207
0.996419
-2.527918
-3.529617
-1.395430
-2.164330
-0.920296
0.275203
-0.483479
-0.059264
1.776729
0.645774
1.617500
3.187656
2.215590
0.988075
1.390321
-1.015323
-4.463877
-2.198560
-2.115965
-1.969848

