1.535756
0.728369
-2.422673
-2.251182
-0.115463
-0.808239
0.079700
0.707933
-1.012768
-0.835657
-0.013113
-0.816754
-0.151055
1.299892
1.300233
1.411608
1.439197
-1.229899
-2.911261
-0.907864
-0.833614
-0.838041
0.417743
-0.723260
-1.536948
-0.380107
-0.568628
-0.849792
0.535250
0.976324
0.992332
1.404285
-0.193630
-2.925566
-1.493011
-0.468152
-1.163823
0.286102
0.157186
-1.348257
-0.643390
-0.171321
-0.715937
0.314883
1.465593
1.372440
1.675572
1.193966
-1.980066
-2.304486
-0.308752
-0.998293
-0.434262
0.353030
-1.204014
-1.262256
-0.206232
-0.978197
-0.751870
0.822885
0.955037
1.065901
1.294613
-1.105922
-3.187146
-1.181194
-0.738246
-1.030479
0.555515
-0.508342
-1.567772
-0.485182
-0.417403
-0.739438
0.730412
1.377038
1.368693
1.822199
0.397648
-2.490623
-1.599278
-0.201464
-1.126357
0.172343
0.297683
-1.349109
-0.688689
-0.042234
-0.691244
0.237226
1.233646
1.078674
1.428468
1.155649
-1.762594
-2.651215
-0.418595
-1.065731
-0.794956
0.343323
-1.152073
-1.362732
-0.195503
-0.659057
-0.497614
1.061644
1.376016
1.499823
1.647132
-0.457764
-2.873966
-1.002039
-0.506129
-0.948054
0.411102
-0.197377
-1.426424
-0.510727
-0.302621
-0.825269
0.437328
1.277753
1.241820
1.804318
0.690562
-2.410582
-1.971892
-0.291041
-1.104730
-0.079359
0.300237
-1.355921
-1.037461
-0.337703
-1.055683
-0.338384
1.134872
0.966447
1.252208
1.148667
-1.471043
-2.718142
-0.607456
-0.724111
-0.588724
0.706741
-0.617674
-1.124144
0.066417
-0.300748
-0.443969
1.023667
1.378570
1.402582
1.606430
-0.261579
-2.793074
-1.385723
-0.451633
-1.058578
0.253916
-0.173024
-1.559428
-0.660760
-0.217983
-0.759363
0.419446
1.337869
1.164675
1.748971
0.962700
-2.164160
-2.223083
-0.439371
-0.878062
-0.263112
0.419106
-1.136065
-0.942264
-0.039169
-0.779799
-0.135388
1.358134
1.371418
1.517194
1.558236
-1.128912
-2.804995
-0.690392
-0.653778
-0.816073
0.620910
-0.580890
-1.491819
-0.448738
-0.626019
-0.933920
0.532695
1.100642
1.076119
1.531328
-0.123126
-2.927099
-1.636233
-0.520945
-1.245056
-0.027248
-0.065225
-1.378741
-0.615290
0.016689
-0.689541
0.275544
1.511063
1.196350
1.661777
1.071521
-1.904113
-2.422844
-0.345196
-0.996079
-0.418936
0.402246
-1.257828
-1.217297
-0.227860
-0.795637
-0.547511
1.004764
1.097407
1.366990
1.555000
-0.805344
-2.924544
-1.082250
-0.814199
-1.113415
0.356095
-0.487907
-1.458270
-0.350135
-0.456572
-0.780310
0.777926
1.353536
1.222066
1.786777
0.382662
-2.604893
-1.786777
-0.158208
-0.987223
0.101668
0.298023
-1.352004
-0.821352
-0.148841
-0.877551
-0.131641
1.227856
1.084975
1.456227
1.159736
-1.729216
-2.669096
-0.527075
-0.885895
-0.480073
0.533717
-1.025030
-1.391172
-0.111205
-0.520263
-0.445672
1.185281
1.351833
1.334633
1.472064
-0.598090
-2.835648
-0.932557
-0.455209
-1.111371
0.431708
-0.162636
-1.374824
-0.554493
-0.200953
-0.729731
0.595706
1.291207
1.271623
1.717125
0.630447
-2.497775
-2.009187
-0.324930
-1.126357
-0.167063
0.249829
-1.414333
-1.046487
-0.308241
-0.968320
-0.256811
1.233135
1.268557
1.445838
1.396622
-1.451969
-2.779620
-0.542913
-0.685113
-0.530141
0.722408
-0.719684
-1.379251
-0.295639
-0.627722
-0.644582
0.808750
1.321520
1.350812
1.572030
-0.285081
-2.902916
-1.349109
-0.460659
-0.963892
0.346388
-0.026226
-1.413652
-0.537804
-0.207594
-0.822374
0.380278
1.328162
1.145090
1.633167
0.797680
-2.275535
-2.248628
-0.383513
-1.067093
-0.358650
0.345537
-1.141344
-0.980071
-0.117677
-0.713212
-0.177281
1.267024
1.301595
1.610007
1.519408
-1.025030
-2.667052
-0.703335
-0.710317
-0.845024
0.449419
-0.701972
-1.537800
-0.384024
-0.629766
-0.780651
0.649520
1.203844
1.137257
1.639298
-0.130279
-2.864429
-1.512596
-0.333616
-1.173019
0.209468
0.176430
-1.243353
-0.611884
-0.168255
-0.869206
0.253405
1.469680
1.235349
1.592125
0.924553
-1.969167
-2.402067
-0.401906
-1.055343
-0.336681
0.456912
-1.111882
-1.121930
-0.012091
-0.632320
-0.347921
1.122100
1.139300
1.228877
1.404456
-0.971896
-2.925396
-0.847919
-0.800576
-1.063347
0.332083
-0.673362
-1.631294
-0.612225
-0.507321
-0.861543
0.700610
1.327481
1.286609
1.771280
0.402417
-2.594675
-1.789502
-0.248637
-1.258169
-0.143903
-0.098603
-1.632316
-0.923872
-0.400543
-1.105070
-0.101668
1.299041
1.347065
1.615456
1.156330
-1.819474
-2.824238
-0.585147
-0.814029
-0.302110
0.559943
-1.091276
-1.436642
-0.299215
-0.630617
-0.756127
0.943286
1.189879
1.307385
1.507316
-0.520434
-2.804824
-1.056024
-0.495400
-1.025370
0.470366
-0.240122
-1.288142
-0.343834
-0.144584
-0.781843
0.619888
1.284906
1.061133
1.512425
0.579698
-2.475977
-2.041033
-0.289338
-1.078333
-0.159570
0.103542
-1.494203
-0.988926
-0.079530
-0.849451
-0.121764
1.206739
1.209634
1.412289
1.081228
-1.565899
-2.880096
-0.759704
-1.015152
-0.808239
0.516857
-0.886066
-1.507146
-0.378234
-0.665528
-0.563008
0.962530
1.393216
1.450607
1.822540
-0.214406
-2.740962
-1.265321
-0.295128
-0.943967
0.529970
0.063351
-1.284054
-0.555345
-0.323057
-1.014641
0.261409
1.136746
0.941072
1.551594
0.591959
-2.356768
-2.399683
-0.462191
-1.199416
-0.367505
0.265666
-1.389469
-1.037972
-0.049216
-0.644752
-0.261239
1.105922
1.226493
1.418931
1.352344
-1.200438
-2.756970
-0.592811
-0.608478
-0.734500
0.548874
-0.506469
-1.245226
-0.277417
-0.355244
-0.581741
0.960827
1.364435
1.411608
1.782519
0.055007
-2.768380
-1.560450
-0.521115
-1.201970
0.072036
-0.133344
-1.559768
-0.745910
-0.442607
-1.099961
0.103201
1.292910
1.288823
1.662970
1.079014
-2.003057
-2.349445
-0.336681
-0.859840
-0.242676
0.661952
-0.965766
-1.006808
-0.037125
-0.638962
-0.394412
1.143387
1.342807
1.572200
1.621587
-0.741652
-2.782345
-0.870058
-0.613076
-0.990289
0.305005
-0.552620
-1.448733
-0.341960
-0.300407
-0.792061
0.654118
1.138108
1.005786
1.505443
0.156334
-2.744538
-1.740285
-0.317267
-1.229388
-0.007663
0.007663
-1.464912
-0.852857
-0.178133
-0.833273
0.187159
1.456738
1.396622
1.720871
1.336166
-1.690899
-2.370392
-0.272649
-0.883511
-0.348432
0.580038
-0.892878
-1.065731
-0.076464
-0.673022
-0.445502
1.058749
1.336336
1.376186
1.620054
-0.668083
-3.059251
-1.194136
-0.469514
-0.981944
0.402587
-0.490291
-1.570668
-0.616653
-0.484160
-1.049553
0.377893
1.150881
1.037632
1.444987
0.449589
-2.549035
-1.945666
-0.342642
-1.005275
0.087363
0.375509
-1.310621
-0.695160
0.066076
-0.719343
-0.082765
1.291207
1.073054
1.405478
1.125676
-1.730578
-2.743176
-0.586339
-0.925575
-0.845875
0.407696
-1.005105
-1.427957
-0.334297
-0.693628
-0.732286
0.872782
1.169273
1.228026
1.546315
-0.429324
-3.014803
-1.345873
-0.527075
-1.073905
0.280482
-0.180176
-1.412971
-0.509364
-0.216620
-0.922850
0.484330
1.468488
1.411779
1.771961
1.080717
-2.152068
-2.142532
-0.215428
-0.831911
0.181879
0.629425
-1.082080
-1.025711
-0.120061
-0.797510
-0.349283
1.051596
1.151391
1.436642
1.207590
-1.292058
-2.932038
-0.888790
-1.000336
-0.911100
0.419446
-0.771284
-1.352685
-0.196695
-0.416722
-0.715426
0.965936
1.268217
1.192604
1.511403
-0.034911
-2.780812
-1.520259
-0.249829
-1.081909
0.144073
-0.099966
-1.463209
-0.696523
-0.120231
-0.758341
0.441756
1.411779
1.298700
1.698903
0.977346
-2.083267
-2.317599
-0.489950
-1.092809
-0.413316
0.421660
-1.187154
-1.246589
-0.242676
-0.976154
-0.591448
1.055854
1.090084
1.474619
1.636062
-0.826802
-2.841439
-0.706230
-0.460659
-0.759533
0.674214
-0.238078
-1.204184
-0.258344
-0.317778
-0.753743
0.717640
1.294272
1.189368
1.688685
0.275544
-2.667393
-1.659053
-0.280482
-1.019069
0.135217
0.156164
-1.503570
-0.767367
-0.042064
-0.768389
0.065735
1.249143
1.066583
1.429660
0.949247
-2.031156
-2.558231
-0.382492
-0.826972
-0.438350
0.697374
-0.860010
-1.099621
-0.098773
-0.555856
-0.388963
1.197542
1.357453
1.524346
1.800231
-0.533376
-2.880607
-1.033545
-0.673192
-1.182386
0.263112
-0.553983
-1.457930
-0.533547
-0.554664
-1.001699
0.452484
1.248462
1.024689
1.492841
0.334297
-2.510718
-1.969337
-0.347069
-1.044103
0.095027
0.319651
-1.315900
-0.709636
-0.069823
-0.741311
-0.008345
1.463039
1.329524
1.708950
1.430852
-1.487221
-2.512421
-0.315734
-0.756298
-0.537123
0.513792
-0.907864
-1.197713
-0.076464
-0.524691
-0.586510
0.946862
1.161950
1.078333
1.535927
-0.443288
-3.005777
-1.416717
-0.625168
-1.229218
0.237908
-0.257322
-1.478876
-0.520263
-0.117506
-0.713893
0.463554
1.455886
1.429319
1.851831
0.940902
-2.204861
-1.866647
-0.257662
-1.028436
-0.112397
0.472069
-1.191752
-1.070159
-0.339746
-1.037802
-0.472069
0.982966
1.004934
1.292740
1.234157
-1.415525
-3.027575
-0.817605
-0.875848
-0.897646
0.410931
-0.805514
-1.491138
-0.518560
-0.693457
-0.882319
0.730583
1.253401
1.198394
1.546826
-0.039509
-2.802270
-1.393046
-0.298875
-1.001869
0.437498
0.217472
-1.272474
-0.378064
0.278779
-0.603710
0.491823
1.572541
1.360689
1.637595
0.980411
-2.075093
-2.216952
-0.272819
-1.055513
-0.522477
0.334467
-1.292399
-1.455035
-0.354733
-0.927619
-0.512770
0.997101
1.155138
1.423700
1.508508
-0.971556
-2.947024
-0.934431
-0.719854
-0.905480
0.435625
-0.519412
-1.442092
-0.312328
-0.467641
-0.889131
0.701121
1.335144
1.553638
1.827478
0.300748
-2.624478
-1.757996
-0.288486
-1.083783
0.219175
0.296150
-1.399347
-0.766345
-0.240632
-0.994376
-0.135047
0.975983
1.080206
1.636062
1.130615
-1.744883
-2.464056
-0.425577
-0.852857
-0.637259
0.382492
-0.997101
-1.140152
-0.014135
-0.586169
-0.413486
1.176085
1.247610
1.294102
1.512085
-0.526394
-2.788986
-0.816584
-0.404290
-0.832592
0.665188
-0.256130
-1.351833
-0.334978
-0.290871
-0.758852
0.582593
1.294613
1.193285
1.698051
0.478200
-2.590077
-2.066748
-0.567947
-1.346043
-0.134025
0.322717
-1.297678
-0.902585
-0.188521
-0.761236
-0.067609
1.240458
1.261575
1.713208
1.464231
-1.367501
-2.531324
-0.321184
-0.612225
-0.428983
0.600474
-0.688348
-1.123803
-0.143221
-0.543765
-0.440393
1.106092
1.398836
1.270260
1.560450
-0.308582
-2.800397
-1.243183
-0.422341
-0.866141
0.510386
-0.215428
-1.515491
-0.447716
-0.169958
-0.862735
0.499998
1.430001
1.233816
1.612050
0.755957
-2.385889
-2.346890
-0.366313
-1.042230
-0.140837
0.496932
-0.976835
-0.757660

