0.528778
-3.657682
-3.722736
-1.950094
-2.472741
-0.982455
-0.244379
-0.977516
0.048365
1.588379
0.480243
1.854726
3.029278
1.816579
1.028436
1.416377
-1.692772
-4.069975
-1.643215
-2.140488
-1.346724
0.184945
-0.528097
-0.496932
1.416036
0.826631
1.008681
2.926588
2.186809
0.828675
1.144239
-0.346558
-4.466261
-2.985001
-2.028942
-2.475636
-0.739268
-0.448057
-1.086678
0.590427
1.092638
0.101839
2.199582
2.507312
1.199927
0.992843
1.080377
-2.844674
-3.585305
-1.400709
-2.232960
-0.884363
0.101668
-0.730072
0.167234
1.912628
0.835998
1.882485
3.152234
2.089569
1.021624
1.535245
-1.127379
-4.128899
-1.851150
-2.043928
-1.555852
-0.073058
-0.413997
-0.876529
1.055343
0.634193
0.538145
2.638102
2.293246
0.880957
1.015833
0.200612
-4.206896
-3.115279
-1.822540
-2.273832
-0.620910
-0.152758
-0.821352
0.666721
1.593999
0.395264
2.333607
3.150702
1.621757
0.941924
1.361881
-2.369540
-3.796986
-1.529625
-2.154793
-1.151221
-0.089918
-0.766175
-0.274011
1.641171
0.655821
1.367841
2.957072
2.015829
0.800235
1.295464
-0.929832
-4.407167
-2.384697
-2.147130
-2.124480
-0.363759
-0.706230
-1.035248
1.003231
0.979049
0.536953
2.701283
2.580370
1.199075
1.079185
0.809942
-3.460135
-3.075770
-1.434599
-2.063002
-0.406844
0.202996
-0.675065
0.523329
1.708950
0.406674
2.029112
3.009864
1.812833
0.833103
1.251527
-2.120563
-4.067421
-1.717976
-2.451284
-1.497439
-0.124148
-0.715767
-0.521626
1.487562
0.720024
1.140663
2.893550
2.073220
0.837701
1.257317
-0.524691
-4.357951
-2.411774
-2.062661
-2.118860
-0.311817
-0.303132
-0.866141
0.928470
1.249143
0.616653
2.656834
2.747434
1.321520
1.012598
1.086167
-3.095354
-3.359318
-1.524346
-2.469335
-0.732456
-0.064203
-0.875677
0.089407
1.651730
0.515836
1.725129
2.836159
1.663991
0.715937
1.129423
-1.778773
-4.323721
-1.902751
-2.201285
-1.599107
-0.148160
-0.510556
-0.710998
1.311132
0.747613
0.982795
2.984830
2.343825
1.128060
1.337528
0.047684
-4.135370
-2.643551
-1.602513
-1.995223
-0.216450
-0.125340
-0.866992
0.932387
1.475811
0.543254
2.477339
2.758673
1.528263
0.985350
1.118694
-3.063679
-3.820998
-1.780476
-2.512762
-1.255955
-0.227519
-1.000507
-0.393902
1.485518
0.390155
1.516172
2.864599
1.799549
0.717129
1.403093
-1.229899
-4.209961
-1.825605
-2.009358
-1.690217
-0.117506
-0.435284
-0.622102
1.424040
1.098599
0.871761
2.983809
2.758333
1.300744
1.280137
0.484841
-3.890140
-2.952303
-1.671485
-2.060277
-0.417743
-0.177452
-0.929832
0.436987
1.274858
0.086342
1.987049
2.595186
1.406840
0.765494
1.142876
-2.588885
-4.068443
-1.739434
-2.428974
-1.195158
0.127213
-0.604221
-0.165190
1.680681
0.738757
1.470361
3.072194
2.200263
1.011406
1.418080
-0.803130
-4.206726
-1.991647
-1.760381
-1.767703
-0.235694
-0.419787
-0.725814
1.310451
1.094171
0.724111
2.728871
2.646617
1.051085
0.894921
0.475986
-3.789834
-3.335476
-1.664332
-2.312831
-0.745228
-0.332424
-1.141003
0.129768
1.333100
0.120401
1.905475
2.924885
1.769577
0.962189
1.301425
-2.047164
-4.143374
-1.737561
-2.182722
-1.199416
0.231777
-0.375850
-0.282015
1.608304
0.670127
0.993354
2.881799
2.062321
0.865970
1.221895
-0.580038
-4.386050
-2.646787
-2.168417
-2.361025
-0.510556
-0.544105
-1.021624
0.893899
1.198735
0.415189
2.483300
2.622264
1.099791
0.697885
0.688348
-3.433398
-3.582920
-1.576117
-2.341441
-0.853709
-0.104053
-0.878062
0.201293
1.710824
0.518220
1.959290
3.188848
2.019405
1.047509
1.583099
-1.489946
-4.020248
-1.645088
-2.155474
-1.557895
-0.043426
-0.565733
-0.658546
1.347406
0.862224
0.931876
2.827133
2.165522
0.813178
0.934601
-0.154461
-4.317250
-2.755608
-1.767703
-2.092293
-0.435965
-0.236886
-0.952142
0.794104
1.419101
0.517879
2.516508
2.901724
1.681362
1.081399
1.024178
-3.076281
-3.641844
-1.531328
-2.278090
-0.946011
0.133344
-0.732967
-0.147309
1.521451
0.501020
1.559087
2.916540
1.890659
0.775031
1.274518
-1.419783
-4.520927
-2.103533
-2.164160
-1.981088
-0.264134
-0.589575
-0.889131
1.202141
0.872612
0.837020
2.752372
2.412966
0.992843
1.193626
0.348943
-3.824404
-2.808401
-1.678978
-2.058063
-0.602858
-0.434262
-1.194818
0.356776
1.376016
0.307390
2.084460
2.791711
1.503229
0.972407
1.244886
-2.736705
-4.007646
-1.773664
-2.295119
-0.974791
0.226327
-0.663144
-0.442777
1.284736
0.299556
1.418420
2.797501
2.032348
0.888109
1.397984
-0.994887
-4.337515
-2.080543
-1.988411
-1.831566
-0.184945
-0.254938
-0.729901
1.366479
1.240117
0.850984
2.876690
2.872603
1.376356
1.180172
0.672340
-3.486531
-3.064871
-1.609325
-2.167225
-0.531333
-0.097581
-0.940391
0.320673
1.535416
0.494548
2.131292
2.972398
1.663310
0.879935
1.311472
-2.321516
-4.085473
-1.719168
-2.373968
-1.478706
-0.115633
-0.704697
-0.503915
1.388448
0.554834
1.148837
3.112214
2.348082
1.044103
1.513106
-0.114441
-4.071168
-2.068622
-1.736709
-1.774005
-0.059264
-0.073058
-0.706400
1.163142
1.187154
0.376190
2.372946
2.515997
1.026903
0.652075
0.633853
-3.668751
-3.553288
-1.792567
-2.525534
-0.974451
-0.123978
-0.942264
0.098092
1.728875
0.580209
2.039330
3.002201
1.805680
0.824417
1.328162
-1.754590
-4.118170
-1.649005
-2.077307
-1.406499
0.003065
-0.567436
-0.560795
1.496928
0.792742
1.038313
3.056186
2.423865
0.937837
1.211507
-0.143051
-4.205193
-2.652918
-1.910925
-2.271618
-0.447035
-0.300918
-1.080036
0.680004
1.354899
0.302110
2.282177
2.713033
1.426595
1.052959
1.019069
-2.994537
-3.695318
-1.603365
-2.339738
-0.948225
0.010729
-0.664166
0.011751
1.703330
0.536612
1.764979
3.052780
1.972233
0.915187
1.425573
-1.365628
-4.321166
-1.975809
-2.193110
-1.787799
-0.202996
-0.598601
-0.713553
1.236030
0.826120
0.845024
2.774852
2.408028
1.077482
1.111031
0.199080
-3.962176
-2.915519
-1.735517
-2.217804
-0.640835
-0.242506
-1.000336
0.560284
1.396622
0.349113
2.190896
2.794947
1.487562
0.975983
1.155138
-2.706732
-3.955535
-1.646110
-2.375501
-1.355239
-0.169277
-0.932217
-0.354222
1.543420
0.549725
1.368863
3.028427
1.943452
0.852176
1.226664
-1.146964
-4.517351
-2.276387
-2.114943
-1.718146
-0.055007
-0.378404
-0.911781
1.083612
0.942435
0.590767
2.566746
2.485343
1.106773
1.088381
0.407696
-3.807885
-3.231423
-1.737901
-2.335310
-0.586169
0.012262
-0.723941
0.525543
1.674720
0.491653
2.058404
2.792392
1.530307
0.658546
1.037291
-2.523661
-4.255942
-1.640320
-2.295290
-1.422167
-0.271627
-0.798362
-0.426088
1.546315
0.741993
1.401220
3.085307
2.390827
1.112563
1.541206
-0.328336
-4.059758
-2.178976
-1.752036
-1.817260
-0.285591
-0.513792
-0.971045
0.968661
1.098428
0.407866
2.384015
2.577645
1.139471
0.840085
0.479732
-3.514801
-3.440380
-1.798528
-2.381802
-0.710658
0.077486
-0.833614
0.190224
1.442092
0.296320
1.883847
2.973080
1.775367
0.856604
1.341275
-2.057382
-4.219498
-1.816920
-2.295460
-1.525368
0.033549
-0.543424
-0.483990
1.544441
0.815732
1.073735
2.971717
2.598252
1.098599
1.313516
-0.217642
-4.179989
-2.650533
-2.088547
-2.131121
-0.447205
-0.349624
-0.983477
0.843831
1.275369
0.468493
2.378736
2.838714
1.401390
1.038654
1.134872
-2.869368
-3.433398
-1.456227
-2.424717
-1.048701
-0.144243
-0.841107
0.105926
1.698903
0.600985
1.663310
3.017868
1.920632
0.637259
1.257658
-1.522643
-4.301582
-1.980577
-2.007484
-1.525538
0.038828
-0.406674
-0.576462
1.368182
0.806877
0.857455
2.865280
2.588204
1.258169
1.284225
0.190054
-3.963709
-2.937147
-1.905475
-2.290862
-0.408377
-0.048195
-0.769751
0.610692
1.443965
0.476326
2.255440
2.712693
1.396963
0.775371
1.071862
-2.780472
-4.000664
-1.701968
-2.461331
-1.239777
-0.222240
-0.799383
-0.269243
1.565559
0.549385
1.610858
3.104210
2.158540
1.006978
1.479387
-0.823055
-4.170111
-2.020768
-1.935959
-1.748800
-0.046832
-0.321184
-0.717640
1.366990
1.170124
0.706060
2.731425
2.604042
1.217638
1.125506
0.437668
-3.800903
-2.969674
-1.612902
-2.331734
-0.661101
-0.129768
-1.039675
0.270775
1.444646
0.253916
1.973936
2.701793
1.580885
0.740971
1.211677
-2.448729
-4.217625
-1.735858
-2.226830
-1.404967
-0.103031
-0.771114
-0.429494
1.567091
0.716959
1.266684
2.942766
2.120393
0.802449
1.123973
-0.700440
-4.350458
-2.437319
-2.162286
-2.163649
-0.448397
-0.505447
-0.964403
0.983817
1.202822
0.682047
2.660751
2.621412
1.202651
1.137597
0.859499
-3.389801
-3.331900
-1.423018
-2.311979
-0.803130
-0.118528
-0.893899
0.160592
1.482793
0.168766
1.727172
2.888782
1.691069
0.858818
1.389299
-1.853704
-4.113572
-1.738753
-2.163819
-1.348768
0.005450
-0.519071
-0.444310
1.580545
0.718491
0.961849
2.822876
2.265998
0.916209
1.195839
-0.257662
-4.209110
-2.595016
-1.902580
-2.107791
-0.426258
-0.337022
-1.073395
0.735010
1.310451
0.630787
2.421311
2.764634
1.425743
0.985350
1.012427
-3.086499
-3.611190
-1.486880
-2.294438
-1.090765
-0.221729
-0.976494
-0.061648
1.464231
0.311136
1.576969
2.985001
1.830544
0.632150
1.260212
-1.405137
-4.261392
-1.838548
-2.118179
-1.686982
-0.032868
-0.588724
-0.761066
1.274347
0.909567
0.770092
2.763271
2.484151
1.056535
1.271963
0.140497
-4.099778
-2.772638
-1.712186
-1.998799
-0.182561
0.120401
-0.676598
0.710317
1.550232
0.396286
2.307551
2.905130
1.575095
1.098258
1.412119
-2.556869
-3.717967
-1.464231
-2.315896
-0.934090
0.058753
-0.697374
-0.061989
1.737901
0.554493
1.225812
2.838203
1.947199
0.735181
1.224109
-1.029968
-4.190547
-2.053465
-1.975468
-1.950775
-0.180347
-0.292403
-0.817265
1.317433
1.287120
0.782864
2.778598
2.597570
1.189538
1.105240
0.607116
-3.582750
-2.970866
-1.560960
-2.342122
-0.672851
-0.097070
-0.867333
0.457253
1.605579
0.374147
2.147470
2.943618
1.562834
0.782864
1.201289
-2.403430
-4.219668
-1.819474
-2.265998
-1.268387
0.164168
-0.607797
-0.325441
1.644577
0.662633
1.154627
3.059932
2.303123
1.071181
1.401050
-0.469685
-4.102843
-2.139977
-1.800912
-1.822540
0.091110
0.090940
-0.569139
1.246418
1.595020
0.960146
2.851146
2.874136
1.374143
1.063858
0.721897
-3.518547
-3.497941
-1.738923
-2.418246
-0.920636
-0.277076
-1.112563
0.074761
1.475300

