10.475261
11.608430
12.864215
14.084407
15.246017
16.224044
17.227786
18.112489
19.064290
19.980499
20.652839
21.180766
21.770000
22.374392
22.811890
23.120131
23.025955
22.750582
22.421053
21.871839
21.354641
20.903519
20.353283
19.715173
19.226245
18.820422
18.550158
18.274784
17.670734
16.837972
16.088315
15.367951
14.563458
13.867446
12.955495
11.876311
10.630914
9.506430
8.440529
7.464375
6.320647
5.055496
3.745896
2.560956
1.391172
0.011069
-1.439026
-2.971036
-4.496234
-5.753892
-6.717954
-7.440192
-8.177246
-9.060928
-10.006598
-10.784183
-11.496203
-12.215376
-13.083049
-14.022759
-14.989717
-15.687261
-16.173465
-16.674485
-17.090695
-17.813444
-18.537045
-19.187416
-19.782611
-20.244122
-20.651306
-21.434171
-22.139209
-22.520849
-22.701706
-22.717033
-22.265230
-21.722657
-21.207333
-20.559856
-19.662210
-18.627814
-17.599208
-16.668524
-16.015768
-15.340533
-14.895201
-14.561926
-14.170579
-13.915982
-13.709068
-13.427223
-12.902021
-12.229340
-11.583737
-11.040313
-10.771751
-10.398626
-9.531123
-8.623600
-7.501841
-6.334782
-5.261557
-4.280124
-3.506967
-2.655983
-1.893895
-1.199927
-0.826291
-0.351157
0.463213
1.506976
2.620220
3.646953
4.327468
4.833426
5.281312
5.747080
6.504910
7.427931
8.356231
9.015288
9.919575
11.016471
12.223891
13.494832
14.631748
15.715531
16.776834
17.833710
18.796069
19.696951
20.462445
21.050828
21.538564
22.156749
22.792816
23.222140
23.366383
23.116044
22.780895
22.509098
21.955456
21.447284
21.012000
20.433324
20.018816
19.561563
19.249065
19.021034
18.531254
17.710073
16.846316
15.998057
15.181303
14.238187
13.325044
12.290478
11.116266
9.976966
8.767162
7.594654
6.529774
5.264623
3.927095
2.680165
1.512936
0.282015
-1.141684
-2.628905
-4.184416
-5.573034
-6.705523
-7.654428
-8.330856
-9.029763
-9.915488
-10.845321
-11.557341
-12.266976
-13.004882
-13.958386
-14.932667
-15.733412
-16.128847
-16.611985
-16.969272
-17.418861
-18.158981
-18.853630
-19.528185
-19.987992
-20.331485
-20.929916
-21.788052
-22.291626
-22.488832
-22.520849
-22.369964
-21.950006
-21.464314
-20.951373
-20.200014
-19.283124
-18.259287
-17.408814
-16.677039
-16.109773
-15.415805
-14.872210
-14.545066
-14.324188
-14.120000
-13.872215
-13.360126
-12.826749
-12.179443
-11.491265
-11.099747
-10.873931
-10.111502
-9.055649
-7.980381
-6.815536
-5.732775
-4.659891
-3.715754
-2.805165
-2.038649
-1.376356
-0.788314
-0.324930
0.313691
1.266343
2.429996
3.542049
4.379068
4.981586
5.492823
5.918401
6.490776
7.249457
8.136034
9.039640
9.775843
10.792187
11.860984
13.081517
14.292683
15.390260
16.436747
17.676864
18.785000
19.650800
20.409482
21.010297
21.421398
21.930763
22.393295
22.978272
23.283788
23.250750
22.860936
22.555930
22.135462
21.595274
21.128144
20.596981
20.054749
19.690820
19.383090
19.171408
18.878324
18.236467
17.218930
16.304255
15.411377
14.545066
13.726779
12.757097
11.519705
10.350943
9.171111
7.940531
6.866114
5.722216
4.357440
3.016336
1.750503
0.645263
-0.593662
-2.211843
-3.888096
-5.426577
-6.541014
-7.547310
-8.296285
-9.004389
-9.777376
-10.660376
-11.398622
-12.077263
-12.753180
-13.488531
-14.464855
-15.409163
-15.824182
-16.316516
-16.867093
-17.320599
-17.911366
-18.541302
-19.158806
-19.588300
-20.030396
-20.500422
-21.376269
-21.929400
-22.303888
-22.348166
-22.190298
-21.862473
-21.335738
-20.829439
-20.084892
-19.253152
-18.347842
-17.330136
-16.567196
-16.156265
-15.630892
-15.098197
-14.779397
-14.511687
-14.293194
-14.050858
-13.669729
-13.082879
-12.612854
-11.899131
-11.393854
-11.172124
-10.685921
-9.815182
-8.722714
-7.487365
-6.379570
-5.321162
-4.350628
-3.359658
-2.439192
-1.615967
-1.007659
-0.443288
0.128916
1.021794
2.088376
3.321852
4.341262
4.979542
5.470174
6.011895
6.529774
7.224594
8.155959
8.963857
9.723391
10.629041
11.788777
13.106550
14.348030
15.480689
16.604151
17.779725
18.933330
19.920383
20.641088
21.222660
21.681786
22.178718
22.635119
23.171902
23.501260
23.416621
23.068360
22.770677
22.403683
21.857364
21.396705
20.858901
20.243440
19.908633
19.623211
19.283465
18.994638
18.348524
17.426355
16.481195
15.594108
14.749765
13.870341
12.870005
11.788266
10.598728
9.499277
8.324214
7.120201
5.967106
4.780803
3.395591
2.028091
0.699759
-0.617164
-2.022300
-3.705365
-5.147627
-6.356580
-7.380928
-8.109127
-8.705173
-9.299006
-10.315691
-11.167867
-11.901174
-12.499775
-12.977634
-13.905764
-14.915977
-15.549489
-15.899624
-16.372715
-16.913414
-17.480510
-18.160513
-18.816335
-19.409316
-19.902502
-20.202228
-20.999908
-21.763699
-22.257907
-22.392784
-22.266422
-21.902323
-21.493265
-21.132912
-20.425149
-19.610950
-18.755198
-17.818553
-17.046928
-16.472851
-16.024624
-15.412569
-15.088660
-14.697313
-14.419556
-14.341048
-14.045409
-13.458899
-12.907301
-12.316533
-11.653389
-11.263915
-10.850430
-10.074207
-8.994681
-7.805654
-6.549529
-5.624124
-4.611015
-3.557035
-2.671650
-1.895939
-1.205376
-0.701121
-0.056199
0.812837
1.714570
2.878904
4.018205
4.727670
5.220175
5.779266
6.343126
6.941387
7.675716
8.561441
9.289810
10.172980
11.158671
12.309551
13.546773
14.659337
15.800680
16.908986
17.983573
18.995660
19.808326
20.458187
21.019152
21.587099
22.231170
22.603103
23.021357
23.136139
22.851229
22.486789
22.116559
21.754163
21.404028
20.991393
20.390579
19.942352
19.657612
19.370147
19.061055
18.604994
17.784323
16.809361
15.821287
14.990228
14.246872
13.355868
12.236834
11.031968
9.914296
8.570467
7.409539
6.243161
5.059072
3.758328
2.386229
1.058068
-0.283207
-1.584462
-3.196171
-4.917894
-6.272793
-7.282836
-8.055142
-8.897270
-9.636709
-10.476964
-11.189835
-11.874778
-12.611321
-13.278893
-14.131921
-15.077421
-15.741416
-16.001122
-16.395875
-16.878843
-17.560720
-18.169028
-18.626451
-19.018820
-19.574506
-19.871848
-20.502976
-21.215507
-21.661350
-21.878481
-21.831308
-21.503993
-21.126270
-20.779031
-20.256724
-19.422429
-18.585920
-17.729657
-16.872031
-16.253676
-15.791314
-15.356200
-14.927728
-14.517818
-14.350414
-14.254366
-14.036894
-13.616085
-13.073512
-12.557507
-12.011869
-11.591571
-11.159352
-10.533163
-9.649481
-8.475099
-7.206372
-6.023135
-5.059753
-3.981931
-2.993175
-2.168076
-1.354218
-0.693457
-0.175408
0.722068
1.605409
2.728360
3.865617
4.911763
5.324568
5.757298
6.440708
7.045269
7.788113
8.652551
9.500810
10.339362
11.434214
12.558528
13.793537
14.762538
15.848705
16.849211
17.868451
18.789939
19.670895
20.311049
20.680938
21.169186
21.741220
22.243772
22.661175
22.811379
22.647721
22.267614
21.791458
21.444729
21.009105
20.583017
19.841024
19.405229
19.141776
18.928732
18.722841
18.323149
17.676183
16.750097
15.872547
15.000786
14.303752
13.563633
12.647765
11.439664
10.352816
9.255580
8.149828
6.861176
5.684240
4.492317
3.286089
1.966613
0.539337
-0.703335
-2.299547
-3.942592
-5.385876
-6.530625
-7.483959
-8.266653
-9.146077
-9.911231
-10.726111
-11.433704
-12.362685
-13.147252
-13.985293
-14.905759
-15.780926
-16.231367
-16.695261
-17.218079
-17.728635
-18.505199
-19.031082
-19.510984
-19.913231
-20.271029
-20.768132
-21.494968
-21.988835
-22.309678
-22.408451
-21.982193
-21.428381
-20.903690
-20.533970
-19.622360
-18.639054
-17.697641
-16.746862
-16.087975
-15.560899
-15.181133
-14.757940
-14.287404
-13.901847
-13.737679
-13.677733
-13.359955
-12.871538
-12.235131
-11.762721
-11.392662
-11.065687
-10.493823
-9.722028
-8.684056
-7.518360
-6.341083
-5.382470
-4.491636
-3.551756
-2.679314
-1.931020
-1.339912
-0.791550
-0.086171
0.902755
2.030475
3.067255
4.111188
4.797663
5.233799
5.790165
6.451947
7.242305
8.120537
9.005410
9.883472
10.961975
12.184381
13.330664
14.547791
15.663419
16.868966
18.047094
19.032444
20.012515
20.705291
21.197796
21.575008
22.142104
22.726229
23.169177
23.344074
23.310866
22.899423
22.518124
21.952391
21.438769
20.971979
20.403862
19.786528
19.325529
18.992254
18.801008
18.435546
17.844949
17.006227
16.027178
15.125104
14.313459
13.610806
12.741089
11.628015
10.441712
9.260689
8.102315
7.051570
5.920274
4.609142
3.451790
2.232790
0.974451
-0.385216
-1.797335
-3.243855
-4.770926
-5.996398
-6.929636
-7.684742
-8.459432
-9.318931
-10.211808
-10.957888
-11.740753
-12.512377
-13.399805
-14.383793
-15.306302
-15.905585
-16.356196
-16.795397
-17.294203
-18.070255
-18.824680
-19.375937
-19.729648
-20.150627
-20.710400
-21.502290
-22.286517
-22.582497
-22.767271
-22.590160
-22.142955
-21.695920
-21.234070
-20.597662
-19.649608
-18.687078
-17.712457
-16.876459
-16.259296
-15.608924
-15.134471
-14.667852
-14.178242
-13.939483
-13.769014
-13.444424
-12.961796
-12.360300
-11.709929
-11.298146
-10.980027
-10.424171
-9.588514
-8.678777
-7.500308
-6.329502
-5.119358
-4.099778
-3.176757
-2.399002
-1.720701
-1.023837
-0.465087
0.099114
0.983477
1.955203
3.051077
4.021951
4.803794
5.287613
5.782332
6.230218
6.982258
7.890633
8.748599
9.451764
10.412931
11.567388
12.732404
13.930116
15.032632
16.087975
17.296587
18.368278
19.332681
20.276308
20.854473
21.282264
21.741731
22.344589
22.966862
23.406063
23.439782
23.093564
22.656918
22.181102
21.630185
21.122864
20.555258
19.943544
19.393648
18.978119
18.726758
18.446275
18.022060
17.253501
16.327756
15.607561
14.682327
13.802392
13.008629
11.967761
10.711976
9.597370
8.484125
7.341589
6.250654
4.971879
3.781148
2.652407
1.450777
0.123637
-1.247951
-2.653258
-4.061631
-5.303281
-6.463528
-7.270745
-7.960115
-8.772271
-9.581872
-10.307687
-11.036226
-11.749097
-12.621369
-13.621024
-14.542852
-15.369654
-15.879529
-16.333376
-16.860281
-17.380033
-18.098865
-18.831321
-19.272906
-19.846303
-20.273583
-21.002633
-21.828924
-22.392273
-22.692680
-22.749901
-22.450345
-21.956818
-21.554743
-21.128825
-20.406757
-19.462449
-18.359934
-17.363344
-16.727277
-16.192028
-15.637704
-15.257086
-14.779908
-14.381579
-14.081172
-13.891118
-13.451747
-12.845652
-12.160540
-11.548315
-11.172124
-10.766813
-10.003192
-9.062801
-7.934230
-6.738731
-5.481584
-4.388094
-3.460646
-2.664328
-1.817771
-1.182897
-0.762769
-0.252894
0.467300
1.442773
2.447878
3.488915
4.324913
4.939352
5.363907
5.865267
6.413971
7.123607
7.959945
8.698361
9.479693
10.596684
11.716230
12.878350
14.037575
15.116249
16.277518
17.517805
18.603802
19.559179
20.400286
21.031584
21.442005
22.054740
22.810868
23.264715
23.578235
23.401635
23.144654
22.824662
22.334371
21.910157
21.522556
21.083355
20.498378
20.073993
19.833020
19.665786
19.414765
18.839155
17.756735
16.876119
15.984774
14.907292
14.049326
13.008288
11.843273
10.589531
9.317909
8.040667
6.922994
5.689689
4.360335
3.035069
1.832758
0.497273

