14.537743
15.675340
16.959906
18.251964
19.389561
20.220280
20.973512
21.525281
22.042990
22.520338
22.656066
22.589820
22.490365
22.325516
22.068364
21.723168
21.195923
20.725557
20.424468
20.155566
20.031078
19.994123
19.696951
19.107546
18.444232
17.617260
16.782454
15.964167
14.860289
13.675179
12.719461
11.872394
10.949033
10.158845
9.264776
8.302246
7.293054
6.471872
5.689519
4.878555
3.782340
2.404962
0.993695
-0.185456
-1.162291
-2.155474
-3.001349
-3.903253
-4.920619
-5.850622
-6.743159
-7.591077
-8.556502
-9.687628
-10.844810
-11.757272
-12.557677
-13.362169
-14.310224
-15.326568
-16.405242
-17.211437
-17.827068
-18.555607
-19.069740
-19.907951
-20.748377
-21.456991
-21.982193
-22.264208
-22.390570
-22.740194
-22.866726
-22.652660
-22.299971
-21.892616
-21.256890
-20.582165
-20.067692
-19.518648
-18.808501
-18.013716
-17.388548
-16.955648
-16.717911
-16.329799
-15.993629
-15.506574
-14.668192
-13.780934
-12.943915
-12.155431
-11.326075
-10.582890
-10.012388
-9.537935
-9.145737
-8.500814
-7.256610
-5.937815
-4.497085
-3.164325
-2.145427
-1.213380
-0.432219
0.503915
1.494884
2.472401
3.086499
3.549371
4.146099
4.799196
5.440542
6.124973
6.788799
7.578305
8.513587
9.467091
10.539804
11.610815
12.445450
13.007947
13.876472
15.022925
16.337122
17.718588
18.859931
19.754342
20.434346
21.098001
21.584204
22.061382
22.446258
22.599186
22.541625
22.467205
22.344078
22.005524
21.559341
20.962443
20.581824
20.479475
20.307473
20.207848
20.115376
19.638879
19.118105
18.302713
17.422438
16.632761
15.657289
14.520543
13.524464
12.625967
11.763402
10.809898
9.839194
8.850438
7.818256
6.963355
6.049020
5.101647
4.179307
2.907174
1.416377
0.110524
-1.030479
-2.006122
-2.948897
-3.792899
-4.747936
-5.697182
-6.616116
-7.619858
-8.507116
-9.489059
-10.636704
-11.758464
-12.546948
-13.335773
-14.090027
-15.045404
-16.079460
-17.014401
-17.546245
-18.239702
-18.787384
-19.331319
-20.241397
-20.998376
-21.604129
-21.942002
-22.070408
-22.285666
-22.677183
-22.628478
-22.286006
-21.842037
-21.419014
-20.791122
-20.188945
-19.686392
-19.042833
-18.340009
-17.681122
-17.315831
-17.069408
-16.964504
-16.559362
-15.990394
-15.357562
-14.571462
-13.681820
-12.818575
-11.890956
-11.174509
-10.548489
-9.972709
-9.541171
-9.102821
-7.956028
-6.480047
-5.015135
-3.607443
-2.515486
-1.534905
-0.681026
0.280142
1.218149
2.190896
3.059932
3.651381
4.184246
4.755088
5.404438
6.046465
6.725448
7.501670
8.484125
9.461301
10.496208
11.427402
12.289115
13.034684
13.659852
14.683689
15.813283
17.167330
18.449170
19.431625
20.110777
20.848002
21.413224
21.796908
22.178718
22.445066
22.445406
22.409984
22.205285
22.017615
21.603618
21.092381
20.531586
20.313944
20.239353
20.158631
20.156928
19.890751
19.337961
18.662555
17.821789
16.965525
16.125441
15.120847
13.906445
12.951919
12.012890
11.114904
10.299172
9.328808
8.175203
7.261038
6.349087
5.392858
4.476649
3.370217
1.902069
0.445672
-0.814710
-1.734325
-2.596549
-3.620216
-4.657337
-5.688497
-6.517683
-7.449559
-8.351292
-9.321826
-10.366440
-11.487177
-12.365920
-13.137034
-13.887201
-14.651162
-15.705654
-16.729321
-17.258269
-17.880542
-18.611635
-19.274439
-19.951378
-20.658629
-21.359580
-21.767276
-21.871158
-22.051164
-22.479125
-22.494112
-22.309167
-21.847486
-21.346297
-20.837103
-20.188263
-19.686392
-19.068037
-18.451214
-17.900978
-17.292329
-16.973870
-16.911881
-16.584056
-16.000441
-15.406098
-14.648608
-13.792855
-12.987001
-12.161732
-11.351279
-10.879040
-10.236672
-9.711981
-9.262902
-8.422647
-7.152898
-5.684921
-4.174709
-3.014292
-2.001524
-1.099961
-0.100647
0.884533
1.906497
2.754586
3.427608
3.964220
4.584789
5.178111
5.991289
6.753887
7.434913
8.260182
9.289639
10.245698
11.231048
12.250117
13.012205
13.709749
14.592409
15.764066
17.097337
18.320254
19.344091
20.134619
20.856006
21.522556
22.021021
22.332328
22.549459
22.559507
22.549459
22.364344
22.252628
21.891935
21.312407
20.678554
20.342384
20.281076
20.130192
20.128489
19.911357
19.351414
18.857547
18.099717
17.161029
16.318730
15.251126
14.130388
13.137886
12.235982
11.371374
10.441371
9.463004
8.434738
7.456882
6.638595
5.729198
4.773481
3.712348
2.432040
0.923020
-0.507321
-1.718146
-2.696174
-3.573724
-4.605566
-5.496059
-6.357942
-7.293224
-8.202280
-9.068762
-9.964705
-11.222022
-12.219804
-13.018165
-13.660874
-14.185395
-15.194416
-16.344275
-17.117602
-17.614024
-18.247196
-18.957513
-19.536018
-20.214319
-20.946264
-21.523578
-21.802017
-21.882398
-22.269317
-22.483213
-22.370986
-21.936893
-21.416630
-20.837443
-20.349537
-20.008428
-19.408975
-18.777507
-18.201215
-17.578942
-17.219952
-17.086438
-16.929422
-16.410521
-15.960421
-15.129532
-14.213834
-13.466052
-12.591907
-11.720998
-11.086464
-10.601793
-9.979350
-9.491273
-8.764097
-7.569960
-6.047658
-4.513264
-3.122091
-2.217122
-1.259191
-0.221389
0.720194
1.718487
2.692597
3.429822
4.102843
4.745381
5.201953
5.874293
6.630250
7.275002
7.999454
9.015969
10.067054
10.985136
11.874267
12.713160
13.347864
14.208896
15.243462
16.433852
17.777511
18.883773
19.793170
20.501273
21.121332
21.659647
21.942513
22.159474
22.246497
22.258418
22.189787
21.828243
21.581820
21.153348
20.596470
20.166976
20.057985
20.056282
20.131384
20.025117
19.501107
18.915789
18.229144
17.407792
16.617945
15.752486
14.746189
13.698510
12.669734
11.809213
10.993992
10.020392
8.955172
7.880415
7.077456
5.987031
5.090748
4.040514
2.776555
1.293761
-0.197547
-1.476152
-2.511910
-3.327642
-4.262584
-5.396945
-6.368501
-7.234812
-8.151020
-9.224245
-10.276352
-11.357069
-12.204136
-12.982062
-13.732910
-14.442716
-15.373230
-16.435896
-17.236982
-17.642805
-18.195425
-18.865892
-19.613164
-20.248720
-20.736967
-21.109070
-21.539586
-21.595444
-21.885804
-22.060190
-21.915776
-21.554061
-21.061897
-20.462445
-19.954784
-19.605330
-19.172260
-18.492596
-17.882926
-17.372881
-16.949517
-16.814300
-16.705479
-16.406434
-15.920571
-15.153204
-14.387710
-13.635669
-12.863193
-12.052059
-11.397770
-10.929448
-10.458401
-9.945631
-9.219646
-8.164474
-6.803785
-5.242143
-3.796986
-2.685104
-1.828841
-0.814881
0.182901
1.169784
2.278090
3.190041
3.818614
4.530804
5.035230
5.652734
6.371226
7.317747
7.973739
8.898803
10.140112
11.120864
12.052400
12.826579
13.552734
14.320442
15.409674
16.589165
17.906087
18.940483
19.851412
20.490033
21.120991
21.601064
22.047077
22.288220
22.249052
22.202560
22.078923
21.833863
21.460908
20.970787
20.464999
19.995826
19.682475
19.699165
19.732033
19.707339
19.157614
18.643141
18.062421
17.347676
16.546590
15.660695
14.713832
13.599225
12.684039
11.713505
10.967595
10.134493
9.250811
8.190530
7.346869
6.533350
5.678109
4.552773
3.357274
2.035924
0.691584
-0.600645
-1.779284
-2.571685
-3.556694
-4.581554
-5.583593
-6.513085
-7.493666
-8.495876
-9.649481
-10.697671
-11.722020
-12.533324
-13.514587
-14.359270
-15.260151
-16.264234
-17.242432
-17.834221
-18.474034
-19.205468
-19.903694
-20.661013
-21.261828
-21.674463
-21.955797
-22.107874
-22.280046
-22.544861
-22.443533
-22.165264
-21.752289
-21.034820
-20.378487
-19.826719
-19.596985
-18.873726
-18.124410
-17.477955
-16.894341
-16.620670
-16.415800
-16.167504
-15.651158
-14.898436
-13.968093
-13.156107
-12.496540
-11.731897
-11.063644
-10.435241
-10.068076
-9.675367
-9.147099
-8.162260
-6.991965
-5.530289
-4.107952
-2.884184
-1.997266
-1.148156
-0.177111
0.795296
1.742840
2.588885
3.239938
3.854888
4.507644
5.167042
5.730220
6.532669
7.334777
8.156981
9.208066
10.323865
11.378186
12.306826
13.114384
13.938120
15.012877
16.227790
17.412560
18.632412
19.641263
20.503828
21.257401
21.815981
22.338969
22.661686
22.732530
22.675650
22.626093
22.480488
22.198984
21.687576
21.181447
20.595619
20.286185
20.031588
19.985608
19.942522
19.590173
18.975394
18.231358
17.419543
16.634294
15.762363
14.817885
13.773271
12.722186
11.758634
10.847705
10.036060
9.156806
8.108956
7.164138
6.306342
5.468982
4.649162
3.591776
2.149003
0.863416
-0.391858
-1.522814
-2.503736
-3.336668
-4.127196
-5.145584
-6.091595
-6.972211
-7.932527
-8.992468
-10.123253
-11.219467
-12.068748
-12.880223
-13.634307
-14.558860
-15.575034
-16.620670
-17.337458
-17.979997
-18.609932
-19.155060
-20.128659
-20.971979
-21.463803
-21.719592
-22.057125
-22.320918
-22.714138
-22.934164
-22.651638
-22.241388
-21.720103
-21.068369
-20.539420
-20.079613
-19.562415
-18.746342
-18.081665
-17.461436
-17.031772
-16.856194
-16.485453
-16.062260
-15.431302
-14.463323
-13.601269
-12.767826
-11.946985
-11.177233
-10.540656
-9.998253
-9.644713
-9.175880
-8.325236
-7.099765
-5.787781
-4.347052
-3.107616
-2.005441
-1.101664
-0.213896
0.655140
1.566410
2.604042
3.400530
3.982101
4.592112
5.082744
5.658695
6.292718
7.085289
7.916519
8.974246
9.967259
11.028051
12.066875
12.794563
13.382946
14.291321
15.436070
16.715867
18.034833
19.131729
19.971473
20.765577
21.423272
21.903004
22.427525
22.658450
22.679738
22.592715
22.513015
22.370986
22.069897
21.550144
20.913397
20.470619
20.239353
20.102092
20.083870
19.898244
19.413233
18.730674
17.928566
17.133781
16.275985
15.355689
14.202935
13.092416
12.267317
11.273282
10.247571
9.425538
8.437463
7.330009
6.535224
5.717788
4.802091
3.826959
2.475807
1.130785
-0.058583
-1.183578
-2.227340
-3.109149
-3.853185
-4.711832
-5.551406
-6.561620
-7.466929
-8.400679
-9.478160
-10.577100
-11.487688
-12.295927
-13.044902
-13.947998
-14.933348
-15.847172
-16.733408
-17.364195
-18.010991
-18.759285
-19.440481
-20.275797
-21.073478
-21.505867
-21.850722
-22.009781
-22.342886
-22.661005
-22.663048
-22.396020
-22.057635
-21.477938
-20.857538
-20.423276
-20.066840
-19.489356
-18.808671
-18.045562
-17.510482
-17.320599
-17.146724
-16.710247
-16.220297
-15.377658
-14.390264
-13.464008
-12.649638
-11.824540
-11.084591
-10.425363
-9.868996
-9.409530
-8.758817
-7.577283
-6.251335
-4.755940
-3.396443
-2.168417
-1.191752
-0.369208
0.486544
1.505273
2.481256
3.222738
3.853525
4.436459
5.056858
5.494186
6.044933
6.674188
7.441384
8.297818
9.324891
10.342428
11.256082
12.122222
12.727465
13.409683
14.508281
15.700885
16.954456
18.167155
19.145863
19.972835
20.741224
21.360772
21.829775
22.260632
22.470440
22.410154
22.399936
22.420202
22.159474
21.796567
21.200350
20.734923
20.525285
20.358222
20.378998
20.375081
20.143134
19.526822
18.831151
18.068552
17.331839
16.588484
15.613352
14.351606
13.409512
12.484278
11.381081
10.502679
9.486675
8.425542
7.423673
6.453991
5.451271
4.526377
3.299202
1.851320
0.390496
-0.834635
-2.006803

