13.335603
12.624775
11.890956
11.147772
10.305984
9.376832
8.566039
7.763931
6.972892
6.149156
5.015986
3.679310
2.451624
1.425573
0.509875
-0.184604
-0.920807
-1.681702
-2.449921
-3.431014
-4.448039
-5.473069
-6.679296
-8.007458
-9.190696
-10.179111
-10.978665
-11.658498
-12.562956
-13.523783
-14.302220
-14.968770
-15.609094
-16.096830
-16.710758
-17.435891
-18.251623
-18.836941
-19.224371
-19.449847
-19.750254
-20.101581
-20.217044
-20.000083
-19.575528
-19.217730
-18.795218
-18.509967
-18.321446
-17.952919
-17.425673
-16.745670
-16.199521
-15.887703
-15.801532
-15.655245
-15.396050
-14.993634
-14.372383
-13.614382
-12.681995
-11.332205
-9.828806
-8.719478
-7.704326
-7.011550
-6.440708
-5.694628
-4.667555
-3.447873
-2.118519
-1.140492
-0.163998
0.910589
1.938854
2.776044
3.628560
4.303796
4.786934
5.206551
5.717448
6.322690
6.954840
7.580178
8.115087
8.861848
9.522097
10.114738
10.807174
11.286395
11.574030
11.785371
12.090036
12.503181
12.898445
13.275657
13.457537
13.696807
14.350925
14.874935
15.460593
15.969276
16.144684
16.156605
15.929256
15.798467
15.592234
15.388216
14.907462
14.453615
14.325380
14.424494
14.641285
14.832871
14.808519
14.722177
14.638560
14.576401
14.711448
14.882939
14.804602
14.266627
13.756071
13.198512
12.488025
11.780603
10.936260
9.993144
9.108441
8.375474
7.572004
6.705352
5.718981
4.446336
3.012759
1.839229
0.916549
0.116825
-0.585318
-1.423529
-2.209289
-2.995900
-4.080704
-5.209787
-6.353855
-7.654428
-8.801222
-9.912423
-10.791506
-11.508124
-12.332031
-13.292006
-14.151505
-14.879193
-15.516111
-16.168015
-16.744137
-17.397063
-18.093756
-18.651485
-19.164937
-19.537721
-19.720963
-19.977604
-20.170723
-20.006044
-19.603797
-19.072294
-18.629347
-18.211773
-17.934867
-17.613683
-17.202241
-16.729661
-16.066347
-15.563454
-15.383959
-15.414272
-15.277352
-15.050684
-14.505046
-13.856207
-13.116598
-12.055976
-10.536909
-9.279081
-8.233786
-7.332734
-6.771428
-6.205014
-5.391836
-4.246746
-2.868005
-1.696518
-0.774860
0.315223
1.494033
2.513102
3.335135
4.053797
4.616805
5.091429
5.612714
6.191220
6.855726
7.431337
7.999114
8.530106
9.335790
10.124275
10.802405
11.303255
11.677742
11.942046
12.274470
12.577602
12.937273
13.372047
13.618980
13.653551
14.191014
14.871359
15.367610
15.833208
16.050509
16.069753
15.914270
15.722002
15.471663
15.169552
14.810903
14.409167
14.141628
14.090879
14.301198
14.538935
14.612845
14.548642
14.563118
14.530420
14.605863
14.707361
14.792851
14.598199
14.058862
13.550861
12.788432
12.081010
11.352130
10.471344
9.520735
8.889096
8.214031
7.343122
6.379911
5.184412
3.656319
2.315896
1.133510
0.297853
-0.422512
-1.121078
-2.021108
-2.836840
-3.769738
-4.936968
-6.145409
-7.401024
-8.690357
-9.796790
-10.695457
-11.430127
-12.093442
-12.932675
-13.994660
-14.850753
-15.567882
-16.150304
-16.621011
-17.194067
-17.960923
-18.551179
-19.069569
-19.457851
-19.643136
-19.803217
-20.043680
-20.016432
-19.727264
-19.083875
-18.471139
-18.143313
-17.925501
-17.734936
-17.261165
-16.796589
-16.178744
-15.676703
-15.355519
-15.310219
-15.222686
-15.069927
-14.653887
-13.983761
-13.338157
-12.425014
-10.915313
-9.607588
-8.659703
-7.802418
-7.183041
-6.598234
-5.801576
-4.702636
-3.453663
-2.168417
-1.266854
-0.164679
0.911951
2.032007
2.960648
3.661769
4.354375
4.905462
5.470514
5.995716
6.575074
7.330520
8.002179
8.458410
9.184565
10.021073
10.695117
11.295250
11.764594
12.086289
12.394020
12.813977
13.018847
13.489894
13.853482
14.000280
14.308521
14.872551
15.437433
15.985114
16.236816
16.236476
16.068390
15.920401
15.723024
15.497037
15.119655
14.697824
14.290980
14.138392
14.142820
14.401163
14.574357
14.475754
14.354501
14.350755
14.345816
14.382601
14.475584
14.252663
13.780934
13.232061
12.618814
12.008463
11.290312
10.458572
9.582383
8.888756
8.303097
7.577964
6.605898
5.498103
4.136222
2.828666
1.649005
0.802619
0.059775
-0.738416
-1.632316
-2.439874
-3.303800
-4.459960
-5.627530
-6.940365
-8.362872
-9.451083
-10.400670
-11.300530
-11.977979
-12.857062
-13.844967
-14.754704
-15.507936
-16.154051
-16.747713
-17.378841
-18.034322
-18.731867
-19.184181
-19.578593
-19.879852
-20.067351
-20.223856
-20.286015
-20.117419
-19.740207
-19.185543
-18.616574
-18.338987
-17.978804
-17.537219
-17.075028
-16.452755
-15.760830
-15.218258
-15.258448
-15.222856
-15.070609
-14.642477
-13.734443
-13.109275
-12.405259
-11.125462
-9.624277
-8.554629
-7.749796
-7.092101
-6.547485
-5.896091
-4.940374
-3.801584
-2.408198
-1.439878
-0.515836
0.454528
1.559768
2.550057
3.367662
3.951107
4.366466
4.982778
5.535739
6.099599
6.852661
7.492134
8.030960
8.661406
9.625639
10.369846
11.176382
11.797122
12.028217
12.321472
12.720994
13.030767
13.397762
13.909851
14.183692
14.404740
14.887197
15.472514
15.999590
16.447987
16.410010
16.320944
16.230515
15.998057
15.734434
15.423979
14.944758
14.611142
14.434201
14.273780
14.460257
14.698335
14.652354
14.524119
14.519351
14.543874
14.518670
14.487164
14.371020
13.911554
13.468436
12.825046
12.107747
11.454310
10.626316
9.782144
8.991446
8.332559
7.668563
6.738050
5.622080
4.369020
3.101315
2.002716
0.863586
0.172513
-0.538656
-1.392535
-2.287286
-3.153086
-4.126855
-5.202464
-6.421464
-7.852316
-9.139436
-10.135344
-11.033331
-11.779581
-12.511185
-13.437101
-14.430455
-15.338830
-15.985625
-16.506570
-17.057487
-17.748390
-18.449000
-18.914768
-19.483566
-19.710405
-19.912720
-20.068884
-20.080975
-19.930942
-19.583532
-19.028357
-18.365894
-17.968587
-17.805781
-17.494985
-16.951731
-16.336271
-15.842233
-15.423809
-15.233415
-15.035868
-14.889751
-14.682668
-14.087813
-13.485636
-12.784685
-11.610985
-10.050024
-8.896249
-8.061613
-7.522787
-6.981918
-6.226131
-5.249977
-4.252706
-2.894742
-1.809086
-0.826120
0.237737
1.309259
2.326965
3.213031
3.843478
4.247427
4.739080
5.358628
5.943945
6.549869
7.234131
7.852316
8.505413
9.278229
10.102136
10.966233
11.548996
11.900152
12.151854
12.547970
12.925523
13.247728
13.653210
13.995681
14.308180
14.707531
15.219280
15.796764
16.288757
16.452755
16.276666
16.185556
15.989031
15.688113
15.427896
15.013729
14.499256
14.292002
14.105695
14.194420
14.383623
14.592069
14.316354
14.167343
14.316014
14.322315
14.334236
14.247554
13.967752
13.526678
13.026510
12.316193
11.683362
10.785375
9.946483
9.139947
8.499282
7.841928
7.126672
6.085123
4.723413
3.408023
2.246755
1.259191
0.434262
-0.251702
-0.997952
-1.809256
-2.756630
-3.644228
-4.696165
-5.816221
-7.330690
-8.619853
-9.630919
-10.475091
-11.253698
-12.083564
-12.993302
-14.057500
-14.966215
-15.782629
-16.329629
-16.879354
-17.483916
-18.288578
-18.886328
-19.320079
-19.664764
-20.075355
-20.274094
-20.324843
-20.138366
-19.863503
-19.473178
-18.791301
-18.377815
-18.095459
-17.751455
-17.270020
-16.702073
-16.064474
-15.631063
-15.248231
-15.079294
-14.857394
-14.788083
-14.339345
-13.647250
-12.849740
-11.838334
-10.329485
-9.066888
-8.172137
-7.438319
-6.980726
-6.283692
-5.366462
-4.252536
-2.998965
-1.806532
-0.872782
0.171661
1.135894
2.012083
3.002031
3.753390
4.282509
4.520416
5.127192
5.744525
6.347724
7.079159
7.598911
8.163112
8.843456
9.643010
10.488885
11.235816
11.675869
11.871202
12.157815
12.513910
12.975250
13.362680
13.662066
13.976778
14.472008
14.971154
15.572991
16.144003
16.537564
16.471488
16.313110
16.219786
16.052553
15.754359
15.376125
14.940160
14.626639
14.547280
14.593090
14.634643
14.771053
14.714343
14.510495
14.434201
14.489038
14.504194
14.424324
14.104503
13.667345
13.175011
12.502330
11.645555
10.868481
9.967429
9.186268
8.531468
7.818086
7.148130
6.187984
4.918575
3.471375
2.282006
1.292910
0.477348
-0.262090
-0.902414
-1.743691
-2.551079
-3.554991
-4.607609
-5.691903
-6.955181
-8.281640
-9.439673
-10.349240
-11.033842
-11.789628
-12.590545
-13.538088
-14.504875
-15.354838
-16.004869
-16.482898
-17.040798
-17.791305
-18.536534
-19.119126
-19.594942
-19.863674
-20.084892
-20.392111
-20.275457
-20.014899
-19.624574
-19.158295
-18.672773
-18.248899
-18.032108
-17.673288
-17.112323
-16.472680
-15.962975
-15.666315
-15.493120
-15.313625
-15.116249
-14.653717
-14.037575
-13.319935
-12.360641
-10.899646
-9.480374
-8.333070
-7.456541
-6.886380
-6.365095
-5.465405
-4.271950
-3.028257
-1.837867
-0.865459
-0.000170
1.112904
2.106598
3.057889
3.859997
4.403080
4.815034
5.235502
5.843469
6.382465
7.026877
7.605042
8.104358
8.832046
9.551048
10.328293
11.133977
11.574030
11.881079
12.130737
12.423822
12.775319
13.179268
13.436079
13.668878
14.065334
14.619316
15.079464
15.608413
15.987839
16.218594
16.169378
16.023432
15.774284
15.470300
15.244314
14.878171
14.505216
14.421429
14.427900
14.590366
14.725413
14.788594
14.690672
14.625107
14.527014
14.640604
14.737163
14.556306
14.035021
13.566187
12.941531
12.170928
11.399644
10.517154
9.562629
8.865084
8.222376
7.502011
6.715400
5.578654
4.153592
2.755438
1.685619
0.853368
0.177792
-0.504426
-1.371418
-2.232109
-3.177438
-4.237550
-5.311966
-6.500312
-7.800204
-9.052243
-10.063989
-10.803597
-11.529412
-12.236152
-13.178076
-14.142820
-14.788423
-15.515089
-16.171932
-16.635316
-17.295735
-18.113341
-18.674476
-19.125938
-19.514220
-19.769839
-20.129340
-20.181281
-19.908122
-19.560712
-19.196612
-18.756390
-18.289260
-17.996856
-17.631905
-17.298801
-16.758101
-16.197818
-15.845299
-15.681471
-15.544551
-15.399797
-15.070779
-14.603479
-13.986485
-13.099398
-11.959417
-10.497740
-9.262732
-8.304460
-7.483448
-6.869520
-6.220511
-5.074399
-3.927946
-2.604382
-1.489946
-0.523669
0.544446
1.614434
2.590418
3.518888
4.289321
4.810095
5.137239
5.622421
6.194285
6.971700
7.697684
8.216415
8.762734
9.487867
10.151012
10.900668
11.504718
11.893681
12.072495
12.346847
12.655599
13.042177
13.423136
13.606208
13.811248
14.331170
14.858416
15.409333
15.851600
16.186237
16.195263
16.020536
15.779393
15.641281
15.361820
14.902524
14.532294
14.314311
14.347179
14.382430
14.576912
14.682497
14.703103
14.648438
14.681646
14.779908
14.820269
14.807497
14.458554
13.994319
13.575043
12.875795
12.099573
11.288779
10.370357
9.542022
8.899655
8.183547
7.355043
6.424529
5.170107
3.639460
2.351488
1.371418
0.409910
-0.331402
-1.207250
-2.073050
-2.923523
-3.968137
-5.070652
-6.196669
-7.423333
-8.809737
-9.994677
-10.853836
-11.525324
-12.109791
-12.843609
-13.899803
-14.702763
-15.406268
-16.187429
-16.670738
-17.248392
-17.900126
-18.515417
-19.051518
-19.455126
-19.638879
-19.866739
-20.065648
-20.011834
-19.666978
-19.256217

