13.405596
14.119148
14.671598
15.225240
15.693903
16.117266
16.623735
17.077923
17.469100
17.931632
18.372876
19.001109
19.560371
19.941160
20.376614
20.772048
21.279028
21.805082
22.321429
22.659472
22.670371
22.780895
22.728613
22.384950
22.082329
21.653686
21.059172
20.251785
19.784825
19.272225
18.823998
18.331834
17.640250
17.009122
16.492435
15.926702
15.293530
14.685052
13.816186
12.805462
11.837653
10.894537
10.053430
8.921112
7.491623
6.055491
4.658018
3.185953
1.766341
0.314542
-1.395430
-2.954176
-4.333428
-5.601134
-6.531307
-7.406473
-8.535045
-9.937968
-11.282137
-12.621709
-13.891629
-15.198844
-16.532796
-17.775127
-19.006899
-20.218406
-21.116904
-21.863835
-22.532770
-23.431948
-24.109057
-24.771520
-25.508233
-26.260103
-27.008057
-27.540922
-27.770996
-27.713605
-27.594226
-27.247497
-26.842356
-26.497160
-25.994607
-25.430066
-24.665594
-23.896864
-23.245811
-22.644656
-21.978787
-21.169186
-20.084211
-18.995489
-17.757416
-16.666140
-15.631063
-14.231716
-12.881245
-11.724234
-10.569266
-9.523119
-8.613552
-7.274321
-5.829164
-4.238401
-2.691405
-1.439537
-0.325271
0.944819
2.109494
3.427608
4.642350
5.713190
6.535224
7.450240
8.382457
9.100948
9.867975
10.310241
10.732242
11.147431
11.747565
12.498072
13.431140
14.211110
14.755385
15.153715
15.641281
16.116585
16.593593
16.939470
17.230340
17.653874
18.110786
18.675838
19.336087
20.009279
20.377636
20.774433
21.192687
21.691833
22.272042
22.621495
22.770848
22.784642
22.774764
22.587776
22.218568
21.723849
21.054064
20.358903
19.806113
19.202914
18.766097
18.418006
17.912558
17.225402
16.722849
16.193901
15.575205
15.001808
14.272928
13.396399
12.470484
11.647258
10.690348
9.821142
8.610487
7.067067
5.606413
4.237550
2.776384
1.253401
-0.293766
-1.928125
-3.544433
-4.925558
-6.140641
-7.114921
-8.084774
-9.390797
-10.764088
-12.138571
-13.454812
-14.763560
-16.091381
-17.405919
-18.751281
-19.853967
-20.836592
-21.631036
-22.228786
-22.877455
-23.650442
-24.352925
-25.050470
-25.804724
-26.486431
-27.230127
-27.623517
-27.678183
-27.615854
-27.311019
-26.923929
-26.544843
-26.191643
-25.745801
-25.210040
-24.349179
-23.590837
-22.914750
-22.385802
-21.651983
-20.641770
-19.586938
-18.396548
-17.298460
-16.327075
-15.091726
-13.705151
-12.414796
-11.483090
-10.452441
-9.264946
-8.089542
-6.661585
-5.147968
-3.532852
-2.158540
-0.978879
0.172002
1.509530
2.770935
4.022973
5.125999
6.108795
6.924016
7.985149
8.757625
9.486505
9.952443
10.305643
10.622910
11.262212
11.765276
12.546437
13.356720
13.965539
14.453105
14.964512
15.431302
15.845639
16.327585
16.675336
16.959906
17.322813
17.893144
18.521547
19.158806
19.581488
20.076377
20.527329
20.976918
21.587951
22.146872
22.530385
22.600719
22.631202
22.593226
22.402150
22.069216
21.590165
21.003314
20.372527
19.880363
19.354820
19.141436
18.684523
18.087285
17.456668
16.926016
16.372715
15.754870
15.189137
14.268671
13.424669
12.574707
11.405945
10.421106
9.455340
8.120877
6.341764
4.839897
3.493173
2.223424
0.596217
-1.126868
-2.849613
-4.274334
-5.613906
-6.671974
-7.631438
-8.832727
-10.211297
-11.668205
-13.035366
-14.303241
-15.649285
-17.022235
-18.375090
-19.533294
-20.540782
-21.405561
-22.056954
-22.830112
-23.511308
-24.269990
-24.968556
-25.667293
-26.267597
-26.934998
-27.473824
-27.668987
-27.448961
-27.163369
-26.763848
-26.368414
-25.999887
-25.379487
-24.909633
-24.183818
-23.398570
-22.758586
-22.295203
-21.668502
-20.675319
-19.747700
-18.633263
-17.482894
-16.437428
-15.430791
-14.048304
-12.792349
-11.681489
-10.556834
-9.387050
-8.341415
-7.050889
-5.665847
-4.016502
-2.573729
-1.410927
-0.297853
1.014982
2.107109
3.263610
4.512583
5.456890
6.384850
7.144213
8.053098
8.841923
9.648289
10.187456
10.508639
11.160714
11.757612
12.411049
13.284172
14.096158
14.632600
15.172618
15.671594
16.149112
16.672441
17.084394
17.280749
17.589842
18.224716
18.897397
19.458873
20.098516
20.411525
20.731006
21.131890
21.574497
22.063255
22.416115
22.439105
22.376265
22.351912
22.237641
21.974530
21.461248
20.766599
20.042828
19.524268
19.029890
18.685716
18.381221
17.824003
17.169544
16.569921
16.044038
15.526499
14.860800
14.071465
13.100760
12.227467
11.403901
10.424852
9.336301
7.892336
6.439175
5.026715
3.623792
2.159561
0.670127
-0.998122
-2.688851
-3.934588
-5.195992
-6.357431
-7.622242
-8.716924
-9.951081
-11.074543
-12.511185
-14.108930
-15.408482
-16.695942
-18.017122
-19.293513
-20.290273
-21.312748
-22.084713
-22.762673
-23.434332
-24.179050
-24.850709
-25.564262
-26.222467
-26.731150
-27.342354
-27.690274
-27.638163
-27.437551
-27.007546
-26.486431
-26.132039
-25.709867
-25.059836
-24.412870
-23.545027
-22.797244
-22.186041
-21.641084
-20.956142
-19.951207
-18.828767
-17.726932
-16.720465
-15.806300
-14.545747
-13.165474
-11.976617
-10.922125
-9.760857
-8.749621
-7.587331
-6.186111
-4.694802
-2.970695
-1.724618
-0.707933
0.505788
1.880441
3.041710
4.174198
5.264453
6.184067
7.080862
7.938317
8.702959
9.485313
9.951251
10.295766
10.692051
11.457886
12.059893
12.846334
13.599225
14.203787
14.848198
15.313114
15.729836
16.175168
16.629866
16.949688
17.304250
17.848526
18.306289
19.002131
19.628661
20.039252
20.470619
20.835059
21.257401
21.805252
22.377968
22.720780
22.786004
22.798777
22.720780
22.469418
22.158793
21.572794
20.896707
20.225048
19.651992
19.106354
18.681969
18.284491
17.742429
17.075368
16.420739
15.885830
15.363182
14.686925
13.854163
12.887716
12.030091
11.092935
10.055985
9.029593
7.680144
6.159203
4.633495
3.255946
1.820496
0.196014
-1.504592
-3.177268
-4.560266
-5.882638
-6.936107
-7.870027
-9.021418
-10.441882
-11.710269
-13.158492
-14.470645
-15.747717
-17.194918
-18.597160
-19.620487
-20.544188
-21.306787
-22.052016
-22.727421
-23.483379
-24.194036
-24.856159
-25.633574
-26.278155
-26.885441
-27.480977
-27.691296
-27.531896
-27.256523
-26.867730
-26.587248
-26.269129
-25.662524
-25.014196
-24.365187
-23.621661
-22.865704
-22.255523
-21.642957
-20.722491
-19.676685
-18.522910
-17.422438
-16.447306
-15.282120
-13.930627
-12.751477
-11.595828
-10.585274
-9.475776
-8.333240
-7.200411
-5.851133
-4.216092
-2.636058
-1.475130
-0.423193
0.966106
2.131632
3.313337
4.443611
5.534036
6.459781
7.278749
8.014951
8.716924
9.528399
10.072333
10.321140
10.831867
11.580331
12.279579
13.070447
13.779572
14.390775
14.782974
15.239886
15.754019
16.383784
16.852958
17.105511
17.413923
17.919881
18.526997
19.227607
19.806453
20.203420
20.588807
21.026986
21.553721
22.208861
22.640399
22.804737
22.739002
22.784642
22.668668
22.406578
21.917479
21.208525
20.667825
19.857032
19.262518
18.744298
18.338817
18.101760
17.340864
16.752652
16.189643
15.653542
15.015943
14.193910
13.273443
12.384483
11.528730
10.571480
9.565183
8.437293
7.034370
5.528075
4.021781
2.550227
1.016174
-0.445502
-2.239602
-3.815208
-5.025693
-6.145409
-7.204669
-8.226122
-9.408508
-10.797296
-12.149470
-13.540302
-14.867272
-16.169378
-17.475401
-18.792663
-19.933667
-20.864180
-21.628652
-22.323472
-23.071936
-23.784127
-24.438756
-25.185347
-25.784458
-26.360069
-27.009930
-27.556930
-27.568681
-27.626753
-27.375392
-26.746648
-26.503801
-26.083674
-25.505338
-24.868761
-24.168662
-23.395675
-22.723164
-22.136484
-21.462781
-20.577908
-19.474881
-18.232720
-17.127991
-16.254868
-15.126637
-13.627325
-12.342249
-11.165312
-10.067735
-8.955853
-7.936273
-6.595339
-5.175727
-3.455537
-2.044099
-0.934771
0.258173
1.643045
2.826793
3.949063
5.045107
5.894388
6.834609
7.717269
8.504561
9.209769
9.817736
10.166168
10.411228
10.980538
11.733089
12.470654
13.323171
13.884476
14.525311
15.057325
15.518665
15.891279
16.371182
16.764743
17.115389
17.562083
18.077408
18.679585
19.366741
19.802877
20.149946
20.648922
21.105324
21.473851
22.126096
22.546564
22.800480
22.755010
22.733212
22.571257
22.366898
21.905729
21.316835
20.601239
20.083700
19.577912
19.183840
18.734251
18.256221
17.587287
16.945771
16.284840
15.750102
15.206678
14.394692
13.431992
12.517486
11.611836
10.498762
9.476798
8.190359
6.657669
5.212852
3.646272
2.208437
0.766005
-0.875507
-2.552101
-4.040854
-5.283867
-6.347384
-7.418394
-8.491618
-9.786912
-11.082377
-12.468610
-13.834749
-15.062094
-16.437088
-17.808335
-19.082342
-20.051173
-21.002122
-21.686554
-22.451537
-23.124218
-23.880175
-24.399076
-25.267942
-25.953736
-26.570559
-27.133737
-27.601038
-27.595248
-27.480807
-27.149916
-26.716164
-26.387998
-26.031051
-25.465148
-24.779354
-24.200167
-23.338284
-22.650106
-22.087778
-21.420888
-20.545210
-19.514390
-18.342393
-17.391614
-16.396386
-15.171766
-13.702086
-12.585095
-11.425189
-10.328293
-9.187630
-8.076429
-6.805999
-5.214555
-3.544944
-2.047845
-1.003061
0.263453
1.633678
2.805335
3.999642
5.091599
6.030457
6.881441
7.731404
8.528062
9.259326
9.972879
10.265453
10.649647
11.252505
11.929274
12.811763
13.544730
14.168024
14.756748
15.297788
15.703780
16.169718
16.654730
16.937937
17.282282
17.654555
18.205983
18.841709
19.483226
19.938605
20.250252
20.601579
21.135296
21.605662
22.196429
22.586584
22.699492
22.604976
22.674118
22.518635
22.284474
21.724190
21.042483
20.431961
19.958871
19.390413
19.003834
18.644163
18.022742
17.349890
16.846316
16.220638
15.650647
15.081167
14.182499
13.308355
12.469632
11.522600
10.570288
9.511880
8.270741
6.822348
5.336148
3.790345
2.321856
0.709636
-0.873463
-2.546310
-4.017012
-5.281482
-6.423678
-7.465567
-8.587837
-9.815352
-11.184897
-12.551716
-13.964346
-15.254021
-16.631569
-17.929418
-19.242082
-20.389897
-21.281753
-21.967207
-22.715671
-23.458345
-24.099350
-24.745464
-25.608540
-26.220083
-26.654516
-27.302163
-27.713946
-27.693510
-27.535643
-27.084691
-26.631015
-26.306255
-25.889022
-25.322097
-24.498871
-23.876769
-23.058823
-22.470270
-21.885463
-21.096468
-20.120144
-18.987485
-17.653533
-16.698837
-15.693562
-14.451061
-12.941531
-11.744159
-10.680812
-9.509155
-8.519207
-7.440533
-6.042719
-4.581043
-2.888100
-1.593999
-0.588553
0.633342
1.920291
3.118004
4.209791
5.354541
6.275347
7.262230
8.112533
8.880922
9.662424
10.240248
10.525840
10.832037
11.459419
12.080840
12.866940
13.512203
14.089516
14.714343
15.137366
15.529564
15.923466
16.343934
16.684873
16.930103
17.385994
17.941509
18.592903
19.252811
19.740207
20.028353
20.576715
20.925999
21.389723
22.029366
22.386653
22.497518
22.366898
22.457327
22.250414
22.011825
21.443537
20.773411
20.282779
19.783122
19.297940
19.013371
18.548284
17.967054
17.397404
16.773599
16.268832
15.744822
15.083211
14.102289
13.192041
12.377841
11.432511
10.495186

