-13.816357
-12.904406
-12.051378
-11.173657
-10.520050
-10.066884
-9.624107
-9.144034
-8.497238
-7.483108
-6.268365
-4.853521
-3.580196
-2.637591
-1.699414
-0.802960
0.127724
1.032523
1.989262
2.783026
3.284557
4.040173
4.736355
5.221878
5.920785
6.686108
7.452965
8.196831
9.350266
10.418722
11.450393
12.314660
13.022763
13.814824
14.933177
16.215529
17.515591
18.811907
19.798790
20.537376
21.212442
21.824156
22.522041
22.896017
22.903511
22.872346
22.810357
22.584541
22.328241
22.017445
21.428721
20.968063
20.697117
20.447459
20.431621
20.349537
19.982372
19.257409
18.549987
17.757927
16.946963
16.024794
15.015432
14.002153
12.999773
11.916671
10.921104
9.984800
8.993489
7.792541
6.871394
6.037440
5.097049
4.045452
2.806868
1.451629
0.108310
-1.051256
-2.175399
-3.076962
-3.974267
-4.851477
-5.676917
-6.494352
-7.235493
-8.084433
-9.103162
-10.176556
-11.170592
-12.056657
-12.675013
-13.441699
-14.195102
-15.065159
-16.022921
-16.634294
-17.217227
-17.915794
-18.564974
-19.340004
-20.243100
-20.769324
-21.187408
-21.349362
-21.498033
-21.853788
-22.111450
-22.000585
-21.817173
-21.336760
-20.723173
-20.186560
-19.883599
-19.403526
-18.782956
-18.279382
-17.744984
-17.512015
-17.338140
-17.147745
-16.767808
-16.174316
-15.254021
-14.315162
-13.436249
-12.678930
-11.848382
-11.192390
-10.623080
-10.155099
-9.650503
-8.722714
-7.491963
-6.044933
-4.533529
-3.174714
-2.157177
-1.096385
-0.087193
0.938518
2.047675
2.933570
3.640481
4.245724
5.000830
5.650520
6.220000
6.829841
7.434062
8.191211
9.214708
10.172810
11.171273
12.133292
12.908152
13.474396
14.386688
15.526840
16.736984
17.973185
19.018650
19.897223
20.572969
21.228450
21.756717
22.360597
22.549970
22.440297
22.383758
22.227083
21.991559
21.662542
21.231856
20.740373
20.332677
20.073141
19.916977
19.902331
19.782952
19.296067
18.702235
18.006904
17.241750
16.481025
15.562262
14.599902
13.586964
12.724059
11.799335
10.849237
10.003533
9.037767
7.969141
7.061618
6.178617
5.185945
4.073722
2.657856
1.251357
0.020095
-1.194307
-2.215590
-3.134353
-4.058395
-5.081381
-6.043400
-6.969827
-7.727657
-8.688484
-9.738718
-10.961805
-11.946474
-12.689488
-13.474396
-14.230524
-15.128681
-16.200883
-16.935893
-17.532451
-18.097333
-19.056116
-19.816671
-20.355667
-20.954439
-21.414076
-21.617242
-21.686724
-21.980149
-22.255353
-22.310359
-21.983726
-21.568537
-20.954609
-20.358562
-19.831147
-19.480842
-18.744639
-18.181120
-17.670904
-17.372881
-17.127310
-16.972508
-16.535691
-16.158819
-15.378169
-14.496361
-13.592924
-12.718269
-11.852298
-11.133126
-10.618312
-10.095324
-9.643521
-9.014436
-7.988725
-6.650346
-5.158527
-3.769057
-2.697536
-1.642193
-0.663144
0.306708
1.346554
2.385718
3.249475
3.791366
4.469837
5.160911
5.787611
6.415503
7.103171
7.829496
8.686440
9.705339
10.644708
11.770896
12.595313
13.253689
13.953618
14.937946
16.187600
17.407962
18.603121
19.467558
20.311390
21.020515
21.375588
21.866219
22.393635
22.546394
22.213289
22.048099
21.935531
21.906921
21.471977
20.930256
20.431791
20.229476
20.028353
20.012515
19.997869
19.623041
19.054753
18.338646
17.586436
16.867944
16.059024
15.063626
14.076233
13.210433
12.318236
11.352812
10.491269
9.411744
8.416346
7.447175
6.546804
5.621569
4.632473
3.307547
1.844338
0.440563
-0.667061
-1.730408
-2.710649
-3.667729
-4.698379
-5.535228
-6.598064
-7.502862
-8.412089
-9.527206
-10.792528
-11.885166
-12.613365
-13.474226
-14.282806
-15.189477
-16.119650
-17.111812
-17.647743
-18.256732
-18.945251
-19.535678
-20.181792
-20.904371
-21.427870
-21.759953
-21.759272
-21.901471
-22.178377
-22.292307
-21.977936
-21.726915
-21.206992
-20.423276
-19.882747
-19.341707
-18.862656
-18.176011
-17.646040
-17.051186
-16.752992
-16.666991
-16.285351
-15.873228
-15.357733
-14.493295
-13.550520
-12.738705
-11.894873
-11.181831
-10.615076
-10.100433
-9.677410
-9.272950
-8.436782
-7.086311
-5.572353
-4.246746
-2.983809
-2.062321
-1.180513
-0.215939
0.731434
1.736539
2.641678
3.246580
3.824915
4.622255
5.382810
6.100110
6.757975
7.420778
8.192403
9.268352
10.359117
11.442219
12.465545
13.209581
13.875621
14.781100
16.003507
17.317193
18.436568
19.456489
20.216874
20.939623
21.611963
22.111961
22.503138
22.522041
22.486619
22.426673
22.252968
22.001777
21.646363
21.100555
20.581654
20.509447
20.374230
20.219769
19.903524
19.627299
19.189801
18.843072
18.035855
17.002480
16.243628
15.368121
14.408997
13.443061
12.681995
11.661393
10.695968
9.755748
8.780786
7.759844
6.893703
5.985669
4.996061
3.955364
2.533027
1.020432
-0.233310
-1.386404
-2.332415
-3.176757
-4.198040
-5.209276
-6.062303
-6.978852
-7.850613
-8.870534
-10.040658
-11.284351
-12.342249
-13.098546
-13.798816
-14.642477
-15.683855
-16.772747
-17.498561
-18.009629
-18.700532
-19.300495
-19.956316
-20.781926
-21.371331
-21.701370
-21.991559
-21.927527
-22.204093
-22.537197
-22.407089
-21.941321
-21.494457
-20.895175
-20.254680
-19.766263
-19.220965
-18.605505
-17.984935
-17.361471
-17.047950
-16.881909
-16.694069
-16.138213
-15.642813
-14.927898
-14.067377
-13.187102
-12.209415
-11.425870
-10.802576
-10.307346
-9.866953
-9.442908
-8.738211
-7.576261
-6.297827
-4.821164
-3.503050
-2.473082
-1.477855
-0.568628
0.299045
1.317433
2.366134
3.228358
3.847054
4.534721
5.203996
5.824225
6.535053
7.183892
7.896423
8.765629
9.780441
10.711466
11.668546
12.590034
13.332197
14.050177
14.994655
16.273941
17.609426
18.747875
19.677537
20.359755
21.045038
21.601404
22.072111
22.508417
22.591352
22.480999
22.279876
22.125074
21.881035
21.380527
20.862988
20.379509
20.192351
20.007406
19.963980
19.924811
19.564799
18.921580
18.314123
17.459903
16.677550
15.880551
14.841727
13.794899
13.057334
12.190172
11.276688
10.302067
9.305818
8.240427
7.384845
6.572349
5.584615
4.584789
3.351143
1.811811
0.374317
-0.753232
-1.777070
-2.697195
-3.734486
-4.741124
-5.546979
-6.425381
-7.406133
-8.409875
-9.406975
-10.569096
-11.686087
-12.518849
-13.239043
-14.002323
-14.950207
-15.985285
-16.855512
-17.428568
-18.108913
-18.788406
-19.538743
-20.096643
-20.747696
-21.376440
-21.817854
-21.900790
-21.933487
-22.229467
-22.365706
-22.003140
-21.649088
-21.146536
-20.514727
-19.898244
-19.394670
-18.855504
-18.306460
-17.773254
-17.144339
-16.802209
-16.811746
-16.593252
-16.033649
-15.490566
-14.698676
-13.801030
-12.906449
-12.163264
-11.454991
-10.849578
-10.237694
-9.800707
-9.390286
-8.625644
-7.407836
-5.999293
-4.516329
-3.349270
-2.393552
-1.472746
-0.548874
0.423023
1.551764
2.486535
3.167221
3.717286
4.486697
5.229030
5.889790
6.539822
7.198368
8.189678
9.014436
10.016816
10.994162
11.988197
13.064998
13.632945
14.538765
15.718256
17.059871
18.332856
19.369807
20.226751
20.973001
21.603618
22.076198
22.551843
22.873197
22.861276
22.751434
22.485937
22.181783
21.797078
21.401303
20.712273
20.286696
20.180089
20.037719
19.911187
19.691331
19.249746
18.593924
17.861639
17.001969
16.159671
15.238353
14.281273
13.274636
12.395723
11.501823
10.674511
9.691545
8.652551
7.690872
6.899493
6.009681
5.187648
4.215751
2.924374
1.373972
0.159059
-1.139641
-2.191748
-2.857617
-3.874983
-4.816736
-5.649669
-6.495203
-7.446323
-8.397443
-9.474754
-10.662930
-11.755228
-12.614727
-13.375112
-14.126982
-15.098538
-16.240733
-17.173461
-17.661878
-18.327406
-18.995489
-19.734928
-20.437922
-21.215337
-21.683999
-22.074836
-22.064277
-22.272212
-22.593396
-22.583348
-22.166286
-21.779367
-21.257060
-20.586593
-20.140409
-19.566672
-18.894843
-18.264396
-17.635482
-17.106874
-16.871350
-16.788244
-16.397067
-15.740905
-15.059028
-14.148440
-13.325725
-12.347017
-11.459078
-10.727133
-10.258470
-9.777376
-9.346689
-8.807353
-7.863215
-6.595169
-5.223921
-3.855739
-2.854041
-1.988411
-0.978538
-0.072207
0.739098
1.814706
2.702985
3.419774
3.933566
4.610675
5.222900
5.943945
6.593466
7.320813
8.112192
9.154081
10.156461
11.221170
12.108598
12.935570
13.649804
14.534167
15.670572
17.047439
18.388203
19.391094
20.180600
20.892790
21.548952
21.993603
22.521870
22.724356
22.646870
22.585222
22.287028
22.058998
21.770341
21.242074
20.725727
20.399434
20.238672
20.148243
20.014048
19.742080
19.190652
18.564463
17.771380
16.922440
16.153029
15.195608
14.122725
13.149466
12.367453
11.437450
10.559389
9.540490
8.536237
7.543734
6.878376
5.838701
4.910742
3.863743
2.552952
1.042741
-0.156164
-1.311472
-2.251182
-3.119026
-4.059417
-5.052430
-5.896262
-6.704841
-7.743325
-8.620875
-9.640285
-10.750123
-11.800868
-12.637036
-13.384649
-14.202595
-15.244143
-16.271217
-17.085927
-17.591715
-18.315315
-19.042151
-19.735609
-20.354986
-21.080800
-21.653857
-21.901982
-21.911349
-22.017445
-22.416455
-22.340672
-21.972827
-21.648407
-21.121161
-20.501614
-20.022563
-19.584554
-18.986974
-18.377985
-17.765420
-17.237323
-17.113345
-16.946282
-16.527687
-15.989712
-15.161548
-14.310053
-13.439144
-12.503862
-11.625120
-10.950054
-10.419062
-9.890114
-9.508984
-8.859634
-7.863896
-6.542036
-5.079678
-3.716435
-2.666201
-1.762765
-0.862394
0.123637
1.030479
2.102682
2.956050
3.544944
4.076787
4.876001
5.528757
6.187473
6.796973
7.426739
8.294412
9.366785
10.293722
11.285884
12.269020
12.937444
13.628347
14.665978
15.793698
17.123733
18.379007
19.287212
20.101411
20.827055
21.411351
21.963290
22.424289
22.654022
22.630351
22.486278
22.200687
21.979639
21.519661
21.118607
20.630360
20.358562
20.233904
20.127467
20.005022
19.693715
19.224371
18.577235
17.787048
16.960417
16.175168
15.176875
14.184373
13.152191
12.174845
11.308364
10.470663
9.475776
8.465052
7.557358
6.754398
5.685432
4.773821
3.824234
2.370732
0.848259
-0.360182
-1.495736
-2.364942
-3.243855
-4.240274
-5.197866
-6.070818
-6.808043
-7.842609
-8.738552
-9.919575
-11.066198
-12.002332
-12.837648
-13.571467
-14.298303
-15.407460
-16.454799
-17.201049
-17.688785
-18.388203
-19.253492
-19.858905
-20.627635
-21.382911
-21.896703
-22.109406
-22.085224
-22.400107
-22.768804
-22.645678
-22.294521
-21.903685
-21.399430
-20.726068
-20.232541
-19.618273
-18.974372
-18.368278
-17.743792
-17.242772
-17.051697
-16.862324
-16.368287
-15.851940
-15.045575
-14.211791
-13.303246
-12.256759
-11.415652
-10.716745
-10.227816
-9.724072
-9.267671
-8.627347
-7.513080
-6.113734
-4.625320
-3.224952
-2.130611
-1.271793
-0.189202
0.626019
1.503570
2.558061
3.394570
3.974608
4.472562
5.224262
5.788122
6.466252
6.998096
7.639783
8.584772
9.583575
10.531460
11.575733
12.327773
12.988193
13.704811
14.625447
15.888555
17.234598
18.410853
19.240379
20.030226
20.719256
21.278518
21.849019

