-22.971289
-22.342205
-21.481684
-20.485265
-19.422770
-18.206324
-17.061744
-16.030073
-14.659166
-13.224057
-12.088844
-10.823182
-9.676388
-8.509329
-7.302420
-5.890812
-4.182543
-2.569982
-1.345873
-0.036444
1.328332
2.734150
3.901039
5.107096
6.119694
7.014445
7.845845
8.596012
9.434734
10.253191
10.605540
10.752337
11.148282
11.697156
12.297119
13.003349
13.711282
14.201403
14.617273
15.029907
15.549660
15.967573
16.398260
16.535350
16.675506
17.199687
17.717736
18.431459
18.980503
19.427708
19.838640
20.225729
20.714317
21.306276
21.919864
22.295543
22.355829
22.442511
22.425652
22.277832
21.981512
21.533455
20.907777
20.438433
19.893817
19.424983
19.105162
18.751621
18.093927
17.469440
17.000096
16.371012
15.738351
15.029907
14.080150
13.175862
12.311254
11.303765
10.245528
9.063823
7.717950
6.029946
4.602671
3.231594
1.791716
0.139986
-1.699924
-3.568956
-4.996232
-6.164994
-7.221358
-8.220843
-9.420088
-10.890620
-12.263741
-13.562100
-14.886686
-16.143492
-17.500094
-18.930946
-19.966875
-20.793506
-21.622522
-22.158623
-22.810527
-23.524421
-24.167299
-24.858543
-25.453908
-25.952544
-26.440961
-26.904004
-27.098315
-27.001585
-26.758228
-26.413883
-26.128462
-25.706632
-25.218214
-24.699484
-24.102926
-23.321765
-22.619963
-22.078753
-21.456991
-20.630871
-19.593239
-18.508605
-17.469781
-16.500439
-15.647071
-14.205660
-12.982403
-11.707544
-10.811942
-9.711640
-8.570296
-7.483789
-5.938326
-4.152400
-2.704178
-1.602343
-0.263282
1.090424
2.414669
3.606762
4.724605
5.774328
6.620884
7.611002
8.478335
9.278740
10.073866
10.470322
10.901008
11.428084
12.126820
12.887376
13.640949
14.396736
15.077932
15.634639
16.060557
16.524451
16.923291
17.273426
17.402513
17.719950
18.136331
18.714326
19.328083
19.851242
20.198652
20.496845
20.823819
21.195923
21.760804
22.159134
22.396701
22.357702
22.290264
22.074665
21.851063
21.461759
20.970447
20.343406
19.839491
19.287893
18.904890
18.623727
18.174819
17.524958
16.986983
16.325542
15.879699
15.422106
14.669895
13.769184
13.002668
12.180635
11.107581
10.105712
8.769206
7.346017
5.898816
4.407338
2.931867
1.444646
-0.313350
-2.118008
-3.755093
-5.075080
-6.212337
-7.240091
-8.381435
-9.750809
-11.091743
-12.518849
-13.909170
-15.298980
-16.691685
-18.186229
-19.534997
-20.456144
-21.383762
-22.021191
-22.731509
-23.513862
-24.248021
-24.969748
-25.676659
-26.375226
-26.959862
-27.454240
-27.787345
-27.780533
-27.590820
-27.211223
-26.781900
-26.367903
-25.876760
-25.216852
-24.592876
-23.944037
-22.991214
-22.312914
-21.698475
-20.960569
-20.086765
-19.037383
-17.921243
-16.850063
-15.896899
-14.638049
-13.348545
-12.161732
-11.204481
-10.074377
-9.057522
-7.931675
-6.530966
-4.968473
-3.352336
-2.015659
-0.897305
0.392028
1.687833
2.928632
4.185949
5.189862
6.055321
6.963355
7.875817
8.677585
9.591920
10.250807
10.619504
10.952609
11.646748
12.455838
13.399635
14.043195
14.703103
15.231371
15.689645
16.196626
16.801017
17.282452
17.504522
17.772743
18.123218
18.723011
19.390242
20.029885
20.522049
20.828417
21.194049
21.619967
22.007227
22.451026
22.666965
22.532088
22.498880
22.395509
22.071770
21.756377
21.238157
20.503487
19.857543
19.368955
18.809182
18.420730
17.939636
17.436913
16.854491
16.336611
15.782629
15.198503
14.605352
13.772079
12.915134
12.088503
11.135169
10.193246
9.109463
7.773467
6.457738
5.105564
3.624644
2.154452
0.535250
-1.201800
-2.915348
-4.299198
-5.610670
-6.668397
-7.694449
-8.933714
-10.370186
-11.736836
-13.194254
-14.581510
-15.868119
-17.266444
-18.692698
-19.970281
-21.009105
-21.827391
-22.450175
-23.179906
-24.034466
-24.776288
-25.538036
-26.380505
-26.845251
-27.493238
-27.925968
-28.073617
-28.038876
-27.722801
-27.195386
-26.689257
-26.293993
-25.770494
-25.058644
-24.221114
-23.453747
-22.609915
-21.830116
-21.224192
-20.218917
-19.192185
-18.008436
-16.853809
-15.906606
-14.907973
-13.486828
-12.206691
-11.042356
-10.127340
-9.056670
-8.024318
-6.767171
-5.373955
-3.809929
-2.328328
-1.316411
-0.214236
1.156330
2.440214
3.589732
4.539490
5.414486
6.336144
7.247755
8.079324
8.793218
9.493487
9.980202
10.316202
10.892493
11.475427
12.300696
13.188805
13.802903
14.398268
15.058347
15.485457
16.039099
16.564982
17.037732
17.321280
17.553057
18.066849
18.773249
19.556625
20.161867
20.561729
20.991053
21.493094
22.039243
22.500243
22.675480
22.933824
22.810527
23.033278
22.822959
22.370304
21.942173
21.359069
20.616565
20.049129
19.480331
19.041130
18.489191
17.950535
17.279216
16.617264
15.931981
15.257427
14.747892
14.033147
13.042348
12.170417
11.384487
10.480370
9.411063
8.150509
6.730556
5.406312
4.046474
2.654961
1.170806
-0.471217
-2.226489
-3.772804
-4.982437
-6.056683
-6.991455
-8.177757
-9.519373
-10.842766
-12.176207
-13.698850
-15.001467
-16.311918
-17.770358
-19.057649
-20.173618
-21.057980
-21.745307
-22.450004
-23.319381
-24.060352
-24.813243
-25.572947
-26.293312
-26.908432
-27.500732
-27.839797
-27.894803
-27.822256
-27.448450
-27.051142
-26.610068
-26.249886
-25.591169
-24.860416
-24.247340
-23.532425
-22.778000
-22.096464
-21.266937
-20.233733
-19.149440
-17.835583
-16.795397
-15.857560
-14.543704
-13.035025
-11.983769
-10.757957
-9.624958
-8.498941
-7.265466
-5.922999
-4.439184
-2.814531
-1.574925
-0.532355
0.691754
2.075604
3.327472
4.450934
5.324909
6.121397
6.921121
7.741792
8.503369
9.292024
9.858779
10.246379
10.502168
11.071648
11.793716
12.724740
13.500452
14.046941
14.579977
15.157972
15.673637
16.239882
16.820942
17.099721
17.393657
17.829623
18.477780
19.211088
19.979136
20.428044
20.720618
21.195752
21.668162
22.146702
22.600719
22.877455
22.899934
22.943701
22.783961
22.542817
22.219419
21.661690
20.982538
20.476920
19.909995
19.498382
18.894332
18.359423
17.672266
17.093590
16.446454
15.807663
15.242440
14.502491
13.589348
12.797458
11.949028
10.997568
9.981564
8.736679
7.467100
6.129401
4.778590
3.329175
1.815557
0.261920
-1.360859
-3.074237
-4.412617
-5.509172
-6.430319
-7.440533
-8.665834
-9.968451
-11.302403
-12.626989
-14.009646
-15.174832
-16.540630
-17.921073
-19.150121
-20.154885
-20.891769
-21.569559
-22.282600
-23.216350
-23.959535
-24.689266
-25.492055
-26.102407
-26.748010
-27.248178
-27.529853
-27.556079
-27.271850
-26.891061
-26.604959
-26.325158
-25.866372
-25.330612
-24.684838
-23.864167
-23.321595
-22.550310
-21.735941
-20.861796
-19.904205
-18.722841
-17.539944
-16.518150
-15.497889
-14.005389
-12.698855
-11.415992
-10.373252
-9.343624
-8.126838
-6.800720
-5.342109
-3.772974
-2.276046
-1.031501
0.247615
1.625163
3.088713
4.202127
5.071844
5.971364
6.865944
7.824557
8.489404
9.208236
9.833063
10.469130
10.732242
11.081355
11.712653
12.424162
13.255051
13.870852
14.269352
14.835766
15.308005
15.748399
16.212293
16.610282
17.039946
17.342908
17.672266
18.263374
19.028527
19.665105
19.958360
20.446607
20.884105
21.448135
22.054911
22.442000
22.693021
22.780555
22.745814
22.484405
22.314106
21.892956
21.436044
20.754167
20.131384
19.647564
19.089154
18.599544
17.974206
17.419372
16.919204
16.328267
15.715872
15.033994
14.214175
13.196128
12.302058
11.333397
10.402543
9.464877
8.219310
6.791353
5.320311
3.873280
2.331223
0.675406
-1.037632
-2.710138
-4.300049
-5.542210
-6.588357
-7.530110
-8.672816
-10.141305
-11.493989
-12.741089
-14.097520
-15.364034
-16.575200
-17.956666
-19.104140
-20.224878
-21.041461
-21.722998
-22.349698
-23.127965
-23.926156
-24.520840
-25.315455
-26.065963
-26.682786
-27.207817
-27.487789
-27.584859
-27.416434
-27.096272
-26.566131
-26.224170
-25.924444
-25.336572
-24.685178
-24.006537
-23.291792
-22.618089
-22.016082
-21.059002
-20.140920
-19.072975
-17.917667
-16.808340
-15.887874
-14.600413
-13.196639
-12.012890
-10.893856
-9.905951
-8.753708
-7.502692
-6.019729
-4.498107
-2.902916
-1.657861
-0.322887
0.967639
2.334118
3.647804
4.907676
5.877529
6.658861
7.539817
8.452960
9.311608
9.997743
10.562113
10.832208
11.218105
11.689663
12.402024
13.313123
14.014925
14.572654
15.079805
15.568904
16.078608
16.565493
16.923973
17.133440
17.407281
17.786877
18.297604
18.896716
19.584894
20.003148
20.296063
20.714487
21.210228
21.781751
22.249562
22.543328
22.662367
22.739002
22.514207
22.240707
21.901131
21.388871
20.755019
20.196097
19.770350
19.322634
18.811056
18.250942
17.632076
17.165797
16.529560
16.024283
15.419551
14.689820
13.864892
13.039793
12.006419
11.113882
10.004895
8.756263
7.333245
5.941391
4.567248
3.041540
1.400879
-0.316926
-1.997948
-3.647975
-5.103690
-6.243672
-7.227489
-8.213350
-9.505238
-10.938134
-12.235812
-13.659171
-15.006236
-16.308171
-17.717055
-18.995149
-20.157950
-21.045208
-21.857364
-22.411687
-22.997005
-23.793152
-24.476903
-25.167636
-25.812217
-26.411670
-26.957478
-27.362449
-27.453559
-27.417796
-27.213948
-26.696069
-26.209865
-25.905541
-25.390387
-24.795362
-24.102245
-23.350545
-22.727762
-22.052867
-21.361453
-20.392282
-19.316844
-18.167155
-17.070430
-16.154221
-15.031781
-13.623067
-12.407984
-11.229345
-10.129213
-9.203127
-8.012397
-6.614583
-5.149501
-3.506456
-2.193451
-0.998293
0.284910
1.704863
3.029449
4.268544
5.406141
6.199735
7.007463
7.969652
8.793558
9.543215
10.164125
10.607243
10.898965
11.392491
11.964525
12.763398
13.571296
14.327935
14.814649
15.299491
15.832015
16.367776
16.856875
17.148427
17.432656
17.809357
18.209900
18.674135
19.417831
19.931964
20.217555
20.534992
20.997524
21.417652
21.982534
22.284814
22.374732
22.418499
22.372348
22.071600
21.749224
21.346297
20.846299
20.255872
19.722155
19.272736
18.937417
18.437079
17.821789
17.290626
16.758953
16.181810
15.591553
15.044042
14.126812
13.179268
12.304442
11.305809
10.328633
9.285041
7.912602
6.494692
5.160570
3.738063
2.219166
0.654459
-1.048020
-2.776725
-4.215070
-5.493164
-6.547485
-7.529088
-8.706536
-10.215214
-11.678764
-13.094289
-14.437607
-15.757595
-17.127480
-18.424136
-19.693034
-20.734583
-21.615880
-22.224018
-22.909812
-23.617744
-24.377448
-25.018454
-25.733539
-26.339974
-26.963098
-27.522700
-27.741534
-27.587754
-27.477060
-27.154854
-26.613474
-26.128122
-25.741373
-25.121655
-24.381365
-23.575340
-22.912025
-22.227253
-21.486793
-20.588807
-19.650289
-18.587283
-17.468589
-16.519683
-15.592234
-14.351266
-13.046776
-11.891297
-10.638578
-9.611845
-8.613893
-7.196154
-5.702291
-4.054138
-2.388103
-0.928640
0.581741
2.261400
3.941911
5.515984
7.184914
8.492129
9.545769
10.483265
11.459419
12.279408
12.998070
13.372217
13.696636
14.203617
14.817544
15.562262
16.578095
17.331157
17.734766
17.968927
18.168518
18.094267
17.922095
17.231533
16.101258

