4.201787
4.948207
5.537612
5.955356
6.231751
6.010873
5.551406
5.093472
4.700252
4.253728
3.764118
3.059081
2.433572
1.972573
1.702309
1.395770
1.245737
1.468829
1.840762
2.312320
2.919436
3.882476
4.798855
5.670786
6.519386
7.657664
8.972883
10.485479
12.058531
13.561930
14.637538
15.668699
16.744477
17.545223
18.393142
18.965687
19.412211
19.684008
20.122187
20.349026
20.324162
20.127637
19.874062
19.681283
19.727605
19.896882
20.140409
20.461253
20.460401
20.219939
19.866909
19.378322
18.963814
18.340179
17.356021
16.432660
15.486138
14.406272
13.190167
12.263911
10.940177
9.542704
8.064679
6.599426
5.104201
3.732443
2.056020
0.315223
-1.295805
-2.575942
-3.810780
-4.805156
-5.592789
-6.431341
-7.137230
-7.709605
-8.114917
-8.401019
-8.809907
-9.373597
-9.795768
-9.997913
-10.121209
-10.363204
-10.736840
-11.344807
-11.805126
-12.109109
-12.544734
-13.183185
-13.920920
-14.843089
-15.885830
-16.652857
-17.290626
-18.022912
-18.785851
-19.855840
-20.730666
-21.235432
-21.668162
-22.028514
-22.243432
-22.522552
-22.867067
-23.063932
-22.973674
-22.919348
-22.810357
-22.950513
-23.063932
-22.986106
-22.646018
-22.114004
-21.226917
-20.057814
-18.954277
-17.804418
-16.622543
-15.357733
-14.126471
-12.870516
-11.708226
-10.101455
-8.103166
-5.983455
-3.814016
-1.640490
-0.015327
1.563345
2.970185
4.197700
5.817413
7.187639
8.129222
8.841923
9.504727
10.028907
10.497400
10.863202
11.318241
11.760678
12.260165
12.704475
13.145379
13.577597
13.622386
13.634988
13.936588
14.566183
15.262365
16.108411
16.822304
17.352445
17.881393
18.374579
18.935374
19.417490
19.771882
19.971303
20.130702
20.267623
20.509447
20.584209
20.552703
20.418167
20.499229
20.748036
21.223000
21.684510
21.942343
22.027322
21.758250
21.320752
20.858390
20.327057
19.535848
18.576384
17.519508
16.506229
15.237672
14.003345
12.797628
11.274644
9.636368
8.091927
6.456035
4.773821
2.938168
0.979049
-1.273155
-3.304992
-5.136388
-6.898471
-8.352143
-9.703125
-10.945456
-12.099232
-13.109616
-14.075722
-14.805964
-15.580824
-16.302041
-16.749586
-16.922610
-17.103297
-17.202411
-17.321110
-17.339672
-17.386675
-17.047950
-16.695942
-16.518661
-16.233580
-16.203948
-16.279731
-16.097682
-15.975748
-15.584230
-15.520368
-15.560559
-15.533311
-15.365737
-15.100241
-14.917850
-14.755726
-14.941522
-15.090023
-15.208551
-15.311582
-15.398605
-15.733583
-16.292163
-16.997542
-17.531770
-17.902340
-17.974377
-17.765250
-17.446961
-17.209734
-16.863516
-16.349895
-15.946967
-15.449865
-15.077932
-14.463833
-13.364724
-11.883974
-10.179792
-8.285386
-6.459951
-4.969835
-3.413984
-1.786947
-0.170299
1.460995
2.974953
4.280295
5.535058
6.910903
8.050374
9.170430
10.317905
11.332716
12.451921
13.562611
14.641626
15.625954
16.426529
16.890253
17.246178
17.845971
18.502474
19.068207
19.669192
20.083700
20.316158
20.466191
20.540953
20.457506
20.437070
20.072630
19.501107
18.906593
18.593754
17.983232
17.499072
16.969442
16.399963
16.079290
16.061408
16.069753
16.469785
16.680104
16.723871
16.614028
16.471148
16.399281
16.330821
16.145195
15.742608
15.337808
15.140261
14.717238
14.390775
14.118978
13.412067
12.598038
11.850425
10.923828
9.997572
8.824042
7.233109
5.480903
3.869534
2.240964
0.605583
-0.983988
-2.548524
-4.214900
-5.956377
-7.576772
-9.230886
-10.804789
-12.624093
-14.308350
-15.785524
-17.203603
-18.442699
-19.662721
-20.834208
-21.914584
-22.737469
-23.091350
-23.631198
-23.741041
-24.197783
-24.682283
-24.886131
-24.572441
-24.104970
-23.465327
-22.907938
-22.339651
-21.403347
-20.239183
-19.063098
-17.788070
-16.508102
-15.483754
-14.535529
-13.605527
-12.664284
-11.903729
-11.525324
-11.443921
-11.477811
-11.391129
-11.346000
-11.024305
-10.698353
-10.421787
-10.274649
-10.165657
-10.250126
-10.489055
-10.619504
-10.894537
-10.984625
-10.594300
-9.974071
-9.097201
-8.276701
-7.422481
-6.721531
-5.965573
-5.089555
-4.038640
-2.902235
-1.807213
-0.876699
0.262431
1.537289
2.775703
4.186801
5.560092
7.124969
8.783170
10.496719
12.128523
13.833046
15.322651
16.529730
17.823321
19.374064
20.869289
22.450686
23.720605
24.660826
25.407416
25.913545
26.260614
26.394640
26.310001
25.789908
25.005851
24.233035
23.326193
22.339991
21.127122
19.691331
18.326044
17.225742
16.385828
15.753848
15.227965
14.478649
13.619491
12.782642
11.982237
11.362348
10.676554
9.670087
8.937631
8.578300
8.481060
8.066893
7.756097
7.440022
7.153068
7.067238
6.955521
6.745032
6.432363
6.022113
5.265304
4.438332
3.811121
3.132139
2.416372
1.789161
1.055513
0.162295
-0.876699
-1.970700
-3.171478
-4.567759
-6.179128
-7.698706
-9.163277
-10.651861
-12.245008
-13.978141
-15.714339
-17.547948
-18.834557
-20.346812
-21.766765
-23.050989
-24.399076
-25.703226
-26.694196
-27.360916
-27.584178
-27.875900
-28.233869
-28.057439
-27.537005
-26.696750
-25.711741
-24.498190
-23.352078
-22.293329
-21.014214
-19.730159
-18.337114
-16.963652
-16.051190
-15.174832
-14.315503
-13.277360
-12.044396
-10.643176
-9.328638
-8.118153
-6.990262
-6.175893
-5.412783
-4.997424
-4.682541
-4.511901
-4.076617
-3.174373
-2.280474
-1.552786
-1.022645
-0.699759
-0.421149
-0.159230
0.108140
0.435114
0.720365
0.767197
0.873974
1.107965
1.426595
1.680851
2.206734
2.729722
3.604208
4.801410
5.875826
7.062469
8.293901
9.373086
10.534355
12.122393
13.835260
15.864883
17.769507
19.388029
20.897729
22.246497
23.459877
24.469580
25.487798
26.205267
26.635272
26.894808
26.930060
26.868922
26.476894
25.779179
24.971451
24.365016
23.846456
23.358720
22.801501
22.008078
20.901816
19.567524
17.934527
16.333376
14.914274
13.355698
11.761018
10.145562
8.747748
7.398810
6.031479
4.779611
3.630093
2.501011
1.628910
0.748805
0.010388
-0.765153
-1.854556
-2.933400
-3.689357
-4.253387
-4.540682
-4.727840
-5.001170
-5.229371
-5.275692
-5.533525
-5.864075
-6.127017
-6.632294
-7.242135
-7.669926
-8.021763
-8.488042
-9.279081
-10.269880
-11.453629
-12.303591
-13.045583
-14.143671
-15.291146
-16.477108
-17.805099
-19.111122
-20.256553
-21.027497
-21.700348
-22.807121
-23.722138
-24.117742
-24.289915
-24.365868
-24.298089
-24.203743
-24.123362
-23.948295
-23.517609
-23.097822
-22.446428
-21.980149
-21.658966
-21.248034
-20.482370
-19.513880
-18.258776
-16.687938
-15.162059
-13.592924
-12.089355
-10.730880
-9.579659
-8.377688
-7.183211
-5.897454
-4.257304
-2.539328
-0.697204
0.846045
2.022471
3.060784
4.102162
4.838364
5.662782
6.526368
7.007292
7.142339
7.339546
7.503033
7.562467
7.710457
7.789986
7.912261
8.364746
8.785043
9.185927
9.618487
9.928261
10.124275
10.480370
11.363029
12.398958
13.698169
14.680794
15.446288
16.348873
17.243113
17.992428
18.823487
19.732203
20.249571
20.839657
21.264723
21.635805
22.108385
22.230319
22.189958
22.296565
22.731168
23.087093
23.512670
23.643460
23.544516
23.039409
22.407259
21.622011
20.713295
19.624744
18.416473
17.064640
15.863861
14.508452
13.007947
11.615583
10.088342
8.404085
6.990773
5.382981
3.782170
2.086844
0.252553
-1.702990
-3.517355
-5.048684
-6.418058
-7.449729
-8.629050
-9.634495
-10.372060
-11.121546
-11.746713
-12.519189
-13.168369
-13.762202
-14.276164
-14.500618
-14.689480
-14.953784
-15.327420
-15.866756
-16.107900
-16.007253
-16.126633
-16.332524
-16.471829
-16.835587
-17.339161
-17.571960
-17.751115
-17.708710
-17.867088
-18.161876
-18.301351
-18.213136
-18.053736
-17.849207
-17.705985
-17.729827
-17.843928
-17.845631
-17.956836
-17.899275
-17.924309
-18.364872
-18.802030
-18.958535
-18.977267
-18.570934
-18.072980
-17.474719
-16.805615
-16.071456
-15.330144
-14.702082
-13.992786
-13.224397
-12.355873
-11.060238
-9.382623
-7.522617
-5.567925
-3.917558
-2.401386
-0.906501
0.736884
2.131803
3.589903
4.926579
5.956888
7.008484
8.058207
8.985315
9.840386
10.591234
11.361326
12.209415
13.192722
14.047452
14.720644
15.240737
15.647411
16.038929
16.150304
16.856023
17.824854
18.492767
19.017288
19.115210
19.451039
19.544022
19.676856
19.634451
19.192185
18.888882
18.753495
18.351078
18.200704
17.929929
17.566000
17.182146
17.085586
17.188958
17.463650
17.866407
17.962456
17.954963
17.792668
17.477615
17.154557
16.902174
16.507592
15.902519
15.419722
14.894690
14.385496
13.828448
13.097014
12.132781
11.326585
10.329996
9.235314
8.109297
6.772450
5.124467
3.200088
1.552956
-0.142711
-1.540525
-2.862726
-4.380771
-5.812645
-7.057701
-8.426394
-9.769882
-11.234454
-12.698344
-14.257090
-15.252999
-16.049828
-16.973189
-18.103123
-19.122873
-20.223004
-20.856517
-20.999568
-21.226917
-21.641084
-22.083691
-22.517783
-22.621666
-22.430079
-22.342375
-21.830457
-21.653175
-21.405901
-20.766939
-19.933496
-19.097328
-18.134117
-17.303910
-16.688960
-15.994310
-15.254872
-14.735631
-14.188119
-13.929946
-13.957364
-14.004196
-13.876642
-13.710260
-13.328280
-12.878180
-12.496710
-12.043204
-11.698689
-11.600597
-11.486326
-11.504378
-11.238882
-10.880402
-10.097367
-9.019205
-7.779939
-6.595169
-5.666699
-4.765476
-3.677947
-2.749477
-1.632316
-0.396797
0.742674
1.698051
2.755267
3.811291
4.936627
6.157671
7.359300
8.508478
9.892327
11.400495
12.774808
14.025995
15.187945
15.904733
16.946793
17.941339
19.318376
20.721470
21.813597
22.574663
23.107529
23.734570
24.028846
24.322612
24.245637
23.784467
23.377453
22.752285
22.004672
21.447795
20.600046
19.586086
18.521718
17.914261
17.487662
17.231022
16.822815
16.180958
15.528543
14.790978
13.967412
13.349056
12.595994
11.750800
10.993821
10.288613
9.797130
9.398971
8.877345
8.346524
7.676908
7.344314
6.957054
6.296805
5.621740
4.826614
3.717286
2.627884
1.674891
0.871420
0.122445
-0.777245
-1.663651
-2.661262
-3.537621
-4.582575
-5.750316
-7.052251
-8.441039
-9.821313
-10.965381
-12.204477
-13.376474
-14.715024
-16.157116
-17.628670
-18.474204
-19.546407
-20.577567
-21.512849
-22.590160
-23.475885
-24.079595
-24.653843
-24.892092
-24.925981
-25.154012
-25.161845
-24.727242
-24.063076
-23.190124
-22.214651
-21.398067
-20.541804
-19.653525
-18.688270
-17.782961
-16.849552
-16.073670
-15.570607
-14.990738
-14.294216
-13.416495
-12.319769
-11.379038
-10.490077
-9.506089
-8.706365
-8.122410
-7.665328
-7.354191
-6.973914
-6.437813
-5.534376
-4.442419
-3.422499
-2.526385
-1.974957
-1.517364
-0.864608
-0.326974
0.365802
0.843661
1.303639
1.800571
2.241986
2.757141
3.441402
4.054138
4.860674
5.681174
6.953818
8.126668
9.324721
10.447672
11.387553
12.390954
13.640268
15.062775
16.631399
18.227782
19.553900
20.694562
21.690811
22.656236
23.476907
24.212599
24.599348
24.871145
24.933815
24.730137
24.409464
24.100201
23.549795
22.946596

