1.158544
1.860516
2.410242
2.821343
3.220184
3.149169
2.776214
2.340930
1.905475
1.303468
0.695842
-0.002725
-0.440053
-0.518220
-0.263963
-0.064543
0.041894
0.219686
0.228541
0.172513
0.270775
0.839063
1.485177
2.214057
2.841949
3.701108
4.546813
5.574397
6.695815
7.878031
8.924518
10.259662
11.903388
13.357571
14.864206
16.027689
17.045055
17.843076
18.933501
19.932815
20.683834
21.222319
21.490370
21.577052
21.611452
21.629504
21.577392
21.650961
21.612133
21.530560
21.571772
21.713972
21.951028
21.901301
21.363837
20.669358
19.813435
18.755027
17.493112
16.443729
14.953273
13.335773
11.568921
9.829487
8.131095
6.564345
4.825251
3.054312
1.364776
-0.091791
-1.659223
-3.183058
-4.585981
-6.097044
-7.355043
-8.327791
-8.888926
-9.173155
-9.438310
-9.737866
-9.919235
-9.888581
-9.881769
-9.999105
-10.315180
-10.851281
-11.214699
-11.343445
-11.489562
-11.771066
-12.133632
-12.876987
-13.694423
-14.380727
-15.137366
-16.011851
-16.990389
-18.338646
-19.545044
-20.357030
-21.014043
-21.520853
-21.882398
-22.290434
-22.710902
-22.905213
-22.731509
-22.523063
-22.146532
-21.973678
-21.803209
-21.639381
-21.386317
-21.190303
-20.878315
-20.359073
-19.947290
-19.336087
-18.475907
-17.353467
-16.162395
-14.994996
-14.102459
-12.946129
-11.423486
-9.689842
-7.785388
-5.648988
-3.836836
-2.064875
-0.565222
0.602518
2.030645
3.150702
3.934247
4.718304
5.751678
6.885188
7.976975
8.771760
9.277037
9.447336
9.438651
9.480715
9.677240
10.117463
10.368824
10.628189
11.130742
11.762891
12.409346
13.090713
13.680799
14.277697
14.983416
15.698842
16.481195
17.230511
17.854656
18.433162
19.041130
19.859757
20.773070
21.465676
21.861110
21.899257
21.907091
21.822963
21.843740
21.841867
21.778515
21.738155
21.598339
21.554061
21.650451
21.750416
21.480662
20.920038
20.114865
19.322804
18.264566
17.210075
16.188451
14.708212
13.047797
11.354344
9.549856
7.751499
5.930151
4.110166
2.072368
0.193971
-1.635722
-3.639119
-5.559070
-7.525682
-9.379387
-11.008297
-12.291500
-13.335432
-14.033318
-14.705828
-15.324695
-15.769516
-16.005380
-16.278539
-16.462973
-16.646215
-16.719103
-16.766446
-16.390256
-16.007594
-15.644005
-15.267134
-15.286718
-15.297106
-15.067714
-14.976944
-14.850753
-15.011685
-15.446288
-15.894175
-16.134466
-16.092062
-15.958888
-15.704972
-15.720640
-15.610967
-15.421595
-15.199866
-14.933688
-14.883791
-15.053749
-15.450205
-15.795401
-16.199010
-16.465528
-16.710588
-16.932828
-17.262357
-17.406430
-17.221485
-16.919374
-16.509295
-16.245161
-15.979665
-15.400137
-14.461109
-13.339860
-11.946644
-10.442563
-9.116956
-7.635185
-6.039313
-4.505260
-3.023148
-1.703671
-0.521796
0.770433
2.418075
3.971713
5.575929
7.081202
8.180482
9.124620
9.870018
10.610989
11.325904
12.114899
12.681484
13.253859
14.179945
15.118463
15.930108
16.687257
17.269169
17.726932
18.144505
18.501622
18.780402
19.160850
19.326551
19.308158
19.382068
19.765071
19.824335
19.889389
19.702230
19.262007
18.843753
18.519674
18.099717
17.966373
17.773083
17.583881
17.456327
17.548289
17.852783
18.235786
18.408298
18.204451
17.924138
17.750944
17.337629
16.997371
16.714845
15.929937
14.966045
13.998236
12.887205
11.846168
10.682344
9.228843
7.683379
6.213529
4.608461
2.798864
0.891004
-1.100813
-3.124986
-5.096708
-6.770066
-8.249964
-9.571484
-11.084761
-12.465715
-13.713496
-14.997040
-16.125100
-17.331839
-18.553393
-19.730330
-20.595789
-21.013703
-21.472658
-21.608046
-21.961927
-22.310870
-22.584200
-22.427695
-22.248200
-22.049972
-22.045033
-22.106852
-21.862984
-21.308490
-20.643813
-19.694737
-18.635648
-17.746517
-16.785179
-15.686410
-14.430795
-13.181993
-12.197324
-11.571816
-11.172465
-10.899646
-10.914803
-10.884149
-11.026178
-11.223725
-11.477811
-11.551891
-11.606046
-11.683021
-11.692899
-11.991603
-12.266806
-12.197835
-11.916501
-11.350598
-10.685410
-9.834255
-9.102310
-8.388247
-7.638420
-6.804466
-5.970512
-5.188329
-4.418918
-3.211669
-1.723766
-0.173364
1.473257
2.836330
4.085984
5.263601
6.413119
7.556166
9.009498
10.441371
11.674506
13.021742
14.566864
16.035863
17.618111
18.904039
19.997358
21.047933
21.967036
22.728784
23.367064
23.826701
23.955788
23.912191
24.007729
24.009943
23.904869
23.392779
22.384099
21.224022
20.056793
19.012519
17.994642
17.148597
16.198158
15.380893
14.770712
14.392819
14.202084
13.899803
13.106380
12.466226
12.102808
11.989900
11.562960
11.260169
10.844469
10.318075
9.846858
9.315695
8.754049
8.197853
7.710457
7.034029
6.307704
5.644049
4.713195
3.557546
2.356257
1.071521
-0.214236
-1.348257
-2.323389
-3.166028
-4.202979
-5.417040
-6.625312
-7.885013
-9.220668
-10.661057
-12.257610
-13.892480
-15.511342
-16.628504
-17.881734
-19.084045
-20.096983
-21.294526
-22.524255
-23.455960
-24.224690
-24.809156
-25.474514
-26.361942
-26.830265
-26.973997
-26.744434
-26.236432
-25.381190
-24.486610
-23.641416
-22.417137
-21.033117
-19.380876
-17.633608
-16.271727
-15.001638
-13.919558
-12.986319
-12.070622
-11.269535
-10.668721
-10.097708
-9.448869
-8.787768
-7.940360
-7.303272
-6.911073
-6.824391
-6.560598
-5.952460
-5.335808
-4.723753
-4.090241
-3.564358
-3.145422
-2.814361
-2.618006
-2.495561
-2.495221
-2.534219
-2.325603
-1.731600
-0.904288
-0.147138
0.604732
1.004934
1.467296
2.086503
2.632311
3.491640
4.606417
5.681174
6.817750
8.229698
9.711470
11.511700
13.217756
14.873402
16.673122
18.505369
20.168849
21.531922
22.855827
23.835557
24.557965
25.320905
26.087591
26.883568
27.326856
27.263846
26.724339
26.114668
25.331804
24.433647
23.465157
22.494793
21.477427
20.479645
19.433158
18.540621
17.755542
16.610112
15.293700
13.830832
12.545415
11.339528
10.110140
8.949041
7.731744
6.397792
5.151204
3.893886
2.867154
1.959630
0.943627
-0.019414
-0.797340
-1.589911
-2.338205
-3.253562
-4.301752
-5.195652
-5.661079
-6.048850
-6.261553
-6.327288
-6.598745
-7.042374
-7.390635
-7.750307
-8.216245
-8.981568
-9.903056
-10.913270
-11.546271
-12.050186
-12.823003
-13.643503
-14.719282
-15.887192
-17.050845
-18.068211
-18.957513
-19.836255
-21.250929
-22.625412
-23.522207
-24.169002
-24.524076
-24.576528
-24.601391
-24.503469
-24.206127
-23.660149
-23.016248
-21.999053
-21.141427
-20.404884
-19.747189
-18.939461
-18.230847
-17.506225
-16.671930
-15.934195
-14.978477
-13.905764
-12.706518
-11.567559
-10.425534
-9.471689
-8.576768
-7.427079
-6.184578
-4.707064
-3.238065
-1.934256
-0.715937
0.421831
1.158033
1.841954
2.418586
2.715247
2.871411
3.373793
4.098415
4.810776
5.448886
5.682366
5.615950
5.646263
5.608967
5.706038
6.060941
6.505081
6.860324
7.286072
8.143187
9.069613
10.249785
11.191538
12.181997
13.508456
14.787061
15.929426
17.119135
18.320935
19.115380
20.103114
21.119969
22.131205
23.287875
23.920706
24.097647
24.134602
24.256366
24.127279
24.045195
23.800986
23.607356
23.229974
23.017441
22.798947
22.437402
21.868604
20.988839
19.795554
18.693209
17.460585
16.127995
14.862674
13.386181
11.624268
10.023287
8.208752
6.470510
4.732609
3.048352
1.323904
-0.314542
-1.844679
-3.421647
-4.926239
-6.751503
-8.374453
-9.608098
-10.570628
-11.211804
-11.854853
-12.304272
-12.691872
-13.098036
-13.273954
-13.465200
-13.735635
-14.131239
-14.694248
-14.932837
-14.788934
-14.857905
-14.978818
-15.077421
-15.364545
-15.816689
-16.120161
-16.363689
-16.577414
-17.094782
-17.879350
-18.577746
-19.004686
-19.213302
-19.147566
-19.048793
-19.016436
-18.984761
-18.761158
-18.581322
-18.094267
-17.682144
-17.598867
-17.657791
-17.608064
-17.670734
-17.573663
-17.578091
-17.537900
-17.432656
-17.032283
-16.448157
-15.822649
-15.105520
-14.439481
-13.899122
-13.080324
-11.894192
-10.505404
-8.865935
-7.335629
-5.820819
-4.348244
-2.802781
-1.579693
-0.413145
0.599963
1.468488
2.564022
3.918069
5.302940
6.607090
7.614749
8.305311
8.827107
9.334598
9.775162
10.201590
10.723386
11.271238
11.847360
12.144872
12.976101
14.033999
14.783995
15.439647
15.891790
16.676698
17.245838
17.879520
18.337114
18.414770
18.645866
19.124406
19.423791
19.985267
20.341873
20.394496
20.171915
19.944055
19.703422
19.500596
19.414255
19.226755
19.123214
19.121851
19.203935
19.377300
19.540446
19.436223
18.928732
18.398421
17.803737
17.278024
16.730513
15.985455
14.942544
13.939823
12.698003
11.323861
10.004554
8.641481
7.091931
5.378042
3.866809
2.131803
0.494719
-1.302276
-3.379413
-5.266326
-6.808383
-8.196660
-9.321826
-10.459593
-11.552232
-12.761184
-13.543367
-14.245340
-15.139920
-16.270024
-17.312935
-18.393312
-18.958194
-18.967220
-19.023078
-19.351414
-19.703933
-20.111118
-20.302194
-20.383086
-20.417145
-20.282098
-20.599025
-20.967041
-20.961932
-20.722662
-20.303556
-19.572462
-18.926007
-18.305268
-17.485789
-16.588484
-15.820946
-14.916829
-14.164788
-13.774974
-13.516460
-13.272251
-13.233594
-13.218267
-13.307503
-13.479846
-13.427053
-13.292687
-13.187272
-12.936592
-12.838159
-12.677056
-12.564659
-12.181827
-11.482239
-10.550363
-9.498937
-8.481400
-7.434232
-6.302936
-5.418062
-4.510539
-3.619875
-2.806698
-1.979726
-0.809942
0.548363
2.115965
3.632988
4.891838
5.734478
6.610325
7.532494
8.476632
9.516307
10.680982
11.508124
12.622390
13.653551
14.996188
16.307490
17.335074
18.166474
18.921409
19.889729
20.632233
21.395854
21.847827
21.990538
22.241388
22.381204
22.464820
22.671563
22.466012
21.838290
20.904882
20.215171
19.498212
18.834216
18.108232
17.340183
16.751971
16.344956
16.025134
15.899624
15.672105
15.131746
14.521054
13.881581
13.434887
13.045583
12.505054
11.884315
11.024645
10.357755
9.647948
8.694955
7.843460
7.011890
6.004061
4.990612
3.968307
2.899851
1.680510
0.164168
-1.301425
-2.722740
-3.811632
-4.822527
-5.761555
-6.789310
-7.858106
-8.972883
-9.950740
-11.050361
-12.147256
-13.372558
-14.711448
-16.020707
-16.726085
-17.543180
-18.306800
-19.051347
-19.963128
-20.737307
-21.435193
-22.083351
-22.449493
-22.864512
-23.573807
-24.163553
-24.343388
-24.230480
-23.696252
-22.909301
-22.232192
-21.375758
-20.380872
-19.266605
-18.091372
-16.850403
-15.734775
-14.983416
-14.308010
-13.711452
-13.121367
-12.569257
-12.232917
-11.961801
-11.397770
-10.851792
-10.291168
-9.774821
-9.476457
-9.280784
-8.996555
-8.451428
-7.678441
-6.865944
-5.996227
-5.342109
-4.806689
-4.107101
-3.606762
-3.100804
-2.846037
-2.473422
-1.873119
-1.145772
-0.137942
1.035077
1.951626
2.724103
3.226825
4.012925
4.714046
5.589042
6.590571
7.541520
8.601802
9.859800
11.259488
12.785878
14.329808
15.689645
17.041990
18.361807
19.624404
20.779882
21.806955
22.542988
23.222991
23.903847
24.430582
24.877957
25.300469
25.284801
24.896690

