24.126087
23.436035
22.713116
22.021021
21.309853
20.473514
19.757577
19.123384
18.540280
17.961604
17.291648
16.330821
15.241419
14.241593
13.161216
12.283666
11.397600
10.234628
8.961814
7.944959
6.808213
5.614247
4.612889
3.627879
2.478191
1.456567
0.409910
-0.575951
-1.638787
-2.952303
-4.342794
-5.268029
-5.964381
-6.435769
-6.961993
-7.609470
-8.279255
-8.919580
-9.541512
-10.287932
-10.964530
-12.055465
-13.229677
-14.220646
-14.625958
-15.244314
-15.986306
-16.721828
-17.631905
-18.498046
-19.203084
-19.923108
-20.591872
-21.392959
-22.388186
-23.118598
-23.527656
-23.715666
-23.436887
-23.163387
-22.880861
-22.421564
-21.673952
-20.876271
-19.885642
-18.938439
-18.184866
-17.454965
-16.867944
-16.358580
-15.749420
-15.106542
-14.661380
-14.152357
-13.288260
-12.459414
-11.729172
-10.934898
-10.212149
-9.550367
-8.803095
-7.755245
-6.575414
-5.386387
-4.177264
-3.177098
-2.389295
-1.599278
-0.900371
-0.188351
0.274011
0.730583
1.436131
2.238410
3.188508
4.106760
4.794768
5.124467
5.421468
5.820819
6.323883
6.902388
7.532154
8.071831
8.757114
9.658166
10.700737
11.976106
13.243811
14.382941
15.479497
16.704798
17.824514
18.832002
19.679410
20.407949
21.026475
21.849530
22.611618
23.281574
23.762499
23.830618
23.593051
23.260798
22.851569
22.441319
22.135121
21.610090
21.022729
20.760127
20.540782
20.060880
19.588981
18.907445
17.842395
16.922099
15.962294
14.990057
14.010668
12.914794
11.617626
10.306495
8.986848
7.576261
6.174530
4.858119
3.402574
2.127034
0.881808
-0.471728
-1.866136
-3.334114
-4.962853
-6.295783
-7.351126
-8.199556
-8.734976
-9.367636
-10.023969
-10.690008
-11.185067
-11.869328
-12.419224
-13.091564
-13.928584
-14.824186
-15.217406
-15.454463
-15.827928
-16.225406
-16.804593
-17.434699
-18.052374
-18.523080
-18.907785
-19.380025
-20.157439
-20.874398
-21.360091
-21.616220
-21.565812
-21.142108
-20.928213
-20.682641
-20.141942
-19.522735
-18.880197
-18.149614
-17.432996
-17.028196
-16.722509
-16.437939
-16.166312
-15.815837
-15.516622
-15.397753
-14.989035
-14.425346
-13.731718
-13.062954
-12.457030
-11.938981
-11.320625
-10.460615
-9.322848
-8.093459
-6.857940
-5.609308
-4.495553
-3.341266
-2.271618
-1.241650
-0.494889
0.152928
0.927448
1.994201
3.078835
4.249300
5.392517
6.125995
6.517342
7.089887
7.708243
8.315870
8.908851
9.484802
10.077442
10.898454
11.816365
12.902873
14.014755
14.965364
15.920912
16.840185
17.713819
18.605164
19.353969
19.945587
20.340170
20.759106
21.431787
21.825177
22.249733
22.396701
22.155728
21.797929
21.354471
20.915440
20.501103
20.229476
19.774437
19.374234
19.221646
19.063609
18.821614
18.528870
17.900808
17.098699
16.313451
15.563624
14.869486
14.100245
13.134990
12.001140
10.834251
9.693248
8.584602
7.350445
5.970853
4.600627
3.318105
1.901218
0.465938
-1.030990
-2.711160
-4.419088
-5.865267
-6.980555
-7.784026
-8.684397
-9.509836
-10.464362
-11.293207
-11.901345
-12.673821
-13.496365
-14.384644
-15.482051
-16.405582
-16.780581
-17.079456
-17.501456
-18.060889
-18.691165
-19.246851
-19.648927
-20.010812
-20.372016
-20.846128
-21.545717
-21.764551
-21.985088
-21.808488
-21.362645
-20.835740
-20.376614
-19.808156
-18.963133
-18.089158
-17.268147
-16.487496
-15.901157
-15.469449
-15.040636
-14.797619
-14.514072
-14.215878
-14.007432
-13.804947
-13.347694
-12.817042
-12.346166
-12.004716
-11.702265
-11.260509
-10.642154
-9.883131
-8.796113
-7.835116
-6.719146
-5.760193
-4.803794
-3.835814
-2.970355
-2.146959
-1.557895
-1.006126
-0.045129
1.065731
2.248798
3.518036
4.615954
5.298512
5.848919
6.519215
7.317236
8.212158
8.966923
9.806667
10.625124
11.651516
12.899637
14.154911
15.328952
16.389063
17.388378
18.294709
19.372361
20.401478
21.213634
21.674803
22.018296
22.549629
22.973163
23.214817
23.320743
23.167304
22.734744
22.219419
21.632739
21.157265
20.641599
19.988503
19.316162
18.922772
18.709728
18.452747
18.034663
17.375435
16.567196
15.837124
15.058347
14.123065
13.437612
12.552568
11.505570
10.477304
9.397098
8.399316
7.227148
5.982092
4.695313
3.497941
2.361025
1.086848
-0.218834
-1.671825
-3.257138
-4.733290
-5.827291
-6.773302
-7.468803
-8.215564
-9.103673
-9.936435
-10.616779
-11.415652
-12.288094
-13.217245
-14.282124
-15.460764
-16.195944
-16.855342
-17.323664
-17.791646
-18.439463
-19.190652
-19.727264
-20.280736
-20.395688
-20.756551
-21.499736
-22.373199
-22.675480
-22.812060
-22.227934
-21.688427
-21.176849
-20.939793
-20.143645
-19.228118
-18.212114
-17.307145
-16.597850
-16.107048
-15.632766
-15.129702
-14.803920
-14.360803
-14.036213
-13.700383
-13.454642
-12.829644
-12.164286
-11.481217
-11.129720
-10.852984
-10.258300
-9.446314
-8.559738
-7.503033
-6.400517
-5.379404
-4.525185
-3.571510
-2.675397
-1.861198
-1.282522
-0.895432
-0.165701
0.845705
1.902240
2.906493
3.966945
4.709789
5.212682
5.752359
6.366287
7.218974
8.182355
8.971180
9.743997
10.714701
11.889764
13.103996
14.281954
15.471492
16.650302
17.712116
18.634115
19.571611
20.453419
21.103621
21.640744
22.182975
22.774935
23.329258
23.626089
23.586920
23.207154
22.797074
22.185360
21.562236
20.988498
20.437751
19.859416
19.241401
18.857207
18.513032
18.101079
17.533813
16.739709
15.907798
15.188456
14.222179
13.526848
12.692383
11.574881
10.393688
9.238550
8.067404
7.023130
5.909886
4.605225
3.265994
2.151217
0.917401
-0.307901
-1.753909
-3.284386
-4.699400
-5.742652
-6.651708
-7.307529
-7.882118
-8.651870
-9.565864
-10.306324
-10.996887
-11.587484
-12.550184
-13.447148
-14.429092
-15.256235
-15.747207
-16.298635
-16.809532
-17.446961
-18.136161
-18.850906
-19.310202
-19.741910
-20.155736
-21.064963
-21.866901
-22.240026
-22.554227
-22.526128
-22.145680
-21.648407
-21.235943
-20.714998
-19.887515
-19.015074
-18.092564
-17.284495
-16.672271
-16.134977
-15.617950
-15.235458
-14.879363
-14.522927
-14.150483
-13.788768
-13.261863
-12.636355
-11.906794
-11.326756
-11.024816
-10.586296
-9.659699
-8.705854
-7.593632
-6.417206
-5.269051
-4.314865
-3.393548
-2.507653
-1.795973
-1.092979
-0.585829
-0.128235
0.683580
1.790183
2.933059
3.985848
4.859141
5.288976
5.752529
6.192752
6.792034
7.740600
8.537940
9.257964
9.959425
10.938644
12.016467
13.261863
14.384815
15.398264
16.582182
17.659664
18.593073
19.561052
20.392282
20.917824
21.424634
21.988494
22.587776
23.109232
23.350716
23.126432
22.737469
22.373370
21.809850
21.232537
20.722832
20.196097
19.651140
19.250427
19.002301
18.744980
18.307311
17.646551
16.677209
15.900476
15.080145
14.288255
13.365405
12.403045
11.226961
10.241100
8.998598
7.800034
6.660053
5.380426
3.972735
2.677952
1.490627
0.170469
-1.211166
-2.754416
-4.352501
-5.677428
-6.735155
-7.594143
-8.220162
-8.896760
-9.775843
-10.533503
-11.211634
-11.833566
-12.467078
-13.437271
-14.383452
-15.187604
-15.758106
-16.240052
-16.635316
-17.127650
-17.662900
-18.411194
-18.925837
-19.387007
-19.827911
-20.285675
-21.090848
-21.705457
-22.031750
-22.151981
-22.072281
-21.580287
-21.083866
-20.675319
-19.977433
-19.190311
-18.245493
-17.347676
-16.714675
-16.261169
-15.795571
-15.460253
-15.094961
-14.830828
-14.591047
-14.389072
-13.922453
-13.445786
-12.790305
-12.146916
-11.643682
-11.486496
-10.923488
-9.883642
-8.859805
-7.666179
-6.600789
-5.506107
-4.539319
-3.588540
-2.671310
-1.779795
-1.118183
-0.669275
-0.106437
0.894751
2.136741
3.295285
4.390138
5.102668
5.677257
6.259680
6.859813
7.736513
8.569615
9.344135
10.033165
10.906288
12.043544
13.189827
14.434712
15.469790
16.571283
17.644167
18.571445
19.484418
20.336934
20.975726
21.512679
22.012506
22.509268
23.049968
23.355314
23.388352
23.118428
22.578239
22.135973
21.533966
20.991223
20.494291
19.978796
19.446611
19.049134
18.748215
18.489701
17.949683
17.133440
16.222000
15.406949
14.481885
13.617618
12.762547
11.760167
10.549852
9.503194
8.389609
7.208415
6.146942
4.849774
3.495216
2.310276
1.106092
-0.093154
-1.449585
-3.064701
-4.650184
-5.911248
-6.896939
-7.695811
-8.271592
-9.136370
-10.092599
-10.833059
-11.489902
-12.113707
-12.842417
-13.885668
-14.862503
-15.599557
-16.077587
-16.679423
-17.152684
-17.694405
-18.437760
-19.147226
-19.614356
-20.061561
-20.364523
-21.110262
-21.789415
-22.314617
-22.445747
-22.424289
-22.200516
-21.639551
-21.080290
-20.463637
-19.746338
-18.851416
-17.838989
-17.061574
-16.555956
-16.257763
-15.627827
-14.976604
-14.604330
-14.391627
-14.086281
-13.676711
-13.222354
-12.578964
-11.922973
-11.356218
-10.911737
-10.514770
-9.763071
-8.720841
-7.658175
-6.598745
-5.431005
-4.541193
-3.573384
-2.763612
-1.982280
-1.277072
-0.725474
-0.290360
0.413997
1.456738
2.605064
3.691741
4.574401
5.105734
5.512238
6.074905
6.546974
7.471527
8.390461
9.102821
9.781122
10.846683
11.972189
13.204983
14.381920
15.434708
16.616413
17.680100
18.665450
19.654546
20.499229
21.112135
21.640744
22.263016
22.795371
23.415089
23.564952
23.383243
23.115192
22.700344
22.304739
21.787371
21.337100
20.826203
20.292316
19.879001
19.575187
19.273247
18.861634
18.086604
17.101935
16.270876
15.446629
14.590366
13.646909
12.669052
11.510679
10.373422
9.130069
7.876328
6.754228
5.555834
4.173688
2.853019
1.619373
0.381129
-0.970875
-2.536433
-4.132475
-5.469833
-6.569965
-7.558380
-8.171626
-8.746386
-9.555135
-10.429110
-11.021410
-11.699540
-12.338672
-13.207878
-14.189652
-15.109607
-15.527351
-16.083547
-16.583034
-17.054081
-17.617941
-18.289941
-18.964836
-19.473859
-19.886323
-20.272902
-21.146025
-21.788904
-22.124563
-22.250925
-22.181273
-21.837098
-21.289587
-20.875250
-20.349537
-19.634451
-18.819741
-17.898253
-17.242432
-16.789436
-16.338144
-15.834229
-15.439136
-15.085765
-14.871699
-14.597178
-14.139073
-13.625281
-13.025488
-12.323856
-11.745521
-11.405264
-10.902200
-9.873595
-8.753368
-7.521255
-6.395578
-5.317245
-4.242829
-3.198045
-2.298525
-1.463379
-0.702994
-0.156505
0.497614
1.481942
2.604893
3.719160
4.665000
5.327804
5.793912
6.383147
6.951434
7.528918
8.401190
9.176050
9.853499
10.621548
11.694431
12.750285
13.982909
14.997891
15.965189
17.049142
17.988001
18.867765
19.620146
20.297936
20.861455
21.510295
22.010633
22.622858
22.973333
23.028680
22.757053
22.489173
22.079093
21.615369
21.160671
20.676340
20.243611
19.859586
19.543682
19.216027
18.976416
18.532106
17.825535
16.874926
16.166483
15.329463
14.554092
13.577087
12.568576
11.329310
10.301726
9.111507
7.993153
6.800038
5.525351
4.034042
2.609151
1.241480
-0.292403
-1.576798
-3.154448
-4.940374
-6.347384
-7.237366
-8.137396
-8.847032
-9.538446
-10.434219
-11.229004
-11.920418
-12.505906
-13.175181
-14.013222
-15.086787
-15.913418

