-1.952818
-3.319468
-4.482099
-5.513430
-6.623779
-8.090905
-9.590387
-11.243650
-12.866940
-14.479842
-15.986136
-17.575536
-19.109760
-20.469257
-21.742071
-22.673437
-23.418495
-24.349179
-25.330612
-25.995118
-26.825156
-27.705772
-28.385775
-28.899057
-29.358864
-29.436180
-29.298067
-28.830937
-28.183971
-27.640547
-27.165583
-26.358196
-25.449310
-24.397203
-23.418495
-22.596802
-21.737303
-20.703418
-19.529036
-18.264566
-16.754866
-15.591894
-14.550856
-13.372728
-11.706693
-10.394199
-9.285212
-8.275849
-7.333074
-6.281648
-5.015986
-3.686462
-2.335140
-1.079525
-0.112738
0.844683
1.919951
2.951281
4.069975
4.883323
5.587850
6.254571
6.989581
7.562808
8.090053
8.550882
8.794921
9.203468
9.624958
10.179111
11.012895
11.970656
12.646232
13.279063
14.110804
14.845644
15.490225
16.233580
16.976425
17.613343
18.203599
18.893991
19.762686
20.515067
21.229982
21.739006
22.098507
22.629329
23.166452
23.796729
24.116210
24.246488
24.269308
24.013349
23.680755
23.245811
22.626434
21.765573
20.939963
20.225900
19.588130
18.909999
18.106358
17.242602
16.417163
15.627146
14.773607
14.067037
13.325044
12.278557
11.086294
10.142497
9.318079
8.413962
7.367645
6.173338
4.856586
3.658533
2.310446
1.006637
-0.262601
-1.653433
-3.056186
-4.269566
-5.256619
-6.066901
-6.775345
-7.777725
-9.021759
-10.086468
-11.210952
-12.543883
-13.735465
-14.947312
-16.316686
-17.428398
-18.521207
-19.478798
-20.269666
-21.049636
-21.906240
-22.756713
-23.635796
-24.626766
-25.624377
-26.531901
-27.385950
-27.879477
-28.085368
-28.153828
-28.059483
-27.822256
-27.690785
-27.412346
-26.998520
-26.493583
-25.796550
-25.159972
-24.505513
-23.764202
-22.730146
-21.629844
-20.279544
-18.915789
-17.709391
-16.639573
-15.105009
-13.463327
-12.045418
-10.661227
-9.351628
-7.998603
-6.578820
-4.889284
-3.150191
-1.465934
-0.068801
1.260723
2.624818
4.009349
5.314010
6.627015
7.530451
8.269038
9.073360
9.722710
10.195119
10.716915
11.108262
11.260509
11.396578
11.669738
12.094123
12.679441
13.210433
13.422115
13.780253
14.104843
14.537743
14.859438
15.176364
15.470130
15.763555
16.148261
16.805615
17.461606
18.103634
18.700191
19.134453
19.718919
20.443201
21.236624
21.813256
22.338799
22.727932
23.017611
23.030383
22.957155
22.838116
22.384099
21.766254
21.444559
21.163055
20.831312
20.407779
19.775288
19.075189
18.435206
17.664433
16.966547
16.259296
15.341725
14.288425
13.168710
12.032304
10.990415
9.728159
8.281980
6.642853
4.993337
3.480230
1.773494
0.192778
-1.485859
-3.313848
-4.996743
-6.481409
-7.650171
-8.647272
-9.493147
-10.711466
-12.026003
-13.224397
-14.490059
-15.747547
-16.874926
-17.990896
-19.095795
-20.028182
-20.701715
-21.158457
-21.545717
-21.960565
-22.529534
-23.091350
-23.654188
-24.193866
-24.762324
-25.406395
-25.823457
-25.884594
-25.904860
-25.737797
-25.433643
-25.213957
-25.052684
-24.768966
-24.293661
-23.671729
-23.211070
-22.711243
-22.361108
-21.871158
-21.059172
-20.218236
-19.275120
-18.351759
-17.649617
-16.740561
-15.434538
-14.121703
-13.005904
-11.992455
-10.957888
-9.776694
-8.311272
-6.709269
-5.012240
-3.400530
-2.090250
-0.441415
1.042741
2.580881
4.037619
5.324398
6.485837
7.536582
8.657319
9.725775
10.545424
11.345829
12.018340
12.470654
13.093267
13.686419
14.477968
15.222515
15.815156
16.165631
16.616583
17.022235
17.290456
17.446109
17.591715
17.789602
18.013545
18.249410
18.751621
19.075871
19.436734
19.536018
19.695418
19.992249
20.340170
20.706994
20.922763
20.914248
20.979983
20.879166
20.650285
20.436900
20.083019
19.496509
18.992935
18.640416
18.482889
18.403530
18.046583
17.728806
17.271382
16.850914
16.448498
16.059194
15.625613
14.951059
14.197656
13.308014
12.534857
11.618137
10.524307
9.116956
7.521936
6.144047
4.697016
3.095014
1.491138
-0.219686
-2.064024
-3.803628
-5.318608
-6.526198
-7.714203
-9.159020
-10.764258
-12.278897
-13.753176
-15.303918
-16.846657
-18.415792
-19.880874
-21.067858
-22.089311
-23.045540
-23.568869
-24.132218
-24.771179
-25.377614
-25.991883
-26.487112
-27.084351
-27.611767
-27.920689
-27.879477
-27.573109
-27.204582
-26.624373
-26.027645
-25.519984
-24.961063
-24.131026
-23.301840
-22.322961
-21.462781
-20.841871
-20.174810
-19.295216
-18.405574
-17.375265
-16.297613
-15.350921
-14.631748
-13.609784
-12.625456
-11.610644
-10.659865
-9.880407
-9.090390
-7.963862
-6.705012
-5.003044
-3.478697
-2.355916
-1.527241
-0.315223
0.813007
2.323389
3.518207
4.539149
5.191905
6.197861
7.195473
8.136375
8.888415
9.497064
10.064159
10.757617
11.635338
12.541328
13.625111
14.500618
15.233415
15.719107
16.382251
17.071622
17.817361
18.271208
18.651996
19.221987
19.718579
20.239353
20.834718
21.387679
21.749224
21.913222
22.193704
22.590501
22.901978
22.997345
22.782769
22.606509
22.434507
22.018637
21.463633
20.999738
20.277160
19.441162
18.709728
18.028361
17.536708
17.117262
16.485793
15.818562
15.295403
14.807497
14.220646
13.626473
12.953622
12.262378
11.580672
10.783332
10.058710
9.313481
8.294071
7.076093
5.818435
4.563843
3.352676
2.031667
0.638451
-0.873123
-2.189023
-3.509521
-4.633495
-5.597557
-6.671122
-7.950578
-9.425368
-10.843788
-12.317896
-13.836793
-15.372719
-16.938959
-18.476418
-19.706317
-20.950522
-21.812916
-22.586414
-23.490361
-24.419512
-25.327887
-26.230131
-27.036326
-27.877944
-28.686183
-29.251916
-29.269287
-29.141051
-28.720583
-28.326852
-27.911493
-27.438743
-26.726723
-25.990520
-25.057793
-24.017777
-23.149252
-22.364003
-21.366732
-20.221472
-18.811396
-17.615557
-16.371012
-15.215193
-13.907467
-12.401342
-11.075905
-9.773118
-8.710112
-7.616282
-6.497758
-5.094664
-3.555332
-1.974276
-0.923361
0.143221
1.422167
2.511740
3.572873
4.605736
5.526883
6.263767
6.909370
7.660389
8.293050
8.830513
9.229524
9.523290
9.856054
10.346004
10.932343
11.686087
12.476104
13.139588
13.606208
14.156955
14.737163
15.450205
16.052212
16.454288
16.929422
17.664092
18.352440
19.110612
19.855329
20.533970
21.000590
21.519491
22.153854
22.783620
23.400102
23.738146
23.814440
23.810523
23.756538
23.496662
23.111105
22.621666
21.870136
21.194049
20.482540
19.872529
19.507749
18.775463
17.912899
17.020702
16.248737
15.422106
14.741250
13.937950
12.875114
11.922291
10.935068
9.823867
8.831194
7.758481
6.400176
4.972730
3.569296
2.263614
0.839744
-0.594854
-2.211673
-3.752708
-4.966089
-6.100621
-7.036584
-7.901532
-8.907148
-10.139431
-11.397600
-12.588501
-13.768843
-14.961617
-16.145025
-17.456838
-18.419027
-19.300325
-20.044020
-20.760298
-21.417822
-22.204774
-22.782428
-23.620299
-24.426324
-25.176150
-25.969573
-26.718548
-27.119773
-27.211394
-27.190277
-27.018615
-26.813405
-26.645490
-26.300124
-25.845936
-25.308132
-24.605649
-23.989507
-23.541451
-22.901126
-22.070238
-21.005358
-19.739696
-18.677030
-17.658813
-16.469104
-15.074185
-13.716051
-12.350593
-11.080163
-9.782995
-8.667707
-7.196324
-5.623613
-3.887926
-2.179657
-0.838552
0.557218
2.014296
3.404617
4.612207
5.862372
6.991795
7.822173
8.745704
9.501662
10.266815
10.908672
11.213677
11.455842
11.879887
12.316533
12.960775
13.633966
14.174155
14.556135
14.960255
15.216044
15.574353
15.976259
16.284670
16.381400
16.618626
17.245667
17.790794
18.431629
18.905231
19.346986
19.608225
19.996677
20.533630
21.160160
21.634442
21.846124
21.927357
22.037029
22.144658
22.028003
21.856172
21.361453
20.891769
20.494631
20.066329
19.885472
19.569908
19.037042
18.405063
17.809698
17.217909
16.528368
15.929937
15.054771
14.076574
13.117109
12.168033
11.116266
10.005065
8.716754
7.267169
5.665166
4.064185
2.543415
0.892196
-0.792912
-2.470868
-4.215581
-5.620888
-6.855897
-7.957390
-9.068080
-10.293041
-11.740582
-13.167007
-14.513731
-15.693733
-16.967058
-18.264907
-19.447463
-20.362139
-21.185534
-21.814278
-22.280387
-22.746665
-23.393972
-23.890734
-24.456297
-25.115183
-25.599173
-26.191473
-26.615858
-26.600872
-26.383230
-25.963102
-25.528669
-25.253807
-24.959871
-24.492911
-23.907423
-23.283107
-22.468907
-21.976403
-21.560022
-20.882743
-20.049470
-19.107035
-18.039601
-17.189298
-16.366073
-15.348196
-14.086962
-13.047968
-11.968613
-10.937963
-10.053430
-9.061609
-7.653918
-6.155968
-4.489422
-3.186635
-1.862560
-0.535420
0.953334
2.286434
3.439869
4.750150
5.902052
6.931850
7.883481
8.820806
9.791170
10.406971
10.767494
11.055299
11.811767
12.751137
13.557843
14.269182
14.887537
15.464510
15.803235
16.301019
16.794886
17.244986
17.622539
17.858233
18.224716
18.736976
19.173792
19.539254
19.931623
20.065308
20.324332
20.634787
21.096809
21.546228
21.775450
21.718740
21.586588
21.477938
21.278177
21.028178
20.660673
20.082678
19.478968
19.112655
18.540791
18.402508
18.101420
17.578432
16.953434
16.594614
16.115223
15.673297
15.155928
14.387710
13.538429
12.706688
11.884144
10.949033
9.883302
8.660895
7.177251
5.711658
4.183224
2.762250
1.081399
-0.719513
-2.354213
-3.905296
-5.157164
-6.356410
-7.459947
-8.770398
-10.249785
-11.770214
-13.252667
-14.689820
-16.045230
-17.538071
-19.043173
-20.240716
-21.268300
-22.104638
-22.887502
-23.548773
-24.234567
-24.837937
-25.531905
-26.195049
-26.711226
-27.206796
-27.700492
-27.896166
-27.758053
-27.368069
-26.887655
-26.432276
-25.941815
-25.305918
-24.645158
-23.954766
-23.085220
-22.182975
-21.548441
-20.957845
-20.053557
-19.062076
-17.832858
-16.755887
-15.785524
-14.841216
-13.522591
-12.371029
-11.423315
-10.371378
-9.336472
-8.430140
-7.346528
-6.026030
-4.622085
-3.062146
-2.015318
-0.866992
0.420979
1.697029
2.843312
3.968477
5.130768
6.054299
6.897109
7.762909
8.550371
9.425027
9.974071
10.351794
10.804279
11.569602
12.410028
13.298307
14.014585
14.636176
15.319416
15.861647
16.409499
17.060212
17.569917
17.877647
18.227100
18.834897
19.473178
20.187071
20.667825
20.989180
21.282945
21.626438
22.000756
22.383247
22.755180
22.825173
22.745303
22.716693
22.511823
22.176164
21.657433
20.911012
20.153863
19.574676
18.955299
18.319913
17.960582
17.360960
16.671760
16.001293
15.414783
14.724731
14.277015
13.548476
12.691702
11.978831
11.244331
10.353156
9.374448
8.332729
7.049526
5.786078
4.352501
3.118004
1.684427
0.169277
-1.418080
-2.828496
-4.109485
-5.267859
-6.301403
-7.428271
-8.679288
-10.009323
-11.424167
-12.956517
-14.304263
-15.713147
-17.161540
-18.668515
-19.794021
-20.904030
-21.713461
-22.538730
-23.255689
-24.105992
-24.761643
-25.562048
-26.288203
-27.025257
-27.653830
-28.281042
-28.531040
-28.464964
-28.350694
-27.696916
-27.229445
-27.024065
-26.532752
-25.697776
-24.933985
-24.059330
-23.157937
-22.466012
-21.640062
-20.590680
-19.319057
-17.987830
-16.770703
-15.830312
-14.664275

